0.01000000, 0.00000000, -0.01000000, -0.13009284
0.00000000, 0.01000000, -0.01000000, -0.37743720
-0.00125000, 0.01000000, -0.00875000, -0.33580178
-0.00250000, 0.01000000, -0.00750000, -0.17115217
-0.00375000, 0.01000000, -0.00625000, 0.01490771
-0.00500000, 0.01000000, -0.00500000, 0.20216428
-0.00625000, 0.01000000, -0.00375000, 0.36133599
-0.00750000, 0.01000000, -0.00250000, 0.46579590
-0.00875000, 0.01000000, -0.00125000, 0.49240094
-0.01000000, 0.01000000, 0.00000000, 0.34126660
-0.01000000, 0.00875000, 0.00125000, 0.23964258
-0.01000000, 0.00750000, 0.00250000, 0.19875175
-0.01000000, 0.00625000, 0.00375000, 0.17293645
-0.01000000, 0.00500000, 0.00500000, 0.15059707
-0.01000000, 0.00375000, 0.00625000, 0.13389793
-0.01000000, 0.00250000, 0.00750000, 0.11707509
-0.01000000, 0.00125000, 0.00875000, 0.10510688
-0.01000000, 0.00000000, 0.01000000, 0.09476097
0.00000000, -0.01000000, 0.01000000, 0.34126660
0.00125000, -0.01000000, 0.00875000, 0.49240094
0.00250000, -0.01000000, 0.00750000, 0.46579590
0.00375000, -0.01000000, 0.00625000, 0.36133599
0.00500000, -0.01000000, 0.00500000, 0.20216428
0.00625000, -0.01000000, 0.00375000, 0.01490771
0.00750000, -0.01000000, 0.00250000, -0.17115217
0.00875000, -0.01000000, 0.00125000, -0.33580178
0.01000000, -0.01000000, 0.00000000, -0.37743720
0.01000000, -0.00875000, -0.00125000, -0.27743664
0.01000000, -0.00750000, -0.00250000, -0.23627290
0.01000000, -0.00625000, -0.00375000, -0.21126954
0.01000000, -0.00500000, -0.00500000, -0.18778612
0.01000000, -0.00375000, -0.00625000, -0.17115259
0.01000000, -0.00250000, -0.00750000, -0.15311317
0.01000000, -0.00125000, -0.00875000, -0.14114723
0.02000000, 0.00000000, -0.02000000, -0.06149556
0.01750000, 0.00250000, -0.02000000, -0.06638905
0.01500000, 0.00500000, -0.02000000, -0.07261892
0.01250000, 0.00750000, -0.02000000, -0.08035936
0.01000000, 0.01000000, -0.02000000, -0.08844019
0.00750000, 0.01250000, -0.02000000, -0.09908407
0.00500000, 0.01500000, -0.02000000, -0.11110480
0.00250000, 0.01750000, -0.02000000, -0.12913944
0.00000000, 0.02000000, -0.02000000, -0.17253228
-0.00250000, 0.02000000, -0.01750000, -0.14586481
-0.00500000, 0.02000000, -0.01500000, -0.07133015
-0.00750000, 0.02000000, -0.01250000, 0.01386428
-0.01000000, 0.02000000, -0.01000000, 0.09385917
-0.01250000, 0.02000000, -0.00750000, 0.15961537
-0.01500000, 0.02000000, -0.00500000, 0.20347382
-0.01750000, 0.02000000, -0.00250000, 0.20853700
-0.02000000, 0.02000000, 0.00000000, 0.13770641
-0.02000000, 0.01750000, 0.00250000, 0.09349394
-0.02000000, 0.01500000, 0.00500000, 0.07581039
-0.02000000, 0.01250000, 0.00750000, 0.06417447
-0.02000000, 0.01000000, 0.01000000, 0.05454645
-0.02000000, 0.00750000, 0.01250000, 0.04702172
-0.02000000, 0.00500000, 0.01500000, 0.04017530
-0.02000000, 0.00250000, 0.01750000, 0.03454304
-0.02000000, 0.00000000, 0.02000000, 0.03018119
-0.01750000, -0.00250000, 0.02000000, 0.03454304
-0.01500000, -0.00500000, 0.02000000, 0.04017530
-0.01250000, -0.00750000, 0.02000000, 0.04702172
-0.01000000, -0.01000000, 0.02000000, 0.05454645
-0.00750000, -0.01250000, 0.02000000, 0.06417447
-0.00500000, -0.01500000, 0.02000000, 0.07581039
-0.00250000, -0.01750000, 0.02000000, 0.09349394
0.00000000, -0.02000000, 0.02000000, 0.13770641
0.00250000, -0.02000000, 0.01750000, 0.20853700
0.00500000, -0.02000000, 0.01500000, 0.20347382
0.00750000, -0.02000000, 0.01250000, 0.15961537
0.01000000, -0.02000000, 0.01000000, 0.09385917
0.01250000, -0.02000000, 0.00750000, 0.01386428
0.01500000, -0.02000000, 0.00500000, -0.07133015
0.01750000, -0.02000000, 0.00250000, -0.14586481
0.02000000, -0.02000000, 0.00000000, -0.17253228
0.02000000, -0.01750000, -0.00250000, -0.12913944
0.02000000, -0.01500000, -0.00500000, -0.11110480
0.02000000, -0.01250000, -0.00750000, -0.09908407
0.02000000, -0.01000000, -0.01000000, -0.08844019
0.02000000, -0.00750000, -0.01250000, -0.08035936
0.02000000, -0.00500000, -0.01500000, -0.07261892
0.02000000, -0.00250000, -0.01750000, -0.06638905
0.03000000, 0.00000000, -0.03000000, -0.03954878
0.02625000, 0.00375000, -0.03000000, -0.04284411
0.02250000, 0.00750000, -0.03000000, -0.04720088
0.01875000, 0.01125000, -0.03000000, -0.05258838
0.01500000, 0.01500000, -0.03000000, -0.05859183
0.01125000, 0.01875000, -0.03000000, -0.06561449
0.00750000, 0.02250000, -0.03000000, -0.07405328
0.00375000, 0.02625000, -0.03000000, -0.08636434
0.00000000, 0.03000000, -0.03000000, -0.11495619
-0.00375000, 0.03000000, -0.02625000, -0.09593087
-0.00750000, 0.03000000, -0.02250000, -0.04758632
-0.01125000, 0.03000000, -0.01875000, 0.00663677
-0.01500000, 0.03000000, -0.01500000, 0.05740321
-0.01875000, 0.03000000, -0.01125000, 0.09888455
-0.02250000, 0.03000000, -0.00750000, 0.12534429
-0.02625000, 0.03000000, -0.00375000, 0.12700300
-0.03000000, 0.03000000, 0.00000000, 0.08053003
-0.03000000, 0.02625000, 0.00375000, 0.05170171
-0.03000000, 0.02250000, 0.00750000, 0.04004410
-0.03000000, 0.01875000, 0.01125000, 0.03230627
-0.03000000, 0.01500000, 0.01500000, 0.02617411
-0.03000000, 0.01125000, 0.01875000, 0.02112958
-0.03000000, 0.00750000, 0.02250000, 0.01669353
-0.03000000, 0.00375000, 0.02625000, 0.01302358
-0.03000000, 0.00000000, 0.03000000, 0.01019418
-0.02625000, -0.00375000, 0.03000000, 0.01302358
-0.02250000, -0.00750000, 0.03000000, 0.01669353
-0.01875000, -0.01125000, 0.03000000, 0.02112958
-0.01500000, -0.01500000, 0.03000000, 0.02617411
-0.01125000, -0.01875000, 0.03000000, 0.03230627
-0.00750000, -0.02250000, 0.03000000, 0.04004410
-0.00375000, -0.02625000, 0.03000000, 0.05170171
0.00000000, -0.03000000, 0.03000000, 0.08053003
0.00375000, -0.03000000, 0.02625000, 0.12700300
0.00750000, -0.03000000, 0.02250000, 0.12534429
0.01125000, -0.03000000, 0.01875000, 0.09888455
0.01500000, -0.03000000, 0.01500000, 0.05740321
0.01875000, -0.03000000, 0.01125000, 0.00663677
0.02250000, -0.03000000, 0.00750000, -0.04758632
0.02625000, -0.03000000, 0.00375000, -0.09593087
0.03000000, -0.03000000, 0.00000000, -0.11495619
0.03000000, -0.02625000, -0.00375000, -0.08636434
0.03000000, -0.02250000, -0.00750000, -0.07405328
0.03000000, -0.01875000, -0.01125000, -0.06561449
0.03000000, -0.01500000, -0.01500000, -0.05859183
0.03000000, -0.01125000, -0.01875000, -0.05258838
0.03000000, -0.00750000, -0.02250000, -0.04720088
0.03000000, -0.00375000, -0.02625000, -0.04284411
0.04000000, 0.00000000, -0.04000000, -0.02828562
0.03500000, 0.00500000, -0.04000000, -0.03094145
0.03000000, 0.01000000, -0.04000000, -0.03455395
0.02500000, 0.01500000, -0.04000000, -0.03885734
0.02000000, 0.02000000, -0.04000000, -0.04375262
0.01500000, 0.02500000, -0.04000000, -0.04955161
0.01000000, 0.03000000, -0.04000000, -0.05657757
0.00500000, 0.03500000, -0.04000000, -0.06649235
0.00000000, 0.04000000, -0.04000000, -0.08886693
-0.00500000, 0.04000000, -0.03500000, -0.07466918
-0.01000000, 0.04000000, -0.03000000, -0.03855446
-0.01500000, 0.04000000, -0.02500000, 0.00147137
-0.02000000, 0.04000000, -0.02000000, 0.03905049
-0.02500000, 0.04000000, -0.01500000, 0.06962320
-0.03000000, 0.04000000, -0.01000000, 0.08862015
-0.03500000, 0.04000000, -0.00500000, 0.08958115
-0.04000000, 0.04000000, 0.00000000, 0.05434392
-0.04000000, 0.03500000, 0.00500000, 0.03211372
-0.04000000, 0.03000000, 0.01000000, 0.02299615
-0.04000000, 0.02500000, 0.01500000, 0.01695897
-0.04000000, 0.02000000, 0.02000000, 0.01221441
-0.04000000, 0.01500000, 0.02500000, 0.00836085
-0.04000000, 0.01000000, 0.03000000, 0.00501437
-0.04000000, 0.00500000, 0.03500000, 0.00217678
-0.04000000, 0.00000000, 0.04000000, -0.00004656
-0.03500000, -0.00500000, 0.04000000, 0.00217678
-0.03000000, -0.01000000, 0.04000000, 0.00501437
-0.02500000, -0.01500000, 0.04000000, 0.00836085
-0.02000000, -0.02000000, 0.04000000, 0.01221441
-0.01500000, -0.02500000, 0.04000000, 0.01695897
-0.01000000, -0.03000000, 0.04000000, 0.02299615
-0.00500000, -0.03500000, 0.04000000, 0.03211372
0.00000000, -0.04000000, 0.04000000, 0.05434392
0.00500000, -0.04000000, 0.03500000, 0.08958115
0.01000000, -0.04000000, 0.03000000, 0.08862015
0.01500000, -0.04000000, 0.02500000, 0.06962320
0.02000000, -0.04000000, 0.02000000, 0.03905049
0.02500000, -0.04000000, 0.01500000, 0.00147137
0.03000000, -0.04000000, 0.01000000, -0.03855446
0.03500000, -0.04000000, 0.00500000, -0.07466918
0.04000000, -0.04000000, 0.00000000, -0.08886693
0.04000000, -0.03500000, -0.00500000, -0.06649235
0.04000000, -0.03000000, -0.01000000, -0.05657757
0.04000000, -0.02500000, -0.01500000, -0.04955161
0.04000000, -0.02000000, -0.02000000, -0.04375262
0.04000000, -0.01500000, -0.02500000, -0.03885734
0.04000000, -0.01000000, -0.03000000, -0.03455395
0.04000000, -0.00500000, -0.03500000, -0.03094145
0.05000000, 0.00000000, -0.05000000, -0.02112021
0.04375000, 0.00625000, -0.05000000, -0.02340052
0.03750000, 0.01250000, -0.05000000, -0.02657611
0.03125000, 0.01875000, -0.05000000, -0.03036467
0.02500000, 0.02500000, -0.05000000, -0.03473271
0.01875000, 0.03125000, -0.05000000, -0.03986322
0.01250000, 0.03750000, -0.05000000, -0.04611547
0.00625000, 0.04375000, -0.05000000, -0.05485732
0.00000000, 0.05000000, -0.05000000, -0.07403877
-0.00625000, 0.05000000, -0.04375000, -0.06309817
-0.01250000, 0.05000000, -0.03750000, -0.03428189
-0.01875000, 0.05000000, -0.03125000, -0.00222922
-0.02500000, 0.05000000, -0.02500000, 0.02783668
-0.03125000, 0.05000000, -0.01875000, 0.05228439
-0.03750000, 0.05000000, -0.01250000, 0.06743484
-0.04375000, 0.05000000, -0.00625000, 0.06798906
-0.05000000, 0.05000000, 0.00000000, 0.03916737
-0.05000000, 0.04375000, 0.00625000, 0.02040152
-0.05000000, 0.03750000, 0.01250000, 0.01263358
-0.05000000, 0.03125000, 0.01875000, 0.00752437
-0.05000000, 0.02500000, 0.02500000, 0.00355548
-0.05000000, 0.01875000, 0.03125000, 0.00033671
-0.05000000, 0.01250000, 0.03750000, -0.00244323
-0.05000000, 0.00625000, 0.04375000, -0.00482155
-0.05000000, 0.00000000, 0.05000000, -0.00672125
-0.04375000, -0.00625000, 0.05000000, -0.00482155
-0.03750000, -0.01250000, 0.05000000, -0.00244323
-0.03125000, -0.01875000, 0.05000000, 0.00033671
-0.02500000, -0.02500000, 0.05000000, 0.00355548
-0.01875000, -0.03125000, 0.05000000, 0.00752437
-0.01250000, -0.03750000, 0.05000000, 0.01263358
-0.00625000, -0.04375000, 0.05000000, 0.02040152
0.00000000, -0.05000000, 0.05000000, 0.03916737
0.00625000, -0.05000000, 0.04375000, 0.06798906
0.01250000, -0.05000000, 0.03750000, 0.06743484
0.01875000, -0.05000000, 0.03125000, 0.05228439
0.02500000, -0.05000000, 0.02500000, 0.02783668
0.03125000, -0.05000000, 0.01875000, -0.00222922
0.03750000, -0.05000000, 0.01250000, -0.03428189
0.04375000, -0.05000000, 0.00625000, -0.06309817
0.05000000, -0.05000000, 0.00000000, -0.07403877
0.05000000, -0.04375000, -0.00625000, -0.05485732
0.05000000, -0.03750000, -0.01250000, -0.04611547
0.05000000, -0.03125000, -0.01875000, -0.03986322
0.05000000, -0.02500000, -0.02500000, -0.03473271
0.05000000, -0.01875000, -0.03125000, -0.03036467
0.05000000, -0.01250000, -0.03750000, -0.02657611
0.05000000, -0.00625000, -0.04375000, -0.02340052
0.06000000, 0.00000000, -0.06000000, -0.01605007
0.05250000, 0.00750000, -0.06000000, -0.01813385
0.04500000, 0.01500000, -0.06000000, -0.02100198
0.03750000, 0.02250000, -0.06000000, -0.02445053
0.03000000, 0.03000000, -0.06000000, -0.02843375
0.02250000, 0.03750000, -0.06000000, -0.03322291
0.01500000, 0.04500000, -0.06000000, -0.03905444
0.00750000, 0.05250000, -0.06000000, -0.04714007
0.00000000, 0.06000000, -0.06000000, -0.06446961
-0.00750000, 0.06000000, -0.05250000, -0.05612773
-0.01500000, 0.06000000, -0.04500000, -0.03212440
-0.02250000, 0.06000000, -0.03750000, -0.00521263
-0.03000000, 0.06000000, -0.03000000, 0.02021964
-0.03750000, 0.06000000, -0.02250000, 0.04092874
-0.04500000, 0.06000000, -0.01500000, 0.05370392
-0.05250000, 0.06000000, -0.00750000, 0.05407235
-0.06000000, 0.06000000, 0.00000000, 0.02910575
-0.06000000, 0.05250000, 0.00750000, 0.01236941
-0.06000000, 0.04500000, 0.01500000, 0.00539879
-0.06000000, 0.03750000, 0.02250000, 0.00083887
-0.06000000, 0.03000000, 0.03000000, -0.00266419
-0.06000000, 0.02250000, 0.03750000, -0.00544630
-0.06000000, 0.01500000, 0.04500000, -0.00785023
-0.06000000, 0.00750000, 0.05250000, -0.00991953
-0.06000000, 0.00000000, 0.06000000, -0.01165432
-0.05250000, -0.00750000, 0.06000000, -0.00991953
-0.04500000, -0.01500000, 0.06000000, -0.00785023
-0.03750000, -0.02250000, 0.06000000, -0.00544630
-0.03000000, -0.03000000, 0.06000000, -0.00266419
-0.02250000, -0.03750000, 0.06000000, 0.00083887
-0.01500000, -0.04500000, 0.06000000, 0.00539879
-0.00750000, -0.05250000, 0.06000000, 0.01236941
0.00000000, -0.06000000, 0.06000000, 0.02910575
0.00750000, -0.06000000, 0.05250000, 0.05407235
0.01500000, -0.06000000, 0.04500000, 0.05370392
0.02250000, -0.06000000, 0.03750000, 0.04092874
0.03000000, -0.06000000, 0.03000000, 0.02021964
0.03750000, -0.06000000, 0.02250000, -0.00521263
0.04500000, -0.06000000, 0.01500000, -0.03212440
0.05250000, -0.06000000, 0.00750000, -0.05612773
0.06000000, -0.06000000, 0.00000000, -0.06446961
0.06000000, -0.05250000, -0.00750000, -0.04714007
0.06000000, -0.04500000, -0.01500000, -0.03905444
0.06000000, -0.03750000, -0.02250000, -0.03322291
0.06000000, -0.03000000, -0.03000000, -0.02843375
0.06000000, -0.02250000, -0.03750000, -0.02445053
0.06000000, -0.01500000, -0.04500000, -0.02100198
0.06000000, -0.00750000, -0.05250000, -0.01813385
0.07000000, 0.00000000, -0.07000000, -0.01206566
0.06125000, 0.00875000, -0.07000000, -0.01400990
0.05250000, 0.01750000, -0.07000000, -0.01669886
0.04375000, 0.02625000, -0.07000000, -0.01993230
0.03500000, 0.03500000, -0.07000000, -0.02368502
0.02625000, 0.04375000, -0.07000000, -0.02820721
0.01750000, 0.05250000, -0.07000000, -0.03372141
0.00875000, 0.06125000, -0.07000000, -0.04135364
0.00000000, 0.07000000, -0.07000000, -0.05746790
-0.00875000, 0.07000000, -0.06125000, -0.05117564
-0.01750000, 0.07000000, -0.05250000, -0.03065766
-0.02625000, 0.07000000, -0.04375000, -0.00741611
-0.03500000, 0.07000000, -0.03500000, 0.01463285
-0.04375000, 0.07000000, -0.02625000, 0.03263162
-0.05250000, 0.07000000, -0.01750000, 0.04372873
-0.06125000, 0.07000000, -0.00875000, 0.04397548
-0.07000000, 0.07000000, 0.00000000, 0.02157712
-0.07000000, 0.06125000, 0.00875000, 0.00619837
-0.07000000, 0.05250000, 0.01750000, -0.00024561
-0.07000000, 0.04375000, 0.02625000, -0.00440204
-0.07000000, 0.03500000, 0.03500000, -0.00755904
-0.07000000, 0.02625000, 0.04375000, -0.01004691
-0.07000000, 0.01750000, 0.05250000, -0.01219184
-0.07000000, 0.00875000, 0.06125000, -0.01406823
-0.07000000, 0.00000000, 0.07000000, -0.01570191
-0.06125000, -0.00875000, 0.07000000, -0.01406823
-0.05250000, -0.01750000, 0.07000000, -0.01219184
-0.04375000, -0.02625000, 0.07000000, -0.01004691
-0.03500000, -0.03500000, 0.07000000, -0.00755904
-0.02625000, -0.04375000, 0.07000000, -0.00440204
-0.01750000, -0.05250000, 0.07000000, -0.00024561
-0.00875000, -0.06125000, 0.07000000, 0.00619837
0.00000000, -0.07000000, 0.07000000, 0.02157712
0.00875000, -0.07000000, 0.06125000, 0.04397548
0.01750000, -0.07000000, 0.05250000, 0.04372873
0.02625000, -0.07000000, 0.04375000, 0.03263162
0.03500000, -0.07000000, 0.03500000, 0.01463285
0.04375000, -0.07000000, 0.02625000, -0.00741611
0.05250000, -0.07000000, 0.01750000, -0.03065766
0.06125000, -0.07000000, 0.00875000, -0.05117564
0.07000000, -0.07000000, 0.00000000, -0.05746790
0.07000000, -0.06125000, -0.00875000, -0.04135364
0.07000000, -0.05250000, -0.01750000, -0.03372141
0.07000000, -0.04375000, -0.02625000, -0.02820721
0.07000000, -0.03500000, -0.03500000, -0.02368502
0.07000000, -0.02625000, -0.04375000, -0.01993230
0.07000000, -0.01750000, -0.05250000, -0.01669886
0.07000000, -0.00875000, -0.06125000, -0.01400990
0.08000000, 0.00000000, -0.08000000, -0.00878154
0.07000000, 0.01000000, -0.08000000, -0.01062330
0.06000000, 0.02000000, -0.08000000, -0.01318762
0.05000000, 0.03000000, -0.08000000, -0.01626475
0.04000000, 0.04000000, -0.08000000, -0.01986424
0.03000000, 0.05000000, -0.08000000, -0.02416758
0.02000000, 0.06000000, -0.08000000, -0.02944211
0.01000000, 0.07000000, -0.08000000, -0.03675060
0.00000000, 0.08000000, -0.08000000, -0.05202219
-0.01000000, 0.08000000, -0.07000000, -0.04740220
-0.02000000, 0.08000000, -0.06000000, -0.02958315
-0.03000000, 0.08000000, -0.05000000, -0.00912455
-0.04000000, 0.08000000, -0.04000000, 0.01034426
-0.05000000, 0.08000000, -0.03000000, 0.02628138
-0.06000000, 0.08000000, -0.02000000, 0.03610255
-0.07000000, 0.08000000, -0.01000000, 0.03618331
-0.08000000, 0.08000000, 0.00000000, 0.01560587
-0.08000000, 0.07000000, 0.01000000, 0.00114579
-0.08000000, 0.06000000, 0.02000000, -0.00492804
-0.08000000, 0.05000000, 0.03000000, -0.00878155
-0.08000000, 0.04000000, 0.04000000, -0.01166839
-0.08000000, 0.03000000, 0.05000000, -0.01393740
-0.08000000, 0.02000000, 0.06000000, -0.01588612
-0.08000000, 0.01000000, 0.07000000, -0.01762396
-0.08000000, 0.00000000, 0.08000000, -0.01919212
-0.07000000, -0.01000000, 0.08000000, -0.01762396
-0.06000000, -0.02000000, 0.08000000, -0.01588612
-0.05000000, -0.03000000, 0.08000000, -0.01393740
-0.04000000, -0.04000000, 0.08000000, -0.01166839
-0.03000000, -0.05000000, 0.08000000, -0.00878155
-0.02000000, -0.06000000, 0.08000000, -0.00492804
-0.01000000, -0.07000000, 0.08000000, 0.00114579
0.00000000, -0.08000000, 0.08000000, 0.01560587
0.01000000, -0.08000000, 0.07000000, 0.03618331
0.02000000, -0.08000000, 0.06000000, 0.03610255
0.03000000, -0.08000000, 0.05000000, 0.02628138
0.04000000, -0.08000000, 0.04000000, 0.01034426
0.05000000, -0.08000000, 0.03000000, -0.00912455
0.06000000, -0.08000000, 0.02000000, -0.02958315
0.07000000, -0.08000000, 0.01000000, -0.04740220
0.08000000, -0.08000000, 0.00000000, -0.05202219
0.08000000, -0.07000000, -0.01000000, -0.03675060
0.08000000, -0.06000000, -0.02000000, -0.02944211
0.08000000, -0.05000000, -0.03000000, -0.02416758
0.08000000, -0.04000000, -0.04000000, -0.01986424
0.08000000, -0.03000000, -0.05000000, -0.01626475
0.08000000, -0.02000000, -0.06000000, -0.01318762
0.08000000, -0.01000000, -0.07000000, -0.01062330
0.09000000, 0.00000000, -0.09000000, -0.00599837
0.07875000, 0.01125000, -0.09000000, -0.00778022
0.06750000, 0.02250000, -0.09000000, -0.01022870
0.05625000, 0.03375000, -0.09000000, -0.01316642
0.04500000, 0.04500000, -0.09000000, -0.01662217
0.03375000, 0.05625000, -0.09000000, -0.02076516
0.02250000, 0.06750000, -0.09000000, -0.02587041
0.01125000, 0.07875000, -0.09000000, -0.03294782
0.00000000, 0.09000000, -0.09000000, -0.04760799
-0.01125000, 0.09000000, -0.07875000, -0.04444575
-0.02250000, 0.09000000, -0.06750000, -0.02880245
-0.03375000, 0.09000000, -0.05625000, -0.01054393
-0.04500000, 0.09000000, -0.04500000, 0.00695170
-0.05625000, 0.09000000, -0.03375000, 0.02130847
-0.06750000, 0.09000000, -0.02250000, 0.03011059
-0.07875000, 0.09000000, -0.01125000, 0.02997983
-0.09000000, 0.09000000, 0.00000000, 0.01069656
-0.09000000, 0.07875000, 0.01125000, -0.00315448
-0.09000000, 0.06750000, 0.02250000, -0.00896306
-0.09000000, 0.05625000, 0.03375000, -0.01259582
-0.09000000, 0.04500000, 0.04500000, -0.01527535
-0.09000000, 0.03375000, 0.05625000, -0.01735428
-0.09000000, 0.02250000, 0.06750000, -0.01913567
-0.09000000, 0.01125000, 0.07875000, -0.02075017
-0.09000000, 0.00000000, 0.09000000, -0.02227992
-0.07875000, -0.01125000, 0.09000000, -0.02075017
-0.06750000, -0.02250000, 0.09000000, -0.01913567
-0.05625000, -0.03375000, 0.09000000, -0.01735428
-0.04500000, -0.04500000, 0.09000000, -0.01527535
-0.03375000, -0.05625000, 0.09000000, -0.01259582
-0.02250000, -0.06750000, 0.09000000, -0.00896306
-0.01125000, -0.07875000, 0.09000000, -0.00315448
0.00000000, -0.09000000, 0.09000000, 0.01069656
0.01125000, -0.09000000, 0.07875000, 0.02997983
0.02250000, -0.09000000, 0.06750000, 0.03011059
0.03375000, -0.09000000, 0.05625000, 0.02130847
0.04500000, -0.09000000, 0.04500000, 0.00695170
0.05625000, -0.09000000, 0.03375000, -0.01054393
0.06750000, -0.09000000, 0.02250000, -0.02880245
0.07875000, -0.09000000, 0.01125000, -0.04444575
0.09000000, -0.09000000, 0.00000000, -0.04760799
0.09000000, -0.07875000, -0.01125000, -0.03294782
0.09000000, -0.06750000, -0.02250000, -0.02587041
0.09000000, -0.05625000, -0.03375000, -0.02076516
0.09000000, -0.04500000, -0.04500000, -0.01662217
0.09000000, -0.03375000, -0.05625000, -0.01316642
0.09000000, -0.02250000, -0.06750000, -0.01022870
0.09000000, -0.01125000, -0.07875000, -0.00778022
0.10000000, 0.00000000, -0.10000000, -0.00355719
0.08750000, 0.01250000, -0.10000000, -0.00530887
0.07500000, 0.02500000, -0.10000000, -0.00764844
0.06250000, 0.03750000, -0.10000000, -0.01045821
0.05000000, 0.05000000, -0.10000000, -0.01376925
0.03750000, 0.06250000, -0.10000000, -0.01778703
0.02500000, 0.07500000, -0.10000000, -0.02275747
0.01250000, 0.08750000, -0.10000000, -0.02965356
0.00000000, 0.10000000, -0.10000000, -0.04383641
-0.01250000, 0.10000000, -0.08750000, -0.04198160
-0.02500000, 0.10000000, -0.07500000, -0.02815369
-0.03750000, 0.10000000, -0.06250000, -0.01170904
-0.05000000, 0.10000000, -0.05000000, 0.00420055
-0.06250000, 0.10000000, -0.03750000, 0.01727906
-0.07500000, 0.10000000, -0.02500000, 0.02522307
-0.08750000, 0.10000000, -0.01250000, 0.02485678
-0.10000000, 0.10000000, 0.00000000, 0.00649537
-0.10000000, 0.08750000, 0.01250000, -0.00693917
-0.10000000, 0.07500000, 0.02500000, -0.01255349
-0.10000000, 0.06250000, 0.03750000, -0.01601815
-0.10000000, 0.05000000, 0.05000000, -0.01853134
-0.10000000, 0.03750000, 0.06250000, -0.02043750
-0.10000000, 0.02500000, 0.07500000, -0.02206988
-0.10000000, 0.01250000, 0.08750000, -0.02356961
-0.10000000, 0.00000000, 0.10000000, -0.02507485
-0.08750000, -0.01250000, 0.10000000, -0.02356961
-0.07500000, -0.02500000, 0.10000000, -0.02206988
-0.06250000, -0.03750000, 0.10000000, -0.02043750
-0.05000000, -0.05000000, 0.10000000, -0.01853134
-0.03750000, -0.06250000, 0.10000000, -0.01601815
-0.02500000, -0.07500000, 0.10000000, -0.01255349
-0.01250000, -0.08750000, 0.10000000, -0.00693917
0.00000000, -0.10000000, 0.10000000, 0.00649537
0.01250000, -0.10000000, 0.08750000, 0.02485678
0.02500000, -0.10000000, 0.07500000, 0.02522307
0.03750000, -0.10000000, 0.06250000, 0.01727906
0.05000000, -0.10000000, 0.05000000, 0.00420055
0.06250000, -0.10000000, 0.03750000, -0.01170904
0.07500000, -0.10000000, 0.02500000, -0.02815369
0.08750000, -0.10000000, 0.01250000, -0.04198160
0.10000000, -0.10000000, 0.00000000, -0.04383641
0.10000000, -0.08750000, -0.01250000, -0.02965356
0.10000000, -0.07500000, -0.02500000, -0.02275747
0.10000000, -0.06250000, -0.03750000, -0.01778703
0.10000000, -0.05000000, -0.05000000, -0.01376925
0.10000000, -0.03750000, -0.06250000, -0.01045821
0.10000000, -0.02500000, -0.07500000, -0.00764844
0.10000000, -0.01250000, -0.08750000, -0.00530887
0.15000000, 0.00000000, -0.15000000, 0.00600828
0.13125000, 0.01875000, -0.15000000, 0.00440514
0.11250000, 0.03750000, -0.15000000, 0.00244869
0.09375000, 0.05625000, -0.15000000, 0.00013353
0.07500000, 0.07500000, -0.15000000, -0.00260611
0.05625000, 0.09375000, -0.15000000, -0.00597674
0.03750000, 0.11250000, -0.15000000, -0.01025626
0.01875000, 0.13125000, -0.15000000, -0.01635323
0.00000000, 0.15000000, -0.15000000, -0.02890007
-0.01875000, 0.15000000, -0.13125000, -0.03178840
-0.03750000, 0.15000000, -0.11250000, -0.02429903
-0.05625000, 0.15000000, -0.09375000, -0.01418722
-0.07500000, 0.15000000, -0.07500000, -0.00407626
-0.09375000, 0.15000000, -0.05625000, 0.00422209
-0.11250000, 0.15000000, -0.03750000, 0.00886335
-0.13125000, 0.15000000, -0.01875000, 0.00719405
-0.15000000, 0.15000000, 0.00000000, -0.00893485
-0.15000000, 0.13125000, 0.01875000, -0.02150623
-0.15000000, 0.11250000, 0.03750000, -0.02666105
-0.15000000, 0.09375000, 0.05625000, -0.02959892
-0.15000000, 0.07500000, 0.07500000, -0.03149368
-0.15000000, 0.05625000, 0.09375000, -0.03277450
-0.15000000, 0.03750000, 0.11250000, -0.03381144
-0.15000000, 0.01875000, 0.13125000, -0.03481708
-0.15000000, 0.00000000, 0.15000000, -0.03604871
-0.13125000, -0.01875000, 0.15000000, -0.03481708
-0.11250000, -0.03750000, 0.15000000, -0.03381144
-0.09375000, -0.05625000, 0.15000000, -0.03277450
-0.07500000, -0.07500000, 0.15000000, -0.03149368
-0.05625000, -0.09375000, 0.15000000, -0.02959892
-0.03750000, -0.11250000, 0.15000000, -0.02666105
-0.01875000, -0.13125000, 0.15000000, -0.02150623
0.00000000, -0.15000000, 0.15000000, -0.00893485
0.01875000, -0.15000000, 0.13125000, 0.00719405
0.03750000, -0.15000000, 0.11250000, 0.00886335
0.05625000, -0.15000000, 0.09375000, 0.00422209
0.07500000, -0.15000000, 0.07500000, -0.00407626
0.09375000, -0.15000000, 0.05625000, -0.01418722
0.11250000, -0.15000000, 0.03750000, -0.02429903
0.13125000, -0.15000000, 0.01875000, -0.03178840
0.15000000, -0.15000000, 0.00000000, -0.02890007
0.15000000, -0.13125000, -0.01875000, -0.01635323
0.15000000, -0.11250000, -0.03750000, -0.01025626
0.15000000, -0.09375000, -0.05625000, -0.00597674
0.15000000, -0.07500000, -0.07500000, -0.00260611
0.15000000, -0.05625000, -0.09375000, 0.00013353
0.15000000, -0.03750000, -0.11250000, 0.00244869
0.15000000, -0.01875000, -0.13125000, 0.00440514
0.20000000, 0.00000000, -0.20000000, 0.01221607
0.17500000, 0.02500000, -0.20000000, 0.01100671
0.15000000, 0.05000000, -0.20000000, 0.00958909
0.12500000, 0.07500000, -0.20000000, 0.00787312
0.10000000, 0.10000000, -0.20000000, 0.00577154
0.07500000, 0.12500000, -0.20000000, 0.00303136
0.05000000, 0.15000000, -0.20000000, -0.00060176
0.02500000, 0.17500000, -0.20000000, -0.00596177
0.00000000, 0.20000000, -0.20000000, -0.01722537
-0.02500000, 0.20000000, -0.17500000, -0.02297221
-0.05000000, 0.20000000, -0.15000000, -0.01952730
-0.07500000, 0.20000000, -0.12500000, -0.01361714
-0.10000000, 0.20000000, -0.10000000, -0.00739414
-0.12500000, 0.20000000, -0.07500000, -0.00242136
-0.15000000, 0.20000000, -0.05000000, -0.00024391
-0.17500000, 0.20000000, -0.02500000, -0.00304992
-0.20000000, 0.20000000, 0.00000000, -0.01791440
-0.20000000, 0.17500000, 0.02500000, -0.03051182
-0.20000000, 0.15000000, 0.05000000, -0.03566963
-0.20000000, 0.12500000, 0.07500000, -0.03842130
-0.20000000, 0.10000000, 0.10000000, -0.03993129
-0.20000000, 0.07500000, 0.12500000, -0.04066807
-0.20000000, 0.05000000, 0.15000000, -0.04103932
-0.20000000, 0.02500000, 0.17500000, -0.04126801
-0.20000000, 0.00000000, 0.20000000, -0.04162760
-0.17500000, -0.02500000, 0.20000000, -0.04126801
-0.15000000, -0.05000000, 0.20000000, -0.04103932
-0.12500000, -0.07500000, 0.20000000, -0.04066807
-0.10000000, -0.10000000, 0.20000000, -0.03993129
-0.07500000, -0.12500000, 0.20000000, -0.03842130
-0.05000000, -0.15000000, 0.20000000, -0.03566963
-0.02500000, -0.17500000, 0.20000000, -0.03051182
0.00000000, -0.20000000, 0.20000000, -0.01791440
0.02500000, -0.20000000, 0.17500000, -0.00304992
0.05000000, -0.20000000, 0.15000000, -0.00024391
0.07500000, -0.20000000, 0.12500000, -0.00242136
0.10000000, -0.20000000, 0.10000000, -0.00739414
0.12500000, -0.20000000, 0.07500000, -0.01361714
0.15000000, -0.20000000, 0.05000000, -0.01952730
0.17500000, -0.20000000, 0.02500000, -0.02297221
0.20000000, -0.20000000, 0.00000000, -0.01722537
0.20000000, -0.17500000, -0.02500000, -0.00596177
0.20000000, -0.15000000, -0.05000000, -0.00060176
0.20000000, -0.12500000, -0.07500000, 0.00303136
0.20000000, -0.10000000, -0.10000000, 0.00577154
0.20000000, -0.07500000, -0.12500000, 0.00787312
0.20000000, -0.05000000, -0.15000000, 0.00958909
0.20000000, -0.02500000, -0.17500000, 0.01100671
0.25000000, 0.00000000, -0.25000000, 0.01496955
0.21875000, 0.03125000, -0.25000000, 0.01458071
0.18750000, 0.06250000, -0.25000000, 0.01391546
0.15625000, 0.09375000, -0.25000000, 0.01291765
0.12500000, 0.12500000, -0.25000000, 0.01151346
0.09375000, 0.15625000, -0.25000000, 0.00948303
0.06250000, 0.18750000, -0.25000000, 0.00656988
0.03125000, 0.21875000, -0.25000000, 0.00198924
0.00000000, 0.25000000, -0.25000000, -0.00788767
-0.03125000, 0.25000000, -0.21875000, -0.01484062
-0.06250000, 0.25000000, -0.18750000, -0.01408841
-0.09375000, 0.25000000, -0.15625000, -0.01126818
-0.12500000, 0.25000000, -0.12500000, -0.00813280
-0.15625000, 0.25000000, -0.09375000, -0.00582302
-0.18750000, 0.25000000, -0.06250000, -0.00547910
-0.21875000, 0.25000000, -0.03125000, -0.00883274
-0.25000000, 0.25000000, 0.00000000, -0.02180446
-0.25000000, 0.21875000, 0.03125000, -0.03426703
-0.25000000, 0.18750000, 0.06250000, -0.03952425
-0.25000000, 0.15625000, 0.09375000, -0.04215431
-0.25000000, 0.12500000, 0.12500000, -0.04331400
-0.25000000, 0.09375000, 0.15625000, -0.04347839
-0.25000000, 0.06250000, 0.18750000, -0.04302804
-0.25000000, 0.03125000, 0.21875000, -0.04214419
-0.25000000, 0.00000000, 0.25000000, -0.04098995
-0.21875000, -0.03125000, 0.25000000, -0.04214419
-0.18750000, -0.06250000, 0.25000000, -0.04302804
-0.15625000, -0.09375000, 0.25000000, -0.04347839
-0.12500000, -0.12500000, 0.25000000, -0.04331400
-0.09375000, -0.15625000, 0.25000000, -0.04215431
-0.06250000, -0.18750000, 0.25000000, -0.03952425
-0.03125000, -0.21875000, 0.25000000, -0.03426703
0.00000000, -0.25000000, 0.25000000, -0.02180446
0.03125000, -0.25000000, 0.21875000, -0.00883274
0.06250000, -0.25000000, 0.18750000, -0.00547910
0.09375000, -0.25000000, 0.15625000, -0.00582302
0.12500000, -0.25000000, 0.12500000, -0.00813280
0.15625000, -0.25000000, 0.09375000, -0.01126818
0.18750000, -0.25000000, 0.06250000, -0.01408841
0.21875000, -0.25000000, 0.03125000, -0.01484062
0.25000000, -0.25000000, 0.00000000, -0.00788767
0.25000000, -0.21875000, -0.03125000, 0.00198924
0.25000000, -0.18750000, -0.06250000, 0.00656988
0.25000000, -0.15625000, -0.09375000, 0.00948303
0.25000000, -0.12500000, -0.12500000, 0.01151346
0.25000000, -0.09375000, -0.15625000, 0.01291765
0.25000000, -0.06250000, -0.18750000, 0.01391546
0.25000000, -0.03125000, -0.21875000, 0.01458071
0.30000000, 0.00000000, -0.30000000, 0.01420157
0.26250000, 0.03750000, -0.30000000, 0.01484339
0.22500000, 0.07500000, -0.30000000, 0.01508283
0.18750000, 0.11250000, -0.30000000, 0.01489707
0.15000000, 0.15000000, -0.30000000, 0.01422543
0.11250000, 0.18750000, -0.30000000, 0.01288951
0.07500000, 0.22500000, -0.30000000, 0.01065616
0.03750000, 0.26250000, -0.30000000, 0.00686050
0.00000000, 0.30000000, -0.30000000, -0.00155140
-0.03750000, 0.30000000, -0.26250000, -0.00832119
-0.07500000, 0.30000000, -0.22500000, -0.00907654
-0.11250000, 0.30000000, -0.18750000, -0.00834820
-0.15000000, 0.30000000, -0.15000000, -0.00738086
-0.18750000, 0.30000000, -0.11250000, -0.00692816
-0.22500000, 0.30000000, -0.07500000, -0.00772320
-0.26250000, 0.30000000, -0.03750000, -0.01093994
-0.30000000, 0.30000000, 0.00000000, -0.02123787
-0.30000000, 0.26250000, 0.03750000, -0.03308860
-0.30000000, 0.22500000, 0.07500000, -0.03825682
-0.30000000, 0.18750000, 0.11250000, -0.04072307
-0.30000000, 0.15000000, 0.15000000, -0.04151511
-0.30000000, 0.11250000, 0.18750000, -0.04106834
-0.30000000, 0.07500000, 0.22500000, -0.03970608
-0.30000000, 0.03750000, 0.26250000, -0.03756188
-0.30000000, 0.00000000, 0.30000000, -0.03472070
-0.26250000, -0.03750000, 0.30000000, -0.03756188
-0.22500000, -0.07500000, 0.30000000, -0.03970608
-0.18750000, -0.11250000, 0.30000000, -0.04106834
-0.15000000, -0.15000000, 0.30000000, -0.04151511
-0.11250000, -0.18750000, 0.30000000, -0.04072307
-0.07500000, -0.22500000, 0.30000000, -0.03825682
-0.03750000, -0.26250000, 0.30000000, -0.03308860
0.00000000, -0.30000000, 0.30000000, -0.02123787
0.03750000, -0.30000000, 0.26250000, -0.01093994
0.07500000, -0.30000000, 0.22500000, -0.00772320
0.11250000, -0.30000000, 0.18750000, -0.00692816
0.15000000, -0.30000000, 0.15000000, -0.00738086
0.18750000, -0.30000000, 0.11250000, -0.00834820
0.22500000, -0.30000000, 0.07500000, -0.00907654
0.26250000, -0.30000000, 0.03750000, -0.00832119
0.30000000, -0.30000000, 0.00000000, -0.00155140
0.30000000, -0.26250000, -0.03750000, 0.00686050
0.30000000, -0.22500000, -0.07500000, 0.01065616
0.30000000, -0.18750000, -0.11250000, 0.01288951
0.30000000, -0.15000000, -0.15000000, 0.01422543
0.30000000, -0.11250000, -0.18750000, 0.01489707
0.30000000, -0.07500000, -0.22500000, 0.01508283
0.30000000, -0.03750000, -0.26250000, 0.01484339
0.35000000, 0.00000000, -0.35000000, 0.01103824
0.30625000, 0.04375000, -0.35000000, 0.01250185
0.26250000, 0.08750000, -0.35000000, 0.01353306
0.21875000, 0.13125000, -0.35000000, 0.01406800
0.17500000, 0.17500000, -0.35000000, 0.01405544
0.13125000, 0.21875000, -0.35000000, 0.01332573
0.08750000, 0.26250000, -0.35000000, 0.01170963
0.04375000, 0.30625000, -0.35000000, 0.00868601
0.00000000, 0.35000000, -0.35000000, 0.00184178
-0.04375000, 0.35000000, -0.30625000, -0.00376282
-0.08750000, 0.35000000, -0.26250000, -0.00506467
-0.13125000, 0.35000000, -0.21875000, -0.00553138
-0.17500000, 0.35000000, -0.17500000, -0.00590322
-0.21875000, 0.35000000, -0.13125000, -0.00656800
-0.26250000, 0.35000000, -0.08750000, -0.00785943
-0.30625000, 0.35000000, -0.04375000, -0.01041748
-0.35000000, 0.35000000, 0.00000000, -0.01766509
-0.35000000, 0.30625000, 0.04375000, -0.02819137
-0.35000000, 0.26250000, 0.08750000, -0.03294175
-0.35000000, 0.21875000, 0.13125000, -0.03511614
-0.35000000, 0.17500000, 0.17500000, -0.03553299
-0.35000000, 0.13125000, 0.21875000, -0.03454240
-0.35000000, 0.08750000, 0.26250000, -0.03242346
-0.35000000, 0.04375000, 0.30625000, -0.02929524
-0.35000000, 0.00000000, 0.35000000, -0.02529394
-0.30625000, -0.04375000, 0.35000000, -0.02929524
-0.26250000, -0.08750000, 0.35000000, -0.03242346
-0.21875000, -0.13125000, 0.35000000, -0.03454240
-0.17500000, -0.17500000, 0.35000000, -0.03553299
-0.13125000, -0.21875000, 0.35000000, -0.03511614
-0.08750000, -0.26250000, 0.35000000, -0.03294175
-0.04375000, -0.30625000, 0.35000000, -0.02819137
0.00000000, -0.35000000, 0.35000000, -0.01766509
0.04375000, -0.35000000, 0.30625000, -0.01041748
0.08750000, -0.35000000, 0.26250000, -0.00785943
0.13125000, -0.35000000, 0.21875000, -0.00656800
0.17500000, -0.35000000, 0.17500000, -0.00590322
0.21875000, -0.35000000, 0.13125000, -0.00553138
0.26250000, -0.35000000, 0.08750000, -0.00506467
0.30625000, -0.35000000, 0.04375000, -0.00376282
0.35000000, -0.35000000, 0.00000000, 0.00184178
0.35000000, -0.30625000, -0.04375000, 0.00868601
0.35000000, -0.26250000, -0.08750000, 0.01170963
0.35000000, -0.21875000, -0.13125000, 0.01332573
0.35000000, -0.17500000, -0.17500000, 0.01405544
0.35000000, -0.13125000, -0.21875000, 0.01406800
0.35000000, -0.08750000, -0.26250000, 0.01353306
0.35000000, -0.04375000, -0.30625000, 0.01250185
0.40000000, 0.00000000, -0.40000000, 0.00717267
0.35000000, 0.05000000, -0.40000000, 0.00895927
0.30000000, 0.10000000, -0.40000000, 0.01039936
0.25000000, 0.15000000, -0.40000000, 0.01136703
0.20000000, 0.20000000, -0.40000000, 0.01179403
0.15000000, 0.25000000, -0.40000000, 0.01154087
0.10000000, 0.30000000, -0.40000000, 0.01047137
0.05000000, 0.35000000, -0.40000000, 0.00819514
0.00000000, 0.40000000, -0.40000000, 0.00296980
-0.05000000, 0.40000000, -0.35000000, -0.00098549
-0.10000000, 0.40000000, -0.30000000, -0.00219326
-0.15000000, 0.40000000, -0.25000000, -0.00315425
-0.20000000, 0.40000000, -0.20000000, -0.00425100
-0.25000000, 0.40000000, -0.15000000, -0.00548204
-0.30000000, 0.40000000, -0.10000000, -0.00680307
-0.35000000, 0.40000000, -0.05000000, -0.00847098
-0.40000000, 0.40000000, 0.00000000, -0.01283976
-0.40000000, 0.35000000, 0.05000000, -0.02138215
-0.40000000, 0.30000000, 0.10000000, -0.02538598
-0.40000000, 0.25000000, 0.15000000, -0.02713411
-0.40000000, 0.20000000, 0.20000000, -0.02721791
-0.40000000, 0.15000000, 0.25000000, -0.02590700
-0.40000000, 0.10000000, 0.30000000, -0.02344107
-0.40000000, 0.05000000, 0.35000000, -0.01998086
-0.40000000, 0.00000000, 0.40000000, -0.01578926
-0.35000000, -0.05000000, 0.40000000, -0.01998086
-0.30000000, -0.10000000, 0.40000000, -0.02344107
-0.25000000, -0.15000000, 0.40000000, -0.02590700
-0.20000000, -0.20000000, 0.40000000, -0.02721791
-0.15000000, -0.25000000, 0.40000000, -0.02713411
-0.10000000, -0.30000000, 0.40000000, -0.02538598
-0.05000000, -0.35000000, 0.40000000, -0.02138215
0.00000000, -0.40000000, 0.40000000, -0.01283976
0.05000000, -0.40000000, 0.35000000, -0.00847098
0.10000000, -0.40000000, 0.30000000, -0.00680307
0.15000000, -0.40000000, 0.25000000, -0.00548204
0.20000000, -0.40000000, 0.20000000, -0.00425100
0.25000000, -0.40000000, 0.15000000, -0.00315425
0.30000000, -0.40000000, 0.10000000, -0.00219326
0.35000000, -0.40000000, 0.05000000, -0.00098549
0.40000000, -0.40000000, 0.00000000, 0.00296980
0.40000000, -0.35000000, -0.05000000, 0.00819514
0.40000000, -0.30000000, -0.10000000, 0.01047137
0.40000000, -0.25000000, -0.15000000, 0.01154087
0.40000000, -0.20000000, -0.20000000, 0.01179403
0.40000000, -0.15000000, -0.25000000, 0.01136703
0.40000000, -0.10000000, -0.30000000, 0.01039936
0.40000000, -0.05000000, -0.35000000, 0.00895927
0.45000000, 0.00000000, -0.45000000, 0.00388439
0.39375000, 0.05625000, -0.45000000, 0.00548359
0.33750000, 0.11250000, -0.45000000, 0.00690340
0.28125000, 0.16875000, -0.45000000, 0.00796879
0.22500000, 0.22500000, -0.45000000, 0.00857662
0.16875000, 0.28125000, -0.45000000, 0.00861533
0.11250000, 0.33750000, -0.45000000, 0.00796547
0.05625000, 0.39375000, -0.45000000, 0.00636402
0.00000000, 0.45000000, -0.45000000, 0.00266419
-0.05625000, 0.45000000, -0.39375000, 0.00029913
-0.11250000, 0.45000000, -0.33750000, -0.00049305
-0.16875000, 0.45000000, -0.28125000, -0.00146304
-0.22500000, 0.45000000, -0.22500000, -0.00275829
-0.28125000, 0.45000000, -0.16875000, -0.00409947
-0.33750000, 0.45000000, -0.11250000, -0.00517575
-0.39375000, 0.45000000, -0.05625000, -0.00600323
-0.45000000, 0.45000000, 0.00000000, -0.00814725
-0.45000000, 0.39375000, 0.05625000, -0.01441958
-0.45000000, 0.33750000, 0.11250000, -0.01747430
-0.45000000, 0.28125000, 0.16875000, -0.01874840
-0.45000000, 0.22500000, 0.22500000, -0.01861320
-0.45000000, 0.16875000, 0.28125000, -0.01727292
-0.45000000, 0.11250000, 0.33750000, -0.01494157
-0.45000000, 0.05625000, 0.39375000, -0.01184192
-0.45000000, 0.00000000, 0.45000000, -0.00834839
-0.39375000, -0.05625000, 0.45000000, -0.01184192
-0.33750000, -0.11250000, 0.45000000, -0.01494157
-0.28125000, -0.16875000, 0.45000000, -0.01727292
-0.22500000, -0.22500000, 0.45000000, -0.01861320
-0.16875000, -0.28125000, 0.45000000, -0.01874840
-0.11250000, -0.33750000, 0.45000000, -0.01747430
-0.05625000, -0.39375000, 0.45000000, -0.01441958
0.00000000, -0.45000000, 0.45000000, -0.00814725
0.05625000, -0.45000000, 0.39375000, -0.00600323
0.11250000, -0.45000000, 0.33750000, -0.00517575
0.16875000, -0.45000000, 0.28125000, -0.00409947
0.22500000, -0.45000000, 0.22500000, -0.00275829
0.28125000, -0.45000000, 0.16875000, -0.00146304
0.33750000, -0.45000000, 0.11250000, -0.00049305
0.39375000, -0.45000000, 0.05625000, 0.00029913
0.45000000, -0.45000000, 0.00000000, 0.00266419
0.45000000, -0.39375000, -0.05625000, 0.00636402
0.45000000, -0.33750000, -0.11250000, 0.00796547
0.45000000, -0.28125000, -0.16875000, 0.00861533
0.45000000, -0.22500000, -0.22500000, 0.00857662
0.45000000, -0.16875000, -0.28125000, 0.00796879
0.45000000, -0.11250000, -0.33750000, 0.00690340
0.45000000, -0.05625000, -0.39375000, 0.00548359
0.50000000, 0.00000000, -0.50000000, 0.00171312
0.43750000, 0.06250000, -0.50000000, 0.00283378
0.37500000, 0.12500000, -0.50000000, 0.00394257
0.31250000, 0.18750000, -0.50000000, 0.00484870
0.25000000, 0.25000000, -0.50000000, 0.00542935
0.18750000, 0.31250000, -0.50000000, 0.00557814
0.12500000, 0.37500000, -0.50000000, 0.00520559
0.06250000, 0.43750000, -0.50000000, 0.00416360
0.00000000, 0.50000000, -0.50000000, 0.00176894
-0.06250000, 0.50000000, -0.43750000, 0.00058544
-0.12500000, 0.50000000, -0.37500000, 0.00025094
-0.18750000, 0.50000000, -0.31250000, -0.00047102
-0.25000000, 0.50000000, -0.25000000, -0.00159394
-0.31250000, 0.50000000, -0.18750000, -0.00273522
-0.37500000, 0.50000000, -0.12500000, -0.00346727
-0.43750000, 0.50000000, -0.06250000, -0.00368811
-0.50000000, 0.50000000, 0.00000000, -0.00445016
-0.50000000, 0.43750000, 0.06250000, -0.00857696
-0.50000000, 0.37500000, 0.12500000, -0.01066243
-0.50000000, 0.31250000, 0.18750000, -0.01150329
-0.50000000, 0.25000000, 0.25000000, -0.01128755
-0.50000000, 0.18750000, 0.31250000, -0.01016087
-0.50000000, 0.12500000, 0.37500000, -0.00832159
-0.50000000, 0.06250000, 0.43750000, -0.00601987
-0.50000000, 0.00000000, 0.50000000, -0.00365490
-0.43750000, -0.06250000, 0.50000000, -0.00601987
-0.37500000, -0.12500000, 0.50000000, -0.00832159
-0.31250000, -0.18750000, 0.50000000, -0.01016087
-0.25000000, -0.25000000, 0.50000000, -0.01128755
-0.18750000, -0.31250000, 0.50000000, -0.01150329
-0.12500000, -0.37500000, 0.50000000, -0.01066243
-0.06250000, -0.43750000, 0.50000000, -0.00857696
0.00000000, -0.50000000, 0.50000000, -0.00445016
0.06250000, -0.50000000, 0.43750000, -0.00368811
0.12500000, -0.50000000, 0.37500000, -0.00346727
0.18750000, -0.50000000, 0.31250000, -0.00273522
0.25000000, -0.50000000, 0.25000000, -0.00159394
0.31250000, -0.50000000, 0.18750000, -0.00047102
0.37500000, -0.50000000, 0.12500000, 0.00025094
0.43750000, -0.50000000, 0.06250000, 0.00058544
0.50000000, -0.50000000, 0.00000000, 0.00176894
0.50000000, -0.43750000, -0.06250000, 0.00416360
0.50000000, -0.37500000, -0.12500000, 0.00520559
0.50000000, -0.31250000, -0.18750000, 0.00557814
0.50000000, -0.25000000, -0.25000000, 0.00542935
0.50000000, -0.18750000, -0.31250000, 0.00484870
0.50000000, -0.12500000, -0.37500000, 0.00394257
0.50000000, -0.06250000, -0.43750000, 0.00283378
0.55000000, 0.00000000, -0.55000000, 0.00059513
0.48125000, 0.06875000, -0.55000000, 0.00121659
0.41250000, 0.13750000, -0.55000000, 0.00191807
0.34375000, 0.20625000, -0.55000000, 0.00254002
0.27500000, 0.27500000, -0.55000000, 0.00297302
0.20625000, 0.34375000, -0.55000000, 0.00311757
0.13750000, 0.41250000, -0.55000000, 0.00291778
0.06875000, 0.48125000, -0.55000000, 0.00230384
0.00000000, 0.55000000, -0.55000000, 0.00092312
-0.06875000, 0.55000000, -0.48125000, 0.00044421
-0.13750000, 0.55000000, -0.41250000, 0.00042933
-0.20625000, 0.55000000, -0.34375000, 0.00001003
-0.27500000, 0.55000000, -0.27500000, -0.00080319
-0.34375000, 0.55000000, -0.20625000, -0.00163517
-0.41250000, 0.55000000, -0.13750000, -0.00205470
-0.48125000, 0.55000000, -0.06875000, -0.00195526
-0.55000000, 0.55000000, 0.00000000, -0.00205656
-0.55000000, 0.48125000, 0.06875000, -0.00444095
-0.55000000, 0.41250000, 0.13750000, -0.00569618
-0.55000000, 0.34375000, 0.20625000, -0.00619133
-0.55000000, 0.27500000, 0.27500000, -0.00599636
-0.55000000, 0.20625000, 0.34375000, -0.00520722
-0.55000000, 0.13750000, 0.41250000, -0.00399459
-0.55000000, 0.06875000, 0.48125000, -0.00257939
-0.55000000, 0.00000000, 0.55000000, -0.00128381
-0.48125000, -0.06875000, 0.55000000, -0.00257939
-0.41250000, -0.13750000, 0.55000000, -0.00399459
-0.34375000, -0.20625000, 0.55000000, -0.00520722
-0.27500000, -0.27500000, 0.55000000, -0.00599636
-0.20625000, -0.34375000, 0.55000000, -0.00619133
-0.13750000, -0.41250000, 0.55000000, -0.00569618
-0.06875000, -0.48125000, 0.55000000, -0.00444095
0.00000000, -0.55000000, 0.55000000, -0.00205656
0.06875000, -0.55000000, 0.48125000, -0.00195526
0.13750000, -0.55000000, 0.41250000, -0.00205470
0.20625000, -0.55000000, 0.34375000, -0.00163517
0.27500000, -0.55000000, 0.27500000, -0.00080319
0.34375000, -0.55000000, 0.20625000, 0.00001003
0.41250000, -0.55000000, 0.13750000, 0.00042933
0.48125000, -0.55000000, 0.06875000, 0.00044421
0.55000000, -0.55000000, 0.00000000, 0.00092312
0.55000000, -0.48125000, -0.06875000, 0.00230384
0.55000000, -0.41250000, -0.13750000, 0.00291778
0.55000000, -0.34375000, -0.20625000, 0.00311757
0.55000000, -0.27500000, -0.27500000, 0.00297302
0.55000000, -0.20625000, -0.34375000, 0.00254002
0.55000000, -0.13750000, -0.41250000, 0.00191807
0.55000000, -0.06875000, -0.48125000, 0.00121659
0.60000000, 0.00000000, -0.60000000, 0.00016622
0.52500000, 0.07500000, -0.60000000, 0.00043533
0.45000000, 0.15000000, -0.60000000, 0.00078796
0.37500000, 0.22500000, -0.60000000, 0.00112895
0.30000000, 0.30000000, -0.60000000, 0.00138460
0.22500000, 0.37500000, -0.60000000, 0.00148479
0.15000000, 0.45000000, -0.60000000, 0.00139325
0.07500000, 0.52500000, -0.60000000, 0.00107742
0.00000000, 0.60000000, -0.60000000, 0.00039528
-0.07500000, 0.60000000, -0.52500000, 0.00025350
-0.15000000, 0.60000000, -0.45000000, 0.00037515
-0.22500000, 0.60000000, -0.37500000, 0.00019062
-0.30000000, 0.60000000, -0.30000000, -0.00033998
-0.37500000, 0.60000000, -0.22500000, -0.00089175
-0.45000000, 0.60000000, -0.15000000, -0.00109407
-0.52500000, 0.60000000, -0.07500000, -0.00090359
-0.60000000, 0.60000000, 0.00000000, -0.00079758
-0.60000000, 0.52500000, 0.07500000, -0.00196599
-0.60000000, 0.45000000, 0.15000000, -0.00261769
-0.60000000, 0.37500000, 0.22500000, -0.00286901
-0.60000000, 0.30000000, 0.30000000, -0.00273686
-0.60000000, 0.22500000, 0.37500000, -0.00228135
-0.60000000, 0.15000000, 0.45000000, -0.00162429
-0.60000000, 0.07500000, 0.52500000, -0.00091938
-0.60000000, 0.00000000, 0.60000000, -0.00035833
-0.52500000, -0.07500000, 0.60000000, -0.00091938
-0.45000000, -0.15000000, 0.60000000, -0.00162429
-0.37500000, -0.22500000, 0.60000000, -0.00228135
-0.30000000, -0.30000000, 0.60000000, -0.00273686
-0.22500000, -0.37500000, 0.60000000, -0.00286901
-0.15000000, -0.45000000, 0.60000000, -0.00261769
-0.07500000, -0.52500000, 0.60000000, -0.00196599
0.00000000, -0.60000000, 0.60000000, -0.00079758
0.07500000, -0.60000000, 0.52500000, -0.00090359
0.15000000, -0.60000000, 0.45000000, -0.00109407
0.22500000, -0.60000000, 0.37500000, -0.00089175
0.30000000, -0.60000000, 0.30000000, -0.00033998
0.37500000, -0.60000000, 0.22500000, 0.00019062
0.45000000, -0.60000000, 0.15000000, 0.00037515
0.52500000, -0.60000000, 0.07500000, 0.00025350
0.60000000, -0.60000000, 0.00000000, 0.00039528
0.60000000, -0.52500000, -0.07500000, 0.00107742
0.60000000, -0.45000000, -0.15000000, 0.00139325
0.60000000, -0.37500000, -0.22500000, 0.00148479
0.60000000, -0.30000000, -0.30000000, 0.00138460
0.60000000, -0.22500000, -0.37500000, 0.00112895
0.60000000, -0.15000000, -0.45000000, 0.00078796
0.60000000, -0.07500000, -0.52500000, 0.00043533
0.65000000, 0.00000000, -0.65000000, 0.00004815
0.56875000, 0.08125000, -0.65000000, 0.00013803
0.48750000, 0.16250000, -0.65000000, 0.00027251
0.40625000, 0.24375000, -0.65000000, 0.00041688
0.32500000, 0.32500000, -0.65000000, 0.00053330
0.24375000, 0.40625000, -0.65000000, 0.00058959
0.16250000, 0.48750000, -0.65000000, 0.00055872
0.08125000, 0.56875000, -0.65000000, 0.00042339
0.00000000, 0.65000000, -0.65000000, 0.00014681
-0.08125000, 0.65000000, -0.56875000, 0.00012489
-0.16250000, 0.65000000, -0.48750000, 0.00025502
-0.24375000, 0.65000000, -0.40625000, 0.00020530
-0.32500000, 0.65000000, -0.32500000, -0.00010984
-0.40625000, 0.65000000, -0.24375000, -0.00044519
-0.48750000, 0.65000000, -0.16250000, -0.00052642
-0.56875000, 0.65000000, -0.08125000, -0.00036847
-0.65000000, 0.65000000, 0.00000000, -0.00026179
-0.65000000, 0.56875000, 0.08125000, -0.00072619
-0.65000000, 0.48750000, 0.16250000, -0.00100911
-0.65000000, 0.40625000, 0.24375000, -0.00111416
-0.65000000, 0.32500000, 0.32500000, -0.00104330
-0.65000000, 0.24375000, 0.40625000, -0.00083230
-0.65000000, 0.16250000, 0.48750000, -0.00054841
-0.65000000, 0.08125000, 0.56875000, -0.00027470
-0.65000000, 0.00000000, 0.65000000, -0.00008921
-0.56875000, -0.08125000, 0.65000000, -0.00027470
-0.48750000, -0.16250000, 0.65000000, -0.00054841
-0.40625000, -0.24375000, 0.65000000, -0.00083230
-0.32500000, -0.32500000, 0.65000000, -0.00104330
-0.24375000, -0.40625000, 0.65000000, -0.00111416
-0.16250000, -0.48750000, 0.65000000, -0.00100911
-0.08125000, -0.56875000, 0.65000000, -0.00072619
0.00000000, -0.65000000, 0.65000000, -0.00026179
0.08125000, -0.65000000, 0.56875000, -0.00036847
0.16250000, -0.65000000, 0.48750000, -0.00052642
0.24375000, -0.65000000, 0.40625000, -0.00044519
0.32500000, -0.65000000, 0.32500000, -0.00010984
0.40625000, -0.65000000, 0.24375000, 0.00020530
0.48750000, -0.65000000, 0.16250000, 0.00025502
0.56875000, -0.65000000, 0.08125000, 0.00012489
0.65000000, -0.65000000, 0.00000000, 0.00014681
0.65000000, -0.56875000, -0.08125000, 0.00042339
0.65000000, -0.48750000, -0.16250000, 0.00055872
0.65000000, -0.40625000, -0.24375000, 0.00058959
0.65000000, -0.32500000, -0.32500000, 0.00053330
0.65000000, -0.24375000, -0.40625000, 0.00041688
0.65000000, -0.16250000, -0.48750000, 0.00027251
0.65000000, -0.08125000, -0.56875000, 0.00013803
0.70000000, 0.00000000, -0.70000000, 0.00001213
0.61250000, 0.08750000, -0.70000000, 0.00003692
0.52500000, 0.17500000, -0.70000000, 0.00007584
0.43750000, 0.26250000, -0.70000000, 0.00012335
0.35000000, 0.35000000, -0.70000000, 0.00016406
0.26250000, 0.43750000, -0.70000000, 0.00018771
0.17500000, 0.52500000, -0.70000000, 0.00017886
0.08750000, 0.61250000, -0.70000000, 0.00013181
0.00000000, 0.70000000, -0.70000000, 0.00003950
-0.08750000, 0.70000000, -0.61250000, 0.00003790
-0.17500000, 0.70000000, -0.52500000, 0.00012779
-0.26250000, 0.70000000, -0.43750000, 0.00013558
-0.35000000, 0.70000000, -0.35000000, -0.00001616
-0.43750000, 0.70000000, -0.26250000, -0.00018723
-0.52500000, 0.70000000, -0.17500000, -0.00021256
-0.61250000, 0.70000000, -0.08750000, -0.00011911
-0.70000000, 0.70000000, 0.00000000, -0.00006570
-0.70000000, 0.61250000, 0.08750000, -0.00021422
-0.70000000, 0.52500000, 0.17500000, -0.00031306
-0.70000000, 0.43750000, 0.26250000, -0.00034916
-0.70000000, 0.35000000, 0.35000000, -0.00032024
-0.70000000, 0.26250000, 0.43750000, -0.00024371
-0.70000000, 0.17500000, 0.52500000, -0.00014785
-0.70000000, 0.08750000, 0.61250000, -0.00006603
-0.70000000, 0.00000000, 0.70000000, -0.00001824
-0.61250000, -0.08750000, 0.70000000, -0.00006603
-0.52500000, -0.17500000, 0.70000000, -0.00014785
-0.43750000, -0.26250000, 0.70000000, -0.00024371
-0.35000000, -0.35000000, 0.70000000, -0.00032024
-0.26250000, -0.43750000, 0.70000000, -0.00034916
-0.17500000, -0.52500000, 0.70000000, -0.00031306
-0.08750000, -0.61250000, 0.70000000, -0.00021422
0.00000000, -0.70000000, 0.70000000, -0.00006570
0.08750000, -0.70000000, 0.61250000, -0.00011911
0.17500000, -0.70000000, 0.52500000, -0.00021256
0.26250000, -0.70000000, 0.43750000, -0.00018723
0.35000000, -0.70000000, 0.35000000, -0.00001616
0.43750000, -0.70000000, 0.26250000, 0.00013558
0.52500000, -0.70000000, 0.17500000, 0.00012779
0.61250000, -0.70000000, 0.08750000, 0.00003790
0.70000000, -0.70000000, 0.00000000, 0.00003950
0.70000000, -0.61250000, -0.08750000, 0.00013181
0.70000000, -0.52500000, -0.17500000, 0.00017886
0.70000000, -0.43750000, -0.26250000, 0.00018771
0.70000000, -0.35000000, -0.35000000, 0.00016406
0.70000000, -0.26250000, -0.43750000, 0.00012335
0.70000000, -0.17500000, -0.52500000, 0.00007584
0.70000000, -0.08750000, -0.61250000, 0.00003692
0.75000000, 0.00000000, -0.75000000, -0.00000903
0.65625000, 0.09375000, -0.75000000, -0.00000267
0.56250000, 0.18750000, -0.75000000, 0.00001006
0.46875000, 0.28125000, -0.75000000, 0.00002601
0.37500000, 0.37500000, -0.75000000, 0.00003953
0.28125000, 0.46875000, -0.75000000, 0.00004349
0.18750000, 0.56250000, -0.75000000, 0.00003634
0.09375000, 0.65625000, -0.75000000, 0.00002167
0.00000000, 0.75000000, -0.75000000, -0.00000834
-0.09375000, 0.75000000, -0.65625000, -0.00001681
-0.18750000, 0.75000000, -0.56250000, 0.00003224
-0.28125000, 0.75000000, -0.46875000, 0.00005370
-0.37500000, 0.75000000, -0.37500000, 0.00001062
-0.46875000, 0.75000000, -0.28125000, -0.00004989
-0.56250000, 0.75000000, -0.18750000, -0.00005359
-0.65625000, 0.75000000, -0.09375000, -0.00001038
-0.75000000, 0.75000000, 0.00000000, 0.00000201
-0.75000000, 0.65625000, 0.09375000, -0.00004387
-0.75000000, 0.56250000, 0.18750000, -0.00007084
-0.75000000, 0.46875000, 0.28125000, -0.00008330
-0.75000000, 0.37500000, 0.37500000, -0.00007604
-0.75000000, 0.28125000, 0.46875000, -0.00005333
-0.75000000, 0.18750000, 0.56250000, -0.00002581
-0.75000000, 0.09375000, 0.65625000, -0.00000256
-0.75000000, 0.00000000, 0.75000000, 0.00000974
-0.65625000, -0.09375000, 0.75000000, -0.00000256
-0.56250000, -0.18750000, 0.75000000, -0.00002581
-0.46875000, -0.28125000, 0.75000000, -0.00005333
-0.37500000, -0.37500000, 0.75000000, -0.00007604
-0.28125000, -0.46875000, 0.75000000, -0.00008330
-0.18750000, -0.56250000, 0.75000000, -0.00007084
-0.09375000, -0.65625000, 0.75000000, -0.00004387
0.00000000, -0.75000000, 0.75000000, 0.00000201
0.09375000, -0.75000000, 0.65625000, -0.00001038
0.18750000, -0.75000000, 0.56250000, -0.00005359
0.28125000, -0.75000000, 0.46875000, -0.00004989
0.37500000, -0.75000000, 0.37500000, 0.00001062
0.46875000, -0.75000000, 0.28125000, 0.00005370
0.56250000, -0.75000000, 0.18750000, 0.00003224
0.65625000, -0.75000000, 0.09375000, -0.00001681
0.75000000, -0.75000000, 0.00000000, -0.00000834
0.75000000, -0.65625000, -0.09375000, 0.00002167
0.75000000, -0.56250000, -0.18750000, 0.00003634
0.75000000, -0.46875000, -0.28125000, 0.00004349
0.75000000, -0.37500000, -0.37500000, 0.00003953
0.75000000, -0.28125000, -0.46875000, 0.00002601
0.75000000, -0.18750000, -0.56250000, 0.00001006
0.75000000, -0.09375000, -0.65625000, -0.00000267
0.80000000, 0.00000000, -0.80000000, -0.00000833
0.70000000, 0.10000000, -0.80000000, -0.00000859
0.60000000, 0.20000000, -0.80000000, -0.00000356
0.50000000, 0.30000000, -0.80000000, 0.00000215
0.40000000, 0.40000000, -0.80000000, 0.00000710
0.30000000, 0.50000000, -0.80000000, 0.00000530
0.20000000, 0.60000000, -0.80000000, 0.00000040
0.10000000, 0.70000000, -0.80000000, -0.00000386
0.00000000, 0.80000000, -0.80000000, -0.00001179
-0.10000000, 0.80000000, -0.70000000, -0.00002054
-0.20000000, 0.80000000, -0.60000000, -0.00000137
-0.30000000, 0.80000000, -0.50000000, 0.00001341
-0.40000000, 0.80000000, -0.40000000, 0.00000972
-0.50000000, 0.80000000, -0.30000000, -0.00000439
-0.60000000, 0.80000000, -0.20000000, -0.00000282
-0.70000000, 0.80000000, -0.10000000, 0.00001175
-0.80000000, 0.80000000, 0.00000000, 0.00000989
-0.80000000, 0.70000000, 0.10000000, -0.00000315
-0.80000000, 0.60000000, 0.20000000, -0.00000849
-0.80000000, 0.50000000, 0.30000000, -0.00001284
-0.80000000, 0.40000000, 0.40000000, -0.00001253
-0.80000000, 0.30000000, 0.50000000, -0.00000675
-0.80000000, 0.20000000, 0.60000000, 0.00000027
-0.80000000, 0.10000000, 0.70000000, 0.00000707
-0.80000000, 0.00000000, 0.80000000, 0.00000898
-0.70000000, -0.10000000, 0.80000000, 0.00000707
-0.60000000, -0.20000000, 0.80000000, 0.00000027
-0.50000000, -0.30000000, 0.80000000, -0.00000675
-0.40000000, -0.40000000, 0.80000000, -0.00001253
-0.30000000, -0.50000000, 0.80000000, -0.00001284
-0.20000000, -0.60000000, 0.80000000, -0.00000849
-0.10000000, -0.70000000, 0.80000000, -0.00000315
0.00000000, -0.80000000, 0.80000000, 0.00000989
0.10000000, -0.80000000, 0.70000000, 0.00001175
0.20000000, -0.80000000, 0.60000000, -0.00000282
0.30000000, -0.80000000, 0.50000000, -0.00000439
0.40000000, -0.80000000, 0.40000000, 0.00000972
0.50000000, -0.80000000, 0.30000000, 0.00001341
0.60000000, -0.80000000, 0.20000000, -0.00000137
0.70000000, -0.80000000, 0.10000000, -0.00002054
0.80000000, -0.80000000, 0.00000000, -0.00001179
0.80000000, -0.70000000, -0.10000000, -0.00000386
0.80000000, -0.60000000, -0.20000000, 0.00000040
0.80000000, -0.50000000, -0.30000000, 0.00000530
0.80000000, -0.40000000, -0.40000000, 0.00000710
0.80000000, -0.30000000, -0.50000000, 0.00000215
0.80000000, -0.20000000, -0.60000000, -0.00000356
0.80000000, -0.10000000, -0.70000000, -0.00000859
0.85000000, 0.00000000, -0.85000000, 0.00000674
0.74375000, 0.10625000, -0.85000000, 0.00000513
0.63750000, 0.21250000, -0.85000000, 0.00000283
0.53125000, 0.31875000, -0.85000000, 0.00000070
0.42500000, 0.42500000, -0.85000000, -0.00000039
0.31875000, 0.53125000, -0.85000000, 0.00000082
0.21250000, 0.63750000, -0.85000000, 0.00000304
0.10625000, 0.74375000, -0.85000000, 0.00000396
0.00000000, 0.85000000, -0.85000000, 0.00000871
-0.10625000, 0.85000000, -0.74375000, 0.00000846
-0.21250000, 0.85000000, -0.63750000, 0.00000930
-0.31875000, 0.85000000, -0.53125000, 0.00001279
-0.42500000, 0.85000000, -0.42500000, 0.00000221
-0.53125000, 0.85000000, -0.31875000, -0.00000967
-0.63750000, 0.85000000, -0.21250000, -0.00000964
-0.74375000, 0.85000000, -0.10625000, -0.00000842
-0.85000000, 0.85000000, 0.00000000, -0.00000802
-0.85000000, 0.74375000, 0.10625000, -0.00000167
-0.85000000, 0.63750000, 0.21250000, -0.00000137
-0.85000000, 0.53125000, 0.31875000, -0.00000025
-0.85000000, 0.42500000, 0.42500000, 0.00000024
-0.85000000, 0.31875000, 0.53125000, -0.00000050
-0.85000000, 0.21250000, 0.63750000, -0.00000229
-0.85000000, 0.10625000, 0.74375000, -0.00000523
-0.85000000, 0.00000000, 0.85000000, -0.00000763
-0.74375000, -0.10625000, 0.85000000, -0.00000523
-0.63750000, -0.21250000, 0.85000000, -0.00000229
-0.53125000, -0.31875000, 0.85000000, -0.00000050
-0.42500000, -0.42500000, 0.85000000, 0.00000024
-0.31875000, -0.53125000, 0.85000000, -0.00000025
-0.21250000, -0.63750000, 0.85000000, -0.00000137
-0.10625000, -0.74375000, 0.85000000, -0.00000167
0.00000000, -0.85000000, 0.85000000, -0.00000802
0.10625000, -0.85000000, 0.74375000, -0.00000842
0.21250000, -0.85000000, 0.63750000, -0.00000964
0.31875000, -0.85000000, 0.53125000, -0.00000967
0.42500000, -0.85000000, 0.42500000, 0.00000221
0.53125000, -0.85000000, 0.31875000, 0.00001279
0.63750000, -0.85000000, 0.21250000, 0.00000930
0.74375000, -0.85000000, 0.10625000, 0.00000846
0.85000000, -0.85000000, 0.00000000, 0.00000871
0.85000000, -0.74375000, -0.10625000, 0.00000396
0.85000000, -0.63750000, -0.21250000, 0.00000304
0.85000000, -0.53125000, -0.31875000, 0.00000082
0.85000000, -0.42500000, -0.42500000, -0.00000039
0.85000000, -0.31875000, -0.53125000, 0.00000070
0.85000000, -0.21250000, -0.63750000, 0.00000283
0.85000000, -0.10625000, -0.74375000, 0.00000513
0.90000000, 0.00000000, -0.90000000, 0.00000499
0.78750000, 0.11250000, -0.90000000, 0.00000557
0.67500000, 0.22500000, -0.90000000, 0.00000340
0.56250000, 0.33750000, -0.90000000, 0.00000118
0.45000000, 0.45000000, -0.90000000, -0.00000058
0.33750000, 0.56250000, -0.90000000, 0.00000113
0.22500000, 0.67500000, -0.90000000, 0.00000367
0.11250000, 0.78750000, -0.90000000, 0.00000485
0.00000000, 0.90000000, -0.90000000, 0.00000735
-0.11250000, 0.90000000, -0.78750000, 0.00001005
-0.22500000, 0.90000000, -0.67500000, 0.00000809
-0.33750000, 0.90000000, -0.56250000, 0.00000745
-0.45000000, 0.90000000, -0.45000000, -0.00000034
-0.56250000, 0.90000000, -0.33750000, -0.00000721
-0.67500000, 0.90000000, -0.22500000, -0.00000805
-0.78750000, 0.90000000, -0.11250000, -0.00000898
-0.90000000, 0.90000000, 0.00000000, -0.00000669
-0.90000000, 0.78750000, 0.11250000, -0.00000226
-0.90000000, 0.67500000, 0.22500000, -0.00000177
-0.90000000, 0.56250000, 0.33750000, -0.00000032
-0.90000000, 0.45000000, 0.45000000, 0.00000036
-0.90000000, 0.33750000, 0.56250000, -0.00000085
-0.90000000, 0.22500000, 0.67500000, -0.00000266
-0.90000000, 0.11250000, 0.78750000, -0.00000503
-0.90000000, 0.00000000, 0.90000000, -0.00000526
-0.78750000, -0.11250000, 0.90000000, -0.00000503
-0.67500000, -0.22500000, 0.90000000, -0.00000266
-0.56250000, -0.33750000, 0.90000000, -0.00000085
-0.45000000, -0.45000000, 0.90000000, 0.00000036
-0.33750000, -0.56250000, 0.90000000, -0.00000032
-0.22500000, -0.67500000, 0.90000000, -0.00000177
-0.11250000, -0.78750000, 0.90000000, -0.00000226
0.00000000, -0.90000000, 0.90000000, -0.00000669
0.11250000, -0.90000000, 0.78750000, -0.00000898
0.22500000, -0.90000000, 0.67500000, -0.00000805
0.33750000, -0.90000000, 0.56250000, -0.00000721
0.45000000, -0.90000000, 0.45000000, -0.00000034
0.56250000, -0.90000000, 0.33750000, 0.00000745
0.67500000, -0.90000000, 0.22500000, 0.00000809
0.78750000, -0.90000000, 0.11250000, 0.00001005
0.90000000, -0.90000000, 0.00000000, 0.00000735
0.90000000, -0.78750000, -0.11250000, 0.00000485
0.90000000, -0.67500000, -0.22500000, 0.00000367
0.90000000, -0.56250000, -0.33750000, 0.00000113
0.90000000, -0.45000000, -0.45000000, -0.00000058
0.90000000, -0.33750000, -0.56250000, 0.00000118
0.90000000, -0.22500000, -0.67500000, 0.00000340
0.90000000, -0.11250000, -0.78750000, 0.00000557
0.95000000, 0.00000000, -0.95000000, -0.00000630
0.83125000, 0.11875000, -0.95000000, -0.00000574
0.71250000, 0.23750000, -0.95000000, -0.00000334
0.59375000, 0.35625000, -0.95000000, -0.00000094
0.47500000, 0.47500000, -0.95000000, 0.00000073
0.35625000, 0.59375000, -0.95000000, -0.00000072
0.23750000, 0.71250000, -0.95000000, -0.00000323
0.11875000, 0.83125000, -0.95000000, -0.00000454
0.00000000, 0.95000000, -0.95000000, -0.00000909
-0.11875000, 0.95000000, -0.83125000, -0.00001061
-0.23750000, 0.95000000, -0.71250000, -0.00000806
-0.35625000, 0.95000000, -0.59375000, -0.00000677
-0.47500000, 0.95000000, -0.47500000, 0.00000110
-0.59375000, 0.95000000, -0.35625000, 0.00000727
-0.71250000, 0.95000000, -0.23750000, 0.00000785
-0.83125000, 0.95000000, -0.11875000, 0.00000915
-0.95000000, 0.95000000, 0.00000000, 0.00000838
-0.95000000, 0.83125000, 0.11875000, 0.00000193
-0.95000000, 0.71250000, 0.23750000, 0.00000118
-0.95000000, 0.59375000, 0.35625000, -0.00000027
-0.95000000, 0.47500000, 0.47500000, -0.00000076
-0.95000000, 0.35625000, 0.59375000, 0.00000056
-0.95000000, 0.23750000, 0.71250000, 0.00000272
-0.95000000, 0.11875000, 0.83125000, 0.00000562
-0.95000000, 0.00000000, 0.95000000, 0.00000688
-0.83125000, -0.11875000, 0.95000000, 0.00000562
-0.71250000, -0.23750000, 0.95000000, 0.00000272
-0.59375000, -0.35625000, 0.95000000, 0.00000056
-0.47500000, -0.47500000, 0.95000000, -0.00000076
-0.35625000, -0.59375000, 0.95000000, -0.00000027
-0.23750000, -0.71250000, 0.95000000, 0.00000118
-0.11875000, -0.83125000, 0.95000000, 0.00000193
0.00000000, -0.95000000, 0.95000000, 0.00000838
0.11875000, -0.95000000, 0.83125000, 0.00000915
0.23750000, -0.95000000, 0.71250000, 0.00000785
0.35625000, -0.95000000, 0.59375000, 0.00000727
0.47500000, -0.95000000, 0.47500000, 0.00000110
0.59375000, -0.95000000, 0.35625000, -0.00000677
0.71250000, -0.95000000, 0.23750000, -0.00000806
0.83125000, -0.95000000, 0.11875000, -0.00001061
0.95000000, -0.95000000, 0.00000000, -0.00000909
0.95000000, -0.83125000, -0.11875000, -0.00000454
0.95000000, -0.71250000, -0.23750000, -0.00000323
0.95000000, -0.59375000, -0.35625000, -0.00000072
0.95000000, -0.47500000, -0.47500000, 0.00000073
0.95000000, -0.35625000, -0.59375000, -0.00000094
0.95000000, -0.23750000, -0.71250000, -0.00000334
0.95000000, -0.11875000, -0.83125000, -0.00000574
1.00000000, 0.00000000, -1.00000000, 0.00000000
0.87500000, 0.12500000, -1.00000000, 0.00000000
0.75000000, 0.25000000, -1.00000000, 0.00000000
0.62500000, 0.37500000, -1.00000000, 0.00000000
0.50000000, 0.50000000, -1.00000000, 0.00000000
0.37500000, 0.62500000, -1.00000000, 0.00000000
0.25000000, 0.75000000, -1.00000000, 0.00000000
0.12500000, 0.87500000, -1.00000000, 0.00000000
0.00000000, 1.00000000, -1.00000000, 0.00000000
-0.12500000, 1.00000000, -0.87500000, 0.00000000
-0.25000000, 1.00000000, -0.75000000, 0.00000000
-0.37500000, 1.00000000, -0.62500000, 0.00000000
-0.50000000, 1.00000000, -0.50000000, 0.00000000
-0.62500000, 1.00000000, -0.37500000, 0.00000000
-0.75000000, 1.00000000, -0.25000000, 0.00000000
-0.87500000, 1.00000000, -0.12500000, 0.00000000
-1.00000000, 1.00000000, 0.00000000, 0.00000000
-1.00000000, 0.87500000, 0.12500000, 0.00000000
-1.00000000, 0.75000000, 0.25000000, 0.00000000
-1.00000000, 0.62500000, 0.37500000, 0.00000000
-1.00000000, 0.50000000, 0.50000000, 0.00000000
-1.00000000, 0.37500000, 0.62500000, 0.00000000
-1.00000000, 0.25000000, 0.75000000, 0.00000000
-1.00000000, 0.12500000, 0.87500000, 0.00000000
-1.00000000, 0.00000000, 1.00000000, 0.00000000
-0.87500000, -0.12500000, 1.00000000, 0.00000000
-0.75000000, -0.25000000, 1.00000000, 0.00000000
-0.62500000, -0.37500000, 1.00000000, 0.00000000
-0.50000000, -0.50000000, 1.00000000, 0.00000000
-0.37500000, -0.62500000, 1.00000000, 0.00000000
-0.25000000, -0.75000000, 1.00000000, 0.00000000
-0.12500000, -0.87500000, 1.00000000, 0.00000000
0.00000000, -1.00000000, 1.00000000, 0.00000000
0.12500000, -1.00000000, 0.87500000, 0.00000000
0.25000000, -1.00000000, 0.75000000, 0.00000000
0.37500000, -1.00000000, 0.62500000, 0.00000000
0.50000000, -1.00000000, 0.50000000, 0.00000000
0.62500000, -1.00000000, 0.37500000, 0.00000000
0.75000000, -1.00000000, 0.25000000, 0.00000000
0.87500000, -1.00000000, 0.12500000, 0.00000000
1.00000000, -1.00000000, 0.00000000, 0.00000000
1.00000000, -0.87500000, -0.12500000, 0.00000000
1.00000000, -0.75000000, -0.25000000, 0.00000000
1.00000000, -0.62500000, -0.37500000, 0.00000000
1.00000000, -0.50000000, -0.50000000, 0.00000000
1.00000000, -0.37500000, -0.62500000, 0.00000000
1.00000000, -0.25000000, -0.75000000, 0.00000000
1.00000000, -0.12500000, -0.87500000, 0.00000000
