0.01000000, 0.00000000, -0.01000000, -0.00000000
0.00000000, 0.01000000, -0.01000000, -0.00735397
-0.00125000, 0.01000000, -0.00875000, -0.01020329
-0.00250000, 0.01000000, -0.00750000, -0.01141253
-0.00375000, 0.01000000, -0.00625000, -0.01261756
-0.00500000, 0.01000000, -0.00500000, -0.01299205
-0.00625000, 0.01000000, -0.00375000, -0.01337667
-0.00750000, 0.01000000, -0.00250000, -0.01325638
-0.00875000, 0.01000000, -0.00125000, -0.01297860
-0.01000000, 0.01000000, 0.00000000, -0.01179191
-0.01000000, 0.00875000, 0.00125000, -0.00951592
-0.01000000, 0.00750000, 0.00250000, -0.00735176
-0.01000000, 0.00625000, 0.00375000, -0.00565702
-0.01000000, 0.00500000, 0.00500000, -0.00393548
-0.01000000, 0.00375000, 0.00625000, -0.00259505
-0.01000000, 0.00250000, 0.00750000, -0.00145415
-0.01000000, 0.00125000, 0.00875000, -0.00064877
-0.01000000, 0.00000000, 0.01000000, -0.00000000
0.00000000, -0.01000000, 0.01000000, 0.01179191
0.00125000, -0.01000000, 0.00875000, 0.01297860
0.00250000, -0.01000000, 0.00750000, 0.01325638
0.00375000, -0.01000000, 0.00625000, 0.01337667
0.00500000, -0.01000000, 0.00500000, 0.01299205
0.00625000, -0.01000000, 0.00375000, 0.01261756
0.00750000, -0.01000000, 0.00250000, 0.01141253
0.00875000, -0.01000000, 0.00125000, 0.01020329
0.01000000, -0.01000000, 0.00000000, 0.00735397
0.01000000, -0.00875000, -0.00125000, 0.00506200
0.01000000, -0.00750000, -0.00250000, 0.00368292
0.01000000, -0.00625000, -0.00375000, 0.00240417
0.01000000, -0.00500000, -0.00500000, 0.00169699
0.01000000, -0.00375000, -0.00625000, 0.00105974
0.01000000, -0.00250000, -0.00750000, 0.00059360
0.01000000, -0.00125000, -0.00875000, 0.00021889
0.02000000, 0.00000000, -0.02000000, 0.00000000
0.01750000, 0.00250000, -0.02000000, -0.00023944
0.01500000, 0.00500000, -0.02000000, -0.00063733
0.01250000, 0.00750000, -0.02000000, -0.00109056
0.01000000, 0.01000000, -0.02000000, -0.00184788
0.00750000, 0.01250000, -0.02000000, -0.00275785
0.00500000, 0.01500000, -0.02000000, -0.00392409
0.00250000, 0.01750000, -0.02000000, -0.00556838
0.00000000, 0.02000000, -0.02000000, -0.00828702
-0.00250000, 0.02000000, -0.01750000, -0.01138925
-0.00500000, 0.02000000, -0.01500000, -0.01290298
-0.00750000, 0.02000000, -0.01250000, -0.01381322
-0.01000000, 0.02000000, -0.01000000, -0.01410354
-0.01250000, 0.02000000, -0.00750000, -0.01420564
-0.01500000, 0.02000000, -0.00500000, -0.01360837
-0.01750000, 0.02000000, -0.00250000, -0.01264520
-0.02000000, 0.02000000, 0.00000000, -0.01048276
-0.02000000, 0.01750000, 0.00250000, -0.00808529
-0.02000000, 0.01500000, 0.00500000, -0.00622753
-0.02000000, 0.01250000, 0.00750000, -0.00463029
-0.02000000, 0.01000000, 0.01000000, -0.00328841
-0.02000000, 0.00750000, 0.01250000, -0.00217076
-0.02000000, 0.00500000, 0.01500000, -0.00122388
-0.02000000, 0.00250000, 0.01750000, -0.00051773
-0.02000000, 0.00000000, 0.02000000, -0.00000000
-0.01750000, -0.00250000, 0.02000000, 0.00051773
-0.01500000, -0.00500000, 0.02000000, 0.00122388
-0.01250000, -0.00750000, 0.02000000, 0.00217076
-0.01000000, -0.01000000, 0.02000000, 0.00328841
-0.00750000, -0.01250000, 0.02000000, 0.00463029
-0.00500000, -0.01500000, 0.02000000, 0.00622753
-0.00250000, -0.01750000, 0.02000000, 0.00808529
0.00000000, -0.02000000, 0.02000000, 0.01048276
0.00250000, -0.02000000, 0.01750000, 0.01264520
0.00500000, -0.02000000, 0.01500000, 0.01360837
0.00750000, -0.02000000, 0.01250000, 0.01420564
0.01000000, -0.02000000, 0.01000000, 0.01410354
0.01250000, -0.02000000, 0.00750000, 0.01381322
0.01500000, -0.02000000, 0.00500000, 0.01290298
0.01750000, -0.02000000, 0.00250000, 0.01138925
0.02000000, -0.02000000, 0.00000000, 0.00828702
0.02000000, -0.01750000, -0.00250000, 0.00556838
0.02000000, -0.01500000, -0.00500000, 0.00392409
0.02000000, -0.01250000, -0.00750000, 0.00275785
0.02000000, -0.01000000, -0.01000000, 0.00184788
0.02000000, -0.00750000, -0.01250000, 0.00109056
0.02000000, -0.00500000, -0.01500000, 0.00063733
0.02000000, -0.00250000, -0.01750000, 0.00023944
0.03000000, 0.00000000, -0.03000000, -0.00000000
0.02625000, 0.00375000, -0.03000000, -0.00018459
0.02250000, 0.00750000, -0.03000000, -0.00054360
0.01875000, 0.01125000, -0.03000000, -0.00100390
0.01500000, 0.01500000, -0.03000000, -0.00166294
0.01125000, 0.01875000, -0.03000000, -0.00254161
0.00750000, 0.02250000, -0.03000000, -0.00370155
0.00375000, 0.02625000, -0.03000000, -0.00535821
0.00000000, 0.03000000, -0.03000000, -0.00823788
-0.00375000, 0.03000000, -0.02625000, -0.01162825
-0.00750000, 0.03000000, -0.02250000, -0.01326094
-0.01125000, 0.03000000, -0.01875000, -0.01419468
-0.01500000, 0.03000000, -0.01500000, -0.01454050
-0.01875000, 0.03000000, -0.01125000, -0.01438524
-0.02250000, 0.03000000, -0.00750000, -0.01364860
-0.02625000, 0.03000000, -0.00375000, -0.01241709
-0.03000000, 0.03000000, 0.00000000, -0.00980263
-0.03000000, 0.02625000, 0.00375000, -0.00734725
-0.03000000, 0.02250000, 0.00750000, -0.00559851
-0.03000000, 0.01875000, 0.01125000, -0.00414650
-0.03000000, 0.01500000, 0.01500000, -0.00293924
-0.03000000, 0.01125000, 0.01875000, -0.00192899
-0.03000000, 0.00750000, 0.02250000, -0.00110291
-0.03000000, 0.00375000, 0.02625000, -0.00045991
-0.03000000, 0.00000000, 0.03000000, 0.00000000
-0.02625000, -0.00375000, 0.03000000, 0.00045991
-0.02250000, -0.00750000, 0.03000000, 0.00110291
-0.01875000, -0.01125000, 0.03000000, 0.00192899
-0.01500000, -0.01500000, 0.03000000, 0.00293924
-0.01125000, -0.01875000, 0.03000000, 0.00414650
-0.00750000, -0.02250000, 0.03000000, 0.00559851
-0.00375000, -0.02625000, 0.03000000, 0.00734725
0.00000000, -0.03000000, 0.03000000, 0.00980263
0.00375000, -0.03000000, 0.02625000, 0.01241709
0.00750000, -0.03000000, 0.02250000, 0.01364860
0.01125000, -0.03000000, 0.01875000, 0.01438524
0.01500000, -0.03000000, 0.01500000, 0.01454050
0.01875000, -0.03000000, 0.01125000, 0.01419468
0.02250000, -0.03000000, 0.00750000, 0.01326094
0.02625000, -0.03000000, 0.00375000, 0.01162825
0.03000000, -0.03000000, 0.00000000, 0.00823788
0.03000000, -0.02625000, -0.00375000, 0.00535821
0.03000000, -0.02250000, -0.00750000, 0.00370155
0.03000000, -0.01875000, -0.01125000, 0.00254161
0.03000000, -0.01500000, -0.01500000, 0.00166294
0.03000000, -0.01125000, -0.01875000, 0.00100390
0.03000000, -0.00750000, -0.02250000, 0.00054360
0.03000000, -0.00375000, -0.02625000, 0.00018459
0.04000000, 0.00000000, -0.04000000, 0.00000000
0.03500000, 0.00500000, -0.04000000, -0.00012084
0.03000000, 0.01000000, -0.04000000, -0.00040511
0.02500000, 0.01500000, -0.04000000, -0.00081201
0.02000000, 0.02000000, -0.04000000, -0.00139608
0.01500000, 0.02500000, -0.04000000, -0.00219935
0.01000000, 0.03000000, -0.04000000, -0.00331848
0.00500000, 0.03500000, -0.04000000, -0.00493465
0.00000000, 0.04000000, -0.04000000, -0.00790986
-0.00500000, 0.04000000, -0.03500000, -0.01155797
-0.01000000, 0.04000000, -0.03000000, -0.01332068
-0.01500000, 0.04000000, -0.02500000, -0.01427419
-0.02000000, 0.04000000, -0.02000000, -0.01460725
-0.02500000, 0.04000000, -0.01500000, -0.01439411
-0.03000000, 0.04000000, -0.01000000, -0.01361048
-0.03500000, 0.04000000, -0.00500000, -0.01216620
-0.04000000, 0.04000000, 0.00000000, -0.00927766
-0.04000000, 0.03500000, 0.00500000, -0.00681372
-0.04000000, 0.03000000, 0.01000000, -0.00514172
-0.04000000, 0.02500000, 0.01500000, -0.00379359
-0.04000000, 0.02000000, 0.02000000, -0.00267613
-0.04000000, 0.01500000, 0.02500000, -0.00175176
-0.04000000, 0.01000000, 0.03000000, -0.00100274
-0.04000000, 0.00500000, 0.03500000, -0.00041509
-0.04000000, 0.00000000, 0.04000000, -0.00000000
-0.03500000, -0.00500000, 0.04000000, 0.00041509
-0.03000000, -0.01000000, 0.04000000, 0.00100274
-0.02500000, -0.01500000, 0.04000000, 0.00175176
-0.02000000, -0.02000000, 0.04000000, 0.00267613
-0.01500000, -0.02500000, 0.04000000, 0.00379359
-0.01000000, -0.03000000, 0.04000000, 0.00514172
-0.00500000, -0.03500000, 0.04000000, 0.00681372
0.00000000, -0.04000000, 0.04000000, 0.00927766
0.00500000, -0.04000000, 0.03500000, 0.01216620
0.01000000, -0.04000000, 0.03000000, 0.01361048
0.01500000, -0.04000000, 0.02500000, 0.01439411
0.02000000, -0.04000000, 0.02000000, 0.01460725
0.02500000, -0.04000000, 0.01500000, 0.01427419
0.03000000, -0.04000000, 0.01000000, 0.01332068
0.03500000, -0.04000000, 0.00500000, 0.01155797
0.04000000, -0.04000000, 0.00000000, 0.00790986
0.04000000, -0.03500000, -0.00500000, 0.00493465
0.04000000, -0.03000000, -0.01000000, 0.00331848
0.04000000, -0.02500000, -0.01500000, 0.00219935
0.04000000, -0.02000000, -0.02000000, 0.00139608
0.04000000, -0.01500000, -0.02500000, 0.00081201
0.04000000, -0.01000000, -0.03000000, 0.00040511
0.04000000, -0.00500000, -0.03500000, 0.00012084
0.05000000, 0.00000000, -0.05000000, 0.00000000
0.04375000, 0.00625000, -0.05000000, -0.00004170
0.03750000, 0.01250000, -0.05000000, -0.00025891
0.03125000, 0.01875000, -0.05000000, -0.00058264
0.02500000, 0.02500000, -0.05000000, -0.00109031
0.01875000, 0.03125000, -0.05000000, -0.00182333
0.01250000, 0.03750000, -0.05000000, -0.00287093
0.00625000, 0.04375000, -0.05000000, -0.00444237
0.00000000, 0.05000000, -0.05000000, -0.00746779
-0.00625000, 0.05000000, -0.04375000, -0.01133306
-0.01250000, 0.05000000, -0.03750000, -0.01319226
-0.01875000, 0.05000000, -0.03125000, -0.01418767
-0.02500000, 0.05000000, -0.02500000, -0.01453308
-0.03125000, 0.05000000, -0.01875000, -0.01428993
-0.03750000, 0.05000000, -0.01250000, -0.01344600
-0.04375000, 0.05000000, -0.00625000, -0.01189648
-0.05000000, 0.05000000, 0.00000000, -0.00882339
-0.05000000, 0.04375000, 0.00625000, -0.00636790
-0.05000000, 0.03750000, 0.01250000, -0.00476486
-0.05000000, 0.03125000, 0.01875000, -0.00349423
-0.05000000, 0.02500000, 0.02500000, -0.00245396
-0.05000000, 0.01875000, 0.03125000, -0.00159971
-0.05000000, 0.01250000, 0.03750000, -0.00091123
-0.05000000, 0.00625000, 0.04375000, -0.00037411
-0.05000000, 0.00000000, 0.05000000, -0.00000000
-0.04375000, -0.00625000, 0.05000000, 0.00037411
-0.03750000, -0.01250000, 0.05000000, 0.00091123
-0.03125000, -0.01875000, 0.05000000, 0.00159971
-0.02500000, -0.02500000, 0.05000000, 0.00245396
-0.01875000, -0.03125000, 0.05000000, 0.00349423
-0.01250000, -0.03750000, 0.05000000, 0.00476486
-0.00625000, -0.04375000, 0.05000000, 0.00636790
0.00000000, -0.05000000, 0.05000000, 0.00882339
0.00625000, -0.05000000, 0.04375000, 0.01189648
0.01250000, -0.05000000, 0.03750000, 0.01344600
0.01875000, -0.05000000, 0.03125000, 0.01428993
0.02500000, -0.05000000, 0.02500000, 0.01453308
0.03125000, -0.05000000, 0.01875000, 0.01418767
0.03750000, -0.05000000, 0.01250000, 0.01319226
0.04375000, -0.05000000, 0.00625000, 0.01133306
0.05000000, -0.05000000, 0.00000000, 0.00746779
0.05000000, -0.04375000, -0.00625000, 0.00444237
0.05000000, -0.03750000, -0.01250000, 0.00287093
0.05000000, -0.03125000, -0.01875000, 0.00182333
0.05000000, -0.02500000, -0.02500000, 0.00109031
0.05000000, -0.01875000, -0.03125000, 0.00058264
0.05000000, -0.01250000, -0.03750000, 0.00025891
0.05000000, -0.00625000, -0.04375000, 0.00004170
0.06000000, 0.00000000, -0.06000000, 0.00000000
0.05250000, 0.00750000, -0.06000000, 0.00001624
0.04500000, 0.01500000, -0.06000000, -0.00010891
0.03750000, 0.02250000, -0.06000000, -0.00035608
0.03000000, 0.03000000, -0.06000000, -0.00076902
0.02250000, 0.03750000, -0.06000000, -0.00141326
0.01500000, 0.04500000, -0.06000000, -0.00238169
0.00750000, 0.05250000, -0.06000000, -0.00389511
0.00000000, 0.06000000, -0.06000000, -0.00696000
-0.00750000, 0.06000000, -0.05250000, -0.01101794
-0.01500000, 0.06000000, -0.04500000, -0.01296772
-0.02250000, 0.06000000, -0.03750000, -0.01400800
-0.03000000, 0.06000000, -0.03000000, -0.01435664
-0.03750000, 0.06000000, -0.02250000, -0.01410356
-0.04500000, 0.06000000, -0.01500000, -0.01322011
-0.05250000, 0.06000000, -0.00750000, -0.01159596
-0.06000000, 0.06000000, 0.00000000, -0.00841046
-0.06000000, 0.05250000, 0.00750000, -0.00598512
-0.06000000, 0.04500000, 0.01500000, -0.00444304
-0.06000000, 0.03750000, 0.02250000, -0.00323516
-0.06000000, 0.03000000, 0.03000000, -0.00225485
-0.06000000, 0.02250000, 0.03750000, -0.00145822
-0.06000000, 0.01500000, 0.04500000, -0.00082499
-0.06000000, 0.00750000, 0.05250000, -0.00033777
-0.06000000, 0.00000000, 0.06000000, -0.00000000
-0.05250000, -0.00750000, 0.06000000, 0.00033777
-0.04500000, -0.01500000, 0.06000000, 0.00082499
-0.03750000, -0.02250000, 0.06000000, 0.00145822
-0.03000000, -0.03000000, 0.06000000, 0.00225485
-0.02250000, -0.03750000, 0.06000000, 0.00323516
-0.01500000, -0.04500000, 0.06000000, 0.00444304
-0.00750000, -0.05250000, 0.06000000, 0.00598512
0.00000000, -0.06000000, 0.06000000, 0.00841046
0.00750000, -0.06000000, 0.05250000, 0.01159596
0.01500000, -0.06000000, 0.04500000, 0.01322011
0.02250000, -0.06000000, 0.03750000, 0.01410356
0.03000000, -0.06000000, 0.03000000, 0.01435664
0.03750000, -0.06000000, 0.02250000, 0.01400800
0.04500000, -0.06000000, 0.01500000, 0.01296772
0.05250000, -0.06000000, 0.00750000, 0.01101794
0.06000000, -0.06000000, 0.00000000, 0.00696000
0.06000000, -0.05250000, -0.00750000, 0.00389511
0.06000000, -0.04500000, -0.01500000, 0.00238169
0.06000000, -0.03750000, -0.02250000, 0.00141326
0.06000000, -0.03000000, -0.03000000, 0.00076902
0.06000000, -0.02250000, -0.03750000, 0.00035608
0.06000000, -0.01500000, -0.04500000, 0.00010891
0.06000000, -0.00750000, -0.05250000, -0.00001624
0.07000000, 0.00000000, -0.07000000, 0.00000000
0.06125000, 0.00875000, -0.07000000, 0.00007125
0.05250000, 0.01750000, -0.07000000, 0.00004617
0.04375000, 0.02625000, -0.07000000, -0.00011668
0.03500000, 0.03500000, -0.07000000, -0.00044556
0.02625000, 0.04375000, -0.07000000, -0.00100529
0.01750000, 0.05250000, -0.07000000, -0.00189448
0.00875000, 0.06125000, -0.07000000, -0.00334075
0.00000000, 0.07000000, -0.07000000, -0.00640668
-0.00875000, 0.07000000, -0.06125000, -0.01063079
-0.01750000, 0.07000000, -0.05250000, -0.01267188
-0.02625000, 0.07000000, -0.04375000, -0.01375813
-0.03500000, 0.07000000, -0.03500000, -0.01413016
-0.04375000, 0.07000000, -0.02625000, -0.01387359
-0.05250000, 0.07000000, -0.01750000, -0.01296821
-0.06125000, 0.07000000, -0.00875000, -0.01128049
-0.07000000, 0.07000000, 0.00000000, -0.00802935
-0.07000000, 0.06125000, 0.00875000, -0.00563038
-0.07000000, 0.05250000, 0.01750000, -0.00414141
-0.07000000, 0.04375000, 0.02625000, -0.00299219
-0.07000000, 0.03500000, 0.03500000, -0.00206788
-0.07000000, 0.02625000, 0.04375000, -0.00132615
-0.07000000, 0.01750000, 0.05250000, -0.00074187
-0.07000000, 0.00875000, 0.06125000, -0.00030279
-0.07000000, 0.00000000, 0.07000000, -0.00000000
-0.06125000, -0.00875000, 0.07000000, 0.00030279
-0.05250000, -0.01750000, 0.07000000, 0.00074187
-0.04375000, -0.02625000, 0.07000000, 0.00132615
-0.03500000, -0.03500000, 0.07000000, 0.00206788
-0.02625000, -0.04375000, 0.07000000, 0.00299219
-0.01750000, -0.05250000, 0.07000000, 0.00414141
-0.00875000, -0.06125000, 0.07000000, 0.00563038
0.00000000, -0.07000000, 0.07000000, 0.00802935
0.00875000, -0.07000000, 0.06125000, 0.01128049
0.01750000, -0.07000000, 0.05250000, 0.01296821
0.02625000, -0.07000000, 0.04375000, 0.01387359
0.03500000, -0.07000000, 0.03500000, 0.01413016
0.04375000, -0.07000000, 0.02625000, 0.01375813
0.05250000, -0.07000000, 0.01750000, 0.01267188
0.06125000, -0.07000000, 0.00875000, 0.01063079
0.07000000, -0.07000000, 0.00000000, 0.00640668
0.07000000, -0.06125000, -0.00875000, 0.00334075
0.07000000, -0.05250000, -0.01750000, 0.00189448
0.07000000, -0.04375000, -0.02625000, 0.00100529
0.07000000, -0.03500000, -0.03500000, 0.00044556
0.07000000, -0.02625000, -0.04375000, 0.00011668
0.07000000, -0.01750000, -0.05250000, -0.00004617
0.07000000, -0.00875000, -0.06125000, -0.00007125
0.08000000, 0.00000000, -0.08000000, -0.00000000
0.07000000, 0.01000000, -0.08000000, 0.00013679
0.06000000, 0.02000000, -0.08000000, 0.00019978
0.05000000, 0.03000000, -0.08000000, 0.00012330
0.04000000, 0.04000000, -0.08000000, -0.00012275
0.03000000, 0.05000000, -0.08000000, -0.00059981
0.02000000, 0.06000000, -0.08000000, -0.00140623
0.01000000, 0.07000000, -0.08000000, -0.00278235
0.00000000, 0.08000000, -0.08000000, -0.00583582
-0.01000000, 0.08000000, -0.07000000, -0.01020976
-0.02000000, 0.08000000, -0.06000000, -0.01233047
-0.03000000, 0.08000000, -0.05000000, -0.01346052
-0.04000000, 0.08000000, -0.04000000, -0.01386140
-0.05000000, 0.08000000, -0.03000000, -0.01360688
-0.06000000, 0.08000000, -0.02000000, -0.01269135
-0.07000000, 0.08000000, -0.01000000, -0.01096811
-0.08000000, 0.08000000, 0.00000000, -0.00767488
-0.08000000, 0.07000000, 0.01000000, -0.00530273
-0.08000000, 0.06000000, 0.02000000, -0.00386087
-0.08000000, 0.05000000, 0.03000000, -0.00276309
-0.08000000, 0.04000000, 0.04000000, -0.00189032
-0.08000000, 0.03000000, 0.05000000, -0.00119869
-0.08000000, 0.02000000, 0.06000000, -0.00066002
-0.08000000, 0.01000000, 0.07000000, -0.00026564
-0.08000000, 0.00000000, 0.08000000, 0.00000000
-0.07000000, -0.01000000, 0.08000000, 0.00026564
-0.06000000, -0.02000000, 0.08000000, 0.00066002
-0.05000000, -0.03000000, 0.08000000, 0.00119869
-0.04000000, -0.04000000, 0.08000000, 0.00189032
-0.03000000, -0.05000000, 0.08000000, 0.00276309
-0.02000000, -0.06000000, 0.08000000, 0.00386087
-0.01000000, -0.07000000, 0.08000000, 0.00530273
0.00000000, -0.08000000, 0.08000000, 0.00767488
0.01000000, -0.08000000, 0.07000000, 0.01096811
0.02000000, -0.08000000, 0.06000000, 0.01269135
0.03000000, -0.08000000, 0.05000000, 0.01360688
0.04000000, -0.08000000, 0.04000000, 0.01386140
0.05000000, -0.08000000, 0.03000000, 0.01346052
0.06000000, -0.08000000, 0.02000000, 0.01233047
0.07000000, -0.08000000, 0.01000000, 0.01020976
0.08000000, -0.08000000, 0.00000000, 0.00583582
0.08000000, -0.07000000, -0.01000000, 0.00278235
0.08000000, -0.06000000, -0.02000000, 0.00140623
0.08000000, -0.05000000, -0.03000000, 0.00059981
0.08000000, -0.04000000, -0.04000000, 0.00012275
0.08000000, -0.03000000, -0.05000000, -0.00012330
0.08000000, -0.02000000, -0.06000000, -0.00019978
0.08000000, -0.01000000, -0.07000000, -0.00013679
0.09000000, 0.00000000, -0.09000000, 0.00000000
0.07875000, 0.01125000, -0.09000000, 0.00020903
0.06750000, 0.02250000, -0.09000000, 0.00034803
0.05625000, 0.03375000, -0.09000000, 0.00035455
0.04500000, 0.04500000, -0.09000000, 0.00019667
0.03375000, 0.05625000, -0.09000000, -0.00019353
0.02250000, 0.06750000, -0.09000000, -0.00091356
0.01125000, 0.07875000, -0.09000000, -0.00221703
0.00000000, 0.09000000, -0.09000000, -0.00525822
-0.01125000, 0.09000000, -0.07875000, -0.00977301
-0.02250000, 0.09000000, -0.06750000, -0.01196068
-0.03375000, 0.09000000, -0.05625000, -0.01313168
-0.04500000, 0.09000000, -0.04500000, -0.01355554
-0.05625000, 0.09000000, -0.03375000, -0.01331029
-0.06750000, 0.09000000, -0.02250000, -0.01239363
-0.07875000, 0.09000000, -0.01125000, -0.01066160
-0.09000000, 0.09000000, 0.00000000, -0.00734291
-0.09000000, 0.07875000, 0.01125000, -0.00500202
-0.09000000, 0.06750000, 0.02250000, -0.00360218
-0.09000000, 0.05625000, 0.03375000, -0.00254768
-0.09000000, 0.04500000, 0.04500000, -0.00171999
-0.09000000, 0.03375000, 0.05625000, -0.00107278
-0.09000000, 0.02250000, 0.06750000, -0.00057833
-0.09000000, 0.01125000, 0.07875000, -0.00022600
-0.09000000, 0.00000000, 0.09000000, 0.00000000
-0.07875000, -0.01125000, 0.09000000, 0.00022600
-0.06750000, -0.02250000, 0.09000000, 0.00057833
-0.05625000, -0.03375000, 0.09000000, 0.00107278
-0.04500000, -0.04500000, 0.09000000, 0.00171999
-0.03375000, -0.05625000, 0.09000000, 0.00254768
-0.02250000, -0.06750000, 0.09000000, 0.00360218
-0.01125000, -0.07875000, 0.09000000, 0.00500202
0.00000000, -0.09000000, 0.09000000, 0.00734291
0.01125000, -0.09000000, 0.07875000, 0.01066160
0.02250000, -0.09000000, 0.06750000, 0.01239363
0.03375000, -0.09000000, 0.05625000, 0.01331029
0.04500000, -0.09000000, 0.04500000, 0.01355554
0.05625000, -0.09000000, 0.03375000, 0.01313168
0.06750000, -0.09000000, 0.02250000, 0.01196068
0.07875000, -0.09000000, 0.01125000, 0.00977301
0.09000000, -0.09000000, 0.00000000, 0.00525822
0.09000000, -0.07875000, -0.01125000, 0.00221703
0.09000000, -0.06750000, -0.02250000, 0.00091356
0.09000000, -0.05625000, -0.03375000, 0.00019353
0.09000000, -0.04500000, -0.04500000, -0.00019667
0.09000000, -0.03375000, -0.05625000, -0.00035455
0.09000000, -0.02250000, -0.06750000, -0.00034803
0.09000000, -0.01125000, -0.07875000, -0.00020903
0.10000000, 0.00000000, -0.10000000, 0.00000000
0.08750000, 0.01250000, -0.10000000, 0.00028061
0.07500000, 0.02500000, -0.10000000, 0.00049043
0.06250000, 0.03750000, -0.10000000, 0.00057686
0.05000000, 0.05000000, -0.10000000, 0.00050880
0.03750000, 0.06250000, -0.10000000, 0.00020860
0.02500000, 0.07500000, -0.10000000, -0.00042383
0.01250000, 0.08750000, -0.10000000, -0.00165130
0.00000000, 0.10000000, -0.10000000, -0.00467441
-0.01250000, 0.10000000, -0.08750000, -0.00932119
-0.02500000, 0.10000000, -0.07500000, -0.01156896
-0.03750000, 0.10000000, -0.06250000, -0.01277932
-0.05000000, 0.10000000, -0.05000000, -0.01322345
-0.06250000, 0.10000000, -0.03750000, -0.01299337
-0.07500000, 0.10000000, -0.02500000, -0.01208294
-0.08750000, 0.10000000, -0.01250000, -0.01035746
-0.10000000, 0.10000000, 0.00000000, -0.00703082
-0.10000000, 0.08750000, 0.01250000, -0.00472160
-0.10000000, 0.07500000, 0.02500000, -0.00335885
-0.10000000, 0.06250000, 0.03750000, -0.00234207
-0.10000000, 0.05000000, 0.05000000, -0.00155421
-0.10000000, 0.03750000, 0.06250000, -0.00094786
-0.10000000, 0.02500000, 0.07500000, -0.00049631
-0.10000000, 0.01250000, 0.08750000, -0.00018498
-0.10000000, 0.00000000, 0.10000000, -0.00000000
-0.08750000, -0.01250000, 0.10000000, 0.00018498
-0.07500000, -0.02500000, 0.10000000, 0.00049631
-0.06250000, -0.03750000, 0.10000000, 0.00094786
-0.05000000, -0.05000000, 0.10000000, 0.00155421
-0.03750000, -0.06250000, 0.10000000, 0.00234207
-0.02500000, -0.07500000, 0.10000000, 0.00335885
-0.01250000, -0.08750000, 0.10000000, 0.00472160
0.00000000, -0.10000000, 0.10000000, 0.00703082
0.01250000, -0.10000000, 0.08750000, 0.01035746
0.02500000, -0.10000000, 0.07500000, 0.01208294
0.03750000, -0.10000000, 0.06250000, 0.01299337
0.05000000, -0.10000000, 0.05000000, 0.01322345
0.06250000, -0.10000000, 0.03750000, 0.01277932
0.07500000, -0.10000000, 0.02500000, 0.01156896
0.08750000, -0.10000000, 0.01250000, 0.00932119
0.10000000, -0.10000000, 0.00000000, 0.00467441
0.10000000, -0.08750000, -0.01250000, 0.00165130
0.10000000, -0.07500000, -0.02500000, 0.00042383
0.10000000, -0.06250000, -0.03750000, -0.00020860
0.10000000, -0.05000000, -0.05000000, -0.00050880
0.10000000, -0.03750000, -0.06250000, -0.00057686
0.10000000, -0.02500000, -0.07500000, -0.00049043
0.10000000, -0.01250000, -0.08750000, -0.00028061
0.15000000, 0.00000000, -0.15000000, -0.00000000
0.13125000, 0.01875000, -0.15000000, 0.00056358
0.11250000, 0.03750000, -0.15000000, 0.00109877
0.09375000, 0.05625000, -0.15000000, 0.00155511
0.07500000, 0.07500000, -0.15000000, 0.00188415
0.05625000, 0.09375000, -0.15000000, 0.00200762
0.03750000, 0.11250000, -0.15000000, 0.00180795
0.01875000, 0.13125000, -0.15000000, 0.00099667
0.00000000, 0.15000000, -0.15000000, -0.00176557
-0.01875000, 0.15000000, -0.13125000, -0.00690867
-0.03750000, 0.15000000, -0.11250000, -0.00940944
-0.05625000, 0.15000000, -0.09375000, -0.01079496
-0.07500000, 0.15000000, -0.07500000, -0.01137794
-0.09375000, 0.15000000, -0.05625000, -0.01126221
-0.11250000, 0.15000000, -0.03750000, -0.01046388
-0.13125000, 0.15000000, -0.01875000, -0.00886514
-0.15000000, 0.15000000, 0.00000000, -0.00571697
-0.15000000, 0.13125000, 0.01875000, -0.00349454
-0.15000000, 0.11250000, 0.03750000, -0.00225058
-0.15000000, 0.09375000, 0.05625000, -0.00137790
-0.15000000, 0.07500000, 0.07500000, -0.00075400
-0.15000000, 0.05625000, 0.09375000, -0.00033073
-0.15000000, 0.03750000, 0.11250000, -0.00007441
-0.15000000, 0.01875000, 0.13125000, 0.00003010
-0.15000000, 0.00000000, 0.15000000, 0.00000000
-0.13125000, -0.01875000, 0.15000000, -0.00003010
-0.11250000, -0.03750000, 0.15000000, 0.00007441
-0.09375000, -0.05625000, 0.15000000, 0.00033073
-0.07500000, -0.07500000, 0.15000000, 0.00075400
-0.05625000, -0.09375000, 0.15000000, 0.00137790
-0.03750000, -0.11250000, 0.15000000, 0.00225058
-0.01875000, -0.13125000, 0.15000000, 0.00349454
0.00000000, -0.15000000, 0.15000000, 0.00571697
0.01875000, -0.15000000, 0.13125000, 0.00886514
0.03750000, -0.15000000, 0.11250000, 0.01046388
0.05625000, -0.15000000, 0.09375000, 0.01126221
0.07500000, -0.15000000, 0.07500000, 0.01137794
0.09375000, -0.15000000, 0.05625000, 0.01079496
0.11250000, -0.15000000, 0.03750000, 0.00940944
0.13125000, -0.15000000, 0.01875000, 0.00690867
0.15000000, -0.15000000, 0.00000000, 0.00176557
0.15000000, -0.13125000, -0.01875000, -0.00099667
0.15000000, -0.11250000, -0.03750000, -0.00180795
0.15000000, -0.09375000, -0.05625000, -0.00200762
0.15000000, -0.07500000, -0.07500000, -0.00188415
0.15000000, -0.05625000, -0.09375000, -0.00155511
0.15000000, -0.03750000, -0.11250000, -0.00109877
0.15000000, -0.01875000, -0.13125000, -0.00056358
0.20000000, 0.00000000, -0.20000000, 0.00000000
0.17500000, 0.02500000, -0.20000000, 0.00072633
0.15000000, 0.05000000, -0.20000000, 0.00147636
0.12500000, 0.07500000, -0.20000000, 0.00220398
0.10000000, 0.10000000, -0.20000000, 0.00286268
0.07500000, 0.12500000, -0.20000000, 0.00335730
0.05000000, 0.15000000, -0.20000000, 0.00356603
0.02500000, 0.17500000, -0.20000000, 0.00318636
0.00000000, 0.20000000, -0.20000000, 0.00082256
-0.02500000, 0.20000000, -0.17500000, -0.00457304
-0.05000000, 0.20000000, -0.15000000, -0.00720192
-0.07500000, 0.20000000, -0.12500000, -0.00869665
-0.10000000, 0.20000000, -0.10000000, -0.00939239
-0.12500000, 0.20000000, -0.07500000, -0.00942509
-0.15000000, 0.20000000, -0.05000000, -0.00881570
-0.17500000, 0.20000000, -0.02500000, -0.00746931
-0.20000000, 0.20000000, 0.00000000, -0.00466695
-0.20000000, 0.17500000, 0.02500000, -0.00247324
-0.20000000, 0.15000000, 0.05000000, -0.00128277
-0.20000000, 0.12500000, 0.07500000, -0.00049550
-0.20000000, 0.10000000, 0.10000000, 0.00001009
-0.20000000, 0.07500000, 0.12500000, 0.00028463
-0.20000000, 0.05000000, 0.15000000, 0.00036022
-0.20000000, 0.02500000, 0.17500000, 0.00025899
-0.20000000, 0.00000000, 0.20000000, -0.00000000
-0.17500000, -0.02500000, 0.20000000, -0.00025899
-0.15000000, -0.05000000, 0.20000000, -0.00036022
-0.12500000, -0.07500000, 0.20000000, -0.00028463
-0.10000000, -0.10000000, 0.20000000, -0.00001009
-0.07500000, -0.12500000, 0.20000000, 0.00049550
-0.05000000, -0.15000000, 0.20000000, 0.00128277
-0.02500000, -0.17500000, 0.20000000, 0.00247324
0.00000000, -0.20000000, 0.20000000, 0.00466695
0.02500000, -0.20000000, 0.17500000, 0.00746931
0.05000000, -0.20000000, 0.15000000, 0.00881570
0.07500000, -0.20000000, 0.12500000, 0.00942509
0.10000000, -0.20000000, 0.10000000, 0.00939239
0.12500000, -0.20000000, 0.07500000, 0.00869665
0.15000000, -0.20000000, 0.05000000, 0.00720192
0.17500000, -0.20000000, 0.02500000, 0.00457304
0.20000000, -0.20000000, 0.00000000, -0.00082256
0.20000000, -0.17500000, -0.02500000, -0.00318636
0.20000000, -0.15000000, -0.05000000, -0.00356603
0.20000000, -0.12500000, -0.07500000, -0.00335730
0.20000000, -0.10000000, -0.10000000, -0.00286268
0.20000000, -0.07500000, -0.12500000, -0.00220398
0.20000000, -0.05000000, -0.15000000, -0.00147636
0.20000000, -0.02500000, -0.17500000, -0.00072633
0.25000000, 0.00000000, -0.25000000, -0.00000000
0.21875000, 0.03125000, -0.25000000, 0.00075955
0.18750000, 0.06250000, -0.25000000, 0.00161405
0.15625000, 0.09375000, -0.25000000, 0.00250673
0.12500000, 0.12500000, -0.25000000, 0.00338047
0.09375000, 0.15625000, -0.25000000, 0.00414410
0.06250000, 0.18750000, -0.25000000, 0.00467266
0.03125000, 0.21875000, -0.25000000, 0.00466856
0.00000000, 0.25000000, -0.25000000, 0.00279014
-0.03125000, 0.25000000, -0.21875000, -0.00253780
-0.06250000, 0.25000000, -0.18750000, -0.00514782
-0.09375000, 0.25000000, -0.15625000, -0.00666425
-0.12500000, 0.25000000, -0.12500000, -0.00743623
-0.15625000, 0.25000000, -0.09375000, -0.00759612
-0.18750000, 0.25000000, -0.06250000, -0.00718223
-0.21875000, 0.25000000, -0.03125000, -0.00610922
-0.25000000, 0.25000000, 0.00000000, -0.00371716
-0.25000000, 0.21875000, 0.03125000, -0.00156199
-0.25000000, 0.18750000, 0.06250000, -0.00041758
-0.25000000, 0.15625000, 0.09375000, 0.00029785
-0.25000000, 0.12500000, 0.12500000, 0.00070484
-0.25000000, 0.09375000, 0.15625000, 0.00084697
-0.25000000, 0.06250000, 0.18750000, 0.00076030
-0.25000000, 0.03125000, 0.21875000, 0.00046809
-0.25000000, 0.00000000, 0.25000000, 0.00000000
-0.21875000, -0.03125000, 0.25000000, -0.00046809
-0.18750000, -0.06250000, 0.25000000, -0.00076030
-0.15625000, -0.09375000, 0.25000000, -0.00084697
-0.12500000, -0.12500000, 0.25000000, -0.00070484
-0.09375000, -0.15625000, 0.25000000, -0.00029785
-0.06250000, -0.18750000, 0.25000000, 0.00041758
-0.03125000, -0.21875000, 0.25000000, 0.00156199
0.00000000, -0.25000000, 0.25000000, 0.00371716
0.03125000, -0.25000000, 0.21875000, 0.00610922
0.06250000, -0.25000000, 0.18750000, 0.00718223
0.09375000, -0.25000000, 0.15625000, 0.00759612
0.12500000, -0.25000000, 0.12500000, 0.00743623
0.15625000, -0.25000000, 0.09375000, 0.00666425
0.18750000, -0.25000000, 0.06250000, 0.00514782
0.21875000, -0.25000000, 0.03125000, 0.00253780
0.25000000, -0.25000000, 0.00000000, -0.00279014
0.25000000, -0.21875000, -0.03125000, -0.00466856
0.25000000, -0.18750000, -0.06250000, -0.00467266
0.25000000, -0.15625000, -0.09375000, -0.00414410
0.25000000, -0.12500000, -0.12500000, -0.00338047
0.25000000, -0.09375000, -0.15625000, -0.00250673
0.25000000, -0.06250000, -0.18750000, -0.00161405
0.25000000, -0.03125000, -0.21875000, -0.00075955
0.30000000, 0.00000000, -0.30000000, -0.00000000
0.26250000, 0.03750000, -0.30000000, 0.00069009
0.22500000, 0.07500000, -0.30000000, 0.00153916
0.18750000, 0.11250000, -0.30000000, 0.00248550
0.15000000, 0.15000000, -0.30000000, 0.00346602
0.11250000, 0.18750000, -0.30000000, 0.00438044
0.07500000, 0.22500000, -0.30000000, 0.00510339
0.03750000, 0.26250000, -0.30000000, 0.00534440
0.00000000, 0.30000000, -0.30000000, 0.00388270
-0.03750000, 0.30000000, -0.26250000, -0.00101205
-0.07500000, 0.30000000, -0.22500000, -0.00341458
-0.11250000, 0.30000000, -0.18750000, -0.00483313
-0.15000000, 0.30000000, -0.15000000, -0.00559511
-0.18750000, 0.30000000, -0.11250000, -0.00582830
-0.22500000, 0.30000000, -0.07500000, -0.00557566
-0.26250000, 0.30000000, -0.03750000, -0.00476694
-0.30000000, 0.30000000, 0.00000000, -0.00280113
-0.30000000, 0.26250000, 0.03750000, -0.00079285
-0.30000000, 0.22500000, 0.07500000, 0.00027897
-0.30000000, 0.18750000, 0.11250000, 0.00092892
-0.30000000, 0.15000000, 0.15000000, 0.00125409
-0.30000000, 0.11250000, 0.18750000, 0.00128859
-0.30000000, 0.07500000, 0.22500000, 0.00106782
-0.30000000, 0.03750000, 0.26250000, 0.00062331
-0.30000000, 0.00000000, 0.30000000, 0.00000000
-0.26250000, -0.03750000, 0.30000000, -0.00062331
-0.22500000, -0.07500000, 0.30000000, -0.00106782
-0.18750000, -0.11250000, 0.30000000, -0.00128859
-0.15000000, -0.15000000, 0.30000000, -0.00125409
-0.11250000, -0.18750000, 0.30000000, -0.00092892
-0.07500000, -0.22500000, 0.30000000, -0.00027897
-0.03750000, -0.26250000, 0.30000000, 0.00079285
0.00000000, -0.30000000, 0.30000000, 0.00280113
0.03750000, -0.30000000, 0.26250000, 0.00476694
0.07500000, -0.30000000, 0.22500000, 0.00557566
0.11250000, -0.30000000, 0.18750000, 0.00582830
0.15000000, -0.30000000, 0.15000000, 0.00559511
0.18750000, -0.30000000, 0.11250000, 0.00483313
0.22500000, -0.30000000, 0.07500000, 0.00341458
0.26250000, -0.30000000, 0.03750000, 0.00101205
0.30000000, -0.30000000, 0.00000000, -0.00388270
0.30000000, -0.26250000, -0.03750000, -0.00534440
0.30000000, -0.22500000, -0.07500000, -0.00510339
0.30000000, -0.18750000, -0.11250000, -0.00438044
0.30000000, -0.15000000, -0.15000000, -0.00346602
0.30000000, -0.11250000, -0.18750000, -0.00248550
0.30000000, -0.07500000, -0.22500000, -0.00153916
0.30000000, -0.03750000, -0.26250000, -0.00069009
0.35000000, 0.00000000, -0.35000000, 0.00000000
0.30625000, 0.04375000, -0.35000000, 0.00055650
0.26250000, 0.08750000, -0.35000000, 0.00131733
0.21875000, 0.13125000, -0.35000000, 0.00222358
0.17500000, 0.17500000, -0.35000000, 0.00320883
0.13125000, 0.21875000, -0.35000000, 0.00415860
0.08750000, 0.26250000, -0.35000000, 0.00493710
0.04375000, 0.30625000, -0.35000000, 0.00526523
0.00000000, 0.35000000, -0.35000000, 0.00408214
-0.04375000, 0.35000000, -0.30625000, -0.00005930
-0.08750000, 0.35000000, -0.26250000, -0.00208743
-0.13125000, 0.35000000, -0.21875000, -0.00329638
-0.17500000, 0.35000000, -0.17500000, -0.00396210
-0.21875000, 0.35000000, -0.13125000, -0.00420394
-0.26250000, 0.35000000, -0.08750000, -0.00405989
-0.30625000, 0.35000000, -0.04375000, -0.00348144
-0.35000000, 0.35000000, 0.00000000, -0.00195877
-0.35000000, 0.30625000, 0.04375000, -0.00022281
-0.35000000, 0.26250000, 0.08750000, 0.00074523
-0.35000000, 0.21875000, 0.13125000, 0.00133246
-0.35000000, 0.17500000, 0.17500000, 0.00159460
-0.35000000, 0.13125000, 0.21875000, 0.00155106
-0.35000000, 0.08750000, 0.26250000, 0.00123656
-0.35000000, 0.04375000, 0.30625000, 0.00069709
-0.35000000, 0.00000000, 0.35000000, -0.00000000
-0.30625000, -0.04375000, 0.35000000, -0.00069709
-0.26250000, -0.08750000, 0.35000000, -0.00123656
-0.21875000, -0.13125000, 0.35000000, -0.00155106
-0.17500000, -0.17500000, 0.35000000, -0.00159460
-0.13125000, -0.21875000, 0.35000000, -0.00133246
-0.08750000, -0.26250000, 0.35000000, -0.00074523
-0.04375000, -0.30625000, 0.35000000, 0.00022281
0.00000000, -0.35000000, 0.35000000, 0.00195877
0.04375000, -0.35000000, 0.30625000, 0.00348144
0.08750000, -0.35000000, 0.26250000, 0.00405989
0.13125000, -0.35000000, 0.21875000, 0.00420394
0.17500000, -0.35000000, 0.17500000, 0.00396210
0.21875000, -0.35000000, 0.13125000, 0.00329638
0.26250000, -0.35000000, 0.08750000, 0.00208743
0.30625000, -0.35000000, 0.04375000, 0.00005930
0.35000000, -0.35000000, 0.00000000, -0.00408214
0.35000000, -0.30625000, -0.04375000, -0.00526523
0.35000000, -0.26250000, -0.08750000, -0.00493710
0.35000000, -0.21875000, -0.13125000, -0.00415860
0.35000000, -0.17500000, -0.17500000, -0.00320883
0.35000000, -0.13125000, -0.21875000, -0.00222358
0.35000000, -0.08750000, -0.26250000, -0.00131733
0.35000000, -0.04375000, -0.30625000, -0.00055650
0.40000000, 0.00000000, -0.40000000, 0.00000000
0.35000000, 0.05000000, -0.40000000, 0.00039992
0.30000000, 0.10000000, -0.40000000, 0.00102676
0.25000000, 0.15000000, -0.40000000, 0.00182934
0.20000000, 0.20000000, -0.40000000, 0.00273415
0.15000000, 0.25000000, -0.40000000, 0.00362081
0.10000000, 0.30000000, -0.40000000, 0.00433636
0.05000000, 0.35000000, -0.40000000, 0.00461530
0.00000000, 0.40000000, -0.40000000, 0.00358547
-0.05000000, 0.40000000, -0.35000000, 0.00038979
-0.10000000, 0.40000000, -0.30000000, -0.00116869
-0.15000000, 0.40000000, -0.25000000, -0.00209954
-0.20000000, 0.40000000, -0.20000000, -0.00261788
-0.25000000, 0.40000000, -0.15000000, -0.00281608
-0.30000000, 0.40000000, -0.10000000, -0.00273280
-0.35000000, 0.40000000, -0.05000000, -0.00233950
-0.40000000, 0.40000000, 0.00000000, -0.00126751
-0.40000000, 0.35000000, 0.05000000, 0.00011648
-0.40000000, 0.30000000, 0.10000000, 0.00095895
-0.40000000, 0.25000000, 0.15000000, 0.00148504
-0.40000000, 0.20000000, 0.20000000, 0.00170202
-0.40000000, 0.15000000, 0.25000000, 0.00161104
-0.40000000, 0.10000000, 0.30000000, 0.00124980
-0.40000000, 0.05000000, 0.35000000, 0.00068057
-0.40000000, 0.00000000, 0.40000000, -0.00000000
-0.35000000, -0.05000000, 0.40000000, -0.00068057
-0.30000000, -0.10000000, 0.40000000, -0.00124980
-0.25000000, -0.15000000, 0.40000000, -0.00161104
-0.20000000, -0.20000000, 0.40000000, -0.00170202
-0.15000000, -0.25000000, 0.40000000, -0.00148504
-0.10000000, -0.30000000, 0.40000000, -0.00095895
-0.05000000, -0.35000000, 0.40000000, -0.00011648
0.00000000, -0.40000000, 0.40000000, 0.00126751
0.05000000, -0.40000000, 0.35000000, 0.00233950
0.10000000, -0.40000000, 0.30000000, 0.00273280
0.15000000, -0.40000000, 0.25000000, 0.00281608
0.20000000, -0.40000000, 0.20000000, 0.00261788
0.25000000, -0.40000000, 0.15000000, 0.00209954
0.30000000, -0.40000000, 0.10000000, 0.00116869
0.35000000, -0.40000000, 0.05000000, -0.00038979
0.40000000, -0.40000000, 0.00000000, -0.00358547
0.40000000, -0.35000000, -0.05000000, -0.00461530
0.40000000, -0.30000000, -0.10000000, -0.00433636
0.40000000, -0.25000000, -0.15000000, -0.00362081
0.40000000, -0.20000000, -0.20000000, -0.00273415
0.40000000, -0.15000000, -0.25000000, -0.00182934
0.40000000, -0.10000000, -0.30000000, -0.00102676
0.40000000, -0.05000000, -0.35000000, -0.00039992
0.45000000, 0.00000000, -0.45000000, -0.00000000
0.39375000, 0.05625000, -0.45000000, 0.00025625
0.33750000, 0.11250000, -0.45000000, 0.00073325
0.28125000, 0.16875000, -0.45000000, 0.00139581
0.22500000, 0.22500000, -0.45000000, 0.00216999
0.16875000, 0.28125000, -0.45000000, 0.00292978
0.11250000, 0.33750000, -0.45000000, 0.00350809
0.05625000, 0.39375000, -0.45000000, 0.00365726
0.00000000, 0.45000000, -0.45000000, 0.00270728
-0.05625000, 0.45000000, -0.39375000, 0.00047757
-0.11250000, 0.45000000, -0.33750000, -0.00060264
-0.16875000, 0.45000000, -0.28125000, -0.00124454
-0.22500000, 0.45000000, -0.22500000, -0.00159912
-0.28125000, 0.45000000, -0.16875000, -0.00173100
-0.33750000, 0.45000000, -0.11250000, -0.00167749
-0.39375000, 0.45000000, -0.05625000, -0.00142859
-0.45000000, 0.45000000, 0.00000000, -0.00076474
-0.45000000, 0.39375000, 0.05625000, 0.00024510
-0.45000000, 0.33750000, 0.11250000, 0.00094783
-0.45000000, 0.28125000, 0.16875000, 0.00141371
-0.45000000, 0.22500000, 0.22500000, 0.00160045
-0.45000000, 0.16875000, 0.28125000, 0.00149150
-0.45000000, 0.11250000, 0.33750000, 0.00112724
-0.45000000, 0.05625000, 0.39375000, 0.00058921
-0.45000000, 0.00000000, 0.45000000, 0.00000000
-0.39375000, -0.05625000, 0.45000000, -0.00058921
-0.33750000, -0.11250000, 0.45000000, -0.00112724
-0.28125000, -0.16875000, 0.45000000, -0.00149150
-0.22500000, -0.22500000, 0.45000000, -0.00160045
-0.16875000, -0.28125000, 0.45000000, -0.00141371
-0.11250000, -0.33750000, 0.45000000, -0.00094783
-0.05625000, -0.39375000, 0.45000000, -0.00024510
0.00000000, -0.45000000, 0.45000000, 0.00076474
0.05625000, -0.45000000, 0.39375000, 0.00142859
0.11250000, -0.45000000, 0.33750000, 0.00167749
0.16875000, -0.45000000, 0.28125000, 0.00173100
0.22500000, -0.45000000, 0.22500000, 0.00159912
0.28125000, -0.45000000, 0.16875000, 0.00124454
0.33750000, -0.45000000, 0.11250000, 0.00060264
0.39375000, -0.45000000, 0.05625000, -0.00047757
0.45000000, -0.45000000, 0.00000000, -0.00270728
0.45000000, -0.39375000, -0.05625000, -0.00365726
0.45000000, -0.33750000, -0.11250000, -0.00350809
0.45000000, -0.28125000, -0.16875000, -0.00292978
0.45000000, -0.22500000, -0.22500000, -0.00216999
0.45000000, -0.16875000, -0.28125000, -0.00139581
0.45000000, -0.11250000, -0.33750000, -0.00073325
0.45000000, -0.05625000, -0.39375000, -0.00025625
0.50000000, 0.00000000, -0.50000000, -0.00000000
0.43750000, 0.06250000, -0.50000000, 0.00014633
0.37500000, 0.12500000, -0.50000000, 0.00048122
0.31250000, 0.18750000, -0.50000000, 0.00099224
0.25000000, 0.25000000, -0.50000000, 0.00161619
0.18750000, 0.31250000, -0.50000000, 0.00222087
0.12500000, 0.37500000, -0.50000000, 0.00263375
0.06250000, 0.43750000, -0.50000000, 0.00263772
0.00000000, 0.50000000, -0.50000000, 0.00176810
-0.06250000, 0.50000000, -0.43750000, 0.00037464
-0.12500000, 0.50000000, -0.37500000, -0.00029514
-0.18750000, 0.50000000, -0.31250000, -0.00068934
-0.25000000, 0.50000000, -0.25000000, -0.00089805
-0.31250000, 0.50000000, -0.18750000, -0.00096800
-0.37500000, 0.50000000, -0.12500000, -0.00092833
-0.43750000, 0.50000000, -0.06250000, -0.00078498
-0.50000000, 0.50000000, 0.00000000, -0.00043316
-0.50000000, 0.43750000, 0.06250000, 0.00023451
-0.50000000, 0.37500000, 0.12500000, 0.00078867
-0.50000000, 0.31250000, 0.18750000, 0.00118981
-0.50000000, 0.25000000, 0.25000000, 0.00135406
-0.50000000, 0.18750000, 0.31250000, 0.00124914
-0.50000000, 0.12500000, 0.37500000, 0.00091606
-0.50000000, 0.06250000, 0.43750000, 0.00045475
-0.50000000, 0.00000000, 0.50000000, 0.00000000
-0.43750000, -0.06250000, 0.50000000, -0.00045475
-0.37500000, -0.12500000, 0.50000000, -0.00091606
-0.31250000, -0.18750000, 0.50000000, -0.00124914
-0.25000000, -0.25000000, 0.50000000, -0.00135406
-0.18750000, -0.31250000, 0.50000000, -0.00118981
-0.12500000, -0.37500000, 0.50000000, -0.00078867
-0.06250000, -0.43750000, 0.50000000, -0.00023451
0.00000000, -0.50000000, 0.50000000, 0.00043316
0.06250000, -0.50000000, 0.43750000, 0.00078498
0.12500000, -0.50000000, 0.37500000, 0.00092833
0.18750000, -0.50000000, 0.31250000, 0.00096800
0.25000000, -0.50000000, 0.25000000, 0.00089805
0.31250000, -0.50000000, 0.18750000, 0.00068934
0.37500000, -0.50000000, 0.12500000, 0.00029514
0.43750000, -0.50000000, 0.06250000, -0.00037464
0.50000000, -0.50000000, 0.00000000, -0.00176810
0.50000000, -0.43750000, -0.06250000, -0.00263772
0.50000000, -0.37500000, -0.12500000, -0.00263375
0.50000000, -0.31250000, -0.18750000, -0.00222087
0.50000000, -0.25000000, -0.25000000, -0.00161619
0.50000000, -0.18750000, -0.31250000, -0.00099224
0.50000000, -0.12500000, -0.37500000, -0.00048122
0.50000000, -0.06250000, -0.43750000, -0.00014633
0.55000000, 0.00000000, -0.55000000, 0.00000000
0.48125000, 0.06875000, -0.55000000, 0.00007443
0.41250000, 0.13750000, -0.55000000, 0.00029146
0.34375000, 0.20625000, -0.55000000, 0.00066038
0.27500000, 0.27500000, -0.55000000, 0.00113335
0.20625000, 0.34375000, -0.55000000, 0.00158090
0.13750000, 0.41250000, -0.55000000, 0.00183630
0.06875000, 0.48125000, -0.55000000, 0.00173008
0.00000000, 0.55000000, -0.55000000, 0.00099416
-0.06875000, 0.55000000, -0.48125000, 0.00022477
-0.13750000, 0.55000000, -0.41250000, -0.00014580
-0.20625000, 0.55000000, -0.34375000, -0.00036256
-0.27500000, 0.55000000, -0.27500000, -0.00046808
-0.34375000, 0.55000000, -0.20625000, -0.00049393
-0.41250000, 0.55000000, -0.13750000, -0.00046084
-0.48125000, 0.55000000, -0.06875000, -0.00038423
-0.55000000, 0.55000000, 0.00000000, -0.00022867
-0.55000000, 0.48125000, 0.06875000, 0.00016800
-0.55000000, 0.41250000, 0.13750000, 0.00057360
-0.55000000, 0.34375000, 0.20625000, 0.00090074
-0.55000000, 0.27500000, 0.27500000, 0.00104223
-0.55000000, 0.20625000, 0.34375000, 0.00095265
-0.55000000, 0.13750000, 0.41250000, 0.00067293
-0.55000000, 0.06875000, 0.48125000, 0.00031240
-0.55000000, 0.00000000, 0.55000000, -0.00000000
-0.48125000, -0.06875000, 0.55000000, -0.00031240
-0.41250000, -0.13750000, 0.55000000, -0.00067293
-0.34375000, -0.20625000, 0.55000000, -0.00095265
-0.27500000, -0.27500000, 0.55000000, -0.00104223
-0.20625000, -0.34375000, 0.55000000, -0.00090074
-0.13750000, -0.41250000, 0.55000000, -0.00057360
-0.06875000, -0.48125000, 0.55000000, -0.00016800
0.00000000, -0.55000000, 0.55000000, 0.00022867
0.06875000, -0.55000000, 0.48125000, 0.00038423
0.13750000, -0.55000000, 0.41250000, 0.00046084
0.20625000, -0.55000000, 0.34375000, 0.00049393
0.27500000, -0.55000000, 0.27500000, 0.00046808
0.34375000, -0.55000000, 0.20625000, 0.00036256
0.41250000, -0.55000000, 0.13750000, 0.00014580
0.48125000, -0.55000000, 0.06875000, -0.00022477
0.55000000, -0.55000000, 0.00000000, -0.00099416
0.55000000, -0.48125000, -0.06875000, -0.00173008
0.55000000, -0.41250000, -0.13750000, -0.00183630
0.55000000, -0.34375000, -0.20625000, -0.00158090
0.55000000, -0.27500000, -0.27500000, -0.00113335
0.55000000, -0.20625000, -0.34375000, -0.00066038
0.55000000, -0.13750000, -0.41250000, -0.00029146
0.55000000, -0.06875000, -0.48125000, -0.00007443
0.60000000, 0.00000000, -0.60000000, 0.00000000
0.52500000, 0.07500000, -0.60000000, 0.00003391
0.45000000, 0.15000000, -0.60000000, 0.00016406
0.37500000, 0.22500000, -0.60000000, 0.00041337
0.30000000, 0.30000000, -0.60000000, 0.00074796
0.22500000, 0.37500000, -0.60000000, 0.00105407
0.15000000, 0.45000000, -0.60000000, 0.00118340
0.07500000, 0.52500000, -0.60000000, 0.00102476
0.00000000, 0.60000000, -0.60000000, 0.00047501
-0.07500000, 0.60000000, -0.52500000, 0.00010751
-0.15000000, 0.60000000, -0.45000000, -0.00007724
-0.22500000, 0.60000000, -0.37500000, -0.00018760
-0.30000000, 0.60000000, -0.30000000, -0.00023616
-0.37500000, 0.60000000, -0.22500000, -0.00023702
-0.45000000, 0.60000000, -0.15000000, -0.00020759
-0.52500000, 0.60000000, -0.07500000, -0.00016553
-0.60000000, 0.60000000, 0.00000000, -0.00010864
-0.60000000, 0.52500000, 0.07500000, 0.00010200
-0.60000000, 0.45000000, 0.15000000, 0.00037224
-0.60000000, 0.37500000, 0.22500000, 0.00061902
-0.60000000, 0.30000000, 0.30000000, 0.00073382
-0.60000000, 0.22500000, 0.37500000, 0.00066293
-0.60000000, 0.15000000, 0.45000000, 0.00044647
-0.60000000, 0.07500000, 0.52500000, 0.00018978
-0.60000000, 0.00000000, 0.60000000, -0.00000000
-0.52500000, -0.07500000, 0.60000000, -0.00018978
-0.45000000, -0.15000000, 0.60000000, -0.00044647
-0.37500000, -0.22500000, 0.60000000, -0.00066293
-0.30000000, -0.30000000, 0.60000000, -0.00073382
-0.22500000, -0.37500000, 0.60000000, -0.00061902
-0.15000000, -0.45000000, 0.60000000, -0.00037224
-0.07500000, -0.52500000, 0.60000000, -0.00010200
0.00000000, -0.60000000, 0.60000000, 0.00010864
0.07500000, -0.60000000, 0.52500000, 0.00016553
0.15000000, -0.60000000, 0.45000000, 0.00020759
0.22500000, -0.60000000, 0.37500000, 0.00023702
0.30000000, -0.60000000, 0.30000000, 0.00023616
0.37500000, -0.60000000, 0.22500000, 0.00018760
0.45000000, -0.60000000, 0.15000000, 0.00007724
0.52500000, -0.60000000, 0.07500000, -0.00010751
0.60000000, -0.60000000, 0.00000000, -0.00047501
0.60000000, -0.52500000, -0.07500000, -0.00102476
0.60000000, -0.45000000, -0.15000000, -0.00118340
0.60000000, -0.37500000, -0.22500000, -0.00105407
0.60000000, -0.30000000, -0.30000000, -0.00074796
0.60000000, -0.22500000, -0.37500000, -0.00041337
0.60000000, -0.15000000, -0.45000000, -0.00016406
0.60000000, -0.07500000, -0.52500000, -0.00003391
0.65000000, 0.00000000, -0.65000000, -0.00000000
0.56875000, 0.08125000, -0.65000000, 0.00001429
0.48750000, 0.16250000, -0.65000000, 0.00008636
0.40625000, 0.24375000, -0.65000000, 0.00024300
0.32500000, 0.32500000, -0.65000000, 0.00046271
0.24375000, 0.40625000, -0.65000000, 0.00065447
0.16250000, 0.48750000, -0.65000000, 0.00069951
0.08125000, 0.56875000, -0.65000000, 0.00054238
0.00000000, 0.65000000, -0.65000000, 0.00018837
-0.08125000, 0.65000000, -0.56875000, 0.00004085
-0.16250000, 0.65000000, -0.48750000, -0.00004460
-0.24375000, 0.65000000, -0.40625000, -0.00010105
-0.32500000, 0.65000000, -0.32500000, -0.00012457
-0.40625000, 0.65000000, -0.24375000, -0.00011481
-0.48750000, 0.65000000, -0.16250000, -0.00008851
-0.56875000, 0.65000000, -0.08125000, -0.00006210
-0.65000000, 0.65000000, 0.00000000, -0.00004304
-0.65000000, 0.56875000, 0.08125000, 0.00005645
-0.65000000, 0.48750000, 0.16250000, 0.00021728
-0.65000000, 0.40625000, 0.24375000, 0.00038699
-0.65000000, 0.32500000, 0.32500000, 0.00047286
-0.65000000, 0.24375000, 0.40625000, 0.00042055
-0.65000000, 0.16250000, 0.48750000, 0.00026655
-0.65000000, 0.08125000, 0.56875000, 0.00010104
-0.65000000, 0.00000000, 0.65000000, 0.00000000
-0.56875000, -0.08125000, 0.65000000, -0.00010104
-0.48750000, -0.16250000, 0.65000000, -0.00026655
-0.40625000, -0.24375000, 0.65000000, -0.00042055
-0.32500000, -0.32500000, 0.65000000, -0.00047286
-0.24375000, -0.40625000, 0.65000000, -0.00038699
-0.16250000, -0.48750000, 0.65000000, -0.00021728
-0.08125000, -0.56875000, 0.65000000, -0.00005645
0.00000000, -0.65000000, 0.65000000, 0.00004304
0.08125000, -0.65000000, 0.56875000, 0.00006210
0.16250000, -0.65000000, 0.48750000, 0.00008851
0.24375000, -0.65000000, 0.40625000, 0.00011481
0.32500000, -0.65000000, 0.32500000, 0.00012457
0.40625000, -0.65000000, 0.24375000, 0.00010105
0.48750000, -0.65000000, 0.16250000, 0.00004460
0.56875000, -0.65000000, 0.08125000, -0.00004085
0.65000000, -0.65000000, 0.00000000, -0.00018837
0.65000000, -0.56875000, -0.08125000, -0.00054238
0.65000000, -0.48750000, -0.16250000, -0.00069951
0.65000000, -0.40625000, -0.24375000, -0.00065447
0.65000000, -0.32500000, -0.32500000, -0.00046271
0.65000000, -0.24375000, -0.40625000, -0.00024300
0.65000000, -0.16250000, -0.48750000, -0.00008636
0.65000000, -0.08125000, -0.56875000, -0.00001429
0.70000000, 0.00000000, -0.70000000, -0.00000000
0.61250000, 0.08750000, -0.70000000, 0.00000606
0.52500000, 0.17500000, -0.70000000, 0.00004233
0.43750000, 0.26250000, -0.70000000, 0.00013225
0.35000000, 0.35000000, -0.70000000, 0.00026611
0.26250000, 0.43750000, -0.70000000, 0.00037518
0.17500000, 0.52500000, -0.70000000, 0.00037584
0.08750000, 0.61250000, -0.70000000, 0.00025402
0.00000000, 0.70000000, -0.70000000, 0.00005934
-0.08750000, 0.70000000, -0.61250000, 0.00001083
-0.17500000, 0.70000000, -0.52500000, -0.00002734
-0.26250000, 0.70000000, -0.43750000, -0.00005938
-0.35000000, 0.70000000, -0.35000000, -0.00007236
-0.43750000, 0.70000000, -0.26250000, -0.00006039
-0.52500000, 0.70000000, -0.17500000, -0.00003799
-0.61250000, 0.70000000, -0.08750000, -0.00002043
-0.70000000, 0.70000000, 0.00000000, -0.00001223
-0.70000000, 0.61250000, 0.08750000, 0.00002917
-0.70000000, 0.52500000, 0.17500000, 0.00011312
-0.70000000, 0.43750000, 0.26250000, 0.00021868
-0.70000000, 0.35000000, 0.35000000, 0.00027742
-0.70000000, 0.26250000, 0.43750000, 0.00024228
-0.70000000, 0.17500000, 0.52500000, 0.00014229
-0.70000000, 0.08750000, 0.61250000, 0.00004683
-0.70000000, 0.00000000, 0.70000000, 0.00000000
-0.61250000, -0.08750000, 0.70000000, -0.00004683
-0.52500000, -0.17500000, 0.70000000, -0.00014229
-0.43750000, -0.26250000, 0.70000000, -0.00024228
-0.35000000, -0.35000000, 0.70000000, -0.00027742
-0.26250000, -0.43750000, 0.70000000, -0.00021868
-0.17500000, -0.52500000, 0.70000000, -0.00011312
-0.08750000, -0.61250000, 0.70000000, -0.00002917
0.00000000, -0.70000000, 0.70000000, 0.00001223
0.08750000, -0.70000000, 0.61250000, 0.00002043
0.17500000, -0.70000000, 0.52500000, 0.00003799
0.26250000, -0.70000000, 0.43750000, 0.00006039
0.35000000, -0.70000000, 0.35000000, 0.00007236
0.43750000, -0.70000000, 0.26250000, 0.00005938
0.52500000, -0.70000000, 0.17500000, 0.00002734
0.61250000, -0.70000000, 0.08750000, -0.00001083
0.70000000, -0.70000000, 0.00000000, -0.00005934
0.70000000, -0.61250000, -0.08750000, -0.00025402
0.70000000, -0.52500000, -0.17500000, -0.00037584
0.70000000, -0.43750000, -0.26250000, -0.00037518
0.70000000, -0.35000000, -0.35000000, -0.00026611
0.70000000, -0.26250000, -0.43750000, -0.00013225
0.70000000, -0.17500000, -0.52500000, -0.00004233
0.70000000, -0.08750000, -0.61250000, -0.00000606
0.75000000, 0.00000000, -0.75000000, 0.00000000
0.65625000, 0.09375000, -0.75000000, 0.00000282
0.56250000, 0.18750000, -0.75000000, 0.00001890
0.46875000, 0.28125000, -0.75000000, 0.00006486
0.37500000, 0.37500000, -0.75000000, 0.00013997
0.28125000, 0.46875000, -0.75000000, 0.00019556
0.18750000, 0.56250000, -0.75000000, 0.00018096
0.09375000, 0.65625000, -0.75000000, 0.00010462
0.00000000, 0.75000000, -0.75000000, 0.00001355
-0.09375000, 0.75000000, -0.65625000, -0.00000000
-0.18750000, 0.75000000, -0.56250000, -0.00001681
-0.28125000, 0.75000000, -0.46875000, -0.00003719
-0.37500000, 0.75000000, -0.37500000, -0.00004472
-0.46875000, 0.75000000, -0.28125000, -0.00003416
-0.56250000, 0.75000000, -0.18750000, -0.00001657
-0.65625000, 0.75000000, -0.09375000, -0.00000623
-0.75000000, 0.75000000, 0.00000000, -0.00000172
-0.75000000, 0.65625000, 0.09375000, 0.00001347
-0.75000000, 0.56250000, 0.18750000, 0.00005126
-0.75000000, 0.46875000, 0.28125000, 0.00010993
-0.75000000, 0.37500000, 0.37500000, 0.00014630
-0.75000000, 0.28125000, 0.46875000, 0.00012546
-0.75000000, 0.18750000, 0.56250000, 0.00006721
-0.75000000, 0.09375000, 0.65625000, 0.00001892
-0.75000000, 0.00000000, 0.75000000, -0.00000000
-0.65625000, -0.09375000, 0.75000000, -0.00001892
-0.56250000, -0.18750000, 0.75000000, -0.00006721
-0.46875000, -0.28125000, 0.75000000, -0.00012546
-0.37500000, -0.37500000, 0.75000000, -0.00014630
-0.28125000, -0.46875000, 0.75000000, -0.00010993
-0.18750000, -0.56250000, 0.75000000, -0.00005126
-0.09375000, -0.65625000, 0.75000000, -0.00001347
0.00000000, -0.75000000, 0.75000000, 0.00000172
0.09375000, -0.75000000, 0.65625000, 0.00000623
0.18750000, -0.75000000, 0.56250000, 0.00001657
0.28125000, -0.75000000, 0.46875000, 0.00003416
0.37500000, -0.75000000, 0.37500000, 0.00004472
0.46875000, -0.75000000, 0.28125000, 0.00003719
0.56250000, -0.75000000, 0.18750000, 0.00001681
0.65625000, -0.75000000, 0.09375000, 0.00000000
0.75000000, -0.75000000, 0.00000000, -0.00001355
0.75000000, -0.65625000, -0.09375000, -0.00010462
0.75000000, -0.56250000, -0.18750000, -0.00018096
0.75000000, -0.46875000, -0.28125000, -0.00019556
0.75000000, -0.37500000, -0.37500000, -0.00013997
0.75000000, -0.28125000, -0.46875000, -0.00006486
0.75000000, -0.18750000, -0.56250000, -0.00001890
0.75000000, -0.09375000, -0.65625000, -0.00000282
0.80000000, 0.00000000, -0.80000000, 0.00000000
0.70000000, 0.10000000, -0.80000000, 0.00000133
0.60000000, 0.20000000, -0.80000000, 0.00000756
0.50000000, 0.30000000, -0.80000000, 0.00002808
0.40000000, 0.40000000, -0.80000000, 0.00006507
0.30000000, 0.50000000, -0.80000000, 0.00008940
0.20000000, 0.60000000, -0.80000000, 0.00007517
0.10000000, 0.70000000, -0.80000000, 0.00003702
0.00000000, 0.80000000, -0.80000000, 0.00000215
-0.10000000, 0.80000000, -0.70000000, -0.00000156
-0.20000000, 0.80000000, -0.60000000, -0.00000899
-0.30000000, 0.80000000, -0.50000000, -0.00002240
-0.40000000, 0.80000000, -0.40000000, -0.00002777
-0.50000000, 0.80000000, -0.30000000, -0.00001947
-0.60000000, 0.80000000, -0.20000000, -0.00000703
-0.70000000, 0.80000000, -0.10000000, -0.00000178
-0.80000000, 0.80000000, 0.00000000, -0.00000011
-0.80000000, 0.70000000, 0.10000000, 0.00000562
-0.80000000, 0.60000000, 0.20000000, 0.00002003
-0.80000000, 0.50000000, 0.30000000, 0.00004800
-0.80000000, 0.40000000, 0.40000000, 0.00006763
-0.80000000, 0.30000000, 0.50000000, 0.00005680
-0.80000000, 0.20000000, 0.60000000, 0.00002743
-0.80000000, 0.10000000, 0.70000000, 0.00000660
-0.80000000, 0.00000000, 0.80000000, -0.00000000
-0.70000000, -0.10000000, 0.80000000, -0.00000660
-0.60000000, -0.20000000, 0.80000000, -0.00002743
-0.50000000, -0.30000000, 0.80000000, -0.00005680
-0.40000000, -0.40000000, 0.80000000, -0.00006763
-0.30000000, -0.50000000, 0.80000000, -0.00004800
-0.20000000, -0.60000000, 0.80000000, -0.00002003
-0.10000000, -0.70000000, 0.80000000, -0.00000562
0.00000000, -0.80000000, 0.80000000, 0.00000011
0.10000000, -0.80000000, 0.70000000, 0.00000178
0.20000000, -0.80000000, 0.60000000, 0.00000703
0.30000000, -0.80000000, 0.50000000, 0.00001947
0.40000000, -0.80000000, 0.40000000, 0.00002777
0.50000000, -0.80000000, 0.30000000, 0.00002240
0.60000000, -0.80000000, 0.20000000, 0.00000899
0.70000000, -0.80000000, 0.10000000, 0.00000156
0.80000000, -0.80000000, 0.00000000, -0.00000215
0.80000000, -0.70000000, -0.10000000, -0.00003702
0.80000000, -0.60000000, -0.20000000, -0.00007517
0.80000000, -0.50000000, -0.30000000, -0.00008940
0.80000000, -0.40000000, -0.40000000, -0.00006507
0.80000000, -0.30000000, -0.50000000, -0.00002808
0.80000000, -0.20000000, -0.60000000, -0.00000756
0.80000000, -0.10000000, -0.70000000, -0.00000133
0.85000000, 0.00000000, -0.85000000, -0.00000000
0.74375000, 0.10625000, -0.85000000, 0.00000048
0.63750000, 0.21250000, -0.85000000, 0.00000281
0.53125000, 0.31875000, -0.85000000, 0.00001079
0.42500000, 0.42500000, -0.85000000, 0.00002493
0.31875000, 0.53125000, -0.85000000, 0.00003303
0.21250000, 0.63750000, -0.85000000, 0.00002430
0.10625000, 0.74375000, -0.85000000, 0.00000985
0.00000000, 0.85000000, -0.85000000, 0.00000102
-0.10625000, 0.85000000, -0.74375000, 0.00000040
-0.21250000, 0.85000000, -0.63750000, -0.00000316
-0.31875000, 0.85000000, -0.53125000, -0.00001146
-0.42500000, 0.85000000, -0.42500000, -0.00001658
-0.53125000, 0.85000000, -0.31875000, -0.00001069
-0.63750000, 0.85000000, -0.21250000, -0.00000309
-0.74375000, 0.85000000, -0.10625000, -0.00000027
-0.85000000, 0.85000000, 0.00000000, -0.00000021
-0.85000000, 0.74375000, 0.10625000, 0.00000283
-0.85000000, 0.63750000, 0.21250000, 0.00000729
-0.85000000, 0.53125000, 0.31875000, 0.00001757
-0.85000000, 0.42500000, 0.42500000, 0.00002602
-0.85000000, 0.31875000, 0.53125000, 0.00002102
-0.85000000, 0.21250000, 0.63750000, 0.00000907
-0.85000000, 0.10625000, 0.74375000, 0.00000177
-0.85000000, 0.00000000, 0.85000000, 0.00000000
-0.74375000, -0.10625000, 0.85000000, -0.00000177
-0.63750000, -0.21250000, 0.85000000, -0.00000907
-0.53125000, -0.31875000, 0.85000000, -0.00002102
-0.42500000, -0.42500000, 0.85000000, -0.00002602
-0.31875000, -0.53125000, 0.85000000, -0.00001757
-0.21250000, -0.63750000, 0.85000000, -0.00000729
-0.10625000, -0.74375000, 0.85000000, -0.00000283
0.00000000, -0.85000000, 0.85000000, 0.00000021
0.10625000, -0.85000000, 0.74375000, 0.00000027
0.21250000, -0.85000000, 0.63750000, 0.00000309
0.31875000, -0.85000000, 0.53125000, 0.00001069
0.42500000, -0.85000000, 0.42500000, 0.00001658
0.53125000, -0.85000000, 0.31875000, 0.00001146
0.63750000, -0.85000000, 0.21250000, 0.00000316
0.74375000, -0.85000000, 0.10625000, -0.00000040
0.85000000, -0.85000000, 0.00000000, -0.00000102
0.85000000, -0.74375000, -0.10625000, -0.00000985
0.85000000, -0.63750000, -0.21250000, -0.00002430
0.85000000, -0.53125000, -0.31875000, -0.00003303
0.85000000, -0.42500000, -0.42500000, -0.00002493
0.85000000, -0.31875000, -0.53125000, -0.00001079
0.85000000, -0.21250000, -0.63750000, -0.00000281
0.85000000, -0.10625000, -0.74375000, -0.00000048
0.90000000, 0.00000000, -0.90000000, -0.00000000
0.78750000, 0.11250000, -0.90000000, 0.00000012
0.67500000, 0.22500000, -0.90000000, 0.00000085
0.56250000, 0.33750000, -0.90000000, 0.00000316
0.45000000, 0.45000000, -0.90000000, 0.00000691
0.33750000, 0.56250000, -0.90000000, 0.00000860
0.22500000, 0.67500000, -0.90000000, 0.00000527
0.11250000, 0.78750000, -0.90000000, 0.00000155
0.00000000, 0.90000000, -0.90000000, 0.00000051
-0.11250000, 0.90000000, -0.78750000, 0.00000070
-0.22500000, 0.90000000, -0.67500000, -0.00000062
-0.33750000, 0.90000000, -0.56250000, -0.00000462
-0.45000000, 0.90000000, -0.45000000, -0.00000781
-0.56250000, 0.90000000, -0.33750000, -0.00000468
-0.67500000, 0.90000000, -0.22500000, -0.00000117
-0.78750000, 0.90000000, -0.11250000, 0.00000000
-0.90000000, 0.90000000, 0.00000000, 0.00000009
-0.90000000, 0.78750000, 0.11250000, 0.00000120
-0.90000000, 0.67500000, 0.22500000, 0.00000215
-0.90000000, 0.56250000, 0.33750000, 0.00000469
-0.90000000, 0.45000000, 0.45000000, 0.00000723
-0.90000000, 0.33750000, 0.56250000, 0.00000555
-0.90000000, 0.22500000, 0.67500000, 0.00000211
-0.90000000, 0.11250000, 0.78750000, 0.00000029
-0.90000000, 0.00000000, 0.90000000, 0.00000000
-0.78750000, -0.11250000, 0.90000000, -0.00000029
-0.67500000, -0.22500000, 0.90000000, -0.00000211
-0.56250000, -0.33750000, 0.90000000, -0.00000555
-0.45000000, -0.45000000, 0.90000000, -0.00000723
-0.33750000, -0.56250000, 0.90000000, -0.00000469
-0.22500000, -0.67500000, 0.90000000, -0.00000215
-0.11250000, -0.78750000, 0.90000000, -0.00000120
0.00000000, -0.90000000, 0.90000000, -0.00000009
0.11250000, -0.90000000, 0.78750000, -0.00000000
0.22500000, -0.90000000, 0.67500000, 0.00000117
0.33750000, -0.90000000, 0.56250000, 0.00000468
0.45000000, -0.90000000, 0.45000000, 0.00000781
0.56250000, -0.90000000, 0.33750000, 0.00000462
0.67500000, -0.90000000, 0.22500000, 0.00000062
0.78750000, -0.90000000, 0.11250000, -0.00000070
0.90000000, -0.90000000, 0.00000000, -0.00000051
0.90000000, -0.78750000, -0.11250000, -0.00000155
0.90000000, -0.67500000, -0.22500000, -0.00000527
0.90000000, -0.56250000, -0.33750000, -0.00000860
0.90000000, -0.45000000, -0.45000000, -0.00000691
0.90000000, -0.33750000, -0.56250000, -0.00000316
0.90000000, -0.22500000, -0.67500000, -0.00000085
0.90000000, -0.11250000, -0.78750000, -0.00000012
0.95000000, 0.00000000, -0.95000000, 0.00000000
0.83125000, 0.11875000, -0.95000000, 0.00000004
0.71250000, 0.23750000, -0.95000000, -0.00000004
0.59375000, 0.35625000, -0.95000000, 0.00000001
0.47500000, 0.47500000, -0.95000000, 0.00000106
0.35625000, 0.59375000, -0.95000000, 0.00000146
0.23750000, 0.71250000, -0.95000000, 0.00000117
0.11875000, 0.83125000, -0.95000000, 0.00000072
0.00000000, 0.95000000, -0.95000000, -0.00000048
-0.11875000, 0.95000000, -0.83125000, -0.00000068
-0.23750000, 0.95000000, -0.71250000, -0.00000052
-0.35625000, 0.95000000, -0.59375000, -0.00000135
-0.47500000, 0.95000000, -0.47500000, -0.00000148
-0.59375000, 0.95000000, -0.35625000, -0.00000072
-0.71250000, 0.95000000, -0.23750000, 0.00000010
-0.83125000, 0.95000000, -0.11875000, -0.00000013
-0.95000000, 0.95000000, 0.00000000, 0.00000008
-0.95000000, 0.83125000, 0.11875000, -0.00000035
-0.95000000, 0.71250000, 0.23750000, -0.00000025
-0.95000000, 0.59375000, 0.35625000, 0.00000033
-0.95000000, 0.47500000, 0.47500000, 0.00000084
-0.95000000, 0.35625000, 0.59375000, 0.00000083
-0.95000000, 0.23750000, 0.71250000, 0.00000029
-0.95000000, 0.11875000, 0.83125000, 0.00000012
-0.95000000, 0.00000000, 0.95000000, -0.00000000
-0.83125000, -0.11875000, 0.95000000, -0.00000012
-0.71250000, -0.23750000, 0.95000000, -0.00000029
-0.59375000, -0.35625000, 0.95000000, -0.00000083
-0.47500000, -0.47500000, 0.95000000, -0.00000084
-0.35625000, -0.59375000, 0.95000000, -0.00000033
-0.23750000, -0.71250000, 0.95000000, 0.00000025
-0.11875000, -0.83125000, 0.95000000, 0.00000035
0.00000000, -0.95000000, 0.95000000, -0.00000008
0.11875000, -0.95000000, 0.83125000, 0.00000013
0.23750000, -0.95000000, 0.71250000, -0.00000010
0.35625000, -0.95000000, 0.59375000, 0.00000072
0.47500000, -0.95000000, 0.47500000, 0.00000148
0.59375000, -0.95000000, 0.35625000, 0.00000135
0.71250000, -0.95000000, 0.23750000, 0.00000052
0.83125000, -0.95000000, 0.11875000, 0.00000068
0.95000000, -0.95000000, 0.00000000, 0.00000048
0.95000000, -0.83125000, -0.11875000, -0.00000072
0.95000000, -0.71250000, -0.23750000, -0.00000117
0.95000000, -0.59375000, -0.35625000, -0.00000146
0.95000000, -0.47500000, -0.47500000, -0.00000106
0.95000000, -0.35625000, -0.59375000, -0.00000001
0.95000000, -0.23750000, -0.71250000, 0.00000004
0.95000000, -0.11875000, -0.83125000, -0.00000004
1.00000000, 0.00000000, -1.00000000, 0.00000000
0.87500000, 0.12500000, -1.00000000, 0.00000000
0.75000000, 0.25000000, -1.00000000, 0.00000000
0.62500000, 0.37500000, -1.00000000, 0.00000000
0.50000000, 0.50000000, -1.00000000, 0.00000000
0.37500000, 0.62500000, -1.00000000, 0.00000000
0.25000000, 0.75000000, -1.00000000, 0.00000000
0.12500000, 0.87500000, -1.00000000, 0.00000000
0.00000000, 1.00000000, -1.00000000, 0.00000000
-0.12500000, 1.00000000, -0.87500000, 0.00000000
-0.25000000, 1.00000000, -0.75000000, 0.00000000
-0.37500000, 1.00000000, -0.62500000, 0.00000000
-0.50000000, 1.00000000, -0.50000000, 0.00000000
-0.62500000, 1.00000000, -0.37500000, 0.00000000
-0.75000000, 1.00000000, -0.25000000, 0.00000000
-0.87500000, 1.00000000, -0.12500000, 0.00000000
-1.00000000, 1.00000000, 0.00000000, 0.00000000
-1.00000000, 0.87500000, 0.12500000, 0.00000000
-1.00000000, 0.75000000, 0.25000000, 0.00000000
-1.00000000, 0.62500000, 0.37500000, 0.00000000
-1.00000000, 0.50000000, 0.50000000, 0.00000000
-1.00000000, 0.37500000, 0.62500000, 0.00000000
-1.00000000, 0.25000000, 0.75000000, 0.00000000
-1.00000000, 0.12500000, 0.87500000, 0.00000000
-1.00000000, 0.00000000, 1.00000000, 0.00000000
-0.87500000, -0.12500000, 1.00000000, 0.00000000
-0.75000000, -0.25000000, 1.00000000, 0.00000000
-0.62500000, -0.37500000, 1.00000000, 0.00000000
-0.50000000, -0.50000000, 1.00000000, 0.00000000
-0.37500000, -0.62500000, 1.00000000, 0.00000000
-0.25000000, -0.75000000, 1.00000000, 0.00000000
-0.12500000, -0.87500000, 1.00000000, 0.00000000
0.00000000, -1.00000000, 1.00000000, 0.00000000
0.12500000, -1.00000000, 0.87500000, 0.00000000
0.25000000, -1.00000000, 0.75000000, 0.00000000
0.37500000, -1.00000000, 0.62500000, 0.00000000
0.50000000, -1.00000000, 0.50000000, 0.00000000
0.62500000, -1.00000000, 0.37500000, 0.00000000
0.75000000, -1.00000000, 0.25000000, 0.00000000
0.87500000, -1.00000000, 0.12500000, 0.00000000
1.00000000, -1.00000000, 0.00000000, 0.00000000
1.00000000, -0.87500000, -0.12500000, 0.00000000
1.00000000, -0.75000000, -0.25000000, 0.00000000
1.00000000, -0.62500000, -0.37500000, 0.00000000
1.00000000, -0.50000000, -0.50000000, 0.00000000
1.00000000, -0.37500000, -0.62500000, 0.00000000
1.00000000, -0.25000000, -0.75000000, 0.00000000
1.00000000, -0.12500000, -0.87500000, 0.00000000
