0.01000000, 0.00000000, -0.01000000, -0.00000000
0.00000000, 0.01000000, -0.01000000, -0.01956123
-0.00125000, 0.01000000, -0.00875000, -0.04045096
-0.00250000, 0.01000000, -0.00750000, -0.04496142
-0.00375000, 0.01000000, -0.00625000, -0.05475362
-0.00500000, 0.01000000, -0.00500000, -0.05217230
-0.00625000, 0.01000000, -0.00375000, -0.05561879
-0.00750000, 0.01000000, -0.00250000, -0.04712968
-0.00875000, 0.01000000, -0.00125000, -0.04376225
-0.01000000, 0.01000000, 0.00000000, -0.02521542
-0.01000000, 0.00875000, 0.00125000, -0.00804597
-0.01000000, 0.00750000, 0.00250000, -0.00033586
-0.01000000, 0.00625000, 0.00375000, 0.00404130
-0.01000000, 0.00500000, 0.00500000, 0.00556349
-0.01000000, 0.00375000, 0.00625000, 0.00504387
-0.01000000, 0.00250000, 0.00750000, 0.00467347
-0.01000000, 0.00125000, 0.00875000, 0.00231797
-0.01000000, 0.00000000, 0.01000000, -0.00000000
0.00000000, -0.01000000, 0.01000000, 0.02521542
0.00125000, -0.01000000, 0.00875000, 0.04376225
0.00250000, -0.01000000, 0.00750000, 0.04712968
0.00375000, -0.01000000, 0.00625000, 0.05561879
0.00500000, -0.01000000, 0.00500000, 0.05217230
0.00625000, -0.01000000, 0.00375000, 0.05475362
0.00750000, -0.01000000, 0.00250000, 0.04496142
0.00875000, -0.01000000, 0.00125000, 0.04045096
0.01000000, -0.01000000, 0.00000000, 0.01956123
0.01000000, -0.00875000, -0.00125000, 0.00255849
0.01000000, -0.00750000, -0.00250000, -0.00408350
0.01000000, -0.00625000, -0.00375000, -0.00799558
0.01000000, -0.00500000, -0.00500000, -0.00820202
0.01000000, -0.00375000, -0.00625000, -0.00684899
0.01000000, -0.00250000, -0.00750000, -0.00564749
0.01000000, -0.00125000, -0.00875000, -0.00282926
0.02000000, 0.00000000, -0.02000000, 0.00000000
0.01750000, 0.00250000, -0.02000000, 0.00092311
0.01500000, 0.00500000, -0.02000000, 0.00143189
0.01250000, 0.00750000, -0.02000000, 0.00192276
0.01000000, 0.01000000, -0.02000000, 0.00136836
0.00750000, 0.01250000, -0.02000000, -0.00004127
0.00500000, 0.01500000, -0.02000000, -0.00237286
0.00250000, 0.01750000, -0.02000000, -0.00718124
0.00000000, 0.02000000, -0.02000000, -0.01756922
-0.00250000, 0.02000000, -0.01750000, -0.02933835
-0.00500000, 0.02000000, -0.01500000, -0.03426360
-0.00750000, 0.02000000, -0.01250000, -0.03764512
-0.01000000, 0.02000000, -0.01000000, -0.03744632
-0.01250000, 0.02000000, -0.00750000, -0.03797569
-0.01500000, 0.02000000, -0.00500000, -0.03482689
-0.01750000, 0.02000000, -0.00250000, -0.03045400
-0.02000000, 0.02000000, 0.00000000, -0.01988053
-0.02000000, 0.01750000, 0.00250000, -0.00976220
-0.02000000, 0.01500000, 0.00500000, -0.00471133
-0.02000000, 0.01250000, 0.00750000, -0.00190248
-0.02000000, 0.01000000, 0.01000000, -0.00001243
-0.02000000, 0.00750000, 0.01250000, 0.00088073
-0.02000000, 0.00500000, 0.01500000, 0.00091733
-0.02000000, 0.00250000, 0.01750000, 0.00066983
-0.02000000, 0.00000000, 0.02000000, 0.00000000
-0.01750000, -0.00250000, 0.02000000, -0.00066983
-0.01500000, -0.00500000, 0.02000000, -0.00091733
-0.01250000, -0.00750000, 0.02000000, -0.00088073
-0.01000000, -0.01000000, 0.02000000, 0.00001243
-0.00750000, -0.01250000, 0.02000000, 0.00190248
-0.00500000, -0.01500000, 0.02000000, 0.00471133
-0.00250000, -0.01750000, 0.02000000, 0.00976220
0.00000000, -0.02000000, 0.02000000, 0.01988053
0.00250000, -0.02000000, 0.01750000, 0.03045400
0.00500000, -0.02000000, 0.01500000, 0.03482689
0.00750000, -0.02000000, 0.01250000, 0.03797569
0.01000000, -0.02000000, 0.01000000, 0.03744632
0.01250000, -0.02000000, 0.00750000, 0.03764512
0.01500000, -0.02000000, 0.00500000, 0.03426360
0.01750000, -0.02000000, 0.00250000, 0.02933835
0.02000000, -0.02000000, 0.00000000, 0.01756922
0.02000000, -0.01750000, -0.00250000, 0.00718124
0.02000000, -0.01500000, -0.00500000, 0.00237286
0.02000000, -0.01250000, -0.00750000, 0.00004127
0.02000000, -0.01000000, -0.01000000, -0.00136836
0.02000000, -0.00750000, -0.01250000, -0.00192276
0.02000000, -0.00500000, -0.01500000, -0.00143189
0.02000000, -0.00250000, -0.01750000, -0.00092311
0.03000000, 0.00000000, -0.03000000, -0.00000000
0.02625000, 0.00375000, -0.03000000, 0.00049587
0.02250000, 0.00750000, -0.03000000, 0.00057552
0.01875000, 0.01125000, -0.03000000, 0.00050278
0.01500000, 0.01500000, -0.03000000, -0.00016974
0.01125000, 0.01875000, -0.03000000, -0.00154019
0.00750000, 0.02250000, -0.03000000, -0.00379643
0.00375000, 0.02625000, -0.03000000, -0.00785800
0.00000000, 0.03000000, -0.03000000, -0.01617447
-0.00375000, 0.03000000, -0.02625000, -0.02586941
-0.00750000, 0.03000000, -0.02250000, -0.03010500
-0.01125000, 0.03000000, -0.01875000, -0.03267594
-0.01500000, 0.03000000, -0.01500000, -0.03348112
-0.01875000, 0.03000000, -0.01125000, -0.03275008
-0.02250000, 0.03000000, -0.00750000, -0.03025361
-0.02625000, 0.03000000, -0.00375000, -0.02634178
-0.03000000, 0.03000000, 0.00000000, -0.01751956
-0.03000000, 0.02625000, 0.00375000, -0.00957146
-0.03000000, 0.02250000, 0.00750000, -0.00543393
-0.03000000, 0.01875000, 0.01125000, -0.00290320
-0.03000000, 0.01500000, 0.01500000, -0.00123161
-0.03000000, 0.01125000, 0.01875000, -0.00024378
-0.03000000, 0.00750000, 0.02250000, 0.00016670
-0.03000000, 0.00375000, 0.02625000, 0.00028566
-0.03000000, 0.00000000, 0.03000000, -0.00000000
-0.02625000, -0.00375000, 0.03000000, -0.00028566
-0.02250000, -0.00750000, 0.03000000, -0.00016670
-0.01875000, -0.01125000, 0.03000000, 0.00024378
-0.01500000, -0.01500000, 0.03000000, 0.00123161
-0.01125000, -0.01875000, 0.03000000, 0.00290320
-0.00750000, -0.02250000, 0.03000000, 0.00543393
-0.00375000, -0.02625000, 0.03000000, 0.00957146
0.00000000, -0.03000000, 0.03000000, 0.01751956
0.00375000, -0.03000000, 0.02625000, 0.02634178
0.00750000, -0.03000000, 0.02250000, 0.03025361
0.01125000, -0.03000000, 0.01875000, 0.03275008
0.01500000, -0.03000000, 0.01500000, 0.03348112
0.01875000, -0.03000000, 0.01125000, 0.03267594
0.02250000, -0.03000000, 0.00750000, 0.03010500
0.02625000, -0.03000000, 0.00375000, 0.02586941
0.03000000, -0.03000000, 0.00000000, 0.01617447
0.03000000, -0.02625000, -0.00375000, 0.00785800
0.03000000, -0.02250000, -0.00750000, 0.00379643
0.03000000, -0.01875000, -0.01125000, 0.00154019
0.03000000, -0.01500000, -0.01500000, 0.00016974
0.03000000, -0.01125000, -0.01875000, -0.00050278
0.03000000, -0.00750000, -0.02250000, -0.00057552
0.03000000, -0.00375000, -0.02625000, -0.00049587
0.04000000, 0.00000000, -0.04000000, 0.00000000
0.03500000, 0.00500000, -0.04000000, 0.00033787
0.03000000, 0.01000000, -0.04000000, 0.00036932
0.02500000, 0.01500000, -0.04000000, 0.00013439
0.02000000, 0.02000000, -0.04000000, -0.00053750
0.01500000, 0.02500000, -0.04000000, -0.00179955
0.01000000, 0.03000000, -0.04000000, -0.00393826
0.00500000, 0.03500000, -0.04000000, -0.00750353
0.00000000, 0.04000000, -0.04000000, -0.01491202
-0.00500000, 0.04000000, -0.03500000, -0.02389837
-0.01000000, 0.04000000, -0.03000000, -0.02803629
-0.01500000, 0.04000000, -0.02500000, -0.03023349
-0.02000000, 0.04000000, -0.02000000, -0.03090615
-0.02500000, 0.04000000, -0.01500000, -0.03022697
-0.03000000, 0.04000000, -0.01000000, -0.02807447
-0.03500000, 0.04000000, -0.00500000, -0.02413977
-0.04000000, 0.04000000, 0.00000000, -0.01592227
-0.04000000, 0.03500000, 0.00500000, -0.00895244
-0.04000000, 0.03000000, 0.01000000, -0.00535551
-0.04000000, 0.02500000, 0.01500000, -0.00302979
-0.04000000, 0.02000000, 0.02000000, -0.00150333
-0.04000000, 0.01500000, 0.02500000, -0.00055407
-0.04000000, 0.01000000, 0.03000000, -0.00004880
-0.04000000, 0.00500000, 0.03500000, 0.00013301
-0.04000000, 0.00000000, 0.04000000, 0.00000000
-0.03500000, -0.00500000, 0.04000000, -0.00013301
-0.03000000, -0.01000000, 0.04000000, 0.00004880
-0.02500000, -0.01500000, 0.04000000, 0.00055407
-0.02000000, -0.02000000, 0.04000000, 0.00150333
-0.01500000, -0.02500000, 0.04000000, 0.00302979
-0.01000000, -0.03000000, 0.04000000, 0.00535551
-0.00500000, -0.03500000, 0.04000000, 0.00895244
0.00000000, -0.04000000, 0.04000000, 0.01592227
0.00500000, -0.04000000, 0.03500000, 0.02413977
0.01000000, -0.04000000, 0.03000000, 0.02807447
0.01500000, -0.04000000, 0.02500000, 0.03022697
0.02000000, -0.04000000, 0.02000000, 0.03090615
0.02500000, -0.04000000, 0.01500000, 0.03023349
0.03000000, -0.04000000, 0.01000000, 0.02803629
0.03500000, -0.04000000, 0.00500000, 0.02389837
0.04000000, -0.04000000, 0.00000000, 0.01491202
0.04000000, -0.03500000, -0.00500000, 0.00750353
0.04000000, -0.03000000, -0.01000000, 0.00393826
0.04000000, -0.02500000, -0.01500000, 0.00179955
0.04000000, -0.02000000, -0.02000000, 0.00053750
0.04000000, -0.01500000, -0.02500000, -0.00013439
0.04000000, -0.01000000, -0.03000000, -0.00036932
0.04000000, -0.00500000, -0.03500000, -0.00033787
0.05000000, 0.00000000, -0.05000000, 0.00000000
0.04375000, 0.00625000, -0.05000000, 0.00034602
0.03750000, 0.01250000, -0.05000000, 0.00036664
0.03125000, 0.01875000, -0.05000000, 0.00015525
0.02500000, 0.02500000, -0.05000000, -0.00047700
0.01875000, 0.03125000, -0.05000000, -0.00165529
0.01250000, 0.03750000, -0.05000000, -0.00360302
0.00625000, 0.04375000, -0.05000000, -0.00686338
0.00000000, 0.05000000, -0.05000000, -0.01368532
-0.00625000, 0.05000000, -0.04375000, -0.02231994
-0.01250000, 0.05000000, -0.03750000, -0.02637371
-0.01875000, 0.05000000, -0.03125000, -0.02851507
-0.02500000, 0.05000000, -0.02500000, -0.02923174
-0.03125000, 0.05000000, -0.01875000, -0.02850080
-0.03750000, 0.05000000, -0.01250000, -0.02639020
-0.04375000, 0.05000000, -0.00625000, -0.02252273
-0.05000000, 0.05000000, 0.00000000, -0.01463587
-0.05000000, 0.04375000, 0.00625000, -0.00826897
-0.05000000, 0.03750000, 0.01250000, -0.00499990
-0.05000000, 0.03125000, 0.01875000, -0.00288173
-0.05000000, 0.02500000, 0.02500000, -0.00146470
-0.05000000, 0.01875000, 0.03125000, -0.00056522
-0.05000000, 0.01250000, 0.03750000, -0.00007914
-0.05000000, 0.00625000, 0.04375000, 0.00011968
-0.05000000, 0.00000000, 0.05000000, -0.00000000
-0.04375000, -0.00625000, 0.05000000, -0.00011968
-0.03750000, -0.01250000, 0.05000000, 0.00007914
-0.03125000, -0.01875000, 0.05000000, 0.00056522
-0.02500000, -0.02500000, 0.05000000, 0.00146470
-0.01875000, -0.03125000, 0.05000000, 0.00288173
-0.01250000, -0.03750000, 0.05000000, 0.00499990
-0.00625000, -0.04375000, 0.05000000, 0.00826897
0.00000000, -0.05000000, 0.05000000, 0.01463587
0.00625000, -0.05000000, 0.04375000, 0.02252273
0.01250000, -0.05000000, 0.03750000, 0.02639020
0.01875000, -0.05000000, 0.03125000, 0.02850080
0.02500000, -0.05000000, 0.02500000, 0.02923174
0.03125000, -0.05000000, 0.01875000, 0.02851507
0.03750000, -0.05000000, 0.01250000, 0.02637371
0.04375000, -0.05000000, 0.00625000, 0.02231994
0.05000000, -0.05000000, 0.00000000, 0.01368532
0.05000000, -0.04375000, -0.00625000, 0.00686338
0.05000000, -0.03750000, -0.01250000, 0.00360302
0.05000000, -0.03125000, -0.01875000, 0.00165529
0.05000000, -0.02500000, -0.02500000, 0.00047700
0.05000000, -0.01875000, -0.03125000, -0.00015525
0.05000000, -0.01250000, -0.03750000, -0.00036664
0.05000000, -0.00625000, -0.04375000, -0.00034602
0.06000000, 0.00000000, -0.06000000, 0.00000000
0.05250000, 0.00750000, -0.06000000, 0.00032271
0.04500000, 0.01500000, -0.06000000, 0.00041685
0.03750000, 0.02250000, -0.06000000, 0.00026738
0.03000000, 0.03000000, -0.06000000, -0.00022353
0.02250000, 0.03750000, -0.06000000, -0.00123856
0.01500000, 0.04500000, -0.06000000, -0.00298898
0.00750000, 0.05250000, -0.06000000, -0.00599989
0.00000000, 0.06000000, -0.06000000, -0.01254076
-0.00750000, 0.06000000, -0.05250000, -0.02107697
-0.01500000, 0.06000000, -0.04500000, -0.02505645
-0.02250000, 0.06000000, -0.03750000, -0.02714970
-0.03000000, 0.06000000, -0.03000000, -0.02775770
-0.03750000, 0.06000000, -0.02250000, -0.02714284
-0.04500000, 0.06000000, -0.01500000, -0.02509930
-0.05250000, 0.06000000, -0.00750000, -0.02132498
-0.06000000, 0.06000000, 0.00000000, -0.01358153
-0.06000000, 0.05250000, 0.00750000, -0.00753203
-0.06000000, 0.04500000, 0.01500000, -0.00450631
-0.06000000, 0.03750000, 0.02250000, -0.00256886
-0.06000000, 0.03000000, 0.03000000, -0.00128925
-0.06000000, 0.02250000, 0.03750000, -0.00050422
-0.06000000, 0.01500000, 0.04500000, -0.00006913
-0.06000000, 0.00750000, 0.05250000, 0.00008705
-0.06000000, 0.00000000, 0.06000000, -0.00000000
-0.05250000, -0.00750000, 0.06000000, -0.00008705
-0.04500000, -0.01500000, 0.06000000, 0.00006913
-0.03750000, -0.02250000, 0.06000000, 0.00050422
-0.03000000, -0.03000000, 0.06000000, 0.00128925
-0.02250000, -0.03750000, 0.06000000, 0.00256886
-0.01500000, -0.04500000, 0.06000000, 0.00450631
-0.00750000, -0.05250000, 0.06000000, 0.00753203
0.00000000, -0.06000000, 0.06000000, 0.01358153
0.00750000, -0.06000000, 0.05250000, 0.02132498
0.01500000, -0.06000000, 0.04500000, 0.02509930
0.02250000, -0.06000000, 0.03750000, 0.02714284
0.03000000, -0.06000000, 0.03000000, 0.02775770
0.03750000, -0.06000000, 0.02250000, 0.02714970
0.04500000, -0.06000000, 0.01500000, 0.02505645
0.05250000, -0.06000000, 0.00750000, 0.02107697
0.06000000, -0.06000000, 0.00000000, 0.01254076
0.06000000, -0.05250000, -0.00750000, 0.00599989
0.06000000, -0.04500000, -0.01500000, 0.00298898
0.06000000, -0.03750000, -0.02250000, 0.00123856
0.06000000, -0.03000000, -0.03000000, 0.00022353
0.06000000, -0.02250000, -0.03750000, -0.00026738
0.06000000, -0.01500000, -0.04500000, -0.00041685
0.06000000, -0.00750000, -0.05250000, -0.00032271
0.07000000, 0.00000000, -0.07000000, 0.00000000
0.06125000, 0.00875000, -0.07000000, 0.00035419
0.05250000, 0.01750000, -0.07000000, 0.00055896
0.04375000, 0.02625000, -0.07000000, 0.00050240
0.03500000, 0.03500000, -0.07000000, 0.00010849
0.02625000, 0.04375000, -0.07000000, -0.00077012
0.01750000, 0.05250000, -0.07000000, -0.00235728
0.00875000, 0.06125000, -0.07000000, -0.00512991
0.00000000, 0.07000000, -0.07000000, -0.01132773
-0.00875000, 0.07000000, -0.06125000, -0.01978018
-0.01750000, 0.07000000, -0.05250000, -0.02381383
-0.02625000, 0.07000000, -0.04375000, -0.02593658
-0.03500000, 0.07000000, -0.03500000, -0.02659411
-0.04375000, 0.07000000, -0.02625000, -0.02597334
-0.05250000, 0.07000000, -0.01750000, -0.02394405
-0.06125000, 0.07000000, -0.00875000, -0.02015109
-0.07000000, 0.07000000, 0.00000000, -0.01255936
-0.07000000, 0.06125000, 0.00875000, -0.00683619
-0.07000000, 0.05250000, 0.01750000, -0.00402280
-0.07000000, 0.04375000, 0.02625000, -0.00222978
-0.07000000, 0.03500000, 0.03500000, -0.00106434
-0.07000000, 0.02625000, 0.04375000, -0.00035580
-0.07000000, 0.01750000, 0.05250000, 0.00001396
-0.07000000, 0.00875000, 0.06125000, 0.00010556
-0.07000000, 0.00000000, 0.07000000, -0.00000000
-0.06125000, -0.00875000, 0.07000000, -0.00010556
-0.05250000, -0.01750000, 0.07000000, -0.00001396
-0.04375000, -0.02625000, 0.07000000, 0.00035580
-0.03500000, -0.03500000, 0.07000000, 0.00106434
-0.02625000, -0.04375000, 0.07000000, 0.00222978
-0.01750000, -0.05250000, 0.07000000, 0.00402280
-0.00875000, -0.06125000, 0.07000000, 0.00683619
0.00000000, -0.07000000, 0.07000000, 0.01255936
0.00875000, -0.07000000, 0.06125000, 0.02015109
0.01750000, -0.07000000, 0.05250000, 0.02394405
0.02625000, -0.07000000, 0.04375000, 0.02597334
0.03500000, -0.07000000, 0.03500000, 0.02659411
0.04375000, -0.07000000, 0.02625000, 0.02593658
0.05250000, -0.07000000, 0.01750000, 0.02381383
0.06125000, -0.07000000, 0.00875000, 0.01978018
0.07000000, -0.07000000, 0.00000000, 0.01132773
0.07000000, -0.06125000, -0.00875000, 0.00512991
0.07000000, -0.05250000, -0.01750000, 0.00235728
0.07000000, -0.04375000, -0.02625000, 0.00077012
0.07000000, -0.03500000, -0.03500000, -0.00010849
0.07000000, -0.02625000, -0.04375000, -0.00050240
0.07000000, -0.01750000, -0.05250000, -0.00055896
0.07000000, -0.00875000, -0.06125000, -0.00035419
0.08000000, 0.00000000, -0.08000000, -0.00000000
0.07000000, 0.01000000, -0.08000000, 0.00043200
0.06000000, 0.02000000, -0.08000000, 0.00073804
0.05000000, 0.03000000, -0.08000000, 0.00078574
0.04000000, 0.04000000, -0.08000000, 0.00048791
0.03000000, 0.05000000, -0.08000000, -0.00026856
0.02000000, 0.06000000, -0.08000000, -0.00169677
0.01000000, 0.07000000, -0.08000000, -0.00426101
0.00000000, 0.08000000, -0.08000000, -0.01014754
-0.01000000, 0.08000000, -0.07000000, -0.01854627
-0.02000000, 0.08000000, -0.06000000, -0.02264354
-0.03000000, 0.08000000, -0.05000000, -0.02481112
-0.04000000, 0.08000000, -0.04000000, -0.02556002
-0.05000000, 0.08000000, -0.03000000, -0.02490650
-0.06000000, 0.08000000, -0.02000000, -0.02288887
-0.07000000, 0.08000000, -0.01000000, -0.01908863
-0.08000000, 0.08000000, 0.00000000, -0.01162967
-0.08000000, 0.07000000, 0.01000000, -0.00618140
-0.08000000, 0.06000000, 0.02000000, -0.00354166
-0.08000000, 0.05000000, 0.03000000, -0.00187761
-0.08000000, 0.04000000, 0.04000000, -0.00081043
-0.08000000, 0.03000000, 0.05000000, -0.00017188
-0.08000000, 0.02000000, 0.06000000, 0.00012793
-0.08000000, 0.01000000, 0.07000000, 0.00015794
-0.08000000, 0.00000000, 0.08000000, -0.00000000
-0.07000000, -0.01000000, 0.08000000, -0.00015794
-0.06000000, -0.02000000, 0.08000000, -0.00012793
-0.05000000, -0.03000000, 0.08000000, 0.00017188
-0.04000000, -0.04000000, 0.08000000, 0.00081043
-0.03000000, -0.05000000, 0.08000000, 0.00187761
-0.02000000, -0.06000000, 0.08000000, 0.00354166
-0.01000000, -0.07000000, 0.08000000, 0.00618140
0.00000000, -0.08000000, 0.08000000, 0.01162967
0.01000000, -0.08000000, 0.07000000, 0.01908863
0.02000000, -0.08000000, 0.06000000, 0.02288887
0.03000000, -0.08000000, 0.05000000, 0.02490650
0.04000000, -0.08000000, 0.04000000, 0.02556002
0.05000000, -0.08000000, 0.03000000, 0.02481112
0.06000000, -0.08000000, 0.02000000, 0.02264354
0.07000000, -0.08000000, 0.01000000, 0.01854627
0.08000000, -0.08000000, 0.00000000, 0.01014754
0.08000000, -0.07000000, -0.01000000, 0.00426101
0.08000000, -0.06000000, -0.02000000, 0.00169677
0.08000000, -0.05000000, -0.03000000, 0.00026856
0.08000000, -0.04000000, -0.04000000, -0.00048791
0.08000000, -0.03000000, -0.05000000, -0.00078574
0.08000000, -0.02000000, -0.06000000, -0.00073804
0.08000000, -0.01000000, -0.07000000, -0.00043200
0.09000000, 0.00000000, -0.09000000, 0.00000000
0.07875000, 0.01125000, -0.09000000, 0.00051548
0.06750000, 0.02250000, -0.09000000, 0.00091058
0.05625000, 0.03375000, -0.09000000, 0.00106358
0.04500000, 0.04500000, -0.09000000, 0.00089454
0.03375000, 0.05625000, -0.09000000, 0.00027536
0.02250000, 0.06750000, -0.09000000, -0.00098547
0.01125000, 0.07875000, -0.09000000, -0.00336790
0.00000000, 0.09000000, -0.09000000, -0.00904960
-0.01125000, 0.09000000, -0.07875000, -0.01746123
-0.02250000, 0.09000000, -0.06750000, -0.02157327
-0.03375000, 0.09000000, -0.05625000, -0.02376052
-0.04500000, 0.09000000, -0.04500000, -0.02453411
-0.05625000, 0.09000000, -0.03375000, -0.02391596
-0.06750000, 0.09000000, -0.02250000, -0.02194282
-0.07875000, 0.09000000, -0.01125000, -0.01820103
-0.09000000, 0.09000000, 0.00000000, -0.01081929
-0.09000000, 0.07875000, 0.01125000, -0.00554719
-0.09000000, 0.06750000, 0.02250000, -0.00304769
-0.09000000, 0.05625000, 0.03375000, -0.00150678
-0.09000000, 0.04500000, 0.04500000, -0.00053896
-0.09000000, 0.03375000, 0.05625000, 0.00000961
-0.09000000, 0.02250000, 0.06750000, 0.00023764
-0.09000000, 0.01125000, 0.07875000, 0.00020915
-0.09000000, 0.00000000, 0.09000000, 0.00000000
-0.07875000, -0.01125000, 0.09000000, -0.00020915
-0.06750000, -0.02250000, 0.09000000, -0.00023764
-0.05625000, -0.03375000, 0.09000000, -0.00000961
-0.04500000, -0.04500000, 0.09000000, 0.00053896
-0.03375000, -0.05625000, 0.09000000, 0.00150678
-0.02250000, -0.06750000, 0.09000000, 0.00304769
-0.01125000, -0.07875000, 0.09000000, 0.00554719
0.00000000, -0.09000000, 0.09000000, 0.01081929
0.01125000, -0.09000000, 0.07875000, 0.01820103
0.02250000, -0.09000000, 0.06750000, 0.02194282
0.03375000, -0.09000000, 0.05625000, 0.02391596
0.04500000, -0.09000000, 0.04500000, 0.02453411
0.05625000, -0.09000000, 0.03375000, 0.02376052
0.06750000, -0.09000000, 0.02250000, 0.02157327
0.07875000, -0.09000000, 0.01125000, 0.01746123
0.09000000, -0.09000000, 0.00000000, 0.00904960
0.09000000, -0.07875000, -0.01125000, 0.00336790
0.09000000, -0.06750000, -0.02250000, 0.00098547
0.09000000, -0.05625000, -0.03375000, -0.00027536
0.09000000, -0.04500000, -0.04500000, -0.00089454
0.09000000, -0.03375000, -0.05625000, -0.00106358
0.09000000, -0.02250000, -0.06750000, -0.00091058
0.09000000, -0.01125000, -0.07875000, -0.00051548
0.10000000, 0.00000000, -0.10000000, 0.00000000
0.08750000, 0.01250000, -0.10000000, 0.00059275
0.07500000, 0.02500000, -0.10000000, 0.00107439
0.06250000, 0.03750000, -0.10000000, 0.00133306
0.05000000, 0.05000000, -0.10000000, 0.00130712
0.03750000, 0.06250000, -0.10000000, 0.00083725
0.02500000, 0.07500000, -0.10000000, -0.00025716
0.01250000, 0.08750000, -0.10000000, -0.00246902
0.00000000, 0.10000000, -0.10000000, -0.00799962
-0.01250000, 0.10000000, -0.08750000, -0.01646337
-0.02500000, 0.10000000, -0.07500000, -0.02056925
-0.03750000, 0.10000000, -0.06250000, -0.02276587
-0.05000000, 0.10000000, -0.05000000, -0.02352483
-0.06250000, 0.10000000, -0.03750000, -0.02298474
-0.07500000, 0.10000000, -0.02500000, -0.02107285
-0.08750000, 0.10000000, -0.01250000, -0.01741944
-0.10000000, 0.10000000, 0.00000000, -0.01008407
-0.10000000, 0.08750000, 0.01250000, -0.00493381
-0.10000000, 0.07500000, 0.02500000, -0.00255606
-0.10000000, 0.06250000, 0.03750000, -0.00112999
-0.10000000, 0.05000000, 0.05000000, -0.00026322
-0.10000000, 0.03750000, 0.06250000, 0.00018682
-0.10000000, 0.02500000, 0.07500000, 0.00034203
-0.10000000, 0.01250000, 0.08750000, 0.00025422
-0.10000000, 0.00000000, 0.10000000, 0.00000000
-0.08750000, -0.01250000, 0.10000000, -0.00025422
-0.07500000, -0.02500000, 0.10000000, -0.00034203
-0.06250000, -0.03750000, 0.10000000, -0.00018682
-0.05000000, -0.05000000, 0.10000000, 0.00026322
-0.03750000, -0.06250000, 0.10000000, 0.00112999
-0.02500000, -0.07500000, 0.10000000, 0.00255606
-0.01250000, -0.08750000, 0.10000000, 0.00493381
0.00000000, -0.10000000, 0.10000000, 0.01008407
0.01250000, -0.10000000, 0.08750000, 0.01741944
0.02500000, -0.10000000, 0.07500000, 0.02107285
0.03750000, -0.10000000, 0.06250000, 0.02298474
0.05000000, -0.10000000, 0.05000000, 0.02352483
0.06250000, -0.10000000, 0.03750000, 0.02276587
0.07500000, -0.10000000, 0.02500000, 0.02056925
0.08750000, -0.10000000, 0.01250000, 0.01646337
0.10000000, -0.10000000, 0.00000000, 0.00799962
0.10000000, -0.08750000, -0.01250000, 0.00246902
0.10000000, -0.07500000, -0.02500000, 0.00025716
0.10000000, -0.06250000, -0.03750000, -0.00083725
0.10000000, -0.05000000, -0.05000000, -0.00130712
0.10000000, -0.03750000, -0.06250000, -0.00133306
0.10000000, -0.02500000, -0.07500000, -0.00107439
0.10000000, -0.01250000, -0.08750000, -0.00059275
0.15000000, 0.00000000, -0.15000000, -0.00000000
0.13125000, 0.01875000, -0.15000000, 0.00097292
0.11250000, 0.03750000, -0.15000000, 0.00187909
0.09375000, 0.05625000, -0.15000000, 0.00263671
0.07500000, 0.07500000, -0.15000000, 0.00315036
0.05625000, 0.09375000, -0.15000000, 0.00330938
0.03750000, 0.11250000, -0.15000000, 0.00291305
0.01875000, 0.13125000, -0.15000000, 0.00150839
0.00000000, 0.15000000, -0.15000000, -0.00304846
-0.01875000, 0.15000000, -0.13125000, -0.01157947
-0.03750000, 0.15000000, -0.11250000, -0.01582292
-0.05625000, 0.15000000, -0.09375000, -0.01818696
-0.07500000, 0.15000000, -0.07500000, -0.01916478
-0.09375000, 0.15000000, -0.05625000, -0.01880041
-0.11250000, 0.15000000, -0.03750000, -0.01712270
-0.13125000, 0.15000000, -0.01875000, -0.01376371
-0.15000000, 0.15000000, 0.00000000, -0.00686425
-0.15000000, 0.13125000, 0.01875000, -0.00232845
-0.15000000, 0.11250000, 0.03750000, -0.00044605
-0.15000000, 0.09375000, 0.05625000, 0.00054256
-0.15000000, 0.07500000, 0.07500000, 0.00100341
-0.15000000, 0.05625000, 0.09375000, 0.00109724
-0.15000000, 0.03750000, 0.11250000, 0.00091521
-0.15000000, 0.01875000, 0.13125000, 0.00053057
-0.15000000, 0.00000000, 0.15000000, -0.00000000
-0.13125000, -0.01875000, 0.15000000, -0.00053057
-0.11250000, -0.03750000, 0.15000000, -0.00091521
-0.09375000, -0.05625000, 0.15000000, -0.00109724
-0.07500000, -0.07500000, 0.15000000, -0.00100341
-0.05625000, -0.09375000, 0.15000000, -0.00054256
-0.03750000, -0.11250000, 0.15000000, 0.00044605
-0.01875000, -0.13125000, 0.15000000, 0.00232845
0.00000000, -0.15000000, 0.15000000, 0.00686425
0.01875000, -0.15000000, 0.13125000, 0.01376371
0.03750000, -0.15000000, 0.11250000, 0.01712270
0.05625000, -0.15000000, 0.09375000, 0.01880041
0.07500000, -0.15000000, 0.07500000, 0.01916478
0.09375000, -0.15000000, 0.05625000, 0.01818696
0.11250000, -0.15000000, 0.03750000, 0.01582292
0.13125000, -0.15000000, 0.01875000, 0.01157947
0.15000000, -0.15000000, 0.00000000, 0.00304846
0.15000000, -0.13125000, -0.01875000, -0.00150839
0.15000000, -0.11250000, -0.03750000, -0.00291305
0.15000000, -0.09375000, -0.05625000, -0.00330938
0.15000000, -0.07500000, -0.07500000, -0.00315036
0.15000000, -0.05625000, -0.09375000, -0.00263671
0.15000000, -0.03750000, -0.11250000, -0.00187909
0.15000000, -0.01875000, -0.13125000, -0.00097292
0.20000000, 0.00000000, -0.20000000, 0.00000000
0.17500000, 0.02500000, -0.20000000, 0.00118656
0.15000000, 0.05000000, -0.20000000, 0.00237453
0.12500000, 0.07500000, -0.20000000, 0.00347853
0.10000000, 0.10000000, -0.20000000, 0.00443868
0.07500000, 0.12500000, -0.20000000, 0.00509955
0.05000000, 0.15000000, -0.20000000, 0.00529261
0.02500000, 0.17500000, -0.20000000, 0.00456059
0.00000000, 0.20000000, -0.20000000, 0.00081443
-0.02500000, 0.20000000, -0.17500000, -0.00760028
-0.05000000, 0.20000000, -0.15000000, -0.01177584
-0.07500000, 0.20000000, -0.12500000, -0.01416528
-0.10000000, 0.20000000, -0.10000000, -0.01521560
-0.12500000, 0.20000000, -0.07500000, -0.01513388
-0.15000000, 0.20000000, -0.05000000, -0.01379671
-0.17500000, 0.20000000, -0.02500000, -0.01088477
-0.20000000, 0.20000000, 0.00000000, -0.00447349
-0.20000000, 0.17500000, 0.02500000, -0.00030173
-0.20000000, 0.15000000, 0.05000000, 0.00122835
-0.20000000, 0.12500000, 0.07500000, 0.00187555
-0.20000000, 0.10000000, 0.10000000, 0.00202295
-0.20000000, 0.07500000, 0.12500000, 0.00181034
-0.20000000, 0.05000000, 0.15000000, 0.00136461
-0.20000000, 0.02500000, 0.17500000, 0.00073765
-0.20000000, 0.00000000, 0.20000000, 0.00000000
-0.17500000, -0.02500000, 0.20000000, -0.00073765
-0.15000000, -0.05000000, 0.20000000, -0.00136461
-0.12500000, -0.07500000, 0.20000000, -0.00181034
-0.10000000, -0.10000000, 0.20000000, -0.00202295
-0.07500000, -0.12500000, 0.20000000, -0.00187555
-0.05000000, -0.15000000, 0.20000000, -0.00122835
-0.02500000, -0.17500000, 0.20000000, 0.00030173
0.00000000, -0.20000000, 0.20000000, 0.00447349
0.02500000, -0.20000000, 0.17500000, 0.01088477
0.05000000, -0.20000000, 0.15000000, 0.01379671
0.07500000, -0.20000000, 0.12500000, 0.01513388
0.10000000, -0.20000000, 0.10000000, 0.01521560
0.12500000, -0.20000000, 0.07500000, 0.01416528
0.15000000, -0.20000000, 0.05000000, 0.01177584
0.17500000, -0.20000000, 0.02500000, 0.00760028
0.20000000, -0.20000000, 0.00000000, -0.00081443
0.20000000, -0.17500000, -0.02500000, -0.00456059
0.20000000, -0.15000000, -0.05000000, -0.00529261
0.20000000, -0.12500000, -0.07500000, -0.00509955
0.20000000, -0.10000000, -0.10000000, -0.00443868
0.20000000, -0.07500000, -0.12500000, -0.00347853
0.20000000, -0.05000000, -0.15000000, -0.00237453
0.20000000, -0.02500000, -0.17500000, -0.00118656
0.25000000, 0.00000000, -0.25000000, -0.00000000
0.21875000, 0.03125000, -0.25000000, 0.00125795
0.18750000, 0.06250000, -0.25000000, 0.00257390
0.15625000, 0.09375000, -0.25000000, 0.00386598
0.12500000, 0.12500000, -0.25000000, 0.00504801
0.09375000, 0.15625000, -0.25000000, 0.00601500
0.06250000, 0.18750000, -0.25000000, 0.00659835
0.03125000, 0.21875000, -0.25000000, 0.00641080
0.00000000, 0.25000000, -0.25000000, 0.00360415
-0.03125000, 0.25000000, -0.21875000, -0.00426705
-0.06250000, 0.25000000, -0.18750000, -0.00826488
-0.09375000, 0.25000000, -0.15625000, -0.01062041
-0.12500000, 0.25000000, -0.12500000, -0.01178243
-0.15625000, 0.25000000, -0.09375000, -0.01183804
-0.18750000, 0.25000000, -0.06250000, -0.01077363
-0.21875000, 0.25000000, -0.03125000, -0.00825251
-0.25000000, 0.25000000, 0.00000000, -0.00248273
-0.25000000, 0.21875000, 0.03125000, 0.00118420
-0.25000000, 0.18750000, 0.06250000, 0.00239334
-0.25000000, 0.15625000, 0.09375000, 0.00278675
-0.25000000, 0.12500000, 0.12500000, 0.00271224
-0.25000000, 0.09375000, 0.15625000, 0.00231287
-0.25000000, 0.06250000, 0.18750000, 0.00168188
-0.25000000, 0.03125000, 0.21875000, 0.00088886
-0.25000000, 0.00000000, 0.25000000, -0.00000000
-0.21875000, -0.03125000, 0.25000000, -0.00088886
-0.18750000, -0.06250000, 0.25000000, -0.00168188
-0.15625000, -0.09375000, 0.25000000, -0.00231287
-0.12500000, -0.12500000, 0.25000000, -0.00271224
-0.09375000, -0.15625000, 0.25000000, -0.00278675
-0.06250000, -0.18750000, 0.25000000, -0.00239334
-0.03125000, -0.21875000, 0.25000000, -0.00118420
0.00000000, -0.25000000, 0.25000000, 0.00248273
0.03125000, -0.25000000, 0.21875000, 0.00825251
0.06250000, -0.25000000, 0.18750000, 0.01077363
0.09375000, -0.25000000, 0.15625000, 0.01183804
0.12500000, -0.25000000, 0.12500000, 0.01178243
0.15625000, -0.25000000, 0.09375000, 0.01062041
0.18750000, -0.25000000, 0.06250000, 0.00826488
0.21875000, -0.25000000, 0.03125000, 0.00426705
0.25000000, -0.25000000, 0.00000000, -0.00360415
0.25000000, -0.21875000, -0.03125000, -0.00641080
0.25000000, -0.18750000, -0.06250000, -0.00659835
0.25000000, -0.15625000, -0.09375000, -0.00601500
0.25000000, -0.12500000, -0.12500000, -0.00504801
0.25000000, -0.09375000, -0.15625000, -0.00386598
0.25000000, -0.06250000, -0.18750000, -0.00257390
0.25000000, -0.03125000, -0.21875000, -0.00125795
0.30000000, 0.00000000, -0.30000000, -0.00000000
0.26250000, 0.03750000, -0.30000000, 0.00118166
0.22500000, 0.07500000, -0.30000000, 0.00247703
0.18750000, 0.11250000, -0.30000000, 0.00379588
0.15000000, 0.15000000, -0.30000000, 0.00505932
0.11250000, 0.18750000, -0.30000000, 0.00615559
0.07500000, 0.22500000, -0.30000000, 0.00695027
0.03750000, 0.26250000, -0.30000000, 0.00709808
0.00000000, 0.30000000, -0.30000000, 0.00504511
-0.03750000, 0.30000000, -0.26250000, -0.00188606
-0.07500000, 0.30000000, -0.22500000, -0.00545414
-0.11250000, 0.30000000, -0.18750000, -0.00760201
-0.15000000, 0.30000000, -0.15000000, -0.00872165
-0.18750000, 0.30000000, -0.11250000, -0.00889131
-0.22500000, 0.30000000, -0.07500000, -0.00809238
-0.26250000, 0.30000000, -0.03750000, -0.00601090
-0.30000000, 0.30000000, 0.00000000, -0.00099362
-0.30000000, 0.26250000, 0.03750000, 0.00214059
-0.30000000, 0.22500000, 0.07500000, 0.00307733
-0.30000000, 0.18750000, 0.11250000, 0.00327953
-0.30000000, 0.15000000, 0.15000000, 0.00306270
-0.30000000, 0.11250000, 0.18750000, 0.00254095
-0.30000000, 0.07500000, 0.22500000, 0.00181092
-0.30000000, 0.03750000, 0.26250000, 0.00093825
-0.30000000, 0.00000000, 0.30000000, -0.00000000
-0.26250000, -0.03750000, 0.30000000, -0.00093825
-0.22500000, -0.07500000, 0.30000000, -0.00181092
-0.18750000, -0.11250000, 0.30000000, -0.00254095
-0.15000000, -0.15000000, 0.30000000, -0.00306270
-0.11250000, -0.18750000, 0.30000000, -0.00327953
-0.07500000, -0.22500000, 0.30000000, -0.00307733
-0.03750000, -0.26250000, 0.30000000, -0.00214059
0.00000000, -0.30000000, 0.30000000, 0.00099362
0.03750000, -0.30000000, 0.26250000, 0.00601090
0.07500000, -0.30000000, 0.22500000, 0.00809238
0.11250000, -0.30000000, 0.18750000, 0.00889131
0.15000000, -0.30000000, 0.15000000, 0.00872165
0.18750000, -0.30000000, 0.11250000, 0.00760201
0.22500000, -0.30000000, 0.07500000, 0.00545414
0.26250000, -0.30000000, 0.03750000, 0.00188606
0.30000000, -0.30000000, 0.00000000, -0.00504511
0.30000000, -0.26250000, -0.03750000, -0.00709808
0.30000000, -0.22500000, -0.07500000, -0.00695027
0.30000000, -0.18750000, -0.11250000, -0.00615559
0.30000000, -0.15000000, -0.15000000, -0.00505932
0.30000000, -0.11250000, -0.18750000, -0.00379588
0.30000000, -0.07500000, -0.22500000, -0.00247703
0.30000000, -0.03750000, -0.26250000, -0.00118166
0.35000000, 0.00000000, -0.35000000, 0.00000000
0.30625000, 0.04375000, -0.35000000, 0.00100079
0.26250000, 0.08750000, -0.35000000, 0.00216251
0.21875000, 0.13125000, -0.35000000, 0.00338490
0.17500000, 0.17500000, -0.35000000, 0.00460109
0.13125000, 0.21875000, -0.35000000, 0.00568132
0.08750000, 0.26250000, -0.35000000, 0.00650831
0.04375000, 0.30625000, -0.35000000, 0.00678737
0.00000000, 0.35000000, -0.35000000, 0.00527830
-0.04375000, 0.35000000, -0.30625000, -0.00039868
-0.08750000, 0.35000000, -0.26250000, -0.00334093
-0.13125000, 0.35000000, -0.21875000, -0.00514451
-0.17500000, 0.35000000, -0.17500000, -0.00609665
-0.21875000, 0.35000000, -0.13125000, -0.00633579
-0.26250000, 0.35000000, -0.08750000, -0.00576558
-0.30625000, 0.35000000, -0.04375000, -0.00413863
-0.35000000, 0.35000000, 0.00000000, 0.00001292
-0.35000000, 0.30625000, 0.04375000, 0.00256832
-0.35000000, 0.26250000, 0.08750000, 0.00328337
-0.35000000, 0.21875000, 0.13125000, 0.00336660
-0.35000000, 0.17500000, 0.17500000, 0.00307778
-0.35000000, 0.13125000, 0.21875000, 0.00250460
-0.35000000, 0.08750000, 0.26250000, 0.00175465
-0.35000000, 0.04375000, 0.30625000, 0.00088762
-0.35000000, 0.00000000, 0.35000000, 0.00000000
-0.30625000, -0.04375000, 0.35000000, -0.00088762
-0.26250000, -0.08750000, 0.35000000, -0.00175465
-0.21875000, -0.13125000, 0.35000000, -0.00250460
-0.17500000, -0.17500000, 0.35000000, -0.00307778
-0.13125000, -0.21875000, 0.35000000, -0.00336660
-0.08750000, -0.26250000, 0.35000000, -0.00328337
-0.04375000, -0.30625000, 0.35000000, -0.00256832
0.00000000, -0.35000000, 0.35000000, -0.00001292
0.04375000, -0.35000000, 0.30625000, 0.00413863
0.08750000, -0.35000000, 0.26250000, 0.00576558
0.13125000, -0.35000000, 0.21875000, 0.00633579
0.17500000, -0.35000000, 0.17500000, 0.00609665
0.21875000, -0.35000000, 0.13125000, 0.00514451
0.26250000, -0.35000000, 0.08750000, 0.00334093
0.30625000, -0.35000000, 0.04375000, 0.00039868
0.35000000, -0.35000000, 0.00000000, -0.00527830
0.35000000, -0.30625000, -0.04375000, -0.00678737
0.35000000, -0.26250000, -0.08750000, -0.00650831
0.35000000, -0.21875000, -0.13125000, -0.00568132
0.35000000, -0.17500000, -0.17500000, -0.00460109
0.35000000, -0.13125000, -0.21875000, -0.00338490
0.35000000, -0.08750000, -0.26250000, -0.00216251
0.35000000, -0.04375000, -0.30625000, -0.00100079
0.40000000, 0.00000000, -0.40000000, 0.00000000
0.35000000, 0.05000000, -0.40000000, 0.00078536
0.30000000, 0.10000000, -0.40000000, 0.00174827
0.25000000, 0.15000000, -0.40000000, 0.00279649
0.20000000, 0.20000000, -0.40000000, 0.00384276
0.15000000, 0.25000000, -0.40000000, 0.00478381
0.10000000, 0.30000000, -0.40000000, 0.00549439
0.05000000, 0.35000000, -0.40000000, 0.00574959
0.00000000, 0.40000000, -0.40000000, 0.00465545
-0.05000000, 0.40000000, -0.35000000, 0.00042755
-0.10000000, 0.40000000, -0.30000000, -0.00182881
-0.15000000, 0.40000000, -0.25000000, -0.00324040
-0.20000000, 0.40000000, -0.20000000, -0.00401856
-0.25000000, 0.40000000, -0.15000000, -0.00421879
-0.30000000, 0.40000000, -0.10000000, -0.00380549
-0.35000000, 0.40000000, -0.05000000, -0.00257928
-0.40000000, 0.40000000, 0.00000000, 0.00058036
-0.40000000, 0.35000000, 0.05000000, 0.00250904
-0.40000000, 0.30000000, 0.10000000, 0.00305598
-0.40000000, 0.25000000, 0.15000000, 0.00309499
-0.40000000, 0.20000000, 0.20000000, 0.00280511
-0.40000000, 0.15000000, 0.25000000, 0.00226688
-0.40000000, 0.10000000, 0.30000000, 0.00156495
-0.40000000, 0.05000000, 0.35000000, 0.00077602
-0.40000000, 0.00000000, 0.40000000, -0.00000000
-0.35000000, -0.05000000, 0.40000000, -0.00077602
-0.30000000, -0.10000000, 0.40000000, -0.00156495
-0.25000000, -0.15000000, 0.40000000, -0.00226688
-0.20000000, -0.20000000, 0.40000000, -0.00280511
-0.15000000, -0.25000000, 0.40000000, -0.00309499
-0.10000000, -0.30000000, 0.40000000, -0.00305598
-0.05000000, -0.35000000, 0.40000000, -0.00250904
0.00000000, -0.40000000, 0.40000000, -0.00058036
0.05000000, -0.40000000, 0.35000000, 0.00257928
0.10000000, -0.40000000, 0.30000000, 0.00380549
0.15000000, -0.40000000, 0.25000000, 0.00421879
0.20000000, -0.40000000, 0.20000000, 0.00401856
0.25000000, -0.40000000, 0.15000000, 0.00324040
0.30000000, -0.40000000, 0.10000000, 0.00182881
0.35000000, -0.40000000, 0.05000000, -0.00042755
0.40000000, -0.40000000, 0.00000000, -0.00465545
0.40000000, -0.35000000, -0.05000000, -0.00574959
0.40000000, -0.30000000, -0.10000000, -0.00549439
0.40000000, -0.25000000, -0.15000000, -0.00478381
0.40000000, -0.20000000, -0.20000000, -0.00384276
0.40000000, -0.15000000, -0.25000000, -0.00279649
0.40000000, -0.10000000, -0.30000000, -0.00174827
0.40000000, -0.05000000, -0.35000000, -0.00078536
0.45000000, 0.00000000, -0.45000000, -0.00000000
0.39375000, 0.05625000, -0.45000000, 0.00056705
0.33750000, 0.11250000, -0.45000000, 0.00130778
0.28125000, 0.16875000, -0.45000000, 0.00214167
0.22500000, 0.22500000, -0.45000000, 0.00297216
0.16875000, 0.28125000, -0.45000000, 0.00371176
0.11250000, 0.33750000, -0.45000000, 0.00423786
0.05625000, 0.39375000, -0.45000000, 0.00437642
0.00000000, 0.45000000, -0.45000000, 0.00353332
-0.05625000, 0.45000000, -0.39375000, 0.00070300
-0.11250000, 0.45000000, -0.33750000, -0.00087006
-0.16875000, 0.45000000, -0.28125000, -0.00187301
-0.22500000, 0.45000000, -0.22500000, -0.00244962
-0.28125000, 0.45000000, -0.16875000, -0.00258389
-0.33750000, 0.45000000, -0.11250000, -0.00229684
-0.39375000, 0.45000000, -0.05625000, -0.00144052
-0.45000000, 0.45000000, 0.00000000, 0.00072842
-0.45000000, 0.39375000, 0.05625000, 0.00210954
-0.45000000, 0.33750000, 0.11250000, 0.00254421
-0.45000000, 0.28125000, 0.16875000, 0.00258527
-0.45000000, 0.22500000, 0.22500000, 0.00234299
-0.45000000, 0.16875000, 0.28125000, 0.00188587
-0.45000000, 0.11250000, 0.33750000, 0.00128210
-0.45000000, 0.05625000, 0.39375000, 0.00062002
-0.45000000, 0.00000000, 0.45000000, -0.00000000
-0.39375000, -0.05625000, 0.45000000, -0.00062002
-0.33750000, -0.11250000, 0.45000000, -0.00128210
-0.28125000, -0.16875000, 0.45000000, -0.00188587
-0.22500000, -0.22500000, 0.45000000, -0.00234299
-0.16875000, -0.28125000, 0.45000000, -0.00258527
-0.11250000, -0.33750000, 0.45000000, -0.00254421
-0.05625000, -0.39375000, 0.45000000, -0.00210954
0.00000000, -0.45000000, 0.45000000, -0.00072842
0.05625000, -0.45000000, 0.39375000, 0.00144052
0.11250000, -0.45000000, 0.33750000, 0.00229684
0.16875000, -0.45000000, 0.28125000, 0.00258389
0.22500000, -0.45000000, 0.22500000, 0.00244962
0.28125000, -0.45000000, 0.16875000, 0.00187301
0.33750000, -0.45000000, 0.11250000, 0.00087006
0.39375000, -0.45000000, 0.05625000, -0.00070300
0.45000000, -0.45000000, 0.00000000, -0.00353332
0.45000000, -0.39375000, -0.05625000, -0.00437642
0.45000000, -0.33750000, -0.11250000, -0.00423786
0.45000000, -0.28125000, -0.16875000, -0.00371176
0.45000000, -0.22500000, -0.22500000, -0.00297216
0.45000000, -0.16875000, -0.28125000, -0.00214167
0.45000000, -0.11250000, -0.33750000, -0.00130778
0.45000000, -0.05625000, -0.39375000, -0.00056705
0.50000000, 0.00000000, -0.50000000, -0.00000000
0.43750000, 0.06250000, -0.50000000, 0.00036850
0.37500000, 0.12500000, -0.50000000, 0.00089651
0.31250000, 0.18750000, -0.50000000, 0.00151206
0.25000000, 0.25000000, -0.50000000, 0.00213724
0.18750000, 0.31250000, -0.50000000, 0.00267192
0.12500000, 0.37500000, -0.50000000, 0.00301264
0.06250000, 0.43750000, -0.50000000, 0.00301620
0.00000000, 0.50000000, -0.50000000, 0.00230312
-0.06250000, 0.50000000, -0.43750000, 0.00060817
-0.12500000, 0.50000000, -0.37500000, -0.00035711
-0.18750000, 0.50000000, -0.31250000, -0.00098051
-0.25000000, 0.50000000, -0.25000000, -0.00133331
-0.31250000, 0.50000000, -0.18750000, -0.00143112
-0.37500000, 0.50000000, -0.12500000, -0.00125999
-0.43750000, 0.50000000, -0.06250000, -0.00073780
-0.50000000, 0.50000000, 0.00000000, 0.00059253
-0.50000000, 0.43750000, 0.06250000, 0.00156037
-0.50000000, 0.37500000, 0.12500000, 0.00191792
-0.50000000, 0.31250000, 0.18750000, 0.00197659
-0.50000000, 0.25000000, 0.25000000, 0.00180059
-0.50000000, 0.18750000, 0.31250000, 0.00143601
-0.50000000, 0.12500000, 0.37500000, 0.00095642
-0.50000000, 0.06250000, 0.43750000, 0.00044350
-0.50000000, 0.00000000, 0.50000000, -0.00000000
-0.43750000, -0.06250000, 0.50000000, -0.00044350
-0.37500000, -0.12500000, 0.50000000, -0.00095642
-0.31250000, -0.18750000, 0.50000000, -0.00143601
-0.25000000, -0.25000000, 0.50000000, -0.00180059
-0.18750000, -0.31250000, 0.50000000, -0.00197659
-0.12500000, -0.37500000, 0.50000000, -0.00191792
-0.06250000, -0.43750000, 0.50000000, -0.00156037
0.00000000, -0.50000000, 0.50000000, -0.00059253
0.06250000, -0.50000000, 0.43750000, 0.00073780
0.12500000, -0.50000000, 0.37500000, 0.00125999
0.18750000, -0.50000000, 0.31250000, 0.00143112
0.25000000, -0.50000000, 0.25000000, 0.00133331
0.31250000, -0.50000000, 0.18750000, 0.00098051
0.37500000, -0.50000000, 0.12500000, 0.00035711
0.43750000, -0.50000000, 0.06250000, -0.00060817
0.50000000, -0.50000000, 0.00000000, -0.00230312
0.50000000, -0.43750000, -0.06250000, -0.00301620
0.50000000, -0.37500000, -0.12500000, -0.00301264
0.50000000, -0.31250000, -0.18750000, -0.00267192
0.50000000, -0.25000000, -0.25000000, -0.00213724
0.50000000, -0.18750000, -0.31250000, -0.00151206
0.50000000, -0.12500000, -0.37500000, -0.00089651
0.50000000, -0.06250000, -0.43750000, -0.00036850
0.55000000, 0.00000000, -0.55000000, 0.00000000
0.48125000, 0.06875000, -0.55000000, 0.00021483
0.41250000, 0.13750000, -0.55000000, 0.00056209
0.34375000, 0.20625000, -0.55000000, 0.00098498
0.27500000, 0.27500000, -0.55000000, 0.00142561
0.20625000, 0.34375000, -0.55000000, 0.00178137
0.13750000, 0.41250000, -0.55000000, 0.00196731
0.06875000, 0.48125000, -0.55000000, 0.00187703
0.00000000, 0.55000000, -0.55000000, 0.00129006
-0.06875000, 0.55000000, -0.48125000, 0.00039484
-0.13750000, 0.55000000, -0.41250000, -0.00011957
-0.20625000, 0.55000000, -0.34375000, -0.00045380
-0.27500000, 0.55000000, -0.27500000, -0.00062983
-0.34375000, 0.55000000, -0.20625000, -0.00069943
-0.41250000, 0.55000000, -0.13750000, -0.00061412
-0.48125000, 0.55000000, -0.06875000, -0.00034209
-0.55000000, 0.55000000, 0.00000000, 0.00037350
-0.55000000, 0.48125000, 0.06875000, 0.00102045
-0.55000000, 0.41250000, 0.13750000, 0.00130751
-0.55000000, 0.34375000, 0.20625000, 0.00138147
-0.55000000, 0.27500000, 0.27500000, 0.00127003
-0.55000000, 0.20625000, 0.34375000, 0.00100104
-0.55000000, 0.13750000, 0.41250000, 0.00064847
-0.55000000, 0.06875000, 0.48125000, 0.00028359
-0.55000000, 0.00000000, 0.55000000, 0.00000000
-0.48125000, -0.06875000, 0.55000000, -0.00028359
-0.41250000, -0.13750000, 0.55000000, -0.00064847
-0.34375000, -0.20625000, 0.55000000, -0.00100104
-0.27500000, -0.27500000, 0.55000000, -0.00127003
-0.20625000, -0.34375000, 0.55000000, -0.00138147
-0.13750000, -0.41250000, 0.55000000, -0.00130751
-0.06875000, -0.48125000, 0.55000000, -0.00102045
0.00000000, -0.55000000, 0.55000000, -0.00037350
0.06875000, -0.55000000, 0.48125000, 0.00034209
0.13750000, -0.55000000, 0.41250000, 0.00061412
0.20625000, -0.55000000, 0.34375000, 0.00069943
0.27500000, -0.55000000, 0.27500000, 0.00062983
0.34375000, -0.55000000, 0.20625000, 0.00045380
0.41250000, -0.55000000, 0.13750000, 0.00011957
0.48125000, -0.55000000, 0.06875000, -0.00039484
0.55000000, -0.55000000, 0.00000000, -0.00129006
0.55000000, -0.48125000, -0.06875000, -0.00187703
0.55000000, -0.41250000, -0.13750000, -0.00196731
0.55000000, -0.34375000, -0.20625000, -0.00178137
0.55000000, -0.27500000, -0.27500000, -0.00142561
0.55000000, -0.20625000, -0.34375000, -0.00098498
0.55000000, -0.13750000, -0.41250000, -0.00056209
0.55000000, -0.06875000, -0.48125000, -0.00021483
0.60000000, 0.00000000, -0.60000000, 0.00000000
0.52500000, 0.07500000, -0.60000000, 0.00011565
0.45000000, 0.15000000, -0.60000000, 0.00032509
0.37500000, 0.22500000, -0.60000000, 0.00059586
0.30000000, 0.30000000, -0.60000000, 0.00087583
0.22500000, 0.37500000, -0.60000000, 0.00108921
0.15000000, 0.45000000, -0.60000000, 0.00116349
0.07500000, 0.52500000, -0.60000000, 0.00104045
0.00000000, 0.60000000, -0.60000000, 0.00062685
-0.07500000, 0.60000000, -0.52500000, 0.00022626
-0.15000000, 0.60000000, -0.45000000, -0.00001676
-0.22500000, 0.60000000, -0.37500000, -0.00017492
-0.30000000, 0.60000000, -0.30000000, -0.00025852
-0.37500000, 0.60000000, -0.22500000, -0.00028797
-0.45000000, 0.60000000, -0.15000000, -0.00024712
-0.52500000, 0.60000000, -0.07500000, -0.00012061
-0.60000000, 0.60000000, 0.00000000, 0.00020147
-0.60000000, 0.52500000, 0.07500000, 0.00058606
-0.60000000, 0.45000000, 0.15000000, 0.00079746
-0.60000000, 0.37500000, 0.22500000, 0.00087568
-0.60000000, 0.30000000, 0.30000000, 0.00081657
-0.60000000, 0.22500000, 0.37500000, 0.00064018
-0.60000000, 0.15000000, 0.45000000, 0.00040106
-0.60000000, 0.07500000, 0.52500000, 0.00016499
-0.60000000, 0.00000000, 0.60000000, 0.00000000
-0.52500000, -0.07500000, 0.60000000, -0.00016499
-0.45000000, -0.15000000, 0.60000000, -0.00040106
-0.37500000, -0.22500000, 0.60000000, -0.00064018
-0.30000000, -0.30000000, 0.60000000, -0.00081657
-0.22500000, -0.37500000, 0.60000000, -0.00087568
-0.15000000, -0.45000000, 0.60000000, -0.00079746
-0.07500000, -0.52500000, 0.60000000, -0.00058606
0.00000000, -0.60000000, 0.60000000, -0.00020147
0.07500000, -0.60000000, 0.52500000, 0.00012061
0.15000000, -0.60000000, 0.45000000, 0.00024712
0.22500000, -0.60000000, 0.37500000, 0.00028797
0.30000000, -0.60000000, 0.30000000, 0.00025852
0.37500000, -0.60000000, 0.22500000, 0.00017492
0.45000000, -0.60000000, 0.15000000, 0.00001676
0.52500000, -0.60000000, 0.07500000, -0.00022626
0.60000000, -0.60000000, 0.00000000, -0.00062685
0.60000000, -0.52500000, -0.07500000, -0.00104045
0.60000000, -0.45000000, -0.15000000, -0.00116349
0.60000000, -0.37500000, -0.22500000, -0.00108921
0.60000000, -0.30000000, -0.30000000, -0.00087583
0.60000000, -0.22500000, -0.37500000, -0.00059586
0.60000000, -0.15000000, -0.45000000, -0.00032509
0.60000000, -0.07500000, -0.52500000, -0.00011565
0.65000000, 0.00000000, -0.65000000, -0.00000000
0.56875000, 0.08125000, -0.65000000, 0.00005890
0.48750000, 0.16250000, -0.65000000, 0.00017384
0.40625000, 0.24375000, -0.65000000, 0.00033376
0.32500000, 0.32500000, -0.65000000, 0.00049156
0.24375000, 0.40625000, -0.65000000, 0.00060409
0.16250000, 0.48750000, -0.65000000, 0.00061449
0.08125000, 0.56875000, -0.65000000, 0.00050443
0.00000000, 0.65000000, -0.65000000, 0.00026383
-0.08125000, 0.65000000, -0.56875000, 0.00012340
-0.16250000, 0.65000000, -0.48750000, 0.00001916
-0.24375000, 0.65000000, -0.40625000, -0.00004800
-0.32500000, 0.65000000, -0.32500000, -0.00009274
-0.40625000, 0.65000000, -0.24375000, -0.00008947
-0.48750000, 0.65000000, -0.16250000, -0.00006832
-0.56875000, 0.65000000, -0.08125000, -0.00001329
-0.65000000, 0.65000000, 0.00000000, 0.00009731
-0.65000000, 0.56875000, 0.08125000, 0.00029192
-0.65000000, 0.48750000, 0.16250000, 0.00043021
-0.65000000, 0.40625000, 0.24375000, 0.00049858
-0.65000000, 0.32500000, 0.32500000, 0.00047469
-0.65000000, 0.24375000, 0.40625000, 0.00037322
-0.65000000, 0.16250000, 0.48750000, 0.00022525
-0.65000000, 0.08125000, 0.56875000, 0.00008783
-0.65000000, 0.00000000, 0.65000000, -0.00000000
-0.56875000, -0.08125000, 0.65000000, -0.00008783
-0.48750000, -0.16250000, 0.65000000, -0.00022525
-0.40625000, -0.24375000, 0.65000000, -0.00037322
-0.32500000, -0.32500000, 0.65000000, -0.00047469
-0.24375000, -0.40625000, 0.65000000, -0.00049858
-0.16250000, -0.48750000, 0.65000000, -0.00043021
-0.08125000, -0.56875000, 0.65000000, -0.00029192
0.00000000, -0.65000000, 0.65000000, -0.00009731
0.08125000, -0.65000000, 0.56875000, 0.00001329
0.16250000, -0.65000000, 0.48750000, 0.00006832
0.24375000, -0.65000000, 0.40625000, 0.00008947
0.32500000, -0.65000000, 0.32500000, 0.00009274
0.40625000, -0.65000000, 0.24375000, 0.00004800
0.48750000, -0.65000000, 0.16250000, -0.00001916
0.56875000, -0.65000000, 0.08125000, -0.00012340
0.65000000, -0.65000000, 0.00000000, -0.00026383
0.65000000, -0.56875000, -0.08125000, -0.00050443
0.65000000, -0.48750000, -0.16250000, -0.00061449
0.65000000, -0.40625000, -0.24375000, -0.00060409
0.65000000, -0.32500000, -0.32500000, -0.00049156
0.65000000, -0.24375000, -0.40625000, -0.00033376
0.65000000, -0.16250000, -0.48750000, -0.00017384
0.65000000, -0.08125000, -0.56875000, -0.00005890
0.70000000, 0.00000000, -0.70000000, -0.00000000
0.61250000, 0.08750000, -0.70000000, 0.00002593
0.52500000, 0.17500000, -0.70000000, 0.00008263
0.43750000, 0.26250000, -0.70000000, 0.00016717
0.35000000, 0.35000000, -0.70000000, 0.00025054
0.26250000, 0.43750000, -0.70000000, 0.00030298
0.17500000, 0.52500000, -0.70000000, 0.00029107
0.08750000, 0.61250000, -0.70000000, 0.00021296
0.00000000, 0.70000000, -0.70000000, 0.00008560
-0.08750000, 0.70000000, -0.61250000, 0.00004970
-0.17500000, 0.70000000, -0.52500000, 0.00001514
-0.26250000, 0.70000000, -0.43750000, -0.00000475
-0.35000000, 0.70000000, -0.35000000, -0.00001985
-0.43750000, 0.70000000, -0.26250000, -0.00001328
-0.52500000, 0.70000000, -0.17500000, -0.00000767
-0.61250000, 0.70000000, -0.08750000, 0.00000790
-0.70000000, 0.70000000, 0.00000000, 0.00003393
-0.70000000, 0.61250000, 0.08750000, 0.00012545
-0.70000000, 0.52500000, 0.17500000, 0.00020553
-0.70000000, 0.43750000, 0.26250000, 0.00025344
-0.70000000, 0.35000000, 0.35000000, 0.00024754
-0.70000000, 0.26250000, 0.43750000, 0.00019300
-0.70000000, 0.17500000, 0.52500000, 0.00011114
-0.70000000, 0.08750000, 0.61250000, 0.00003988
-0.70000000, 0.00000000, 0.70000000, -0.00000000
-0.61250000, -0.08750000, 0.70000000, -0.00003988
-0.52500000, -0.17500000, 0.70000000, -0.00011114
-0.43750000, -0.26250000, 0.70000000, -0.00019300
-0.35000000, -0.35000000, 0.70000000, -0.00024754
-0.26250000, -0.43750000, 0.70000000, -0.00025344
-0.17500000, -0.52500000, 0.70000000, -0.00020553
-0.08750000, -0.61250000, 0.70000000, -0.00012545
0.00000000, -0.70000000, 0.70000000, -0.00003393
0.08750000, -0.70000000, 0.61250000, -0.00000790
0.17500000, -0.70000000, 0.52500000, 0.00000767
0.26250000, -0.70000000, 0.43750000, 0.00001328
0.35000000, -0.70000000, 0.35000000, 0.00001985
0.43750000, -0.70000000, 0.26250000, 0.00000475
0.52500000, -0.70000000, 0.17500000, -0.00001514
0.61250000, -0.70000000, 0.08750000, -0.00004970
0.70000000, -0.70000000, 0.00000000, -0.00008560
0.70000000, -0.61250000, -0.08750000, -0.00021296
0.70000000, -0.52500000, -0.17500000, -0.00029107
0.70000000, -0.43750000, -0.26250000, -0.00030298
0.70000000, -0.35000000, -0.35000000, -0.00025054
0.70000000, -0.26250000, -0.43750000, -0.00016717
0.70000000, -0.17500000, -0.52500000, -0.00008263
0.70000000, -0.08750000, -0.61250000, -0.00002593
0.75000000, 0.00000000, -0.75000000, 0.00000000
0.65625000, 0.09375000, -0.75000000, 0.00000688
0.56250000, 0.18750000, -0.75000000, 0.00003139
0.46875000, 0.28125000, -0.75000000, 0.00006966
0.37500000, 0.37500000, -0.75000000, 0.00011472
0.28125000, 0.46875000, -0.75000000, 0.00013761
0.18750000, 0.56250000, -0.75000000, 0.00012676
0.09375000, 0.65625000, -0.75000000, 0.00008092
0.00000000, 0.75000000, -0.75000000, 0.00000916
-0.09375000, 0.75000000, -0.65625000, -0.00000165
-0.18750000, 0.75000000, -0.56250000, -0.00000205
-0.28125000, 0.75000000, -0.46875000, 0.00000206
-0.37500000, 0.75000000, -0.37500000, 0.00001285
-0.46875000, 0.75000000, -0.28125000, 0.00000560
-0.56250000, 0.75000000, -0.18750000, -0.00000174
-0.65625000, 0.75000000, -0.09375000, -0.00000890
-0.75000000, 0.75000000, 0.00000000, -0.00000151
-0.75000000, 0.65625000, 0.09375000, 0.00004747
-0.75000000, 0.56250000, 0.18750000, 0.00008832
-0.75000000, 0.46875000, 0.28125000, 0.00011435
-0.75000000, 0.37500000, 0.37500000, 0.00011427
-0.75000000, 0.28125000, 0.46875000, 0.00008415
-0.75000000, 0.18750000, 0.56250000, 0.00004476
-0.75000000, 0.09375000, 0.65625000, 0.00001237
-0.75000000, 0.00000000, 0.75000000, 0.00000000
-0.65625000, -0.09375000, 0.75000000, -0.00001237
-0.56250000, -0.18750000, 0.75000000, -0.00004476
-0.46875000, -0.28125000, 0.75000000, -0.00008415
-0.37500000, -0.37500000, 0.75000000, -0.00011427
-0.28125000, -0.46875000, 0.75000000, -0.00011435
-0.18750000, -0.56250000, 0.75000000, -0.00008832
-0.09375000, -0.65625000, 0.75000000, -0.00004747
0.00000000, -0.75000000, 0.75000000, 0.00000151
0.09375000, -0.75000000, 0.65625000, 0.00000890
0.18750000, -0.75000000, 0.56250000, 0.00000174
0.28125000, -0.75000000, 0.46875000, -0.00000560
0.37500000, -0.75000000, 0.37500000, -0.00001285
0.46875000, -0.75000000, 0.28125000, -0.00000206
0.56250000, -0.75000000, 0.18750000, 0.00000205
0.65625000, -0.75000000, 0.09375000, 0.00000165
0.75000000, -0.75000000, 0.00000000, -0.00000916
0.75000000, -0.65625000, -0.09375000, -0.00008092
0.75000000, -0.56250000, -0.18750000, -0.00012676
0.75000000, -0.46875000, -0.28125000, -0.00013761
0.75000000, -0.37500000, -0.37500000, -0.00011472
0.75000000, -0.28125000, -0.46875000, -0.00006966
0.75000000, -0.18750000, -0.56250000, -0.00003139
0.75000000, -0.09375000, -0.65625000, -0.00000688
0.80000000, 0.00000000, -0.80000000, 0.00000000
0.70000000, 0.10000000, -0.80000000, 0.00000020
0.60000000, 0.20000000, -0.80000000, 0.00000888
0.50000000, 0.30000000, -0.80000000, 0.00002353
0.40000000, 0.40000000, -0.80000000, 0.00004461
0.30000000, 0.50000000, -0.80000000, 0.00005359
0.20000000, 0.60000000, -0.80000000, 0.00004755
0.10000000, 0.70000000, -0.80000000, 0.00002708
0.00000000, 0.80000000, -0.80000000, -0.00000490
-0.10000000, 0.80000000, -0.70000000, -0.00001147
-0.20000000, 0.80000000, -0.60000000, -0.00000604
-0.30000000, 0.80000000, -0.50000000, 0.00000131
-0.40000000, 0.80000000, -0.40000000, 0.00001445
-0.50000000, 0.80000000, -0.30000000, 0.00000582
-0.60000000, 0.80000000, -0.20000000, -0.00000222
-0.70000000, 0.80000000, -0.10000000, -0.00001100
-0.80000000, 0.80000000, 0.00000000, -0.00000598
-0.80000000, 0.70000000, 0.10000000, 0.00001574
-0.80000000, 0.60000000, 0.20000000, 0.00003239
-0.80000000, 0.50000000, 0.30000000, 0.00004370
-0.80000000, 0.40000000, 0.40000000, 0.00004442
-0.80000000, 0.30000000, 0.50000000, 0.00003004
-0.80000000, 0.20000000, 0.60000000, 0.00001399
-0.80000000, 0.10000000, 0.70000000, 0.00000189
-0.80000000, 0.00000000, 0.80000000, 0.00000000
-0.70000000, -0.10000000, 0.80000000, -0.00000189
-0.60000000, -0.20000000, 0.80000000, -0.00001399
-0.50000000, -0.30000000, 0.80000000, -0.00003004
-0.40000000, -0.40000000, 0.80000000, -0.00004442
-0.30000000, -0.50000000, 0.80000000, -0.00004370
-0.20000000, -0.60000000, 0.80000000, -0.00003239
-0.10000000, -0.70000000, 0.80000000, -0.00001574
0.00000000, -0.80000000, 0.80000000, 0.00000598
0.10000000, -0.80000000, 0.70000000, 0.00001100
0.20000000, -0.80000000, 0.60000000, 0.00000222
0.30000000, -0.80000000, 0.50000000, -0.00000582
0.40000000, -0.80000000, 0.40000000, -0.00001445
0.50000000, -0.80000000, 0.30000000, -0.00000131
0.60000000, -0.80000000, 0.20000000, 0.00000604
0.70000000, -0.80000000, 0.10000000, 0.00001147
0.80000000, -0.80000000, 0.00000000, 0.00000490
0.80000000, -0.70000000, -0.10000000, -0.00002708
0.80000000, -0.60000000, -0.20000000, -0.00004755
0.80000000, -0.50000000, -0.30000000, -0.00005359
0.80000000, -0.40000000, -0.40000000, -0.00004461
0.80000000, -0.30000000, -0.50000000, -0.00002353
0.80000000, -0.20000000, -0.60000000, -0.00000888
0.80000000, -0.10000000, -0.70000000, -0.00000020
0.85000000, 0.00000000, -0.85000000, -0.00000000
0.74375000, 0.10625000, -0.85000000, 0.00000161
0.63750000, 0.21250000, -0.85000000, 0.00000372
0.53125000, 0.31875000, -0.85000000, 0.00000900
0.42500000, 0.42500000, -0.85000000, 0.00001202
0.31875000, 0.53125000, -0.85000000, 0.00001335
0.21250000, 0.63750000, -0.85000000, 0.00000859
0.10625000, 0.74375000, -0.85000000, 0.00000380
0.00000000, 0.85000000, -0.85000000, 0.00000733
-0.10625000, 0.85000000, -0.74375000, 0.00000773
-0.21250000, 0.85000000, -0.63750000, 0.00000371
-0.31875000, 0.85000000, -0.53125000, 0.00000241
-0.42500000, 0.85000000, -0.42500000, -0.00000109
-0.53125000, 0.85000000, -0.31875000, 0.00000366
-0.63750000, 0.85000000, -0.21250000, 0.00000440
-0.74375000, 0.85000000, -0.10625000, 0.00000712
-0.85000000, 0.85000000, 0.00000000, 0.00000635
-0.85000000, 0.74375000, 0.10625000, 0.00000298
-0.85000000, 0.63750000, 0.21250000, 0.00000643
-0.85000000, 0.53125000, 0.31875000, 0.00001135
-0.85000000, 0.42500000, 0.42500000, 0.00001231
-0.85000000, 0.31875000, 0.53125000, 0.00001021
-0.85000000, 0.21250000, 0.63750000, 0.00000487
-0.85000000, 0.10625000, 0.74375000, 0.00000191
-0.85000000, 0.00000000, 0.85000000, -0.00000000
-0.74375000, -0.10625000, 0.85000000, -0.00000191
-0.63750000, -0.21250000, 0.85000000, -0.00000487
-0.53125000, -0.31875000, 0.85000000, -0.00001021
-0.42500000, -0.42500000, 0.85000000, -0.00001231
-0.31875000, -0.53125000, 0.85000000, -0.00001135
-0.21250000, -0.63750000, 0.85000000, -0.00000643
-0.10625000, -0.74375000, 0.85000000, -0.00000298
0.00000000, -0.85000000, 0.85000000, -0.00000635
0.10625000, -0.85000000, 0.74375000, -0.00000712
0.21250000, -0.85000000, 0.63750000, -0.00000440
0.31875000, -0.85000000, 0.53125000, -0.00000366
0.42500000, -0.85000000, 0.42500000, 0.00000109
0.53125000, -0.85000000, 0.31875000, -0.00000241
0.63750000, -0.85000000, 0.21250000, -0.00000371
0.74375000, -0.85000000, 0.10625000, -0.00000773
0.85000000, -0.85000000, 0.00000000, -0.00000733
0.85000000, -0.74375000, -0.10625000, -0.00000380
0.85000000, -0.63750000, -0.21250000, -0.00000859
0.85000000, -0.53125000, -0.31875000, -0.00001335
0.85000000, -0.42500000, -0.42500000, -0.00001202
0.85000000, -0.31875000, -0.53125000, -0.00000900
0.85000000, -0.21250000, -0.63750000, -0.00000372
0.85000000, -0.10625000, -0.74375000, -0.00000161
0.90000000, 0.00000000, -0.90000000, -0.00000000
0.78750000, 0.11250000, -0.90000000, 0.00000153
0.67500000, 0.22500000, -0.90000000, 0.00000184
0.56250000, 0.33750000, -0.90000000, 0.00000322
0.45000000, 0.45000000, -0.90000000, 0.00000163
0.33750000, 0.56250000, -0.90000000, 0.00000091
0.22500000, 0.67500000, -0.90000000, -0.00000133
0.11250000, 0.78750000, -0.90000000, -0.00000153
0.00000000, 0.90000000, -0.90000000, 0.00000499
-0.11250000, 0.90000000, -0.78750000, 0.00000800
-0.22500000, 0.90000000, -0.67500000, 0.00000410
-0.33750000, 0.90000000, -0.56250000, 0.00000156
-0.45000000, 0.90000000, -0.45000000, -0.00000367
-0.56250000, 0.90000000, -0.33750000, 0.00000153
-0.67500000, 0.90000000, -0.22500000, 0.00000372
-0.78750000, 0.90000000, -0.11250000, 0.00000728
-0.90000000, 0.90000000, 0.00000000, 0.00000451
-0.90000000, 0.78750000, 0.11250000, -0.00000040
-0.90000000, 0.67500000, 0.22500000, -0.00000044
-0.90000000, 0.56250000, 0.33750000, 0.00000119
-0.90000000, 0.45000000, 0.45000000, 0.00000184
-0.90000000, 0.33750000, 0.56250000, 0.00000296
-0.90000000, 0.22500000, 0.67500000, 0.00000183
-0.90000000, 0.11250000, 0.78750000, 0.00000152
-0.90000000, 0.00000000, 0.90000000, -0.00000000
-0.78750000, -0.11250000, 0.90000000, -0.00000152
-0.67500000, -0.22500000, 0.90000000, -0.00000183
-0.56250000, -0.33750000, 0.90000000, -0.00000296
-0.45000000, -0.45000000, 0.90000000, -0.00000184
-0.33750000, -0.56250000, 0.90000000, -0.00000119
-0.22500000, -0.67500000, 0.90000000, 0.00000044
-0.11250000, -0.78750000, 0.90000000, 0.00000040
0.00000000, -0.90000000, 0.90000000, -0.00000451
0.11250000, -0.90000000, 0.78750000, -0.00000728
0.22500000, -0.90000000, 0.67500000, -0.00000372
0.33750000, -0.90000000, 0.56250000, -0.00000153
0.45000000, -0.90000000, 0.45000000, 0.00000367
0.56250000, -0.90000000, 0.33750000, -0.00000156
0.67500000, -0.90000000, 0.22500000, -0.00000410
0.78750000, -0.90000000, 0.11250000, -0.00000800
0.90000000, -0.90000000, 0.00000000, -0.00000499
0.90000000, -0.78750000, -0.11250000, 0.00000153
0.90000000, -0.67500000, -0.22500000, 0.00000133
0.90000000, -0.56250000, -0.33750000, -0.00000091
0.90000000, -0.45000000, -0.45000000, -0.00000163
0.90000000, -0.33750000, -0.56250000, -0.00000322
0.90000000, -0.22500000, -0.67500000, -0.00000184
0.90000000, -0.11250000, -0.78750000, -0.00000153
0.95000000, 0.00000000, -0.95000000, 0.00000000
0.83125000, 0.11875000, -0.95000000, -0.00000125
0.71250000, 0.23750000, -0.95000000, -0.00000109
0.59375000, 0.35625000, -0.95000000, -0.00000157
0.47500000, 0.47500000, -0.95000000, 0.00000099
0.35625000, 0.59375000, -0.95000000, 0.00000177
0.23750000, 0.71250000, -0.95000000, 0.00000306
0.11875000, 0.83125000, -0.95000000, 0.00000196
0.00000000, 0.95000000, -0.95000000, -0.00000672
-0.11875000, 0.95000000, -0.83125000, -0.00000823
-0.23750000, 0.95000000, -0.71250000, -0.00000414
-0.35625000, 0.95000000, -0.59375000, -0.00000109
-0.47500000, 0.95000000, -0.47500000, 0.00000509
-0.59375000, 0.95000000, -0.35625000, -0.00000027
-0.71250000, 0.95000000, -0.23750000, -0.00000328
-0.83125000, 0.95000000, -0.11875000, -0.00000746
-0.95000000, 0.95000000, 0.00000000, -0.00000600
-0.95000000, 0.83125000, 0.11875000, 0.00000065
-0.95000000, 0.71250000, 0.23750000, 0.00000162
-0.95000000, 0.59375000, 0.35625000, 0.00000100
-0.95000000, 0.47500000, 0.47500000, 0.00000075
-0.95000000, 0.35625000, 0.59375000, -0.00000101
-0.95000000, 0.23750000, 0.71250000, -0.00000090
-0.95000000, 0.11875000, 0.83125000, -0.00000120
-0.95000000, 0.00000000, 0.95000000, 0.00000000
-0.83125000, -0.11875000, 0.95000000, 0.00000120
-0.71250000, -0.23750000, 0.95000000, 0.00000090
-0.59375000, -0.35625000, 0.95000000, 0.00000101
-0.47500000, -0.47500000, 0.95000000, -0.00000075
-0.35625000, -0.59375000, 0.95000000, -0.00000100
-0.23750000, -0.71250000, 0.95000000, -0.00000162
-0.11875000, -0.83125000, 0.95000000, -0.00000065
0.00000000, -0.95000000, 0.95000000, 0.00000600
0.11875000, -0.95000000, 0.83125000, 0.00000746
0.23750000, -0.95000000, 0.71250000, 0.00000328
0.35625000, -0.95000000, 0.59375000, 0.00000027
0.47500000, -0.95000000, 0.47500000, -0.00000509
0.59375000, -0.95000000, 0.35625000, 0.00000109
0.71250000, -0.95000000, 0.23750000, 0.00000414
0.83125000, -0.95000000, 0.11875000, 0.00000823
0.95000000, -0.95000000, 0.00000000, 0.00000672
0.95000000, -0.83125000, -0.11875000, -0.00000196
0.95000000, -0.71250000, -0.23750000, -0.00000306
0.95000000, -0.59375000, -0.35625000, -0.00000177
0.95000000, -0.47500000, -0.47500000, -0.00000099
0.95000000, -0.35625000, -0.59375000, 0.00000157
0.95000000, -0.23750000, -0.71250000, 0.00000109
0.95000000, -0.11875000, -0.83125000, 0.00000125
1.00000000, 0.00000000, -1.00000000, 0.00000000
0.87500000, 0.12500000, -1.00000000, 0.00000000
0.75000000, 0.25000000, -1.00000000, 0.00000000
0.62500000, 0.37500000, -1.00000000, 0.00000000
0.50000000, 0.50000000, -1.00000000, 0.00000000
0.37500000, 0.62500000, -1.00000000, 0.00000000
0.25000000, 0.75000000, -1.00000000, 0.00000000
0.12500000, 0.87500000, -1.00000000, 0.00000000
0.00000000, 1.00000000, -1.00000000, 0.00000000
-0.12500000, 1.00000000, -0.87500000, 0.00000000
-0.25000000, 1.00000000, -0.75000000, 0.00000000
-0.37500000, 1.00000000, -0.62500000, 0.00000000
-0.50000000, 1.00000000, -0.50000000, 0.00000000
-0.62500000, 1.00000000, -0.37500000, 0.00000000
-0.75000000, 1.00000000, -0.25000000, 0.00000000
-0.87500000, 1.00000000, -0.12500000, 0.00000000
-1.00000000, 1.00000000, 0.00000000, 0.00000000
-1.00000000, 0.87500000, 0.12500000, 0.00000000
-1.00000000, 0.75000000, 0.25000000, 0.00000000
-1.00000000, 0.62500000, 0.37500000, 0.00000000
-1.00000000, 0.50000000, 0.50000000, 0.00000000
-1.00000000, 0.37500000, 0.62500000, 0.00000000
-1.00000000, 0.25000000, 0.75000000, 0.00000000
-1.00000000, 0.12500000, 0.87500000, 0.00000000
-1.00000000, 0.00000000, 1.00000000, 0.00000000
-0.87500000, -0.12500000, 1.00000000, 0.00000000
-0.75000000, -0.25000000, 1.00000000, 0.00000000
-0.62500000, -0.37500000, 1.00000000, 0.00000000
-0.50000000, -0.50000000, 1.00000000, 0.00000000
-0.37500000, -0.62500000, 1.00000000, 0.00000000
-0.25000000, -0.75000000, 1.00000000, 0.00000000
-0.12500000, -0.87500000, 1.00000000, 0.00000000
0.00000000, -1.00000000, 1.00000000, 0.00000000
0.12500000, -1.00000000, 0.87500000, 0.00000000
0.25000000, -1.00000000, 0.75000000, 0.00000000
0.37500000, -1.00000000, 0.62500000, 0.00000000
0.50000000, -1.00000000, 0.50000000, 0.00000000
0.62500000, -1.00000000, 0.37500000, 0.00000000
0.75000000, -1.00000000, 0.25000000, 0.00000000
0.87500000, -1.00000000, 0.12500000, 0.00000000
1.00000000, -1.00000000, 0.00000000, 0.00000000
1.00000000, -0.87500000, -0.12500000, 0.00000000
1.00000000, -0.75000000, -0.25000000, 0.00000000
1.00000000, -0.62500000, -0.37500000, 0.00000000
1.00000000, -0.50000000, -0.50000000, 0.00000000
1.00000000, -0.37500000, -0.62500000, 0.00000000
1.00000000, -0.25000000, -0.75000000, 0.00000000
1.00000000, -0.12500000, -0.87500000, 0.00000000
