0.01000000, 0.00000000, -0.01000000, -0.00000000
0.00000000, 0.01000000, -0.01000000, -0.04158903
-0.00125000, 0.01000000, -0.00875000, -0.08296489
-0.00250000, 0.01000000, -0.00750000, -0.08956554
-0.00375000, 0.01000000, -0.00625000, -0.10935353
-0.00500000, 0.01000000, -0.00500000, -0.10162166
-0.00625000, 0.01000000, -0.00375000, -0.10820361
-0.00750000, 0.01000000, -0.00250000, -0.08827671
-0.00875000, 0.01000000, -0.00125000, -0.08077226
-0.01000000, 0.01000000, 0.00000000, -0.04020815
-0.01000000, 0.00875000, 0.00125000, -0.00503913
-0.01000000, 0.00750000, 0.00250000, 0.00939048
-0.01000000, 0.00625000, 0.00375000, 0.01618167
-0.01000000, 0.00500000, 0.00500000, 0.01758715
-0.01000000, 0.00375000, 0.00625000, 0.01448019
-0.01000000, 0.00250000, 0.00750000, 0.01222712
-0.01000000, 0.00125000, 0.00875000, 0.00579769
-0.01000000, 0.00000000, 0.01000000, -0.00000000
0.00000000, -0.01000000, 0.01000000, 0.04020815
0.00125000, -0.01000000, 0.00875000, 0.08077226
0.00250000, -0.01000000, 0.00750000, 0.08827671
0.00375000, -0.01000000, 0.00625000, 0.10820361
0.00500000, -0.01000000, 0.00500000, 0.10162166
0.00625000, -0.01000000, 0.00375000, 0.10935353
0.00750000, -0.01000000, 0.00250000, 0.08956554
0.00875000, -0.01000000, 0.00125000, 0.08296489
0.01000000, -0.01000000, 0.00000000, 0.04158903
0.01000000, -0.00875000, -0.00125000, 0.00364571
0.01000000, -0.00750000, -0.00250000, -0.01152377
0.01000000, -0.00625000, -0.00375000, -0.02001751
0.01000000, -0.00500000, -0.00500000, -0.02064796
0.01000000, -0.00375000, -0.00625000, -0.01700683
0.01000000, -0.00250000, -0.00750000, -0.01424442
0.01000000, -0.00125000, -0.00875000, -0.00705473
0.02000000, 0.00000000, -0.02000000, 0.00000000
0.01750000, 0.00250000, -0.02000000, 0.00269803
0.01500000, 0.00500000, -0.02000000, 0.00450742
0.01250000, 0.00750000, -0.02000000, 0.00625737
0.01000000, 0.01000000, -0.02000000, 0.00581150
0.00750000, 0.01250000, -0.02000000, 0.00324913
0.00500000, 0.01500000, -0.02000000, -0.00107383
0.00250000, 0.01750000, -0.02000000, -0.01100809
0.00000000, 0.02000000, -0.02000000, -0.03280175
-0.00250000, 0.02000000, -0.01750000, -0.05395950
-0.00500000, 0.02000000, -0.01500000, -0.06210354
-0.00750000, 0.02000000, -0.01250000, -0.06768902
-0.01000000, 0.02000000, -0.01000000, -0.06612322
-0.01250000, 0.02000000, -0.00750000, -0.06697021
-0.01500000, 0.02000000, -0.00500000, -0.06022019
-0.01750000, 0.02000000, -0.00250000, -0.05178944
-0.02000000, 0.02000000, 0.00000000, -0.03143009
-0.02000000, 0.01750000, 0.00250000, -0.01263964
-0.02000000, 0.01500000, 0.00500000, -0.00401532
-0.02000000, 0.01250000, 0.00750000, 0.00027329
-0.02000000, 0.01000000, 0.01000000, 0.00289315
-0.02000000, 0.00750000, 0.01250000, 0.00358693
-0.02000000, 0.00500000, 0.01500000, 0.00288957
-0.02000000, 0.00250000, 0.01750000, 0.00173348
-0.02000000, 0.00000000, 0.02000000, 0.00000000
-0.01750000, -0.00250000, 0.02000000, -0.00173348
-0.01500000, -0.00500000, 0.02000000, -0.00288957
-0.01250000, -0.00750000, 0.02000000, -0.00358693
-0.01000000, -0.01000000, 0.02000000, -0.00289315
-0.00750000, -0.01250000, 0.02000000, -0.00027329
-0.00500000, -0.01500000, 0.02000000, 0.00401532
-0.00250000, -0.01750000, 0.02000000, 0.01263964
0.00000000, -0.02000000, 0.02000000, 0.03143009
0.00250000, -0.02000000, 0.01750000, 0.05178944
0.00500000, -0.02000000, 0.01500000, 0.06022019
0.00750000, -0.02000000, 0.01250000, 0.06697021
0.01000000, -0.02000000, 0.01000000, 0.06612322
0.01250000, -0.02000000, 0.00750000, 0.06768902
0.01500000, -0.02000000, 0.00500000, 0.06210354
0.01750000, -0.02000000, 0.00250000, 0.05395950
0.02000000, -0.02000000, 0.00000000, 0.03280175
0.02000000, -0.01750000, -0.00250000, 0.01100809
0.02000000, -0.01500000, -0.00500000, 0.00107383
0.02000000, -0.01250000, -0.00750000, -0.00324913
0.02000000, -0.01000000, -0.01000000, -0.00581150
0.02000000, -0.00750000, -0.01250000, -0.00625737
0.02000000, -0.00500000, -0.01500000, -0.00450742
0.02000000, -0.00250000, -0.01750000, -0.00269803
0.03000000, 0.00000000, -0.03000000, -0.00000000
0.02625000, 0.00375000, -0.03000000, 0.00156434
0.02250000, 0.00750000, -0.03000000, 0.00230473
0.01875000, 0.01125000, -0.03000000, 0.00278240
0.01500000, 0.01500000, -0.03000000, 0.00200327
0.01125000, 0.01875000, -0.03000000, -0.00023188
0.00750000, 0.02250000, -0.03000000, -0.00427491
0.00375000, 0.02625000, -0.03000000, -0.01217039
0.00000000, 0.03000000, -0.03000000, -0.02870173
-0.00375000, 0.03000000, -0.02625000, -0.04500078
-0.00750000, 0.03000000, -0.02250000, -0.05159149
-0.01125000, 0.03000000, -0.01875000, -0.05549589
-0.01500000, 0.03000000, -0.01500000, -0.05643485
-0.01875000, 0.03000000, -0.01125000, -0.05479630
-0.02250000, 0.03000000, -0.00750000, -0.05011538
-0.02625000, 0.03000000, -0.00375000, -0.04352936
-0.03000000, 0.03000000, 0.00000000, -0.02839005
-0.03000000, 0.02625000, 0.00375000, -0.01469146
-0.03000000, 0.02250000, 0.00750000, -0.00789053
-0.03000000, 0.01875000, 0.01125000, -0.00386878
-0.03000000, 0.01500000, 0.01500000, -0.00133282
-0.03000000, 0.01125000, 0.01875000, 0.00004743
-0.03000000, 0.00750000, 0.02250000, 0.00050753
-0.03000000, 0.00375000, 0.02625000, 0.00053240
-0.03000000, 0.00000000, 0.03000000, -0.00000000
-0.02625000, -0.00375000, 0.03000000, -0.00053240
-0.02250000, -0.00750000, 0.03000000, -0.00050753
-0.01875000, -0.01125000, 0.03000000, -0.00004743
-0.01500000, -0.01500000, 0.03000000, 0.00133282
-0.01125000, -0.01875000, 0.03000000, 0.00386878
-0.00750000, -0.02250000, 0.03000000, 0.00789053
-0.00375000, -0.02625000, 0.03000000, 0.01469146
0.00000000, -0.03000000, 0.03000000, 0.02839005
0.00375000, -0.03000000, 0.02625000, 0.04352936
0.00750000, -0.03000000, 0.02250000, 0.05011538
0.01125000, -0.03000000, 0.01875000, 0.05479630
0.01500000, -0.03000000, 0.01500000, 0.05643485
0.01875000, -0.03000000, 0.01125000, 0.05549589
0.02250000, -0.03000000, 0.00750000, 0.05159149
0.02625000, -0.03000000, 0.00375000, 0.04500078
0.03000000, -0.03000000, 0.00000000, 0.02870173
0.03000000, -0.02625000, -0.00375000, 0.01217039
0.03000000, -0.02250000, -0.00750000, 0.00427491
0.03000000, -0.01875000, -0.01125000, 0.00023188
0.03000000, -0.01500000, -0.01500000, -0.00200327
0.03000000, -0.01125000, -0.01875000, -0.00278240
0.03000000, -0.00750000, -0.02250000, -0.00230473
0.03000000, -0.00375000, -0.02625000, -0.00156434
0.04000000, 0.00000000, -0.04000000, 0.00000000
0.03500000, 0.00500000, -0.04000000, 0.00101424
0.03000000, 0.01000000, -0.04000000, 0.00151355
0.02500000, 0.01500000, -0.04000000, 0.00151528
0.02000000, 0.02000000, -0.04000000, 0.00066945
0.01500000, 0.02500000, -0.04000000, -0.00135291
0.01000000, 0.03000000, -0.04000000, -0.00513330
0.00500000, 0.03500000, -0.04000000, -0.01176291
0.00000000, 0.04000000, -0.04000000, -0.02589785
-0.00500000, 0.04000000, -0.03500000, -0.04034391
-0.01000000, 0.04000000, -0.03000000, -0.04662227
-0.01500000, 0.04000000, -0.02500000, -0.04981139
-0.02000000, 0.04000000, -0.02000000, -0.05063141
-0.02500000, 0.04000000, -0.01500000, -0.04939182
-0.03000000, 0.04000000, -0.01000000, -0.04593019
-0.03500000, 0.04000000, -0.00500000, -0.03985219
-0.04000000, 0.04000000, 0.00000000, -0.02705051
-0.04000000, 0.03500000, 0.00500000, -0.01564563
-0.04000000, 0.03000000, 0.01000000, -0.00975164
-0.04000000, 0.02500000, 0.01500000, -0.00591060
-0.04000000, 0.02000000, 0.02000000, -0.00333125
-0.04000000, 0.01500000, 0.02500000, -0.00165906
-0.04000000, 0.01000000, 0.03000000, -0.00065382
-0.04000000, 0.00500000, 0.03500000, -0.00013021
-0.04000000, 0.00000000, 0.04000000, 0.00000000
-0.03500000, -0.00500000, 0.04000000, 0.00013021
-0.03000000, -0.01000000, 0.04000000, 0.00065382
-0.02500000, -0.01500000, 0.04000000, 0.00165906
-0.02000000, -0.02000000, 0.04000000, 0.00333125
-0.01500000, -0.02500000, 0.04000000, 0.00591060
-0.01000000, -0.03000000, 0.04000000, 0.00975164
-0.00500000, -0.03500000, 0.04000000, 0.01564563
0.00000000, -0.04000000, 0.04000000, 0.02705051
0.00500000, -0.04000000, 0.03500000, 0.03985219
0.01000000, -0.04000000, 0.03000000, 0.04593019
0.01500000, -0.04000000, 0.02500000, 0.04939182
0.02000000, -0.04000000, 0.02000000, 0.05063141
0.02500000, -0.04000000, 0.01500000, 0.04981139
0.03000000, -0.04000000, 0.01000000, 0.04662227
0.03500000, -0.04000000, 0.00500000, 0.04034391
0.04000000, -0.04000000, 0.00000000, 0.02589785
0.04000000, -0.03500000, -0.00500000, 0.01176291
0.04000000, -0.03000000, -0.01000000, 0.00513330
0.04000000, -0.02500000, -0.01500000, 0.00135291
0.04000000, -0.02000000, -0.02000000, -0.00066945
0.04000000, -0.01500000, -0.02500000, -0.00151528
0.04000000, -0.01000000, -0.03000000, -0.00151355
0.04000000, -0.00500000, -0.03500000, -0.00101424
0.05000000, 0.00000000, -0.05000000, -0.00000000
0.04375000, 0.00625000, -0.05000000, 0.00084460
0.03750000, 0.01250000, -0.05000000, 0.00116599
0.03125000, 0.01875000, -0.05000000, 0.00106661
0.02500000, 0.02500000, -0.05000000, 0.00018395
0.01875000, 0.03125000, -0.05000000, -0.00173569
0.01250000, 0.03750000, -0.05000000, -0.00512972
0.00625000, 0.04375000, -0.05000000, -0.01104441
0.00000000, 0.05000000, -0.05000000, -0.02363709
-0.00625000, 0.05000000, -0.04375000, -0.03704965
-0.01250000, 0.05000000, -0.03750000, -0.04309355
-0.01875000, 0.05000000, -0.03125000, -0.04622226
-0.02500000, 0.05000000, -0.02500000, -0.04729712
-0.03125000, 0.05000000, -0.01875000, -0.04619416
-0.03750000, 0.05000000, -0.01250000, -0.04316939
-0.04375000, 0.05000000, -0.00625000, -0.03772326
-0.05000000, 0.05000000, 0.00000000, -0.02645158
-0.05000000, 0.04375000, 0.00625000, -0.01639050
-0.05000000, 0.03750000, 0.01250000, -0.01097140
-0.05000000, 0.03125000, 0.01875000, -0.00727540
-0.05000000, 0.02500000, 0.02500000, -0.00460457
-0.05000000, 0.01875000, 0.03125000, -0.00269593
-0.05000000, 0.01250000, 0.03750000, -0.00137781
-0.05000000, 0.00625000, 0.04375000, -0.00048478
-0.05000000, 0.00000000, 0.05000000, -0.00000000
-0.04375000, -0.00625000, 0.05000000, 0.00048478
-0.03750000, -0.01250000, 0.05000000, 0.00137781
-0.03125000, -0.01875000, 0.05000000, 0.00269593
-0.02500000, -0.02500000, 0.05000000, 0.00460457
-0.01875000, -0.03125000, 0.05000000, 0.00727540
-0.01250000, -0.03750000, 0.05000000, 0.01097140
-0.00625000, -0.04375000, 0.05000000, 0.01639050
0.00000000, -0.05000000, 0.05000000, 0.02645158
0.00625000, -0.05000000, 0.04375000, 0.03772326
0.01250000, -0.05000000, 0.03750000, 0.04316939
0.01875000, -0.05000000, 0.03125000, 0.04619416
0.02500000, -0.05000000, 0.02500000, 0.04729712
0.03125000, -0.05000000, 0.01875000, 0.04622226
0.03750000, -0.05000000, 0.01250000, 0.04309355
0.04375000, -0.05000000, 0.00625000, 0.03704965
0.05000000, -0.05000000, 0.00000000, 0.02363709
0.05000000, -0.04375000, -0.00625000, 0.01104441
0.05000000, -0.03750000, -0.01250000, 0.00512972
0.05000000, -0.03125000, -0.01875000, 0.00173569
0.05000000, -0.02500000, -0.02500000, -0.00018395
0.05000000, -0.01875000, -0.03125000, -0.00106661
0.05000000, -0.01250000, -0.03750000, -0.00116599
0.05000000, -0.00625000, -0.04375000, -0.00084460
0.06000000, 0.00000000, -0.06000000, -0.00000000
0.05250000, 0.00750000, -0.06000000, 0.00059863
0.04500000, 0.01500000, -0.06000000, 0.00089014
0.03750000, 0.02250000, -0.06000000, 0.00077313
0.03000000, 0.03000000, -0.06000000, 0.00006613
0.02250000, 0.03750000, -0.06000000, -0.00161418
0.01500000, 0.04500000, -0.06000000, -0.00465186
0.00750000, 0.05250000, -0.06000000, -0.01004096
0.00000000, 0.06000000, -0.06000000, -0.02186892
-0.00750000, 0.06000000, -0.05250000, -0.03484599
-0.01500000, 0.06000000, -0.04500000, -0.04067853
-0.02250000, 0.06000000, -0.03750000, -0.04375639
-0.03000000, 0.06000000, -0.03000000, -0.04471610
-0.03750000, 0.06000000, -0.02250000, -0.04408520
-0.04500000, 0.06000000, -0.01500000, -0.04151150
-0.05250000, 0.06000000, -0.00750000, -0.03668443
-0.06000000, 0.06000000, 0.00000000, -0.02642831
-0.06000000, 0.05250000, 0.00750000, -0.01704201
-0.06000000, 0.04500000, 0.01500000, -0.01189212
-0.06000000, 0.03750000, 0.02250000, -0.00826982
-0.06000000, 0.03000000, 0.03000000, -0.00555471
-0.06000000, 0.02250000, 0.03750000, -0.00353869
-0.06000000, 0.01500000, 0.04500000, -0.00199568
-0.06000000, 0.00750000, 0.05250000, -0.00084964
-0.06000000, 0.00000000, 0.06000000, -0.00000000
-0.05250000, -0.00750000, 0.06000000, 0.00084964
-0.04500000, -0.01500000, 0.06000000, 0.00199568
-0.03750000, -0.02250000, 0.06000000, 0.00353869
-0.03000000, -0.03000000, 0.06000000, 0.00555471
-0.02250000, -0.03750000, 0.06000000, 0.00826982
-0.01500000, -0.04500000, 0.06000000, 0.01189212
-0.00750000, -0.05250000, 0.06000000, 0.01704201
0.00000000, -0.06000000, 0.06000000, 0.02642831
0.00750000, -0.06000000, 0.05250000, 0.03668443
0.01500000, -0.06000000, 0.04500000, 0.04151150
0.02250000, -0.06000000, 0.03750000, 0.04408520
0.03000000, -0.06000000, 0.03000000, 0.04471610
0.03750000, -0.06000000, 0.02250000, 0.04375639
0.04500000, -0.06000000, 0.01500000, 0.04067853
0.05250000, -0.06000000, 0.00750000, 0.03484599
0.06000000, -0.06000000, 0.00000000, 0.02186892
0.06000000, -0.05250000, -0.00750000, 0.01004096
0.06000000, -0.04500000, -0.01500000, 0.00465186
0.06000000, -0.03750000, -0.02250000, 0.00161418
0.06000000, -0.03000000, -0.03000000, -0.00006613
0.06000000, -0.02250000, -0.03750000, -0.00077313
0.06000000, -0.01500000, -0.04500000, -0.00089014
0.06000000, -0.00750000, -0.05250000, -0.00059863
0.07000000, 0.00000000, -0.07000000, -0.00000000
0.06125000, 0.00875000, -0.07000000, 0.00049570
0.05250000, 0.01750000, -0.07000000, 0.00081592
0.04375000, 0.02625000, -0.07000000, 0.00072004
0.03500000, 0.03500000, -0.07000000, 0.00005550
0.02625000, 0.04375000, -0.07000000, -0.00146719
0.01750000, 0.05250000, -0.07000000, -0.00425706
0.00875000, 0.06125000, -0.07000000, -0.00917021
0.00000000, 0.07000000, -0.07000000, -0.02013937
-0.00875000, 0.07000000, -0.06125000, -0.03274008
-0.01750000, 0.07000000, -0.05250000, -0.03864119
-0.02625000, 0.07000000, -0.04375000, -0.04184251
-0.03500000, 0.07000000, -0.03500000, -0.04304123
-0.04375000, 0.07000000, -0.02625000, -0.04258881
-0.05250000, 0.07000000, -0.01750000, -0.04031414
-0.06125000, 0.07000000, -0.00875000, -0.03580100
-0.07000000, 0.07000000, 0.00000000, -0.02648615
-0.07000000, 0.06125000, 0.00875000, -0.01774644
-0.07000000, 0.05250000, 0.01750000, -0.01278090
-0.07000000, 0.04375000, 0.02625000, -0.00916424
-0.07000000, 0.03500000, 0.03500000, -0.00636873
-0.07000000, 0.02625000, 0.04375000, -0.00418098
-0.07000000, 0.01750000, 0.05250000, -0.00244553
-0.07000000, 0.00875000, 0.06125000, -0.00108921
-0.07000000, 0.00000000, 0.07000000, -0.00000000
-0.06125000, -0.00875000, 0.07000000, 0.00108921
-0.05250000, -0.01750000, 0.07000000, 0.00244553
-0.04375000, -0.02625000, 0.07000000, 0.00418098
-0.03500000, -0.03500000, 0.07000000, 0.00636873
-0.02625000, -0.04375000, 0.07000000, 0.00916424
-0.01750000, -0.05250000, 0.07000000, 0.01278090
-0.00875000, -0.06125000, 0.07000000, 0.01774644
0.00000000, -0.07000000, 0.07000000, 0.02648615
0.00875000, -0.07000000, 0.06125000, 0.03580100
0.01750000, -0.07000000, 0.05250000, 0.04031414
0.02625000, -0.07000000, 0.04375000, 0.04258881
0.03500000, -0.07000000, 0.03500000, 0.04304123
0.04375000, -0.07000000, 0.02625000, 0.04184251
0.05250000, -0.07000000, 0.01750000, 0.03864119
0.06125000, -0.07000000, 0.00875000, 0.03274008
0.07000000, -0.07000000, 0.00000000, 0.02013937
0.07000000, -0.06125000, -0.00875000, 0.00917021
0.07000000, -0.05250000, -0.01750000, 0.00425706
0.07000000, -0.04375000, -0.02625000, 0.00146719
0.07000000, -0.03500000, -0.03500000, -0.00005550
0.07000000, -0.02625000, -0.04375000, -0.00072004
0.07000000, -0.01750000, -0.05250000, -0.00081592
0.07000000, -0.00875000, -0.06125000, -0.00049570
0.08000000, 0.00000000, -0.08000000, -0.00000000
0.07000000, 0.01000000, -0.08000000, 0.00048096
0.06000000, 0.02000000, -0.08000000, 0.00080839
0.05000000, 0.03000000, -0.08000000, 0.00074140
0.04000000, 0.04000000, -0.08000000, 0.00009764
0.03000000, 0.05000000, -0.08000000, -0.00131765
0.02000000, 0.06000000, -0.08000000, -0.00389137
0.01000000, 0.07000000, -0.08000000, -0.00842163
0.00000000, 0.08000000, -0.08000000, -0.01862704
-0.01000000, 0.08000000, -0.07000000, -0.03092958
-0.02000000, 0.08000000, -0.06000000, -0.03693585
-0.03000000, 0.08000000, -0.05000000, -0.04028911
-0.04000000, 0.08000000, -0.04000000, -0.04180782
-0.05000000, 0.08000000, -0.03000000, -0.04145674
-0.06000000, 0.08000000, -0.02000000, -0.03944547
-0.07000000, 0.08000000, -0.01000000, -0.03523299
-0.08000000, 0.08000000, 0.00000000, -0.02672643
-0.08000000, 0.07000000, 0.01000000, -0.01849061
-0.08000000, 0.06000000, 0.02000000, -0.01363260
-0.08000000, 0.05000000, 0.03000000, -0.00999385
-0.08000000, 0.04000000, 0.04000000, -0.00709222
-0.08000000, 0.03000000, 0.05000000, -0.00472923
-0.08000000, 0.02000000, 0.06000000, -0.00281621
-0.08000000, 0.01000000, 0.07000000, -0.00126342
-0.08000000, 0.00000000, 0.08000000, 0.00000000
-0.07000000, -0.01000000, 0.08000000, 0.00126342
-0.06000000, -0.02000000, 0.08000000, 0.00281621
-0.05000000, -0.03000000, 0.08000000, 0.00472923
-0.04000000, -0.04000000, 0.08000000, 0.00709222
-0.03000000, -0.05000000, 0.08000000, 0.00999385
-0.02000000, -0.06000000, 0.08000000, 0.01363260
-0.01000000, -0.07000000, 0.08000000, 0.01849061
0.00000000, -0.08000000, 0.08000000, 0.02672643
0.01000000, -0.08000000, 0.07000000, 0.03523299
0.02000000, -0.08000000, 0.06000000, 0.03944547
0.03000000, -0.08000000, 0.05000000, 0.04145674
0.04000000, -0.08000000, 0.04000000, 0.04180782
0.05000000, -0.08000000, 0.03000000, 0.04028911
0.06000000, -0.08000000, 0.02000000, 0.03693585
0.07000000, -0.08000000, 0.01000000, 0.03092958
0.08000000, -0.08000000, 0.00000000, 0.01862704
0.08000000, -0.07000000, -0.01000000, 0.00842163
0.08000000, -0.06000000, -0.02000000, 0.00389137
0.08000000, -0.05000000, -0.03000000, 0.00131765
0.08000000, -0.04000000, -0.04000000, -0.00009764
0.08000000, -0.03000000, -0.05000000, -0.00074140
0.08000000, -0.02000000, -0.06000000, -0.00080839
0.08000000, -0.01000000, -0.07000000, -0.00048096
0.09000000, 0.00000000, -0.09000000, 0.00000000
0.07875000, 0.01125000, -0.09000000, 0.00044707
0.06750000, 0.02250000, -0.09000000, 0.00075742
0.05625000, 0.03375000, -0.09000000, 0.00071481
0.04500000, 0.04500000, -0.09000000, 0.00015797
0.03375000, 0.05625000, -0.09000000, -0.00113444
0.02250000, 0.06750000, -0.09000000, -0.00348960
0.01125000, 0.07875000, -0.09000000, -0.00772278
0.00000000, 0.09000000, -0.09000000, -0.01742050
-0.01125000, 0.09000000, -0.07875000, -0.02957552
-0.02250000, 0.09000000, -0.06750000, -0.03559230
-0.03375000, 0.09000000, -0.05625000, -0.03903272
-0.04500000, 0.09000000, -0.04500000, -0.04070309
-0.05625000, 0.09000000, -0.03375000, -0.04058508
-0.06750000, 0.09000000, -0.02250000, -0.03888232
-0.07875000, 0.09000000, -0.01125000, -0.03508228
-0.09000000, 0.09000000, 0.00000000, -0.02718896
-0.09000000, 0.07875000, 0.01125000, -0.01923250
-0.09000000, 0.06750000, 0.02250000, -0.01442133
-0.09000000, 0.05625000, 0.03375000, -0.01075134
-0.09000000, 0.04500000, 0.04500000, -0.00774794
-0.09000000, 0.03375000, 0.05625000, -0.00525690
-0.09000000, 0.02250000, 0.06750000, -0.00318036
-0.09000000, 0.01125000, 0.07875000, -0.00144735
-0.09000000, 0.00000000, 0.09000000, 0.00000000
-0.07875000, -0.01125000, 0.09000000, 0.00144735
-0.06750000, -0.02250000, 0.09000000, 0.00318036
-0.05625000, -0.03375000, 0.09000000, 0.00525690
-0.04500000, -0.04500000, 0.09000000, 0.00774794
-0.03375000, -0.05625000, 0.09000000, 0.01075134
-0.02250000, -0.06750000, 0.09000000, 0.01442133
-0.01125000, -0.07875000, 0.09000000, 0.01923250
0.00000000, -0.09000000, 0.09000000, 0.02718896
0.01125000, -0.09000000, 0.07875000, 0.03508228
0.02250000, -0.09000000, 0.06750000, 0.03888232
0.03375000, -0.09000000, 0.05625000, 0.04058508
0.04500000, -0.09000000, 0.04500000, 0.04070309
0.05625000, -0.09000000, 0.03375000, 0.03903272
0.06750000, -0.09000000, 0.02250000, 0.03559230
0.07875000, -0.09000000, 0.01125000, 0.02957552
0.09000000, -0.09000000, 0.00000000, 0.01742050
0.09000000, -0.07875000, -0.01125000, 0.00772278
0.09000000, -0.06750000, -0.02250000, 0.00348960
0.09000000, -0.05625000, -0.03375000, 0.00113444
0.09000000, -0.04500000, -0.04500000, -0.00015797
0.09000000, -0.03375000, -0.05625000, -0.00071481
0.09000000, -0.02250000, -0.06750000, -0.00075742
0.09000000, -0.01125000, -0.07875000, -0.00044707
0.10000000, 0.00000000, -0.10000000, 0.00000000
0.08750000, 0.01250000, -0.10000000, 0.00038024
0.07500000, 0.02500000, -0.10000000, 0.00066380
0.06250000, 0.03750000, -0.10000000, 0.00063894
0.05000000, 0.05000000, -0.10000000, 0.00019318
0.03750000, 0.06250000, -0.10000000, -0.00096425
0.02500000, 0.07500000, -0.10000000, -0.00311681
0.01250000, 0.08750000, -0.10000000, -0.00709571
0.00000000, 0.10000000, -0.10000000, -0.01642008
-0.01250000, 0.10000000, -0.08750000, -0.02851614
-0.02500000, 0.10000000, -0.07500000, -0.03449912
-0.03750000, 0.10000000, -0.06250000, -0.03799560
-0.05000000, 0.10000000, -0.05000000, -0.03971474
-0.06250000, 0.10000000, -0.03750000, -0.03990337
-0.07500000, 0.10000000, -0.02500000, -0.03851793
-0.08750000, 0.10000000, -0.01250000, -0.03515992
-0.10000000, 0.10000000, 0.00000000, -0.02775473
-0.10000000, 0.08750000, 0.01250000, -0.01996000
-0.10000000, 0.07500000, 0.02500000, -0.01516588
-0.10000000, 0.06250000, 0.03750000, -0.01145419
-0.10000000, 0.05000000, 0.05000000, -0.00835872
-0.10000000, 0.03750000, 0.06250000, -0.00576541
-0.10000000, 0.02500000, 0.07500000, -0.00353811
-0.10000000, 0.01250000, 0.08750000, -0.00164089
-0.10000000, 0.00000000, 0.10000000, 0.00000000
-0.08750000, -0.01250000, 0.10000000, 0.00164089
-0.07500000, -0.02500000, 0.10000000, 0.00353811
-0.06250000, -0.03750000, 0.10000000, 0.00576541
-0.05000000, -0.05000000, 0.10000000, 0.00835872
-0.03750000, -0.06250000, 0.10000000, 0.01145419
-0.02500000, -0.07500000, 0.10000000, 0.01516588
-0.01250000, -0.08750000, 0.10000000, 0.01996000
0.00000000, -0.10000000, 0.10000000, 0.02775473
0.01250000, -0.10000000, 0.08750000, 0.03515992
0.02500000, -0.10000000, 0.07500000, 0.03851793
0.03750000, -0.10000000, 0.06250000, 0.03990337
0.05000000, -0.10000000, 0.05000000, 0.03971474
0.06250000, -0.10000000, 0.03750000, 0.03799560
0.07500000, -0.10000000, 0.02500000, 0.03449912
0.08750000, -0.10000000, 0.01250000, 0.02851614
0.10000000, -0.10000000, 0.00000000, 0.01642008
0.10000000, -0.08750000, -0.01250000, 0.00709571
0.10000000, -0.07500000, -0.02500000, 0.00311681
0.10000000, -0.06250000, -0.03750000, 0.00096425
0.10000000, -0.05000000, -0.05000000, -0.00019318
0.10000000, -0.03750000, -0.06250000, -0.00063894
0.10000000, -0.02500000, -0.07500000, -0.00066380
0.10000000, -0.01250000, -0.08750000, -0.00038024
0.15000000, 0.00000000, -0.15000000, -0.00000000
0.13125000, 0.01875000, -0.15000000, 0.00004489
0.11250000, 0.03750000, -0.15000000, 0.00007662
0.09375000, 0.05625000, -0.15000000, -0.00003702
0.07500000, 0.07500000, -0.15000000, -0.00045515
0.05625000, 0.09375000, -0.15000000, -0.00131209
0.03750000, 0.11250000, -0.15000000, -0.00288837
0.01875000, 0.13125000, -0.15000000, -0.00579123
0.00000000, 0.15000000, -0.15000000, -0.01289050
-0.01875000, 0.15000000, -0.13125000, -0.02428435
-0.03750000, 0.15000000, -0.11250000, -0.03040613
-0.05625000, 0.15000000, -0.09375000, -0.03434592
-0.07500000, 0.15000000, -0.07500000, -0.03678671
-0.09375000, 0.15000000, -0.05625000, -0.03772689
-0.11250000, 0.15000000, -0.03750000, -0.03735057
-0.13125000, 0.15000000, -0.01875000, -0.03530965
-0.15000000, 0.15000000, 0.00000000, -0.03002784
-0.15000000, 0.13125000, 0.01875000, -0.02318931
-0.15000000, 0.11250000, 0.03750000, -0.01847565
-0.15000000, 0.09375000, 0.05625000, -0.01448261
-0.15000000, 0.07500000, 0.07500000, -0.01094094
-0.15000000, 0.05625000, 0.09375000, -0.00774995
-0.15000000, 0.03750000, 0.11250000, -0.00488341
-0.15000000, 0.01875000, 0.13125000, -0.00230260
-0.15000000, 0.00000000, 0.15000000, -0.00000000
-0.13125000, -0.01875000, 0.15000000, 0.00230260
-0.11250000, -0.03750000, 0.15000000, 0.00488341
-0.09375000, -0.05625000, 0.15000000, 0.00774995
-0.07500000, -0.07500000, 0.15000000, 0.01094094
-0.05625000, -0.09375000, 0.15000000, 0.01448261
-0.03750000, -0.11250000, 0.15000000, 0.01847565
-0.01875000, -0.13125000, 0.15000000, 0.02318931
0.00000000, -0.15000000, 0.15000000, 0.03002784
0.01875000, -0.15000000, 0.13125000, 0.03530965
0.03750000, -0.15000000, 0.11250000, 0.03735057
0.05625000, -0.15000000, 0.09375000, 0.03772689
0.07500000, -0.15000000, 0.07500000, 0.03678671
0.09375000, -0.15000000, 0.05625000, 0.03434592
0.11250000, -0.15000000, 0.03750000, 0.03040613
0.13125000, -0.15000000, 0.01875000, 0.02428435
0.15000000, -0.15000000, 0.00000000, 0.01289050
0.15000000, -0.13125000, -0.01875000, 0.00579123
0.15000000, -0.11250000, -0.03750000, 0.00288837
0.15000000, -0.09375000, -0.05625000, 0.00131209
0.15000000, -0.07500000, -0.07500000, 0.00045515
0.15000000, -0.05625000, -0.09375000, 0.00003702
0.15000000, -0.03750000, -0.11250000, -0.00007662
0.15000000, -0.01875000, -0.13125000, -0.00004489
0.20000000, 0.00000000, -0.20000000, 0.00000000
0.17500000, 0.02500000, -0.20000000, -0.00055894
0.15000000, 0.05000000, -0.20000000, -0.00101340
0.12500000, 0.07500000, -0.20000000, -0.00150071
0.10000000, 0.10000000, -0.20000000, -0.00207692
0.07500000, 0.12500000, -0.20000000, -0.00294744
0.05000000, 0.15000000, -0.20000000, -0.00425315
0.02500000, 0.17500000, -0.20000000, -0.00648572
0.00000000, 0.20000000, -0.20000000, -0.01188556
-0.02500000, 0.20000000, -0.17500000, -0.02224771
-0.05000000, 0.20000000, -0.15000000, -0.02803535
-0.07500000, 0.20000000, -0.12500000, -0.03194697
-0.10000000, 0.20000000, -0.10000000, -0.03446309
-0.12500000, 0.20000000, -0.07500000, -0.03592331
-0.15000000, 0.20000000, -0.05000000, -0.03616160
-0.17500000, 0.20000000, -0.02500000, -0.03495624
-0.20000000, 0.20000000, 0.00000000, -0.03078284
-0.20000000, 0.17500000, 0.02500000, -0.02483001
-0.20000000, 0.15000000, 0.05000000, -0.02035748
-0.20000000, 0.12500000, 0.07500000, -0.01630706
-0.20000000, 0.10000000, 0.10000000, -0.01252352
-0.20000000, 0.07500000, 0.12500000, -0.00901664
-0.20000000, 0.05000000, 0.15000000, -0.00574358
-0.20000000, 0.02500000, 0.17500000, -0.00274105
-0.20000000, 0.00000000, 0.20000000, 0.00000000
-0.17500000, -0.02500000, 0.20000000, 0.00274105
-0.15000000, -0.05000000, 0.20000000, 0.00574358
-0.12500000, -0.07500000, 0.20000000, 0.00901664
-0.10000000, -0.10000000, 0.20000000, 0.01252352
-0.07500000, -0.12500000, 0.20000000, 0.01630706
-0.05000000, -0.15000000, 0.20000000, 0.02035748
-0.02500000, -0.17500000, 0.20000000, 0.02483001
0.00000000, -0.20000000, 0.20000000, 0.03078284
0.02500000, -0.20000000, 0.17500000, 0.03495624
0.05000000, -0.20000000, 0.15000000, 0.03616160
0.07500000, -0.20000000, 0.12500000, 0.03592331
0.10000000, -0.20000000, 0.10000000, 0.03446309
0.12500000, -0.20000000, 0.07500000, 0.03194697
0.15000000, -0.20000000, 0.05000000, 0.02803535
0.17500000, -0.20000000, 0.02500000, 0.02224771
0.20000000, -0.20000000, 0.00000000, 0.01188556
0.20000000, -0.17500000, -0.02500000, 0.00648572
0.20000000, -0.15000000, -0.05000000, 0.00425315
0.20000000, -0.12500000, -0.07500000, 0.00294744
0.20000000, -0.10000000, -0.10000000, 0.00207692
0.20000000, -0.07500000, -0.12500000, 0.00150071
0.20000000, -0.05000000, -0.15000000, 0.00101340
0.20000000, -0.02500000, -0.17500000, 0.00055894
0.25000000, 0.00000000, -0.25000000, -0.00000000
0.21875000, 0.03125000, -0.25000000, -0.00104853
0.18750000, 0.06250000, -0.25000000, -0.00201146
0.15625000, 0.09375000, -0.25000000, -0.00295218
0.12500000, 0.12500000, -0.25000000, -0.00395131
0.09375000, 0.15625000, -0.25000000, -0.00505409
0.06250000, 0.18750000, -0.25000000, -0.00637081
0.03125000, 0.21875000, -0.25000000, -0.00812543
0.00000000, 0.25000000, -0.25000000, -0.01165661
-0.03125000, 0.25000000, -0.21875000, -0.02051882
-0.06250000, 0.25000000, -0.18750000, -0.02589285
-0.09375000, 0.25000000, -0.15625000, -0.02963410
-0.12500000, 0.25000000, -0.12500000, -0.03214604
-0.15625000, 0.25000000, -0.09375000, -0.03346599
-0.18750000, 0.25000000, -0.06250000, -0.03366185
-0.21875000, 0.25000000, -0.03125000, -0.03248990
-0.25000000, 0.25000000, 0.00000000, -0.02885561
-0.25000000, 0.21875000, 0.03125000, -0.02445148
-0.25000000, 0.18750000, 0.06250000, -0.02054670
-0.25000000, 0.15625000, 0.09375000, -0.01669349
-0.25000000, 0.12500000, 0.12500000, -0.01292769
-0.25000000, 0.09375000, 0.15625000, -0.00931024
-0.25000000, 0.06250000, 0.18750000, -0.00591374
-0.25000000, 0.03125000, 0.21875000, -0.00278648
-0.25000000, 0.00000000, 0.25000000, -0.00000000
-0.21875000, -0.03125000, 0.25000000, 0.00278648
-0.18750000, -0.06250000, 0.25000000, 0.00591374
-0.15625000, -0.09375000, 0.25000000, 0.00931024
-0.12500000, -0.12500000, 0.25000000, 0.01292769
-0.09375000, -0.15625000, 0.25000000, 0.01669349
-0.06250000, -0.18750000, 0.25000000, 0.02054670
-0.03125000, -0.21875000, 0.25000000, 0.02445148
0.00000000, -0.25000000, 0.25000000, 0.02885561
0.03125000, -0.25000000, 0.21875000, 0.03248990
0.06250000, -0.25000000, 0.18750000, 0.03366185
0.09375000, -0.25000000, 0.15625000, 0.03346599
0.12500000, -0.25000000, 0.12500000, 0.03214604
0.15625000, -0.25000000, 0.09375000, 0.02963410
0.18750000, -0.25000000, 0.06250000, 0.02589285
0.21875000, -0.25000000, 0.03125000, 0.02051882
0.25000000, -0.25000000, 0.00000000, 0.01165661
0.25000000, -0.21875000, -0.03125000, 0.00812543
0.25000000, -0.18750000, -0.06250000, 0.00637081
0.25000000, -0.15625000, -0.09375000, 0.00505409
0.25000000, -0.12500000, -0.12500000, 0.00395131
0.25000000, -0.09375000, -0.15625000, 0.00295218
0.25000000, -0.06250000, -0.18750000, 0.00201146
0.25000000, -0.03125000, -0.21875000, 0.00104853
0.30000000, 0.00000000, -0.30000000, -0.00000000
0.26250000, 0.03750000, -0.30000000, -0.00132457
0.22500000, 0.07500000, -0.30000000, -0.00263746
0.18750000, 0.11250000, -0.30000000, -0.00394122
0.15000000, 0.15000000, -0.30000000, -0.00525032
0.11250000, 0.18750000, -0.30000000, -0.00658306
0.07500000, 0.22500000, -0.30000000, -0.00793986
0.03750000, 0.26250000, -0.30000000, -0.00938916
0.00000000, 0.30000000, -0.30000000, -0.01150240
-0.03750000, 0.30000000, -0.26250000, -0.01884207
-0.07500000, 0.30000000, -0.22500000, -0.02364499
-0.11250000, 0.30000000, -0.18750000, -0.02699574
-0.15000000, 0.30000000, -0.15000000, -0.02914588
-0.18750000, 0.30000000, -0.11250000, -0.03011466
-0.22500000, 0.30000000, -0.07500000, -0.02995005
-0.26250000, 0.30000000, -0.03750000, -0.02846919
-0.30000000, 0.30000000, 0.00000000, -0.02491502
-0.30000000, 0.26250000, 0.03750000, -0.02213369
-0.30000000, 0.22500000, 0.07500000, -0.01899540
-0.30000000, 0.18750000, 0.11250000, -0.01558843
-0.30000000, 0.15000000, 0.15000000, -0.01209731
-0.30000000, 0.11250000, 0.18750000, -0.00868134
-0.30000000, 0.07500000, 0.22500000, -0.00545316
-0.30000000, 0.03750000, 0.26250000, -0.00251766
-0.30000000, 0.00000000, 0.30000000, -0.00000000
-0.26250000, -0.03750000, 0.30000000, 0.00251766
-0.22500000, -0.07500000, 0.30000000, 0.00545316
-0.18750000, -0.11250000, 0.30000000, 0.00868134
-0.15000000, -0.15000000, 0.30000000, 0.01209731
-0.11250000, -0.18750000, 0.30000000, 0.01558843
-0.07500000, -0.22500000, 0.30000000, 0.01899540
-0.03750000, -0.26250000, 0.30000000, 0.02213369
0.00000000, -0.30000000, 0.30000000, 0.02491502
0.03750000, -0.30000000, 0.26250000, 0.02846919
0.07500000, -0.30000000, 0.22500000, 0.02995005
0.11250000, -0.30000000, 0.18750000, 0.03011466
0.15000000, -0.30000000, 0.15000000, 0.02914588
0.18750000, -0.30000000, 0.11250000, 0.02699574
0.22500000, -0.30000000, 0.07500000, 0.02364499
0.26250000, -0.30000000, 0.03750000, 0.01884207
0.30000000, -0.30000000, 0.00000000, 0.01150240
0.30000000, -0.26250000, -0.03750000, 0.00938916
0.30000000, -0.22500000, -0.07500000, 0.00793986
0.30000000, -0.18750000, -0.11250000, 0.00658306
0.30000000, -0.15000000, -0.15000000, 0.00525032
0.30000000, -0.11250000, -0.18750000, 0.00394122
0.30000000, -0.07500000, -0.22500000, 0.00263746
0.30000000, -0.03750000, -0.26250000, 0.00132457
0.35000000, 0.00000000, -0.35000000, 0.00000000
0.30625000, 0.04375000, -0.35000000, -0.00132831
0.26250000, 0.08750000, -0.35000000, -0.00273852
0.21875000, 0.13125000, -0.35000000, -0.00418592
0.17500000, 0.17500000, -0.35000000, -0.00560517
0.13125000, 0.21875000, -0.35000000, -0.00701875
0.08750000, 0.26250000, -0.35000000, -0.00835221
0.04375000, 0.30625000, -0.35000000, -0.00955101
0.00000000, 0.35000000, -0.35000000, -0.01063763
-0.04375000, 0.35000000, -0.30625000, -0.01668248
-0.08750000, 0.35000000, -0.26250000, -0.02093092
-0.13125000, 0.35000000, -0.21875000, -0.02385454
-0.17500000, 0.35000000, -0.17500000, -0.02549132
-0.21875000, 0.35000000, -0.13125000, -0.02601132
-0.26250000, 0.35000000, -0.08750000, -0.02530867
-0.30625000, 0.35000000, -0.04375000, -0.02336574
-0.35000000, 0.35000000, 0.00000000, -0.01971984
-0.35000000, 0.30625000, 0.04375000, -0.01840140
-0.35000000, 0.26250000, 0.08750000, -0.01608699
-0.35000000, 0.21875000, 0.13125000, -0.01327625
-0.35000000, 0.17500000, 0.17500000, -0.01027361
-0.35000000, 0.13125000, 0.21875000, -0.00731058
-0.35000000, 0.08750000, 0.26250000, -0.00450933
-0.35000000, 0.04375000, 0.30625000, -0.00202382
-0.35000000, 0.00000000, 0.35000000, 0.00000000
-0.30625000, -0.04375000, 0.35000000, 0.00202382
-0.26250000, -0.08750000, 0.35000000, 0.00450933
-0.21875000, -0.13125000, 0.35000000, 0.00731058
-0.17500000, -0.17500000, 0.35000000, 0.01027361
-0.13125000, -0.21875000, 0.35000000, 0.01327625
-0.08750000, -0.26250000, 0.35000000, 0.01608699
-0.04375000, -0.30625000, 0.35000000, 0.01840140
0.00000000, -0.35000000, 0.35000000, 0.01971984
0.04375000, -0.35000000, 0.30625000, 0.02336574
0.08750000, -0.35000000, 0.26250000, 0.02530867
0.13125000, -0.35000000, 0.21875000, 0.02601132
0.17500000, -0.35000000, 0.17500000, 0.02549132
0.21875000, -0.35000000, 0.13125000, 0.02385454
0.26250000, -0.35000000, 0.08750000, 0.02093092
0.30625000, -0.35000000, 0.04375000, 0.01668248
0.35000000, -0.35000000, 0.00000000, 0.01063763
0.35000000, -0.30625000, -0.04375000, 0.00955101
0.35000000, -0.26250000, -0.08750000, 0.00835221
0.35000000, -0.21875000, -0.13125000, 0.00701875
0.35000000, -0.17500000, -0.17500000, 0.00560517
0.35000000, -0.13125000, -0.21875000, 0.00418592
0.35000000, -0.08750000, -0.26250000, 0.00273852
0.35000000, -0.04375000, -0.30625000, 0.00132831
0.40000000, 0.00000000, -0.40000000, 0.00000000
0.35000000, 0.05000000, -0.40000000, -0.00106850
0.30000000, 0.10000000, -0.40000000, -0.00233415
0.25000000, 0.15000000, -0.40000000, -0.00368531
0.20000000, 0.20000000, -0.40000000, -0.00506528
0.15000000, 0.25000000, -0.40000000, -0.00640434
0.10000000, 0.30000000, -0.40000000, -0.00762944
0.05000000, 0.35000000, -0.40000000, -0.00855801
0.00000000, 0.40000000, -0.40000000, -0.00880664
-0.05000000, 0.40000000, -0.35000000, -0.01372714
-0.10000000, 0.40000000, -0.30000000, -0.01758651
-0.15000000, 0.40000000, -0.25000000, -0.02021513
-0.20000000, 0.40000000, -0.20000000, -0.02150758
-0.25000000, 0.40000000, -0.15000000, -0.02145820
-0.30000000, 0.40000000, -0.10000000, -0.02014695
-0.35000000, 0.40000000, -0.05000000, -0.01770140
-0.40000000, 0.40000000, 0.00000000, -0.01415224
-0.40000000, 0.35000000, 0.05000000, -0.01401681
-0.40000000, 0.30000000, 0.10000000, -0.01246283
-0.40000000, 0.25000000, 0.15000000, -0.01029231
-0.40000000, 0.20000000, 0.20000000, -0.00789676
-0.40000000, 0.15000000, 0.25000000, -0.00550880
-0.40000000, 0.10000000, 0.30000000, -0.00329951
-0.40000000, 0.05000000, 0.35000000, -0.00140556
-0.40000000, 0.00000000, 0.40000000, -0.00000000
-0.35000000, -0.05000000, 0.40000000, 0.00140556
-0.30000000, -0.10000000, 0.40000000, 0.00329951
-0.25000000, -0.15000000, 0.40000000, 0.00550880
-0.20000000, -0.20000000, 0.40000000, 0.00789676
-0.15000000, -0.25000000, 0.40000000, 0.01029231
-0.10000000, -0.30000000, 0.40000000, 0.01246283
-0.05000000, -0.35000000, 0.40000000, 0.01401681
0.00000000, -0.40000000, 0.40000000, 0.01415224
0.05000000, -0.40000000, 0.35000000, 0.01770140
0.10000000, -0.40000000, 0.30000000, 0.02014695
0.15000000, -0.40000000, 0.25000000, 0.02145820
0.20000000, -0.40000000, 0.20000000, 0.02150758
0.25000000, -0.40000000, 0.15000000, 0.02021513
0.30000000, -0.40000000, 0.10000000, 0.01758651
0.35000000, -0.40000000, 0.05000000, 0.01372714
0.40000000, -0.40000000, 0.00000000, 0.00880664
0.40000000, -0.35000000, -0.05000000, 0.00855801
0.40000000, -0.30000000, -0.10000000, 0.00762944
0.40000000, -0.25000000, -0.15000000, 0.00640434
0.40000000, -0.20000000, -0.20000000, 0.00506528
0.40000000, -0.15000000, -0.25000000, 0.00368531
0.40000000, -0.10000000, -0.30000000, 0.00233415
0.40000000, -0.05000000, -0.35000000, 0.00106850
0.45000000, 0.00000000, -0.45000000, -0.00000000
0.39375000, 0.05625000, -0.45000000, -0.00071993
0.33750000, 0.11250000, -0.45000000, -0.00168815
0.28125000, 0.16875000, -0.45000000, -0.00277350
0.22500000, 0.22500000, -0.45000000, -0.00393232
0.16875000, 0.28125000, -0.45000000, -0.00505163
0.11250000, 0.33750000, -0.45000000, -0.00605548
0.05625000, 0.39375000, -0.45000000, -0.00672013
0.00000000, 0.45000000, -0.45000000, -0.00649125
-0.05625000, 0.45000000, -0.39375000, -0.01043686
-0.11250000, 0.45000000, -0.33750000, -0.01393037
-0.16875000, 0.45000000, -0.28125000, -0.01632035
-0.22500000, 0.45000000, -0.22500000, -0.01734618
-0.28125000, 0.45000000, -0.16875000, -0.01684466
-0.33750000, 0.45000000, -0.11250000, -0.01508915
-0.39375000, 0.45000000, -0.05625000, -0.01238197
-0.45000000, 0.45000000, 0.00000000, -0.00919053
-0.45000000, 0.39375000, 0.05625000, -0.00971085
-0.45000000, 0.33750000, 0.11250000, -0.00875926
-0.45000000, 0.28125000, 0.16875000, -0.00720735
-0.45000000, 0.22500000, 0.22500000, -0.00544803
-0.45000000, 0.16875000, 0.28125000, -0.00369448
-0.45000000, 0.11250000, 0.33750000, -0.00212472
-0.45000000, 0.05625000, 0.39375000, -0.00084130
-0.45000000, 0.00000000, 0.45000000, -0.00000000
-0.39375000, -0.05625000, 0.45000000, 0.00084130
-0.33750000, -0.11250000, 0.45000000, 0.00212472
-0.28125000, -0.16875000, 0.45000000, 0.00369448
-0.22500000, -0.22500000, 0.45000000, 0.00544803
-0.16875000, -0.28125000, 0.45000000, 0.00720735
-0.11250000, -0.33750000, 0.45000000, 0.00875926
-0.05625000, -0.39375000, 0.45000000, 0.00971085
0.00000000, -0.45000000, 0.45000000, 0.00919053
0.05625000, -0.45000000, 0.39375000, 0.01238197
0.11250000, -0.45000000, 0.33750000, 0.01508915
0.16875000, -0.45000000, 0.28125000, 0.01684466
0.22500000, -0.45000000, 0.22500000, 0.01734618
0.28125000, -0.45000000, 0.16875000, 0.01632035
0.33750000, -0.45000000, 0.11250000, 0.01393037
0.39375000, -0.45000000, 0.05625000, 0.01043686
0.45000000, -0.45000000, 0.00000000, 0.00649125
0.45000000, -0.39375000, -0.05625000, 0.00672013
0.45000000, -0.33750000, -0.11250000, 0.00605548
0.45000000, -0.28125000, -0.16875000, 0.00505163
0.45000000, -0.22500000, -0.22500000, 0.00393232
0.45000000, -0.16875000, -0.28125000, 0.00277350
0.45000000, -0.11250000, -0.33750000, 0.00168815
0.45000000, -0.05625000, -0.39375000, 0.00071993
0.50000000, 0.00000000, -0.50000000, -0.00000000
0.43750000, 0.06250000, -0.50000000, -0.00042810
0.37500000, 0.12500000, -0.50000000, -0.00106122
0.31250000, 0.18750000, -0.50000000, -0.00181289
0.25000000, 0.25000000, -0.50000000, -0.00262152
0.18750000, 0.31250000, -0.50000000, -0.00342892
0.12500000, 0.37500000, -0.50000000, -0.00414043
0.06250000, 0.43750000, -0.50000000, -0.00457982
0.00000000, 0.50000000, -0.50000000, -0.00425237
-0.06250000, 0.50000000, -0.43750000, -0.00732928
-0.12500000, 0.50000000, -0.37500000, -0.01035467
-0.18750000, 0.50000000, -0.31250000, -0.01248044
-0.25000000, 0.50000000, -0.25000000, -0.01324126
-0.31250000, 0.50000000, -0.18750000, -0.01253213
-0.37500000, 0.50000000, -0.12500000, -0.01061929
-0.43750000, 0.50000000, -0.06250000, -0.00801939
-0.50000000, 0.50000000, 0.00000000, -0.00538552
-0.50000000, 0.43750000, 0.06250000, -0.00604451
-0.50000000, 0.37500000, 0.12500000, -0.00551162
-0.50000000, 0.31250000, 0.18750000, -0.00450048
-0.50000000, 0.25000000, 0.25000000, -0.00332849
-0.50000000, 0.18750000, 0.31250000, -0.00218838
-0.50000000, 0.12500000, 0.37500000, -0.00119931
-0.50000000, 0.06250000, 0.43750000, -0.00044100
-0.50000000, 0.00000000, 0.50000000, -0.00000000
-0.43750000, -0.06250000, 0.50000000, 0.00044100
-0.37500000, -0.12500000, 0.50000000, 0.00119931
-0.31250000, -0.18750000, 0.50000000, 0.00218838
-0.25000000, -0.25000000, 0.50000000, 0.00332849
-0.18750000, -0.31250000, 0.50000000, 0.00450048
-0.12500000, -0.37500000, 0.50000000, 0.00551162
-0.06250000, -0.43750000, 0.50000000, 0.00604451
0.00000000, -0.50000000, 0.50000000, 0.00538552
0.06250000, -0.50000000, 0.43750000, 0.00801939
0.12500000, -0.50000000, 0.37500000, 0.01061929
0.18750000, -0.50000000, 0.31250000, 0.01253213
0.25000000, -0.50000000, 0.25000000, 0.01324126
0.31250000, -0.50000000, 0.18750000, 0.01248044
0.37500000, -0.50000000, 0.12500000, 0.01035467
0.43750000, -0.50000000, 0.06250000, 0.00732928
0.50000000, -0.50000000, 0.00000000, 0.00425237
0.50000000, -0.43750000, -0.06250000, 0.00457982
0.50000000, -0.37500000, -0.12500000, 0.00414043
0.50000000, -0.31250000, -0.18750000, 0.00342892
0.50000000, -0.25000000, -0.25000000, 0.00262152
0.50000000, -0.18750000, -0.31250000, 0.00181289
0.50000000, -0.12500000, -0.37500000, 0.00106122
0.50000000, -0.06250000, -0.43750000, 0.00042810
0.55000000, 0.00000000, -0.55000000, 0.00000000
0.48125000, 0.06875000, -0.55000000, -0.00022486
0.41250000, 0.13750000, -0.55000000, -0.00057587
0.34375000, 0.20625000, -0.55000000, -0.00101677
0.27500000, 0.27500000, -0.55000000, -0.00148760
0.20625000, 0.34375000, -0.55000000, -0.00198410
0.13750000, 0.41250000, -0.55000000, -0.00242183
0.06875000, 0.48125000, -0.55000000, -0.00268202
0.00000000, 0.55000000, -0.55000000, -0.00241476
-0.06875000, 0.55000000, -0.48125000, -0.00466046
-0.13750000, 0.55000000, -0.41250000, -0.00712850
-0.20625000, 0.55000000, -0.34375000, -0.00896275
-0.27500000, 0.55000000, -0.27500000, -0.00953257
-0.34375000, 0.55000000, -0.20625000, -0.00878125
-0.41250000, 0.55000000, -0.13750000, -0.00695843
-0.48125000, 0.55000000, -0.06875000, -0.00473952
-0.55000000, 0.55000000, 0.00000000, -0.00278807
-0.55000000, 0.48125000, 0.06875000, -0.00332479
-0.55000000, 0.41250000, 0.13750000, -0.00305627
-0.55000000, 0.34375000, 0.20625000, -0.00246214
-0.55000000, 0.27500000, 0.27500000, -0.00176574
-0.55000000, 0.20625000, 0.34375000, -0.00111891
-0.55000000, 0.13750000, 0.41250000, -0.00058014
-0.55000000, 0.06875000, 0.48125000, -0.00019975
-0.55000000, 0.00000000, 0.55000000, 0.00000000
-0.48125000, -0.06875000, 0.55000000, 0.00019975
-0.41250000, -0.13750000, 0.55000000, 0.00058014
-0.34375000, -0.20625000, 0.55000000, 0.00111891
-0.27500000, -0.27500000, 0.55000000, 0.00176574
-0.20625000, -0.34375000, 0.55000000, 0.00246214
-0.13750000, -0.41250000, 0.55000000, 0.00305627
-0.06875000, -0.48125000, 0.55000000, 0.00332479
0.00000000, -0.55000000, 0.55000000, 0.00278807
0.06875000, -0.55000000, 0.48125000, 0.00473952
0.13750000, -0.55000000, 0.41250000, 0.00695843
0.20625000, -0.55000000, 0.34375000, 0.00878125
0.27500000, -0.55000000, 0.27500000, 0.00953257
0.34375000, -0.55000000, 0.20625000, 0.00896275
0.41250000, -0.55000000, 0.13750000, 0.00712850
0.48125000, -0.55000000, 0.06875000, 0.00466046
0.55000000, -0.55000000, 0.00000000, 0.00241476
0.55000000, -0.48125000, -0.06875000, 0.00268202
0.55000000, -0.41250000, -0.13750000, 0.00242183
0.55000000, -0.34375000, -0.20625000, 0.00198410
0.55000000, -0.27500000, -0.27500000, 0.00148760
0.55000000, -0.20625000, -0.34375000, 0.00101677
0.55000000, -0.13750000, -0.41250000, 0.00057587
0.55000000, -0.06875000, -0.48125000, 0.00022486
0.60000000, 0.00000000, -0.60000000, 0.00000000
0.52500000, 0.07500000, -0.60000000, -0.00009231
0.45000000, 0.15000000, -0.60000000, -0.00025392
0.37500000, 0.22500000, -0.60000000, -0.00046425
0.30000000, 0.30000000, -0.60000000, -0.00070453
0.22500000, 0.37500000, -0.60000000, -0.00096456
0.15000000, 0.45000000, -0.60000000, -0.00120537
0.07500000, 0.52500000, -0.60000000, -0.00133541
0.00000000, 0.60000000, -0.60000000, -0.00112145
-0.07500000, 0.60000000, -0.52500000, -0.00257683
-0.15000000, 0.60000000, -0.45000000, -0.00445471
-0.22500000, 0.60000000, -0.37500000, -0.00597532
-0.30000000, 0.60000000, -0.30000000, -0.00645947
-0.37500000, 0.60000000, -0.22500000, -0.00574098
-0.45000000, 0.60000000, -0.15000000, -0.00417281
-0.52500000, 0.60000000, -0.07500000, -0.00246059
-0.60000000, 0.60000000, 0.00000000, -0.00120880
-0.60000000, 0.52500000, 0.07500000, -0.00158147
-0.60000000, 0.45000000, 0.15000000, -0.00146538
-0.60000000, 0.37500000, 0.22500000, -0.00115148
-0.60000000, 0.30000000, 0.30000000, -0.00078827
-0.60000000, 0.22500000, 0.37500000, -0.00046645
-0.60000000, 0.15000000, 0.45000000, -0.00022300
-0.60000000, 0.07500000, 0.52500000, -0.00006748
-0.60000000, 0.00000000, 0.60000000, 0.00000000
-0.52500000, -0.07500000, 0.60000000, 0.00006748
-0.45000000, -0.15000000, 0.60000000, 0.00022300
-0.37500000, -0.22500000, 0.60000000, 0.00046645
-0.30000000, -0.30000000, 0.60000000, 0.00078827
-0.22500000, -0.37500000, 0.60000000, 0.00115148
-0.15000000, -0.45000000, 0.60000000, 0.00146538
-0.07500000, -0.52500000, 0.60000000, 0.00158147
0.00000000, -0.60000000, 0.60000000, 0.00120880
0.07500000, -0.60000000, 0.52500000, 0.00246059
0.15000000, -0.60000000, 0.45000000, 0.00417281
0.22500000, -0.60000000, 0.37500000, 0.00574098
0.30000000, -0.60000000, 0.30000000, 0.00645947
0.37500000, -0.60000000, 0.22500000, 0.00597532
0.45000000, -0.60000000, 0.15000000, 0.00445471
0.52500000, -0.60000000, 0.07500000, 0.00257683
0.60000000, -0.60000000, 0.00000000, 0.00112145
0.60000000, -0.52500000, -0.07500000, 0.00133541
0.60000000, -0.45000000, -0.15000000, 0.00120537
0.60000000, -0.37500000, -0.22500000, 0.00096456
0.60000000, -0.30000000, -0.30000000, 0.00070453
0.60000000, -0.22500000, -0.37500000, 0.00046425
0.60000000, -0.15000000, -0.45000000, 0.00025392
0.60000000, -0.07500000, -0.52500000, 0.00009231
0.65000000, 0.00000000, -0.65000000, -0.00000000
0.56875000, 0.08125000, -0.65000000, -0.00001998
0.48750000, 0.16250000, -0.65000000, -0.00007880
0.40625000, 0.24375000, -0.65000000, -0.00015455
0.32500000, 0.32500000, -0.65000000, -0.00026563
0.24375000, 0.40625000, -0.65000000, -0.00038108
0.16250000, 0.48750000, -0.65000000, -0.00050127
0.08125000, 0.56875000, -0.65000000, -0.00055483
0.00000000, 0.65000000, -0.65000000, -0.00039226
-0.08125000, 0.65000000, -0.56875000, -0.00118923
-0.16250000, 0.65000000, -0.48750000, -0.00248271
-0.24375000, 0.65000000, -0.40625000, -0.00365181
-0.32500000, 0.65000000, -0.32500000, -0.00407347
-0.40625000, 0.65000000, -0.24375000, -0.00345835
-0.48750000, 0.65000000, -0.16250000, -0.00224972
-0.56875000, 0.65000000, -0.08125000, -0.00107286
-0.65000000, 0.65000000, 0.00000000, -0.00040387
-0.65000000, 0.56875000, 0.08125000, -0.00063169
-0.65000000, 0.48750000, 0.16250000, -0.00059051
-0.65000000, 0.40625000, 0.24375000, -0.00044237
-0.65000000, 0.32500000, 0.32500000, -0.00027875
-0.65000000, 0.24375000, 0.40625000, -0.00013841
-0.65000000, 0.16250000, 0.48750000, -0.00005387
-0.65000000, 0.08125000, 0.56875000, -0.00000682
-0.65000000, 0.00000000, 0.65000000, -0.00000000
-0.56875000, -0.08125000, 0.65000000, 0.00000682
-0.48750000, -0.16250000, 0.65000000, 0.00005387
-0.40625000, -0.24375000, 0.65000000, 0.00013841
-0.32500000, -0.32500000, 0.65000000, 0.00027875
-0.24375000, -0.40625000, 0.65000000, 0.00044237
-0.16250000, -0.48750000, 0.65000000, 0.00059051
-0.08125000, -0.56875000, 0.65000000, 0.00063169
0.00000000, -0.65000000, 0.65000000, 0.00040387
0.08125000, -0.65000000, 0.56875000, 0.00107286
0.16250000, -0.65000000, 0.48750000, 0.00224972
0.24375000, -0.65000000, 0.40625000, 0.00345835
0.32500000, -0.65000000, 0.32500000, 0.00407347
0.40625000, -0.65000000, 0.24375000, 0.00365181
0.48750000, -0.65000000, 0.16250000, 0.00248271
0.56875000, -0.65000000, 0.08125000, 0.00118923
0.65000000, -0.65000000, 0.00000000, 0.00039226
0.65000000, -0.56875000, -0.08125000, 0.00055483
0.65000000, -0.48750000, -0.16250000, 0.00050127
0.65000000, -0.40625000, -0.24375000, 0.00038108
0.65000000, -0.32500000, -0.32500000, 0.00026563
0.65000000, -0.24375000, -0.40625000, 0.00015455
0.65000000, -0.16250000, -0.48750000, 0.00007880
0.65000000, -0.08125000, -0.56875000, 0.00001998
0.70000000, 0.00000000, -0.70000000, -0.00000000
0.61250000, 0.08750000, -0.70000000, 0.00000025
0.52500000, 0.17500000, -0.70000000, -0.00001413
0.43750000, 0.26250000, -0.70000000, -0.00003217
0.35000000, 0.35000000, -0.70000000, -0.00006796
0.26250000, 0.43750000, -0.70000000, -0.00010815
0.17500000, 0.52500000, -0.70000000, -0.00015703
0.08750000, 0.61250000, -0.70000000, -0.00018049
0.00000000, 0.70000000, -0.70000000, -0.00010940
-0.08750000, 0.70000000, -0.61250000, -0.00046687
-0.17500000, 0.70000000, -0.52500000, -0.00122909
-0.26250000, 0.70000000, -0.43750000, -0.00201891
-0.35000000, 0.70000000, -0.35000000, -0.00232347
-0.43750000, 0.70000000, -0.26250000, -0.00188841
-0.52500000, 0.70000000, -0.17500000, -0.00108250
-0.61250000, 0.70000000, -0.08750000, -0.00039880
-0.70000000, 0.70000000, 0.00000000, -0.00010727
-0.70000000, 0.61250000, 0.08750000, -0.00020267
-0.70000000, 0.52500000, 0.17500000, -0.00018787
-0.70000000, 0.43750000, 0.26250000, -0.00012809
-0.70000000, 0.35000000, 0.35000000, -0.00006585
-0.70000000, 0.26250000, 0.43750000, -0.00001854
-0.70000000, 0.17500000, 0.52500000, 0.00000001
-0.70000000, 0.08750000, 0.61250000, 0.00000598
-0.70000000, 0.00000000, 0.70000000, -0.00000000
-0.61250000, -0.08750000, 0.70000000, -0.00000598
-0.52500000, -0.17500000, 0.70000000, -0.00000001
-0.43750000, -0.26250000, 0.70000000, 0.00001854
-0.35000000, -0.35000000, 0.70000000, 0.00006585
-0.26250000, -0.43750000, 0.70000000, 0.00012809
-0.17500000, -0.52500000, 0.70000000, 0.00018787
-0.08750000, -0.61250000, 0.70000000, 0.00020267
0.00000000, -0.70000000, 0.70000000, 0.00010727
0.08750000, -0.70000000, 0.61250000, 0.00039880
0.17500000, -0.70000000, 0.52500000, 0.00108250
0.26250000, -0.70000000, 0.43750000, 0.00188841
0.35000000, -0.70000000, 0.35000000, 0.00232347
0.43750000, -0.70000000, 0.26250000, 0.00201891
0.52500000, -0.70000000, 0.17500000, 0.00122909
0.61250000, -0.70000000, 0.08750000, 0.00046687
0.70000000, -0.70000000, 0.00000000, 0.00010940
0.70000000, -0.61250000, -0.08750000, 0.00018049
0.70000000, -0.52500000, -0.17500000, 0.00015703
0.70000000, -0.43750000, -0.26250000, 0.00010815
0.70000000, -0.35000000, -0.35000000, 0.00006796
0.70000000, -0.26250000, -0.43750000, 0.00003217
0.70000000, -0.17500000, -0.52500000, 0.00001413
0.70000000, -0.08750000, -0.61250000, -0.00000025
0.75000000, 0.00000000, -0.75000000, 0.00000000
0.65625000, 0.09375000, -0.75000000, -0.00000597
0.56250000, 0.18750000, -0.75000000, -0.00000625
0.46875000, 0.28125000, -0.75000000, -0.00000847
0.37500000, 0.37500000, -0.75000000, -0.00000154
0.28125000, 0.46875000, -0.75000000, -0.00000793
0.18750000, 0.56250000, -0.75000000, -0.00001793
0.09375000, 0.65625000, -0.75000000, -0.00003400
0.00000000, 0.75000000, -0.75000000, -0.00005099
-0.09375000, 0.75000000, -0.65625000, -0.00018523
-0.18750000, 0.75000000, -0.56250000, -0.00054366
-0.28125000, 0.75000000, -0.46875000, -0.00098996
-0.37500000, 0.75000000, -0.37500000, -0.00115121
-0.46875000, 0.75000000, -0.28125000, -0.00091249
-0.56250000, 0.75000000, -0.18750000, -0.00046567
-0.65625000, 0.75000000, -0.09375000, -0.00015389
-0.75000000, 0.75000000, 0.00000000, -0.00004584
-0.75000000, 0.65625000, 0.09375000, -0.00004751
-0.75000000, 0.56250000, 0.18750000, -0.00003828
-0.75000000, 0.46875000, 0.28125000, -0.00002024
-0.75000000, 0.37500000, 0.37500000, -0.00000133
-0.75000000, 0.28125000, 0.46875000, 0.00000278
-0.75000000, 0.18750000, 0.56250000, 0.00000272
-0.75000000, 0.09375000, 0.65625000, -0.00000191
-0.75000000, 0.00000000, 0.75000000, 0.00000000
-0.65625000, -0.09375000, 0.75000000, 0.00000191
-0.56250000, -0.18750000, 0.75000000, -0.00000272
-0.46875000, -0.28125000, 0.75000000, -0.00000278
-0.37500000, -0.37500000, 0.75000000, 0.00000133
-0.28125000, -0.46875000, 0.75000000, 0.00002024
-0.18750000, -0.56250000, 0.75000000, 0.00003828
-0.09375000, -0.65625000, 0.75000000, 0.00004751
0.00000000, -0.75000000, 0.75000000, 0.00004584
0.09375000, -0.75000000, 0.65625000, 0.00015389
0.18750000, -0.75000000, 0.56250000, 0.00046567
0.28125000, -0.75000000, 0.46875000, 0.00091249
0.37500000, -0.75000000, 0.37500000, 0.00115121
0.46875000, -0.75000000, 0.28125000, 0.00098996
0.56250000, -0.75000000, 0.18750000, 0.00054366
0.65625000, -0.75000000, 0.09375000, 0.00018523
0.75000000, -0.75000000, 0.00000000, 0.00005099
0.75000000, -0.65625000, -0.09375000, 0.00003400
0.75000000, -0.56250000, -0.18750000, 0.00001793
0.75000000, -0.46875000, -0.28125000, 0.00000793
0.75000000, -0.37500000, -0.37500000, 0.00000154
0.75000000, -0.28125000, -0.46875000, 0.00000847
0.75000000, -0.18750000, -0.56250000, 0.00000625
0.75000000, -0.09375000, -0.65625000, 0.00000597
0.80000000, 0.00000000, -0.80000000, 0.00000000
0.70000000, 0.10000000, -0.80000000, -0.00000706
0.60000000, 0.20000000, -0.80000000, -0.00000573
0.50000000, 0.30000000, -0.80000000, -0.00000498
0.40000000, 0.40000000, -0.80000000, 0.00000786
0.30000000, 0.50000000, -0.80000000, 0.00001063
0.20000000, 0.60000000, -0.80000000, 0.00001169
0.10000000, 0.70000000, -0.80000000, 0.00000322
0.00000000, 0.80000000, -0.80000000, -0.00002291
-0.10000000, 0.80000000, -0.70000000, -0.00006720
-0.20000000, 0.80000000, -0.60000000, -0.00020065
-0.30000000, 0.80000000, -0.50000000, -0.00041042
-0.40000000, 0.80000000, -0.40000000, -0.00048476
-0.50000000, 0.80000000, -0.30000000, -0.00037338
-0.60000000, 0.80000000, -0.20000000, -0.00016782
-0.70000000, 0.80000000, -0.10000000, -0.00005623
-0.80000000, 0.80000000, 0.00000000, -0.00002033
-0.80000000, 0.70000000, 0.10000000, -0.00000533
-0.80000000, 0.60000000, 0.20000000, -0.00000054
-0.80000000, 0.50000000, 0.30000000, 0.00000311
-0.80000000, 0.40000000, 0.40000000, 0.00000704
-0.80000000, 0.30000000, 0.50000000, 0.00000165
-0.80000000, 0.20000000, 0.60000000, -0.00000085
-0.80000000, 0.10000000, 0.70000000, -0.00000456
-0.80000000, 0.00000000, 0.80000000, 0.00000000
-0.70000000, -0.10000000, 0.80000000, 0.00000456
-0.60000000, -0.20000000, 0.80000000, 0.00000085
-0.50000000, -0.30000000, 0.80000000, -0.00000165
-0.40000000, -0.40000000, 0.80000000, -0.00000704
-0.30000000, -0.50000000, 0.80000000, -0.00000311
-0.20000000, -0.60000000, 0.80000000, 0.00000054
-0.10000000, -0.70000000, 0.80000000, 0.00000533
0.00000000, -0.80000000, 0.80000000, 0.00002033
0.10000000, -0.80000000, 0.70000000, 0.00005623
0.20000000, -0.80000000, 0.60000000, 0.00016782
0.30000000, -0.80000000, 0.50000000, 0.00037338
0.40000000, -0.80000000, 0.40000000, 0.00048476
0.50000000, -0.80000000, 0.30000000, 0.00041042
0.60000000, -0.80000000, 0.20000000, 0.00020065
0.70000000, -0.80000000, 0.10000000, 0.00006720
0.80000000, -0.80000000, 0.00000000, 0.00002291
0.80000000, -0.70000000, -0.10000000, -0.00000322
0.80000000, -0.60000000, -0.20000000, -0.00001169
0.80000000, -0.50000000, -0.30000000, -0.00001063
0.80000000, -0.40000000, -0.40000000, -0.00000786
0.80000000, -0.30000000, -0.50000000, 0.00000498
0.80000000, -0.20000000, -0.60000000, 0.00000573
0.80000000, -0.10000000, -0.70000000, 0.00000706
0.85000000, 0.00000000, -0.85000000, -0.00000000
0.74375000, 0.10625000, -0.85000000, 0.00000318
0.63750000, 0.21250000, -0.85000000, 0.00000291
0.53125000, 0.31875000, -0.85000000, 0.00000510
0.42500000, 0.42500000, -0.85000000, 0.00000098
0.31875000, 0.53125000, -0.85000000, 0.00000070
0.21250000, 0.63750000, -0.85000000, -0.00000306
0.10625000, 0.74375000, -0.85000000, -0.00000129
0.00000000, 0.85000000, -0.85000000, 0.00001914
-0.10625000, 0.85000000, -0.74375000, 0.00001330
-0.21250000, 0.85000000, -0.63750000, -0.00003846
-0.31875000, 0.85000000, -0.53125000, -0.00012694
-0.42500000, 0.85000000, -0.42500000, -0.00018074
-0.53125000, 0.85000000, -0.31875000, -0.00011763
-0.63750000, 0.85000000, -0.21250000, -0.00003246
-0.74375000, 0.85000000, -0.10625000, 0.00001316
-0.85000000, 0.85000000, 0.00000000, 0.00001638
-0.85000000, 0.74375000, 0.10625000, 0.00000087
-0.85000000, 0.63750000, 0.21250000, -0.00000050
-0.85000000, 0.53125000, 0.31875000, 0.00000173
-0.85000000, 0.42500000, 0.42500000, 0.00000232
-0.85000000, 0.31875000, 0.53125000, 0.00000450
-0.85000000, 0.21250000, 0.63750000, 0.00000265
-0.85000000, 0.10625000, 0.74375000, 0.00000253
-0.85000000, 0.00000000, 0.85000000, -0.00000000
-0.74375000, -0.10625000, 0.85000000, -0.00000253
-0.63750000, -0.21250000, 0.85000000, -0.00000265
-0.53125000, -0.31875000, 0.85000000, -0.00000450
-0.42500000, -0.42500000, 0.85000000, -0.00000232
-0.31875000, -0.53125000, 0.85000000, -0.00000173
-0.21250000, -0.63750000, 0.85000000, 0.00000050
-0.10625000, -0.74375000, 0.85000000, -0.00000087
0.00000000, -0.85000000, 0.85000000, -0.00001638
0.10625000, -0.85000000, 0.74375000, -0.00001316
0.21250000, -0.85000000, 0.63750000, 0.00003246
0.31875000, -0.85000000, 0.53125000, 0.00011763
0.42500000, -0.85000000, 0.42500000, 0.00018074
0.53125000, -0.85000000, 0.31875000, 0.00012694
0.63750000, -0.85000000, 0.21250000, 0.00003846
0.74375000, -0.85000000, 0.10625000, -0.00001330
0.85000000, -0.85000000, 0.00000000, -0.00001914
0.85000000, -0.74375000, -0.10625000, 0.00000129
0.85000000, -0.63750000, -0.21250000, 0.00000306
0.85000000, -0.53125000, -0.31875000, -0.00000070
0.85000000, -0.42500000, -0.42500000, -0.00000098
0.85000000, -0.31875000, -0.53125000, -0.00000510
0.85000000, -0.21250000, -0.63750000, -0.00000291
0.85000000, -0.10625000, -0.74375000, -0.00000318
0.90000000, 0.00000000, -0.90000000, -0.00000000
0.78750000, 0.11250000, -0.90000000, 0.00000431
0.67500000, 0.22500000, -0.90000000, 0.00000389
0.56250000, 0.33750000, -0.90000000, 0.00000483
0.45000000, 0.45000000, -0.90000000, -0.00000129
0.33750000, 0.56250000, -0.90000000, -0.00000298
0.22500000, 0.67500000, -0.90000000, -0.00000627
0.11250000, 0.78750000, -0.90000000, -0.00000404
0.00000000, 0.90000000, -0.90000000, 0.00001234
-0.11250000, 0.90000000, -0.78750000, 0.00001860
-0.22500000, 0.90000000, -0.67500000, 0.00000258
-0.33750000, 0.90000000, -0.56250000, -0.00002398
-0.45000000, 0.90000000, -0.45000000, -0.00004896
-0.56250000, 0.90000000, -0.33750000, -0.00002360
-0.67500000, 0.90000000, -0.22500000, 0.00000168
-0.78750000, 0.90000000, -0.11250000, 0.00001705
-0.90000000, 0.90000000, 0.00000000, 0.00001089
-0.90000000, 0.78750000, 0.11250000, -0.00000058
-0.90000000, 0.67500000, 0.22500000, -0.00000201
-0.90000000, 0.56250000, 0.33750000, -0.00000064
-0.90000000, 0.45000000, 0.45000000, -0.00000023
-0.90000000, 0.33750000, 0.56250000, 0.00000306
-0.90000000, 0.22500000, 0.67500000, 0.00000263
-0.90000000, 0.11250000, 0.78750000, 0.00000329
-0.90000000, 0.00000000, 0.90000000, -0.00000000
-0.78750000, -0.11250000, 0.90000000, -0.00000329
-0.67500000, -0.22500000, 0.90000000, -0.00000263
-0.56250000, -0.33750000, 0.90000000, -0.00000306
-0.45000000, -0.45000000, 0.90000000, 0.00000023
-0.33750000, -0.56250000, 0.90000000, 0.00000064
-0.22500000, -0.67500000, 0.90000000, 0.00000201
-0.11250000, -0.78750000, 0.90000000, 0.00000058
0.00000000, -0.90000000, 0.90000000, -0.00001089
0.11250000, -0.90000000, 0.78750000, -0.00001705
0.22500000, -0.90000000, 0.67500000, -0.00000168
0.33750000, -0.90000000, 0.56250000, 0.00002360
0.45000000, -0.90000000, 0.45000000, 0.00004896
0.56250000, -0.90000000, 0.33750000, 0.00002398
0.67500000, -0.90000000, 0.22500000, -0.00000258
0.78750000, -0.90000000, 0.11250000, -0.00001860
0.90000000, -0.90000000, 0.00000000, -0.00001234
0.90000000, -0.78750000, -0.11250000, 0.00000404
0.90000000, -0.67500000, -0.22500000, 0.00000627
0.90000000, -0.56250000, -0.33750000, 0.00000298
0.90000000, -0.45000000, -0.45000000, 0.00000129
0.90000000, -0.33750000, -0.56250000, -0.00000483
0.90000000, -0.22500000, -0.67500000, -0.00000389
0.90000000, -0.11250000, -0.78750000, -0.00000431
0.95000000, 0.00000000, -0.95000000, 0.00000000
0.83125000, 0.11875000, -0.95000000, -0.00000381
0.71250000, 0.23750000, -0.95000000, -0.00000331
0.59375000, 0.35625000, -0.95000000, -0.00000438
0.47500000, 0.47500000, -0.95000000, 0.00000157
0.35625000, 0.59375000, -0.95000000, 0.00000285
0.23750000, 0.71250000, -0.95000000, 0.00000579
0.11875000, 0.83125000, -0.95000000, 0.00000288
0.00000000, 0.95000000, -0.95000000, -0.00001792
-0.11875000, 0.95000000, -0.83125000, -0.00001964
-0.23750000, 0.95000000, -0.71250000, -0.00001070
-0.35625000, 0.95000000, -0.59375000, -0.00000551
-0.47500000, 0.95000000, -0.47500000, 0.00000779
-0.59375000, 0.95000000, -0.35625000, -0.00000296
-0.71250000, 0.95000000, -0.23750000, -0.00000819
-0.83125000, 0.95000000, -0.11875000, -0.00001786
-0.95000000, 0.95000000, 0.00000000, -0.00001546
-0.95000000, 0.83125000, 0.11875000, -0.00000038
-0.95000000, 0.71250000, 0.23750000, 0.00000153
-0.95000000, 0.59375000, 0.35625000, 0.00000051
-0.95000000, 0.47500000, 0.47500000, 0.00000050
-0.95000000, 0.35625000, 0.59375000, -0.00000257
-0.95000000, 0.23750000, 0.71250000, -0.00000212
-0.95000000, 0.11875000, 0.83125000, -0.00000286
-0.95000000, 0.00000000, 0.95000000, 0.00000000
-0.83125000, -0.11875000, 0.95000000, 0.00000286
-0.71250000, -0.23750000, 0.95000000, 0.00000212
-0.59375000, -0.35625000, 0.95000000, 0.00000257
-0.47500000, -0.47500000, 0.95000000, -0.00000050
-0.35625000, -0.59375000, 0.95000000, -0.00000051
-0.23750000, -0.71250000, 0.95000000, -0.00000153
-0.11875000, -0.83125000, 0.95000000, 0.00000038
0.00000000, -0.95000000, 0.95000000, 0.00001546
0.11875000, -0.95000000, 0.83125000, 0.00001786
0.23750000, -0.95000000, 0.71250000, 0.00000819
0.35625000, -0.95000000, 0.59375000, 0.00000296
0.47500000, -0.95000000, 0.47500000, -0.00000779
0.59375000, -0.95000000, 0.35625000, 0.00000551
0.71250000, -0.95000000, 0.23750000, 0.00001070
0.83125000, -0.95000000, 0.11875000, 0.00001964
0.95000000, -0.95000000, 0.00000000, 0.00001792
0.95000000, -0.83125000, -0.11875000, -0.00000288
0.95000000, -0.71250000, -0.23750000, -0.00000579
0.95000000, -0.59375000, -0.35625000, -0.00000285
0.95000000, -0.47500000, -0.47500000, -0.00000157
0.95000000, -0.35625000, -0.59375000, 0.00000438
0.95000000, -0.23750000, -0.71250000, 0.00000331
0.95000000, -0.11875000, -0.83125000, 0.00000381
1.00000000, 0.00000000, -1.00000000, 0.00000000
0.87500000, 0.12500000, -1.00000000, 0.00000000
0.75000000, 0.25000000, -1.00000000, 0.00000000
0.62500000, 0.37500000, -1.00000000, 0.00000000
0.50000000, 0.50000000, -1.00000000, 0.00000000
0.37500000, 0.62500000, -1.00000000, 0.00000000
0.25000000, 0.75000000, -1.00000000, 0.00000000
0.12500000, 0.87500000, -1.00000000, 0.00000000
0.00000000, 1.00000000, -1.00000000, 0.00000000
-0.12500000, 1.00000000, -0.87500000, 0.00000000
-0.25000000, 1.00000000, -0.75000000, 0.00000000
-0.37500000, 1.00000000, -0.62500000, 0.00000000
-0.50000000, 1.00000000, -0.50000000, 0.00000000
-0.62500000, 1.00000000, -0.37500000, 0.00000000
-0.75000000, 1.00000000, -0.25000000, 0.00000000
-0.87500000, 1.00000000, -0.12500000, 0.00000000
-1.00000000, 1.00000000, 0.00000000, 0.00000000
-1.00000000, 0.87500000, 0.12500000, 0.00000000
-1.00000000, 0.75000000, 0.25000000, 0.00000000
-1.00000000, 0.62500000, 0.37500000, 0.00000000
-1.00000000, 0.50000000, 0.50000000, 0.00000000
-1.00000000, 0.37500000, 0.62500000, 0.00000000
-1.00000000, 0.25000000, 0.75000000, 0.00000000
-1.00000000, 0.12500000, 0.87500000, 0.00000000
-1.00000000, 0.00000000, 1.00000000, 0.00000000
-0.87500000, -0.12500000, 1.00000000, 0.00000000
-0.75000000, -0.25000000, 1.00000000, 0.00000000
-0.62500000, -0.37500000, 1.00000000, 0.00000000
-0.50000000, -0.50000000, 1.00000000, 0.00000000
-0.37500000, -0.62500000, 1.00000000, 0.00000000
-0.25000000, -0.75000000, 1.00000000, 0.00000000
-0.12500000, -0.87500000, 1.00000000, 0.00000000
0.00000000, -1.00000000, 1.00000000, 0.00000000
0.12500000, -1.00000000, 0.87500000, 0.00000000
0.25000000, -1.00000000, 0.75000000, 0.00000000
0.37500000, -1.00000000, 0.62500000, 0.00000000
0.50000000, -1.00000000, 0.50000000, 0.00000000
0.62500000, -1.00000000, 0.37500000, 0.00000000
0.75000000, -1.00000000, 0.25000000, 0.00000000
0.87500000, -1.00000000, 0.12500000, 0.00000000
1.00000000, -1.00000000, 0.00000000, 0.00000000
1.00000000, -0.87500000, -0.12500000, 0.00000000
1.00000000, -0.75000000, -0.25000000, 0.00000000
1.00000000, -0.62500000, -0.37500000, 0.00000000
1.00000000, -0.50000000, -0.50000000, 0.00000000
1.00000000, -0.37500000, -0.62500000, 0.00000000
1.00000000, -0.25000000, -0.75000000, 0.00000000
1.00000000, -0.12500000, -0.87500000, 0.00000000
