0.01000000, 0.00000000, -0.01000000, -0.03104477
0.00000000, 0.01000000, -0.01000000, 0.01752055
-0.00125000, 0.01000000, -0.00875000, 0.06889617
-0.00250000, 0.01000000, -0.00750000, 0.09166255
-0.00375000, 0.01000000, -0.00625000, 0.09508750
-0.00500000, 0.01000000, -0.00500000, 0.08450534
-0.00625000, 0.01000000, -0.00375000, 0.06047242
-0.00750000, 0.01000000, -0.00250000, 0.02634460
-0.00875000, 0.01000000, -0.00125000, -0.01564819
-0.01000000, 0.01000000, 0.00000000, -0.05440919
-0.01000000, 0.00875000, 0.00125000, -0.04452697
-0.01000000, 0.00750000, 0.00250000, -0.03589886
-0.01000000, 0.00625000, 0.00375000, -0.02837745
-0.01000000, 0.00500000, 0.00500000, -0.02159394
-0.01000000, 0.00375000, 0.00625000, -0.01592872
-0.01000000, 0.00250000, 0.00750000, -0.01130110
-0.01000000, 0.00125000, 0.00875000, -0.00801182
-0.01000000, 0.00000000, 0.01000000, -0.00539578
0.00000000, -0.01000000, 0.01000000, -0.05440919
0.00125000, -0.01000000, 0.00875000, -0.01564819
0.00250000, -0.01000000, 0.00750000, 0.02634460
0.00375000, -0.01000000, 0.00625000, 0.06047242
0.00500000, -0.01000000, 0.00500000, 0.08450534
0.00625000, -0.01000000, 0.00375000, 0.09508750
0.00750000, -0.01000000, 0.00250000, 0.09166255
0.00875000, -0.01000000, 0.00125000, 0.06889617
0.01000000, -0.01000000, 0.00000000, 0.01752055
0.01000000, -0.00875000, -0.00125000, 0.00517381
0.01000000, -0.00750000, -0.00250000, -0.00353076
0.01000000, -0.00625000, -0.00375000, -0.01152267
0.01000000, -0.00500000, -0.00500000, -0.01726018
0.01000000, -0.00375000, -0.00625000, -0.02274066
0.01000000, -0.00250000, -0.00750000, -0.02598578
0.01000000, -0.00125000, -0.00875000, -0.02902947
0.02000000, 0.00000000, -0.02000000, -0.02654087
0.01750000, 0.00250000, -0.02000000, -0.02587616
0.01500000, 0.00500000, -0.02000000, -0.02456527
0.01250000, 0.00750000, -0.02000000, -0.02246455
0.01000000, 0.01000000, -0.02000000, -0.01929422
0.00750000, 0.01250000, -0.02000000, -0.01577016
0.00500000, 0.01500000, -0.02000000, -0.01102191
0.00250000, 0.01750000, -0.02000000, -0.00597413
0.00000000, 0.02000000, -0.02000000, -0.00049408
-0.00250000, 0.02000000, -0.01750000, 0.02309683
-0.00500000, 0.02000000, -0.01500000, 0.03479450
-0.00750000, 0.02000000, -0.01250000, 0.03849532
-0.01000000, 0.02000000, -0.01000000, 0.03495367
-0.01250000, 0.02000000, -0.00750000, 0.02451893
-0.01500000, 0.02000000, -0.00500000, 0.00895023
-0.01750000, 0.02000000, -0.00250000, -0.01205653
-0.02000000, 0.02000000, 0.00000000, -0.03454540
-0.02000000, 0.01750000, 0.00250000, -0.03037749
-0.02000000, 0.01500000, 0.00500000, -0.02501675
-0.02000000, 0.01250000, 0.00750000, -0.01978278
-0.02000000, 0.01000000, 0.01000000, -0.01506263
-0.02000000, 0.00750000, 0.01250000, -0.01099188
-0.02000000, 0.00500000, 0.01500000, -0.00780793
-0.02000000, 0.00250000, 0.01750000, -0.00561221
-0.02000000, 0.00000000, 0.02000000, -0.00437273
-0.01750000, -0.00250000, 0.02000000, -0.00561221
-0.01500000, -0.00500000, 0.02000000, -0.00780793
-0.01250000, -0.00750000, 0.02000000, -0.01099188
-0.01000000, -0.01000000, 0.02000000, -0.01506263
-0.00750000, -0.01250000, 0.02000000, -0.01978278
-0.00500000, -0.01500000, 0.02000000, -0.02501675
-0.00250000, -0.01750000, 0.02000000, -0.03037749
0.00000000, -0.02000000, 0.02000000, -0.03454540
0.00250000, -0.02000000, 0.01750000, -0.01205653
0.00500000, -0.02000000, 0.01500000, 0.00895023
0.00750000, -0.02000000, 0.01250000, 0.02451893
0.01000000, -0.02000000, 0.01000000, 0.03495367
0.01250000, -0.02000000, 0.00750000, 0.03849532
0.01500000, -0.02000000, 0.00500000, 0.03479450
0.01750000, -0.02000000, 0.00250000, 0.02309683
0.02000000, -0.02000000, 0.00000000, -0.00049408
0.02000000, -0.01750000, -0.00250000, -0.00597413
0.02000000, -0.01500000, -0.00500000, -0.01102191
0.02000000, -0.01250000, -0.00750000, -0.01577016
0.02000000, -0.01000000, -0.01000000, -0.01929422
0.02000000, -0.00750000, -0.01250000, -0.02246455
0.02000000, -0.00500000, -0.01500000, -0.02456527
0.02000000, -0.00250000, -0.01750000, -0.02587616
0.03000000, 0.00000000, -0.03000000, -0.02193205
0.02625000, 0.00375000, -0.03000000, -0.02171258
0.02250000, 0.00750000, -0.03000000, -0.02086807
0.01875000, 0.01125000, -0.03000000, -0.01936062
0.01500000, 0.01500000, -0.03000000, -0.01710657
0.01125000, 0.01875000, -0.03000000, -0.01424978
0.00750000, 0.02250000, -0.03000000, -0.01080186
0.00375000, 0.02625000, -0.03000000, -0.00727118
0.00000000, 0.03000000, -0.03000000, -0.00435865
-0.00375000, 0.03000000, -0.02625000, 0.00968211
-0.00750000, 0.03000000, -0.02250000, 0.01724348
-0.01125000, 0.03000000, -0.01875000, 0.02003056
-0.01500000, 0.03000000, -0.01500000, 0.01811459
-0.01875000, 0.03000000, -0.01125000, 0.01185338
-0.02250000, 0.03000000, -0.00750000, 0.00168900
-0.02625000, 0.03000000, -0.00375000, -0.01275833
-0.03000000, 0.03000000, 0.00000000, -0.02976606
-0.03000000, 0.02625000, 0.00375000, -0.02751814
-0.03000000, 0.02250000, 0.00750000, -0.02331638
-0.03000000, 0.01875000, 0.01125000, -0.01898371
-0.03000000, 0.01500000, 0.01500000, -0.01496240
-0.03000000, 0.01125000, 0.01875000, -0.01143132
-0.03000000, 0.00750000, 0.02250000, -0.00869072
-0.03000000, 0.00375000, 0.02625000, -0.00682592
-0.03000000, 0.00000000, 0.03000000, -0.00600328
-0.02625000, -0.00375000, 0.03000000, -0.00682592
-0.02250000, -0.00750000, 0.03000000, -0.00869072
-0.01875000, -0.01125000, 0.03000000, -0.01143132
-0.01500000, -0.01500000, 0.03000000, -0.01496240
-0.01125000, -0.01875000, 0.03000000, -0.01898371
-0.00750000, -0.02250000, 0.03000000, -0.02331638
-0.00375000, -0.02625000, 0.03000000, -0.02751814
0.00000000, -0.03000000, 0.03000000, -0.02976606
0.00375000, -0.03000000, 0.02625000, -0.01275833
0.00750000, -0.03000000, 0.02250000, 0.00168900
0.01125000, -0.03000000, 0.01875000, 0.01185338
0.01500000, -0.03000000, 0.01500000, 0.01811459
0.01875000, -0.03000000, 0.01125000, 0.02003056
0.02250000, -0.03000000, 0.00750000, 0.01724348
0.02625000, -0.03000000, 0.00375000, 0.00968211
0.03000000, -0.03000000, 0.00000000, -0.00435865
0.03000000, -0.02625000, -0.00375000, -0.00727118
0.03000000, -0.02250000, -0.00750000, -0.01080186
0.03000000, -0.01875000, -0.01125000, -0.01424978
0.03000000, -0.01500000, -0.01500000, -0.01710657
0.03000000, -0.01125000, -0.01875000, -0.01936062
0.03000000, -0.00750000, -0.02250000, -0.02086807
0.03000000, -0.00375000, -0.02625000, -0.02171258
0.04000000, 0.00000000, -0.04000000, -0.01821255
0.03500000, 0.00500000, -0.04000000, -0.01822184
0.03000000, 0.01000000, -0.04000000, -0.01763872
0.02500000, 0.01500000, -0.04000000, -0.01640291
0.02000000, 0.02000000, -0.04000000, -0.01454598
0.01500000, 0.02500000, -0.04000000, -0.01223467
0.01000000, 0.03000000, -0.04000000, -0.00957631
0.00500000, 0.03500000, -0.04000000, -0.00691982
0.00000000, 0.04000000, -0.04000000, -0.00552876
-0.00500000, 0.04000000, -0.03500000, 0.00356965
-0.01000000, 0.04000000, -0.03000000, 0.00892192
-0.01500000, 0.04000000, -0.02500000, 0.01094793
-0.02000000, 0.04000000, -0.02000000, 0.00965619
-0.02500000, 0.04000000, -0.01500000, 0.00509760
-0.03000000, 0.04000000, -0.01000000, -0.00269556
-0.03500000, 0.04000000, -0.00500000, -0.01383518
-0.04000000, 0.04000000, 0.00000000, -0.02817755
-0.04000000, 0.03500000, 0.00500000, -0.02701087
-0.04000000, 0.03000000, 0.01000000, -0.02349078
-0.04000000, 0.02500000, 0.01500000, -0.01961377
-0.04000000, 0.02000000, 0.02000000, -0.01593702
-0.04000000, 0.01500000, 0.02500000, -0.01267575
-0.04000000, 0.01000000, 0.03000000, -0.01010889
-0.04000000, 0.00500000, 0.03500000, -0.00839760
-0.04000000, 0.00000000, 0.04000000, -0.00775907
-0.03500000, -0.00500000, 0.04000000, -0.00839760
-0.03000000, -0.01000000, 0.04000000, -0.01010889
-0.02500000, -0.01500000, 0.04000000, -0.01267575
-0.02000000, -0.02000000, 0.04000000, -0.01593702
-0.01500000, -0.02500000, 0.04000000, -0.01961377
-0.01000000, -0.03000000, 0.04000000, -0.02349078
-0.00500000, -0.03500000, 0.04000000, -0.02701087
0.00000000, -0.04000000, 0.04000000, -0.02817755
0.00500000, -0.04000000, 0.03500000, -0.01383518
0.01000000, -0.04000000, 0.03000000, -0.00269556
0.01500000, -0.04000000, 0.02500000, 0.00509760
0.02000000, -0.04000000, 0.02000000, 0.00965619
0.02500000, -0.04000000, 0.01500000, 0.01094793
0.03000000, -0.04000000, 0.01000000, 0.00892192
0.03500000, -0.04000000, 0.00500000, 0.00356965
0.04000000, -0.04000000, 0.00000000, -0.00552876
0.04000000, -0.03500000, -0.00500000, -0.00691982
0.04000000, -0.03000000, -0.01000000, -0.00957631
0.04000000, -0.02500000, -0.01500000, -0.01223467
0.04000000, -0.02000000, -0.02000000, -0.01454598
0.04000000, -0.01500000, -0.02500000, -0.01640291
0.04000000, -0.01000000, -0.03000000, -0.01763872
0.04000000, -0.00500000, -0.03500000, -0.01822184
0.05000000, 0.00000000, -0.05000000, -0.01518059
0.04375000, 0.00625000, -0.05000000, -0.01530310
0.03750000, 0.01250000, -0.05000000, -0.01485358
0.03125000, 0.01875000, -0.05000000, -0.01380598
0.02500000, 0.02500000, -0.05000000, -0.01224133
0.01875000, 0.03125000, -0.05000000, -0.01030040
0.01250000, 0.03750000, -0.05000000, -0.00814199
0.00625000, 0.04375000, -0.05000000, -0.00615914
0.00000000, 0.05000000, -0.05000000, -0.00585273
-0.00625000, 0.05000000, -0.04375000, 0.00018024
-0.01250000, 0.05000000, -0.03750000, 0.00405587
-0.01875000, 0.05000000, -0.03125000, 0.00555365
-0.02500000, 0.05000000, -0.02500000, 0.00448103
-0.03125000, 0.05000000, -0.01875000, 0.00080682
-0.03750000, 0.05000000, -0.01250000, -0.00555361
-0.04375000, 0.05000000, -0.00625000, -0.01488941
-0.05000000, 0.05000000, 0.00000000, -0.02770562
-0.05000000, 0.04375000, 0.00625000, -0.02729385
-0.05000000, 0.03750000, 0.01250000, -0.02421535
-0.05000000, 0.03125000, 0.01875000, -0.02063571
-0.05000000, 0.02500000, 0.02500000, -0.01716490
-0.05000000, 0.01875000, 0.03125000, -0.01404005
-0.05000000, 0.01250000, 0.03750000, -0.01155933
-0.05000000, 0.00625000, 0.04375000, -0.00990842
-0.05000000, 0.00000000, 0.05000000, -0.00936523
-0.04375000, -0.00625000, 0.05000000, -0.00990842
-0.03750000, -0.01250000, 0.05000000, -0.01155933
-0.03125000, -0.01875000, 0.05000000, -0.01404005
-0.02500000, -0.02500000, 0.05000000, -0.01716490
-0.01875000, -0.03125000, 0.05000000, -0.02063571
-0.01250000, -0.03750000, 0.05000000, -0.02421535
-0.00625000, -0.04375000, 0.05000000, -0.02729385
0.00000000, -0.05000000, 0.05000000, -0.02770562
0.00625000, -0.05000000, 0.04375000, -0.01488941
0.01250000, -0.05000000, 0.03750000, -0.00555361
0.01875000, -0.05000000, 0.03125000, 0.00080682
0.02500000, -0.05000000, 0.02500000, 0.00448103
0.03125000, -0.05000000, 0.01875000, 0.00555365
0.03750000, -0.05000000, 0.01250000, 0.00405587
0.04375000, -0.05000000, 0.00625000, 0.00018024
0.05000000, -0.05000000, 0.00000000, -0.00585273
0.05000000, -0.04375000, -0.00625000, -0.00615914
0.05000000, -0.03750000, -0.01250000, -0.00814199
0.05000000, -0.03125000, -0.01875000, -0.01030040
0.05000000, -0.02500000, -0.02500000, -0.01224133
0.05000000, -0.01875000, -0.03125000, -0.01380598
0.05000000, -0.01250000, -0.03750000, -0.01485358
0.05000000, -0.00625000, -0.04375000, -0.01530310
0.06000000, 0.00000000, -0.06000000, -0.01270002
0.05250000, 0.00750000, -0.06000000, -0.01288930
0.04500000, 0.01500000, -0.06000000, -0.01250786
0.03750000, 0.02250000, -0.06000000, -0.01158105
0.03000000, 0.03000000, -0.06000000, -0.01018601
0.02250000, 0.03750000, -0.06000000, -0.00853220
0.01500000, 0.04500000, -0.06000000, -0.00675657
0.00750000, 0.05250000, -0.06000000, -0.00530444
0.00000000, 0.06000000, -0.06000000, -0.00584770
-0.00750000, 0.06000000, -0.05250000, -0.00197365
-0.01500000, 0.06000000, -0.04500000, 0.00085591
-0.02250000, 0.06000000, -0.03750000, 0.00192477
-0.03000000, 0.06000000, -0.03000000, 0.00097123
-0.03750000, 0.06000000, -0.02250000, -0.00217215
-0.04500000, 0.06000000, -0.01500000, -0.00764569
-0.05250000, 0.06000000, -0.00750000, -0.01581724
-0.06000000, 0.06000000, 0.00000000, -0.02773310
-0.06000000, 0.05250000, 0.00750000, -0.02790376
-0.06000000, 0.04500000, 0.01500000, -0.02515053
-0.06000000, 0.03750000, 0.02250000, -0.02177541
-0.06000000, 0.03000000, 0.03000000, -0.01842691
-0.06000000, 0.02250000, 0.03750000, -0.01537529
-0.06000000, 0.01500000, 0.04500000, -0.01293058
-0.06000000, 0.00750000, 0.05250000, -0.01129293
-0.06000000, 0.00000000, 0.06000000, -0.01078398
-0.05250000, -0.00750000, 0.06000000, -0.01129293
-0.04500000, -0.01500000, 0.06000000, -0.01293058
-0.03750000, -0.02250000, 0.06000000, -0.01537529
-0.03000000, -0.03000000, 0.06000000, -0.01842691
-0.02250000, -0.03750000, 0.06000000, -0.02177541
-0.01500000, -0.04500000, 0.06000000, -0.02515053
-0.00750000, -0.05250000, 0.06000000, -0.02790376
0.00000000, -0.06000000, 0.06000000, -0.02773310
0.00750000, -0.06000000, 0.05250000, -0.01581724
0.01500000, -0.06000000, 0.04500000, -0.00764569
0.02250000, -0.06000000, 0.03750000, -0.00217215
0.03000000, -0.06000000, 0.03000000, 0.00097123
0.03750000, -0.06000000, 0.02250000, 0.00192477
0.04500000, -0.06000000, 0.01500000, 0.00085591
0.05250000, -0.06000000, 0.00750000, -0.00197365
0.06000000, -0.06000000, 0.00000000, -0.00584770
0.06000000, -0.05250000, -0.00750000, -0.00530444
0.06000000, -0.04500000, -0.01500000, -0.00675657
0.06000000, -0.03750000, -0.02250000, -0.00853220
0.06000000, -0.03000000, -0.03000000, -0.01018601
0.06000000, -0.02250000, -0.03750000, -0.01158105
0.06000000, -0.01500000, -0.04500000, -0.01250786
0.06000000, -0.00750000, -0.05250000, -0.01288930
0.07000000, 0.00000000, -0.07000000, -0.01058863
0.06125000, 0.00875000, -0.07000000, -0.01080714
0.05250000, 0.01750000, -0.07000000, -0.01047568
0.04375000, 0.02625000, -0.07000000, -0.00963735
0.03500000, 0.03500000, -0.07000000, -0.00839282
0.02625000, 0.04375000, -0.07000000, -0.00695075
0.01750000, 0.05250000, -0.07000000, -0.00547427
0.00875000, 0.06125000, -0.07000000, -0.00443157
0.00000000, 0.07000000, -0.07000000, -0.00567541
-0.00875000, 0.07000000, -0.06125000, -0.00341272
-0.01750000, 0.07000000, -0.05250000, -0.00136488
-0.02625000, 0.07000000, -0.04375000, -0.00066393
-0.03500000, 0.07000000, -0.03500000, -0.00161704
-0.04375000, 0.07000000, -0.02625000, -0.00443335
-0.05250000, 0.07000000, -0.01750000, -0.00932409
-0.06125000, 0.07000000, -0.00875000, -0.01665308
-0.07000000, 0.07000000, 0.00000000, -0.02799502
-0.07000000, 0.06125000, 0.00875000, -0.02863938
-0.07000000, 0.05250000, 0.01750000, -0.02614923
-0.07000000, 0.04375000, 0.02625000, -0.02292384
-0.07000000, 0.03500000, 0.03500000, -0.01965127
-0.07000000, 0.02625000, 0.04375000, -0.01663336
-0.07000000, 0.01750000, 0.05250000, -0.01418447
-0.07000000, 0.00875000, 0.06125000, -0.01253829
-0.07000000, 0.00000000, 0.07000000, -0.01203513
-0.06125000, -0.00875000, 0.07000000, -0.01253829
-0.05250000, -0.01750000, 0.07000000, -0.01418447
-0.04375000, -0.02625000, 0.07000000, -0.01663336
-0.03500000, -0.03500000, 0.07000000, -0.01965127
-0.02625000, -0.04375000, 0.07000000, -0.02292384
-0.01750000, -0.05250000, 0.07000000, -0.02614923
-0.00875000, -0.06125000, 0.07000000, -0.02863938
0.00000000, -0.07000000, 0.07000000, -0.02799502
0.00875000, -0.07000000, 0.06125000, -0.01665308
0.01750000, -0.07000000, 0.05250000, -0.00932409
0.02625000, -0.07000000, 0.04375000, -0.00443335
0.03500000, -0.07000000, 0.03500000, -0.00161704
0.04375000, -0.07000000, 0.02625000, -0.00066393
0.05250000, -0.07000000, 0.01750000, -0.00136488
0.06125000, -0.07000000, 0.00875000, -0.00341272
0.07000000, -0.07000000, 0.00000000, -0.00567541
0.07000000, -0.06125000, -0.00875000, -0.00443157
0.07000000, -0.05250000, -0.01750000, -0.00547427
0.07000000, -0.04375000, -0.02625000, -0.00695075
0.07000000, -0.03500000, -0.03500000, -0.00839282
0.07000000, -0.02625000, -0.04375000, -0.00963735
0.07000000, -0.01750000, -0.05250000, -0.01047568
0.07000000, -0.00875000, -0.06125000, -0.01080714
0.08000000, 0.00000000, -0.08000000, -0.00878285
0.07000000, 0.01000000, -0.08000000, -0.00901024
0.06000000, 0.02000000, -0.08000000, -0.00870682
0.05000000, 0.03000000, -0.08000000, -0.00792967
0.04000000, 0.04000000, -0.08000000, -0.00680965
0.03000000, 0.05000000, -0.08000000, -0.00553254
0.02000000, 0.06000000, -0.08000000, -0.00430031
0.01000000, 0.07000000, -0.08000000, -0.00360194
0.00000000, 0.08000000, -0.08000000, -0.00543576
-0.01000000, 0.08000000, -0.07000000, -0.00441866
-0.02000000, 0.08000000, -0.06000000, -0.00300520
-0.03000000, 0.08000000, -0.05000000, -0.00261524
-0.04000000, 0.08000000, -0.04000000, -0.00360996
-0.05000000, 0.08000000, -0.03000000, -0.00621184
-0.06000000, 0.08000000, -0.02000000, -0.01069383
-0.07000000, 0.08000000, -0.01000000, -0.01743825
-0.08000000, 0.08000000, 0.00000000, -0.02836648
-0.08000000, 0.07000000, 0.01000000, -0.02942895
-0.08000000, 0.06000000, 0.02000000, -0.02715485
-0.08000000, 0.05000000, 0.03000000, -0.02404084
-0.08000000, 0.04000000, 0.04000000, -0.02081684
-0.08000000, 0.03000000, 0.05000000, -0.01780386
-0.08000000, 0.02000000, 0.06000000, -0.01532899
-0.08000000, 0.01000000, 0.07000000, -0.01365427
-0.08000000, 0.00000000, 0.08000000, -0.01314411
-0.07000000, -0.01000000, 0.08000000, -0.01365427
-0.06000000, -0.02000000, 0.08000000, -0.01532899
-0.05000000, -0.03000000, 0.08000000, -0.01780386
-0.04000000, -0.04000000, 0.08000000, -0.02081684
-0.03000000, -0.05000000, 0.08000000, -0.02404084
-0.02000000, -0.06000000, 0.08000000, -0.02715485
-0.01000000, -0.07000000, 0.08000000, -0.02942895
0.00000000, -0.08000000, 0.08000000, -0.02836648
0.01000000, -0.08000000, 0.07000000, -0.01743825
0.02000000, -0.08000000, 0.06000000, -0.01069383
0.03000000, -0.08000000, 0.05000000, -0.00621184
0.04000000, -0.08000000, 0.04000000, -0.00360996
0.05000000, -0.08000000, 0.03000000, -0.00261524
0.06000000, -0.08000000, 0.02000000, -0.00300520
0.07000000, -0.08000000, 0.01000000, -0.00441866
0.08000000, -0.08000000, 0.00000000, -0.00543576
0.08000000, -0.07000000, -0.01000000, -0.00360194
0.08000000, -0.06000000, -0.02000000, -0.00430031
0.08000000, -0.05000000, -0.03000000, -0.00553254
0.08000000, -0.04000000, -0.04000000, -0.00680965
0.08000000, -0.03000000, -0.05000000, -0.00792967
0.08000000, -0.02000000, -0.06000000, -0.00870682
0.08000000, -0.01000000, -0.07000000, -0.00901024
0.09000000, 0.00000000, -0.09000000, -0.00723656
0.07875000, 0.01125000, -0.09000000, -0.00746564
0.06750000, 0.02250000, -0.09000000, -0.00716685
0.05625000, 0.03375000, -0.09000000, -0.00642671
0.04500000, 0.04500000, -0.09000000, -0.00538982
0.03375000, 0.05625000, -0.09000000, -0.00425108
0.02250000, 0.06750000, -0.09000000, -0.00322677
0.01125000, 0.07875000, -0.09000000, -0.00283477
0.00000000, 0.09000000, -0.09000000, -0.00517393
-0.01125000, 0.09000000, -0.07875000, -0.00515577
-0.02250000, 0.09000000, -0.06750000, -0.00427934
-0.03375000, 0.09000000, -0.05625000, -0.00415297
-0.04500000, 0.09000000, -0.04500000, -0.00518592
-0.05625000, 0.09000000, -0.03375000, -0.00763988
-0.06750000, 0.09000000, -0.02250000, -0.01182274
-0.07875000, 0.09000000, -0.01125000, -0.01816966
-0.09000000, 0.09000000, 0.00000000, -0.02878220
-0.09000000, 0.07875000, 0.01125000, -0.03023236
-0.09000000, 0.06750000, 0.02250000, -0.02814036
-0.09000000, 0.05625000, 0.03375000, -0.02511174
-0.09000000, 0.04500000, 0.04500000, -0.02191691
-0.09000000, 0.03375000, 0.05625000, -0.01888950
-0.09000000, 0.02250000, 0.06750000, -0.01637746
-0.09000000, 0.01125000, 0.07875000, -0.01465772
-0.09000000, 0.00000000, 0.09000000, -0.01413003
-0.07875000, -0.01125000, 0.09000000, -0.01465772
-0.06750000, -0.02250000, 0.09000000, -0.01637746
-0.05625000, -0.03375000, 0.09000000, -0.01888950
-0.04500000, -0.04500000, 0.09000000, -0.02191691
-0.03375000, -0.05625000, 0.09000000, -0.02511174
-0.02250000, -0.06750000, 0.09000000, -0.02814036
-0.01125000, -0.07875000, 0.09000000, -0.03023236
0.00000000, -0.09000000, 0.09000000, -0.02878220
0.01125000, -0.09000000, 0.07875000, -0.01816966
0.02250000, -0.09000000, 0.06750000, -0.01182274
0.03375000, -0.09000000, 0.05625000, -0.00763988
0.04500000, -0.09000000, 0.04500000, -0.00518592
0.05625000, -0.09000000, 0.03375000, -0.00415297
0.06750000, -0.09000000, 0.02250000, -0.00427934
0.07875000, -0.09000000, 0.01125000, -0.00515577
0.09000000, -0.09000000, 0.00000000, -0.00517393
0.09000000, -0.07875000, -0.01125000, -0.00283477
0.09000000, -0.06750000, -0.02250000, -0.00322677
0.09000000, -0.05625000, -0.03375000, -0.00425108
0.09000000, -0.04500000, -0.04500000, -0.00538982
0.09000000, -0.03375000, -0.05625000, -0.00642671
0.09000000, -0.02250000, -0.06750000, -0.00716685
0.09000000, -0.01125000, -0.07875000, -0.00746564
0.10000000, 0.00000000, -0.10000000, -0.00589418
0.08750000, 0.01250000, -0.10000000, -0.00612010
0.07500000, 0.02500000, -0.10000000, -0.00581140
0.06250000, 0.03750000, -0.10000000, -0.00509219
0.05000000, 0.05000000, -0.10000000, -0.00410840
0.03750000, 0.06250000, -0.10000000, -0.00308602
0.02500000, 0.07500000, -0.10000000, -0.00224001
0.01250000, 0.08750000, -0.10000000, -0.00211953
0.00000000, 0.10000000, -0.10000000, -0.00490084
-0.01250000, 0.10000000, -0.08750000, -0.00570952
-0.02500000, 0.10000000, -0.07500000, -0.00529064
-0.03750000, 0.10000000, -0.06250000, -0.00539304
-0.05000000, 0.10000000, -0.05000000, -0.00646435
-0.06250000, 0.10000000, -0.03750000, -0.00881613
-0.07500000, 0.10000000, -0.02500000, -0.01277254
-0.08750000, 0.10000000, -0.01250000, -0.01882972
-0.10000000, 0.10000000, 0.00000000, -0.02920202
-0.10000000, 0.08750000, 0.01250000, -0.03101666
-0.10000000, 0.07500000, 0.02500000, -0.02908584
-0.10000000, 0.06250000, 0.03750000, -0.02612779
-0.10000000, 0.05000000, 0.05000000, -0.02294797
-0.10000000, 0.03750000, 0.06250000, -0.01989476
-0.10000000, 0.02500000, 0.07500000, -0.01733747
-0.10000000, 0.01250000, 0.08750000, -0.01556267
-0.10000000, 0.00000000, 0.10000000, -0.01500739
-0.08750000, -0.01250000, 0.10000000, -0.01556267
-0.07500000, -0.02500000, 0.10000000, -0.01733747
-0.06250000, -0.03750000, 0.10000000, -0.01989476
-0.05000000, -0.05000000, 0.10000000, -0.02294797
-0.03750000, -0.06250000, 0.10000000, -0.02612779
-0.02500000, -0.07500000, 0.10000000, -0.02908584
-0.01250000, -0.08750000, 0.10000000, -0.03101666
0.00000000, -0.10000000, 0.10000000, -0.02920202
0.01250000, -0.10000000, 0.08750000, -0.01882972
0.02500000, -0.10000000, 0.07500000, -0.01277254
0.03750000, -0.10000000, 0.06250000, -0.00881613
0.05000000, -0.10000000, 0.05000000, -0.00646435
0.06250000, -0.10000000, 0.03750000, -0.00539304
0.07500000, -0.10000000, 0.02500000, -0.00529064
0.08750000, -0.10000000, 0.01250000, -0.00570952
0.10000000, -0.10000000, 0.00000000, -0.00490084
0.10000000, -0.08750000, -0.01250000, -0.00211953
0.10000000, -0.07500000, -0.02500000, -0.00224001
0.10000000, -0.06250000, -0.03750000, -0.00308602
0.10000000, -0.05000000, -0.05000000, -0.00410840
0.10000000, -0.03750000, -0.06250000, -0.00509219
0.10000000, -0.02500000, -0.07500000, -0.00581140
0.10000000, -0.01250000, -0.08750000, -0.00612010
0.15000000, 0.00000000, -0.15000000, -0.00107733
0.13125000, 0.01875000, -0.15000000, -0.00120242
0.11250000, 0.03750000, -0.15000000, -0.00079030
0.09375000, 0.05625000, -0.15000000, -0.00007259
0.07500000, 0.07500000, -0.15000000, 0.00076056
0.05625000, 0.09375000, -0.15000000, 0.00145950
0.03750000, 0.11250000, -0.15000000, 0.00173023
0.01875000, 0.13125000, -0.15000000, 0.00092508
0.00000000, 0.15000000, -0.15000000, -0.00348945
-0.01875000, 0.15000000, -0.13125000, -0.00691607
-0.03750000, 0.15000000, -0.11250000, -0.00799244
-0.05625000, 0.15000000, -0.09375000, -0.00893323
-0.07500000, 0.15000000, -0.07500000, -0.01031414
-0.09375000, 0.15000000, -0.05625000, -0.01248239
-0.11250000, 0.15000000, -0.03750000, -0.01582568
-0.13125000, 0.15000000, -0.01875000, -0.02097505
-0.15000000, 0.15000000, 0.00000000, -0.03066660
-0.15000000, 0.13125000, 0.01875000, -0.03409557
-0.15000000, 0.11250000, 0.03750000, -0.03286624
-0.15000000, 0.09375000, 0.05625000, -0.03020503
-0.15000000, 0.07500000, 0.07500000, -0.02703412
-0.15000000, 0.05625000, 0.09375000, -0.02381268
-0.15000000, 0.03750000, 0.11250000, -0.02096884
-0.15000000, 0.01875000, 0.13125000, -0.01887155
-0.15000000, 0.00000000, 0.15000000, -0.01808076
-0.13125000, -0.01875000, 0.15000000, -0.01887155
-0.11250000, -0.03750000, 0.15000000, -0.02096884
-0.09375000, -0.05625000, 0.15000000, -0.02381268
-0.07500000, -0.07500000, 0.15000000, -0.02703412
-0.05625000, -0.09375000, 0.15000000, -0.03020503
-0.03750000, -0.11250000, 0.15000000, -0.03286624
-0.01875000, -0.13125000, 0.15000000, -0.03409557
0.00000000, -0.15000000, 0.15000000, -0.03066660
0.01875000, -0.15000000, 0.13125000, -0.02097505
0.03750000, -0.15000000, 0.11250000, -0.01582568
0.05625000, -0.15000000, 0.09375000, -0.01248239
0.07500000, -0.15000000, 0.07500000, -0.01031414
0.09375000, -0.15000000, 0.05625000, -0.00893323
0.11250000, -0.15000000, 0.03750000, -0.00799244
0.13125000, -0.15000000, 0.01875000, -0.00691607
0.15000000, -0.15000000, 0.00000000, -0.00348945
0.15000000, -0.13125000, -0.01875000, 0.00092508
0.15000000, -0.11250000, -0.03750000, 0.00173023
0.15000000, -0.09375000, -0.05625000, 0.00145950
0.15000000, -0.07500000, -0.07500000, 0.00076056
0.15000000, -0.05625000, -0.09375000, -0.00007259
0.15000000, -0.03750000, -0.11250000, -0.00079030
0.15000000, -0.01875000, -0.13125000, -0.00120242
0.20000000, 0.00000000, -0.20000000, 0.00177136
0.17500000, 0.02500000, -0.20000000, 0.00179591
0.15000000, 0.05000000, -0.20000000, 0.00237486
0.12500000, 0.07500000, -0.20000000, 0.00318813
0.10000000, 0.10000000, -0.20000000, 0.00402288
0.07500000, 0.12500000, -0.20000000, 0.00457380
0.05000000, 0.15000000, -0.20000000, 0.00452820
0.02500000, 0.17500000, -0.20000000, 0.00316890
0.00000000, 0.20000000, -0.20000000, -0.00219591
-0.02500000, 0.20000000, -0.17500000, -0.00680663
-0.05000000, 0.20000000, -0.15000000, -0.00867794
-0.07500000, 0.20000000, -0.12500000, -0.01012659
-0.10000000, 0.20000000, -0.10000000, -0.01172737
-0.12500000, 0.20000000, -0.07500000, -0.01385066
-0.15000000, 0.20000000, -0.05000000, -0.01686131
-0.17500000, 0.20000000, -0.02500000, -0.02141255
-0.20000000, 0.20000000, 0.00000000, -0.03033804
-0.20000000, 0.17500000, 0.02500000, -0.03519699
-0.20000000, 0.15000000, 0.05000000, -0.03466555
-0.20000000, 0.12500000, 0.07500000, -0.03233573
-0.20000000, 0.10000000, 0.10000000, -0.02924278
-0.20000000, 0.07500000, 0.12500000, -0.02591337
-0.20000000, 0.05000000, 0.15000000, -0.02282338
-0.20000000, 0.02500000, 0.17500000, -0.02037740
-0.20000000, 0.00000000, 0.20000000, -0.01921110
-0.17500000, -0.02500000, 0.20000000, -0.02037740
-0.15000000, -0.05000000, 0.20000000, -0.02282338
-0.12500000, -0.07500000, 0.20000000, -0.02591337
-0.10000000, -0.10000000, 0.20000000, -0.02924278
-0.07500000, -0.12500000, 0.20000000, -0.03233573
-0.05000000, -0.15000000, 0.20000000, -0.03466555
-0.02500000, -0.17500000, 0.20000000, -0.03519699
0.00000000, -0.20000000, 0.20000000, -0.03033804
0.02500000, -0.20000000, 0.17500000, -0.02141255
0.05000000, -0.20000000, 0.15000000, -0.01686131
0.07500000, -0.20000000, 0.12500000, -0.01385066
0.10000000, -0.20000000, 0.10000000, -0.01172737
0.12500000, -0.20000000, 0.07500000, -0.01012659
0.15000000, -0.20000000, 0.05000000, -0.00867794
0.17500000, -0.20000000, 0.02500000, -0.00680663
0.20000000, -0.20000000, 0.00000000, -0.00219591
0.20000000, -0.17500000, -0.02500000, 0.00316890
0.20000000, -0.15000000, -0.05000000, 0.00452820
0.20000000, -0.12500000, -0.07500000, 0.00457380
0.20000000, -0.10000000, -0.10000000, 0.00402288
0.20000000, -0.07500000, -0.12500000, 0.00318813
0.20000000, -0.05000000, -0.15000000, 0.00237486
0.20000000, -0.02500000, -0.17500000, 0.00179591
0.25000000, 0.00000000, -0.25000000, 0.00339902
0.21875000, 0.03125000, -0.25000000, 0.00362694
0.18750000, 0.06250000, -0.25000000, 0.00436466
0.15625000, 0.09375000, -0.25000000, 0.00527128
0.12500000, 0.12500000, -0.25000000, 0.00611508
0.09375000, 0.15625000, -0.25000000, 0.00659761
0.06250000, 0.18750000, -0.25000000, 0.00638004
0.03125000, 0.21875000, -0.25000000, 0.00473161
0.00000000, 0.25000000, -0.25000000, -0.00102818
-0.03125000, 0.25000000, -0.21875000, -0.00597098
-0.06250000, 0.25000000, -0.18750000, -0.00820985
-0.09375000, 0.25000000, -0.15625000, -0.00996363
-0.12500000, 0.25000000, -0.12500000, -0.01174399
-0.15625000, 0.25000000, -0.09375000, -0.01381721
-0.18750000, 0.25000000, -0.06250000, -0.01647303
-0.21875000, 0.25000000, -0.03125000, -0.02027776
-0.25000000, 0.25000000, 0.00000000, -0.02798459
-0.25000000, 0.21875000, 0.03125000, -0.03393388
-0.25000000, 0.18750000, 0.06250000, -0.03410842
-0.25000000, 0.15625000, 0.09375000, -0.03220397
-0.25000000, 0.12500000, 0.12500000, -0.02931798
-0.25000000, 0.09375000, 0.15625000, -0.02601194
-0.25000000, 0.06250000, 0.18750000, -0.02277501
-0.25000000, 0.03125000, 0.21875000, -0.02002013
-0.25000000, 0.00000000, 0.25000000, -0.01836213
-0.21875000, -0.03125000, 0.25000000, -0.02002013
-0.18750000, -0.06250000, 0.25000000, -0.02277501
-0.15625000, -0.09375000, 0.25000000, -0.02601194
-0.12500000, -0.12500000, 0.25000000, -0.02931798
-0.09375000, -0.15625000, 0.25000000, -0.03220397
-0.06250000, -0.18750000, 0.25000000, -0.03410842
-0.03125000, -0.21875000, 0.25000000, -0.03393388
0.00000000, -0.25000000, 0.25000000, -0.02798459
0.03125000, -0.25000000, 0.21875000, -0.02027776
0.06250000, -0.25000000, 0.18750000, -0.01647303
0.09375000, -0.25000000, 0.15625000, -0.01381721
0.12500000, -0.25000000, 0.12500000, -0.01174399
0.15625000, -0.25000000, 0.09375000, -0.00996363
0.18750000, -0.25000000, 0.06250000, -0.00820985
0.21875000, -0.25000000, 0.03125000, -0.00597098
0.25000000, -0.25000000, 0.00000000, -0.00102818
0.25000000, -0.21875000, -0.03125000, 0.00473161
0.25000000, -0.18750000, -0.06250000, 0.00638004
0.25000000, -0.15625000, -0.09375000, 0.00659761
0.25000000, -0.12500000, -0.12500000, 0.00611508
0.25000000, -0.09375000, -0.15625000, 0.00527128
0.25000000, -0.06250000, -0.18750000, 0.00436466
0.25000000, -0.03125000, -0.21875000, 0.00362694
0.30000000, 0.00000000, -0.30000000, 0.00394004
0.26250000, 0.03750000, -0.30000000, 0.00440735
0.22500000, 0.07500000, -0.30000000, 0.00529105
0.18750000, 0.11250000, -0.30000000, 0.00627099
0.15000000, 0.15000000, -0.30000000, 0.00712142
0.11250000, 0.18750000, -0.30000000, 0.00755636
0.07500000, 0.22500000, -0.30000000, 0.00725333
0.03750000, 0.26250000, -0.30000000, 0.00552356
0.00000000, 0.30000000, -0.30000000, -0.00010755
-0.03750000, 0.30000000, -0.26250000, -0.00476190
-0.07500000, 0.30000000, -0.22500000, -0.00707944
-0.11250000, 0.30000000, -0.18750000, -0.00897297
-0.15000000, 0.30000000, -0.15000000, -0.01081200
-0.18750000, 0.30000000, -0.11250000, -0.01275946
-0.22500000, 0.30000000, -0.07500000, -0.01499093
-0.26250000, 0.30000000, -0.03750000, -0.01791860
-0.30000000, 0.30000000, 0.00000000, -0.02394057
-0.30000000, 0.26250000, 0.03750000, -0.03045953
-0.30000000, 0.22500000, 0.07500000, -0.03121807
-0.30000000, 0.18750000, 0.11250000, -0.02977311
-0.30000000, 0.15000000, 0.15000000, -0.02720539
-0.30000000, 0.11250000, 0.18750000, -0.02406300
-0.30000000, 0.07500000, 0.22500000, -0.02081740
-0.30000000, 0.03750000, 0.26250000, -0.01784809
-0.30000000, 0.00000000, 0.30000000, -0.01569765
-0.26250000, -0.03750000, 0.30000000, -0.01784809
-0.22500000, -0.07500000, 0.30000000, -0.02081740
-0.18750000, -0.11250000, 0.30000000, -0.02406300
-0.15000000, -0.15000000, 0.30000000, -0.02720539
-0.11250000, -0.18750000, 0.30000000, -0.02977311
-0.07500000, -0.22500000, 0.30000000, -0.03121807
-0.03750000, -0.26250000, 0.30000000, -0.03045953
0.00000000, -0.30000000, 0.30000000, -0.02394057
0.03750000, -0.30000000, 0.26250000, -0.01791860
0.07500000, -0.30000000, 0.22500000, -0.01499093
0.11250000, -0.30000000, 0.18750000, -0.01275946
0.15000000, -0.30000000, 0.15000000, -0.01081200
0.18750000, -0.30000000, 0.11250000, -0.00897297
0.22500000, -0.30000000, 0.07500000, -0.00707944
0.26250000, -0.30000000, 0.03750000, -0.00476190
0.30000000, -0.30000000, 0.00000000, -0.00010755
0.30000000, -0.26250000, -0.03750000, 0.00552356
0.30000000, -0.22500000, -0.07500000, 0.00725333
0.30000000, -0.18750000, -0.11250000, 0.00755636
0.30000000, -0.15000000, -0.15000000, 0.00712142
0.30000000, -0.11250000, -0.18750000, 0.00627099
0.30000000, -0.07500000, -0.22500000, 0.00529105
0.30000000, -0.03750000, -0.26250000, 0.00440735
0.35000000, 0.00000000, -0.35000000, 0.00359069
0.30625000, 0.04375000, -0.35000000, 0.00427013
0.26250000, 0.08750000, -0.35000000, 0.00525387
0.21875000, 0.13125000, -0.35000000, 0.00625880
0.17500000, 0.17500000, -0.35000000, 0.00709164
0.13125000, 0.21875000, -0.35000000, 0.00748471
0.08750000, 0.26250000, -0.35000000, 0.00716549
0.04375000, 0.30625000, -0.35000000, 0.00553522
0.00000000, 0.35000000, -0.35000000, 0.00048922
-0.04375000, 0.35000000, -0.30625000, -0.00345749
-0.08750000, 0.35000000, -0.26250000, -0.00562700
-0.13125000, 0.35000000, -0.21875000, -0.00751096
-0.17500000, 0.35000000, -0.17500000, -0.00929850
-0.21875000, 0.35000000, -0.13125000, -0.01104117
-0.26250000, 0.35000000, -0.08750000, -0.01278190
-0.30625000, 0.35000000, -0.04375000, -0.01476087
-0.35000000, 0.35000000, 0.00000000, -0.01887362
-0.35000000, 0.30625000, 0.04375000, -0.02531336
-0.35000000, 0.26250000, 0.08750000, -0.02644126
-0.35000000, 0.21875000, 0.13125000, -0.02542705
-0.35000000, 0.17500000, 0.17500000, -0.02325013
-0.35000000, 0.13125000, 0.21875000, -0.02040769
-0.35000000, 0.08750000, 0.26250000, -0.01732323
-0.35000000, 0.04375000, 0.30625000, -0.01432218
-0.35000000, 0.00000000, 0.35000000, -0.01186654
-0.30625000, -0.04375000, 0.35000000, -0.01432218
-0.26250000, -0.08750000, 0.35000000, -0.01732323
-0.21875000, -0.13125000, 0.35000000, -0.02040769
-0.17500000, -0.17500000, 0.35000000, -0.02325013
-0.13125000, -0.21875000, 0.35000000, -0.02542705
-0.08750000, -0.26250000, 0.35000000, -0.02644126
-0.04375000, -0.30625000, 0.35000000, -0.02531336
0.00000000, -0.35000000, 0.35000000, -0.01887362
0.04375000, -0.35000000, 0.30625000, -0.01476087
0.08750000, -0.35000000, 0.26250000, -0.01278190
0.13125000, -0.35000000, 0.21875000, -0.01104117
0.17500000, -0.35000000, 0.17500000, -0.00929850
0.21875000, -0.35000000, 0.13125000, -0.00751096
0.26250000, -0.35000000, 0.08750000, -0.00562700
0.30625000, -0.35000000, 0.04375000, -0.00345749
0.35000000, -0.35000000, 0.00000000, 0.00048922
0.35000000, -0.30625000, -0.04375000, 0.00553522
0.35000000, -0.26250000, -0.08750000, 0.00716549
0.35000000, -0.21875000, -0.13125000, 0.00748471
0.35000000, -0.17500000, -0.17500000, 0.00709164
0.35000000, -0.13125000, -0.21875000, 0.00625880
0.35000000, -0.08750000, -0.26250000, 0.00525387
0.35000000, -0.04375000, -0.30625000, 0.00427013
0.40000000, 0.00000000, -0.40000000, 0.00271941
0.35000000, 0.05000000, -0.40000000, 0.00350780
0.30000000, 0.10000000, -0.40000000, 0.00449561
0.25000000, 0.15000000, -0.40000000, 0.00544920
0.20000000, 0.20000000, -0.40000000, 0.00620827
0.15000000, 0.25000000, -0.40000000, 0.00656145
0.10000000, 0.30000000, -0.40000000, 0.00628154
0.05000000, 0.35000000, -0.40000000, 0.00489507
0.00000000, 0.40000000, -0.40000000, 0.00075191
-0.05000000, 0.40000000, -0.35000000, -0.00227172
-0.10000000, 0.40000000, -0.30000000, -0.00412150
-0.15000000, 0.40000000, -0.25000000, -0.00586320
-0.20000000, 0.40000000, -0.20000000, -0.00752076
-0.25000000, 0.40000000, -0.15000000, -0.00899904
-0.30000000, 0.40000000, -0.10000000, -0.01022266
-0.35000000, 0.40000000, -0.05000000, -0.01128241
-0.40000000, 0.40000000, 0.00000000, -0.01359938
-0.40000000, 0.35000000, 0.05000000, -0.01933416
-0.40000000, 0.30000000, 0.10000000, -0.02058434
-0.40000000, 0.25000000, 0.15000000, -0.01992985
-0.40000000, 0.20000000, 0.20000000, -0.01818188
-0.40000000, 0.15000000, 0.25000000, -0.01576331
-0.40000000, 0.10000000, 0.30000000, -0.01302875
-0.40000000, 0.05000000, 0.35000000, -0.01025548
-0.40000000, 0.00000000, 0.40000000, -0.00783807
-0.35000000, -0.05000000, 0.40000000, -0.01025548
-0.30000000, -0.10000000, 0.40000000, -0.01302875
-0.25000000, -0.15000000, 0.40000000, -0.01576331
-0.20000000, -0.20000000, 0.40000000, -0.01818188
-0.15000000, -0.25000000, 0.40000000, -0.01992985
-0.10000000, -0.30000000, 0.40000000, -0.02058434
-0.05000000, -0.35000000, 0.40000000, -0.01933416
0.00000000, -0.40000000, 0.40000000, -0.01359938
0.05000000, -0.40000000, 0.35000000, -0.01128241
0.10000000, -0.40000000, 0.30000000, -0.01022266
0.15000000, -0.40000000, 0.25000000, -0.00899904
0.20000000, -0.40000000, 0.20000000, -0.00752076
0.25000000, -0.40000000, 0.15000000, -0.00586320
0.30000000, -0.40000000, 0.10000000, -0.00412150
0.35000000, -0.40000000, 0.05000000, -0.00227172
0.40000000, -0.40000000, 0.00000000, 0.00075191
0.40000000, -0.35000000, -0.05000000, 0.00489507
0.40000000, -0.30000000, -0.10000000, 0.00628154
0.40000000, -0.25000000, -0.15000000, 0.00656145
0.40000000, -0.20000000, -0.20000000, 0.00620827
0.40000000, -0.15000000, -0.25000000, 0.00544920
0.40000000, -0.10000000, -0.30000000, 0.00449561
0.40000000, -0.05000000, -0.35000000, 0.00350780
0.45000000, 0.00000000, -0.45000000, 0.00172285
0.39375000, 0.05625000, -0.45000000, 0.00247282
0.33750000, 0.11250000, -0.45000000, 0.00335382
0.28125000, 0.16875000, -0.45000000, 0.00417867
0.22500000, 0.22500000, -0.45000000, 0.00481705
0.16875000, 0.28125000, -0.45000000, 0.00511782
0.11250000, 0.33750000, -0.45000000, 0.00490406
0.05625000, 0.39375000, -0.45000000, 0.00383624
0.00000000, 0.45000000, -0.45000000, 0.00073501
-0.05625000, 0.45000000, -0.39375000, -0.00134582
-0.11250000, 0.45000000, -0.33750000, -0.00278315
-0.16875000, 0.45000000, -0.28125000, -0.00427612
-0.22500000, 0.45000000, -0.22500000, -0.00571959
-0.28125000, 0.45000000, -0.16875000, -0.00689662
-0.33750000, 0.45000000, -0.11250000, -0.00764180
-0.39375000, 0.45000000, -0.05625000, -0.00795664
-0.45000000, 0.45000000, 0.00000000, -0.00886721
-0.45000000, 0.39375000, 0.05625000, -0.01346183
-0.45000000, 0.33750000, 0.11250000, -0.01461359
-0.45000000, 0.28125000, 0.16875000, -0.01422664
-0.45000000, 0.22500000, 0.22500000, -0.01291361
-0.45000000, 0.16875000, 0.28125000, -0.01100753
-0.45000000, 0.11250000, 0.33750000, -0.00879001
-0.45000000, 0.05625000, 0.39375000, -0.00649442
-0.45000000, 0.00000000, 0.45000000, -0.00446149
-0.39375000, -0.05625000, 0.45000000, -0.00649442
-0.33750000, -0.11250000, 0.45000000, -0.00879001
-0.28125000, -0.16875000, 0.45000000, -0.01100753
-0.22500000, -0.22500000, 0.45000000, -0.01291361
-0.16875000, -0.28125000, 0.45000000, -0.01422664
-0.11250000, -0.33750000, 0.45000000, -0.01461359
-0.05625000, -0.39375000, 0.45000000, -0.01346183
0.00000000, -0.45000000, 0.45000000, -0.00886721
0.05625000, -0.45000000, 0.39375000, -0.00795664
0.11250000, -0.45000000, 0.33750000, -0.00764180
0.16875000, -0.45000000, 0.28125000, -0.00689662
0.22500000, -0.45000000, 0.22500000, -0.00571959
0.28125000, -0.45000000, 0.16875000, -0.00427612
0.33750000, -0.45000000, 0.11250000, -0.00278315
0.39375000, -0.45000000, 0.05625000, -0.00134582
0.45000000, -0.45000000, 0.00000000, 0.00073501
0.45000000, -0.39375000, -0.05625000, 0.00383624
0.45000000, -0.33750000, -0.11250000, 0.00490406
0.45000000, -0.28125000, -0.16875000, 0.00511782
0.45000000, -0.22500000, -0.22500000, 0.00481705
0.45000000, -0.16875000, -0.28125000, 0.00417867
0.45000000, -0.11250000, -0.33750000, 0.00335382
0.45000000, -0.05625000, -0.39375000, 0.00247282
0.50000000, 0.00000000, -0.50000000, 0.00090046
0.43750000, 0.06250000, -0.50000000, 0.00148914
0.37500000, 0.12500000, -0.50000000, 0.00217813
0.31250000, 0.18750000, -0.50000000, 0.00281832
0.25000000, 0.25000000, -0.50000000, 0.00331036
0.18750000, 0.31250000, -0.50000000, 0.00354232
0.12500000, 0.37500000, -0.50000000, 0.00339653
0.06250000, 0.43750000, -0.50000000, 0.00265236
0.00000000, 0.50000000, -0.50000000, 0.00055524
-0.06250000, 0.50000000, -0.43750000, -0.00071785
-0.12500000, 0.50000000, -0.37500000, -0.00173056
-0.18750000, 0.50000000, -0.31250000, -0.00291138
-0.25000000, 0.50000000, -0.25000000, -0.00407678
-0.31250000, 0.50000000, -0.18750000, -0.00494837
-0.37500000, 0.50000000, -0.12500000, -0.00530796
-0.43750000, 0.50000000, -0.06250000, -0.00513843
-0.50000000, 0.50000000, 0.00000000, -0.00516414
-0.50000000, 0.43750000, 0.06250000, -0.00845629
-0.50000000, 0.37500000, 0.12500000, -0.00936677
-0.50000000, 0.31250000, 0.18750000, -0.00915861
-0.50000000, 0.25000000, 0.25000000, -0.00825112
-0.50000000, 0.18750000, 0.31250000, -0.00688426
-0.50000000, 0.12500000, 0.37500000, -0.00527086
-0.50000000, 0.06250000, 0.43750000, -0.00359742
-0.50000000, 0.00000000, 0.50000000, -0.00214692
-0.43750000, -0.06250000, 0.50000000, -0.00359742
-0.37500000, -0.12500000, 0.50000000, -0.00527086
-0.31250000, -0.18750000, 0.50000000, -0.00688426
-0.25000000, -0.25000000, 0.50000000, -0.00825112
-0.18750000, -0.31250000, 0.50000000, -0.00915861
-0.12500000, -0.37500000, 0.50000000, -0.00936677
-0.06250000, -0.43750000, 0.50000000, -0.00845629
0.00000000, -0.50000000, 0.50000000, -0.00516414
0.06250000, -0.50000000, 0.43750000, -0.00513843
0.12500000, -0.50000000, 0.37500000, -0.00530796
0.18750000, -0.50000000, 0.31250000, -0.00494837
0.25000000, -0.50000000, 0.25000000, -0.00407678
0.31250000, -0.50000000, 0.18750000, -0.00291138
0.37500000, -0.50000000, 0.12500000, -0.00173056
0.43750000, -0.50000000, 0.06250000, -0.00071785
0.50000000, -0.50000000, 0.00000000, 0.00055524
0.50000000, -0.43750000, -0.06250000, 0.00265236
0.50000000, -0.37500000, -0.12500000, 0.00339653
0.50000000, -0.31250000, -0.18750000, 0.00354232
0.50000000, -0.25000000, -0.25000000, 0.00331036
0.50000000, -0.18750000, -0.31250000, 0.00281832
0.50000000, -0.12500000, -0.37500000, 0.00217813
0.50000000, -0.06250000, -0.43750000, 0.00148914
0.55000000, 0.00000000, -0.55000000, 0.00038032
0.48125000, 0.06875000, -0.55000000, 0.00076007
0.41250000, 0.13750000, -0.55000000, 0.00122373
0.34375000, 0.20625000, -0.55000000, 0.00165970
0.27500000, 0.27500000, -0.55000000, 0.00199791
0.20625000, 0.34375000, -0.55000000, 0.00215662
0.13750000, 0.41250000, -0.55000000, 0.00206810
0.06875000, 0.48125000, -0.55000000, 0.00160414
0.00000000, 0.55000000, -0.55000000, 0.00033943
-0.06875000, 0.55000000, -0.48125000, -0.00034322
-0.13750000, 0.55000000, -0.41250000, -0.00098156
-0.20625000, 0.55000000, -0.34375000, -0.00183833
-0.27500000, 0.55000000, -0.27500000, -0.00271275
-0.34375000, 0.55000000, -0.20625000, -0.00330939
-0.41250000, 0.55000000, -0.13750000, -0.00340207
-0.48125000, 0.55000000, -0.06875000, -0.00300405
-0.55000000, 0.55000000, 0.00000000, -0.00263725
-0.55000000, 0.48125000, 0.06875000, -0.00472142
-0.55000000, 0.41250000, 0.13750000, -0.00534445
-0.55000000, 0.34375000, 0.20625000, -0.00524531
-0.55000000, 0.27500000, 0.27500000, -0.00467977
-0.55000000, 0.20625000, 0.34375000, -0.00380578
-0.55000000, 0.13750000, 0.41250000, -0.00277246
-0.55000000, 0.06875000, 0.48125000, -0.00171756
-0.55000000, 0.00000000, 0.55000000, -0.00085050
-0.48125000, -0.06875000, 0.55000000, -0.00171756
-0.41250000, -0.13750000, 0.55000000, -0.00277246
-0.34375000, -0.20625000, 0.55000000, -0.00380578
-0.27500000, -0.27500000, 0.55000000, -0.00467977
-0.20625000, -0.34375000, 0.55000000, -0.00524531
-0.13750000, -0.41250000, 0.55000000, -0.00534445
-0.06875000, -0.48125000, 0.55000000, -0.00472142
0.00000000, -0.55000000, 0.55000000, -0.00263725
0.06875000, -0.55000000, 0.48125000, -0.00300405
0.13750000, -0.55000000, 0.41250000, -0.00340207
0.20625000, -0.55000000, 0.34375000, -0.00330939
0.27500000, -0.55000000, 0.27500000, -0.00271275
0.34375000, -0.55000000, 0.20625000, -0.00183833
0.41250000, -0.55000000, 0.13750000, -0.00098156
0.48125000, -0.55000000, 0.06875000, -0.00034322
0.55000000, -0.55000000, 0.00000000, 0.00033943
0.55000000, -0.48125000, -0.06875000, 0.00160414
0.55000000, -0.41250000, -0.13750000, 0.00206810
0.55000000, -0.34375000, -0.20625000, 0.00215662
0.55000000, -0.27500000, -0.27500000, 0.00199791
0.55000000, -0.20625000, -0.34375000, 0.00165970
0.55000000, -0.13750000, -0.41250000, 0.00122373
0.55000000, -0.06875000, -0.48125000, 0.00076007
0.60000000, 0.00000000, -0.60000000, 0.00012997
0.52500000, 0.07500000, -0.60000000, 0.00032849
0.45000000, 0.15000000, -0.60000000, 0.00058973
0.37500000, 0.22500000, -0.60000000, 0.00084277
0.30000000, 0.30000000, -0.60000000, 0.00104118
0.22500000, 0.37500000, -0.60000000, 0.00113666
0.15000000, 0.45000000, -0.60000000, 0.00109016
0.07500000, 0.52500000, -0.60000000, 0.00083727
0.00000000, 0.60000000, -0.60000000, 0.00016910
-0.07500000, 0.60000000, -0.52500000, -0.00014598
-0.15000000, 0.60000000, -0.45000000, -0.00049761
-0.22500000, 0.60000000, -0.37500000, -0.00106319
-0.30000000, 0.60000000, -0.30000000, -0.00167549
-0.37500000, 0.60000000, -0.22500000, -0.00205046
-0.45000000, 0.60000000, -0.15000000, -0.00199380
-0.52500000, 0.60000000, -0.07500000, -0.00156273
-0.60000000, 0.60000000, 0.00000000, -0.00114964
-0.60000000, 0.52500000, 0.07500000, -0.00229220
-0.60000000, 0.45000000, 0.15000000, -0.00265962
-0.60000000, 0.37500000, 0.22500000, -0.00262084
-0.60000000, 0.30000000, 0.30000000, -0.00231101
-0.60000000, 0.22500000, 0.37500000, -0.00182485
-0.60000000, 0.15000000, 0.45000000, -0.00125508
-0.60000000, 0.07500000, 0.52500000, -0.00069366
-0.60000000, 0.00000000, 0.60000000, -0.00026947
-0.52500000, -0.07500000, 0.60000000, -0.00069366
-0.45000000, -0.15000000, 0.60000000, -0.00125508
-0.37500000, -0.22500000, 0.60000000, -0.00182485
-0.30000000, -0.30000000, 0.60000000, -0.00231101
-0.22500000, -0.37500000, 0.60000000, -0.00262084
-0.15000000, -0.45000000, 0.60000000, -0.00265962
-0.07500000, -0.52500000, 0.60000000, -0.00229220
0.00000000, -0.60000000, 0.60000000, -0.00114964
0.07500000, -0.60000000, 0.52500000, -0.00156273
0.15000000, -0.60000000, 0.45000000, -0.00199380
0.22500000, -0.60000000, 0.37500000, -0.00205046
0.30000000, -0.60000000, 0.30000000, -0.00167549
0.37500000, -0.60000000, 0.22500000, -0.00106319
0.45000000, -0.60000000, 0.15000000, -0.00049761
0.52500000, -0.60000000, 0.07500000, -0.00014598
0.60000000, -0.60000000, 0.00000000, 0.00016910
0.60000000, -0.52500000, -0.07500000, 0.00083727
0.60000000, -0.45000000, -0.15000000, 0.00109016
0.60000000, -0.37500000, -0.22500000, 0.00113666
0.60000000, -0.30000000, -0.30000000, 0.00104118
0.60000000, -0.22500000, -0.37500000, 0.00084277
0.60000000, -0.15000000, -0.45000000, 0.00058973
0.60000000, -0.07500000, -0.52500000, 0.00032849
0.65000000, 0.00000000, -0.65000000, 0.00003909
0.56875000, 0.08125000, -0.65000000, 0.00012161
0.48750000, 0.16250000, -0.65000000, 0.00024077
0.40625000, 0.24375000, -0.65000000, 0.00036185
0.32500000, 0.32500000, -0.65000000, 0.00045670
0.24375000, 0.40625000, -0.65000000, 0.00050588
0.16250000, 0.48750000, -0.65000000, 0.00048525
0.08125000, 0.56875000, -0.65000000, 0.00036826
0.00000000, 0.65000000, -0.65000000, 0.00006658
-0.08125000, 0.65000000, -0.56875000, -0.00005656
-0.16250000, 0.65000000, -0.48750000, -0.00022014
-0.24375000, 0.65000000, -0.40625000, -0.00055503
-0.32500000, 0.65000000, -0.32500000, -0.00094941
-0.40625000, 0.65000000, -0.24375000, -0.00116238
-0.48750000, 0.65000000, -0.16250000, -0.00105268
-0.56875000, 0.65000000, -0.08125000, -0.00070651
-0.65000000, 0.65000000, 0.00000000, -0.00041178
-0.65000000, 0.56875000, 0.08125000, -0.00093835
-0.65000000, 0.48750000, 0.16250000, -0.00112162
-0.65000000, 0.40625000, 0.24375000, -0.00111132
-0.65000000, 0.32500000, 0.32500000, -0.00096714
-0.65000000, 0.24375000, 0.40625000, -0.00073923
-0.65000000, 0.16250000, 0.48750000, -0.00047669
-0.65000000, 0.08125000, 0.56875000, -0.00023224
-0.65000000, 0.00000000, 0.65000000, -0.00006793
-0.56875000, -0.08125000, 0.65000000, -0.00023224
-0.48750000, -0.16250000, 0.65000000, -0.00047669
-0.40625000, -0.24375000, 0.65000000, -0.00073923
-0.32500000, -0.32500000, 0.65000000, -0.00096714
-0.24375000, -0.40625000, 0.65000000, -0.00111132
-0.16250000, -0.48750000, 0.65000000, -0.00112162
-0.08125000, -0.56875000, 0.65000000, -0.00093835
0.00000000, -0.65000000, 0.65000000, -0.00041178
0.08125000, -0.65000000, 0.56875000, -0.00070651
0.16250000, -0.65000000, 0.48750000, -0.00105268
0.24375000, -0.65000000, 0.40625000, -0.00116238
0.32500000, -0.65000000, 0.32500000, -0.00094941
0.40625000, -0.65000000, 0.24375000, -0.00055503
0.48750000, -0.65000000, 0.16250000, -0.00022014
0.56875000, -0.65000000, 0.08125000, -0.00005656
0.65000000, -0.65000000, 0.00000000, 0.00006658
0.65000000, -0.56875000, -0.08125000, 0.00036826
0.65000000, -0.48750000, -0.16250000, 0.00048525
0.65000000, -0.40625000, -0.24375000, 0.00050588
0.65000000, -0.32500000, -0.32500000, 0.00045670
0.65000000, -0.24375000, -0.40625000, 0.00036185
0.65000000, -0.16250000, -0.48750000, 0.00024077
0.65000000, -0.08125000, -0.56875000, 0.00012161
0.70000000, 0.00000000, -0.70000000, 0.00000972
0.61250000, 0.08750000, -0.70000000, 0.00003718
0.52500000, 0.17500000, -0.70000000, 0.00008045
0.43750000, 0.26250000, -0.70000000, 0.00012715
0.35000000, 0.35000000, -0.70000000, 0.00016374
0.26250000, 0.43750000, -0.70000000, 0.00018348
0.17500000, 0.52500000, -0.70000000, 0.00017509
0.08750000, 0.61250000, -0.70000000, 0.00013000
0.00000000, 0.70000000, -0.70000000, 0.00001764
-0.08750000, 0.70000000, -0.61250000, -0.00002360
-0.17500000, 0.70000000, -0.52500000, -0.00008507
-0.26250000, 0.70000000, -0.43750000, -0.00025870
-0.35000000, 0.70000000, -0.35000000, -0.00048245
-0.43750000, 0.70000000, -0.26250000, -0.00058818
-0.52500000, 0.70000000, -0.17500000, -0.00048784
-0.61250000, 0.70000000, -0.08750000, -0.00026998
-0.70000000, 0.70000000, 0.00000000, -0.00011583
-0.70000000, 0.61250000, 0.08750000, -0.00031212
-0.70000000, 0.52500000, 0.17500000, -0.00038631
-0.70000000, 0.43750000, 0.26250000, -0.00038553
-0.70000000, 0.35000000, 0.35000000, -0.00033128
-0.70000000, 0.26250000, 0.43750000, -0.00024480
-0.70000000, 0.17500000, 0.52500000, -0.00014777
-0.70000000, 0.08750000, 0.61250000, -0.00006318
-0.70000000, 0.00000000, 0.70000000, -0.00001334
-0.61250000, -0.08750000, 0.70000000, -0.00006318
-0.52500000, -0.17500000, 0.70000000, -0.00014777
-0.43750000, -0.26250000, 0.70000000, -0.00024480
-0.35000000, -0.35000000, 0.70000000, -0.00033128
-0.26250000, -0.43750000, 0.70000000, -0.00038553
-0.17500000, -0.52500000, 0.70000000, -0.00038631
-0.08750000, -0.61250000, 0.70000000, -0.00031212
0.00000000, -0.70000000, 0.70000000, -0.00011583
0.08750000, -0.70000000, 0.61250000, -0.00026998
0.17500000, -0.70000000, 0.52500000, -0.00048784
0.26250000, -0.70000000, 0.43750000, -0.00058818
0.35000000, -0.70000000, 0.35000000, -0.00048245
0.43750000, -0.70000000, 0.26250000, -0.00025870
0.52500000, -0.70000000, 0.17500000, -0.00008507
0.61250000, -0.70000000, 0.08750000, -0.00002360
0.70000000, -0.70000000, 0.00000000, 0.00001764
0.70000000, -0.61250000, -0.08750000, 0.00013000
0.70000000, -0.52500000, -0.17500000, 0.00017509
0.70000000, -0.43750000, -0.26250000, 0.00018348
0.70000000, -0.35000000, -0.35000000, 0.00016374
0.70000000, -0.26250000, -0.43750000, 0.00012715
0.70000000, -0.17500000, -0.52500000, 0.00008045
0.70000000, -0.08750000, -0.61250000, 0.00003718
0.75000000, 0.00000000, -0.75000000, -0.00000240
0.65625000, 0.09375000, -0.75000000, 0.00000558
0.56250000, 0.18750000, -0.75000000, 0.00001916
0.46875000, 0.28125000, -0.75000000, 0.00003422
0.37500000, 0.37500000, -0.75000000, 0.00004726
0.28125000, 0.46875000, -0.75000000, 0.00005181
0.18750000, 0.56250000, -0.75000000, 0.00004781
0.09375000, 0.65625000, -0.75000000, 0.00003288
0.00000000, 0.75000000, -0.75000000, 0.00000027
-0.09375000, 0.75000000, -0.65625000, -0.00001288
-0.18750000, 0.75000000, -0.56250000, -0.00003065
-0.28125000, 0.75000000, -0.46875000, -0.00010659
-0.37500000, 0.75000000, -0.37500000, -0.00021196
-0.46875000, 0.75000000, -0.28125000, -0.00025545
-0.56250000, 0.75000000, -0.18750000, -0.00019026
-0.65625000, 0.75000000, -0.09375000, -0.00008498
-0.75000000, 0.75000000, 0.00000000, -0.00002507
-0.75000000, 0.65625000, 0.09375000, -0.00008198
-0.75000000, 0.56250000, 0.18750000, -0.00010448
-0.75000000, 0.46875000, 0.28125000, -0.00010473
-0.75000000, 0.37500000, 0.37500000, -0.00008935
-0.75000000, 0.28125000, 0.46875000, -0.00006394
-0.75000000, 0.18750000, 0.56250000, -0.00003663
-0.75000000, 0.09375000, 0.65625000, -0.00001297
-0.75000000, 0.00000000, 0.75000000, 0.00000056
-0.65625000, -0.09375000, 0.75000000, -0.00001297
-0.56250000, -0.18750000, 0.75000000, -0.00003663
-0.46875000, -0.28125000, 0.75000000, -0.00006394
-0.37500000, -0.37500000, 0.75000000, -0.00008935
-0.28125000, -0.46875000, 0.75000000, -0.00010473
-0.18750000, -0.56250000, 0.75000000, -0.00010448
-0.09375000, -0.65625000, 0.75000000, -0.00008198
0.00000000, -0.75000000, 0.75000000, -0.00002507
0.09375000, -0.75000000, 0.65625000, -0.00008498
0.18750000, -0.75000000, 0.56250000, -0.00019026
0.28125000, -0.75000000, 0.46875000, -0.00025545
0.37500000, -0.75000000, 0.37500000, -0.00021196
0.46875000, -0.75000000, 0.28125000, -0.00010659
0.56250000, -0.75000000, 0.18750000, -0.00003065
0.65625000, -0.75000000, 0.09375000, -0.00001288
0.75000000, -0.75000000, 0.00000000, 0.00000027
0.75000000, -0.65625000, -0.09375000, 0.00003288
0.75000000, -0.56250000, -0.18750000, 0.00004781
0.75000000, -0.46875000, -0.28125000, 0.00005181
0.75000000, -0.37500000, -0.37500000, 0.00004726
0.75000000, -0.28125000, -0.46875000, 0.00003422
0.75000000, -0.18750000, -0.56250000, 0.00001916
0.75000000, -0.09375000, -0.65625000, 0.00000558
0.80000000, 0.00000000, -0.80000000, -0.00000338
0.70000000, 0.10000000, -0.80000000, -0.00000191
0.60000000, 0.20000000, -0.80000000, 0.00000192
0.50000000, 0.30000000, -0.80000000, 0.00000605
0.40000000, 0.40000000, -0.80000000, 0.00001054
0.30000000, 0.50000000, -0.80000000, 0.00001056
0.20000000, 0.60000000, -0.80000000, 0.00000884
0.10000000, 0.70000000, -0.80000000, 0.00000475
0.00000000, 0.80000000, -0.80000000, -0.00000159
-0.10000000, 0.80000000, -0.70000000, -0.00000615
-0.20000000, 0.80000000, -0.60000000, -0.00000970
-0.30000000, 0.80000000, -0.50000000, -0.00003640
-0.40000000, 0.80000000, -0.40000000, -0.00007732
-0.50000000, 0.80000000, -0.30000000, -0.00009156
-0.60000000, 0.80000000, -0.20000000, -0.00005958
-0.70000000, 0.80000000, -0.10000000, -0.00002101
-0.80000000, 0.80000000, 0.00000000, -0.00000381
-0.80000000, 0.70000000, 0.10000000, -0.00001583
-0.80000000, 0.60000000, 0.20000000, -0.00002038
-0.80000000, 0.50000000, 0.30000000, -0.00002035
-0.80000000, 0.40000000, 0.40000000, -0.00001735
-0.80000000, 0.30000000, 0.50000000, -0.00001193
-0.80000000, 0.20000000, 0.60000000, -0.00000645
-0.80000000, 0.10000000, 0.70000000, -0.00000120
-0.80000000, 0.00000000, 0.80000000, 0.00000199
-0.70000000, -0.10000000, 0.80000000, -0.00000120
-0.60000000, -0.20000000, 0.80000000, -0.00000645
-0.50000000, -0.30000000, 0.80000000, -0.00001193
-0.40000000, -0.40000000, 0.80000000, -0.00001735
-0.30000000, -0.50000000, 0.80000000, -0.00002035
-0.20000000, -0.60000000, 0.80000000, -0.00002038
-0.10000000, -0.70000000, 0.80000000, -0.00001583
0.00000000, -0.80000000, 0.80000000, -0.00000381
0.10000000, -0.80000000, 0.70000000, -0.00002101
0.20000000, -0.80000000, 0.60000000, -0.00005958
0.30000000, -0.80000000, 0.50000000, -0.00009156
0.40000000, -0.80000000, 0.40000000, -0.00007732
0.50000000, -0.80000000, 0.30000000, -0.00003640
0.60000000, -0.80000000, 0.20000000, -0.00000970
0.70000000, -0.80000000, 0.10000000, -0.00000615
0.80000000, -0.80000000, 0.00000000, -0.00000159
0.80000000, -0.70000000, -0.10000000, 0.00000475
0.80000000, -0.60000000, -0.20000000, 0.00000884
0.80000000, -0.50000000, -0.30000000, 0.00001056
0.80000000, -0.40000000, -0.40000000, 0.00001054
0.80000000, -0.30000000, -0.50000000, 0.00000605
0.80000000, -0.20000000, -0.60000000, 0.00000192
0.80000000, -0.10000000, -0.70000000, -0.00000191
0.85000000, 0.00000000, -0.85000000, 0.00000256
0.74375000, 0.10625000, -0.85000000, 0.00000154
0.63750000, 0.21250000, -0.85000000, 0.00000099
0.53125000, 0.31875000, -0.85000000, 0.00000084
0.42500000, 0.42500000, -0.85000000, 0.00000027
0.31875000, 0.53125000, -0.85000000, 0.00000087
0.21250000, 0.63750000, -0.85000000, 0.00000113
0.10625000, 0.74375000, -0.85000000, 0.00000130
0.00000000, 0.85000000, -0.85000000, 0.00000104
-0.10625000, 0.85000000, -0.74375000, -0.00000024
-0.21250000, 0.85000000, -0.63750000, -0.00000003
-0.31875000, 0.85000000, -0.53125000, -0.00000726
-0.42500000, 0.85000000, -0.42500000, -0.00002313
-0.53125000, 0.85000000, -0.31875000, -0.00002730
-0.63750000, 0.85000000, -0.21250000, -0.00001526
-0.74375000, 0.85000000, -0.10625000, -0.00000249
-0.85000000, 0.85000000, 0.00000000, 0.00000092
-0.85000000, 0.74375000, 0.10625000, 0.00000061
-0.85000000, 0.63750000, 0.21250000, -0.00000026
-0.85000000, 0.53125000, 0.31875000, -0.00000075
-0.85000000, 0.42500000, 0.42500000, -0.00000043
-0.85000000, 0.31875000, 0.53125000, -0.00000010
-0.85000000, 0.21250000, 0.63750000, 0.00000035
-0.85000000, 0.10625000, 0.74375000, -0.00000032
-0.85000000, 0.00000000, 0.85000000, -0.00000167
-0.74375000, -0.10625000, 0.85000000, -0.00000032
-0.63750000, -0.21250000, 0.85000000, 0.00000035
-0.53125000, -0.31875000, 0.85000000, -0.00000010
-0.42500000, -0.42500000, 0.85000000, -0.00000043
-0.31875000, -0.53125000, 0.85000000, -0.00000075
-0.21250000, -0.63750000, 0.85000000, -0.00000026
-0.10625000, -0.74375000, 0.85000000, 0.00000061
0.00000000, -0.85000000, 0.85000000, 0.00000092
0.10625000, -0.85000000, 0.74375000, -0.00000249
0.21250000, -0.85000000, 0.63750000, -0.00001526
0.31875000, -0.85000000, 0.53125000, -0.00002730
0.42500000, -0.85000000, 0.42500000, -0.00002313
0.53125000, -0.85000000, 0.31875000, -0.00000726
0.63750000, -0.85000000, 0.21250000, -0.00000003
0.74375000, -0.85000000, 0.10625000, -0.00000024
0.85000000, -0.85000000, 0.00000000, 0.00000104
0.85000000, -0.74375000, -0.10625000, 0.00000130
0.85000000, -0.63750000, -0.21250000, 0.00000113
0.85000000, -0.53125000, -0.31875000, 0.00000087
0.85000000, -0.42500000, -0.42500000, 0.00000027
0.85000000, -0.31875000, -0.53125000, 0.00000084
0.85000000, -0.21250000, -0.63750000, 0.00000099
0.85000000, -0.10625000, -0.74375000, 0.00000154
0.90000000, 0.00000000, -0.90000000, 0.00000219
0.78750000, 0.11250000, -0.90000000, 0.00000199
0.67500000, 0.22500000, -0.90000000, 0.00000117
0.56250000, 0.33750000, -0.90000000, 0.00000053
0.45000000, 0.45000000, -0.90000000, -0.00000069
0.33750000, 0.56250000, -0.90000000, -0.00000015
0.22500000, 0.67500000, -0.90000000, 0.00000026
0.11250000, 0.78750000, -0.90000000, 0.00000083
0.00000000, 0.90000000, -0.90000000, 0.00000070
-0.11250000, 0.90000000, -0.78750000, 0.00000058
-0.22500000, 0.90000000, -0.67500000, 0.00000109
-0.33750000, 0.90000000, -0.56250000, -0.00000016
-0.45000000, 0.90000000, -0.45000000, -0.00000468
-0.56250000, 0.90000000, -0.33750000, -0.00000559
-0.67500000, 0.90000000, -0.22500000, -0.00000274
-0.78750000, 0.90000000, -0.11250000, 0.00000053
-0.90000000, 0.90000000, 0.00000000, 0.00000035
-0.90000000, 0.78750000, 0.11250000, 0.00000118
-0.90000000, 0.67500000, 0.22500000, 0.00000093
-0.90000000, 0.56250000, 0.33750000, 0.00000058
-0.90000000, 0.45000000, 0.45000000, 0.00000054
-0.90000000, 0.33750000, 0.56250000, 0.00000029
-0.90000000, 0.22500000, 0.67500000, 0.00000020
-0.90000000, 0.11250000, 0.78750000, -0.00000053
-0.90000000, 0.00000000, 0.90000000, -0.00000130
-0.78750000, -0.11250000, 0.90000000, -0.00000053
-0.67500000, -0.22500000, 0.90000000, 0.00000020
-0.56250000, -0.33750000, 0.90000000, 0.00000029
-0.45000000, -0.45000000, 0.90000000, 0.00000054
-0.33750000, -0.56250000, 0.90000000, 0.00000058
-0.22500000, -0.67500000, 0.90000000, 0.00000093
-0.11250000, -0.78750000, 0.90000000, 0.00000118
0.00000000, -0.90000000, 0.90000000, 0.00000035
0.11250000, -0.90000000, 0.78750000, 0.00000053
0.22500000, -0.90000000, 0.67500000, -0.00000274
0.33750000, -0.90000000, 0.56250000, -0.00000559
0.45000000, -0.90000000, 0.45000000, -0.00000468
0.56250000, -0.90000000, 0.33750000, -0.00000016
0.67500000, -0.90000000, 0.22500000, 0.00000109
0.78750000, -0.90000000, 0.11250000, 0.00000058
0.90000000, -0.90000000, 0.00000000, 0.00000070
0.90000000, -0.78750000, -0.11250000, 0.00000083
0.90000000, -0.67500000, -0.22500000, 0.00000026
0.90000000, -0.56250000, -0.33750000, -0.00000015
0.90000000, -0.45000000, -0.45000000, -0.00000069
0.90000000, -0.33750000, -0.56250000, 0.00000053
0.90000000, -0.22500000, -0.67500000, 0.00000117
0.90000000, -0.11250000, -0.78750000, 0.00000199
0.95000000, 0.00000000, -0.95000000, -0.00000268
0.83125000, 0.11875000, -0.95000000, -0.00000185
0.71250000, 0.23750000, -0.95000000, -0.00000088
0.59375000, 0.35625000, -0.95000000, -0.00000016
0.47500000, 0.47500000, -0.95000000, 0.00000099
0.35625000, 0.59375000, -0.95000000, 0.00000042
0.23750000, 0.71250000, -0.95000000, -0.00000007
0.11875000, 0.83125000, -0.95000000, -0.00000073
0.00000000, 0.95000000, -0.95000000, -0.00000114
-0.11875000, 0.95000000, -0.83125000, -0.00000122
-0.23750000, 0.95000000, -0.71250000, -0.00000152
-0.35625000, 0.95000000, -0.59375000, -0.00000132
-0.47500000, 0.95000000, -0.47500000, 0.00000087
-0.59375000, 0.95000000, -0.35625000, 0.00000138
-0.71250000, 0.95000000, -0.23750000, 0.00000100
-0.83125000, 0.95000000, -0.11875000, -0.00000077
-0.95000000, 0.95000000, 0.00000000, -0.00000086
-0.95000000, 0.83125000, 0.11875000, -0.00000185
-0.95000000, 0.71250000, 0.23750000, -0.00000163
-0.95000000, 0.59375000, 0.35625000, -0.00000127
-0.95000000, 0.47500000, 0.47500000, -0.00000122
-0.95000000, 0.35625000, 0.59375000, -0.00000087
-0.95000000, 0.23750000, 0.71250000, -0.00000060
-0.95000000, 0.11875000, 0.83125000, 0.00000050
-0.95000000, 0.00000000, 0.95000000, 0.00000173
-0.83125000, -0.11875000, 0.95000000, 0.00000050
-0.71250000, -0.23750000, 0.95000000, -0.00000060
-0.59375000, -0.35625000, 0.95000000, -0.00000087
-0.47500000, -0.47500000, 0.95000000, -0.00000122
-0.35625000, -0.59375000, 0.95000000, -0.00000127
-0.23750000, -0.71250000, 0.95000000, -0.00000163
-0.11875000, -0.83125000, 0.95000000, -0.00000185
0.00000000, -0.95000000, 0.95000000, -0.00000086
0.11875000, -0.95000000, 0.83125000, -0.00000077
0.23750000, -0.95000000, 0.71250000, 0.00000100
0.35625000, -0.95000000, 0.59375000, 0.00000138
0.47500000, -0.95000000, 0.47500000, 0.00000087
0.59375000, -0.95000000, 0.35625000, -0.00000132
0.71250000, -0.95000000, 0.23750000, -0.00000152
0.83125000, -0.95000000, 0.11875000, -0.00000122
0.95000000, -0.95000000, 0.00000000, -0.00000114
0.95000000, -0.83125000, -0.11875000, -0.00000073
0.95000000, -0.71250000, -0.23750000, -0.00000007
0.95000000, -0.59375000, -0.35625000, 0.00000042
0.95000000, -0.47500000, -0.47500000, 0.00000099
0.95000000, -0.35625000, -0.59375000, -0.00000016
0.95000000, -0.23750000, -0.71250000, -0.00000088
0.95000000, -0.11875000, -0.83125000, -0.00000185
1.00000000, 0.00000000, -1.00000000, 0.00000000
0.87500000, 0.12500000, -1.00000000, 0.00000000
0.75000000, 0.25000000, -1.00000000, 0.00000000
0.62500000, 0.37500000, -1.00000000, 0.00000000
0.50000000, 0.50000000, -1.00000000, 0.00000000
0.37500000, 0.62500000, -1.00000000, 0.00000000
0.25000000, 0.75000000, -1.00000000, 0.00000000
0.12500000, 0.87500000, -1.00000000, 0.00000000
0.00000000, 1.00000000, -1.00000000, 0.00000000
-0.12500000, 1.00000000, -0.87500000, 0.00000000
-0.25000000, 1.00000000, -0.75000000, 0.00000000
-0.37500000, 1.00000000, -0.62500000, 0.00000000
-0.50000000, 1.00000000, -0.50000000, 0.00000000
-0.62500000, 1.00000000, -0.37500000, 0.00000000
-0.75000000, 1.00000000, -0.25000000, 0.00000000
-0.87500000, 1.00000000, -0.12500000, 0.00000000
-1.00000000, 1.00000000, 0.00000000, 0.00000000
-1.00000000, 0.87500000, 0.12500000, 0.00000000
-1.00000000, 0.75000000, 0.25000000, 0.00000000
-1.00000000, 0.62500000, 0.37500000, 0.00000000
-1.00000000, 0.50000000, 0.50000000, 0.00000000
-1.00000000, 0.37500000, 0.62500000, 0.00000000
-1.00000000, 0.25000000, 0.75000000, 0.00000000
-1.00000000, 0.12500000, 0.87500000, 0.00000000
-1.00000000, 0.00000000, 1.00000000, 0.00000000
-0.87500000, -0.12500000, 1.00000000, 0.00000000
-0.75000000, -0.25000000, 1.00000000, 0.00000000
-0.62500000, -0.37500000, 1.00000000, 0.00000000
-0.50000000, -0.50000000, 1.00000000, 0.00000000
-0.37500000, -0.62500000, 1.00000000, 0.00000000
-0.25000000, -0.75000000, 1.00000000, 0.00000000
-0.12500000, -0.87500000, 1.00000000, 0.00000000
0.00000000, -1.00000000, 1.00000000, 0.00000000
0.12500000, -1.00000000, 0.87500000, 0.00000000
0.25000000, -1.00000000, 0.75000000, 0.00000000
0.37500000, -1.00000000, 0.62500000, 0.00000000
0.50000000, -1.00000000, 0.50000000, 0.00000000
0.62500000, -1.00000000, 0.37500000, 0.00000000
0.75000000, -1.00000000, 0.25000000, 0.00000000
0.87500000, -1.00000000, 0.12500000, 0.00000000
1.00000000, -1.00000000, 0.00000000, 0.00000000
1.00000000, -0.87500000, -0.12500000, 0.00000000
1.00000000, -0.75000000, -0.25000000, 0.00000000
1.00000000, -0.62500000, -0.37500000, 0.00000000
1.00000000, -0.50000000, -0.50000000, 0.00000000
1.00000000, -0.37500000, -0.62500000, 0.00000000
1.00000000, -0.25000000, -0.75000000, 0.00000000
1.00000000, -0.12500000, -0.87500000, 0.00000000
