0.01000000, 0.00000000, -0.01000000, -0.06262548
0.00000000, 0.01000000, -0.01000000, -0.07299664
-0.00125000, 0.01000000, -0.00875000, -0.00889379
-0.00250000, 0.01000000, -0.00750000, 0.05435201
-0.00375000, 0.01000000, -0.00625000, 0.10112024
-0.00500000, 0.01000000, -0.00500000, 0.13301472
-0.00625000, 0.01000000, -0.00375000, 0.14323404
-0.00750000, 0.01000000, -0.00250000, 0.12991804
-0.00875000, 0.01000000, -0.00125000, 0.08917709
-0.01000000, 0.01000000, 0.00000000, 0.00853907
-0.01000000, 0.00875000, 0.00125000, -0.00257230
-0.01000000, 0.00750000, 0.00250000, -0.00341144
-0.01000000, 0.00625000, 0.00375000, -0.00246651
-0.01000000, 0.00500000, 0.00500000, -0.00100481
-0.01000000, 0.00375000, 0.00625000, 0.00033470
-0.01000000, 0.00250000, 0.00750000, 0.00118183
-0.01000000, 0.00125000, 0.00875000, 0.00148307
-0.01000000, 0.00000000, 0.01000000, 0.00125255
0.00000000, -0.01000000, 0.01000000, 0.00853907
0.00125000, -0.01000000, 0.00875000, 0.08917709
0.00250000, -0.01000000, 0.00750000, 0.12991804
0.00375000, -0.01000000, 0.00625000, 0.14323404
0.00500000, -0.01000000, 0.00500000, 0.13301472
0.00625000, -0.01000000, 0.00375000, 0.10112024
0.00750000, -0.01000000, 0.00250000, 0.05435201
0.00875000, -0.01000000, 0.00125000, -0.00889379
0.01000000, -0.01000000, 0.00000000, -0.07299664
0.01000000, -0.00875000, -0.00125000, -0.06551979
0.01000000, -0.00750000, -0.00250000, -0.06457788
0.01000000, -0.00625000, -0.00375000, -0.06605023
0.01000000, -0.00500000, -0.00500000, -0.06556864
0.01000000, -0.00375000, -0.00625000, -0.06636511
0.01000000, -0.00250000, -0.00750000, -0.06466541
0.01000000, -0.00125000, -0.00875000, -0.06426320
0.02000000, 0.00000000, -0.02000000, -0.04420624
0.01750000, 0.00250000, -0.02000000, -0.04516017
0.01500000, 0.00500000, -0.02000000, -0.04563599
0.01250000, 0.00750000, -0.02000000, -0.04569446
0.01000000, 0.01000000, -0.02000000, -0.04488989
0.00750000, 0.01250000, -0.02000000, -0.04428271
0.00500000, 0.01500000, -0.02000000, -0.04265424
0.00250000, 0.01750000, -0.02000000, -0.04172007
0.00000000, 0.02000000, -0.02000000, -0.04387411
-0.00250000, 0.02000000, -0.01750000, -0.01208885
-0.00500000, 0.02000000, -0.01500000, 0.01735354
-0.00750000, 0.02000000, -0.01250000, 0.03985466
-0.01000000, 0.02000000, -0.01000000, 0.05331711
-0.01250000, 0.02000000, -0.00750000, 0.05576871
-0.01500000, 0.02000000, -0.00500000, 0.04767862
-0.01750000, 0.02000000, -0.00250000, 0.02509450
-0.02000000, 0.02000000, 0.00000000, -0.01659002
-0.02000000, 0.01750000, 0.00250000, -0.02065477
-0.02000000, 0.01500000, 0.00500000, -0.01899358
-0.02000000, 0.01250000, 0.00750000, -0.01635442
-0.02000000, 0.01000000, 0.01000000, -0.01356121
-0.02000000, 0.00750000, 0.01250000, -0.01104161
-0.02000000, 0.00500000, 0.01500000, -0.00909946
-0.02000000, 0.00250000, 0.01750000, -0.00786543
-0.02000000, 0.00000000, 0.02000000, -0.00750450
-0.01750000, -0.00250000, 0.02000000, -0.00786543
-0.01500000, -0.00500000, 0.02000000, -0.00909946
-0.01250000, -0.00750000, 0.02000000, -0.01104161
-0.01000000, -0.01000000, 0.02000000, -0.01356121
-0.00750000, -0.01250000, 0.02000000, -0.01635442
-0.00500000, -0.01500000, 0.02000000, -0.01899358
-0.00250000, -0.01750000, 0.02000000, -0.02065477
0.00000000, -0.02000000, 0.02000000, -0.01659002
0.00250000, -0.02000000, 0.01750000, 0.02509450
0.00500000, -0.02000000, 0.01500000, 0.04767862
0.00750000, -0.02000000, 0.01250000, 0.05576871
0.01000000, -0.02000000, 0.01000000, 0.05331711
0.01250000, -0.02000000, 0.00750000, 0.03985466
0.01500000, -0.02000000, 0.00500000, 0.01735354
0.01750000, -0.02000000, 0.00250000, -0.01208885
0.02000000, -0.02000000, 0.00000000, -0.04387411
0.02000000, -0.01750000, -0.00250000, -0.04172007
0.02000000, -0.01500000, -0.00500000, -0.04265424
0.02000000, -0.01250000, -0.00750000, -0.04428271
0.02000000, -0.01000000, -0.01000000, -0.04488989
0.02000000, -0.00750000, -0.01250000, -0.04569446
0.02000000, -0.00500000, -0.01500000, -0.04563599
0.02000000, -0.00250000, -0.01750000, -0.04516017
0.03000000, 0.00000000, -0.03000000, -0.03576642
0.02625000, 0.00375000, -0.03000000, -0.03660449
0.02250000, 0.00750000, -0.03000000, -0.03702886
0.01875000, 0.01125000, -0.03000000, -0.03707922
0.01500000, 0.01500000, -0.03000000, -0.03663306
0.01125000, 0.01875000, -0.03000000, -0.03576997
0.00750000, 0.02250000, -0.03000000, -0.03453261
0.00375000, 0.02625000, -0.03000000, -0.03372693
0.00000000, 0.03000000, -0.03000000, -0.03528532
-0.00375000, 0.03000000, -0.02625000, -0.01504792
-0.00750000, 0.03000000, -0.02250000, 0.00386028
-0.01125000, 0.03000000, -0.01875000, 0.01819157
-0.01500000, 0.03000000, -0.01500000, 0.02645648
-0.01875000, 0.03000000, -0.01125000, 0.02784900
-0.02250000, 0.03000000, -0.00750000, 0.02170913
-0.02625000, 0.03000000, -0.00375000, 0.00576091
-0.03000000, 0.03000000, 0.00000000, -0.02328813
-0.03000000, 0.02625000, 0.00375000, -0.02564338
-0.03000000, 0.02250000, 0.00750000, -0.02343836
-0.03000000, 0.01875000, 0.01125000, -0.02044081
-0.03000000, 0.01500000, 0.01500000, -0.01737335
-0.03000000, 0.01125000, 0.01875000, -0.01455602
-0.03000000, 0.00750000, 0.02250000, -0.01233486
-0.03000000, 0.00375000, 0.02625000, -0.01082786
-0.03000000, 0.00000000, 0.03000000, -0.01032227
-0.02625000, -0.00375000, 0.03000000, -0.01082786
-0.02250000, -0.00750000, 0.03000000, -0.01233486
-0.01875000, -0.01125000, 0.03000000, -0.01455602
-0.01500000, -0.01500000, 0.03000000, -0.01737335
-0.01125000, -0.01875000, 0.03000000, -0.02044081
-0.00750000, -0.02250000, 0.03000000, -0.02343836
-0.00375000, -0.02625000, 0.03000000, -0.02564338
0.00000000, -0.03000000, 0.03000000, -0.02328813
0.00375000, -0.03000000, 0.02625000, 0.00576091
0.00750000, -0.03000000, 0.02250000, 0.02170913
0.01125000, -0.03000000, 0.01875000, 0.02784900
0.01500000, -0.03000000, 0.01500000, 0.02645648
0.01875000, -0.03000000, 0.01125000, 0.01819157
0.02250000, -0.03000000, 0.00750000, 0.00386028
0.02625000, -0.03000000, 0.00375000, -0.01504792
0.03000000, -0.03000000, 0.00000000, -0.03528532
0.03000000, -0.02625000, -0.00375000, -0.03372693
0.03000000, -0.02250000, -0.00750000, -0.03453261
0.03000000, -0.01875000, -0.01125000, -0.03576997
0.03000000, -0.01500000, -0.01500000, -0.03663306
0.03000000, -0.01125000, -0.01875000, -0.03707922
0.03000000, -0.00750000, -0.02250000, -0.03702886
0.03000000, -0.00375000, -0.02625000, -0.03660449
0.04000000, 0.00000000, -0.04000000, -0.03034883
0.03500000, 0.00500000, -0.04000000, -0.03118102
0.03000000, 0.01000000, -0.04000000, -0.03166415
0.02500000, 0.01500000, -0.04000000, -0.03174997
0.02000000, 0.02000000, -0.04000000, -0.03143014
0.01500000, 0.02500000, -0.04000000, -0.03081615
0.01000000, 0.03000000, -0.04000000, -0.03002777
0.00500000, 0.03500000, -0.04000000, -0.02947782
0.00000000, 0.04000000, -0.04000000, -0.03119764
-0.00500000, 0.04000000, -0.03500000, -0.01702231
-0.01000000, 0.04000000, -0.03000000, -0.00329268
-0.01500000, 0.04000000, -0.02500000, 0.00707404
-0.02000000, 0.04000000, -0.02000000, 0.01303379
-0.02500000, 0.04000000, -0.01500000, 0.01384544
-0.03000000, 0.04000000, -0.01000000, 0.00874006
-0.03500000, 0.04000000, -0.00500000, -0.00353461
-0.04000000, 0.04000000, 0.00000000, -0.02640236
-0.04000000, 0.03500000, 0.00500000, -0.02810590
-0.04000000, 0.03000000, 0.01000000, -0.02574256
-0.04000000, 0.02500000, 0.01500000, -0.02256932
-0.04000000, 0.02000000, 0.02000000, -0.01935921
-0.04000000, 0.01500000, 0.02500000, -0.01640868
-0.04000000, 0.01000000, 0.03000000, -0.01402242
-0.04000000, 0.00500000, 0.03500000, -0.01238693
-0.04000000, 0.00000000, 0.04000000, -0.01180539
-0.03500000, -0.00500000, 0.04000000, -0.01238693
-0.03000000, -0.01000000, 0.04000000, -0.01402242
-0.02500000, -0.01500000, 0.04000000, -0.01640868
-0.02000000, -0.02000000, 0.04000000, -0.01935921
-0.01500000, -0.02500000, 0.04000000, -0.02256932
-0.01000000, -0.03000000, 0.04000000, -0.02574256
-0.00500000, -0.03500000, 0.04000000, -0.02810590
0.00000000, -0.04000000, 0.04000000, -0.02640236
0.00500000, -0.04000000, 0.03500000, -0.00353461
0.01000000, -0.04000000, 0.03000000, 0.00874006
0.01500000, -0.04000000, 0.02500000, 0.01384544
0.02000000, -0.04000000, 0.02000000, 0.01303379
0.02500000, -0.04000000, 0.01500000, 0.00707404
0.03000000, -0.04000000, 0.01000000, -0.00329268
0.03500000, -0.04000000, 0.00500000, -0.01702231
0.04000000, -0.04000000, 0.00000000, -0.03119764
0.04000000, -0.03500000, -0.00500000, -0.02947782
0.04000000, -0.03000000, -0.01000000, -0.03002777
0.04000000, -0.02500000, -0.01500000, -0.03081615
0.04000000, -0.02000000, -0.02000000, -0.03143014
0.04000000, -0.01500000, -0.02500000, -0.03174997
0.04000000, -0.01000000, -0.03000000, -0.03166415
0.04000000, -0.00500000, -0.03500000, -0.03118102
0.05000000, 0.00000000, -0.05000000, -0.02637447
0.04375000, 0.00625000, -0.05000000, -0.02718542
0.03750000, 0.01250000, -0.05000000, -0.02770813
0.03125000, 0.01875000, -0.05000000, -0.02788530
0.02500000, 0.02500000, -0.05000000, -0.02775626
0.01875000, 0.03125000, -0.05000000, -0.02737164
0.01250000, 0.03750000, -0.05000000, -0.02689821
0.00625000, 0.04375000, -0.05000000, -0.02672493
0.00000000, 0.05000000, -0.05000000, -0.02879796
-0.00625000, 0.05000000, -0.04375000, -0.01836869
-0.01250000, 0.05000000, -0.03750000, -0.00780072
-0.01875000, 0.05000000, -0.03125000, 0.00025677
-0.02500000, 0.05000000, -0.02500000, 0.00483205
-0.03125000, 0.05000000, -0.01875000, 0.00532809
-0.03750000, 0.05000000, -0.01250000, 0.00106011
-0.04375000, 0.05000000, -0.00625000, -0.00910238
-0.05000000, 0.05000000, 0.00000000, -0.02829054
-0.05000000, 0.04375000, 0.00625000, -0.02970211
-0.05000000, 0.03750000, 0.01250000, -0.02724788
-0.05000000, 0.03125000, 0.01875000, -0.02398987
-0.05000000, 0.02500000, 0.02500000, -0.02068295
-0.05000000, 0.01875000, 0.03125000, -0.01762322
-0.05000000, 0.01250000, 0.03750000, -0.01512645
-0.05000000, 0.00625000, 0.04375000, -0.01338977
-0.05000000, 0.00000000, 0.05000000, -0.01275414
-0.04375000, -0.00625000, 0.05000000, -0.01338977
-0.03750000, -0.01250000, 0.05000000, -0.01512645
-0.03125000, -0.01875000, 0.05000000, -0.01762322
-0.02500000, -0.02500000, 0.05000000, -0.02068295
-0.01875000, -0.03125000, 0.05000000, -0.02398987
-0.01250000, -0.03750000, 0.05000000, -0.02724788
-0.00625000, -0.04375000, 0.05000000, -0.02970211
0.00000000, -0.05000000, 0.05000000, -0.02829054
0.00625000, -0.05000000, 0.04375000, -0.00910238
0.01250000, -0.05000000, 0.03750000, 0.00106011
0.01875000, -0.05000000, 0.03125000, 0.00532809
0.02500000, -0.05000000, 0.02500000, 0.00483205
0.03125000, -0.05000000, 0.01875000, 0.00025677
0.03750000, -0.05000000, 0.01250000, -0.00780072
0.04375000, -0.05000000, 0.00625000, -0.01836869
0.05000000, -0.05000000, 0.00000000, -0.02879796
0.05000000, -0.04375000, -0.00625000, -0.02672493
0.05000000, -0.03750000, -0.01250000, -0.02689821
0.05000000, -0.03125000, -0.01875000, -0.02737164
0.05000000, -0.02500000, -0.02500000, -0.02775626
0.05000000, -0.01875000, -0.03125000, -0.02788530
0.05000000, -0.01250000, -0.03750000, -0.02770813
0.05000000, -0.00625000, -0.04375000, -0.02718542
0.06000000, 0.00000000, -0.06000000, -0.02331608
0.05250000, 0.00750000, -0.06000000, -0.02412711
0.04500000, 0.01500000, -0.06000000, -0.02466990
0.03750000, 0.02250000, -0.06000000, -0.02492074
0.03000000, 0.03000000, -0.06000000, -0.02489989
0.02250000, 0.03750000, -0.06000000, -0.02474849
0.01500000, 0.04500000, -0.06000000, -0.02456709
0.00750000, 0.05250000, -0.06000000, -0.02476267
0.00000000, 0.06000000, -0.06000000, -0.02725187
-0.00750000, 0.06000000, -0.05250000, -0.01945049
-0.01500000, 0.06000000, -0.04500000, -0.01099882
-0.02250000, 0.06000000, -0.03750000, -0.00447608
-0.03000000, 0.06000000, -0.03000000, -0.00072218
-0.03750000, 0.06000000, -0.02250000, -0.00038755
-0.04500000, 0.06000000, -0.01500000, -0.00406908
-0.05250000, 0.06000000, -0.00750000, -0.01277760
-0.06000000, 0.06000000, 0.00000000, -0.02961132
-0.06000000, 0.05250000, 0.00750000, -0.03088550
-0.06000000, 0.04500000, 0.01500000, -0.02837993
-0.06000000, 0.03750000, 0.02250000, -0.02506082
-0.06000000, 0.03000000, 0.03000000, -0.02167130
-0.06000000, 0.02250000, 0.03750000, -0.01852576
-0.06000000, 0.01500000, 0.04500000, -0.01593390
-0.06000000, 0.00750000, 0.05250000, -0.01410760
-0.06000000, 0.00000000, 0.06000000, -0.01341200
-0.05250000, -0.00750000, 0.06000000, -0.01410760
-0.04500000, -0.01500000, 0.06000000, -0.01593390
-0.03750000, -0.02250000, 0.06000000, -0.01852576
-0.03000000, -0.03000000, 0.06000000, -0.02167130
-0.02250000, -0.03750000, 0.06000000, -0.02506082
-0.01500000, -0.04500000, 0.06000000, -0.02837993
-0.00750000, -0.05250000, 0.06000000, -0.03088550
0.00000000, -0.06000000, 0.06000000, -0.02961132
0.00750000, -0.06000000, 0.05250000, -0.01277760
0.01500000, -0.06000000, 0.04500000, -0.00406908
0.02250000, -0.06000000, 0.03750000, -0.00038755
0.03000000, -0.06000000, 0.03000000, -0.00072218
0.03750000, -0.06000000, 0.02250000, -0.00447608
0.04500000, -0.06000000, 0.01500000, -0.01099882
0.05250000, -0.06000000, 0.00750000, -0.01945049
0.06000000, -0.06000000, 0.00000000, -0.02725187
0.06000000, -0.05250000, -0.00750000, -0.02476267
0.06000000, -0.04500000, -0.01500000, -0.02456709
0.06000000, -0.03750000, -0.02250000, -0.02474849
0.06000000, -0.03000000, -0.03000000, -0.02489989
0.06000000, -0.02250000, -0.03750000, -0.02492074
0.06000000, -0.01500000, -0.04500000, -0.02466990
0.06000000, -0.00750000, -0.05250000, -0.02412711
0.07000000, 0.00000000, -0.07000000, -0.02078914
0.06125000, 0.00875000, -0.07000000, -0.02158838
0.05250000, 0.01750000, -0.07000000, -0.02216767
0.04375000, 0.02625000, -0.07000000, -0.02250056
0.03500000, 0.03500000, -0.07000000, -0.02261800
0.02625000, 0.04375000, -0.07000000, -0.02265403
0.01750000, 0.05250000, -0.07000000, -0.02272042
0.00875000, 0.06125000, -0.07000000, -0.02321409
0.00000000, 0.07000000, -0.07000000, -0.02610468
-0.00875000, 0.07000000, -0.06125000, -0.02023816
-0.01750000, 0.07000000, -0.05250000, -0.01332191
-0.02625000, 0.07000000, -0.04375000, -0.00791765
-0.03500000, 0.07000000, -0.03500000, -0.00481647
-0.04375000, 0.07000000, -0.02625000, -0.00460408
-0.05250000, 0.07000000, -0.01750000, -0.00786230
-0.06125000, 0.07000000, -0.00875000, -0.01546433
-0.07000000, 0.07000000, 0.00000000, -0.03064426
-0.07000000, 0.06125000, 0.00875000, -0.03182827
-0.07000000, 0.05250000, 0.01750000, -0.02929947
-0.07000000, 0.04375000, 0.02625000, -0.02592764
-0.07000000, 0.03500000, 0.03500000, -0.02246207
-0.07000000, 0.02625000, 0.04375000, -0.01923249
-0.07000000, 0.01750000, 0.05250000, -0.01654753
-0.07000000, 0.00875000, 0.06125000, -0.01464534
-0.07000000, 0.00000000, 0.07000000, -0.01389152
-0.06125000, -0.00875000, 0.07000000, -0.01464534
-0.05250000, -0.01750000, 0.07000000, -0.01654753
-0.04375000, -0.02625000, 0.07000000, -0.01923249
-0.03500000, -0.03500000, 0.07000000, -0.02246207
-0.02625000, -0.04375000, 0.07000000, -0.02592764
-0.01750000, -0.05250000, 0.07000000, -0.02929947
-0.00875000, -0.06125000, 0.07000000, -0.03182827
0.00000000, -0.07000000, 0.07000000, -0.03064426
0.00875000, -0.07000000, 0.06125000, -0.01546433
0.01750000, -0.07000000, 0.05250000, -0.00786230
0.02625000, -0.07000000, 0.04375000, -0.00460408
0.03500000, -0.07000000, 0.03500000, -0.00481647
0.04375000, -0.07000000, 0.02625000, -0.00791765
0.05250000, -0.07000000, 0.01750000, -0.01332191
0.06125000, -0.07000000, 0.00875000, -0.02023816
0.07000000, -0.07000000, 0.00000000, -0.02610468
0.07000000, -0.06125000, -0.00875000, -0.02321409
0.07000000, -0.05250000, -0.01750000, -0.02272042
0.07000000, -0.04375000, -0.02625000, -0.02265403
0.07000000, -0.03500000, -0.03500000, -0.02261800
0.07000000, -0.02625000, -0.04375000, -0.02250056
0.07000000, -0.01750000, -0.05250000, -0.02216767
0.07000000, -0.00875000, -0.06125000, -0.02158838
0.08000000, 0.00000000, -0.08000000, -0.01867396
0.07000000, 0.01000000, -0.08000000, -0.01945421
0.06000000, 0.02000000, -0.08000000, -0.02006544
0.05000000, 0.03000000, -0.08000000, -0.02047110
0.04000000, 0.04000000, -0.08000000, -0.02072674
0.03000000, 0.05000000, -0.08000000, -0.02092189
0.02000000, 0.06000000, -0.08000000, -0.02120972
0.01000000, 0.07000000, -0.08000000, -0.02197805
0.00000000, 0.08000000, -0.08000000, -0.02524160
-0.01000000, 0.08000000, -0.07000000, -0.02085609
-0.02000000, 0.08000000, -0.06000000, -0.01511815
-0.03000000, 0.08000000, -0.05000000, -0.01056081
-0.04000000, 0.08000000, -0.04000000, -0.00796615
-0.05000000, 0.08000000, -0.03000000, -0.00784126
-0.06000000, 0.08000000, -0.02000000, -0.01077271
-0.07000000, 0.08000000, -0.01000000, -0.01755860
-0.08000000, 0.08000000, 0.00000000, -0.03146802
-0.08000000, 0.07000000, 0.01000000, -0.03261479
-0.08000000, 0.06000000, 0.02000000, -0.03007047
-0.08000000, 0.05000000, 0.03000000, -0.02665029
-0.08000000, 0.04000000, 0.04000000, -0.02311604
-0.08000000, 0.03000000, 0.05000000, -0.01980349
-0.08000000, 0.02000000, 0.06000000, -0.01703083
-0.08000000, 0.01000000, 0.07000000, -0.01505411
-0.08000000, 0.00000000, 0.08000000, -0.01424725
-0.07000000, -0.01000000, 0.08000000, -0.01505411
-0.06000000, -0.02000000, 0.08000000, -0.01703083
-0.05000000, -0.03000000, 0.08000000, -0.01980349
-0.04000000, -0.04000000, 0.08000000, -0.02311604
-0.03000000, -0.05000000, 0.08000000, -0.02665029
-0.02000000, -0.06000000, 0.08000000, -0.03007047
-0.01000000, -0.07000000, 0.08000000, -0.03261479
0.00000000, -0.08000000, 0.08000000, -0.03146802
0.01000000, -0.08000000, 0.07000000, -0.01755860
0.02000000, -0.08000000, 0.06000000, -0.01077271
0.03000000, -0.08000000, 0.05000000, -0.00784126
0.04000000, -0.08000000, 0.04000000, -0.00796615
0.05000000, -0.08000000, 0.03000000, -0.01056081
0.06000000, -0.08000000, 0.02000000, -0.01511815
0.07000000, -0.08000000, 0.01000000, -0.02085609
0.08000000, -0.08000000, 0.00000000, -0.02524160
0.08000000, -0.07000000, -0.01000000, -0.02197805
0.08000000, -0.06000000, -0.02000000, -0.02120972
0.08000000, -0.05000000, -0.03000000, -0.02092189
0.08000000, -0.04000000, -0.04000000, -0.02072674
0.08000000, -0.03000000, -0.05000000, -0.02047110
0.08000000, -0.02000000, -0.06000000, -0.02006544
0.08000000, -0.01000000, -0.07000000, -0.01945421
0.09000000, 0.00000000, -0.09000000, -0.01689692
0.07875000, 0.01125000, -0.09000000, -0.01766472
0.06750000, 0.02250000, -0.09000000, -0.01829100
0.05625000, 0.03375000, -0.09000000, -0.01875019
0.04500000, 0.04500000, -0.09000000, -0.01910770
0.03375000, 0.05625000, -0.09000000, -0.01945280
0.02250000, 0.06750000, -0.09000000, -0.01994818
0.01125000, 0.07875000, -0.09000000, -0.02098698
0.00000000, 0.09000000, -0.09000000, -0.02459564
-0.01125000, 0.09000000, -0.07875000, -0.02139412
-0.02250000, 0.09000000, -0.06750000, -0.01658950
-0.03375000, 0.09000000, -0.05625000, -0.01268961
-0.04500000, 0.09000000, -0.04500000, -0.01045377
-0.05625000, 0.09000000, -0.03375000, -0.01038310
-0.06750000, 0.09000000, -0.02250000, -0.01304970
-0.07875000, 0.09000000, -0.01125000, -0.01923156
-0.09000000, 0.09000000, 0.00000000, -0.03212152
-0.09000000, 0.07875000, 0.01125000, -0.03328108
-0.09000000, 0.06750000, 0.02250000, -0.03072353
-0.09000000, 0.05625000, 0.03375000, -0.02725990
-0.09000000, 0.04500000, 0.04500000, -0.02366372
-0.09000000, 0.03375000, 0.05625000, -0.02027374
-0.09000000, 0.02250000, 0.06750000, -0.01742006
-0.09000000, 0.01125000, 0.07875000, -0.01536643
-0.09000000, 0.00000000, 0.09000000, -0.01450888
-0.07875000, -0.01125000, 0.09000000, -0.01536643
-0.06750000, -0.02250000, 0.09000000, -0.01742006
-0.05625000, -0.03375000, 0.09000000, -0.02027374
-0.04500000, -0.04500000, 0.09000000, -0.02366372
-0.03375000, -0.05625000, 0.09000000, -0.02725990
-0.02250000, -0.06750000, 0.09000000, -0.03072353
-0.01125000, -0.07875000, 0.09000000, -0.03328108
0.00000000, -0.09000000, 0.09000000, -0.03212152
0.01125000, -0.09000000, 0.07875000, -0.01923156
0.02250000, -0.09000000, 0.06750000, -0.01304970
0.03375000, -0.09000000, 0.05625000, -0.01038310
0.04500000, -0.09000000, 0.04500000, -0.01045377
0.05625000, -0.09000000, 0.03375000, -0.01268961
0.06750000, -0.09000000, 0.02250000, -0.01658950
0.07875000, -0.09000000, 0.01125000, -0.02139412
0.09000000, -0.09000000, 0.00000000, -0.02459564
0.09000000, -0.07875000, -0.01125000, -0.02098698
0.09000000, -0.06750000, -0.02250000, -0.01994818
0.09000000, -0.05625000, -0.03375000, -0.01945280
0.09000000, -0.04500000, -0.04500000, -0.01910770
0.09000000, -0.03375000, -0.05625000, -0.01875019
0.09000000, -0.02250000, -0.06750000, -0.01829100
0.09000000, -0.01125000, -0.07875000, -0.01766472
0.10000000, 0.00000000, -0.10000000, -0.01537251
0.08750000, 0.01250000, -0.10000000, -0.01613417
0.07500000, 0.02500000, -0.10000000, -0.01676547
0.06250000, 0.03750000, -0.10000000, -0.01726633
0.05000000, 0.05000000, -0.10000000, -0.01769760
0.03750000, 0.06250000, -0.10000000, -0.01818212
0.02500000, 0.07500000, -0.10000000, -0.01886730
0.01250000, 0.08750000, -0.10000000, -0.02016050
0.00000000, 0.10000000, -0.10000000, -0.02408578
-0.01250000, 0.10000000, -0.08750000, -0.02185998
-0.02500000, 0.10000000, -0.07500000, -0.01781324
-0.03750000, 0.10000000, -0.06250000, -0.01444095
-0.05000000, 0.10000000, -0.05000000, -0.01247136
-0.06250000, 0.10000000, -0.03750000, -0.01243684
-0.07500000, 0.10000000, -0.02500000, -0.01488096
-0.08750000, 0.10000000, -0.01250000, -0.02058364
-0.10000000, 0.10000000, 0.00000000, -0.03264003
-0.10000000, 0.08750000, 0.01250000, -0.03383977
-0.10000000, 0.07500000, 0.02500000, -0.03127468
-0.10000000, 0.06250000, 0.03750000, -0.02777495
-0.10000000, 0.05000000, 0.05000000, -0.02412267
-0.10000000, 0.03750000, 0.06250000, -0.02066226
-0.10000000, 0.02500000, 0.07500000, -0.01773302
-0.10000000, 0.01250000, 0.08750000, -0.01560379
-0.10000000, 0.00000000, 0.10000000, -0.01469562
-0.08750000, -0.01250000, 0.10000000, -0.01560379
-0.07500000, -0.02500000, 0.10000000, -0.01773302
-0.06250000, -0.03750000, 0.10000000, -0.02066226
-0.05000000, -0.05000000, 0.10000000, -0.02412267
-0.03750000, -0.06250000, 0.10000000, -0.02777495
-0.02500000, -0.07500000, 0.10000000, -0.03127468
-0.01250000, -0.08750000, 0.10000000, -0.03383977
0.00000000, -0.10000000, 0.10000000, -0.03264003
0.01250000, -0.10000000, 0.08750000, -0.02058364
0.02500000, -0.10000000, 0.07500000, -0.01488096
0.03750000, -0.10000000, 0.06250000, -0.01243684
0.05000000, -0.10000000, 0.05000000, -0.01247136
0.06250000, -0.10000000, 0.03750000, -0.01444095
0.07500000, -0.10000000, 0.02500000, -0.01781324
0.08750000, -0.10000000, 0.01250000, -0.02185998
0.10000000, -0.10000000, 0.00000000, -0.02408578
0.10000000, -0.08750000, -0.01250000, -0.02016050
0.10000000, -0.07500000, -0.02500000, -0.01886730
0.10000000, -0.06250000, -0.03750000, -0.01818212
0.10000000, -0.05000000, -0.05000000, -0.01769760
0.10000000, -0.03750000, -0.06250000, -0.01726633
0.10000000, -0.02500000, -0.07500000, -0.01676547
0.10000000, -0.01250000, -0.08750000, -0.01613417
0.15000000, 0.00000000, -0.15000000, -0.00990276
0.13125000, 0.01875000, -0.15000000, -0.01059765
0.11250000, 0.03750000, -0.15000000, -0.01125503
0.09375000, 0.05625000, -0.15000000, -0.01192030
0.07500000, 0.07500000, -0.15000000, -0.01266745
0.05625000, 0.09375000, -0.15000000, -0.01361685
0.03750000, 0.11250000, -0.15000000, -0.01495667
0.01875000, 0.13125000, -0.15000000, -0.01714140
0.00000000, 0.15000000, -0.15000000, -0.02226121
-0.01875000, 0.15000000, -0.13125000, -0.02305448
-0.03750000, 0.15000000, -0.11250000, -0.02137137
-0.05625000, 0.15000000, -0.09375000, -0.01965223
-0.07500000, 0.15000000, -0.07500000, -0.01861092
-0.09375000, 0.15000000, -0.05625000, -0.01868260
-0.11250000, 0.15000000, -0.03750000, -0.02035374
-0.13125000, 0.15000000, -0.01875000, -0.02436468
-0.15000000, 0.15000000, 0.00000000, -0.03364944
-0.15000000, 0.13125000, 0.01875000, -0.03516318
-0.15000000, 0.11250000, 0.03750000, -0.03270097
-0.15000000, 0.09375000, 0.05625000, -0.02915892
-0.15000000, 0.07500000, 0.07500000, -0.02533950
-0.15000000, 0.05625000, 0.09375000, -0.02163728
-0.15000000, 0.03750000, 0.11250000, -0.01841385
-0.15000000, 0.01875000, 0.13125000, -0.01598117
-0.15000000, 0.00000000, 0.15000000, -0.01481804
-0.13125000, -0.01875000, 0.15000000, -0.01598117
-0.11250000, -0.03750000, 0.15000000, -0.01841385
-0.09375000, -0.05625000, 0.15000000, -0.02163728
-0.07500000, -0.07500000, 0.15000000, -0.02533950
-0.05625000, -0.09375000, 0.15000000, -0.02915892
-0.03750000, -0.11250000, 0.15000000, -0.03270097
-0.01875000, -0.13125000, 0.15000000, -0.03516318
0.00000000, -0.15000000, 0.15000000, -0.03364944
0.01875000, -0.15000000, 0.13125000, -0.02436468
0.03750000, -0.15000000, 0.11250000, -0.02035374
0.05625000, -0.15000000, 0.09375000, -0.01868260
0.07500000, -0.15000000, 0.07500000, -0.01861092
0.09375000, -0.15000000, 0.05625000, -0.01965223
0.11250000, -0.15000000, 0.03750000, -0.02137137
0.13125000, -0.15000000, 0.01875000, -0.02305448
0.15000000, -0.15000000, 0.00000000, -0.02226121
0.15000000, -0.13125000, -0.01875000, -0.01714140
0.15000000, -0.11250000, -0.03750000, -0.01495667
0.15000000, -0.09375000, -0.05625000, -0.01361685
0.15000000, -0.07500000, -0.07500000, -0.01266745
0.15000000, -0.05625000, -0.09375000, -0.01192030
0.15000000, -0.03750000, -0.11250000, -0.01125503
0.15000000, -0.01875000, -0.13125000, -0.01059765
0.20000000, 0.00000000, -0.20000000, -0.00652120
0.17500000, 0.02500000, -0.20000000, -0.00715834
0.15000000, 0.05000000, -0.20000000, -0.00778576
0.12500000, 0.07500000, -0.20000000, -0.00850207
0.10000000, 0.10000000, -0.20000000, -0.00938589
0.07500000, 0.12500000, -0.20000000, -0.01060552
0.05000000, 0.15000000, -0.20000000, -0.01232812
0.02500000, 0.17500000, -0.20000000, -0.01502877
0.00000000, 0.20000000, -0.20000000, -0.02075988
-0.02500000, 0.20000000, -0.17500000, -0.02300783
-0.05000000, 0.20000000, -0.15000000, -0.02253937
-0.07500000, 0.20000000, -0.12500000, -0.02167456
-0.10000000, 0.20000000, -0.10000000, -0.02103785
-0.12500000, 0.20000000, -0.07500000, -0.02106671
-0.15000000, 0.20000000, -0.05000000, -0.02216510
-0.17500000, 0.20000000, -0.02500000, -0.02499182
-0.20000000, 0.20000000, 0.00000000, -0.03217130
-0.20000000, 0.17500000, 0.02500000, -0.03416061
-0.20000000, 0.15000000, 0.05000000, -0.03201594
-0.20000000, 0.12500000, 0.07500000, -0.02866203
-0.20000000, 0.10000000, 0.10000000, -0.02491919
-0.20000000, 0.07500000, 0.12500000, -0.02119911
-0.20000000, 0.05000000, 0.15000000, -0.01786739
-0.20000000, 0.02500000, 0.17500000, -0.01523803
-0.20000000, 0.00000000, 0.20000000, -0.01381125
-0.17500000, -0.02500000, 0.20000000, -0.01523803
-0.15000000, -0.05000000, 0.20000000, -0.01786739
-0.12500000, -0.07500000, 0.20000000, -0.02119911
-0.10000000, -0.10000000, 0.20000000, -0.02491919
-0.07500000, -0.12500000, 0.20000000, -0.02866203
-0.05000000, -0.15000000, 0.20000000, -0.03201594
-0.02500000, -0.17500000, 0.20000000, -0.03416061
0.00000000, -0.20000000, 0.20000000, -0.03217130
0.02500000, -0.20000000, 0.17500000, -0.02499182
0.05000000, -0.20000000, 0.15000000, -0.02216510
0.07500000, -0.20000000, 0.12500000, -0.02106671
0.10000000, -0.20000000, 0.10000000, -0.02103785
0.12500000, -0.20000000, 0.07500000, -0.02167456
0.15000000, -0.20000000, 0.05000000, -0.02253937
0.17500000, -0.20000000, 0.02500000, -0.02300783
0.20000000, -0.20000000, 0.00000000, -0.02075988
0.20000000, -0.17500000, -0.02500000, -0.01502877
0.20000000, -0.15000000, -0.05000000, -0.01232812
0.20000000, -0.12500000, -0.07500000, -0.01060552
0.20000000, -0.10000000, -0.10000000, -0.00938589
0.20000000, -0.07500000, -0.12500000, -0.00850207
0.20000000, -0.05000000, -0.15000000, -0.00778576
0.20000000, -0.02500000, -0.17500000, -0.00715834
0.25000000, 0.00000000, -0.25000000, -0.00410835
0.21875000, 0.03125000, -0.25000000, -0.00467993
0.18750000, 0.06250000, -0.25000000, -0.00528120
0.15625000, 0.09375000, -0.25000000, -0.00602053
0.12500000, 0.12500000, -0.25000000, -0.00698502
0.09375000, 0.15625000, -0.25000000, -0.00831607
0.06250000, 0.18750000, -0.25000000, -0.01018684
0.03125000, 0.21875000, -0.25000000, -0.01304367
0.00000000, 0.25000000, -0.25000000, -0.01878276
-0.03125000, 0.25000000, -0.21875000, -0.02172762
-0.06250000, 0.25000000, -0.18750000, -0.02200955
-0.09375000, 0.25000000, -0.15625000, -0.02170256
-0.12500000, 0.25000000, -0.12500000, -0.02136046
-0.15625000, 0.25000000, -0.09375000, -0.02128922
-0.18750000, 0.25000000, -0.06250000, -0.02181675
-0.21875000, 0.25000000, -0.03125000, -0.02348471
-0.25000000, 0.25000000, 0.00000000, -0.02860418
-0.25000000, 0.21875000, 0.03125000, -0.03098291
-0.25000000, 0.18750000, 0.06250000, -0.02931379
-0.25000000, 0.15625000, 0.09375000, -0.02635860
-0.25000000, 0.12500000, 0.12500000, -0.02292005
-0.25000000, 0.09375000, 0.15625000, -0.01940174
-0.25000000, 0.06250000, 0.18750000, -0.01615376
-0.25000000, 0.03125000, 0.21875000, -0.01347163
-0.25000000, 0.00000000, 0.25000000, -0.01180343
-0.21875000, -0.03125000, 0.25000000, -0.01347163
-0.18750000, -0.06250000, 0.25000000, -0.01615376
-0.15625000, -0.09375000, 0.25000000, -0.01940174
-0.12500000, -0.12500000, 0.25000000, -0.02292005
-0.09375000, -0.15625000, 0.25000000, -0.02635860
-0.06250000, -0.18750000, 0.25000000, -0.02931379
-0.03125000, -0.21875000, 0.25000000, -0.03098291
0.00000000, -0.25000000, 0.25000000, -0.02860418
0.03125000, -0.25000000, 0.21875000, -0.02348471
0.06250000, -0.25000000, 0.18750000, -0.02181675
0.09375000, -0.25000000, 0.15625000, -0.02128922
0.12500000, -0.25000000, 0.12500000, -0.02136046
0.15625000, -0.25000000, 0.09375000, -0.02170256
0.18750000, -0.25000000, 0.06250000, -0.02200955
0.21875000, -0.25000000, 0.03125000, -0.02172762
0.25000000, -0.25000000, 0.00000000, -0.01878276
0.25000000, -0.21875000, -0.03125000, -0.01304367
0.25000000, -0.18750000, -0.06250000, -0.01018684
0.25000000, -0.15625000, -0.09375000, -0.00831607
0.25000000, -0.12500000, -0.12500000, -0.00698502
0.25000000, -0.09375000, -0.15625000, -0.00602053
0.25000000, -0.06250000, -0.18750000, -0.00528120
0.25000000, -0.03125000, -0.21875000, -0.00467993
0.30000000, 0.00000000, -0.30000000, -0.00240120
0.26250000, 0.03750000, -0.30000000, -0.00289289
0.22500000, 0.07500000, -0.30000000, -0.00344620
0.18750000, 0.11250000, -0.30000000, -0.00416182
0.15000000, 0.15000000, -0.30000000, -0.00512583
0.11250000, 0.18750000, -0.30000000, -0.00646122
0.07500000, 0.22500000, -0.30000000, -0.00831090
0.03750000, 0.26250000, -0.30000000, -0.01104408
0.00000000, 0.30000000, -0.30000000, -0.01624935
-0.03750000, 0.30000000, -0.26250000, -0.01946275
-0.07500000, 0.30000000, -0.22500000, -0.02026932
-0.11250000, 0.30000000, -0.18750000, -0.02037301
-0.15000000, 0.30000000, -0.15000000, -0.02018810
-0.18750000, 0.30000000, -0.11250000, -0.01994889
-0.22500000, 0.30000000, -0.07500000, -0.01990564
-0.26250000, 0.30000000, -0.03750000, -0.02047126
-0.30000000, 0.30000000, 0.00000000, -0.02353281
-0.30000000, 0.26250000, 0.03750000, -0.02612884
-0.30000000, 0.22500000, 0.07500000, -0.02497331
-0.30000000, 0.18750000, 0.11250000, -0.02254608
-0.30000000, 0.15000000, 0.15000000, -0.01958454
-0.30000000, 0.11250000, 0.18750000, -0.01645631
-0.30000000, 0.07500000, 0.22500000, -0.01347483
-0.30000000, 0.03750000, 0.26250000, -0.01089262
-0.30000000, 0.00000000, 0.30000000, -0.00908332
-0.26250000, -0.03750000, 0.30000000, -0.01089262
-0.22500000, -0.07500000, 0.30000000, -0.01347483
-0.18750000, -0.11250000, 0.30000000, -0.01645631
-0.15000000, -0.15000000, 0.30000000, -0.01958454
-0.11250000, -0.18750000, 0.30000000, -0.02254608
-0.07500000, -0.22500000, 0.30000000, -0.02497331
-0.03750000, -0.26250000, 0.30000000, -0.02612884
0.00000000, -0.30000000, 0.30000000, -0.02353281
0.03750000, -0.30000000, 0.26250000, -0.02047126
0.07500000, -0.30000000, 0.22500000, -0.01990564
0.11250000, -0.30000000, 0.18750000, -0.01994889
0.15000000, -0.30000000, 0.15000000, -0.02018810
0.18750000, -0.30000000, 0.11250000, -0.02037301
0.22500000, -0.30000000, 0.07500000, -0.02026932
0.26250000, -0.30000000, 0.03750000, -0.01946275
0.30000000, -0.30000000, 0.00000000, -0.01624935
0.30000000, -0.26250000, -0.03750000, -0.01104408
0.30000000, -0.22500000, -0.07500000, -0.00831090
0.30000000, -0.18750000, -0.11250000, -0.00646122
0.30000000, -0.15000000, -0.15000000, -0.00512583
0.30000000, -0.11250000, -0.18750000, -0.00416182
0.30000000, -0.07500000, -0.22500000, -0.00344620
0.30000000, -0.03750000, -0.26250000, -0.00289289
0.35000000, 0.00000000, -0.35000000, -0.00124735
0.30625000, 0.04375000, -0.35000000, -0.00164565
0.26250000, 0.08750000, -0.35000000, -0.00212512
0.21875000, 0.13125000, -0.35000000, -0.00277806
0.17500000, 0.17500000, -0.35000000, -0.00366850
0.13125000, 0.21875000, -0.35000000, -0.00491262
0.08750000, 0.26250000, -0.35000000, -0.00659343
0.04375000, 0.30625000, -0.35000000, -0.00897446
0.00000000, 0.35000000, -0.35000000, -0.01322302
-0.04375000, 0.35000000, -0.30625000, -0.01645013
-0.08750000, 0.35000000, -0.26250000, -0.01765576
-0.13125000, 0.35000000, -0.21875000, -0.01809012
-0.17500000, 0.35000000, -0.17500000, -0.01799947
-0.21875000, 0.35000000, -0.13125000, -0.01757050
-0.26250000, 0.35000000, -0.08750000, -0.01698830
-0.30625000, 0.35000000, -0.04375000, -0.01657970
-0.35000000, 0.35000000, 0.00000000, -0.01779608
-0.35000000, 0.30625000, 0.04375000, -0.02034948
-0.35000000, 0.26250000, 0.08750000, -0.01965629
-0.35000000, 0.21875000, 0.13125000, -0.01780296
-0.35000000, 0.17500000, 0.17500000, -0.01541846
-0.35000000, 0.13125000, 0.21875000, -0.01281657
-0.35000000, 0.08750000, 0.26250000, -0.01025802
-0.35000000, 0.04375000, 0.30625000, -0.00794603
-0.35000000, 0.00000000, 0.35000000, -0.00618453
-0.30625000, -0.04375000, 0.35000000, -0.00794603
-0.26250000, -0.08750000, 0.35000000, -0.01025802
-0.21875000, -0.13125000, 0.35000000, -0.01281657
-0.17500000, -0.17500000, 0.35000000, -0.01541846
-0.13125000, -0.21875000, 0.35000000, -0.01780296
-0.08750000, -0.26250000, 0.35000000, -0.01965629
-0.04375000, -0.30625000, 0.35000000, -0.02034948
0.00000000, -0.35000000, 0.35000000, -0.01779608
0.04375000, -0.35000000, 0.30625000, -0.01657970
0.08750000, -0.35000000, 0.26250000, -0.01698830
0.13125000, -0.35000000, 0.21875000, -0.01757050
0.17500000, -0.35000000, 0.17500000, -0.01799947
0.21875000, -0.35000000, 0.13125000, -0.01809012
0.26250000, -0.35000000, 0.08750000, -0.01765576
0.30625000, -0.35000000, 0.04375000, -0.01645013
0.35000000, -0.35000000, 0.00000000, -0.01322302
0.35000000, -0.30625000, -0.04375000, -0.00897446
0.35000000, -0.26250000, -0.08750000, -0.00659343
0.35000000, -0.21875000, -0.13125000, -0.00491262
0.35000000, -0.17500000, -0.17500000, -0.00366850
0.35000000, -0.13125000, -0.21875000, -0.00277806
0.35000000, -0.08750000, -0.26250000, -0.00212512
0.35000000, -0.04375000, -0.30625000, -0.00164565
0.40000000, 0.00000000, -0.40000000, -0.00052281
0.35000000, 0.05000000, -0.40000000, -0.00080772
0.30000000, 0.10000000, -0.40000000, -0.00119875
0.25000000, 0.15000000, -0.40000000, -0.00176199
0.20000000, 0.20000000, -0.40000000, -0.00254046
0.15000000, 0.25000000, -0.40000000, -0.00360237
0.10000000, 0.30000000, -0.40000000, -0.00499420
0.05000000, 0.35000000, -0.40000000, -0.00686465
0.00000000, 0.40000000, -0.40000000, -0.00994820
-0.05000000, 0.40000000, -0.35000000, -0.01300280
-0.10000000, 0.40000000, -0.30000000, -0.01450126
-0.15000000, 0.40000000, -0.25000000, -0.01520676
-0.20000000, 0.40000000, -0.20000000, -0.01522058
-0.25000000, 0.40000000, -0.15000000, -0.01463116
-0.30000000, 0.40000000, -0.10000000, -0.01360286
-0.35000000, 0.40000000, -0.05000000, -0.01243948
-0.40000000, 0.40000000, 0.00000000, -0.01226779
-0.40000000, 0.35000000, 0.05000000, -0.01450842
-0.40000000, 0.30000000, 0.10000000, -0.01417286
-0.40000000, 0.25000000, 0.15000000, -0.01286698
-0.40000000, 0.20000000, 0.20000000, -0.01108507
-0.40000000, 0.15000000, 0.25000000, -0.00907872
-0.40000000, 0.10000000, 0.30000000, -0.00705241
-0.40000000, 0.05000000, 0.35000000, -0.00516832
-0.40000000, 0.00000000, 0.40000000, -0.00366795
-0.35000000, -0.05000000, 0.40000000, -0.00516832
-0.30000000, -0.10000000, 0.40000000, -0.00705241
-0.25000000, -0.15000000, 0.40000000, -0.00907872
-0.20000000, -0.20000000, 0.40000000, -0.01108507
-0.15000000, -0.25000000, 0.40000000, -0.01286698
-0.10000000, -0.30000000, 0.40000000, -0.01417286
-0.05000000, -0.35000000, 0.40000000, -0.01450842
0.00000000, -0.40000000, 0.40000000, -0.01226779
0.05000000, -0.40000000, 0.35000000, -0.01243948
0.10000000, -0.40000000, 0.30000000, -0.01360286
0.15000000, -0.40000000, 0.25000000, -0.01463116
0.20000000, -0.40000000, 0.20000000, -0.01522058
0.25000000, -0.40000000, 0.15000000, -0.01520676
0.30000000, -0.40000000, 0.10000000, -0.01450126
0.35000000, -0.40000000, 0.05000000, -0.01300280
0.40000000, -0.40000000, 0.00000000, -0.00994820
0.40000000, -0.35000000, -0.05000000, -0.00686465
0.40000000, -0.30000000, -0.10000000, -0.00499420
0.40000000, -0.25000000, -0.15000000, -0.00360237
0.40000000, -0.20000000, -0.20000000, -0.00254046
0.40000000, -0.15000000, -0.25000000, -0.00176199
0.40000000, -0.10000000, -0.30000000, -0.00119875
0.40000000, -0.05000000, -0.35000000, -0.00080772
0.45000000, 0.00000000, -0.45000000, -0.00014830
0.39375000, 0.05625000, -0.45000000, -0.00032000
0.33750000, 0.11250000, -0.45000000, -0.00060786
0.28125000, 0.16875000, -0.45000000, -0.00105052
0.22500000, 0.22500000, -0.45000000, -0.00167598
0.16875000, 0.28125000, -0.45000000, -0.00250437
0.11250000, 0.33750000, -0.45000000, -0.00355386
0.05625000, 0.39375000, -0.45000000, -0.00487448
0.00000000, 0.45000000, -0.45000000, -0.00683629
-0.05625000, 0.45000000, -0.39375000, -0.00955957
-0.11250000, 0.45000000, -0.33750000, -0.01121156
-0.16875000, 0.45000000, -0.28125000, -0.01210690
-0.22500000, 0.45000000, -0.22500000, -0.01219815
-0.28125000, 0.45000000, -0.16875000, -0.01149627
-0.33750000, 0.45000000, -0.11250000, -0.01018105
-0.39375000, 0.45000000, -0.05625000, -0.00858863
-0.45000000, 0.45000000, 0.00000000, -0.00761692
-0.45000000, 0.39375000, 0.05625000, -0.00937452
-0.45000000, 0.33750000, 0.11250000, -0.00926946
-0.45000000, 0.28125000, 0.16875000, -0.00842812
-0.45000000, 0.22500000, 0.22500000, -0.00720664
-0.45000000, 0.16875000, 0.28125000, -0.00579151
-0.45000000, 0.11250000, 0.33750000, -0.00433469
-0.45000000, 0.05625000, 0.39375000, -0.00296193
-0.45000000, 0.00000000, 0.45000000, -0.00186110
-0.39375000, -0.05625000, 0.45000000, -0.00296193
-0.33750000, -0.11250000, 0.45000000, -0.00433469
-0.28125000, -0.16875000, 0.45000000, -0.00579151
-0.22500000, -0.22500000, 0.45000000, -0.00720664
-0.16875000, -0.28125000, 0.45000000, -0.00842812
-0.11250000, -0.33750000, 0.45000000, -0.00926946
-0.05625000, -0.39375000, 0.45000000, -0.00937452
0.00000000, -0.45000000, 0.45000000, -0.00761692
0.05625000, -0.45000000, 0.39375000, -0.00858863
0.11250000, -0.45000000, 0.33750000, -0.01018105
0.16875000, -0.45000000, 0.28125000, -0.01149627
0.22500000, -0.45000000, 0.22500000, -0.01219815
0.28125000, -0.45000000, 0.16875000, -0.01210690
0.33750000, -0.45000000, 0.11250000, -0.01121156
0.39375000, -0.45000000, 0.05625000, -0.00955957
0.45000000, -0.45000000, 0.00000000, -0.00683629
0.45000000, -0.39375000, -0.05625000, -0.00487448
0.45000000, -0.33750000, -0.11250000, -0.00355386
0.45000000, -0.28125000, -0.16875000, -0.00250437
0.45000000, -0.22500000, -0.22500000, -0.00167598
0.45000000, -0.16875000, -0.28125000, -0.00105052
0.45000000, -0.11250000, -0.33750000, -0.00060786
0.45000000, -0.05625000, -0.39375000, -0.00032000
0.50000000, 0.00000000, -0.50000000, -0.00001178
0.43750000, 0.06250000, -0.50000000, -0.00009645
0.37500000, 0.12500000, -0.50000000, -0.00027824
0.31250000, 0.18750000, -0.50000000, -0.00058367
0.25000000, 0.25000000, -0.50000000, -0.00102815
0.18750000, 0.31250000, -0.50000000, -0.00161666
0.12500000, 0.37500000, -0.50000000, -0.00233480
0.06250000, 0.43750000, -0.50000000, -0.00316906
0.00000000, 0.50000000, -0.50000000, -0.00423668
-0.06250000, 0.50000000, -0.43750000, -0.00649439
-0.12500000, 0.50000000, -0.37500000, -0.00813138
-0.18750000, 0.50000000, -0.31250000, -0.00911271
-0.25000000, 0.50000000, -0.25000000, -0.00923603
-0.31250000, 0.50000000, -0.18750000, -0.00848591
-0.37500000, 0.50000000, -0.12500000, -0.00707598
-0.43750000, 0.50000000, -0.06250000, -0.00540598
-0.50000000, 0.50000000, 0.00000000, -0.00419142
-0.50000000, 0.43750000, 0.06250000, -0.00542015
-0.50000000, 0.37500000, 0.12500000, -0.00543078
-0.50000000, 0.31250000, 0.18750000, -0.00494160
-0.50000000, 0.25000000, 0.25000000, -0.00418538
-0.50000000, 0.18750000, 0.31250000, -0.00328787
-0.50000000, 0.12500000, 0.37500000, -0.00235418
-0.50000000, 0.06250000, 0.43750000, -0.00147467
-0.50000000, 0.00000000, 0.50000000, -0.00078803
-0.43750000, -0.06250000, 0.50000000, -0.00147467
-0.37500000, -0.12500000, 0.50000000, -0.00235418
-0.31250000, -0.18750000, 0.50000000, -0.00328787
-0.25000000, -0.25000000, 0.50000000, -0.00418538
-0.18750000, -0.31250000, 0.50000000, -0.00494160
-0.12500000, -0.37500000, 0.50000000, -0.00543078
-0.06250000, -0.43750000, 0.50000000, -0.00542015
0.00000000, -0.50000000, 0.50000000, -0.00419142
0.06250000, -0.50000000, 0.43750000, -0.00540598
0.12500000, -0.50000000, 0.37500000, -0.00707598
0.18750000, -0.50000000, 0.31250000, -0.00848591
0.25000000, -0.50000000, 0.25000000, -0.00923603
0.31250000, -0.50000000, 0.18750000, -0.00911271
0.37500000, -0.50000000, 0.12500000, -0.00813138
0.43750000, -0.50000000, 0.06250000, -0.00649439
0.50000000, -0.50000000, 0.00000000, -0.00423668
0.50000000, -0.43750000, -0.06250000, -0.00316906
0.50000000, -0.37500000, -0.12500000, -0.00233480
0.50000000, -0.31250000, -0.18750000, -0.00161666
0.50000000, -0.25000000, -0.25000000, -0.00102815
0.50000000, -0.18750000, -0.31250000, -0.00058367
0.50000000, -0.12500000, -0.37500000, -0.00027824
0.50000000, -0.06250000, -0.43750000, -0.00009645
0.55000000, 0.00000000, -0.55000000, 0.00001574
0.48125000, 0.06875000, -0.55000000, -0.00001638
0.41250000, 0.13750000, -0.55000000, -0.00011177
0.34375000, 0.20625000, -0.55000000, -0.00029411
0.27500000, 0.27500000, -0.55000000, -0.00057009
0.20625000, 0.34375000, -0.55000000, -0.00094397
0.13750000, 0.41250000, -0.55000000, -0.00138219
0.06875000, 0.48125000, -0.55000000, -0.00184521
0.00000000, 0.55000000, -0.55000000, -0.00231739
-0.06875000, 0.55000000, -0.48125000, -0.00402355
-0.13750000, 0.55000000, -0.41250000, -0.00548391
-0.20625000, 0.55000000, -0.34375000, -0.00644436
-0.27500000, 0.55000000, -0.27500000, -0.00658241
-0.34375000, 0.55000000, -0.20625000, -0.00586207
-0.41250000, 0.55000000, -0.13750000, -0.00453756
-0.48125000, 0.55000000, -0.06875000, -0.00306653
-0.55000000, 0.55000000, 0.00000000, -0.00200292
-0.55000000, 0.48125000, 0.06875000, -0.00275445
-0.55000000, 0.41250000, 0.13750000, -0.00280156
-0.55000000, 0.34375000, 0.20625000, -0.00255038
-0.55000000, 0.27500000, 0.27500000, -0.00213592
-0.55000000, 0.20625000, 0.34375000, -0.00163459
-0.55000000, 0.13750000, 0.41250000, -0.00111211
-0.55000000, 0.06875000, 0.48125000, -0.00062722
-0.55000000, 0.00000000, 0.55000000, -0.00026994
-0.48125000, -0.06875000, 0.55000000, -0.00062722
-0.41250000, -0.13750000, 0.55000000, -0.00111211
-0.34375000, -0.20625000, 0.55000000, -0.00163459
-0.27500000, -0.27500000, 0.55000000, -0.00213592
-0.20625000, -0.34375000, 0.55000000, -0.00255038
-0.13750000, -0.41250000, 0.55000000, -0.00280156
-0.06875000, -0.48125000, 0.55000000, -0.00275445
0.00000000, -0.55000000, 0.55000000, -0.00200292
0.06875000, -0.55000000, 0.48125000, -0.00306653
0.13750000, -0.55000000, 0.41250000, -0.00453756
0.20625000, -0.55000000, 0.34375000, -0.00586207
0.27500000, -0.55000000, 0.27500000, -0.00658241
0.34375000, -0.55000000, 0.20625000, -0.00644436
0.41250000, -0.55000000, 0.13750000, -0.00548391
0.48125000, -0.55000000, 0.06875000, -0.00402355
0.55000000, -0.55000000, 0.00000000, -0.00231739
0.55000000, -0.48125000, -0.06875000, -0.00184521
0.55000000, -0.41250000, -0.13750000, -0.00138219
0.55000000, -0.34375000, -0.20625000, -0.00094397
0.55000000, -0.27500000, -0.27500000, -0.00057009
0.55000000, -0.20625000, -0.34375000, -0.00029411
0.55000000, -0.13750000, -0.41250000, -0.00011177
0.55000000, -0.06875000, -0.48125000, -0.00001638
0.60000000, 0.00000000, -0.60000000, 0.00001723
0.52500000, 0.07500000, -0.60000000, 0.00001069
0.45000000, 0.15000000, -0.60000000, -0.00003062
0.37500000, 0.22500000, -0.60000000, -0.00012507
0.30000000, 0.30000000, -0.60000000, -0.00027669
0.22500000, 0.37500000, -0.60000000, -0.00048195
0.15000000, 0.45000000, -0.60000000, -0.00071262
0.07500000, 0.52500000, -0.60000000, -0.00092963
0.00000000, 0.60000000, -0.60000000, -0.00107952
-0.07500000, 0.60000000, -0.52500000, -0.00222644
-0.15000000, 0.60000000, -0.45000000, -0.00339246
-0.22500000, 0.60000000, -0.37500000, -0.00423971
-0.30000000, 0.60000000, -0.30000000, -0.00439101
-0.37500000, 0.60000000, -0.22500000, -0.00377099
-0.45000000, 0.60000000, -0.15000000, -0.00266514
-0.52500000, 0.60000000, -0.07500000, -0.00154486
-0.60000000, 0.60000000, 0.00000000, -0.00081068
-0.60000000, 0.52500000, 0.07500000, -0.00119878
-0.60000000, 0.45000000, 0.15000000, -0.00124181
-0.60000000, 0.37500000, 0.22500000, -0.00113195
-0.60000000, 0.30000000, 0.30000000, -0.00093616
-0.60000000, 0.22500000, 0.37500000, -0.00069588
-0.60000000, 0.15000000, 0.45000000, -0.00044717
-0.60000000, 0.07500000, 0.52500000, -0.00022433
-0.60000000, 0.00000000, 0.60000000, -0.00007385
-0.52500000, -0.07500000, 0.60000000, -0.00022433
-0.45000000, -0.15000000, 0.60000000, -0.00044717
-0.37500000, -0.22500000, 0.60000000, -0.00069588
-0.30000000, -0.30000000, 0.60000000, -0.00093616
-0.22500000, -0.37500000, 0.60000000, -0.00113195
-0.15000000, -0.45000000, 0.60000000, -0.00124181
-0.07500000, -0.52500000, 0.60000000, -0.00119878
0.00000000, -0.60000000, 0.60000000, -0.00081068
0.07500000, -0.60000000, 0.52500000, -0.00154486
0.15000000, -0.60000000, 0.45000000, -0.00266514
0.22500000, -0.60000000, 0.37500000, -0.00377099
0.30000000, -0.60000000, 0.30000000, -0.00439101
0.37500000, -0.60000000, 0.22500000, -0.00423971
0.45000000, -0.60000000, 0.15000000, -0.00339246
0.52500000, -0.60000000, 0.07500000, -0.00222644
0.60000000, -0.60000000, 0.00000000, -0.00107952
0.60000000, -0.52500000, -0.07500000, -0.00092963
0.60000000, -0.45000000, -0.15000000, -0.00071262
0.60000000, -0.37500000, -0.22500000, -0.00048195
0.60000000, -0.30000000, -0.30000000, -0.00027669
0.60000000, -0.22500000, -0.37500000, -0.00012507
0.60000000, -0.15000000, -0.45000000, -0.00003062
0.60000000, -0.07500000, -0.52500000, 0.00001069
0.65000000, 0.00000000, -0.65000000, 0.00001500
0.56875000, 0.08125000, -0.65000000, 0.00001804
0.48750000, 0.16250000, -0.65000000, 0.00000345
0.40625000, 0.24375000, -0.65000000, -0.00003842
0.32500000, 0.32500000, -0.65000000, -0.00011230
0.24375000, 0.40625000, -0.65000000, -0.00020586
0.16250000, 0.48750000, -0.65000000, -0.00030660
0.08125000, 0.56875000, -0.65000000, -0.00038768
0.00000000, 0.65000000, -0.65000000, -0.00040860
-0.08125000, 0.65000000, -0.56875000, -0.00107476
-0.16250000, 0.65000000, -0.48750000, -0.00189599
-0.24375000, 0.65000000, -0.40625000, -0.00256542
-0.32500000, 0.65000000, -0.32500000, -0.00271304
-0.40625000, 0.65000000, -0.24375000, -0.00223396
-0.48750000, 0.65000000, -0.16250000, -0.00141476
-0.56875000, 0.65000000, -0.08125000, -0.00067678
-0.65000000, 0.65000000, 0.00000000, -0.00026957
-0.65000000, 0.56875000, 0.08125000, -0.00043109
-0.65000000, 0.48750000, 0.16250000, -0.00045752
-0.65000000, 0.40625000, 0.24375000, -0.00041875
-0.65000000, 0.32500000, 0.32500000, -0.00034192
-0.65000000, 0.24375000, 0.40625000, -0.00024633
-0.65000000, 0.16250000, 0.48750000, -0.00014886
-0.65000000, 0.08125000, 0.56875000, -0.00006691
-0.65000000, 0.00000000, 0.65000000, -0.00001747
-0.56875000, -0.08125000, 0.65000000, -0.00006691
-0.48750000, -0.16250000, 0.65000000, -0.00014886
-0.40625000, -0.24375000, 0.65000000, -0.00024633
-0.32500000, -0.32500000, 0.65000000, -0.00034192
-0.24375000, -0.40625000, 0.65000000, -0.00041875
-0.16250000, -0.48750000, 0.65000000, -0.00045752
-0.08125000, -0.56875000, 0.65000000, -0.00043109
0.00000000, -0.65000000, 0.65000000, -0.00026957
0.08125000, -0.65000000, 0.56875000, -0.00067678
0.16250000, -0.65000000, 0.48750000, -0.00141476
0.24375000, -0.65000000, 0.40625000, -0.00223396
0.32500000, -0.65000000, 0.32500000, -0.00271304
0.40625000, -0.65000000, 0.24375000, -0.00256542
0.48750000, -0.65000000, 0.16250000, -0.00189599
0.56875000, -0.65000000, 0.08125000, -0.00107476
0.65000000, -0.65000000, 0.00000000, -0.00040860
0.65000000, -0.56875000, -0.08125000, -0.00038768
0.65000000, -0.48750000, -0.16250000, -0.00030660
0.65000000, -0.40625000, -0.24375000, -0.00020586
0.65000000, -0.32500000, -0.32500000, -0.00011230
0.65000000, -0.24375000, -0.40625000, -0.00003842
0.65000000, -0.16250000, -0.48750000, 0.00000345
0.65000000, -0.08125000, -0.56875000, 0.00001804
0.70000000, 0.00000000, -0.70000000, 0.00000624
0.61250000, 0.08750000, -0.70000000, 0.00001049
0.52500000, 0.17500000, -0.70000000, 0.00000772
0.43750000, 0.26250000, -0.70000000, -0.00000586
0.35000000, 0.35000000, -0.70000000, -0.00003459
0.26250000, 0.43750000, -0.70000000, -0.00006971
0.17500000, 0.52500000, -0.70000000, -0.00010622
0.08750000, 0.61250000, -0.70000000, -0.00013020
0.00000000, 0.70000000, -0.70000000, -0.00012417
-0.08750000, 0.70000000, -0.61250000, -0.00044679
-0.17500000, 0.70000000, -0.52500000, -0.00094456
-0.26250000, 0.70000000, -0.43750000, -0.00140998
-0.35000000, 0.70000000, -0.35000000, -0.00152409
-0.43750000, 0.70000000, -0.26250000, -0.00119175
-0.52500000, 0.70000000, -0.17500000, -0.00066037
-0.61250000, 0.70000000, -0.08750000, -0.00024877
-0.70000000, 0.70000000, 0.00000000, -0.00006996
-0.70000000, 0.61250000, 0.08750000, -0.00012332
-0.70000000, 0.52500000, 0.17500000, -0.00013499
-0.70000000, 0.43750000, 0.26250000, -0.00012453
-0.70000000, 0.35000000, 0.35000000, -0.00010071
-0.70000000, 0.26250000, 0.43750000, -0.00007032
-0.70000000, 0.17500000, 0.52500000, -0.00003986
-0.70000000, 0.08750000, 0.61250000, -0.00001596
-0.70000000, 0.00000000, 0.70000000, -0.00000308
-0.61250000, -0.08750000, 0.70000000, -0.00001596
-0.52500000, -0.17500000, 0.70000000, -0.00003986
-0.43750000, -0.26250000, 0.70000000, -0.00007032
-0.35000000, -0.35000000, 0.70000000, -0.00010071
-0.26250000, -0.43750000, 0.70000000, -0.00012453
-0.17500000, -0.52500000, 0.70000000, -0.00013499
-0.08750000, -0.61250000, 0.70000000, -0.00012332
0.00000000, -0.70000000, 0.70000000, -0.00006996
0.08750000, -0.70000000, 0.61250000, -0.00024877
0.17500000, -0.70000000, 0.52500000, -0.00066037
0.26250000, -0.70000000, 0.43750000, -0.00119175
0.35000000, -0.70000000, 0.35000000, -0.00152409
0.43750000, -0.70000000, 0.26250000, -0.00140998
0.52500000, -0.70000000, 0.17500000, -0.00094456
0.61250000, -0.70000000, 0.08750000, -0.00044679
0.70000000, -0.70000000, 0.00000000, -0.00012417
0.70000000, -0.61250000, -0.08750000, -0.00013020
0.70000000, -0.52500000, -0.17500000, -0.00010622
0.70000000, -0.43750000, -0.26250000, -0.00006971
0.70000000, -0.35000000, -0.35000000, -0.00003459
0.70000000, -0.26250000, -0.43750000, -0.00000586
0.70000000, -0.17500000, -0.52500000, 0.00000772
0.70000000, -0.08750000, -0.61250000, 0.00001049
0.75000000, 0.00000000, -0.75000000, -0.00000398
0.65625000, 0.09375000, -0.75000000, -0.00000208
0.56250000, 0.18750000, -0.75000000, 0.00000005
0.46875000, 0.28125000, -0.75000000, -0.00000048
0.37500000, 0.37500000, -0.75000000, -0.00000561
0.28125000, 0.46875000, -0.75000000, -0.00001787
0.18750000, 0.56250000, -0.75000000, -0.00003062
0.09375000, 0.65625000, -0.75000000, -0.00003856
0.00000000, 0.75000000, -0.75000000, -0.00003698
-0.09375000, 0.75000000, -0.65625000, -0.00016205
-0.18750000, 0.75000000, -0.56250000, -0.00041279
-0.28125000, 0.75000000, -0.46875000, -0.00068998
-0.37500000, 0.75000000, -0.37500000, -0.00075704
-0.46875000, 0.75000000, -0.28125000, -0.00055343
-0.56250000, 0.75000000, -0.18750000, -0.00025857
-0.65625000, 0.75000000, -0.09375000, -0.00007186
-0.75000000, 0.75000000, 0.00000000, -0.00001146
-0.75000000, 0.65625000, 0.09375000, -0.00002800
-0.75000000, 0.56250000, 0.18750000, -0.00003124
-0.75000000, 0.46875000, 0.28125000, -0.00002886
-0.75000000, 0.37500000, 0.37500000, -0.00002340
-0.75000000, 0.28125000, 0.46875000, -0.00001592
-0.75000000, 0.18750000, 0.56250000, -0.00000834
-0.75000000, 0.09375000, 0.65625000, -0.00000170
-0.75000000, 0.00000000, 0.75000000, 0.00000168
-0.65625000, -0.09375000, 0.75000000, -0.00000170
-0.56250000, -0.18750000, 0.75000000, -0.00000834
-0.46875000, -0.28125000, 0.75000000, -0.00001592
-0.37500000, -0.37500000, 0.75000000, -0.00002340
-0.28125000, -0.46875000, 0.75000000, -0.00002886
-0.18750000, -0.56250000, 0.75000000, -0.00003124
-0.09375000, -0.65625000, 0.75000000, -0.00002800
0.00000000, -0.75000000, 0.75000000, -0.00001146
0.09375000, -0.75000000, 0.65625000, -0.00007186
0.18750000, -0.75000000, 0.56250000, -0.00025857
0.28125000, -0.75000000, 0.46875000, -0.00055343
0.37500000, -0.75000000, 0.37500000, -0.00075704
0.46875000, -0.75000000, 0.28125000, -0.00068998
0.56250000, -0.75000000, 0.18750000, -0.00041279
0.65625000, -0.75000000, 0.09375000, -0.00016205
0.75000000, -0.75000000, 0.00000000, -0.00003698
0.75000000, -0.65625000, -0.09375000, -0.00003856
0.75000000, -0.56250000, -0.18750000, -0.00003062
0.75000000, -0.46875000, -0.28125000, -0.00001787
0.75000000, -0.37500000, -0.37500000, -0.00000561
0.75000000, -0.28125000, -0.46875000, -0.00000048
0.75000000, -0.18750000, -0.56250000, 0.00000005
0.75000000, -0.09375000, -0.65625000, -0.00000208
0.80000000, 0.00000000, -0.80000000, -0.00000421
0.70000000, 0.10000000, -0.80000000, -0.00000454
0.60000000, 0.20000000, -0.80000000, -0.00000240
0.50000000, 0.30000000, -0.80000000, -0.00000049
0.40000000, 0.40000000, -0.80000000, 0.00000100
0.30000000, 0.50000000, -0.80000000, -0.00000313
0.20000000, 0.60000000, -0.80000000, -0.00000742
0.10000000, 0.70000000, -0.80000000, -0.00001055
0.00000000, 0.80000000, -0.80000000, -0.00001071
-0.10000000, 0.80000000, -0.70000000, -0.00004853
-0.20000000, 0.80000000, -0.60000000, -0.00014950
-0.30000000, 0.80000000, -0.50000000, -0.00028599
-0.40000000, 0.80000000, -0.40000000, -0.00032080
-0.50000000, 0.80000000, -0.30000000, -0.00021682
-0.60000000, 0.80000000, -0.20000000, -0.00008156
-0.70000000, 0.80000000, -0.10000000, -0.00001520
-0.80000000, 0.80000000, 0.00000000, 0.00000017
-0.80000000, 0.70000000, 0.10000000, -0.00000461
-0.80000000, 0.60000000, 0.20000000, -0.00000497
-0.80000000, 0.50000000, 0.30000000, -0.00000449
-0.80000000, 0.40000000, 0.40000000, -0.00000375
-0.80000000, 0.30000000, 0.50000000, -0.00000253
-0.80000000, 0.20000000, 0.60000000, -0.00000116
-0.80000000, 0.10000000, 0.70000000, 0.00000057
-0.80000000, 0.00000000, 0.80000000, 0.00000124
-0.70000000, -0.10000000, 0.80000000, 0.00000057
-0.60000000, -0.20000000, 0.80000000, -0.00000116
-0.50000000, -0.30000000, 0.80000000, -0.00000253
-0.40000000, -0.40000000, 0.80000000, -0.00000375
-0.30000000, -0.50000000, 0.80000000, -0.00000449
-0.20000000, -0.60000000, 0.80000000, -0.00000497
-0.10000000, -0.70000000, 0.80000000, -0.00000461
0.00000000, -0.80000000, 0.80000000, 0.00000017
0.10000000, -0.80000000, 0.70000000, -0.00001520
0.20000000, -0.80000000, 0.60000000, -0.00008156
0.30000000, -0.80000000, 0.50000000, -0.00021682
0.40000000, -0.80000000, 0.40000000, -0.00032080
0.50000000, -0.80000000, 0.30000000, -0.00028599
0.60000000, -0.80000000, 0.20000000, -0.00014950
0.70000000, -0.80000000, 0.10000000, -0.00004853
0.80000000, -0.80000000, 0.00000000, -0.00001071
0.80000000, -0.70000000, -0.10000000, -0.00001055
0.80000000, -0.60000000, -0.20000000, -0.00000742
0.80000000, -0.50000000, -0.30000000, -0.00000313
0.80000000, -0.40000000, -0.40000000, 0.00000100
0.80000000, -0.30000000, -0.50000000, -0.00000049
0.80000000, -0.20000000, -0.60000000, -0.00000240
0.80000000, -0.10000000, -0.70000000, -0.00000454
0.85000000, 0.00000000, -0.85000000, 0.00000325
0.74375000, 0.10625000, -0.85000000, 0.00000277
0.63750000, 0.21250000, -0.85000000, 0.00000234
0.53125000, 0.31875000, -0.85000000, 0.00000170
0.42500000, 0.42500000, -0.85000000, 0.00000034
0.31875000, 0.53125000, -0.85000000, 0.00000065
0.21250000, 0.63750000, -0.85000000, 0.00000128
0.10625000, 0.74375000, -0.85000000, 0.00000240
0.00000000, 0.85000000, -0.85000000, 0.00000493
-0.10625000, 0.85000000, -0.74375000, -0.00000398
-0.21250000, 0.85000000, -0.63750000, -0.00003572
-0.31875000, 0.85000000, -0.53125000, -0.00008835
-0.42500000, 0.85000000, -0.42500000, -0.00011045
-0.53125000, 0.85000000, -0.31875000, -0.00007153
-0.63750000, 0.85000000, -0.21250000, -0.00002305
-0.74375000, 0.85000000, -0.10625000, -0.00000357
-0.85000000, 0.85000000, 0.00000000, -0.00000104
-0.85000000, 0.74375000, 0.10625000, 0.00000116
-0.85000000, 0.63750000, 0.21250000, 0.00000093
-0.85000000, 0.53125000, 0.31875000, 0.00000054
-0.85000000, 0.42500000, 0.42500000, 0.00000039
-0.85000000, 0.31875000, 0.53125000, 0.00000020
-0.85000000, 0.21250000, 0.63750000, -0.00000001
-0.85000000, 0.10625000, 0.74375000, -0.00000080
-0.85000000, 0.00000000, 0.85000000, -0.00000135
-0.74375000, -0.10625000, 0.85000000, -0.00000080
-0.63750000, -0.21250000, 0.85000000, -0.00000001
-0.53125000, -0.31875000, 0.85000000, 0.00000020
-0.42500000, -0.42500000, 0.85000000, 0.00000039
-0.31875000, -0.53125000, 0.85000000, 0.00000054
-0.21250000, -0.63750000, 0.85000000, 0.00000093
-0.10625000, -0.74375000, 0.85000000, 0.00000116
0.00000000, -0.85000000, 0.85000000, -0.00000104
0.10625000, -0.85000000, 0.74375000, -0.00000357
0.21250000, -0.85000000, 0.63750000, -0.00002305
0.31875000, -0.85000000, 0.53125000, -0.00007153
0.42500000, -0.85000000, 0.42500000, -0.00011045
0.53125000, -0.85000000, 0.31875000, -0.00008835
0.63750000, -0.85000000, 0.21250000, -0.00003572
0.74375000, -0.85000000, 0.10625000, -0.00000398
0.85000000, -0.85000000, 0.00000000, 0.00000493
0.85000000, -0.74375000, -0.10625000, 0.00000240
0.85000000, -0.63750000, -0.21250000, 0.00000128
0.85000000, -0.53125000, -0.31875000, 0.00000065
0.85000000, -0.42500000, -0.42500000, 0.00000034
0.85000000, -0.31875000, -0.53125000, 0.00000170
0.85000000, -0.21250000, -0.63750000, 0.00000234
0.85000000, -0.10625000, -0.74375000, 0.00000277
0.90000000, 0.00000000, -0.90000000, 0.00000266
0.78750000, 0.11250000, -0.90000000, 0.00000309
0.67500000, 0.22500000, -0.90000000, 0.00000231
0.56250000, 0.33750000, -0.90000000, 0.00000138
0.45000000, 0.45000000, -0.90000000, -0.00000027
0.33750000, 0.56250000, -0.90000000, 0.00000063
0.22500000, 0.67500000, -0.90000000, 0.00000164
0.11250000, 0.78750000, -0.90000000, 0.00000282
0.00000000, 0.90000000, -0.90000000, 0.00000343
-0.11250000, 0.90000000, -0.78750000, 0.00000299
-0.22500000, 0.90000000, -0.67500000, -0.00000350
-0.33750000, 0.90000000, -0.56250000, -0.00001684
-0.45000000, 0.90000000, -0.45000000, -0.00002568
-0.56250000, 0.90000000, -0.33750000, -0.00001648
-0.67500000, 0.90000000, -0.22500000, -0.00000522
-0.78750000, 0.90000000, -0.11250000, -0.00000106
-0.90000000, 0.90000000, 0.00000000, -0.00000124
-0.90000000, 0.78750000, 0.11250000, 0.00000051
-0.90000000, 0.67500000, 0.22500000, 0.00000032
-0.90000000, 0.56250000, 0.33750000, 0.00000007
-0.90000000, 0.45000000, 0.45000000, 0.00000004
-0.90000000, 0.33750000, 0.56250000, 0.00000000
-0.90000000, 0.22500000, 0.67500000, -0.00000005
-0.90000000, 0.11250000, 0.78750000, -0.00000054
-0.90000000, 0.00000000, 0.90000000, -0.00000069
-0.78750000, -0.11250000, 0.90000000, -0.00000054
-0.67500000, -0.22500000, 0.90000000, -0.00000005
-0.56250000, -0.33750000, 0.90000000, 0.00000000
-0.45000000, -0.45000000, 0.90000000, 0.00000004
-0.33750000, -0.56250000, 0.90000000, 0.00000007
-0.22500000, -0.67500000, 0.90000000, 0.00000032
-0.11250000, -0.78750000, 0.90000000, 0.00000051
0.00000000, -0.90000000, 0.90000000, -0.00000124
0.11250000, -0.90000000, 0.78750000, -0.00000106
0.22500000, -0.90000000, 0.67500000, -0.00000522
0.33750000, -0.90000000, 0.56250000, -0.00001648
0.45000000, -0.90000000, 0.45000000, -0.00002568
0.56250000, -0.90000000, 0.33750000, -0.00001684
0.67500000, -0.90000000, 0.22500000, -0.00000350
0.78750000, -0.90000000, 0.11250000, 0.00000299
0.90000000, -0.90000000, 0.00000000, 0.00000343
0.90000000, -0.78750000, -0.11250000, 0.00000282
0.90000000, -0.67500000, -0.22500000, 0.00000164
0.90000000, -0.56250000, -0.33750000, 0.00000063
0.90000000, -0.45000000, -0.45000000, -0.00000027
0.90000000, -0.33750000, -0.56250000, 0.00000138
0.90000000, -0.22500000, -0.67500000, 0.00000231
0.90000000, -0.11250000, -0.78750000, 0.00000309
0.95000000, 0.00000000, -0.95000000, -0.00000325
0.83125000, 0.11875000, -0.95000000, -0.00000303
0.71250000, 0.23750000, -0.95000000, -0.00000223
0.59375000, 0.35625000, -0.95000000, -0.00000125
0.47500000, 0.47500000, -0.95000000, 0.00000026
0.35625000, 0.59375000, -0.95000000, -0.00000067
0.23750000, 0.71250000, -0.95000000, -0.00000183
0.11875000, 0.83125000, -0.95000000, -0.00000322
0.00000000, 0.95000000, -0.95000000, -0.00000523
-0.11875000, 0.95000000, -0.83125000, -0.00000445
-0.23750000, 0.95000000, -0.71250000, -0.00000355
-0.35625000, 0.95000000, -0.59375000, -0.00000401
-0.47500000, 0.95000000, -0.47500000, -0.00000015
-0.59375000, 0.95000000, -0.35625000, 0.00000208
-0.71250000, 0.95000000, -0.23750000, 0.00000231
-0.83125000, 0.95000000, -0.11875000, 0.00000093
-0.95000000, 0.95000000, 0.00000000, 0.00000120
-0.95000000, 0.83125000, 0.11875000, -0.00000108
-0.95000000, 0.71250000, 0.23750000, -0.00000092
-0.95000000, 0.59375000, 0.35625000, -0.00000061
-0.95000000, 0.47500000, 0.47500000, -0.00000047
-0.95000000, 0.35625000, 0.59375000, -0.00000024
-0.95000000, 0.23750000, 0.71250000, 0.00000003
-0.95000000, 0.11875000, 0.83125000, 0.00000077
-0.95000000, 0.00000000, 0.95000000, 0.00000109
-0.83125000, -0.11875000, 0.95000000, 0.00000077
-0.71250000, -0.23750000, 0.95000000, 0.00000003
-0.59375000, -0.35625000, 0.95000000, -0.00000024
-0.47500000, -0.47500000, 0.95000000, -0.00000047
-0.35625000, -0.59375000, 0.95000000, -0.00000061
-0.23750000, -0.71250000, 0.95000000, -0.00000092
-0.11875000, -0.83125000, 0.95000000, -0.00000108
0.00000000, -0.95000000, 0.95000000, 0.00000120
0.11875000, -0.95000000, 0.83125000, 0.00000093
0.23750000, -0.95000000, 0.71250000, 0.00000231
0.35625000, -0.95000000, 0.59375000, 0.00000208
0.47500000, -0.95000000, 0.47500000, -0.00000015
0.59375000, -0.95000000, 0.35625000, -0.00000401
0.71250000, -0.95000000, 0.23750000, -0.00000355
0.83125000, -0.95000000, 0.11875000, -0.00000445
0.95000000, -0.95000000, 0.00000000, -0.00000523
0.95000000, -0.83125000, -0.11875000, -0.00000322
0.95000000, -0.71250000, -0.23750000, -0.00000183
0.95000000, -0.59375000, -0.35625000, -0.00000067
0.95000000, -0.47500000, -0.47500000, 0.00000026
0.95000000, -0.35625000, -0.59375000, -0.00000125
0.95000000, -0.23750000, -0.71250000, -0.00000223
0.95000000, -0.11875000, -0.83125000, -0.00000303
1.00000000, 0.00000000, -1.00000000, 0.00000000
0.87500000, 0.12500000, -1.00000000, 0.00000000
0.75000000, 0.25000000, -1.00000000, 0.00000000
0.62500000, 0.37500000, -1.00000000, 0.00000000
0.50000000, 0.50000000, -1.00000000, 0.00000000
0.37500000, 0.62500000, -1.00000000, 0.00000000
0.25000000, 0.75000000, -1.00000000, 0.00000000
0.12500000, 0.87500000, -1.00000000, 0.00000000
0.00000000, 1.00000000, -1.00000000, 0.00000000
-0.12500000, 1.00000000, -0.87500000, 0.00000000
-0.25000000, 1.00000000, -0.75000000, 0.00000000
-0.37500000, 1.00000000, -0.62500000, 0.00000000
-0.50000000, 1.00000000, -0.50000000, 0.00000000
-0.62500000, 1.00000000, -0.37500000, 0.00000000
-0.75000000, 1.00000000, -0.25000000, 0.00000000
-0.87500000, 1.00000000, -0.12500000, 0.00000000
-1.00000000, 1.00000000, 0.00000000, 0.00000000
-1.00000000, 0.87500000, 0.12500000, 0.00000000
-1.00000000, 0.75000000, 0.25000000, 0.00000000
-1.00000000, 0.62500000, 0.37500000, 0.00000000
-1.00000000, 0.50000000, 0.50000000, 0.00000000
-1.00000000, 0.37500000, 0.62500000, 0.00000000
-1.00000000, 0.25000000, 0.75000000, 0.00000000
-1.00000000, 0.12500000, 0.87500000, 0.00000000
-1.00000000, 0.00000000, 1.00000000, 0.00000000
-0.87500000, -0.12500000, 1.00000000, 0.00000000
-0.75000000, -0.25000000, 1.00000000, 0.00000000
-0.62500000, -0.37500000, 1.00000000, 0.00000000
-0.50000000, -0.50000000, 1.00000000, 0.00000000
-0.37500000, -0.62500000, 1.00000000, 0.00000000
-0.25000000, -0.75000000, 1.00000000, 0.00000000
-0.12500000, -0.87500000, 1.00000000, 0.00000000
0.00000000, -1.00000000, 1.00000000, 0.00000000
0.12500000, -1.00000000, 0.87500000, 0.00000000
0.25000000, -1.00000000, 0.75000000, 0.00000000
0.37500000, -1.00000000, 0.62500000, 0.00000000
0.50000000, -1.00000000, 0.50000000, 0.00000000
0.62500000, -1.00000000, 0.37500000, 0.00000000
0.75000000, -1.00000000, 0.25000000, 0.00000000
0.87500000, -1.00000000, 0.12500000, 0.00000000
1.00000000, -1.00000000, 0.00000000, 0.00000000
1.00000000, -0.87500000, -0.12500000, 0.00000000
1.00000000, -0.75000000, -0.25000000, 0.00000000
1.00000000, -0.62500000, -0.37500000, 0.00000000
1.00000000, -0.50000000, -0.50000000, 0.00000000
1.00000000, -0.37500000, -0.62500000, 0.00000000
1.00000000, -0.25000000, -0.75000000, 0.00000000
1.00000000, -0.12500000, -0.87500000, 0.00000000
