0.01000000, 0.00000000, -0.01000000, -0.00000000
0.00000000, 0.01000000, -0.01000000, -0.04633207
-0.00125000, 0.01000000, -0.00875000, -0.07815430
-0.00250000, 0.01000000, -0.00750000, -0.08630113
-0.00375000, 0.01000000, -0.00625000, -0.09981737
-0.00500000, 0.01000000, -0.00500000, -0.09680250
-0.00625000, 0.01000000, -0.00375000, -0.10009041
-0.00750000, 0.01000000, -0.00250000, -0.08748808
-0.00875000, 0.01000000, -0.00125000, -0.07991876
-0.01000000, 0.01000000, 0.00000000, -0.05023892
-0.01000000, 0.00875000, 0.00125000, -0.02363256
-0.01000000, 0.00750000, 0.00250000, -0.01033338
-0.01000000, 0.00625000, 0.00375000, -0.00241598
-0.01000000, 0.00500000, 0.00500000, 0.00208726
-0.01000000, 0.00375000, 0.00625000, 0.00331431
-0.01000000, 0.00250000, 0.00750000, 0.00417701
-0.01000000, 0.00125000, 0.00875000, 0.00225170
-0.01000000, 0.00000000, 0.01000000, -0.00000000
0.00000000, -0.01000000, 0.01000000, 0.05023892
0.00125000, -0.01000000, 0.00875000, 0.07991876
0.00250000, -0.01000000, 0.00750000, 0.08748808
0.00375000, -0.01000000, 0.00625000, 0.10009041
0.00500000, -0.01000000, 0.00500000, 0.09680250
0.00625000, -0.01000000, 0.00375000, 0.09981737
0.00750000, -0.01000000, 0.00250000, 0.08630113
0.00875000, -0.01000000, 0.00125000, 0.07815430
0.01000000, -0.01000000, 0.00000000, 0.04633207
0.01000000, -0.00875000, -0.00125000, 0.01855980
0.01000000, -0.00750000, -0.00250000, 0.00565252
0.01000000, -0.00625000, -0.00375000, -0.00209721
0.01000000, -0.00500000, -0.00500000, -0.00550258
0.01000000, -0.00375000, -0.00625000, -0.00576563
0.01000000, -0.00250000, -0.00750000, -0.00576789
0.01000000, -0.00125000, -0.00875000, -0.00304570
0.02000000, 0.00000000, -0.02000000, 0.00000000
0.01750000, 0.00250000, -0.02000000, 0.00125474
0.01500000, 0.00500000, -0.02000000, 0.00171718
0.01250000, 0.00750000, -0.02000000, 0.00171706
0.01000000, 0.01000000, -0.02000000, 0.00017801
0.00750000, 0.01250000, -0.02000000, -0.00291595
0.00500000, 0.01500000, -0.02000000, -0.00775168
0.00250000, 0.01750000, -0.02000000, -0.01649060
0.00000000, 0.02000000, -0.02000000, -0.03439441
-0.00250000, 0.02000000, -0.01750000, -0.05554475
-0.00500000, 0.02000000, -0.01500000, -0.06487542
-0.00750000, 0.02000000, -0.01250000, -0.07089259
-0.01000000, 0.02000000, -0.01000000, -0.07094474
-0.01250000, 0.02000000, -0.00750000, -0.07118195
-0.01500000, 0.02000000, -0.00500000, -0.06529277
-0.01750000, 0.02000000, -0.00250000, -0.05654326
-0.02000000, 0.02000000, 0.00000000, -0.03679345
-0.02000000, 0.01750000, 0.00250000, -0.01992635
-0.02000000, 0.01500000, 0.00500000, -0.01122233
-0.02000000, 0.01250000, 0.00750000, -0.00591544
-0.02000000, 0.01000000, 0.01000000, -0.00227576
-0.02000000, 0.00750000, 0.01250000, -0.00019257
-0.02000000, 0.00500000, 0.01500000, 0.00058960
-0.02000000, 0.00250000, 0.01750000, 0.00068317
-0.02000000, 0.00000000, 0.02000000, 0.00000000
-0.01750000, -0.00250000, 0.02000000, -0.00068317
-0.01500000, -0.00500000, 0.02000000, -0.00058960
-0.01250000, -0.00750000, 0.02000000, 0.00019257
-0.01000000, -0.01000000, 0.02000000, 0.00227576
-0.00750000, -0.01250000, 0.02000000, 0.00591544
-0.00500000, -0.01500000, 0.02000000, 0.01122233
-0.00250000, -0.01750000, 0.02000000, 0.01992635
0.00000000, -0.02000000, 0.02000000, 0.03679345
0.00250000, -0.02000000, 0.01750000, 0.05654326
0.00500000, -0.02000000, 0.01500000, 0.06529277
0.00750000, -0.02000000, 0.01250000, 0.07118195
0.01000000, -0.02000000, 0.01000000, 0.07094474
0.01250000, -0.02000000, 0.00750000, 0.07089259
0.01500000, -0.02000000, 0.00500000, 0.06487542
0.01750000, -0.02000000, 0.00250000, 0.05554475
0.02000000, -0.02000000, 0.00000000, 0.03439441
0.02000000, -0.01750000, -0.00250000, 0.01649060
0.02000000, -0.01500000, -0.00500000, 0.00775168
0.02000000, -0.01250000, -0.00750000, 0.00291595
0.02000000, -0.01000000, -0.01000000, -0.00017801
0.02000000, -0.00750000, -0.01250000, -0.00171706
0.02000000, -0.00500000, -0.01500000, -0.00171718
0.02000000, -0.00250000, -0.01750000, -0.00125474
0.03000000, 0.00000000, -0.03000000, -0.00000000
0.02625000, 0.00375000, -0.03000000, 0.00103124
0.02250000, 0.00750000, -0.03000000, 0.00136272
0.01875000, 0.01125000, -0.03000000, 0.00128440
0.01500000, 0.01500000, -0.03000000, 0.00020649
0.01125000, 0.01875000, -0.03000000, -0.00207228
0.00750000, 0.02250000, -0.03000000, -0.00593512
0.00375000, 0.02625000, -0.03000000, -0.01275659
0.00000000, 0.03000000, -0.03000000, -0.02707124
-0.00375000, 0.03000000, -0.02625000, -0.04550424
-0.00750000, 0.03000000, -0.02250000, -0.05389842
-0.01125000, 0.03000000, -0.01875000, -0.05891600
-0.01500000, 0.03000000, -0.01500000, -0.06052816
-0.01875000, 0.03000000, -0.01125000, -0.05918475
-0.02250000, 0.03000000, -0.00750000, -0.05443154
-0.02625000, 0.03000000, -0.00375000, -0.04665293
-0.03000000, 0.03000000, 0.00000000, -0.02955101
-0.03000000, 0.02625000, 0.00375000, -0.01608757
-0.03000000, 0.02250000, 0.00750000, -0.00925343
-0.03000000, 0.01875000, 0.01125000, -0.00498303
-0.03000000, 0.01500000, 0.01500000, -0.00217633
-0.03000000, 0.01125000, 0.01875000, -0.00049191
-0.03000000, 0.00750000, 0.02250000, 0.00026299
-0.03000000, 0.00375000, 0.02625000, 0.00046880
-0.03000000, 0.00000000, 0.03000000, -0.00000000
-0.02625000, -0.00375000, 0.03000000, -0.00046880
-0.02250000, -0.00750000, 0.03000000, -0.00026299
-0.01875000, -0.01125000, 0.03000000, 0.00049191
-0.01500000, -0.01500000, 0.03000000, 0.00217633
-0.01125000, -0.01875000, 0.03000000, 0.00498303
-0.00750000, -0.02250000, 0.03000000, 0.00925343
-0.00375000, -0.02625000, 0.03000000, 0.01608757
0.00000000, -0.03000000, 0.03000000, 0.02955101
0.00375000, -0.03000000, 0.02625000, 0.04665293
0.00750000, -0.03000000, 0.02250000, 0.05443154
0.01125000, -0.03000000, 0.01875000, 0.05918475
0.01500000, -0.03000000, 0.01500000, 0.06052816
0.01875000, -0.03000000, 0.01125000, 0.05891600
0.02250000, -0.03000000, 0.00750000, 0.05389842
0.02625000, -0.03000000, 0.00375000, 0.04550424
0.03000000, -0.03000000, 0.00000000, 0.02707124
0.03000000, -0.02625000, -0.00375000, 0.01275659
0.03000000, -0.02250000, -0.00750000, 0.00593512
0.03000000, -0.01875000, -0.01125000, 0.00207228
0.03000000, -0.01500000, -0.01500000, -0.00020649
0.03000000, -0.01125000, -0.01875000, -0.00128440
0.03000000, -0.00750000, -0.02250000, -0.00136272
0.03000000, -0.00375000, -0.02625000, -0.00103124
0.04000000, 0.00000000, -0.04000000, 0.00000000
0.03500000, 0.00500000, -0.04000000, 0.00102309
0.03000000, 0.01000000, -0.04000000, 0.00157805
0.02500000, 0.01500000, -0.04000000, 0.00164562
0.02000000, 0.02000000, -0.04000000, 0.00098331
0.01500000, 0.02500000, -0.04000000, -0.00068076
0.01000000, 0.03000000, -0.04000000, -0.00380692
0.00500000, 0.03500000, -0.04000000, -0.00935279
0.00000000, 0.04000000, -0.04000000, -0.02169161
-0.00500000, 0.04000000, -0.03500000, -0.03882786
-0.01000000, 0.04000000, -0.03000000, -0.04698883
-0.01500000, 0.04000000, -0.02500000, -0.05143964
-0.02000000, 0.04000000, -0.02000000, -0.05296342
-0.02500000, 0.04000000, -0.01500000, -0.05181520
-0.03000000, 0.04000000, -0.01000000, -0.04780851
-0.03500000, 0.04000000, -0.00500000, -0.04030847
-0.04000000, 0.04000000, 0.00000000, -0.02457547
-0.04000000, 0.03500000, 0.00500000, -0.01296302
-0.04000000, 0.03000000, 0.01000000, -0.00729639
-0.04000000, 0.02500000, 0.01500000, -0.00375062
-0.04000000, 0.02000000, 0.02000000, -0.00150681
-0.04000000, 0.01500000, 0.02500000, -0.00020311
-0.04000000, 0.01000000, 0.03000000, 0.00038771
-0.04000000, 0.00500000, 0.03500000, 0.00044054
-0.04000000, 0.00000000, 0.04000000, 0.00000000
-0.03500000, -0.00500000, 0.04000000, -0.00044054
-0.03000000, -0.01000000, 0.04000000, -0.00038771
-0.02500000, -0.01500000, 0.04000000, 0.00020311
-0.02000000, -0.02000000, 0.04000000, 0.00150681
-0.01500000, -0.02500000, 0.04000000, 0.00375062
-0.01000000, -0.03000000, 0.04000000, 0.00729639
-0.00500000, -0.03500000, 0.04000000, 0.01296302
0.00000000, -0.04000000, 0.04000000, 0.02457547
0.00500000, -0.04000000, 0.03500000, 0.04030847
0.01000000, -0.04000000, 0.03000000, 0.04780851
0.01500000, -0.04000000, 0.02500000, 0.05181520
0.02000000, -0.04000000, 0.02000000, 0.05296342
0.02500000, -0.04000000, 0.01500000, 0.05143964
0.03000000, -0.04000000, 0.01000000, 0.04698883
0.03500000, -0.04000000, 0.00500000, 0.03882786
0.04000000, -0.04000000, 0.00000000, 0.02169161
0.04000000, -0.03500000, -0.00500000, 0.00935279
0.04000000, -0.03000000, -0.01000000, 0.00380692
0.04000000, -0.02500000, -0.01500000, 0.00068076
0.04000000, -0.02000000, -0.02000000, -0.00098331
0.04000000, -0.01500000, -0.02500000, -0.00164562
0.04000000, -0.01000000, -0.03000000, -0.00157805
0.04000000, -0.00500000, -0.03500000, -0.00102309
0.05000000, 0.00000000, -0.05000000, -0.00000000
0.04375000, 0.00625000, -0.05000000, 0.00113564
0.03750000, 0.01250000, -0.05000000, 0.00185869
0.03125000, 0.01875000, -0.05000000, 0.00217880
0.02500000, 0.02500000, -0.05000000, 0.00185576
0.01875000, 0.03125000, -0.05000000, 0.00064587
0.01250000, 0.03750000, -0.05000000, -0.00183231
0.00625000, 0.04375000, -0.05000000, -0.00650683
0.00000000, 0.05000000, -0.05000000, -0.01745360
-0.00625000, 0.05000000, -0.04375000, -0.03364546
-0.01250000, 0.05000000, -0.03750000, -0.04147423
-0.01875000, 0.05000000, -0.03125000, -0.04575995
-0.02500000, 0.05000000, -0.02500000, -0.04735296
-0.03125000, 0.05000000, -0.01875000, -0.04627298
-0.03750000, 0.05000000, -0.01250000, -0.04255852
-0.04375000, 0.05000000, -0.00625000, -0.03550857
-0.05000000, 0.05000000, 0.00000000, -0.02081724
-0.05000000, 0.04375000, 0.00625000, -0.01047148
-0.05000000, 0.03750000, 0.01250000, -0.00559614
-0.05000000, 0.03125000, 0.01875000, -0.00263160
-0.05000000, 0.02500000, 0.02500000, -0.00080171
-0.05000000, 0.01875000, 0.03125000, 0.00020494
-0.05000000, 0.01250000, 0.03750000, 0.00058680
-0.05000000, 0.00625000, 0.04375000, 0.00051292
-0.05000000, 0.00000000, 0.05000000, -0.00000000
-0.04375000, -0.00625000, 0.05000000, -0.00051292
-0.03750000, -0.01250000, 0.05000000, -0.00058680
-0.03125000, -0.01875000, 0.05000000, -0.00020494
-0.02500000, -0.02500000, 0.05000000, 0.00080171
-0.01875000, -0.03125000, 0.05000000, 0.00263160
-0.01250000, -0.03750000, 0.05000000, 0.00559614
-0.00625000, -0.04375000, 0.05000000, 0.01047148
0.00000000, -0.05000000, 0.05000000, 0.02081724
0.00625000, -0.05000000, 0.04375000, 0.03550857
0.01250000, -0.05000000, 0.03750000, 0.04255852
0.01875000, -0.05000000, 0.03125000, 0.04627298
0.02500000, -0.05000000, 0.02500000, 0.04735296
0.03125000, -0.05000000, 0.01875000, 0.04575995
0.03750000, -0.05000000, 0.01250000, 0.04147423
0.04375000, -0.05000000, 0.00625000, 0.03364546
0.05000000, -0.05000000, 0.00000000, 0.01745360
0.05000000, -0.04375000, -0.00625000, 0.00650683
0.05000000, -0.03750000, -0.01250000, 0.00183231
0.05000000, -0.03125000, -0.01875000, -0.00064587
0.05000000, -0.02500000, -0.02500000, -0.00185576
0.05000000, -0.01875000, -0.03125000, -0.00217880
0.05000000, -0.01250000, -0.03750000, -0.00185869
0.05000000, -0.00625000, -0.04375000, -0.00113564
0.06000000, 0.00000000, -0.06000000, -0.00000000
0.05250000, 0.00750000, -0.06000000, 0.00116895
0.04500000, 0.01500000, -0.06000000, 0.00208251
0.03750000, 0.02250000, -0.06000000, 0.00263707
0.03000000, 0.03000000, -0.06000000, 0.00267338
0.02250000, 0.03750000, -0.06000000, 0.00189365
0.01500000, 0.04500000, -0.06000000, -0.00004705
0.00750000, 0.05250000, -0.06000000, -0.00404120
0.00000000, 0.06000000, -0.06000000, -0.01405794
-0.00750000, 0.06000000, -0.05250000, -0.02954918
-0.01500000, 0.06000000, -0.04500000, -0.03705596
-0.02250000, 0.06000000, -0.03750000, -0.04118188
-0.03000000, 0.06000000, -0.03000000, -0.04263275
-0.03750000, 0.06000000, -0.02250000, -0.04180497
-0.04500000, 0.06000000, -0.01500000, -0.03837553
-0.05250000, 0.06000000, -0.00750000, -0.03176321
-0.06000000, 0.06000000, 0.00000000, -0.01790191
-0.06000000, 0.05250000, 0.00750000, -0.00841666
-0.06000000, 0.04500000, 0.01500000, -0.00413739
-0.06000000, 0.03750000, 0.02250000, -0.00163078
-0.06000000, 0.03000000, 0.03000000, -0.00015740
-0.06000000, 0.02250000, 0.03750000, 0.00055712
-0.06000000, 0.01500000, 0.04500000, 0.00074652
-0.06000000, 0.00750000, 0.05250000, 0.00053062
-0.06000000, 0.00000000, 0.06000000, -0.00000000
-0.05250000, -0.00750000, 0.06000000, -0.00053062
-0.04500000, -0.01500000, 0.06000000, -0.00074652
-0.03750000, -0.02250000, 0.06000000, -0.00055712
-0.03000000, -0.03000000, 0.06000000, 0.00015740
-0.02250000, -0.03750000, 0.06000000, 0.00163078
-0.01500000, -0.04500000, 0.06000000, 0.00413739
-0.00750000, -0.05250000, 0.06000000, 0.00841666
0.00000000, -0.06000000, 0.06000000, 0.01790191
0.00750000, -0.06000000, 0.05250000, 0.03176321
0.01500000, -0.06000000, 0.04500000, 0.03837553
0.02250000, -0.06000000, 0.03750000, 0.04180497
0.03000000, -0.06000000, 0.03000000, 0.04263275
0.03750000, -0.06000000, 0.02250000, 0.04118188
0.04500000, -0.06000000, 0.01500000, 0.03705596
0.05250000, -0.06000000, 0.00750000, 0.02954918
0.06000000, -0.06000000, 0.00000000, 0.01405794
0.06000000, -0.05250000, -0.00750000, 0.00404120
0.06000000, -0.04500000, -0.01500000, 0.00004705
0.06000000, -0.03750000, -0.02250000, -0.00189365
0.06000000, -0.03000000, -0.03000000, -0.00267338
0.06000000, -0.02250000, -0.03750000, -0.00263707
0.06000000, -0.01500000, -0.04500000, -0.00208251
0.06000000, -0.00750000, -0.05250000, -0.00116895
0.07000000, 0.00000000, -0.07000000, -0.00000000
0.06125000, 0.00875000, -0.07000000, 0.00124336
0.05250000, 0.01750000, -0.07000000, 0.00233847
0.04375000, 0.02625000, -0.07000000, 0.00309630
0.03500000, 0.03500000, -0.07000000, 0.00337859
0.02625000, 0.04375000, -0.07000000, 0.00293482
0.01750000, 0.05250000, -0.07000000, 0.00141175
0.00875000, 0.06125000, -0.07000000, -0.00199931
0.00000000, 0.07000000, -0.07000000, -0.01108665
-0.00875000, 0.07000000, -0.06125000, -0.02590961
-0.01750000, 0.07000000, -0.05250000, -0.03324571
-0.02625000, 0.07000000, -0.04375000, -0.03728628
-0.03500000, 0.07000000, -0.03500000, -0.03879336
-0.04375000, 0.07000000, -0.02625000, -0.03803458
-0.05250000, 0.07000000, -0.01750000, -0.03481055
-0.06125000, 0.07000000, -0.00875000, -0.02847046
-0.07000000, 0.07000000, 0.00000000, -0.01539674
-0.07000000, 0.06125000, 0.00875000, -0.00672749
-0.07000000, 0.05250000, 0.01750000, -0.00294400
-0.07000000, 0.04375000, 0.02625000, -0.00079547
-0.07000000, 0.03500000, 0.03500000, 0.00039558
-0.07000000, 0.02625000, 0.04375000, 0.00090495
-0.07000000, 0.01750000, 0.05250000, 0.00093317
-0.07000000, 0.00875000, 0.06125000, 0.00058627
-0.07000000, 0.00000000, 0.07000000, -0.00000000
-0.06125000, -0.00875000, 0.07000000, -0.00058627
-0.05250000, -0.01750000, 0.07000000, -0.00093317
-0.04375000, -0.02625000, 0.07000000, -0.00090495
-0.03500000, -0.03500000, 0.07000000, -0.00039558
-0.02625000, -0.04375000, 0.07000000, 0.00079547
-0.01750000, -0.05250000, 0.07000000, 0.00294400
-0.00875000, -0.06125000, 0.07000000, 0.00672749
0.00000000, -0.07000000, 0.07000000, 0.01539674
0.00875000, -0.07000000, 0.06125000, 0.02847046
0.01750000, -0.07000000, 0.05250000, 0.03481055
0.02625000, -0.07000000, 0.04375000, 0.03803458
0.03500000, -0.07000000, 0.03500000, 0.03879336
0.04375000, -0.07000000, 0.02625000, 0.03728628
0.05250000, -0.07000000, 0.01750000, 0.03324571
0.06125000, -0.07000000, 0.00875000, 0.02590961
0.07000000, -0.07000000, 0.00000000, 0.01108665
0.07000000, -0.06125000, -0.00875000, 0.00199931
0.07000000, -0.05250000, -0.01750000, -0.00141175
0.07000000, -0.04375000, -0.02625000, -0.00293482
0.07000000, -0.03500000, -0.03500000, -0.00337859
0.07000000, -0.02625000, -0.04375000, -0.00309630
0.07000000, -0.01750000, -0.05250000, -0.00233847
0.07000000, -0.00875000, -0.06125000, -0.00124336
0.08000000, 0.00000000, -0.08000000, -0.00000000
0.07000000, 0.01000000, -0.08000000, 0.00134198
0.06000000, 0.02000000, -0.08000000, 0.00257616
0.05000000, 0.03000000, -0.08000000, 0.00350651
0.04000000, 0.04000000, -0.08000000, 0.00398740
0.03000000, 0.05000000, -0.08000000, 0.00381170
0.02000000, 0.06000000, -0.08000000, 0.00264057
0.01000000, 0.07000000, -0.08000000, -0.00028932
0.00000000, 0.08000000, -0.08000000, -0.00857190
-0.01000000, 0.08000000, -0.07000000, -0.02278170
-0.02000000, 0.08000000, -0.06000000, -0.02993612
-0.03000000, 0.08000000, -0.05000000, -0.03389483
-0.04000000, 0.08000000, -0.04000000, -0.03549141
-0.05000000, 0.08000000, -0.03000000, -0.03475839
-0.06000000, 0.08000000, -0.02000000, -0.03172343
-0.07000000, 0.08000000, -0.01000000, -0.02566436
-0.08000000, 0.08000000, 0.00000000, -0.01330055
-0.08000000, 0.07000000, 0.01000000, -0.00532211
-0.08000000, 0.06000000, 0.02000000, -0.00194280
-0.08000000, 0.05000000, 0.03000000, -0.00009035
-0.08000000, 0.04000000, 0.04000000, 0.00087433
-0.08000000, 0.03000000, 0.05000000, 0.00121934
-0.08000000, 0.02000000, 0.06000000, 0.00111204
-0.08000000, 0.01000000, 0.07000000, 0.00066166
-0.08000000, 0.00000000, 0.08000000, 0.00000000
-0.07000000, -0.01000000, 0.08000000, -0.00066166
-0.06000000, -0.02000000, 0.08000000, -0.00111204
-0.05000000, -0.03000000, 0.08000000, -0.00121934
-0.04000000, -0.04000000, 0.08000000, -0.00087433
-0.03000000, -0.05000000, 0.08000000, 0.00009035
-0.02000000, -0.06000000, 0.08000000, 0.00194280
-0.01000000, -0.07000000, 0.08000000, 0.00532211
0.00000000, -0.08000000, 0.08000000, 0.01330055
0.01000000, -0.08000000, 0.07000000, 0.02566436
0.02000000, -0.08000000, 0.06000000, 0.03172343
0.03000000, -0.08000000, 0.05000000, 0.03475839
0.04000000, -0.08000000, 0.04000000, 0.03549141
0.05000000, -0.08000000, 0.03000000, 0.03389483
0.06000000, -0.08000000, 0.02000000, 0.02993612
0.07000000, -0.08000000, 0.01000000, 0.02278170
0.08000000, -0.08000000, 0.00000000, 0.00857190
0.08000000, -0.07000000, -0.01000000, 0.00028932
0.08000000, -0.06000000, -0.02000000, -0.00264057
0.08000000, -0.05000000, -0.03000000, -0.00381170
0.08000000, -0.04000000, -0.04000000, -0.00398740
0.08000000, -0.03000000, -0.05000000, -0.00350651
0.08000000, -0.02000000, -0.06000000, -0.00257616
0.08000000, -0.01000000, -0.07000000, -0.00134198
0.09000000, 0.00000000, -0.09000000, 0.00000000
0.07875000, 0.01125000, -0.09000000, 0.00141797
0.06750000, 0.02250000, -0.09000000, 0.00275560
0.05625000, 0.03375000, -0.09000000, 0.00383190
0.04500000, 0.04500000, -0.09000000, 0.00451067
0.03375000, 0.05625000, -0.09000000, 0.00457275
0.02250000, 0.06750000, -0.09000000, 0.00371430
0.01125000, 0.07875000, -0.09000000, 0.00117883
0.00000000, 0.09000000, -0.09000000, -0.00649454
-0.01125000, 0.09000000, -0.07875000, -0.02017890
-0.02250000, 0.09000000, -0.06750000, -0.02707996
-0.03375000, 0.09000000, -0.05625000, -0.03092188
-0.04500000, 0.09000000, -0.04500000, -0.03250540
-0.05625000, 0.09000000, -0.03375000, -0.03187570
-0.06750000, 0.09000000, -0.02250000, -0.02905023
-0.07875000, 0.09000000, -0.01125000, -0.02333963
-0.09000000, 0.09000000, 0.00000000, -0.01158211
-0.09000000, 0.07875000, 0.01125000, -0.00412888
-0.09000000, 0.06750000, 0.02250000, -0.00107773
-0.09000000, 0.05625000, 0.03375000, 0.00052091
-0.09000000, 0.04500000, 0.04500000, 0.00129179
-0.09000000, 0.03375000, 0.05625000, 0.00147864
-0.09000000, 0.02250000, 0.06750000, 0.00125385
-0.09000000, 0.01125000, 0.07875000, 0.00072010
-0.09000000, 0.00000000, 0.09000000, 0.00000000
-0.07875000, -0.01125000, 0.09000000, -0.00072010
-0.06750000, -0.02250000, 0.09000000, -0.00125385
-0.05625000, -0.03375000, 0.09000000, -0.00147864
-0.04500000, -0.04500000, 0.09000000, -0.00129179
-0.03375000, -0.05625000, 0.09000000, -0.00052091
-0.02250000, -0.06750000, 0.09000000, 0.00107773
-0.01125000, -0.07875000, 0.09000000, 0.00412888
0.00000000, -0.09000000, 0.09000000, 0.01158211
0.01125000, -0.09000000, 0.07875000, 0.02333963
0.02250000, -0.09000000, 0.06750000, 0.02905023
0.03375000, -0.09000000, 0.05625000, 0.03187570
0.04500000, -0.09000000, 0.04500000, 0.03250540
0.05625000, -0.09000000, 0.03375000, 0.03092188
0.06750000, -0.09000000, 0.02250000, 0.02707996
0.07875000, -0.09000000, 0.01125000, 0.02017890
0.09000000, -0.09000000, 0.00000000, 0.00649454
0.09000000, -0.07875000, -0.01125000, -0.00117883
0.09000000, -0.06750000, -0.02250000, -0.00371430
0.09000000, -0.05625000, -0.03375000, -0.00457275
0.09000000, -0.04500000, -0.04500000, -0.00451067
0.09000000, -0.03375000, -0.05625000, -0.00383190
0.09000000, -0.02250000, -0.06750000, -0.00275560
0.09000000, -0.01125000, -0.07875000, -0.00141797
0.10000000, 0.00000000, -0.10000000, 0.00000000
0.08750000, 0.01250000, -0.10000000, 0.00146692
0.07500000, 0.02500000, -0.10000000, 0.00288667
0.06250000, 0.03750000, -0.10000000, 0.00408618
0.05000000, 0.05000000, -0.10000000, 0.00494802
0.03750000, 0.06250000, -0.10000000, 0.00522398
0.02500000, 0.07500000, -0.10000000, 0.00463747
0.01250000, 0.08750000, -0.10000000, 0.00243897
0.00000000, 0.10000000, -0.10000000, -0.00473463
-0.01250000, 0.10000000, -0.08750000, -0.01794895
-0.02500000, 0.10000000, -0.07500000, -0.02457293
-0.03750000, 0.10000000, -0.06250000, -0.02828571
-0.05000000, 0.10000000, -0.05000000, -0.02979844
-0.06250000, 0.10000000, -0.03750000, -0.02931159
-0.07500000, 0.10000000, -0.02500000, -0.02669424
-0.08750000, 0.10000000, -0.01250000, -0.02134440
-0.10000000, 0.10000000, 0.00000000, -0.01012593
-0.10000000, 0.08750000, 0.01250000, -0.00310417
-0.10000000, 0.07500000, 0.02500000, -0.00033036
-0.10000000, 0.06250000, 0.03750000, 0.00105115
-0.10000000, 0.05000000, 0.05000000, 0.00165214
-0.10000000, 0.03750000, 0.06250000, 0.00169343
-0.10000000, 0.02500000, 0.07500000, 0.00136614
-0.10000000, 0.01250000, 0.08750000, 0.00076083
-0.10000000, 0.00000000, 0.10000000, 0.00000000
-0.08750000, -0.01250000, 0.10000000, -0.00076083
-0.07500000, -0.02500000, 0.10000000, -0.00136614
-0.06250000, -0.03750000, 0.10000000, -0.00169343
-0.05000000, -0.05000000, 0.10000000, -0.00165214
-0.03750000, -0.06250000, 0.10000000, -0.00105115
-0.02500000, -0.07500000, 0.10000000, 0.00033036
-0.01250000, -0.08750000, 0.10000000, 0.00310417
0.00000000, -0.10000000, 0.10000000, 0.01012593
0.01250000, -0.10000000, 0.08750000, 0.02134440
0.02500000, -0.10000000, 0.07500000, 0.02669424
0.03750000, -0.10000000, 0.06250000, 0.02931159
0.05000000, -0.10000000, 0.05000000, 0.02979844
0.06250000, -0.10000000, 0.03750000, 0.02828571
0.07500000, -0.10000000, 0.02500000, 0.02457293
0.08750000, -0.10000000, 0.01250000, 0.01794895
0.10000000, -0.10000000, 0.00000000, 0.00473463
0.10000000, -0.08750000, -0.01250000, -0.00243897
0.10000000, -0.07500000, -0.02500000, -0.00463747
0.10000000, -0.06250000, -0.03750000, -0.00522398
0.10000000, -0.05000000, -0.05000000, -0.00494802
0.10000000, -0.03750000, -0.06250000, -0.00408618
0.10000000, -0.02500000, -0.07500000, -0.00288667
0.10000000, -0.01250000, -0.08750000, -0.00146692
0.15000000, 0.00000000, -0.15000000, -0.00000000
0.13125000, 0.01875000, -0.15000000, 0.00159393
0.11250000, 0.03750000, -0.15000000, 0.00322269
0.09375000, 0.05625000, -0.15000000, 0.00475530
0.07500000, 0.07500000, -0.15000000, 0.00605363
0.05625000, 0.09375000, -0.15000000, 0.00695383
0.03750000, 0.11250000, -0.15000000, 0.00719322
0.01875000, 0.13125000, -0.15000000, 0.00618783
0.00000000, 0.15000000, -0.15000000, 0.00123985
-0.01875000, 0.15000000, -0.13125000, -0.00960936
-0.03750000, 0.15000000, -0.11250000, -0.01514407
-0.05625000, 0.15000000, -0.09375000, -0.01833778
-0.07500000, 0.15000000, -0.07500000, -0.01980915
-0.09375000, 0.15000000, -0.05625000, -0.01958503
-0.11250000, 0.15000000, -0.03750000, -0.01769741
-0.13125000, 0.15000000, -0.01875000, -0.01363731
-0.15000000, 0.15000000, 0.00000000, -0.00491824
-0.15000000, 0.13125000, 0.01875000, 0.00024102
-0.15000000, 0.11250000, 0.03750000, 0.00203152
-0.15000000, 0.09375000, 0.05625000, 0.00272083
-0.15000000, 0.07500000, 0.07500000, 0.00278660
-0.15000000, 0.05625000, 0.09375000, 0.00243120
-0.15000000, 0.03750000, 0.11250000, 0.00178458
-0.15000000, 0.01875000, 0.13125000, 0.00094398
-0.15000000, 0.00000000, 0.15000000, 0.00000000
-0.13125000, -0.01875000, 0.15000000, -0.00094398
-0.11250000, -0.03750000, 0.15000000, -0.00178458
-0.09375000, -0.05625000, 0.15000000, -0.00243120
-0.07500000, -0.07500000, 0.15000000, -0.00278660
-0.05625000, -0.09375000, 0.15000000, -0.00272083
-0.03750000, -0.11250000, 0.15000000, -0.00203152
-0.01875000, -0.13125000, 0.15000000, -0.00024102
0.00000000, -0.15000000, 0.15000000, 0.00491824
0.01875000, -0.15000000, 0.13125000, 0.01363731
0.03750000, -0.15000000, 0.11250000, 0.01769741
0.05625000, -0.15000000, 0.09375000, 0.01958503
0.07500000, -0.15000000, 0.07500000, 0.01980915
0.09375000, -0.15000000, 0.05625000, 0.01833778
0.11250000, -0.15000000, 0.03750000, 0.01514407
0.13125000, -0.15000000, 0.01875000, 0.00960936
0.15000000, -0.15000000, 0.00000000, -0.00123985
0.15000000, -0.13125000, -0.01875000, -0.00618783
0.15000000, -0.11250000, -0.03750000, -0.00719322
0.15000000, -0.09375000, -0.05625000, -0.00695383
0.15000000, -0.07500000, -0.07500000, -0.00605363
0.15000000, -0.05625000, -0.09375000, -0.00475530
0.15000000, -0.03750000, -0.11250000, -0.00322269
0.15000000, -0.01875000, -0.13125000, -0.00159393
0.20000000, 0.00000000, -0.20000000, 0.00000000
0.17500000, 0.02500000, -0.20000000, 0.00146648
0.15000000, 0.05000000, -0.20000000, 0.00303930
0.12500000, 0.07500000, -0.20000000, 0.00458403
0.10000000, 0.10000000, -0.20000000, 0.00600725
0.07500000, 0.12500000, -0.20000000, 0.00711357
0.05000000, 0.15000000, -0.20000000, 0.00771352
0.02500000, 0.17500000, -0.20000000, 0.00729614
0.00000000, 0.20000000, -0.20000000, 0.00365454
-0.02500000, 0.20000000, -0.17500000, -0.00500665
-0.05000000, 0.20000000, -0.15000000, -0.00936098
-0.07500000, 0.20000000, -0.12500000, -0.01190339
-0.10000000, 0.20000000, -0.10000000, -0.01307414
-0.12500000, 0.20000000, -0.07500000, -0.01309611
-0.15000000, 0.20000000, -0.05000000, -0.01181060
-0.17500000, 0.20000000, -0.02500000, -0.00886618
-0.20000000, 0.20000000, 0.00000000, -0.00217007
-0.20000000, 0.17500000, 0.02500000, 0.00182406
-0.20000000, 0.15000000, 0.05000000, 0.00306884
-0.20000000, 0.12500000, 0.07500000, 0.00340023
-0.20000000, 0.10000000, 0.10000000, 0.00322296
-0.20000000, 0.07500000, 0.12500000, 0.00267790
-0.20000000, 0.05000000, 0.15000000, 0.00190910
-0.20000000, 0.02500000, 0.17500000, 0.00098372
-0.20000000, 0.00000000, 0.20000000, 0.00000000
-0.17500000, -0.02500000, 0.20000000, -0.00098372
-0.15000000, -0.05000000, 0.20000000, -0.00190910
-0.12500000, -0.07500000, 0.20000000, -0.00267790
-0.10000000, -0.10000000, 0.20000000, -0.00322296
-0.07500000, -0.12500000, 0.20000000, -0.00340023
-0.05000000, -0.15000000, 0.20000000, -0.00306884
-0.02500000, -0.17500000, 0.20000000, -0.00182406
0.00000000, -0.20000000, 0.20000000, 0.00217007
0.02500000, -0.20000000, 0.17500000, 0.00886618
0.05000000, -0.20000000, 0.15000000, 0.01181060
0.07500000, -0.20000000, 0.12500000, 0.01309611
0.10000000, -0.20000000, 0.10000000, 0.01307414
0.12500000, -0.20000000, 0.07500000, 0.01190339
0.15000000, -0.20000000, 0.05000000, 0.00936098
0.17500000, -0.20000000, 0.02500000, 0.00500665
0.20000000, -0.20000000, 0.00000000, -0.00365454
0.20000000, -0.17500000, -0.02500000, -0.00729614
0.20000000, -0.15000000, -0.05000000, -0.00771352
0.20000000, -0.12500000, -0.07500000, -0.00711357
0.20000000, -0.10000000, -0.10000000, -0.00600725
0.20000000, -0.07500000, -0.12500000, -0.00458403
0.20000000, -0.05000000, -0.15000000, -0.00303930
0.20000000, -0.02500000, -0.17500000, -0.00146648
0.25000000, 0.00000000, -0.25000000, -0.00000000
0.21875000, 0.03125000, -0.25000000, 0.00125586
0.18750000, 0.06250000, -0.25000000, 0.00263421
0.15625000, 0.09375000, -0.25000000, 0.00402135
0.12500000, 0.12500000, -0.25000000, 0.00530537
0.09375000, 0.15625000, -0.25000000, 0.00636362
0.06250000, 0.18750000, -0.25000000, 0.00701170
0.03125000, 0.21875000, -0.25000000, 0.00687333
0.00000000, 0.25000000, -0.25000000, 0.00428694
-0.03125000, 0.25000000, -0.21875000, -0.00226759
-0.06250000, 0.25000000, -0.18750000, -0.00559516
-0.09375000, 0.25000000, -0.15625000, -0.00756120
-0.12500000, 0.25000000, -0.12500000, -0.00853915
-0.15625000, 0.25000000, -0.09375000, -0.00856441
-0.18750000, 0.25000000, -0.06250000, -0.00764788
-0.21875000, 0.25000000, -0.03125000, -0.00549447
-0.25000000, 0.25000000, 0.00000000, -0.00056480
-0.25000000, 0.21875000, 0.03125000, 0.00240041
-0.25000000, 0.18750000, 0.06250000, 0.00328981
-0.25000000, 0.15625000, 0.09375000, 0.00345868
-0.25000000, 0.12500000, 0.12500000, 0.00319979
-0.25000000, 0.09375000, 0.15625000, 0.00263954
-0.25000000, 0.06250000, 0.18750000, 0.00186822
-0.25000000, 0.03125000, 0.21875000, 0.00096122
-0.25000000, 0.00000000, 0.25000000, -0.00000000
-0.21875000, -0.03125000, 0.25000000, -0.00096122
-0.18750000, -0.06250000, 0.25000000, -0.00186822
-0.15625000, -0.09375000, 0.25000000, -0.00263954
-0.12500000, -0.12500000, 0.25000000, -0.00319979
-0.09375000, -0.15625000, 0.25000000, -0.00345868
-0.06250000, -0.18750000, 0.25000000, -0.00328981
-0.03125000, -0.21875000, 0.25000000, -0.00240041
0.00000000, -0.25000000, 0.25000000, 0.00056480
0.03125000, -0.25000000, 0.21875000, 0.00549447
0.06250000, -0.25000000, 0.18750000, 0.00764788
0.09375000, -0.25000000, 0.15625000, 0.00856441
0.12500000, -0.25000000, 0.12500000, 0.00853915
0.15625000, -0.25000000, 0.09375000, 0.00756120
0.18750000, -0.25000000, 0.06250000, 0.00559516
0.21875000, -0.25000000, 0.03125000, 0.00226759
0.25000000, -0.25000000, 0.00000000, -0.00428694
0.25000000, -0.21875000, -0.03125000, -0.00687333
0.25000000, -0.18750000, -0.06250000, -0.00701170
0.25000000, -0.15625000, -0.09375000, -0.00636362
0.25000000, -0.12500000, -0.12500000, -0.00530537
0.25000000, -0.09375000, -0.15625000, -0.00402135
0.25000000, -0.06250000, -0.18750000, -0.00263421
0.25000000, -0.03125000, -0.21875000, -0.00125586
0.30000000, 0.00000000, -0.30000000, -0.00000000
0.26250000, 0.03750000, -0.30000000, 0.00098837
0.22500000, 0.07500000, -0.30000000, 0.00211070
0.18750000, 0.11250000, -0.30000000, 0.00325894
0.15000000, 0.15000000, -0.30000000, 0.00433897
0.11250000, 0.18750000, -0.30000000, 0.00522938
0.07500000, 0.22500000, -0.30000000, 0.00579307
0.03750000, 0.26250000, -0.30000000, 0.00571948
0.00000000, 0.30000000, -0.30000000, 0.00376286
-0.03750000, 0.30000000, -0.26250000, -0.00092069
-0.07500000, 0.30000000, -0.22500000, -0.00327926
-0.11250000, 0.30000000, -0.18750000, -0.00467270
-0.15000000, 0.30000000, -0.15000000, -0.00537243
-0.18750000, 0.30000000, -0.11250000, -0.00541295
-0.22500000, 0.30000000, -0.07500000, -0.00479856
-0.26250000, 0.30000000, -0.03750000, -0.00331765
-0.30000000, 0.30000000, 0.00000000, 0.00013691
-0.30000000, 0.26250000, 0.03750000, 0.00236231
-0.30000000, 0.22500000, 0.07500000, 0.00303885
-0.30000000, 0.18750000, 0.11250000, 0.00314220
-0.30000000, 0.15000000, 0.15000000, 0.00289299
-0.30000000, 0.11250000, 0.18750000, 0.00237688
-0.30000000, 0.07500000, 0.22500000, 0.00167659
-0.30000000, 0.03750000, 0.26250000, 0.00085687
-0.30000000, 0.00000000, 0.30000000, 0.00000000
-0.26250000, -0.03750000, 0.30000000, -0.00085687
-0.22500000, -0.07500000, 0.30000000, -0.00167659
-0.18750000, -0.11250000, 0.30000000, -0.00237688
-0.15000000, -0.15000000, 0.30000000, -0.00289299
-0.11250000, -0.18750000, 0.30000000, -0.00314220
-0.07500000, -0.22500000, 0.30000000, -0.00303885
-0.03750000, -0.26250000, 0.30000000, -0.00236231
0.00000000, -0.30000000, 0.30000000, -0.00013691
0.03750000, -0.30000000, 0.26250000, 0.00331765
0.07500000, -0.30000000, 0.22500000, 0.00479856
0.11250000, -0.30000000, 0.18750000, 0.00541295
0.15000000, -0.30000000, 0.15000000, 0.00537243
0.18750000, -0.30000000, 0.11250000, 0.00467270
0.22500000, -0.30000000, 0.07500000, 0.00327926
0.26250000, -0.30000000, 0.03750000, 0.00092069
0.30000000, -0.30000000, 0.00000000, -0.00376286
0.30000000, -0.26250000, -0.03750000, -0.00571948
0.30000000, -0.22500000, -0.07500000, -0.00579307
0.30000000, -0.18750000, -0.11250000, -0.00522938
0.30000000, -0.15000000, -0.15000000, -0.00433897
0.30000000, -0.11250000, -0.18750000, -0.00325894
0.30000000, -0.07500000, -0.22500000, -0.00211070
0.30000000, -0.03750000, -0.26250000, -0.00098837
0.35000000, 0.00000000, -0.35000000, 0.00000000
0.30625000, 0.04375000, -0.35000000, 0.00071559
0.26250000, 0.08750000, -0.35000000, 0.00157474
0.21875000, 0.13125000, -0.35000000, 0.00247017
0.17500000, 0.17500000, -0.35000000, 0.00332983
0.13125000, 0.21875000, -0.35000000, 0.00402254
0.08750000, 0.26250000, -0.35000000, 0.00444406
0.04375000, 0.30625000, -0.35000000, 0.00434458
0.00000000, 0.35000000, -0.35000000, 0.00280599
-0.04375000, 0.35000000, -0.30625000, -0.00035609
-0.08750000, 0.35000000, -0.26250000, -0.00189918
-0.13125000, 0.35000000, -0.21875000, -0.00280587
-0.17500000, 0.35000000, -0.17500000, -0.00322788
-0.21875000, 0.35000000, -0.13125000, -0.00329027
-0.26250000, 0.35000000, -0.08750000, -0.00290268
-0.30625000, 0.35000000, -0.04375000, -0.00195605
-0.35000000, 0.35000000, 0.00000000, 0.00033983
-0.35000000, 0.30625000, 0.04375000, 0.00199466
-0.35000000, 0.26250000, 0.08750000, 0.00253305
-0.35000000, 0.21875000, 0.13125000, 0.00262402
-0.35000000, 0.17500000, 0.17500000, 0.00242292
-0.35000000, 0.13125000, 0.21875000, 0.00198322
-0.35000000, 0.08750000, 0.26250000, 0.00139053
-0.35000000, 0.04375000, 0.30625000, 0.00069871
-0.35000000, 0.00000000, 0.35000000, 0.00000000
-0.30625000, -0.04375000, 0.35000000, -0.00069871
-0.26250000, -0.08750000, 0.35000000, -0.00139053
-0.21875000, -0.13125000, 0.35000000, -0.00198322
-0.17500000, -0.17500000, 0.35000000, -0.00242292
-0.13125000, -0.21875000, 0.35000000, -0.00262402
-0.08750000, -0.26250000, 0.35000000, -0.00253305
-0.04375000, -0.30625000, 0.35000000, -0.00199466
0.00000000, -0.35000000, 0.35000000, -0.00033983
0.04375000, -0.35000000, 0.30625000, 0.00195605
0.08750000, -0.35000000, 0.26250000, 0.00290268
0.13125000, -0.35000000, 0.21875000, 0.00329027
0.17500000, -0.35000000, 0.17500000, 0.00322788
0.21875000, -0.35000000, 0.13125000, 0.00280587
0.26250000, -0.35000000, 0.08750000, 0.00189918
0.30625000, -0.35000000, 0.04375000, 0.00035609
0.35000000, -0.35000000, 0.00000000, -0.00280599
0.35000000, -0.30625000, -0.04375000, -0.00434458
0.35000000, -0.26250000, -0.08750000, -0.00444406
0.35000000, -0.21875000, -0.13125000, -0.00402254
0.35000000, -0.17500000, -0.17500000, -0.00332983
0.35000000, -0.13125000, -0.21875000, -0.00247017
0.35000000, -0.08750000, -0.26250000, -0.00157474
0.35000000, -0.04375000, -0.30625000, -0.00071559
0.40000000, 0.00000000, -0.40000000, -0.00000000
0.35000000, 0.05000000, -0.40000000, 0.00049783
0.30000000, 0.10000000, -0.40000000, 0.00112041
0.25000000, 0.15000000, -0.40000000, 0.00178443
0.20000000, 0.20000000, -0.40000000, 0.00240857
0.15000000, 0.25000000, -0.40000000, 0.00290436
0.10000000, 0.30000000, -0.40000000, 0.00316722
0.05000000, 0.35000000, -0.40000000, 0.00303259
0.00000000, 0.40000000, -0.40000000, 0.00189940
-0.05000000, 0.40000000, -0.35000000, -0.00007720
-0.10000000, 0.40000000, -0.30000000, -0.00105023
-0.15000000, 0.40000000, -0.25000000, -0.00162493
-0.20000000, 0.40000000, -0.20000000, -0.00190537
-0.25000000, 0.40000000, -0.15000000, -0.00191449
-0.30000000, 0.40000000, -0.10000000, -0.00165171
-0.35000000, 0.40000000, -0.05000000, -0.00104739
-0.40000000, 0.40000000, 0.00000000, 0.00035765
-0.40000000, 0.35000000, 0.05000000, 0.00149877
-0.40000000, 0.30000000, 0.10000000, 0.00192645
-0.40000000, 0.25000000, 0.15000000, 0.00202968
-0.40000000, 0.20000000, 0.20000000, 0.00189119
-0.40000000, 0.15000000, 0.25000000, 0.00155881
-0.40000000, 0.10000000, 0.30000000, 0.00108781
-0.40000000, 0.05000000, 0.35000000, 0.00054083
-0.40000000, 0.00000000, 0.40000000, -0.00000000
-0.35000000, -0.05000000, 0.40000000, -0.00054083
-0.30000000, -0.10000000, 0.40000000, -0.00108781
-0.25000000, -0.15000000, 0.40000000, -0.00155881
-0.20000000, -0.20000000, 0.40000000, -0.00189119
-0.15000000, -0.25000000, 0.40000000, -0.00202968
-0.10000000, -0.30000000, 0.40000000, -0.00192645
-0.05000000, -0.35000000, 0.40000000, -0.00149877
0.00000000, -0.40000000, 0.40000000, -0.00035765
0.05000000, -0.40000000, 0.35000000, 0.00104739
0.10000000, -0.40000000, 0.30000000, 0.00165171
0.15000000, -0.40000000, 0.25000000, 0.00191449
0.20000000, -0.40000000, 0.20000000, 0.00190537
0.25000000, -0.40000000, 0.15000000, 0.00162493
0.30000000, -0.40000000, 0.10000000, 0.00105023
0.35000000, -0.40000000, 0.05000000, 0.00007720
0.40000000, -0.40000000, 0.00000000, -0.00189940
0.40000000, -0.35000000, -0.05000000, -0.00303259
0.40000000, -0.30000000, -0.10000000, -0.00316722
0.40000000, -0.25000000, -0.15000000, -0.00290436
0.40000000, -0.20000000, -0.20000000, -0.00240857
0.40000000, -0.15000000, -0.25000000, -0.00178443
0.40000000, -0.10000000, -0.30000000, -0.00112041
0.40000000, -0.05000000, -0.35000000, -0.00049783
0.45000000, 0.00000000, -0.45000000, -0.00000000
0.39375000, 0.05625000, -0.45000000, 0.00032841
0.33750000, 0.11250000, -0.45000000, 0.00075753
0.28125000, 0.16875000, -0.45000000, 0.00122639
0.22500000, 0.22500000, -0.45000000, 0.00165553
0.16875000, 0.28125000, -0.45000000, 0.00198436
0.11250000, 0.33750000, -0.45000000, 0.00212143
0.05625000, 0.39375000, -0.45000000, 0.00196123
0.00000000, 0.45000000, -0.45000000, 0.00114282
-0.05625000, 0.45000000, -0.39375000, 0.00000896
-0.11250000, 0.45000000, -0.33750000, -0.00057152
-0.16875000, 0.45000000, -0.28125000, -0.00091824
-0.22500000, 0.45000000, -0.22500000, -0.00110313
-0.28125000, 0.45000000, -0.16875000, -0.00107336
-0.33750000, 0.45000000, -0.11250000, -0.00089531
-0.39375000, 0.45000000, -0.05625000, -0.00052227
-0.45000000, 0.45000000, 0.00000000, 0.00026042
-0.45000000, 0.39375000, 0.05625000, 0.00101823
-0.45000000, 0.33750000, 0.11250000, 0.00135526
-0.45000000, 0.28125000, 0.16875000, 0.00146633
-0.45000000, 0.22500000, 0.22500000, 0.00138608
-0.45000000, 0.16875000, 0.28125000, 0.00115168
-0.45000000, 0.11250000, 0.33750000, 0.00079832
-0.45000000, 0.05625000, 0.39375000, 0.00039079
-0.45000000, 0.00000000, 0.45000000, -0.00000000
-0.39375000, -0.05625000, 0.45000000, -0.00039079
-0.33750000, -0.11250000, 0.45000000, -0.00079832
-0.28125000, -0.16875000, 0.45000000, -0.00115168
-0.22500000, -0.22500000, 0.45000000, -0.00138608
-0.16875000, -0.28125000, 0.45000000, -0.00146633
-0.11250000, -0.33750000, 0.45000000, -0.00135526
-0.05625000, -0.39375000, 0.45000000, -0.00101823
0.00000000, -0.45000000, 0.45000000, -0.00026042
0.05625000, -0.45000000, 0.39375000, 0.00052227
0.11250000, -0.45000000, 0.33750000, 0.00089531
0.16875000, -0.45000000, 0.28125000, 0.00107336
0.22500000, -0.45000000, 0.22500000, 0.00110313
0.28125000, -0.45000000, 0.16875000, 0.00091824
0.33750000, -0.45000000, 0.11250000, 0.00057152
0.39375000, -0.45000000, 0.05625000, -0.00000896
0.45000000, -0.45000000, 0.00000000, -0.00114282
0.45000000, -0.39375000, -0.05625000, -0.00196123
0.45000000, -0.33750000, -0.11250000, -0.00212143
0.45000000, -0.28125000, -0.16875000, -0.00198436
0.45000000, -0.22500000, -0.22500000, -0.00165553
0.45000000, -0.16875000, -0.28125000, -0.00122639
0.45000000, -0.11250000, -0.33750000, -0.00075753
0.45000000, -0.05625000, -0.39375000, -0.00032841
0.50000000, 0.00000000, -0.50000000, 0.00000000
0.43750000, 0.06250000, -0.50000000, 0.00019468
0.37500000, 0.12500000, -0.50000000, 0.00047636
0.31250000, 0.18750000, -0.50000000, 0.00079234
0.25000000, 0.25000000, -0.50000000, 0.00108892
0.18750000, 0.31250000, -0.50000000, 0.00129668
0.12500000, 0.37500000, -0.50000000, 0.00135667
0.06250000, 0.43750000, -0.50000000, 0.00118911
0.00000000, 0.50000000, -0.50000000, 0.00057439
-0.06250000, 0.50000000, -0.43750000, -0.00003312
-0.12500000, 0.50000000, -0.37500000, -0.00034101
-0.18750000, 0.50000000, -0.31250000, -0.00052581
-0.25000000, 0.50000000, -0.25000000, -0.00060763
-0.31250000, 0.50000000, -0.18750000, -0.00059473
-0.37500000, 0.50000000, -0.12500000, -0.00049121
-0.43750000, 0.50000000, -0.06250000, -0.00028992
-0.50000000, 0.50000000, 0.00000000, 0.00011844
-0.50000000, 0.43750000, 0.06250000, 0.00063385
-0.50000000, 0.37500000, 0.12500000, 0.00089436
-0.50000000, 0.31250000, 0.18750000, 0.00099780
-0.50000000, 0.25000000, 0.25000000, 0.00095915
-0.50000000, 0.18750000, 0.31250000, 0.00079330
-0.50000000, 0.12500000, 0.37500000, 0.00054091
-0.50000000, 0.06250000, 0.43750000, 0.00025365
-0.50000000, 0.00000000, 0.50000000, 0.00000000
-0.43750000, -0.06250000, 0.50000000, -0.00025365
-0.37500000, -0.12500000, 0.50000000, -0.00054091
-0.31250000, -0.18750000, 0.50000000, -0.00079330
-0.25000000, -0.25000000, 0.50000000, -0.00095915
-0.18750000, -0.31250000, 0.50000000, -0.00099780
-0.12500000, -0.37500000, 0.50000000, -0.00089436
-0.06250000, -0.43750000, 0.50000000, -0.00063385
0.00000000, -0.50000000, 0.50000000, -0.00011844
0.06250000, -0.50000000, 0.43750000, 0.00028992
0.12500000, -0.50000000, 0.37500000, 0.00049121
0.18750000, -0.50000000, 0.31250000, 0.00059473
0.25000000, -0.50000000, 0.25000000, 0.00060763
0.31250000, -0.50000000, 0.18750000, 0.00052581
0.37500000, -0.50000000, 0.12500000, 0.00034101
0.43750000, -0.50000000, 0.06250000, 0.00003312
0.50000000, -0.50000000, 0.00000000, -0.00057439
0.50000000, -0.43750000, -0.06250000, -0.00118911
0.50000000, -0.37500000, -0.12500000, -0.00135667
0.50000000, -0.31250000, -0.18750000, -0.00129668
0.50000000, -0.25000000, -0.25000000, -0.00108892
0.50000000, -0.18750000, -0.31250000, -0.00079234
0.50000000, -0.12500000, -0.37500000, -0.00047636
0.50000000, -0.06250000, -0.43750000, -0.00019468
0.55000000, 0.00000000, -0.55000000, 0.00000000
0.48125000, 0.06875000, -0.55000000, 0.00010330
0.41250000, 0.13750000, -0.55000000, 0.00027837
0.34375000, 0.20625000, -0.55000000, 0.00048274
0.27500000, 0.27500000, -0.55000000, 0.00068360
0.20625000, 0.34375000, -0.55000000, 0.00081001
0.13750000, 0.41250000, -0.55000000, 0.00082605
0.06875000, 0.48125000, -0.55000000, 0.00067737
0.00000000, 0.55000000, -0.55000000, 0.00024063
-0.06875000, 0.55000000, -0.48125000, -0.00006943
-0.13750000, 0.55000000, -0.41250000, -0.00021951
-0.20625000, 0.55000000, -0.34375000, -0.00031219
-0.27500000, 0.55000000, -0.27500000, -0.00033090
-0.34375000, 0.55000000, -0.20625000, -0.00033571
-0.41250000, 0.55000000, -0.13750000, -0.00027743
-0.48125000, 0.55000000, -0.06875000, -0.00017749
-0.55000000, 0.55000000, 0.00000000, 0.00002976
-0.55000000, 0.48125000, 0.06875000, 0.00036581
-0.55000000, 0.41250000, 0.13750000, 0.00055439
-0.55000000, 0.34375000, 0.20625000, 0.00064045
-0.55000000, 0.27500000, 0.27500000, 0.00062591
-0.55000000, 0.20625000, 0.34375000, 0.00051101
-0.55000000, 0.13750000, 0.41250000, 0.00033860
-0.55000000, 0.06875000, 0.48125000, 0.00014805
-0.55000000, 0.00000000, 0.55000000, 0.00000000
-0.48125000, -0.06875000, 0.55000000, -0.00014805
-0.41250000, -0.13750000, 0.55000000, -0.00033860
-0.34375000, -0.20625000, 0.55000000, -0.00051101
-0.27500000, -0.27500000, 0.55000000, -0.00062591
-0.20625000, -0.34375000, 0.55000000, -0.00064045
-0.13750000, -0.41250000, 0.55000000, -0.00055439
-0.06875000, -0.48125000, 0.55000000, -0.00036581
0.00000000, -0.55000000, 0.55000000, -0.00002976
0.06875000, -0.55000000, 0.48125000, 0.00017749
0.13750000, -0.55000000, 0.41250000, 0.00027743
0.20625000, -0.55000000, 0.34375000, 0.00033571
0.27500000, -0.55000000, 0.27500000, 0.00033090
0.34375000, -0.55000000, 0.20625000, 0.00031219
0.41250000, -0.55000000, 0.13750000, 0.00021951
0.48125000, -0.55000000, 0.06875000, 0.00006943
0.55000000, -0.55000000, 0.00000000, -0.00024063
0.55000000, -0.48125000, -0.06875000, -0.00067737
0.55000000, -0.41250000, -0.13750000, -0.00082605
0.55000000, -0.34375000, -0.20625000, -0.00081001
0.55000000, -0.27500000, -0.27500000, -0.00068360
0.55000000, -0.20625000, -0.34375000, -0.00048274
0.55000000, -0.13750000, -0.41250000, -0.00027837
0.55000000, -0.06875000, -0.48125000, -0.00010330
0.60000000, 0.00000000, -0.60000000, 0.00000000
0.52500000, 0.07500000, -0.60000000, 0.00005490
0.45000000, 0.15000000, -0.60000000, 0.00015684
0.37500000, 0.22500000, -0.60000000, 0.00028384
0.30000000, 0.30000000, -0.60000000, 0.00040498
0.22500000, 0.37500000, -0.60000000, 0.00047651
0.15000000, 0.45000000, -0.60000000, 0.00046639
0.07500000, 0.52500000, -0.60000000, 0.00035625
0.00000000, 0.60000000, -0.60000000, 0.00010630
-0.07500000, 0.60000000, -0.52500000, -0.00003968
-0.15000000, 0.60000000, -0.45000000, -0.00012612
-0.22500000, 0.60000000, -0.37500000, -0.00018738
-0.30000000, 0.60000000, -0.30000000, -0.00020687
-0.37500000, 0.60000000, -0.22500000, -0.00019486
-0.45000000, 0.60000000, -0.15000000, -0.00014629
-0.52500000, 0.60000000, -0.07500000, -0.00008119
-0.60000000, 0.60000000, 0.00000000, 0.00001782
-0.60000000, 0.52500000, 0.07500000, 0.00019660
-0.60000000, 0.45000000, 0.15000000, 0.00031833
-0.60000000, 0.37500000, 0.22500000, 0.00038491
-0.60000000, 0.30000000, 0.30000000, 0.00038262
-0.60000000, 0.22500000, 0.37500000, 0.00031218
-0.60000000, 0.15000000, 0.45000000, 0.00020011
-0.60000000, 0.07500000, 0.52500000, 0.00008267
-0.60000000, 0.00000000, 0.60000000, 0.00000000
-0.52500000, -0.07500000, 0.60000000, -0.00008267
-0.45000000, -0.15000000, 0.60000000, -0.00020011
-0.37500000, -0.22500000, 0.60000000, -0.00031218
-0.30000000, -0.30000000, 0.60000000, -0.00038262
-0.22500000, -0.37500000, 0.60000000, -0.00038491
-0.15000000, -0.45000000, 0.60000000, -0.00031833
-0.07500000, -0.52500000, 0.60000000, -0.00019660
0.00000000, -0.60000000, 0.60000000, -0.00001782
0.07500000, -0.60000000, 0.52500000, 0.00008119
0.15000000, -0.60000000, 0.45000000, 0.00014629
0.22500000, -0.60000000, 0.37500000, 0.00019486
0.30000000, -0.60000000, 0.30000000, 0.00020687
0.37500000, -0.60000000, 0.22500000, 0.00018738
0.45000000, -0.60000000, 0.15000000, 0.00012612
0.52500000, -0.60000000, 0.07500000, 0.00003968
0.60000000, -0.60000000, 0.00000000, -0.00010630
0.60000000, -0.52500000, -0.07500000, -0.00035625
0.60000000, -0.45000000, -0.15000000, -0.00046639
0.60000000, -0.37500000, -0.22500000, -0.00047651
0.60000000, -0.30000000, -0.30000000, -0.00040498
0.60000000, -0.22500000, -0.37500000, -0.00028384
0.60000000, -0.15000000, -0.45000000, -0.00015684
0.60000000, -0.07500000, -0.52500000, -0.00005490
0.65000000, 0.00000000, -0.65000000, -0.00000000
0.56875000, 0.08125000, -0.65000000, 0.00003210
0.48750000, 0.16250000, -0.65000000, 0.00008743
0.40625000, 0.24375000, -0.65000000, 0.00016216
0.32500000, 0.32500000, -0.65000000, 0.00022484
0.24375000, 0.40625000, -0.65000000, 0.00026052
0.16250000, 0.48750000, -0.65000000, 0.00023932
0.08125000, 0.56875000, -0.65000000, 0.00016889
0.00000000, 0.65000000, -0.65000000, 0.00006105
-0.08125000, 0.65000000, -0.56875000, 0.00000413
-0.16250000, 0.65000000, -0.48750000, -0.00005824
-0.24375000, 0.65000000, -0.40625000, -0.00011130
-0.32500000, 0.65000000, -0.32500000, -0.00014905
-0.40625000, 0.65000000, -0.24375000, -0.00011534
-0.48750000, 0.65000000, -0.16250000, -0.00006650
-0.56875000, 0.65000000, -0.08125000, -0.00001210
-0.65000000, 0.65000000, 0.00000000, 0.00002696
-0.65000000, 0.56875000, 0.08125000, 0.00009755
-0.65000000, 0.48750000, 0.16250000, 0.00016723
-0.65000000, 0.40625000, 0.24375000, 0.00021477
-0.65000000, 0.32500000, 0.32500000, 0.00021804
-0.65000000, 0.24375000, 0.40625000, 0.00018121
-0.65000000, 0.16250000, 0.48750000, 0.00011287
-0.65000000, 0.08125000, 0.56875000, 0.00004613
-0.65000000, 0.00000000, 0.65000000, -0.00000000
-0.56875000, -0.08125000, 0.65000000, -0.00004613
-0.48750000, -0.16250000, 0.65000000, -0.00011287
-0.40625000, -0.24375000, 0.65000000, -0.00018121
-0.32500000, -0.32500000, 0.65000000, -0.00021804
-0.24375000, -0.40625000, 0.65000000, -0.00021477
-0.16250000, -0.48750000, 0.65000000, -0.00016723
-0.08125000, -0.56875000, 0.65000000, -0.00009755
0.00000000, -0.65000000, 0.65000000, -0.00002696
0.08125000, -0.65000000, 0.56875000, 0.00001210
0.16250000, -0.65000000, 0.48750000, 0.00006650
0.24375000, -0.65000000, 0.40625000, 0.00011534
0.32500000, -0.65000000, 0.32500000, 0.00014905
0.40625000, -0.65000000, 0.24375000, 0.00011130
0.48750000, -0.65000000, 0.16250000, 0.00005824
0.56875000, -0.65000000, 0.08125000, -0.00000413
0.65000000, -0.65000000, 0.00000000, -0.00006105
0.65000000, -0.56875000, -0.08125000, -0.00016889
0.65000000, -0.48750000, -0.16250000, -0.00023932
0.65000000, -0.40625000, -0.24375000, -0.00026052
0.65000000, -0.32500000, -0.32500000, -0.00022484
0.65000000, -0.24375000, -0.40625000, -0.00016216
0.65000000, -0.16250000, -0.48750000, -0.00008743
0.65000000, -0.08125000, -0.56875000, -0.00003210
0.70000000, 0.00000000, -0.70000000, -0.00000000
0.61250000, 0.08750000, -0.70000000, 0.00001593
0.52500000, 0.17500000, -0.70000000, 0.00004428
0.43750000, 0.26250000, -0.70000000, 0.00008464
0.35000000, 0.35000000, -0.70000000, 0.00011834
0.26250000, 0.43750000, -0.70000000, 0.00013429
0.17500000, 0.52500000, -0.70000000, 0.00011646
0.08750000, 0.61250000, -0.70000000, 0.00007368
0.00000000, 0.70000000, -0.70000000, 0.00002078
-0.08750000, 0.70000000, -0.61250000, 0.00000344
-0.17500000, 0.70000000, -0.52500000, -0.00003161
-0.26250000, 0.70000000, -0.43750000, -0.00006878
-0.35000000, 0.70000000, -0.35000000, -0.00009525
-0.43750000, 0.70000000, -0.26250000, -0.00006991
-0.52500000, 0.70000000, -0.17500000, -0.00003414
-0.61250000, 0.70000000, -0.08750000, -0.00000169
-0.70000000, 0.70000000, 0.00000000, 0.00001059
-0.70000000, 0.61250000, 0.08750000, 0.00004394
-0.70000000, 0.52500000, 0.17500000, 0.00008204
-0.70000000, 0.43750000, 0.26250000, 0.00011151
-0.70000000, 0.35000000, 0.35000000, 0.00011623
-0.70000000, 0.26250000, 0.43750000, 0.00009608
-0.70000000, 0.17500000, 0.52500000, 0.00005755
-0.70000000, 0.08750000, 0.61250000, 0.00002222
-0.70000000, 0.00000000, 0.70000000, -0.00000000
-0.61250000, -0.08750000, 0.70000000, -0.00002222
-0.52500000, -0.17500000, 0.70000000, -0.00005755
-0.43750000, -0.26250000, 0.70000000, -0.00009608
-0.35000000, -0.35000000, 0.70000000, -0.00011623
-0.26250000, -0.43750000, 0.70000000, -0.00011151
-0.17500000, -0.52500000, 0.70000000, -0.00008204
-0.08750000, -0.61250000, 0.70000000, -0.00004394
0.00000000, -0.70000000, 0.70000000, -0.00001059
0.08750000, -0.70000000, 0.61250000, 0.00000169
0.17500000, -0.70000000, 0.52500000, 0.00003414
0.26250000, -0.70000000, 0.43750000, 0.00006991
0.35000000, -0.70000000, 0.35000000, 0.00009525
0.43750000, -0.70000000, 0.26250000, 0.00006878
0.52500000, -0.70000000, 0.17500000, 0.00003161
0.61250000, -0.70000000, 0.08750000, -0.00000344
0.70000000, -0.70000000, 0.00000000, -0.00002078
0.70000000, -0.61250000, -0.08750000, -0.00007368
0.70000000, -0.52500000, -0.17500000, -0.00011646
0.70000000, -0.43750000, -0.26250000, -0.00013429
0.70000000, -0.35000000, -0.35000000, -0.00011834
0.70000000, -0.26250000, -0.43750000, -0.00008464
0.70000000, -0.17500000, -0.52500000, -0.00004428
0.70000000, -0.08750000, -0.61250000, -0.00001593
0.75000000, 0.00000000, -0.75000000, 0.00000000
0.65625000, 0.09375000, -0.75000000, 0.00000260
0.56250000, 0.18750000, -0.75000000, 0.00001643
0.46875000, 0.28125000, -0.75000000, 0.00003588
0.37500000, 0.37500000, -0.75000000, 0.00005973
0.28125000, 0.46875000, -0.75000000, 0.00006735
0.18750000, 0.56250000, -0.75000000, 0.00005897
0.09375000, 0.65625000, -0.75000000, 0.00003293
0.00000000, 0.75000000, -0.75000000, -0.00001492
-0.09375000, 0.75000000, -0.65625000, -0.00002314
-0.18750000, 0.75000000, -0.56250000, -0.00002962
-0.28125000, 0.75000000, -0.46875000, -0.00004539
-0.37500000, 0.75000000, -0.37500000, -0.00004343
-0.46875000, 0.75000000, -0.28125000, -0.00004306
-0.56250000, 0.75000000, -0.18750000, -0.00002777
-0.65625000, 0.75000000, -0.09375000, -0.00002225
-0.75000000, 0.75000000, 0.00000000, -0.00001510
-0.75000000, 0.65625000, 0.09375000, 0.00001809
-0.75000000, 0.56250000, 0.18750000, 0.00003948
-0.75000000, 0.46875000, 0.28125000, 0.00005433
-0.75000000, 0.37500000, 0.37500000, 0.00005800
-0.75000000, 0.28125000, 0.46875000, 0.00004329
-0.75000000, 0.18750000, 0.56250000, 0.00002339
-0.75000000, 0.09375000, 0.65625000, 0.00000576
-0.75000000, 0.00000000, 0.75000000, -0.00000000
-0.65625000, -0.09375000, 0.75000000, -0.00000576
-0.56250000, -0.18750000, 0.75000000, -0.00002339
-0.46875000, -0.28125000, 0.75000000, -0.00004329
-0.37500000, -0.37500000, 0.75000000, -0.00005800
-0.28125000, -0.46875000, 0.75000000, -0.00005433
-0.18750000, -0.56250000, 0.75000000, -0.00003948
-0.09375000, -0.65625000, 0.75000000, -0.00001809
0.00000000, -0.75000000, 0.75000000, 0.00001510
0.09375000, -0.75000000, 0.65625000, 0.00002225
0.18750000, -0.75000000, 0.56250000, 0.00002777
0.28125000, -0.75000000, 0.46875000, 0.00004306
0.37500000, -0.75000000, 0.37500000, 0.00004343
0.46875000, -0.75000000, 0.28125000, 0.00004539
0.56250000, -0.75000000, 0.18750000, 0.00002962
0.65625000, -0.75000000, 0.09375000, 0.00002314
0.75000000, -0.75000000, 0.00000000, 0.00001492
0.75000000, -0.65625000, -0.09375000, -0.00003293
0.75000000, -0.56250000, -0.18750000, -0.00005897
0.75000000, -0.46875000, -0.28125000, -0.00006735
0.75000000, -0.37500000, -0.37500000, -0.00005973
0.75000000, -0.28125000, -0.46875000, -0.00003588
0.75000000, -0.18750000, -0.56250000, -0.00001643
0.75000000, -0.09375000, -0.65625000, -0.00000260
0.80000000, 0.00000000, -0.80000000, 0.00000000
0.70000000, 0.10000000, -0.80000000, -0.00000156
0.60000000, 0.20000000, -0.80000000, 0.00000424
0.50000000, 0.30000000, -0.80000000, 0.00001283
0.40000000, 0.40000000, -0.80000000, 0.00002672
0.30000000, 0.50000000, -0.80000000, 0.00003042
0.20000000, 0.60000000, -0.80000000, 0.00002693
0.10000000, 0.70000000, -0.80000000, 0.00001430
0.00000000, 0.80000000, -0.80000000, -0.00001247
-0.10000000, 0.80000000, -0.70000000, -0.00001988
-0.20000000, 0.80000000, -0.60000000, -0.00001895
-0.30000000, 0.80000000, -0.50000000, -0.00002626
-0.40000000, 0.80000000, -0.40000000, -0.00002032
-0.50000000, 0.80000000, -0.30000000, -0.00002413
-0.60000000, 0.80000000, -0.20000000, -0.00001700
-0.70000000, 0.80000000, -0.10000000, -0.00001844
-0.80000000, 0.80000000, 0.00000000, -0.00001164
-0.80000000, 0.70000000, 0.10000000, 0.00000730
-0.80000000, 0.60000000, 0.20000000, 0.00001718
-0.80000000, 0.50000000, 0.30000000, 0.00002373
-0.80000000, 0.40000000, 0.40000000, 0.00002566
-0.80000000, 0.30000000, 0.50000000, 0.00001687
-0.80000000, 0.20000000, 0.60000000, 0.00000755
-0.80000000, 0.10000000, 0.70000000, -0.00000007
-0.80000000, 0.00000000, 0.80000000, -0.00000000
-0.70000000, -0.10000000, 0.80000000, 0.00000007
-0.60000000, -0.20000000, 0.80000000, -0.00000755
-0.50000000, -0.30000000, 0.80000000, -0.00001687
-0.40000000, -0.40000000, 0.80000000, -0.00002566
-0.30000000, -0.50000000, 0.80000000, -0.00002373
-0.20000000, -0.60000000, 0.80000000, -0.00001718
-0.10000000, -0.70000000, 0.80000000, -0.00000730
0.00000000, -0.80000000, 0.80000000, 0.00001164
0.10000000, -0.80000000, 0.70000000, 0.00001844
0.20000000, -0.80000000, 0.60000000, 0.00001700
0.30000000, -0.80000000, 0.50000000, 0.00002413
0.40000000, -0.80000000, 0.40000000, 0.00002032
0.50000000, -0.80000000, 0.30000000, 0.00002626
0.60000000, -0.80000000, 0.20000000, 0.00001895
0.70000000, -0.80000000, 0.10000000, 0.00001988
0.80000000, -0.80000000, 0.00000000, 0.00001247
0.80000000, -0.70000000, -0.10000000, -0.00001430
0.80000000, -0.60000000, -0.20000000, -0.00002693
0.80000000, -0.50000000, -0.30000000, -0.00003042
0.80000000, -0.40000000, -0.40000000, -0.00002672
0.80000000, -0.30000000, -0.50000000, -0.00001283
0.80000000, -0.20000000, -0.60000000, -0.00000424
0.80000000, -0.10000000, -0.70000000, 0.00000156
0.85000000, 0.00000000, -0.85000000, -0.00000000
0.74375000, 0.10625000, -0.85000000, 0.00000222
0.63750000, 0.21250000, -0.85000000, 0.00000361
0.53125000, 0.31875000, -0.85000000, 0.00000735
0.42500000, 0.42500000, -0.85000000, 0.00000795
0.31875000, 0.53125000, -0.85000000, 0.00000841
0.21250000, 0.63750000, -0.85000000, 0.00000424
0.10625000, 0.74375000, -0.85000000, 0.00000241
0.00000000, 0.85000000, -0.85000000, 0.00001344
-0.10625000, 0.85000000, -0.74375000, 0.00001144
-0.21250000, 0.85000000, -0.63750000, 0.00000253
-0.31875000, 0.85000000, -0.53125000, -0.00000875
-0.42500000, 0.85000000, -0.42500000, -0.00002213
-0.53125000, 0.85000000, -0.31875000, -0.00000974
-0.63750000, 0.85000000, -0.21250000, 0.00000142
-0.74375000, 0.85000000, -0.10625000, 0.00001013
-0.85000000, 0.85000000, 0.00000000, 0.00001170
-0.85000000, 0.74375000, 0.10625000, 0.00000281
-0.85000000, 0.63750000, 0.21250000, 0.00000396
-0.85000000, 0.53125000, 0.31875000, 0.00000749
-0.85000000, 0.42500000, 0.42500000, 0.00000839
-0.85000000, 0.31875000, 0.53125000, 0.00000790
-0.85000000, 0.21250000, 0.63750000, 0.00000421
-0.85000000, 0.10625000, 0.74375000, 0.00000218
-0.85000000, 0.00000000, 0.85000000, -0.00000000
-0.74375000, -0.10625000, 0.85000000, -0.00000218
-0.63750000, -0.21250000, 0.85000000, -0.00000421
-0.53125000, -0.31875000, 0.85000000, -0.00000790
-0.42500000, -0.42500000, 0.85000000, -0.00000839
-0.31875000, -0.53125000, 0.85000000, -0.00000749
-0.21250000, -0.63750000, 0.85000000, -0.00000396
-0.10625000, -0.74375000, 0.85000000, -0.00000281
0.00000000, -0.85000000, 0.85000000, -0.00001170
0.10625000, -0.85000000, 0.74375000, -0.00001013
0.21250000, -0.85000000, 0.63750000, -0.00000142
0.31875000, -0.85000000, 0.53125000, 0.00000974
0.42500000, -0.85000000, 0.42500000, 0.00002213
0.53125000, -0.85000000, 0.31875000, 0.00000875
0.63750000, -0.85000000, 0.21250000, -0.00000253
0.74375000, -0.85000000, 0.10625000, -0.00001144
0.85000000, -0.85000000, 0.00000000, -0.00001344
0.85000000, -0.74375000, -0.10625000, -0.00000241
0.85000000, -0.63750000, -0.21250000, -0.00000424
0.85000000, -0.53125000, -0.31875000, -0.00000841
0.85000000, -0.42500000, -0.42500000, -0.00000795
0.85000000, -0.31875000, -0.53125000, -0.00000735
0.85000000, -0.21250000, -0.63750000, -0.00000361
0.85000000, -0.10625000, -0.74375000, -0.00000222
0.90000000, 0.00000000, -0.90000000, -0.00000000
0.78750000, 0.11250000, -0.90000000, 0.00000223
0.67500000, 0.22500000, -0.90000000, 0.00000239
0.56250000, 0.33750000, -0.90000000, 0.00000347
0.45000000, 0.45000000, -0.90000000, 0.00000136
0.33750000, 0.56250000, -0.90000000, 0.00000080
0.22500000, 0.67500000, -0.90000000, -0.00000155
0.11250000, 0.78750000, -0.90000000, -0.00000109
0.00000000, 0.90000000, -0.90000000, 0.00000809
-0.11250000, 0.90000000, -0.78750000, 0.00001073
-0.22500000, 0.90000000, -0.67500000, 0.00000492
-0.33750000, 0.90000000, -0.56250000, -0.00000182
-0.45000000, 0.90000000, -0.45000000, -0.00001215
-0.56250000, 0.90000000, -0.33750000, -0.00000278
-0.67500000, 0.90000000, -0.22500000, 0.00000387
-0.78750000, 0.90000000, -0.11250000, 0.00000970
-0.90000000, 0.90000000, 0.00000000, 0.00000724
-0.90000000, 0.78750000, 0.11250000, 0.00000039
-0.90000000, 0.67500000, 0.22500000, -0.00000012
-0.90000000, 0.56250000, 0.33750000, 0.00000133
-0.90000000, 0.45000000, 0.45000000, 0.00000180
-0.90000000, 0.33750000, 0.56250000, 0.00000311
-0.90000000, 0.22500000, 0.67500000, 0.00000217
-0.90000000, 0.11250000, 0.78750000, 0.00000193
-0.90000000, 0.00000000, 0.90000000, 0.00000000
-0.78750000, -0.11250000, 0.90000000, -0.00000193
-0.67500000, -0.22500000, 0.90000000, -0.00000217
-0.56250000, -0.33750000, 0.90000000, -0.00000311
-0.45000000, -0.45000000, 0.90000000, -0.00000180
-0.33750000, -0.56250000, 0.90000000, -0.00000133
-0.22500000, -0.67500000, 0.90000000, 0.00000012
-0.11250000, -0.78750000, 0.90000000, -0.00000039
0.00000000, -0.90000000, 0.90000000, -0.00000724
0.11250000, -0.90000000, 0.78750000, -0.00000970
0.22500000, -0.90000000, 0.67500000, -0.00000387
0.33750000, -0.90000000, 0.56250000, 0.00000278
0.45000000, -0.90000000, 0.45000000, 0.00001215
0.56250000, -0.90000000, 0.33750000, 0.00000182
0.67500000, -0.90000000, 0.22500000, -0.00000492
0.78750000, -0.90000000, 0.11250000, -0.00001073
0.90000000, -0.90000000, 0.00000000, -0.00000809
0.90000000, -0.78750000, -0.11250000, 0.00000109
0.90000000, -0.67500000, -0.22500000, 0.00000155
0.90000000, -0.56250000, -0.33750000, -0.00000080
0.90000000, -0.45000000, -0.45000000, -0.00000136
0.90000000, -0.33750000, -0.56250000, -0.00000347
0.90000000, -0.22500000, -0.67500000, -0.00000239
0.90000000, -0.11250000, -0.78750000, -0.00000223
0.95000000, 0.00000000, -0.95000000, 0.00000000
0.83125000, 0.11875000, -0.95000000, -0.00000192
0.71250000, 0.23750000, -0.95000000, -0.00000152
0.59375000, 0.35625000, -0.95000000, -0.00000174
0.47500000, 0.47500000, -0.95000000, 0.00000139
0.35625000, 0.59375000, -0.95000000, 0.00000189
0.23750000, 0.71250000, -0.95000000, 0.00000332
0.11875000, 0.83125000, -0.95000000, 0.00000148
0.00000000, 0.95000000, -0.95000000, -0.00001229
-0.11875000, 0.95000000, -0.83125000, -0.00001232
-0.23750000, 0.95000000, -0.71250000, -0.00000640
-0.35625000, 0.95000000, -0.59375000, -0.00000284
-0.47500000, 0.95000000, -0.47500000, 0.00000581
-0.59375000, 0.95000000, -0.35625000, -0.00000162
-0.71250000, 0.95000000, -0.23750000, -0.00000517
-0.83125000, 0.95000000, -0.11875000, -0.00001110
-0.95000000, 0.95000000, 0.00000000, -0.00001085
-0.95000000, 0.83125000, 0.11875000, -0.00000026
-0.95000000, 0.71250000, 0.23750000, 0.00000129
-0.95000000, 0.59375000, 0.35625000, 0.00000081
-0.95000000, 0.47500000, 0.47500000, 0.00000086
-0.95000000, 0.35625000, 0.59375000, -0.00000108
-0.95000000, 0.23750000, 0.71250000, -0.00000114
-0.95000000, 0.11875000, 0.83125000, -0.00000158
-0.95000000, 0.00000000, 0.95000000, 0.00000000
-0.83125000, -0.11875000, 0.95000000, 0.00000158
-0.71250000, -0.23750000, 0.95000000, 0.00000114
-0.59375000, -0.35625000, 0.95000000, 0.00000108
-0.47500000, -0.47500000, 0.95000000, -0.00000086
-0.35625000, -0.59375000, 0.95000000, -0.00000081
-0.23750000, -0.71250000, 0.95000000, -0.00000129
-0.11875000, -0.83125000, 0.95000000, 0.00000026
0.00000000, -0.95000000, 0.95000000, 0.00001085
0.11875000, -0.95000000, 0.83125000, 0.00001110
0.23750000, -0.95000000, 0.71250000, 0.00000517
0.35625000, -0.95000000, 0.59375000, 0.00000162
0.47500000, -0.95000000, 0.47500000, -0.00000581
0.59375000, -0.95000000, 0.35625000, 0.00000284
0.71250000, -0.95000000, 0.23750000, 0.00000640
0.83125000, -0.95000000, 0.11875000, 0.00001232
0.95000000, -0.95000000, 0.00000000, 0.00001229
0.95000000, -0.83125000, -0.11875000, -0.00000148
0.95000000, -0.71250000, -0.23750000, -0.00000332
0.95000000, -0.59375000, -0.35625000, -0.00000189
0.95000000, -0.47500000, -0.47500000, -0.00000139
0.95000000, -0.35625000, -0.59375000, 0.00000174
0.95000000, -0.23750000, -0.71250000, 0.00000152
0.95000000, -0.11875000, -0.83125000, 0.00000192
1.00000000, 0.00000000, -1.00000000, 0.00000000
0.87500000, 0.12500000, -1.00000000, 0.00000000
0.75000000, 0.25000000, -1.00000000, 0.00000000
0.62500000, 0.37500000, -1.00000000, 0.00000000
0.50000000, 0.50000000, -1.00000000, 0.00000000
0.37500000, 0.62500000, -1.00000000, 0.00000000
0.25000000, 0.75000000, -1.00000000, 0.00000000
0.12500000, 0.87500000, -1.00000000, 0.00000000
0.00000000, 1.00000000, -1.00000000, 0.00000000
-0.12500000, 1.00000000, -0.87500000, 0.00000000
-0.25000000, 1.00000000, -0.75000000, 0.00000000
-0.37500000, 1.00000000, -0.62500000, 0.00000000
-0.50000000, 1.00000000, -0.50000000, 0.00000000
-0.62500000, 1.00000000, -0.37500000, 0.00000000
-0.75000000, 1.00000000, -0.25000000, 0.00000000
-0.87500000, 1.00000000, -0.12500000, 0.00000000
-1.00000000, 1.00000000, 0.00000000, 0.00000000
-1.00000000, 0.87500000, 0.12500000, 0.00000000
-1.00000000, 0.75000000, 0.25000000, 0.00000000
-1.00000000, 0.62500000, 0.37500000, 0.00000000
-1.00000000, 0.50000000, 0.50000000, 0.00000000
-1.00000000, 0.37500000, 0.62500000, 0.00000000
-1.00000000, 0.25000000, 0.75000000, 0.00000000
-1.00000000, 0.12500000, 0.87500000, 0.00000000
-1.00000000, 0.00000000, 1.00000000, 0.00000000
-0.87500000, -0.12500000, 1.00000000, 0.00000000
-0.75000000, -0.25000000, 1.00000000, 0.00000000
-0.62500000, -0.37500000, 1.00000000, 0.00000000
-0.50000000, -0.50000000, 1.00000000, 0.00000000
-0.37500000, -0.62500000, 1.00000000, 0.00000000
-0.25000000, -0.75000000, 1.00000000, 0.00000000
-0.12500000, -0.87500000, 1.00000000, 0.00000000
0.00000000, -1.00000000, 1.00000000, 0.00000000
0.12500000, -1.00000000, 0.87500000, 0.00000000
0.25000000, -1.00000000, 0.75000000, 0.00000000
0.37500000, -1.00000000, 0.62500000, 0.00000000
0.50000000, -1.00000000, 0.50000000, 0.00000000
0.62500000, -1.00000000, 0.37500000, 0.00000000
0.75000000, -1.00000000, 0.25000000, 0.00000000
0.87500000, -1.00000000, 0.12500000, 0.00000000
1.00000000, -1.00000000, 0.00000000, 0.00000000
1.00000000, -0.87500000, -0.12500000, 0.00000000
1.00000000, -0.75000000, -0.25000000, 0.00000000
1.00000000, -0.62500000, -0.37500000, 0.00000000
1.00000000, -0.50000000, -0.50000000, 0.00000000
1.00000000, -0.37500000, -0.62500000, 0.00000000
1.00000000, -0.25000000, -0.75000000, 0.00000000
1.00000000, -0.12500000, -0.87500000, 0.00000000
