0.01000000, 0.00000000, -0.01000000, 0.03935049
0.00000000, 0.01000000, -0.01000000, 0.04751844
-0.00125000, 0.01000000, -0.00875000, 0.08688997
-0.00250000, 0.01000000, -0.00750000, 0.11484508
-0.00375000, 0.01000000, -0.00625000, 0.13177957
-0.00500000, 0.01000000, -0.00500000, 0.13597466
-0.00625000, 0.01000000, -0.00375000, 0.12942691
-0.00750000, 0.01000000, -0.00250000, 0.10889976
-0.00875000, 0.01000000, -0.00125000, 0.07842059
-0.01000000, 0.01000000, 0.00000000, 0.03497477
-0.01000000, 0.00875000, 0.00125000, 0.03557910
-0.01000000, 0.00750000, 0.00250000, 0.03557435
-0.01000000, 0.00625000, 0.00375000, 0.03652202
-0.01000000, 0.00500000, 0.00500000, 0.03644311
-0.01000000, 0.00375000, 0.00625000, 0.03778257
-0.01000000, 0.00250000, 0.00750000, 0.03734494
-0.01000000, 0.00125000, 0.00875000, 0.03867420
-0.01000000, 0.00000000, 0.01000000, 0.03935049
0.00000000, -0.01000000, 0.01000000, 0.04751844
0.00125000, -0.01000000, 0.00875000, 0.08688997
0.00250000, -0.01000000, 0.00750000, 0.11484508
0.00375000, -0.01000000, 0.00625000, 0.13177957
0.00500000, -0.01000000, 0.00500000, 0.13597466
0.00625000, -0.01000000, 0.00375000, 0.12942691
0.00750000, -0.01000000, 0.00250000, 0.10889976
0.00875000, -0.01000000, 0.00125000, 0.07842059
0.01000000, -0.01000000, 0.00000000, 0.03497477
0.01000000, -0.00875000, -0.00125000, 0.03557910
0.01000000, -0.00750000, -0.00250000, 0.03557435
0.01000000, -0.00625000, -0.00375000, 0.03652202
0.01000000, -0.00500000, -0.00500000, 0.03644311
0.01000000, -0.00375000, -0.00625000, 0.03778257
0.01000000, -0.00250000, -0.00750000, 0.03734494
0.01000000, -0.00125000, -0.00875000, 0.03867420
0.02000000, 0.00000000, -0.02000000, 0.03758361
0.01750000, 0.00250000, -0.02000000, 0.03940599
0.01500000, 0.00500000, -0.02000000, 0.04170544
0.01250000, 0.00750000, -0.02000000, 0.04387226
0.01000000, 0.01000000, -0.02000000, 0.04629140
0.00750000, 0.01250000, -0.02000000, 0.04814521
0.00500000, 0.01500000, -0.02000000, 0.04959443
0.00250000, 0.01750000, -0.02000000, 0.05006659
0.00000000, 0.02000000, -0.02000000, 0.04800995
-0.00250000, 0.02000000, -0.01750000, 0.06614722
-0.00500000, 0.02000000, -0.01500000, 0.07912682
-0.00750000, 0.02000000, -0.01250000, 0.08701301
-0.01000000, 0.02000000, -0.01000000, 0.08795740
-0.01250000, 0.02000000, -0.00750000, 0.08362639
-0.01500000, 0.02000000, -0.00500000, 0.07296920
-0.01750000, 0.02000000, -0.00250000, 0.05619618
-0.02000000, 0.02000000, 0.00000000, 0.03349586
-0.02000000, 0.01750000, 0.00250000, 0.03396142
-0.02000000, 0.01500000, 0.00500000, 0.03401495
-0.02000000, 0.01250000, 0.00750000, 0.03485837
-0.02000000, 0.01000000, 0.01000000, 0.03485218
-0.02000000, 0.00750000, 0.01250000, 0.03561497
-0.02000000, 0.00500000, 0.01500000, 0.03625682
-0.02000000, 0.00250000, 0.01750000, 0.03687601
-0.02000000, 0.00000000, 0.02000000, 0.03758361
-0.01750000, -0.00250000, 0.02000000, 0.03940599
-0.01500000, -0.00500000, 0.02000000, 0.04170544
-0.01250000, -0.00750000, 0.02000000, 0.04387226
-0.01000000, -0.01000000, 0.02000000, 0.04629140
-0.00750000, -0.01250000, 0.02000000, 0.04814521
-0.00500000, -0.01500000, 0.02000000, 0.04959443
-0.00250000, -0.01750000, 0.02000000, 0.05006659
0.00000000, -0.02000000, 0.02000000, 0.04800995
0.00250000, -0.02000000, 0.01750000, 0.06614722
0.00500000, -0.02000000, 0.01500000, 0.07912682
0.00750000, -0.02000000, 0.01250000, 0.08701301
0.01000000, -0.02000000, 0.01000000, 0.08795740
0.01250000, -0.02000000, 0.00750000, 0.08362639
0.01500000, -0.02000000, 0.00500000, 0.07296920
0.01750000, -0.02000000, 0.00250000, 0.05619618
0.02000000, -0.02000000, 0.00000000, 0.03349586
0.02000000, -0.01750000, -0.00250000, 0.03396142
0.02000000, -0.01500000, -0.00500000, 0.03401495
0.02000000, -0.01250000, -0.00750000, 0.03485837
0.02000000, -0.01000000, -0.01000000, 0.03485218
0.02000000, -0.00750000, -0.01250000, 0.03561497
0.02000000, -0.00500000, -0.01500000, 0.03625682
0.02000000, -0.00250000, -0.01750000, 0.03687601
0.03000000, 0.00000000, -0.03000000, 0.03660650
0.02625000, 0.00375000, -0.03000000, 0.03844526
0.02250000, 0.00750000, -0.03000000, 0.04084996
0.01875000, 0.01125000, -0.03000000, 0.04327092
0.01500000, 0.01500000, -0.03000000, 0.04582733
0.01125000, 0.01875000, -0.03000000, 0.04819928
0.00750000, 0.02250000, -0.03000000, 0.05011640
0.00375000, 0.02625000, -0.03000000, 0.05108974
0.00000000, 0.03000000, -0.03000000, 0.04943132
-0.00375000, 0.03000000, -0.02625000, 0.06025179
-0.00750000, 0.03000000, -0.02250000, 0.06803287
-0.01125000, 0.03000000, -0.01875000, 0.07262219
-0.01500000, 0.03000000, -0.01500000, 0.07298089
-0.01875000, 0.03000000, -0.01125000, 0.06927241
-0.02250000, 0.03000000, -0.00750000, 0.06149975
-0.02625000, 0.03000000, -0.00375000, 0.04962457
-0.03000000, 0.03000000, 0.00000000, 0.03382781
-0.03000000, 0.02625000, 0.00375000, 0.03402310
-0.03000000, 0.02250000, 0.00750000, 0.03388374
-0.03000000, 0.01875000, 0.01125000, 0.03432010
-0.03000000, 0.01500000, 0.01500000, 0.03460915
-0.03000000, 0.01125000, 0.01875000, 0.03490591
-0.03000000, 0.00750000, 0.02250000, 0.03537918
-0.03000000, 0.00375000, 0.02625000, 0.03592359
-0.03000000, 0.00000000, 0.03000000, 0.03660650
-0.02625000, -0.00375000, 0.03000000, 0.03844526
-0.02250000, -0.00750000, 0.03000000, 0.04084996
-0.01875000, -0.01125000, 0.03000000, 0.04327092
-0.01500000, -0.01500000, 0.03000000, 0.04582733
-0.01125000, -0.01875000, 0.03000000, 0.04819928
-0.00750000, -0.02250000, 0.03000000, 0.05011640
-0.00375000, -0.02625000, 0.03000000, 0.05108974
0.00000000, -0.03000000, 0.03000000, 0.04943132
0.00375000, -0.03000000, 0.02625000, 0.06025179
0.00750000, -0.03000000, 0.02250000, 0.06803287
0.01125000, -0.03000000, 0.01875000, 0.07262219
0.01500000, -0.03000000, 0.01500000, 0.07298089
0.01875000, -0.03000000, 0.01125000, 0.06927241
0.02250000, -0.03000000, 0.00750000, 0.06149975
0.02625000, -0.03000000, 0.00375000, 0.04962457
0.03000000, -0.03000000, 0.00000000, 0.03382781
0.03000000, -0.02625000, -0.00375000, 0.03402310
0.03000000, -0.02250000, -0.00750000, 0.03388374
0.03000000, -0.01875000, -0.01125000, 0.03432010
0.03000000, -0.01500000, -0.01500000, 0.03460915
0.03000000, -0.01125000, -0.01875000, 0.03490591
0.03000000, -0.00750000, -0.02250000, 0.03537918
0.03000000, -0.00375000, -0.02625000, 0.03592359
0.04000000, 0.00000000, -0.04000000, 0.03598042
0.03500000, 0.00500000, -0.04000000, 0.03781384
0.03000000, 0.01000000, -0.04000000, 0.04025057
0.02500000, 0.01500000, -0.04000000, 0.04297304
0.02000000, 0.02000000, -0.04000000, 0.04582823
0.01500000, 0.02500000, -0.04000000, 0.04855614
0.01000000, 0.03000000, -0.04000000, 0.05089859
0.00500000, 0.03500000, -0.04000000, 0.05232373
0.00000000, 0.04000000, -0.04000000, 0.05104888
-0.00500000, 0.04000000, -0.03500000, 0.05814159
-0.01000000, 0.04000000, -0.03000000, 0.06355290
-0.01500000, 0.04000000, -0.02500000, 0.06634327
-0.02000000, 0.04000000, -0.02000000, 0.06617795
-0.02500000, 0.04000000, -0.01500000, 0.06296602
-0.03000000, 0.04000000, -0.01000000, 0.05665724
-0.03500000, 0.04000000, -0.00500000, 0.04725005
-0.04000000, 0.04000000, 0.00000000, 0.03488173
-0.04000000, 0.03500000, 0.00500000, 0.03470078
-0.04000000, 0.03000000, 0.01000000, 0.03452353
-0.04000000, 0.02500000, 0.01500000, 0.03444844
-0.04000000, 0.02000000, 0.02000000, 0.03449101
-0.04000000, 0.01500000, 0.02500000, 0.03463514
-0.04000000, 0.01000000, 0.03000000, 0.03491423
-0.04000000, 0.00500000, 0.03500000, 0.03536720
-0.04000000, 0.00000000, 0.04000000, 0.03598042
-0.03500000, -0.00500000, 0.04000000, 0.03781384
-0.03000000, -0.01000000, 0.04000000, 0.04025057
-0.02500000, -0.01500000, 0.04000000, 0.04297304
-0.02000000, -0.02000000, 0.04000000, 0.04582823
-0.01500000, -0.02500000, 0.04000000, 0.04855614
-0.01000000, -0.03000000, 0.04000000, 0.05089859
-0.00500000, -0.03500000, 0.04000000, 0.05232373
0.00000000, -0.04000000, 0.04000000, 0.05104888
0.00500000, -0.04000000, 0.03500000, 0.05814159
0.01000000, -0.04000000, 0.03000000, 0.06355290
0.01500000, -0.04000000, 0.02500000, 0.06634327
0.02000000, -0.04000000, 0.02000000, 0.06617795
0.02500000, -0.04000000, 0.01500000, 0.06296602
0.03000000, -0.04000000, 0.01000000, 0.05665724
0.03500000, -0.04000000, 0.00500000, 0.04725005
0.04000000, -0.04000000, 0.00000000, 0.03488173
0.04000000, -0.03500000, -0.00500000, 0.03470078
0.04000000, -0.03000000, -0.01000000, 0.03452353
0.04000000, -0.02500000, -0.01500000, 0.03444844
0.04000000, -0.02000000, -0.02000000, 0.03449101
0.04000000, -0.01500000, -0.02500000, 0.03463514
0.04000000, -0.01000000, -0.03000000, 0.03491423
0.04000000, -0.00500000, -0.03500000, 0.03536720
0.05000000, 0.00000000, -0.05000000, 0.03557787
0.04375000, 0.00625000, -0.05000000, 0.03740019
0.03750000, 0.01250000, -0.05000000, 0.03993886
0.03125000, 0.01875000, -0.05000000, 0.04287020
0.02500000, 0.02500000, -0.05000000, 0.04600882
0.01875000, 0.03125000, -0.05000000, 0.04909699
0.01250000, 0.03750000, -0.05000000, 0.05183172
0.00625000, 0.04375000, -0.05000000, 0.05366750
0.00000000, 0.05000000, -0.05000000, 0.05271142
-0.00625000, 0.05000000, -0.04375000, 0.05755860
-0.01250000, 0.05000000, -0.03750000, 0.06144055
-0.01875000, 0.05000000, -0.03125000, 0.06332260
-0.02500000, 0.05000000, -0.02500000, 0.06285825
-0.03125000, 0.05000000, -0.01875000, 0.05993050
-0.03750000, 0.05000000, -0.01250000, 0.05454224
-0.04375000, 0.05000000, -0.00625000, 0.04664191
-0.05000000, 0.05000000, 0.00000000, 0.03635282
-0.05000000, 0.04375000, 0.00625000, 0.03576839
-0.05000000, 0.03750000, 0.01250000, 0.03527544
-0.05000000, 0.03125000, 0.01875000, 0.03489122
-0.05000000, 0.02500000, 0.02500000, 0.03466674
-0.05000000, 0.01875000, 0.03125000, 0.03454561
-0.05000000, 0.01250000, 0.03750000, 0.03464618
-0.05000000, 0.00625000, 0.04375000, 0.03498878
-0.05000000, 0.00000000, 0.05000000, 0.03557787
-0.04375000, -0.00625000, 0.05000000, 0.03740019
-0.03750000, -0.01250000, 0.05000000, 0.03993886
-0.03125000, -0.01875000, 0.05000000, 0.04287020
-0.02500000, -0.02500000, 0.05000000, 0.04600882
-0.01875000, -0.03125000, 0.05000000, 0.04909699
-0.01250000, -0.03750000, 0.05000000, 0.05183172
-0.00625000, -0.04375000, 0.05000000, 0.05366750
0.00000000, -0.05000000, 0.05000000, 0.05271142
0.00625000, -0.05000000, 0.04375000, 0.05755860
0.01250000, -0.05000000, 0.03750000, 0.06144055
0.01875000, -0.05000000, 0.03125000, 0.06332260
0.02500000, -0.05000000, 0.02500000, 0.06285825
0.03125000, -0.05000000, 0.01875000, 0.05993050
0.03750000, -0.05000000, 0.01250000, 0.05454224
0.04375000, -0.05000000, 0.00625000, 0.04664191
0.05000000, -0.05000000, 0.00000000, 0.03635282
0.05000000, -0.04375000, -0.00625000, 0.03576839
0.05000000, -0.03750000, -0.01250000, 0.03527544
0.05000000, -0.03125000, -0.01875000, 0.03489122
0.05000000, -0.02500000, -0.02500000, 0.03466674
0.05000000, -0.01875000, -0.03125000, 0.03454561
0.05000000, -0.01250000, -0.03750000, 0.03464618
0.05000000, -0.00625000, -0.04375000, 0.03498878
0.06000000, 0.00000000, -0.06000000, 0.03535263
0.05250000, 0.00750000, -0.06000000, 0.03717282
0.04500000, 0.01500000, -0.06000000, 0.03981508
0.03750000, 0.02250000, -0.06000000, 0.04294362
0.03000000, 0.03000000, -0.06000000, 0.04634636
0.02250000, 0.03750000, -0.06000000, 0.04973660
0.01500000, 0.04500000, -0.06000000, 0.05282339
0.00750000, 0.05250000, -0.06000000, 0.05503026
0.00000000, 0.06000000, -0.06000000, 0.05438033
-0.00750000, 0.06000000, -0.05250000, 0.05764688
-0.01500000, 0.06000000, -0.04500000, 0.06056031
-0.02250000, 0.06000000, -0.03750000, 0.06187076
-0.03000000, 0.06000000, -0.03000000, 0.06124439
-0.03750000, 0.06000000, -0.02250000, 0.05861602
-0.04500000, 0.06000000, -0.01500000, 0.05388759
-0.05250000, 0.06000000, -0.00750000, 0.04704458
-0.06000000, 0.06000000, 0.00000000, 0.03815154
-0.06000000, 0.05250000, 0.00750000, 0.03704220
-0.06000000, 0.04500000, 0.01500000, 0.03617198
-0.06000000, 0.03750000, 0.02250000, 0.03547690
-0.06000000, 0.03000000, 0.03000000, 0.03496784
-0.06000000, 0.02250000, 0.03750000, 0.03467206
-0.06000000, 0.01500000, 0.04500000, 0.03461199
-0.06000000, 0.00750000, 0.05250000, 0.03482972
-0.06000000, 0.00000000, 0.06000000, 0.03535263
-0.05250000, -0.00750000, 0.06000000, 0.03717282
-0.04500000, -0.01500000, 0.06000000, 0.03981508
-0.03750000, -0.02250000, 0.06000000, 0.04294362
-0.03000000, -0.03000000, 0.06000000, 0.04634636
-0.02250000, -0.03750000, 0.06000000, 0.04973660
-0.01500000, -0.04500000, 0.06000000, 0.05282339
-0.00750000, -0.05250000, 0.06000000, 0.05503026
0.00000000, -0.06000000, 0.06000000, 0.05438033
0.00750000, -0.06000000, 0.05250000, 0.05764688
0.01500000, -0.06000000, 0.04500000, 0.06056031
0.02250000, -0.06000000, 0.03750000, 0.06187076
0.03000000, -0.06000000, 0.03000000, 0.06124439
0.03750000, -0.06000000, 0.02250000, 0.05861602
0.04500000, -0.06000000, 0.01500000, 0.05388759
0.05250000, -0.06000000, 0.00750000, 0.04704458
0.06000000, -0.06000000, 0.00000000, 0.03815154
0.06000000, -0.05250000, -0.00750000, 0.03704220
0.06000000, -0.04500000, -0.01500000, 0.03617198
0.06000000, -0.03750000, -0.02250000, 0.03547690
0.06000000, -0.03000000, -0.03000000, 0.03496784
0.06000000, -0.02250000, -0.03750000, 0.03467206
0.06000000, -0.01500000, -0.04500000, 0.03461199
0.06000000, -0.00750000, -0.05250000, 0.03482972
0.07000000, 0.00000000, -0.07000000, 0.03525453
0.06125000, 0.00875000, -0.07000000, 0.03708825
0.05250000, 0.01750000, -0.07000000, 0.03980897
0.04375000, 0.02625000, -0.07000000, 0.04312530
0.03500000, 0.03500000, -0.07000000, 0.04678138
0.02625000, 0.04375000, -0.07000000, 0.05047655
0.01750000, 0.05250000, -0.07000000, 0.05390048
0.00875000, 0.06125000, -0.07000000, 0.05644533
0.00000000, 0.07000000, -0.07000000, 0.05603037
-0.00875000, 0.07000000, -0.06125000, 0.05812373
-0.01750000, 0.07000000, -0.05250000, 0.06043745
-0.02625000, 0.07000000, -0.04375000, 0.06136257
-0.03500000, 0.07000000, -0.03500000, 0.06066552
-0.04375000, 0.07000000, -0.02625000, 0.05824848
-0.05250000, 0.07000000, -0.01750000, 0.05403237
-0.06125000, 0.07000000, -0.00875000, 0.04799175
-0.07000000, 0.07000000, 0.00000000, 0.04014857
-0.07000000, 0.06125000, 0.00875000, 0.03848531
-0.07000000, 0.05250000, 0.01750000, 0.03727787
-0.07000000, 0.04375000, 0.02625000, 0.03623458
-0.07000000, 0.03500000, 0.03500000, 0.03543481
-0.07000000, 0.02625000, 0.04375000, 0.03489621
-0.07000000, 0.01750000, 0.05250000, 0.03464920
-0.07000000, 0.00875000, 0.06125000, 0.03474267
-0.07000000, 0.00000000, 0.07000000, 0.03525453
-0.06125000, -0.00875000, 0.07000000, 0.03708825
-0.05250000, -0.01750000, 0.07000000, 0.03980897
-0.04375000, -0.02625000, 0.07000000, 0.04312530
-0.03500000, -0.03500000, 0.07000000, 0.04678138
-0.02625000, -0.04375000, 0.07000000, 0.05047655
-0.01750000, -0.05250000, 0.07000000, 0.05390048
-0.00875000, -0.06125000, 0.07000000, 0.05644533
0.00000000, -0.07000000, 0.07000000, 0.05603037
0.00875000, -0.07000000, 0.06125000, 0.05812373
0.01750000, -0.07000000, 0.05250000, 0.06043745
0.02625000, -0.07000000, 0.04375000, 0.06136257
0.03500000, -0.07000000, 0.03500000, 0.06066552
0.04375000, -0.07000000, 0.02625000, 0.05824848
0.05250000, -0.07000000, 0.01750000, 0.05403237
0.06125000, -0.07000000, 0.00875000, 0.04799175
0.07000000, -0.07000000, 0.00000000, 0.04014857
0.07000000, -0.06125000, -0.00875000, 0.03848531
0.07000000, -0.05250000, -0.01750000, 0.03727787
0.07000000, -0.04375000, -0.02625000, 0.03623458
0.07000000, -0.03500000, -0.03500000, 0.03543481
0.07000000, -0.02625000, -0.04375000, 0.03489621
0.07000000, -0.01750000, -0.05250000, 0.03464920
0.07000000, -0.00875000, -0.06125000, 0.03474267
0.08000000, 0.00000000, -0.08000000, 0.03528810
0.07000000, 0.01000000, -0.08000000, 0.03712151
0.06000000, 0.02000000, -0.08000000, 0.03992397
0.05000000, 0.03000000, -0.08000000, 0.04341550
0.04000000, 0.04000000, -0.08000000, 0.04730706
0.03000000, 0.05000000, -0.08000000, 0.05129225
0.02000000, 0.06000000, -0.08000000, 0.05502600
0.01000000, 0.07000000, -0.08000000, 0.05787462
0.00000000, 0.08000000, -0.08000000, 0.05764467
-0.01000000, 0.08000000, -0.07000000, 0.05887680
-0.02000000, 0.08000000, -0.06000000, 0.06074431
-0.03000000, 0.08000000, -0.05000000, 0.06141625
-0.04000000, 0.08000000, -0.04000000, 0.06071497
-0.05000000, 0.08000000, -0.03000000, 0.05849126
-0.06000000, 0.08000000, -0.02000000, 0.05471271
-0.07000000, 0.08000000, -0.01000000, 0.04932621
-0.08000000, 0.08000000, 0.00000000, 0.04232439
-0.08000000, 0.07000000, 0.01000000, 0.04011237
-0.08000000, 0.06000000, 0.02000000, 0.03852393
-0.08000000, 0.05000000, 0.03000000, 0.03711553
-0.08000000, 0.04000000, 0.04000000, 0.03602380
-0.08000000, 0.03000000, 0.05000000, 0.03521930
-0.08000000, 0.02000000, 0.06000000, 0.03478624
-0.08000000, 0.01000000, 0.07000000, 0.03476680
-0.08000000, 0.00000000, 0.08000000, 0.03528810
-0.07000000, -0.01000000, 0.08000000, 0.03712151
-0.06000000, -0.02000000, 0.08000000, 0.03992397
-0.05000000, -0.03000000, 0.08000000, 0.04341550
-0.04000000, -0.04000000, 0.08000000, 0.04730706
-0.03000000, -0.05000000, 0.08000000, 0.05129225
-0.02000000, -0.06000000, 0.08000000, 0.05502600
-0.01000000, -0.07000000, 0.08000000, 0.05787462
0.00000000, -0.08000000, 0.08000000, 0.05764467
0.01000000, -0.08000000, 0.07000000, 0.05887680
0.02000000, -0.08000000, 0.06000000, 0.06074431
0.03000000, -0.08000000, 0.05000000, 0.06141625
0.04000000, -0.08000000, 0.04000000, 0.06071497
0.05000000, -0.08000000, 0.03000000, 0.05849126
0.06000000, -0.08000000, 0.02000000, 0.05471271
0.07000000, -0.08000000, 0.01000000, 0.04932621
0.08000000, -0.08000000, 0.00000000, 0.04232439
0.08000000, -0.07000000, -0.01000000, 0.04011237
0.08000000, -0.06000000, -0.02000000, 0.03852393
0.08000000, -0.05000000, -0.03000000, 0.03711553
0.08000000, -0.04000000, -0.04000000, 0.03602380
0.08000000, -0.03000000, -0.05000000, 0.03521930
0.08000000, -0.02000000, -0.06000000, 0.03478624
0.08000000, -0.01000000, -0.07000000, 0.03476680
0.09000000, 0.00000000, -0.09000000, 0.03544048
0.07875000, 0.01125000, -0.09000000, 0.03725788
0.06750000, 0.02250000, -0.09000000, 0.04015417
0.05625000, 0.03375000, -0.09000000, 0.04381016
0.04500000, 0.04500000, -0.09000000, 0.04791864
0.03375000, 0.05625000, -0.09000000, 0.05215997
0.02250000, 0.06750000, -0.09000000, 0.05616861
0.01125000, 0.07875000, -0.09000000, 0.05928469
0.00000000, 0.09000000, -0.09000000, 0.05920895
-0.01125000, 0.09000000, -0.07875000, 0.05979944
-0.02250000, 0.09000000, -0.06750000, 0.06130099
-0.03375000, 0.09000000, -0.05625000, 0.06181686
-0.04500000, 0.09000000, -0.04500000, 0.06115661
-0.05625000, 0.09000000, -0.03375000, 0.05915884
-0.06750000, 0.09000000, -0.02250000, 0.05578100
-0.07875000, 0.09000000, -0.01125000, 0.05096327
-0.09000000, 0.09000000, 0.00000000, 0.04466218
-0.09000000, 0.07875000, 0.01125000, 0.04189539
-0.09000000, 0.06750000, 0.02250000, 0.03986362
-0.09000000, 0.05625000, 0.03375000, 0.03808514
-0.09000000, 0.04500000, 0.04500000, 0.03669743
-0.09000000, 0.03375000, 0.05625000, 0.03565657
-0.09000000, 0.02250000, 0.06750000, 0.03505328
-0.09000000, 0.01125000, 0.07875000, 0.03493094
-0.09000000, 0.00000000, 0.09000000, 0.03544048
-0.07875000, -0.01125000, 0.09000000, 0.03725788
-0.06750000, -0.02250000, 0.09000000, 0.04015417
-0.05625000, -0.03375000, 0.09000000, 0.04381016
-0.04500000, -0.04500000, 0.09000000, 0.04791864
-0.03375000, -0.05625000, 0.09000000, 0.05215997
-0.02250000, -0.06750000, 0.09000000, 0.05616861
-0.01125000, -0.07875000, 0.09000000, 0.05928469
0.00000000, -0.09000000, 0.09000000, 0.05920895
0.01125000, -0.09000000, 0.07875000, 0.05979944
0.02250000, -0.09000000, 0.06750000, 0.06130099
0.03375000, -0.09000000, 0.05625000, 0.06181686
0.04500000, -0.09000000, 0.04500000, 0.06115661
0.05625000, -0.09000000, 0.03375000, 0.05915884
0.06750000, -0.09000000, 0.02250000, 0.05578100
0.07875000, -0.09000000, 0.01125000, 0.05096327
0.09000000, -0.09000000, 0.00000000, 0.04466218
0.09000000, -0.07875000, -0.01125000, 0.04189539
0.09000000, -0.06750000, -0.02250000, 0.03986362
0.09000000, -0.05625000, -0.03375000, 0.03808514
0.09000000, -0.04500000, -0.04500000, 0.03669743
0.09000000, -0.03375000, -0.05625000, 0.03565657
0.09000000, -0.02250000, -0.06750000, 0.03505328
0.09000000, -0.01125000, -0.07875000, 0.03493094
0.10000000, 0.00000000, -0.10000000, 0.03568460
0.08750000, 0.01250000, -0.10000000, 0.03748396
0.07500000, 0.02500000, -0.10000000, 0.04047674
0.06250000, 0.03750000, -0.10000000, 0.04428737
0.05000000, 0.05000000, -0.10000000, 0.04859749
0.03750000, 0.06250000, -0.10000000, 0.05306591
0.02500000, 0.07500000, -0.10000000, 0.05731912
0.01250000, 0.08750000, -0.10000000, 0.06066686
0.00000000, 0.10000000, -0.10000000, 0.06070790
-0.01250000, 0.10000000, -0.08750000, 0.06079884
-0.02500000, 0.10000000, -0.07500000, 0.06201784
-0.03750000, 0.10000000, -0.06250000, 0.06245135
-0.05000000, 0.10000000, -0.05000000, 0.06186530
-0.06250000, 0.10000000, -0.03750000, 0.06011453
-0.07500000, 0.10000000, -0.02500000, 0.05711462
-0.08750000, 0.10000000, -0.01250000, 0.05281126
-0.10000000, 0.10000000, 0.00000000, 0.04711694
-0.10000000, 0.08750000, 0.01250000, 0.04378479
-0.10000000, 0.07500000, 0.02500000, 0.04128261
-0.10000000, 0.06250000, 0.03750000, 0.03913298
-0.10000000, 0.05000000, 0.05000000, 0.03744507
-0.10000000, 0.03750000, 0.06250000, 0.03618816
-0.10000000, 0.02500000, 0.07500000, 0.03542269
-0.10000000, 0.01250000, 0.08750000, 0.03520202
-0.10000000, 0.00000000, 0.10000000, 0.03568460
-0.08750000, -0.01250000, 0.10000000, 0.03748396
-0.07500000, -0.02500000, 0.10000000, 0.04047674
-0.06250000, -0.03750000, 0.10000000, 0.04428737
-0.05000000, -0.05000000, 0.10000000, 0.04859749
-0.03750000, -0.06250000, 0.10000000, 0.05306591
-0.02500000, -0.07500000, 0.10000000, 0.05731912
-0.01250000, -0.08750000, 0.10000000, 0.06066686
0.00000000, -0.10000000, 0.10000000, 0.06070790
0.01250000, -0.10000000, 0.08750000, 0.06079884
0.02500000, -0.10000000, 0.07500000, 0.06201784
0.03750000, -0.10000000, 0.06250000, 0.06245135
0.05000000, -0.10000000, 0.05000000, 0.06186530
0.06250000, -0.10000000, 0.03750000, 0.06011453
0.07500000, -0.10000000, 0.02500000, 0.05711462
0.08750000, -0.10000000, 0.01250000, 0.05281126
0.10000000, -0.10000000, 0.00000000, 0.04711694
0.10000000, -0.08750000, -0.01250000, 0.04378479
0.10000000, -0.07500000, -0.02500000, 0.04128261
0.10000000, -0.06250000, -0.03750000, 0.03913298
0.10000000, -0.05000000, -0.05000000, 0.03744507
0.10000000, -0.03750000, -0.06250000, 0.03618816
0.10000000, -0.02500000, -0.07500000, 0.03542269
0.10000000, -0.01250000, -0.08750000, 0.03520202
0.15000000, 0.00000000, -0.15000000, 0.03756118
0.13125000, 0.01875000, -0.15000000, 0.03938640
0.11250000, 0.03750000, -0.15000000, 0.04277011
0.09375000, 0.05625000, -0.15000000, 0.04720392
0.07500000, 0.07500000, -0.15000000, 0.05230223
0.05625000, 0.09375000, -0.15000000, 0.05764496
0.03750000, 0.11250000, -0.15000000, 0.06275701
0.01875000, 0.13125000, -0.15000000, 0.06677381
0.00000000, 0.15000000, -0.15000000, 0.06670547
-0.01875000, 0.15000000, -0.13125000, 0.06548632
-0.03750000, 0.15000000, -0.11250000, 0.06636813
-0.05625000, 0.15000000, -0.09375000, 0.06706699
-0.07500000, 0.15000000, -0.07500000, 0.06722826
-0.09375000, 0.15000000, -0.05625000, 0.06668095
-0.11250000, 0.15000000, -0.03750000, 0.06535608
-0.13125000, 0.15000000, -0.01875000, 0.06313598
-0.15000000, 0.15000000, 0.00000000, 0.05978929
-0.15000000, 0.13125000, 0.01875000, 0.05378183
-0.15000000, 0.11250000, 0.03750000, 0.04906321
-0.15000000, 0.09375000, 0.05625000, 0.04511825
-0.15000000, 0.07500000, 0.07500000, 0.04195026
-0.15000000, 0.05625000, 0.09375000, 0.03952145
-0.15000000, 0.03750000, 0.11250000, 0.03790673
-0.15000000, 0.01875000, 0.13125000, 0.03717492
-0.15000000, 0.00000000, 0.15000000, 0.03756118
-0.13125000, -0.01875000, 0.15000000, 0.03938640
-0.11250000, -0.03750000, 0.15000000, 0.04277011
-0.09375000, -0.05625000, 0.15000000, 0.04720392
-0.07500000, -0.07500000, 0.15000000, 0.05230223
-0.05625000, -0.09375000, 0.15000000, 0.05764496
-0.03750000, -0.11250000, 0.15000000, 0.06275701
-0.01875000, -0.13125000, 0.15000000, 0.06677381
0.00000000, -0.15000000, 0.15000000, 0.06670547
0.01875000, -0.15000000, 0.13125000, 0.06548632
0.03750000, -0.15000000, 0.11250000, 0.06636813
0.05625000, -0.15000000, 0.09375000, 0.06706699
0.07500000, -0.15000000, 0.07500000, 0.06722826
0.09375000, -0.15000000, 0.05625000, 0.06668095
0.11250000, -0.15000000, 0.03750000, 0.06535608
0.13125000, -0.15000000, 0.01875000, 0.06313598
0.15000000, -0.15000000, 0.00000000, 0.05978929
0.15000000, -0.13125000, -0.01875000, 0.05378183
0.15000000, -0.11250000, -0.03750000, 0.04906321
0.15000000, -0.09375000, -0.05625000, 0.04511825
0.15000000, -0.07500000, -0.07500000, 0.04195026
0.15000000, -0.05625000, -0.09375000, 0.03952145
0.15000000, -0.03750000, -0.11250000, 0.03790673
0.15000000, -0.01875000, -0.13125000, 0.03717492
0.20000000, 0.00000000, -0.20000000, 0.03855287
0.17500000, 0.02500000, -0.20000000, 0.04071482
0.15000000, 0.05000000, -0.20000000, 0.04451596
0.12500000, 0.07500000, -0.20000000, 0.04937817
0.10000000, 0.10000000, -0.20000000, 0.05489974
0.07500000, 0.12500000, -0.20000000, 0.06061248
0.05000000, 0.15000000, -0.20000000, 0.06597557
0.02500000, 0.17500000, -0.20000000, 0.06995499
0.00000000, 0.20000000, -0.20000000, 0.06897870
-0.02500000, 0.20000000, -0.17500000, 0.06791002
-0.05000000, 0.20000000, -0.15000000, 0.06948411
-0.07500000, 0.20000000, -0.12500000, 0.07115300
-0.10000000, 0.20000000, -0.10000000, 0.07244934
-0.12500000, 0.20000000, -0.07500000, 0.07319216
-0.15000000, 0.20000000, -0.05000000, 0.07323456
-0.17500000, 0.20000000, -0.02500000, 0.07246336
-0.20000000, 0.20000000, 0.00000000, 0.07060768
-0.20000000, 0.17500000, 0.02500000, 0.06273228
-0.20000000, 0.15000000, 0.05000000, 0.05623545
-0.20000000, 0.12500000, 0.07500000, 0.05077734
-0.20000000, 0.10000000, 0.10000000, 0.04628983
-0.20000000, 0.07500000, 0.12500000, 0.04279220
-0.20000000, 0.05000000, 0.15000000, 0.04028050
-0.20000000, 0.02500000, 0.17500000, 0.03880988
-0.20000000, 0.00000000, 0.20000000, 0.03855287
-0.17500000, -0.02500000, 0.20000000, 0.04071482
-0.15000000, -0.05000000, 0.20000000, 0.04451596
-0.12500000, -0.07500000, 0.20000000, 0.04937817
-0.10000000, -0.10000000, 0.20000000, 0.05489974
-0.07500000, -0.12500000, 0.20000000, 0.06061248
-0.05000000, -0.15000000, 0.20000000, 0.06597557
-0.02500000, -0.17500000, 0.20000000, 0.06995499
0.00000000, -0.20000000, 0.20000000, 0.06897870
0.02500000, -0.20000000, 0.17500000, 0.06791002
0.05000000, -0.20000000, 0.15000000, 0.06948411
0.07500000, -0.20000000, 0.12500000, 0.07115300
0.10000000, -0.20000000, 0.10000000, 0.07244934
0.12500000, -0.20000000, 0.07500000, 0.07319216
0.15000000, -0.20000000, 0.05000000, 0.07323456
0.17500000, -0.20000000, 0.02500000, 0.07246336
0.20000000, -0.20000000, 0.00000000, 0.07060768
0.20000000, -0.17500000, -0.02500000, 0.06273228
0.20000000, -0.15000000, -0.05000000, 0.05623545
0.20000000, -0.12500000, -0.07500000, 0.05077734
0.20000000, -0.10000000, -0.10000000, 0.04628983
0.20000000, -0.07500000, -0.12500000, 0.04279220
0.20000000, -0.05000000, -0.15000000, 0.04028050
0.20000000, -0.02500000, -0.17500000, 0.03880988
0.25000000, 0.00000000, -0.25000000, 0.03628400
0.21875000, 0.03125000, -0.25000000, 0.03922457
0.18750000, 0.06250000, -0.25000000, 0.04350825
0.15625000, 0.09375000, -0.25000000, 0.04866089
0.12500000, 0.12500000, -0.25000000, 0.05432124
0.09375000, 0.15625000, -0.25000000, 0.06001770
0.06250000, 0.18750000, -0.25000000, 0.06517643
0.03125000, 0.21875000, -0.25000000, 0.06863912
0.00000000, 0.25000000, -0.25000000, 0.06638240
-0.03125000, 0.25000000, -0.21875000, 0.06657314
-0.06250000, 0.25000000, -0.18750000, 0.06970940
-0.09375000, 0.25000000, -0.15625000, 0.07284821
-0.12500000, 0.25000000, -0.12500000, 0.07544115
-0.15625000, 0.25000000, -0.09375000, 0.07723505
-0.18750000, 0.25000000, -0.06250000, 0.07807064
-0.21875000, 0.25000000, -0.03125000, 0.07778293
-0.25000000, 0.25000000, 0.00000000, 0.07625407
-0.25000000, 0.21875000, 0.03125000, 0.06789345
-0.25000000, 0.18750000, 0.06250000, 0.06052119
-0.25000000, 0.15625000, 0.09375000, 0.05403489
-0.25000000, 0.12500000, 0.12500000, 0.04850017
-0.25000000, 0.09375000, 0.15625000, 0.04394753
-0.25000000, 0.06250000, 0.18750000, 0.04039364
-0.25000000, 0.03125000, 0.21875000, 0.03782085
-0.25000000, 0.00000000, 0.25000000, 0.03628400
-0.21875000, -0.03125000, 0.25000000, 0.03922457
-0.18750000, -0.06250000, 0.25000000, 0.04350825
-0.15625000, -0.09375000, 0.25000000, 0.04866089
-0.12500000, -0.12500000, 0.25000000, 0.05432124
-0.09375000, -0.15625000, 0.25000000, 0.06001770
-0.06250000, -0.18750000, 0.25000000, 0.06517643
-0.03125000, -0.21875000, 0.25000000, 0.06863912
0.00000000, -0.25000000, 0.25000000, 0.06638240
0.03125000, -0.25000000, 0.21875000, 0.06657314
0.06250000, -0.25000000, 0.18750000, 0.06970940
0.09375000, -0.25000000, 0.15625000, 0.07284821
0.12500000, -0.25000000, 0.12500000, 0.07544115
0.15625000, -0.25000000, 0.09375000, 0.07723505
0.18750000, -0.25000000, 0.06250000, 0.07807064
0.21875000, -0.25000000, 0.03125000, 0.07778293
0.25000000, -0.25000000, 0.00000000, 0.07625407
0.25000000, -0.21875000, -0.03125000, 0.06789345
0.25000000, -0.18750000, -0.06250000, 0.06052119
0.25000000, -0.15625000, -0.09375000, 0.05403489
0.25000000, -0.12500000, -0.12500000, 0.04850017
0.25000000, -0.09375000, -0.15625000, 0.04394753
0.25000000, -0.06250000, -0.18750000, 0.04039364
0.25000000, -0.03125000, -0.21875000, 0.03782085
0.30000000, 0.00000000, -0.30000000, 0.03008794
0.26250000, 0.03750000, -0.30000000, 0.03400514
0.22500000, 0.07500000, -0.30000000, 0.03879375
0.18750000, 0.11250000, -0.30000000, 0.04409837
0.15000000, 0.15000000, -0.30000000, 0.04963484
0.11250000, 0.18750000, -0.30000000, 0.05498269
0.07500000, 0.22500000, -0.30000000, 0.05959483
0.03750000, 0.26250000, -0.30000000, 0.06229319
0.00000000, 0.30000000, -0.30000000, 0.05891380
-0.03750000, 0.30000000, -0.26250000, 0.06118800
-0.07500000, 0.30000000, -0.22500000, 0.06636403
-0.11250000, 0.30000000, -0.18750000, 0.07124955
-0.15000000, 0.30000000, -0.15000000, 0.07514225
-0.18750000, 0.30000000, -0.11250000, 0.07765066
-0.22500000, 0.30000000, -0.07500000, 0.07847944
-0.26250000, 0.30000000, -0.03750000, 0.07744694
-0.30000000, 0.30000000, 0.00000000, 0.07485699
-0.30000000, 0.26250000, 0.03750000, 0.06752021
-0.30000000, 0.22500000, 0.07500000, 0.06016028
-0.30000000, 0.18750000, 0.11250000, 0.05325773
-0.30000000, 0.15000000, 0.15000000, 0.04705783
-0.30000000, 0.11250000, 0.18750000, 0.04165970
-0.30000000, 0.07500000, 0.22500000, 0.03707536
-0.30000000, 0.03750000, 0.26250000, 0.03323480
-0.30000000, 0.00000000, 0.30000000, 0.03008794
-0.26250000, -0.03750000, 0.30000000, 0.03400514
-0.22500000, -0.07500000, 0.30000000, 0.03879375
-0.18750000, -0.11250000, 0.30000000, 0.04409837
-0.15000000, -0.15000000, 0.30000000, 0.04963484
-0.11250000, -0.18750000, 0.30000000, 0.05498269
-0.07500000, -0.22500000, 0.30000000, 0.05959483
-0.03750000, -0.26250000, 0.30000000, 0.06229319
0.00000000, -0.30000000, 0.30000000, 0.05891380
0.03750000, -0.30000000, 0.26250000, 0.06118800
0.07500000, -0.30000000, 0.22500000, 0.06636403
0.11250000, -0.30000000, 0.18750000, 0.07124955
0.15000000, -0.30000000, 0.15000000, 0.07514225
0.18750000, -0.30000000, 0.11250000, 0.07765066
0.22500000, -0.30000000, 0.07500000, 0.07847944
0.26250000, -0.30000000, 0.03750000, 0.07744694
0.30000000, -0.30000000, 0.00000000, 0.07485699
0.30000000, -0.26250000, -0.03750000, 0.06752021
0.30000000, -0.22500000, -0.07500000, 0.06016028
0.30000000, -0.18750000, -0.11250000, 0.05325773
0.30000000, -0.15000000, -0.15000000, 0.04705783
0.30000000, -0.11250000, -0.18750000, 0.04165970
0.30000000, -0.07500000, -0.22500000, 0.03707536
0.30000000, -0.03750000, -0.26250000, 0.03323480
0.35000000, 0.00000000, -0.35000000, 0.02140288
0.30625000, 0.04375000, -0.35000000, 0.02594350
0.26250000, 0.08750000, -0.35000000, 0.03097175
0.21875000, 0.13125000, -0.35000000, 0.03616263
0.17500000, 0.17500000, -0.35000000, 0.04129924
0.13125000, 0.21875000, -0.35000000, 0.04602743
0.08750000, 0.26250000, -0.35000000, 0.04987730
0.04375000, 0.30625000, -0.35000000, 0.05175503
0.00000000, 0.35000000, -0.35000000, 0.04773193
-0.04375000, 0.35000000, -0.30625000, 0.05231362
-0.08750000, 0.35000000, -0.26250000, 0.05959269
-0.13125000, 0.35000000, -0.21875000, 0.06624537
-0.17500000, 0.35000000, -0.17500000, 0.07127640
-0.21875000, 0.35000000, -0.13125000, 0.07404149
-0.26250000, 0.35000000, -0.08750000, 0.07403343
-0.30625000, 0.35000000, -0.04375000, 0.07113249
-0.35000000, 0.35000000, 0.00000000, 0.06633969
-0.35000000, 0.30625000, 0.04375000, 0.06111753
-0.35000000, 0.26250000, 0.08750000, 0.05457966
-0.35000000, 0.21875000, 0.13125000, 0.04791317
-0.35000000, 0.17500000, 0.17500000, 0.04156577
-0.35000000, 0.13125000, 0.21875000, 0.03574388
-0.35000000, 0.08750000, 0.26250000, 0.03047333
-0.35000000, 0.04375000, 0.30625000, 0.02570626
-0.35000000, 0.00000000, 0.35000000, 0.02140288
-0.30625000, -0.04375000, 0.35000000, 0.02594350
-0.26250000, -0.08750000, 0.35000000, 0.03097175
-0.21875000, -0.13125000, 0.35000000, 0.03616263
-0.17500000, -0.17500000, 0.35000000, 0.04129924
-0.13125000, -0.21875000, 0.35000000, 0.04602743
-0.08750000, -0.26250000, 0.35000000, 0.04987730
-0.04375000, -0.30625000, 0.35000000, 0.05175503
0.00000000, -0.35000000, 0.35000000, 0.04773193
0.04375000, -0.35000000, 0.30625000, 0.05231362
0.08750000, -0.35000000, 0.26250000, 0.05959269
0.13125000, -0.35000000, 0.21875000, 0.06624537
0.17500000, -0.35000000, 0.17500000, 0.07127640
0.21875000, -0.35000000, 0.13125000, 0.07404149
0.26250000, -0.35000000, 0.08750000, 0.07403343
0.30625000, -0.35000000, 0.04375000, 0.07113249
0.35000000, -0.35000000, 0.00000000, 0.06633969
0.35000000, -0.30625000, -0.04375000, 0.06111753
0.35000000, -0.26250000, -0.08750000, 0.05457966
0.35000000, -0.21875000, -0.13125000, 0.04791317
0.35000000, -0.17500000, -0.17500000, 0.04156577
0.35000000, -0.13125000, -0.21875000, 0.03574388
0.35000000, -0.08750000, -0.26250000, 0.03047333
0.35000000, -0.04375000, -0.30625000, 0.02570626
0.40000000, 0.00000000, -0.40000000, 0.01280885
0.35000000, 0.05000000, -0.40000000, 0.01715738
0.30000000, 0.10000000, -0.40000000, 0.02184392
0.25000000, 0.15000000, -0.40000000, 0.02650407
0.20000000, 0.20000000, -0.40000000, 0.03093624
0.15000000, 0.25000000, -0.40000000, 0.03484213
0.10000000, 0.30000000, -0.40000000, 0.03783268
0.05000000, 0.35000000, -0.40000000, 0.03897926
0.00000000, 0.40000000, -0.40000000, 0.03491143
-0.05000000, 0.40000000, -0.35000000, 0.04125268
-0.10000000, 0.40000000, -0.30000000, 0.05021314
-0.15000000, 0.40000000, -0.25000000, 0.05834281
-0.20000000, 0.40000000, -0.20000000, 0.06420114
-0.25000000, 0.40000000, -0.15000000, 0.06673048
-0.30000000, 0.40000000, -0.10000000, 0.06526141
-0.35000000, 0.40000000, -0.05000000, 0.05988525
-0.40000000, 0.40000000, 0.00000000, 0.05258567
-0.40000000, 0.35000000, 0.05000000, 0.04983557
-0.40000000, 0.30000000, 0.10000000, 0.04470325
-0.40000000, 0.25000000, 0.15000000, 0.03887489
-0.40000000, 0.20000000, 0.20000000, 0.03299185
-0.40000000, 0.15000000, 0.25000000, 0.02734424
-0.40000000, 0.10000000, 0.30000000, 0.02206551
-0.40000000, 0.05000000, 0.35000000, 0.01718932
-0.40000000, 0.00000000, 0.40000000, 0.01280885
-0.35000000, -0.05000000, 0.40000000, 0.01715738
-0.30000000, -0.10000000, 0.40000000, 0.02184392
-0.25000000, -0.15000000, 0.40000000, 0.02650407
-0.20000000, -0.20000000, 0.40000000, 0.03093624
-0.15000000, -0.25000000, 0.40000000, 0.03484213
-0.10000000, -0.30000000, 0.40000000, 0.03783268
-0.05000000, -0.35000000, 0.40000000, 0.03897926
0.00000000, -0.40000000, 0.40000000, 0.03491143
0.05000000, -0.40000000, 0.35000000, 0.04125268
0.10000000, -0.40000000, 0.30000000, 0.05021314
0.15000000, -0.40000000, 0.25000000, 0.05834281
0.20000000, -0.40000000, 0.20000000, 0.06420114
0.25000000, -0.40000000, 0.15000000, 0.06673048
0.30000000, -0.40000000, 0.10000000, 0.06526141
0.35000000, -0.40000000, 0.05000000, 0.05988525
0.40000000, -0.40000000, 0.00000000, 0.05258567
0.40000000, -0.35000000, -0.05000000, 0.04983557
0.40000000, -0.30000000, -0.10000000, 0.04470325
0.40000000, -0.25000000, -0.15000000, 0.03887489
0.40000000, -0.20000000, -0.20000000, 0.03299185
0.40000000, -0.15000000, -0.25000000, 0.02734424
0.40000000, -0.10000000, -0.30000000, 0.02206551
0.40000000, -0.05000000, -0.35000000, 0.01718932
0.45000000, 0.00000000, -0.45000000, 0.00630726
0.39375000, 0.05625000, -0.45000000, 0.00969490
0.33750000, 0.11250000, -0.45000000, 0.01345143
0.28125000, 0.16875000, -0.45000000, 0.01717229
0.22500000, 0.22500000, -0.45000000, 0.02063864
0.16875000, 0.28125000, -0.45000000, 0.02359452
0.11250000, 0.33750000, -0.45000000, 0.02572631
0.05625000, 0.39375000, -0.45000000, 0.02631790
0.00000000, 0.45000000, -0.45000000, 0.02276545
-0.05625000, 0.45000000, -0.39375000, 0.02974021
-0.11250000, 0.45000000, -0.33750000, 0.03947376
-0.16875000, 0.45000000, -0.28125000, 0.04847621
-0.22500000, 0.45000000, -0.22500000, 0.05473258
-0.28125000, 0.45000000, -0.16875000, 0.05667059
-0.33750000, 0.45000000, -0.11250000, 0.05352826
-0.39375000, 0.45000000, -0.05625000, 0.04589106
-0.45000000, 0.45000000, 0.00000000, 0.03689329
-0.45000000, 0.39375000, 0.05625000, 0.03622792
-0.45000000, 0.33750000, 0.11250000, 0.03269075
-0.45000000, 0.28125000, 0.16875000, 0.02812587
-0.45000000, 0.22500000, 0.22500000, 0.02325927
-0.45000000, 0.16875000, 0.28125000, 0.01844183
-0.45000000, 0.11250000, 0.33750000, 0.01391243
-0.45000000, 0.05625000, 0.39375000, 0.00979547
-0.45000000, 0.00000000, 0.45000000, 0.00630726
-0.39375000, -0.05625000, 0.45000000, 0.00969490
-0.33750000, -0.11250000, 0.45000000, 0.01345143
-0.28125000, -0.16875000, 0.45000000, 0.01717229
-0.22500000, -0.22500000, 0.45000000, 0.02063864
-0.16875000, -0.28125000, 0.45000000, 0.02359452
-0.11250000, -0.33750000, 0.45000000, 0.02572631
-0.05625000, -0.39375000, 0.45000000, 0.02631790
0.00000000, -0.45000000, 0.45000000, 0.02276545
0.05625000, -0.45000000, 0.39375000, 0.02974021
0.11250000, -0.45000000, 0.33750000, 0.03947376
0.16875000, -0.45000000, 0.28125000, 0.04847621
0.22500000, -0.45000000, 0.22500000, 0.05473258
0.28125000, -0.45000000, 0.16875000, 0.05667059
0.33750000, -0.45000000, 0.11250000, 0.05352826
0.39375000, -0.45000000, 0.05625000, 0.04589106
0.45000000, -0.45000000, 0.00000000, 0.03689329
0.45000000, -0.39375000, -0.05625000, 0.03622792
0.45000000, -0.33750000, -0.11250000, 0.03269075
0.45000000, -0.28125000, -0.16875000, 0.02812587
0.45000000, -0.22500000, -0.22500000, 0.02325927
0.45000000, -0.16875000, -0.28125000, 0.01844183
0.45000000, -0.11250000, -0.33750000, 0.01391243
0.45000000, -0.05625000, -0.39375000, 0.00979547
0.50000000, 0.00000000, -0.50000000, 0.00246675
0.43750000, 0.06250000, -0.50000000, 0.00459223
0.37500000, 0.12500000, -0.50000000, 0.00713066
0.31250000, 0.18750000, -0.50000000, 0.00970664
0.25000000, 0.25000000, -0.50000000, 0.01210228
0.18750000, 0.31250000, -0.50000000, 0.01410227
0.12500000, 0.37500000, -0.50000000, 0.01546942
0.06250000, 0.43750000, -0.50000000, 0.01570599
0.00000000, 0.50000000, -0.50000000, 0.01302494
-0.06250000, 0.50000000, -0.43750000, 0.01939140
-0.12500000, 0.50000000, -0.37500000, 0.02875976
-0.18750000, 0.50000000, -0.31250000, 0.03782631
-0.25000000, 0.50000000, -0.25000000, 0.04399109
-0.31250000, 0.50000000, -0.18750000, 0.04517195
-0.37500000, 0.50000000, -0.12500000, 0.04062746
-0.43750000, 0.50000000, -0.06250000, 0.03172382
-0.50000000, 0.50000000, 0.00000000, 0.02259150
-0.50000000, 0.43750000, 0.06250000, 0.02318120
-0.50000000, 0.37500000, 0.12500000, 0.02106800
-0.50000000, 0.31250000, 0.18750000, 0.01791169
-0.50000000, 0.25000000, 0.25000000, 0.01437585
-0.50000000, 0.18750000, 0.31250000, 0.01083437
-0.50000000, 0.12500000, 0.37500000, 0.00754641
-0.50000000, 0.06250000, 0.43750000, 0.00468077
-0.50000000, 0.00000000, 0.50000000, 0.00246675
-0.43750000, -0.06250000, 0.50000000, 0.00459223
-0.37500000, -0.12500000, 0.50000000, 0.00713066
-0.31250000, -0.18750000, 0.50000000, 0.00970664
-0.25000000, -0.25000000, 0.50000000, 0.01210228
-0.18750000, -0.31250000, 0.50000000, 0.01410227
-0.12500000, -0.37500000, 0.50000000, 0.01546942
-0.06250000, -0.43750000, 0.50000000, 0.01570599
0.00000000, -0.50000000, 0.50000000, 0.01302494
0.06250000, -0.50000000, 0.43750000, 0.01939140
0.12500000, -0.50000000, 0.37500000, 0.02875976
0.18750000, -0.50000000, 0.31250000, 0.03782631
0.25000000, -0.50000000, 0.25000000, 0.04399109
0.31250000, -0.50000000, 0.18750000, 0.04517195
0.37500000, -0.50000000, 0.12500000, 0.04062746
0.43750000, -0.50000000, 0.06250000, 0.03172382
0.50000000, -0.50000000, 0.00000000, 0.02259150
0.50000000, -0.43750000, -0.06250000, 0.02318120
0.50000000, -0.37500000, -0.12500000, 0.02106800
0.50000000, -0.31250000, -0.18750000, 0.01791169
0.50000000, -0.25000000, -0.25000000, 0.01437585
0.50000000, -0.18750000, -0.31250000, 0.01083437
0.50000000, -0.12500000, -0.37500000, 0.00754641
0.50000000, -0.06250000, -0.43750000, 0.00468077
0.55000000, 0.00000000, -0.55000000, 0.00072721
0.48125000, 0.06875000, -0.55000000, 0.00177820
0.41250000, 0.13750000, -0.55000000, 0.00318802
0.34375000, 0.20625000, -0.55000000, 0.00469247
0.27500000, 0.27500000, -0.55000000, 0.00611757
0.20625000, 0.34375000, -0.55000000, 0.00729792
0.13750000, 0.41250000, -0.55000000, 0.00806990
0.06875000, 0.48125000, -0.55000000, 0.00812397
0.00000000, 0.55000000, -0.55000000, 0.00638674
-0.06875000, 0.55000000, -0.48125000, 0.01126186
-0.13750000, 0.55000000, -0.41250000, 0.01926388
-0.20625000, 0.55000000, -0.34375000, 0.02757002
-0.27500000, 0.55000000, -0.27500000, 0.03317656
-0.34375000, 0.55000000, -0.20625000, 0.03360768
-0.41250000, 0.55000000, -0.13750000, 0.02831491
-0.48125000, 0.55000000, -0.06875000, 0.01952581
-0.55000000, 0.55000000, 0.00000000, 0.01181650
-0.55000000, 0.48125000, 0.06875000, 0.01281394
-0.55000000, 0.41250000, 0.13750000, 0.01175338
-0.55000000, 0.34375000, 0.20625000, 0.00986435
-0.55000000, 0.27500000, 0.27500000, 0.00765233
-0.55000000, 0.20625000, 0.34375000, 0.00544656
-0.55000000, 0.13750000, 0.41250000, 0.00345902
-0.55000000, 0.06875000, 0.48125000, 0.00183602
-0.55000000, 0.00000000, 0.55000000, 0.00072721
-0.48125000, -0.06875000, 0.55000000, 0.00177820
-0.41250000, -0.13750000, 0.55000000, 0.00318802
-0.34375000, -0.20625000, 0.55000000, 0.00469247
-0.27500000, -0.27500000, 0.55000000, 0.00611757
-0.20625000, -0.34375000, 0.55000000, 0.00729792
-0.13750000, -0.41250000, 0.55000000, 0.00806990
-0.06875000, -0.48125000, 0.55000000, 0.00812397
0.00000000, -0.55000000, 0.55000000, 0.00638674
0.06875000, -0.55000000, 0.48125000, 0.01126186
0.13750000, -0.55000000, 0.41250000, 0.01926388
0.20625000, -0.55000000, 0.34375000, 0.02757002
0.27500000, -0.55000000, 0.27500000, 0.03317656
0.34375000, -0.55000000, 0.20625000, 0.03360768
0.41250000, -0.55000000, 0.13750000, 0.02831491
0.48125000, -0.55000000, 0.06875000, 0.01952581
0.55000000, -0.55000000, 0.00000000, 0.01181650
0.55000000, -0.48125000, -0.06875000, 0.01281394
0.55000000, -0.41250000, -0.13750000, 0.01175338
0.55000000, -0.34375000, -0.20625000, 0.00986435
0.55000000, -0.27500000, -0.27500000, 0.00765233
0.55000000, -0.20625000, -0.34375000, 0.00544656
0.55000000, -0.13750000, -0.41250000, 0.00345902
0.55000000, -0.06875000, -0.48125000, 0.00183602
0.60000000, 0.00000000, -0.60000000, 0.00015925
0.52500000, 0.07500000, -0.60000000, 0.00055114
0.45000000, 0.15000000, -0.60000000, 0.00116622
0.37500000, 0.22500000, -0.60000000, 0.00187904
0.30000000, 0.30000000, -0.60000000, 0.00258516
0.22500000, 0.37500000, -0.60000000, 0.00317667
0.15000000, 0.45000000, -0.60000000, 0.00355185
0.07500000, 0.52500000, -0.60000000, 0.00354052
0.00000000, 0.60000000, -0.60000000, 0.00258807
-0.07500000, 0.60000000, -0.52500000, 0.00569261
-0.15000000, 0.60000000, -0.45000000, 0.01173713
-0.22500000, 0.60000000, -0.37500000, 0.01863568
-0.30000000, 0.60000000, -0.30000000, 0.02332593
-0.37500000, 0.60000000, -0.22500000, 0.02316028
-0.45000000, 0.60000000, -0.15000000, 0.01792849
-0.52500000, 0.60000000, -0.07500000, 0.01049371
-0.60000000, 0.60000000, 0.00000000, 0.00510040
-0.60000000, 0.52500000, 0.07500000, 0.00594640
-0.60000000, 0.45000000, 0.15000000, 0.00552956
-0.60000000, 0.37500000, 0.22500000, 0.00457796
-0.60000000, 0.30000000, 0.30000000, 0.00341846
-0.60000000, 0.22500000, 0.37500000, 0.00227730
-0.60000000, 0.15000000, 0.45000000, 0.00130245
-0.60000000, 0.07500000, 0.52500000, 0.00057774
-0.60000000, 0.00000000, 0.60000000, 0.00015925
-0.52500000, -0.07500000, 0.60000000, 0.00055114
-0.45000000, -0.15000000, 0.60000000, 0.00116622
-0.37500000, -0.22500000, 0.60000000, 0.00187904
-0.30000000, -0.30000000, 0.60000000, 0.00258516
-0.22500000, -0.37500000, 0.60000000, 0.00317667
-0.15000000, -0.45000000, 0.60000000, 0.00355185
-0.07500000, -0.52500000, 0.60000000, 0.00354052
0.00000000, -0.60000000, 0.60000000, 0.00258807
0.07500000, -0.60000000, 0.52500000, 0.00569261
0.15000000, -0.60000000, 0.45000000, 0.01173713
0.22500000, -0.60000000, 0.37500000, 0.01863568
0.30000000, -0.60000000, 0.30000000, 0.02332593
0.37500000, -0.60000000, 0.22500000, 0.02316028
0.45000000, -0.60000000, 0.15000000, 0.01792849
0.52500000, -0.60000000, 0.07500000, 0.01049371
0.60000000, -0.60000000, 0.00000000, 0.00510040
0.60000000, -0.52500000, -0.07500000, 0.00594640
0.60000000, -0.45000000, -0.15000000, 0.00552956
0.60000000, -0.37500000, -0.22500000, 0.00457796
0.60000000, -0.30000000, -0.30000000, 0.00341846
0.60000000, -0.22500000, -0.37500000, 0.00227730
0.60000000, -0.15000000, -0.45000000, 0.00130245
0.60000000, -0.07500000, -0.52500000, 0.00057774
0.65000000, 0.00000000, -0.65000000, 0.00003553
0.56875000, 0.08125000, -0.65000000, 0.00013863
0.48750000, 0.16250000, -0.65000000, 0.00033327
0.40625000, 0.24375000, -0.65000000, 0.00059143
0.32500000, 0.32500000, -0.65000000, 0.00086986
0.24375000, 0.40625000, -0.65000000, 0.00111331
0.16250000, 0.48750000, -0.65000000, 0.00126641
0.08125000, 0.56875000, -0.65000000, 0.00124871
0.00000000, 0.65000000, -0.65000000, 0.00081943
-0.08125000, 0.65000000, -0.56875000, 0.00241562
-0.16250000, 0.65000000, -0.48750000, 0.00640812
-0.24375000, 0.65000000, -0.40625000, 0.01156147
-0.32500000, 0.65000000, -0.32500000, 0.01514521
-0.40625000, 0.65000000, -0.24375000, 0.01463129
-0.48750000, 0.65000000, -0.16250000, 0.01016609
-0.56875000, 0.65000000, -0.08125000, 0.00478491
-0.65000000, 0.65000000, 0.00000000, 0.00172526
-0.65000000, 0.56875000, 0.08125000, 0.00222418
-0.65000000, 0.48750000, 0.16250000, 0.00211514
-0.65000000, 0.40625000, 0.24375000, 0.00172729
-0.65000000, 0.32500000, 0.32500000, 0.00123660
-0.65000000, 0.24375000, 0.40625000, 0.00075983
-0.65000000, 0.16250000, 0.48750000, 0.00038655
-0.65000000, 0.08125000, 0.56875000, 0.00014399
-0.65000000, 0.00000000, 0.65000000, 0.00003553
-0.56875000, -0.08125000, 0.65000000, 0.00013863
-0.48750000, -0.16250000, 0.65000000, 0.00033327
-0.40625000, -0.24375000, 0.65000000, 0.00059143
-0.32500000, -0.32500000, 0.65000000, 0.00086986
-0.24375000, -0.40625000, 0.65000000, 0.00111331
-0.16250000, -0.48750000, 0.65000000, 0.00126641
-0.08125000, -0.56875000, 0.65000000, 0.00124871
0.00000000, -0.65000000, 0.65000000, 0.00081943
0.08125000, -0.65000000, 0.56875000, 0.00241562
0.16250000, -0.65000000, 0.48750000, 0.00640812
0.24375000, -0.65000000, 0.40625000, 0.01156147
0.32500000, -0.65000000, 0.32500000, 0.01514521
0.40625000, -0.65000000, 0.24375000, 0.01463129
0.48750000, -0.65000000, 0.16250000, 0.01016609
0.56875000, -0.65000000, 0.08125000, 0.00478491
0.65000000, -0.65000000, 0.00000000, 0.00172526
0.65000000, -0.56875000, -0.08125000, 0.00222418
0.65000000, -0.48750000, -0.16250000, 0.00211514
0.65000000, -0.40625000, -0.24375000, 0.00172729
0.65000000, -0.32500000, -0.32500000, 0.00123660
0.65000000, -0.24375000, -0.40625000, 0.00075983
0.65000000, -0.16250000, -0.48750000, 0.00038655
0.65000000, -0.08125000, -0.56875000, 0.00014399
0.70000000, 0.00000000, -0.70000000, 0.00000597
0.61250000, 0.08750000, -0.70000000, 0.00002528
0.52500000, 0.17500000, -0.70000000, 0.00006672
0.43750000, 0.26250000, -0.70000000, 0.00013376
0.35000000, 0.35000000, -0.70000000, 0.00021643
0.26250000, 0.43750000, -0.70000000, 0.00029515
0.17500000, 0.52500000, -0.70000000, 0.00034621
0.08750000, 0.61250000, -0.70000000, 0.00033890
0.00000000, 0.70000000, -0.70000000, 0.00018853
-0.08750000, 0.70000000, -0.61250000, 0.00081037
-0.17500000, 0.70000000, -0.52500000, 0.00306708
-0.26250000, 0.70000000, -0.43750000, 0.00648195
-0.35000000, 0.70000000, -0.35000000, 0.00895236
-0.43750000, 0.70000000, -0.26250000, 0.00835091
-0.52500000, 0.70000000, -0.17500000, 0.00506244
-0.61250000, 0.70000000, -0.08750000, 0.00177593
-0.70000000, 0.70000000, 0.00000000, 0.00043520
-0.70000000, 0.61250000, 0.08750000, 0.00064499
-0.70000000, 0.52500000, 0.17500000, 0.00063308
-0.70000000, 0.43750000, 0.26250000, 0.00051087
-0.70000000, 0.35000000, 0.35000000, 0.00034917
-0.70000000, 0.26250000, 0.43750000, 0.00019491
-0.70000000, 0.17500000, 0.52500000, 0.00008641
-0.70000000, 0.08750000, 0.61250000, 0.00002573
-0.70000000, 0.00000000, 0.70000000, 0.00000597
-0.61250000, -0.08750000, 0.70000000, 0.00002528
-0.52500000, -0.17500000, 0.70000000, 0.00006672
-0.43750000, -0.26250000, 0.70000000, 0.00013376
-0.35000000, -0.35000000, 0.70000000, 0.00021643
-0.26250000, -0.43750000, 0.70000000, 0.00029515
-0.17500000, -0.52500000, 0.70000000, 0.00034621
-0.08750000, -0.61250000, 0.70000000, 0.00033890
0.00000000, -0.70000000, 0.70000000, 0.00018853
0.08750000, -0.70000000, 0.61250000, 0.00081037
0.17500000, -0.70000000, 0.52500000, 0.00306708
0.26250000, -0.70000000, 0.43750000, 0.00648195
0.35000000, -0.70000000, 0.35000000, 0.00895236
0.43750000, -0.70000000, 0.26250000, 0.00835091
0.52500000, -0.70000000, 0.17500000, 0.00506244
0.61250000, -0.70000000, 0.08750000, 0.00177593
0.70000000, -0.70000000, 0.00000000, 0.00043520
0.70000000, -0.61250000, -0.08750000, 0.00064499
0.70000000, -0.52500000, -0.17500000, 0.00063308
0.70000000, -0.43750000, -0.26250000, 0.00051087
0.70000000, -0.35000000, -0.35000000, 0.00034917
0.70000000, -0.26250000, -0.43750000, 0.00019491
0.70000000, -0.17500000, -0.52500000, 0.00008641
0.70000000, -0.08750000, -0.61250000, 0.00002573
0.75000000, 0.00000000, -0.75000000, -0.00001015
0.65625000, 0.09375000, -0.75000000, -0.00000672
0.56250000, 0.18750000, -0.75000000, 0.00000323
0.46875000, 0.28125000, -0.75000000, 0.00001750
0.37500000, 0.37500000, -0.75000000, 0.00003574
0.28125000, 0.46875000, -0.75000000, 0.00005444
0.18750000, 0.56250000, -0.75000000, 0.00006789
0.09375000, 0.65625000, -0.75000000, 0.00006762
0.00000000, 0.75000000, -0.75000000, 0.00003076
-0.09375000, 0.75000000, -0.65625000, 0.00018988
-0.18750000, 0.75000000, -0.56250000, 0.00124539
-0.28125000, 0.75000000, -0.46875000, 0.00320819
-0.37500000, 0.75000000, -0.37500000, 0.00471308
-0.46875000, 0.75000000, -0.28125000, 0.00421161
-0.56250000, 0.75000000, -0.18750000, 0.00215277
-0.65625000, 0.75000000, -0.09375000, 0.00050418
-0.75000000, 0.75000000, 0.00000000, 0.00009031
-0.75000000, 0.65625000, 0.09375000, 0.00015157
-0.75000000, 0.56250000, 0.18750000, 0.00014928
-0.75000000, 0.46875000, 0.28125000, 0.00011965
-0.75000000, 0.37500000, 0.37500000, 0.00007696
-0.75000000, 0.28125000, 0.46875000, 0.00004112
-0.75000000, 0.18750000, 0.56250000, 0.00001463
-0.75000000, 0.09375000, 0.65625000, -0.00000188
-0.75000000, 0.00000000, 0.75000000, -0.00001015
-0.65625000, -0.09375000, 0.75000000, -0.00000672
-0.56250000, -0.18750000, 0.75000000, 0.00000323
-0.46875000, -0.28125000, 0.75000000, 0.00001750
-0.37500000, -0.37500000, 0.75000000, 0.00003574
-0.28125000, -0.46875000, 0.75000000, 0.00005444
-0.18750000, -0.56250000, 0.75000000, 0.00006789
-0.09375000, -0.65625000, 0.75000000, 0.00006762
0.00000000, -0.75000000, 0.75000000, 0.00003076
0.09375000, -0.75000000, 0.65625000, 0.00018988
0.18750000, -0.75000000, 0.56250000, 0.00124539
0.28125000, -0.75000000, 0.46875000, 0.00320819
0.37500000, -0.75000000, 0.37500000, 0.00471308
0.46875000, -0.75000000, 0.28125000, 0.00421161
0.56250000, -0.75000000, 0.18750000, 0.00215277
0.65625000, -0.75000000, 0.09375000, 0.00050418
0.75000000, -0.75000000, 0.00000000, 0.00009031
0.75000000, -0.65625000, -0.09375000, 0.00015157
0.75000000, -0.56250000, -0.18750000, 0.00014928
0.75000000, -0.46875000, -0.28125000, 0.00011965
0.75000000, -0.37500000, -0.37500000, 0.00007696
0.75000000, -0.28125000, -0.46875000, 0.00004112
0.75000000, -0.18750000, -0.56250000, 0.00001463
0.75000000, -0.09375000, -0.65625000, -0.00000188
0.80000000, 0.00000000, -0.80000000, -0.00000609
0.70000000, 0.10000000, -0.80000000, -0.00000703
0.60000000, 0.20000000, -0.80000000, -0.00000395
0.50000000, 0.30000000, -0.80000000, -0.00000153
0.40000000, 0.40000000, -0.80000000, 0.00000100
0.30000000, 0.50000000, -0.80000000, 0.00000360
0.20000000, 0.60000000, -0.80000000, 0.00000623
0.10000000, 0.70000000, -0.80000000, 0.00000693
0.00000000, 0.80000000, -0.80000000, 0.00000077
-0.10000000, 0.80000000, -0.70000000, 0.00001617
-0.20000000, 0.80000000, -0.60000000, 0.00040812
-0.30000000, 0.80000000, -0.50000000, 0.00135177
-0.40000000, 0.80000000, -0.40000000, 0.00213331
-0.50000000, 0.80000000, -0.30000000, 0.00180670
-0.60000000, 0.80000000, -0.20000000, 0.00074596
-0.70000000, 0.80000000, -0.10000000, 0.00009313
-0.80000000, 0.80000000, 0.00000000, 0.00001344
-0.80000000, 0.70000000, 0.10000000, 0.00002849
-0.80000000, 0.60000000, 0.20000000, 0.00002585
-0.80000000, 0.50000000, 0.30000000, 0.00002054
-0.80000000, 0.40000000, 0.40000000, 0.00001124
-0.80000000, 0.30000000, 0.50000000, 0.00000706
-0.80000000, 0.20000000, 0.60000000, 0.00000197
-0.80000000, 0.10000000, 0.70000000, -0.00000228
-0.80000000, 0.00000000, 0.80000000, -0.00000609
-0.70000000, -0.10000000, 0.80000000, -0.00000703
-0.60000000, -0.20000000, 0.80000000, -0.00000395
-0.50000000, -0.30000000, 0.80000000, -0.00000153
-0.40000000, -0.40000000, 0.80000000, 0.00000100
-0.30000000, -0.50000000, 0.80000000, 0.00000360
-0.20000000, -0.60000000, 0.80000000, 0.00000623
-0.10000000, -0.70000000, 0.80000000, 0.00000693
0.00000000, -0.80000000, 0.80000000, 0.00000077
0.10000000, -0.80000000, 0.70000000, 0.00001617
0.20000000, -0.80000000, 0.60000000, 0.00040812
0.30000000, -0.80000000, 0.50000000, 0.00135177
0.40000000, -0.80000000, 0.40000000, 0.00213331
0.50000000, -0.80000000, 0.30000000, 0.00180670
0.60000000, -0.80000000, 0.20000000, 0.00074596
0.70000000, -0.80000000, 0.10000000, 0.00009313
0.80000000, -0.80000000, 0.00000000, 0.00001344
0.80000000, -0.70000000, -0.10000000, 0.00002849
0.80000000, -0.60000000, -0.20000000, 0.00002585
0.80000000, -0.50000000, -0.30000000, 0.00002054
0.80000000, -0.40000000, -0.40000000, 0.00001124
0.80000000, -0.30000000, -0.50000000, 0.00000706
0.80000000, -0.20000000, -0.60000000, 0.00000197
0.80000000, -0.10000000, -0.70000000, -0.00000228
0.85000000, 0.00000000, -0.85000000, 0.00000646
0.74375000, 0.10625000, -0.85000000, 0.00000578
0.63750000, 0.21250000, -0.85000000, 0.00000141
0.53125000, 0.31875000, -0.85000000, -0.00000270
0.42500000, 0.42500000, -0.85000000, -0.00000475
0.31875000, 0.53125000, -0.85000000, -0.00000490
0.21250000, 0.63750000, -0.85000000, -0.00000434
0.10625000, 0.74375000, -0.85000000, -0.00000440
0.00000000, 0.85000000, -0.85000000, -0.00000674
-0.10625000, 0.85000000, -0.74375000, -0.00001262
-0.21250000, 0.85000000, -0.63750000, 0.00009938
-0.31875000, 0.85000000, -0.53125000, 0.00045488
-0.42500000, 0.85000000, -0.42500000, 0.00077826
-0.53125000, 0.85000000, -0.31875000, 0.00061240
-0.63750000, 0.85000000, -0.21250000, 0.00019037
-0.74375000, 0.85000000, -0.10625000, -0.00000378
-0.85000000, 0.85000000, 0.00000000, -0.00001659
-0.85000000, 0.74375000, 0.10625000, -0.00001193
-0.85000000, 0.63750000, 0.21250000, -0.00000771
-0.85000000, 0.53125000, 0.31875000, -0.00000605
-0.85000000, 0.42500000, 0.42500000, -0.00000413
-0.85000000, 0.31875000, 0.53125000, -0.00000337
-0.85000000, 0.21250000, 0.63750000, 0.00000006
-0.85000000, 0.10625000, 0.74375000, 0.00000405
-0.85000000, 0.00000000, 0.85000000, 0.00000646
-0.74375000, -0.10625000, 0.85000000, 0.00000578
-0.63750000, -0.21250000, 0.85000000, 0.00000141
-0.53125000, -0.31875000, 0.85000000, -0.00000270
-0.42500000, -0.42500000, 0.85000000, -0.00000475
-0.31875000, -0.53125000, 0.85000000, -0.00000490
-0.21250000, -0.63750000, 0.85000000, -0.00000434
-0.10625000, -0.74375000, 0.85000000, -0.00000440
0.00000000, -0.85000000, 0.85000000, -0.00000674
0.10625000, -0.85000000, 0.74375000, -0.00001262
0.21250000, -0.85000000, 0.63750000, 0.00009938
0.31875000, -0.85000000, 0.53125000, 0.00045488
0.42500000, -0.85000000, 0.42500000, 0.00077826
0.53125000, -0.85000000, 0.31875000, 0.00061240
0.63750000, -0.85000000, 0.21250000, 0.00019037
0.74375000, -0.85000000, 0.10625000, -0.00000378
0.85000000, -0.85000000, 0.00000000, -0.00001659
0.85000000, -0.74375000, -0.10625000, -0.00001193
0.85000000, -0.63750000, -0.21250000, -0.00000771
0.85000000, -0.53125000, -0.31875000, -0.00000605
0.85000000, -0.42500000, -0.42500000, -0.00000413
0.85000000, -0.31875000, -0.53125000, -0.00000337
0.85000000, -0.21250000, -0.63750000, 0.00000006
0.85000000, -0.10625000, -0.74375000, 0.00000405
0.90000000, 0.00000000, -0.90000000, 0.00000297
0.78750000, 0.11250000, -0.90000000, 0.00000392
0.67500000, 0.22500000, -0.90000000, 0.00000164
0.56250000, 0.33750000, -0.90000000, -0.00000047
0.45000000, 0.45000000, -0.90000000, -0.00000147
0.33750000, 0.56250000, -0.90000000, -0.00000119
0.22500000, 0.67500000, -0.90000000, -0.00000072
0.11250000, 0.78750000, -0.90000000, -0.00000060
0.00000000, 0.90000000, -0.90000000, -0.00000112
-0.11250000, 0.90000000, -0.78750000, -0.00000636
-0.22500000, 0.90000000, -0.67500000, 0.00001437
-0.33750000, 0.90000000, -0.56250000, 0.00010427
-0.45000000, 0.90000000, -0.45000000, 0.00019587
-0.56250000, 0.90000000, -0.33750000, 0.00014013
-0.67500000, 0.90000000, -0.22500000, 0.00002821
-0.78750000, 0.90000000, -0.11250000, -0.00000810
-0.90000000, 0.90000000, 0.00000000, -0.00000533
-0.90000000, 0.78750000, 0.11250000, -0.00000671
-0.90000000, 0.67500000, 0.22500000, -0.00000385
-0.90000000, 0.56250000, 0.33750000, -0.00000278
-0.90000000, 0.45000000, 0.45000000, -0.00000102
-0.90000000, 0.33750000, 0.56250000, -0.00000170
-0.90000000, 0.22500000, 0.67500000, -0.00000024
-0.90000000, 0.11250000, 0.78750000, 0.00000140
-0.90000000, 0.00000000, 0.90000000, 0.00000297
-0.78750000, -0.11250000, 0.90000000, 0.00000392
-0.67500000, -0.22500000, 0.90000000, 0.00000164
-0.56250000, -0.33750000, 0.90000000, -0.00000047
-0.45000000, -0.45000000, 0.90000000, -0.00000147
-0.33750000, -0.56250000, 0.90000000, -0.00000119
-0.22500000, -0.67500000, 0.90000000, -0.00000072
-0.11250000, -0.78750000, 0.90000000, -0.00000060
0.00000000, -0.90000000, 0.90000000, -0.00000112
0.11250000, -0.90000000, 0.78750000, -0.00000636
0.22500000, -0.90000000, 0.67500000, 0.00001437
0.33750000, -0.90000000, 0.56250000, 0.00010427
0.45000000, -0.90000000, 0.45000000, 0.00019587
0.56250000, -0.90000000, 0.33750000, 0.00014013
0.67500000, -0.90000000, 0.22500000, 0.00002821
0.78750000, -0.90000000, 0.11250000, -0.00000810
0.90000000, -0.90000000, 0.00000000, -0.00000533
0.90000000, -0.78750000, -0.11250000, -0.00000671
0.90000000, -0.67500000, -0.22500000, -0.00000385
0.90000000, -0.56250000, -0.33750000, -0.00000278
0.90000000, -0.45000000, -0.45000000, -0.00000102
0.90000000, -0.33750000, -0.56250000, -0.00000170
0.90000000, -0.22500000, -0.67500000, -0.00000024
0.90000000, -0.11250000, -0.78750000, 0.00000140
0.95000000, 0.00000000, -0.95000000, -0.00000460
0.83125000, 0.11875000, -0.95000000, -0.00000539
0.71250000, 0.23750000, -0.95000000, -0.00000241
0.59375000, 0.35625000, -0.95000000, 0.00000032
0.47500000, 0.47500000, -0.95000000, 0.00000178
0.35625000, 0.59375000, -0.95000000, 0.00000210
0.23750000, 0.71250000, -0.95000000, 0.00000213
0.11875000, 0.83125000, -0.95000000, 0.00000236
0.00000000, 0.95000000, -0.95000000, 0.00000340
-0.11875000, 0.95000000, -0.83125000, 0.00000241
-0.23750000, 0.95000000, -0.71250000, -0.00000018
-0.35625000, 0.95000000, -0.59375000, 0.00000811
-0.47500000, 0.95000000, -0.47500000, 0.00001903
-0.59375000, 0.95000000, -0.35625000, 0.00001480
-0.71250000, 0.95000000, -0.23750000, 0.00000330
-0.83125000, 0.95000000, -0.11875000, 0.00000512
-0.95000000, 0.95000000, 0.00000000, 0.00001159
-0.95000000, 0.83125000, 0.11875000, 0.00001057
-0.95000000, 0.71250000, 0.23750000, 0.00000715
-0.95000000, 0.59375000, 0.35625000, 0.00000543
-0.95000000, 0.47500000, 0.47500000, 0.00000281
-0.95000000, 0.35625000, 0.59375000, 0.00000221
-0.95000000, 0.23750000, 0.71250000, -0.00000045
-0.95000000, 0.11875000, 0.83125000, -0.00000314
-0.95000000, 0.00000000, 0.95000000, -0.00000460
-0.83125000, -0.11875000, 0.95000000, -0.00000539
-0.71250000, -0.23750000, 0.95000000, -0.00000241
-0.59375000, -0.35625000, 0.95000000, 0.00000032
-0.47500000, -0.47500000, 0.95000000, 0.00000178
-0.35625000, -0.59375000, 0.95000000, 0.00000210
-0.23750000, -0.71250000, 0.95000000, 0.00000213
-0.11875000, -0.83125000, 0.95000000, 0.00000236
0.00000000, -0.95000000, 0.95000000, 0.00000340
0.11875000, -0.95000000, 0.83125000, 0.00000241
0.23750000, -0.95000000, 0.71250000, -0.00000018
0.35625000, -0.95000000, 0.59375000, 0.00000811
0.47500000, -0.95000000, 0.47500000, 0.00001903
0.59375000, -0.95000000, 0.35625000, 0.00001480
0.71250000, -0.95000000, 0.23750000, 0.00000330
0.83125000, -0.95000000, 0.11875000, 0.00000512
0.95000000, -0.95000000, 0.00000000, 0.00001159
0.95000000, -0.83125000, -0.11875000, 0.00001057
0.95000000, -0.71250000, -0.23750000, 0.00000715
0.95000000, -0.59375000, -0.35625000, 0.00000543
0.95000000, -0.47500000, -0.47500000, 0.00000281
0.95000000, -0.35625000, -0.59375000, 0.00000221
0.95000000, -0.23750000, -0.71250000, -0.00000045
0.95000000, -0.11875000, -0.83125000, -0.00000314
1.00000000, 0.00000000, -1.00000000, 0.00000000
0.87500000, 0.12500000, -1.00000000, 0.00000000
0.75000000, 0.25000000, -1.00000000, 0.00000000
0.62500000, 0.37500000, -1.00000000, 0.00000000
0.50000000, 0.50000000, -1.00000000, 0.00000000
0.37500000, 0.62500000, -1.00000000, 0.00000000
0.25000000, 0.75000000, -1.00000000, 0.00000000
0.12500000, 0.87500000, -1.00000000, 0.00000000
0.00000000, 1.00000000, -1.00000000, 0.00000000
-0.12500000, 1.00000000, -0.87500000, 0.00000000
-0.25000000, 1.00000000, -0.75000000, 0.00000000
-0.37500000, 1.00000000, -0.62500000, 0.00000000
-0.50000000, 1.00000000, -0.50000000, 0.00000000
-0.62500000, 1.00000000, -0.37500000, 0.00000000
-0.75000000, 1.00000000, -0.25000000, 0.00000000
-0.87500000, 1.00000000, -0.12500000, 0.00000000
-1.00000000, 1.00000000, 0.00000000, 0.00000000
-1.00000000, 0.87500000, 0.12500000, 0.00000000
-1.00000000, 0.75000000, 0.25000000, 0.00000000
-1.00000000, 0.62500000, 0.37500000, 0.00000000
-1.00000000, 0.50000000, 0.50000000, 0.00000000
-1.00000000, 0.37500000, 0.62500000, 0.00000000
-1.00000000, 0.25000000, 0.75000000, 0.00000000
-1.00000000, 0.12500000, 0.87500000, 0.00000000
-1.00000000, 0.00000000, 1.00000000, 0.00000000
-0.87500000, -0.12500000, 1.00000000, 0.00000000
-0.75000000, -0.25000000, 1.00000000, 0.00000000
-0.62500000, -0.37500000, 1.00000000, 0.00000000
-0.50000000, -0.50000000, 1.00000000, 0.00000000
-0.37500000, -0.62500000, 1.00000000, 0.00000000
-0.25000000, -0.75000000, 1.00000000, 0.00000000
-0.12500000, -0.87500000, 1.00000000, 0.00000000
0.00000000, -1.00000000, 1.00000000, 0.00000000
0.12500000, -1.00000000, 0.87500000, 0.00000000
0.25000000, -1.00000000, 0.75000000, 0.00000000
0.37500000, -1.00000000, 0.62500000, 0.00000000
0.50000000, -1.00000000, 0.50000000, 0.00000000
0.62500000, -1.00000000, 0.37500000, 0.00000000
0.75000000, -1.00000000, 0.25000000, 0.00000000
0.87500000, -1.00000000, 0.12500000, 0.00000000
1.00000000, -1.00000000, 0.00000000, 0.00000000
1.00000000, -0.87500000, -0.12500000, 0.00000000
1.00000000, -0.75000000, -0.25000000, 0.00000000
1.00000000, -0.62500000, -0.37500000, 0.00000000
1.00000000, -0.50000000, -0.50000000, 0.00000000
1.00000000, -0.37500000, -0.62500000, 0.00000000
1.00000000, -0.25000000, -0.75000000, 0.00000000
1.00000000, -0.12500000, -0.87500000, 0.00000000
