0.01000000, 0.00000000, -0.01000000, 0.01423380
0.00000000, 0.01000000, -0.01000000, 0.02092539
-0.00125000, 0.01000000, -0.00875000, 0.38938990
-0.00250000, 0.01000000, -0.00750000, 0.65199214
-0.00375000, 0.01000000, -0.00625000, 0.80880070
-0.00500000, 0.01000000, -0.00500000, 0.85978001
-0.00625000, 0.01000000, -0.00375000, 0.80498832
-0.00750000, 0.01000000, -0.00250000, 0.64422190
-0.00875000, 0.01000000, -0.00125000, 0.37732440
-0.01000000, 0.01000000, 0.00000000, 0.00262229
-0.01000000, 0.00875000, 0.00125000, 0.00507194
-0.01000000, 0.00750000, 0.00250000, 0.00634603
-0.01000000, 0.00625000, 0.00375000, 0.00791214
-0.01000000, 0.00500000, 0.00500000, 0.00886997
-0.01000000, 0.00375000, 0.00625000, 0.01041342
-0.01000000, 0.00250000, 0.00750000, 0.01112738
-0.01000000, 0.00125000, 0.00875000, 0.01274303
-0.01000000, 0.00000000, 0.01000000, 0.01423380
0.00000000, -0.01000000, 0.01000000, 0.02092539
0.00125000, -0.01000000, 0.00875000, 0.38938990
0.00250000, -0.01000000, 0.00750000, 0.65199214
0.00375000, -0.01000000, 0.00625000, 0.80880070
0.00500000, -0.01000000, 0.00500000, 0.85978001
0.00625000, -0.01000000, 0.00375000, 0.80498832
0.00750000, -0.01000000, 0.00250000, 0.64422190
0.00875000, -0.01000000, 0.00125000, 0.37732440
0.01000000, -0.01000000, 0.00000000, 0.00262229
0.01000000, -0.00875000, -0.00125000, 0.00507194
0.01000000, -0.00750000, -0.00250000, 0.00634603
0.01000000, -0.00625000, -0.00375000, 0.00791214
0.01000000, -0.00500000, -0.00500000, 0.00886997
0.01000000, -0.00375000, -0.00625000, 0.01041342
0.01000000, -0.00250000, -0.00750000, 0.01112738
0.01000000, -0.00125000, -0.00875000, 0.01274303
0.02000000, 0.00000000, -0.02000000, 0.01623525
0.01750000, 0.00250000, -0.02000000, 0.01625591
0.01500000, 0.00500000, -0.02000000, 0.01733079
0.01250000, 0.00750000, -0.02000000, 0.01720111
0.01000000, 0.01000000, -0.02000000, 0.01861185
0.00750000, 0.01250000, -0.02000000, 0.01836350
0.00500000, 0.01500000, -0.02000000, 0.01818271
0.00250000, 0.01750000, -0.02000000, 0.01757867
0.00000000, 0.02000000, -0.02000000, 0.01664273
-0.00250000, 0.02000000, -0.01750000, 0.19755259
-0.00500000, 0.02000000, -0.01500000, 0.32661182
-0.00750000, 0.02000000, -0.01250000, 0.40369329
-0.01000000, 0.02000000, -0.01000000, 0.42853862
-0.01250000, 0.02000000, -0.00750000, 0.40143976
-0.01500000, 0.02000000, -0.00500000, 0.32220888
-0.01750000, 0.02000000, -0.00250000, 0.19074096
-0.02000000, 0.02000000, 0.00000000, 0.00622394
-0.02000000, 0.01750000, 0.00250000, 0.00877961
-0.02000000, 0.01500000, 0.00500000, 0.01001825
-0.02000000, 0.01250000, 0.00750000, 0.01135439
-0.02000000, 0.01000000, 0.01000000, 0.01213339
-0.02000000, 0.00750000, 0.01250000, 0.01323911
-0.02000000, 0.00500000, 0.01500000, 0.01420377
-0.02000000, 0.00250000, 0.01750000, 0.01516005
-0.02000000, 0.00000000, 0.02000000, 0.01623525
-0.01750000, -0.00250000, 0.02000000, 0.01625591
-0.01500000, -0.00500000, 0.02000000, 0.01733079
-0.01250000, -0.00750000, 0.02000000, 0.01720111
-0.01000000, -0.01000000, 0.02000000, 0.01861185
-0.00750000, -0.01250000, 0.02000000, 0.01836350
-0.00500000, -0.01500000, 0.02000000, 0.01818271
-0.00250000, -0.01750000, 0.02000000, 0.01757867
0.00000000, -0.02000000, 0.02000000, 0.01664273
0.00250000, -0.02000000, 0.01750000, 0.19755259
0.00500000, -0.02000000, 0.01500000, 0.32661182
0.00750000, -0.02000000, 0.01250000, 0.40369329
0.01000000, -0.02000000, 0.01000000, 0.42853862
0.01250000, -0.02000000, 0.00750000, 0.40143976
0.01500000, -0.02000000, 0.00500000, 0.32220888
0.01750000, -0.02000000, 0.00250000, 0.19074096
0.02000000, -0.02000000, 0.00000000, 0.00622394
0.02000000, -0.01750000, -0.00250000, 0.00877961
0.02000000, -0.01500000, -0.00500000, 0.01001825
0.02000000, -0.01250000, -0.00750000, 0.01135439
0.02000000, -0.01000000, -0.01000000, 0.01213339
0.02000000, -0.00750000, -0.01250000, 0.01323911
0.02000000, -0.00500000, -0.01500000, 0.01420377
0.02000000, -0.00250000, -0.01750000, 0.01516005
0.03000000, 0.00000000, -0.03000000, 0.01731411
0.02625000, 0.00375000, -0.03000000, 0.01719618
0.02250000, 0.00750000, -0.03000000, 0.01790793
0.01875000, 0.01125000, -0.03000000, 0.01783203
0.01500000, 0.01500000, -0.03000000, 0.01793646
0.01125000, 0.01875000, -0.03000000, 0.01781282
0.00750000, 0.02250000, -0.03000000, 0.01720882
0.00375000, 0.02625000, -0.03000000, 0.01603479
0.00000000, 0.03000000, -0.03000000, 0.01397236
-0.00375000, 0.03000000, -0.02625000, 0.13228776
-0.00750000, 0.03000000, -0.02250000, 0.21700421
-0.01125000, 0.03000000, -0.01875000, 0.26785487
-0.01500000, 0.03000000, -0.01500000, 0.28457171
-0.01875000, 0.03000000, -0.01125000, 0.26722127
-0.02250000, 0.03000000, -0.00750000, 0.21582472
-0.02625000, 0.03000000, -0.00375000, 0.13035446
-0.03000000, 0.03000000, 0.00000000, 0.01038265
-0.03000000, 0.02625000, 0.00375000, 0.01265520
-0.03000000, 0.02250000, 0.00750000, 0.01359229
-0.03000000, 0.01875000, 0.01125000, 0.01451427
-0.03000000, 0.01500000, 0.01500000, 0.01519774
-0.03000000, 0.01125000, 0.01875000, 0.01572018
-0.03000000, 0.00750000, 0.02250000, 0.01622239
-0.03000000, 0.00375000, 0.02625000, 0.01673513
-0.03000000, 0.00000000, 0.03000000, 0.01731411
-0.02625000, -0.00375000, 0.03000000, 0.01719618
-0.02250000, -0.00750000, 0.03000000, 0.01790793
-0.01875000, -0.01125000, 0.03000000, 0.01783203
-0.01500000, -0.01500000, 0.03000000, 0.01793646
-0.01125000, -0.01875000, 0.03000000, 0.01781282
-0.00750000, -0.02250000, 0.03000000, 0.01720882
-0.00375000, -0.02625000, 0.03000000, 0.01603479
0.00000000, -0.03000000, 0.03000000, 0.01397236
0.00375000, -0.03000000, 0.02625000, 0.13228776
0.00750000, -0.03000000, 0.02250000, 0.21700421
0.01125000, -0.03000000, 0.01875000, 0.26785487
0.01500000, -0.03000000, 0.01500000, 0.28457171
0.01875000, -0.03000000, 0.01125000, 0.26722127
0.02250000, -0.03000000, 0.00750000, 0.21582472
0.02625000, -0.03000000, 0.00375000, 0.13035446
0.03000000, -0.03000000, 0.00000000, 0.01038265
0.03000000, -0.02625000, -0.00375000, 0.01265520
0.03000000, -0.02250000, -0.00750000, 0.01359229
0.03000000, -0.01875000, -0.01125000, 0.01451427
0.03000000, -0.01500000, -0.01500000, 0.01519774
0.03000000, -0.01125000, -0.01875000, 0.01572018
0.03000000, -0.00750000, -0.02250000, 0.01622239
0.03000000, -0.00375000, -0.02625000, 0.01673513
0.04000000, 0.00000000, -0.04000000, 0.01785817
0.03500000, 0.00500000, -0.04000000, 0.01749159
0.03000000, 0.01000000, -0.04000000, 0.01760008
0.02500000, 0.01500000, -0.04000000, 0.01755692
0.02000000, 0.02000000, -0.04000000, 0.01736408
0.01500000, 0.02500000, -0.04000000, 0.01684807
0.01000000, 0.03000000, -0.04000000, 0.01594533
0.00500000, 0.03500000, -0.04000000, 0.01439297
0.00000000, 0.04000000, -0.04000000, 0.01181898
-0.00500000, 0.04000000, -0.03500000, 0.09886926
-0.01000000, 0.04000000, -0.03000000, 0.16165817
-0.01500000, 0.04000000, -0.02500000, 0.19955839
-0.02000000, 0.04000000, -0.02000000, 0.21249384
-0.02500000, 0.04000000, -0.01500000, 0.20044614
-0.03000000, 0.04000000, -0.01000000, 0.16342945
-0.03500000, 0.04000000, -0.00500000, 0.10147649
-0.04000000, 0.04000000, 0.00000000, 0.01439272
-0.04000000, 0.03500000, 0.00500000, 0.01621891
-0.04000000, 0.03000000, 0.01000000, 0.01689335
-0.04000000, 0.02500000, 0.01500000, 0.01727251
-0.04000000, 0.02000000, 0.02000000, 0.01752281
-0.04000000, 0.01500000, 0.02500000, 0.01764649
-0.04000000, 0.01000000, 0.03000000, 0.01769762
-0.04000000, 0.00500000, 0.03500000, 0.01774544
-0.04000000, 0.00000000, 0.04000000, 0.01785817
-0.03500000, -0.00500000, 0.04000000, 0.01749159
-0.03000000, -0.01000000, 0.04000000, 0.01760008
-0.02500000, -0.01500000, 0.04000000, 0.01755692
-0.02000000, -0.02000000, 0.04000000, 0.01736408
-0.01500000, -0.02500000, 0.04000000, 0.01684807
-0.01000000, -0.03000000, 0.04000000, 0.01594533
-0.00500000, -0.03500000, 0.04000000, 0.01439297
0.00000000, -0.04000000, 0.04000000, 0.01181898
0.00500000, -0.04000000, 0.03500000, 0.09886926
0.01000000, -0.04000000, 0.03000000, 0.16165817
0.01500000, -0.04000000, 0.02500000, 0.19955839
0.02000000, -0.04000000, 0.02000000, 0.21249384
0.02500000, -0.04000000, 0.01500000, 0.20044614
0.03000000, -0.04000000, 0.01000000, 0.16342945
0.03500000, -0.04000000, 0.00500000, 0.10147649
0.04000000, -0.04000000, 0.00000000, 0.01439272
0.04000000, -0.03500000, -0.00500000, 0.01621891
0.04000000, -0.03000000, -0.01000000, 0.01689335
0.04000000, -0.02500000, -0.01500000, 0.01727251
0.04000000, -0.02000000, -0.02000000, 0.01752281
0.04000000, -0.01500000, -0.02500000, 0.01764649
0.04000000, -0.01000000, -0.03000000, 0.01769762
0.04000000, -0.00500000, -0.03500000, 0.01774544
0.05000000, 0.00000000, -0.05000000, 0.01811067
0.04375000, 0.00625000, -0.05000000, 0.01750643
0.03750000, 0.01250000, -0.05000000, 0.01731187
0.03125000, 0.01875000, -0.05000000, 0.01700130
0.02500000, 0.02500000, -0.05000000, 0.01654985
0.01875000, 0.03125000, -0.05000000, 0.01588796
0.01250000, 0.03750000, -0.05000000, 0.01476571
0.00625000, 0.04375000, -0.05000000, 0.01301507
0.00000000, 0.05000000, -0.05000000, 0.01006677
-0.00625000, 0.05000000, -0.04375000, 0.07836928
-0.01250000, 0.05000000, -0.03750000, 0.12802875
-0.01875000, 0.05000000, -0.03125000, 0.15835595
-0.02500000, 0.05000000, -0.02500000, 0.16923037
-0.03125000, 0.05000000, -0.01875000, 0.16063139
-0.03750000, 0.05000000, -0.01250000, 0.13258579
-0.04375000, 0.05000000, -0.00625000, 0.08513062
-0.05000000, 0.05000000, 0.00000000, 0.01820152
-0.05000000, 0.04375000, 0.00625000, 0.01950067
-0.05000000, 0.03750000, 0.01250000, 0.01972589
-0.05000000, 0.03125000, 0.01875000, 0.01966139
-0.05000000, 0.02500000, 0.02500000, 0.01947516
-0.05000000, 0.01875000, 0.03125000, 0.01914598
-0.05000000, 0.01250000, 0.03750000, 0.01878010
-0.05000000, 0.00625000, 0.04375000, 0.01840497
-0.05000000, 0.00000000, 0.05000000, 0.01811067
-0.04375000, -0.00625000, 0.05000000, 0.01750643
-0.03750000, -0.01250000, 0.05000000, 0.01731187
-0.03125000, -0.01875000, 0.05000000, 0.01700130
-0.02500000, -0.02500000, 0.05000000, 0.01654985
-0.01875000, -0.03125000, 0.05000000, 0.01588796
-0.01250000, -0.03750000, 0.05000000, 0.01476571
-0.00625000, -0.04375000, 0.05000000, 0.01301507
0.00000000, -0.05000000, 0.05000000, 0.01006677
0.00625000, -0.05000000, 0.04375000, 0.07836928
0.01250000, -0.05000000, 0.03750000, 0.12802875
0.01875000, -0.05000000, 0.03125000, 0.15835595
0.02500000, -0.05000000, 0.02500000, 0.16923037
0.03125000, -0.05000000, 0.01875000, 0.16063139
0.03750000, -0.05000000, 0.01250000, 0.13258579
0.04375000, -0.05000000, 0.00625000, 0.08513062
0.05000000, -0.05000000, 0.00000000, 0.01820152
0.05000000, -0.04375000, -0.00625000, 0.01950067
0.05000000, -0.03750000, -0.01250000, 0.01972589
0.05000000, -0.03125000, -0.01875000, 0.01966139
0.05000000, -0.02500000, -0.02500000, 0.01947516
0.05000000, -0.01875000, -0.03125000, 0.01914598
0.05000000, -0.01250000, -0.03750000, 0.01878010
0.05000000, -0.00625000, -0.04375000, 0.01840497
0.06000000, 0.00000000, -0.06000000, 0.01821727
0.05250000, 0.00750000, -0.06000000, 0.01740990
0.04500000, 0.01500000, -0.06000000, 0.01695004
0.03750000, 0.02250000, -0.06000000, 0.01642787
0.03000000, 0.03000000, -0.06000000, 0.01573826
0.02250000, 0.03750000, -0.06000000, 0.01478035
0.01500000, 0.04500000, -0.06000000, 0.01344087
0.00750000, 0.05250000, -0.06000000, 0.01153802
0.00000000, 0.06000000, -0.06000000, 0.00857956
-0.00750000, 0.06000000, -0.05250000, 0.06439126
-0.01500000, 0.06000000, -0.04500000, 0.10541195
-0.02250000, 0.06000000, -0.03750000, 0.13080868
-0.03000000, 0.06000000, -0.03000000, 0.14046778
-0.03750000, 0.06000000, -0.02250000, 0.13437319
-0.04500000, 0.06000000, -0.01500000, 0.11253544
-0.05250000, 0.06000000, -0.00750000, 0.07499801
-0.06000000, 0.06000000, 0.00000000, 0.02177047
-0.06000000, 0.05250000, 0.00750000, 0.02248760
-0.06000000, 0.04500000, 0.01500000, 0.02223397
-0.06000000, 0.03750000, 0.02250000, 0.02172858
-0.06000000, 0.03000000, 0.03000000, 0.02110946
-0.06000000, 0.02250000, 0.03750000, 0.02040040
-0.06000000, 0.01500000, 0.04500000, 0.01965051
-0.06000000, 0.00750000, 0.05250000, 0.01888704
-0.06000000, 0.00000000, 0.06000000, 0.01821727
-0.05250000, -0.00750000, 0.06000000, 0.01740990
-0.04500000, -0.01500000, 0.06000000, 0.01695004
-0.03750000, -0.02250000, 0.06000000, 0.01642787
-0.03000000, -0.03000000, 0.06000000, 0.01573826
-0.02250000, -0.03750000, 0.06000000, 0.01478035
-0.01500000, -0.04500000, 0.06000000, 0.01344087
-0.00750000, -0.05250000, 0.06000000, 0.01153802
0.00000000, -0.06000000, 0.06000000, 0.00857956
0.00750000, -0.06000000, 0.05250000, 0.06439126
0.01500000, -0.06000000, 0.04500000, 0.10541195
0.02250000, -0.06000000, 0.03750000, 0.13080868
0.03000000, -0.06000000, 0.03000000, 0.14046778
0.03750000, -0.06000000, 0.02250000, 0.13437319
0.04500000, -0.06000000, 0.01500000, 0.11253544
0.05250000, -0.06000000, 0.00750000, 0.07499801
0.06000000, -0.06000000, 0.00000000, 0.02177047
0.06000000, -0.05250000, -0.00750000, 0.02248760
0.06000000, -0.04500000, -0.01500000, 0.02223397
0.06000000, -0.03750000, -0.02250000, 0.02172858
0.06000000, -0.03000000, -0.03000000, 0.02110946
0.06000000, -0.02250000, -0.03750000, 0.02040040
0.06000000, -0.01500000, -0.04500000, 0.01965051
0.06000000, -0.00750000, -0.05250000, 0.01888704
0.07000000, 0.00000000, -0.07000000, 0.01823764
0.06125000, 0.00875000, -0.07000000, 0.01726024
0.05250000, 0.01750000, -0.07000000, 0.01649945
0.04375000, 0.02625000, -0.07000000, 0.01575980
0.03500000, 0.03500000, -0.07000000, 0.01492099
0.02625000, 0.04375000, -0.07000000, 0.01384237
0.01750000, 0.05250000, -0.07000000, 0.01244071
0.00875000, 0.06125000, -0.07000000, 0.01046567
0.00000000, 0.07000000, -0.07000000, 0.00735564
-0.00875000, 0.07000000, -0.06125000, 0.05423687
-0.01750000, 0.07000000, -0.05250000, 0.08917864
-0.02625000, 0.07000000, -0.04375000, 0.11112682
-0.03500000, 0.07000000, -0.03500000, 0.12003524
-0.04375000, 0.07000000, -0.02625000, 0.11587067
-0.05250000, 0.07000000, -0.01750000, 0.09863273
-0.06125000, 0.07000000, -0.00875000, 0.06836973
-0.07000000, 0.07000000, 0.00000000, 0.02512903
-0.07000000, 0.06125000, 0.00875000, 0.02522487
-0.07000000, 0.05250000, 0.01750000, 0.02453216
-0.07000000, 0.04375000, 0.02625000, 0.02358527
-0.07000000, 0.03500000, 0.03500000, 0.02255347
-0.07000000, 0.02625000, 0.04375000, 0.02145781
-0.07000000, 0.01750000, 0.05250000, 0.02034203
-0.07000000, 0.00875000, 0.06125000, 0.01922404
-0.07000000, 0.00000000, 0.07000000, 0.01823764
-0.06125000, -0.00875000, 0.07000000, 0.01726024
-0.05250000, -0.01750000, 0.07000000, 0.01649945
-0.04375000, -0.02625000, 0.07000000, 0.01575980
-0.03500000, -0.03500000, 0.07000000, 0.01492099
-0.02625000, -0.04375000, 0.07000000, 0.01384237
-0.01750000, -0.05250000, 0.07000000, 0.01244071
-0.00875000, -0.06125000, 0.07000000, 0.01046567
0.00000000, -0.07000000, 0.07000000, 0.00735564
0.00875000, -0.07000000, 0.06125000, 0.05423687
0.01750000, -0.07000000, 0.05250000, 0.08917864
0.02625000, -0.07000000, 0.04375000, 0.11112682
0.03500000, -0.07000000, 0.03500000, 0.12003524
0.04375000, -0.07000000, 0.02625000, 0.11587067
0.05250000, -0.07000000, 0.01750000, 0.09863273
0.06125000, -0.07000000, 0.00875000, 0.06836973
0.07000000, -0.07000000, 0.00000000, 0.02512903
0.07000000, -0.06125000, -0.00875000, 0.02522487
0.07000000, -0.05250000, -0.01750000, 0.02453216
0.07000000, -0.04375000, -0.02625000, 0.02358527
0.07000000, -0.03500000, -0.03500000, 0.02255347
0.07000000, -0.02625000, -0.04375000, 0.02145781
0.07000000, -0.01750000, -0.05250000, 0.02034203
0.07000000, -0.00875000, -0.06125000, 0.01922404
0.08000000, 0.00000000, -0.08000000, 0.01822939
0.07000000, 0.01000000, -0.08000000, 0.01705859
0.06000000, 0.02000000, -0.08000000, 0.01604512
0.05000000, 0.03000000, -0.08000000, 0.01510512
0.04000000, 0.04000000, -0.08000000, 0.01412652
0.03000000, 0.05000000, -0.08000000, 0.01300051
0.02000000, 0.06000000, -0.08000000, 0.01156363
0.01000000, 0.07000000, -0.08000000, 0.00957224
0.00000000, 0.08000000, -0.08000000, 0.00634786
-0.01000000, 0.08000000, -0.07000000, 0.04658788
-0.02000000, 0.08000000, -0.06000000, 0.07701295
-0.03000000, 0.08000000, -0.05000000, 0.09644696
-0.04000000, 0.08000000, -0.04000000, 0.10488181
-0.05000000, 0.08000000, -0.03000000, 0.10226190
-0.06000000, 0.08000000, -0.02000000, 0.08858477
-0.07000000, 0.08000000, -0.01000000, 0.06389733
-0.08000000, 0.08000000, 0.00000000, 0.02826340
-0.08000000, 0.07000000, 0.01000000, 0.02776824
-0.08000000, 0.06000000, 0.02000000, 0.02663725
-0.08000000, 0.05000000, 0.03000000, 0.02526498
-0.08000000, 0.04000000, 0.04000000, 0.02384751
-0.08000000, 0.03000000, 0.05000000, 0.02238000
-0.08000000, 0.02000000, 0.06000000, 0.02092888
-0.08000000, 0.01000000, 0.07000000, 0.01949706
-0.08000000, 0.00000000, 0.08000000, 0.01822939
-0.07000000, -0.01000000, 0.08000000, 0.01705859
-0.06000000, -0.02000000, 0.08000000, 0.01604512
-0.05000000, -0.03000000, 0.08000000, 0.01510512
-0.04000000, -0.04000000, 0.08000000, 0.01412652
-0.03000000, -0.05000000, 0.08000000, 0.01300051
-0.02000000, -0.06000000, 0.08000000, 0.01156363
-0.01000000, -0.07000000, 0.08000000, 0.00957224
0.00000000, -0.08000000, 0.08000000, 0.00634786
0.01000000, -0.08000000, 0.07000000, 0.04658788
0.02000000, -0.08000000, 0.06000000, 0.07701295
0.03000000, -0.08000000, 0.05000000, 0.09644696
0.04000000, -0.08000000, 0.04000000, 0.10488181
0.05000000, -0.08000000, 0.03000000, 0.10226190
0.06000000, -0.08000000, 0.02000000, 0.08858477
0.07000000, -0.08000000, 0.01000000, 0.06389733
0.08000000, -0.08000000, 0.00000000, 0.02826340
0.08000000, -0.07000000, -0.01000000, 0.02776824
0.08000000, -0.06000000, -0.02000000, 0.02663725
0.08000000, -0.05000000, -0.03000000, 0.02526498
0.08000000, -0.04000000, -0.04000000, 0.02384751
0.08000000, -0.03000000, -0.05000000, 0.02238000
0.08000000, -0.02000000, -0.06000000, 0.02092888
0.08000000, -0.01000000, -0.07000000, 0.01949706
0.09000000, 0.00000000, -0.09000000, 0.01822259
0.07875000, 0.01125000, -0.09000000, 0.01682873
0.06750000, 0.02250000, -0.09000000, 0.01562531
0.05625000, 0.03375000, -0.09000000, 0.01452034
0.04500000, 0.04500000, -0.09000000, 0.01338854
0.03375000, 0.05625000, -0.09000000, 0.01216979
0.02250000, 0.06750000, -0.09000000, 0.01066046
0.01125000, 0.07875000, -0.09000000, 0.00867237
0.00000000, 0.09000000, -0.09000000, 0.00550598
-0.01125000, 0.09000000, -0.07875000, 0.04066271
-0.02250000, 0.09000000, -0.06750000, 0.06760768
-0.03375000, 0.09000000, -0.05625000, 0.08515524
-0.04500000, 0.09000000, -0.04500000, 0.09328809
-0.05625000, 0.09000000, -0.03375000, 0.09193917
-0.06750000, 0.09000000, -0.02250000, 0.08110459
-0.07875000, 0.09000000, -0.01125000, 0.06082354
-0.09000000, 0.09000000, 0.00000000, 0.03116553
-0.09000000, 0.07875000, 0.01125000, 0.03013383
-0.09000000, 0.06750000, 0.02250000, 0.02856115
-0.09000000, 0.05625000, 0.03375000, 0.02678899
-0.09000000, 0.04500000, 0.04500000, 0.02501171
-0.09000000, 0.03375000, 0.05625000, 0.02321369
-0.09000000, 0.02250000, 0.06750000, 0.02146197
-0.09000000, 0.01125000, 0.07875000, 0.01975394
-0.09000000, 0.00000000, 0.09000000, 0.01822259
-0.07875000, -0.01125000, 0.09000000, 0.01682873
-0.06750000, -0.02250000, 0.09000000, 0.01562531
-0.05625000, -0.03375000, 0.09000000, 0.01452034
-0.04500000, -0.04500000, 0.09000000, 0.01338854
-0.03375000, -0.05625000, 0.09000000, 0.01216979
-0.02250000, -0.06750000, 0.09000000, 0.01066046
-0.01125000, -0.07875000, 0.09000000, 0.00867237
0.00000000, -0.09000000, 0.09000000, 0.00550598
0.01125000, -0.09000000, 0.07875000, 0.04066271
0.02250000, -0.09000000, 0.06750000, 0.06760768
0.03375000, -0.09000000, 0.05625000, 0.08515524
0.04500000, -0.09000000, 0.04500000, 0.09328809
0.05625000, -0.09000000, 0.03375000, 0.09193917
0.06750000, -0.09000000, 0.02250000, 0.08110459
0.07875000, -0.09000000, 0.01125000, 0.06082354
0.09000000, -0.09000000, 0.00000000, 0.03116553
0.09000000, -0.07875000, -0.01125000, 0.03013383
0.09000000, -0.06750000, -0.02250000, 0.02856115
0.09000000, -0.05625000, -0.03375000, 0.02678899
0.09000000, -0.04500000, -0.04500000, 0.02501171
0.09000000, -0.03375000, -0.05625000, 0.02321369
0.09000000, -0.02250000, -0.06750000, 0.02146197
0.09000000, -0.01125000, -0.07875000, 0.01975394
0.10000000, 0.00000000, -0.10000000, 0.01822415
0.08750000, 0.01250000, -0.10000000, 0.01660542
0.07500000, 0.02500000, -0.10000000, 0.01524158
0.06250000, 0.03750000, -0.10000000, 0.01399247
0.05000000, 0.05000000, -0.10000000, 0.01271812
0.03750000, 0.06250000, -0.10000000, 0.01137492
0.02500000, 0.07500000, -0.10000000, 0.00979099
0.01250000, 0.08750000, -0.10000000, 0.00781718
0.00000000, 0.10000000, -0.10000000, 0.00480468
-0.01250000, 0.10000000, -0.08750000, 0.03595673
-0.02500000, 0.10000000, -0.07500000, 0.06015722
-0.03750000, 0.10000000, -0.06250000, 0.07625186
-0.05000000, 0.10000000, -0.05000000, 0.08419129
-0.06250000, 0.10000000, -0.03750000, 0.08390890
-0.07500000, 0.10000000, -0.02500000, 0.07539778
-0.08750000, 0.10000000, -0.01250000, 0.05868506
-0.10000000, 0.10000000, 0.00000000, 0.03384157
-0.10000000, 0.08750000, 0.01250000, 0.03231879
-0.10000000, 0.07500000, 0.02500000, 0.03032339
-0.10000000, 0.06250000, 0.03750000, 0.02818152
-0.10000000, 0.05000000, 0.05000000, 0.02607007
-0.10000000, 0.03750000, 0.06250000, 0.02397809
-0.10000000, 0.02500000, 0.07500000, 0.02195457
-0.10000000, 0.01250000, 0.08750000, 0.01999954
-0.10000000, 0.00000000, 0.10000000, 0.01822415
-0.08750000, -0.01250000, 0.10000000, 0.01660542
-0.07500000, -0.02500000, 0.10000000, 0.01524158
-0.06250000, -0.03750000, 0.10000000, 0.01399247
-0.05000000, -0.05000000, 0.10000000, 0.01271812
-0.03750000, -0.06250000, 0.10000000, 0.01137492
-0.02500000, -0.07500000, 0.10000000, 0.00979099
-0.01250000, -0.08750000, 0.10000000, 0.00781718
0.00000000, -0.10000000, 0.10000000, 0.00480468
0.01250000, -0.10000000, 0.08750000, 0.03595673
0.02500000, -0.10000000, 0.07500000, 0.06015722
0.03750000, -0.10000000, 0.06250000, 0.07625186
0.05000000, -0.10000000, 0.05000000, 0.08419129
0.06250000, -0.10000000, 0.03750000, 0.08390890
0.07500000, -0.10000000, 0.02500000, 0.07539778
0.08750000, -0.10000000, 0.01250000, 0.05868506
0.10000000, -0.10000000, 0.00000000, 0.03384157
0.10000000, -0.08750000, -0.01250000, 0.03231879
0.10000000, -0.07500000, -0.02500000, 0.03032339
0.10000000, -0.06250000, -0.03750000, 0.02818152
0.10000000, -0.05000000, -0.05000000, 0.02607007
0.10000000, -0.03750000, -0.06250000, 0.02397809
0.10000000, -0.02500000, -0.07500000, 0.02195457
0.10000000, -0.01250000, -0.08750000, 0.01999954
0.15000000, 0.00000000, -0.15000000, 0.01829639
0.13125000, 0.01875000, -0.15000000, 0.01586887
0.11250000, 0.03750000, -0.15000000, 0.01373097
0.09375000, 0.05625000, -0.15000000, 0.01181316
0.07500000, 0.07500000, -0.15000000, 0.01008831
0.05625000, 0.09375000, -0.15000000, 0.00850177
0.03750000, 0.11250000, -0.15000000, 0.00695968
0.01875000, 0.13125000, -0.15000000, 0.00530922
0.00000000, 0.15000000, -0.15000000, 0.00290606
-0.01875000, 0.15000000, -0.13125000, 0.02242292
-0.03750000, 0.15000000, -0.11250000, 0.03882384
-0.05625000, 0.15000000, -0.09375000, 0.05093437
-0.07500000, 0.15000000, -0.07500000, 0.05859301
-0.09375000, 0.15000000, -0.05625000, 0.06172734
-0.11250000, 0.15000000, -0.03750000, 0.06031329
-0.13125000, 0.15000000, -0.01875000, 0.05433876
-0.15000000, 0.15000000, 0.00000000, 0.04391119
-0.15000000, 0.13125000, 0.01875000, 0.04061741
-0.15000000, 0.11250000, 0.03750000, 0.03708781
-0.15000000, 0.09375000, 0.05625000, 0.03357876
-0.15000000, 0.07500000, 0.07500000, 0.03019835
-0.15000000, 0.05625000, 0.09375000, 0.02694597
-0.15000000, 0.03750000, 0.11250000, 0.02386981
-0.15000000, 0.01875000, 0.13125000, 0.02096760
-0.15000000, 0.00000000, 0.15000000, 0.01829639
-0.13125000, -0.01875000, 0.15000000, 0.01586887
-0.11250000, -0.03750000, 0.15000000, 0.01373097
-0.09375000, -0.05625000, 0.15000000, 0.01181316
-0.07500000, -0.07500000, 0.15000000, 0.01008831
-0.05625000, -0.09375000, 0.15000000, 0.00850177
-0.03750000, -0.11250000, 0.15000000, 0.00695968
-0.01875000, -0.13125000, 0.15000000, 0.00530922
0.00000000, -0.15000000, 0.15000000, 0.00290606
0.01875000, -0.15000000, 0.13125000, 0.02242292
0.03750000, -0.15000000, 0.11250000, 0.03882384
0.05625000, -0.15000000, 0.09375000, 0.05093437
0.07500000, -0.15000000, 0.07500000, 0.05859301
0.09375000, -0.15000000, 0.05625000, 0.06172734
0.11250000, -0.15000000, 0.03750000, 0.06031329
0.13125000, -0.15000000, 0.01875000, 0.05433876
0.15000000, -0.15000000, 0.00000000, 0.04391119
0.15000000, -0.13125000, -0.01875000, 0.04061741
0.15000000, -0.11250000, -0.03750000, 0.03708781
0.15000000, -0.09375000, -0.05625000, 0.03357876
0.15000000, -0.07500000, -0.07500000, 0.03019835
0.15000000, -0.05625000, -0.09375000, 0.02694597
0.15000000, -0.03750000, -0.11250000, 0.02386981
0.15000000, -0.01875000, -0.13125000, 0.02096760
0.20000000, 0.00000000, -0.20000000, 0.01794133
0.17500000, 0.02500000, -0.20000000, 0.01513363
0.15000000, 0.05000000, -0.20000000, 0.01253898
0.12500000, 0.07500000, -0.20000000, 0.01017742
0.10000000, 0.10000000, -0.20000000, 0.00805234
0.07500000, 0.12500000, -0.20000000, 0.00623037
0.05000000, 0.15000000, -0.20000000, 0.00472452
0.02500000, 0.17500000, -0.20000000, 0.00354752
0.00000000, 0.20000000, -0.20000000, 0.00229187
-0.02500000, 0.20000000, -0.17500000, 0.01651911
-0.05000000, 0.20000000, -0.15000000, 0.02942285
-0.07500000, 0.20000000, -0.12500000, 0.03982112
-0.10000000, 0.20000000, -0.10000000, 0.04742317
-0.12500000, 0.20000000, -0.07500000, 0.05207879
-0.15000000, 0.20000000, -0.05000000, 0.05371980
-0.17500000, 0.20000000, -0.02500000, 0.05234715
-0.20000000, 0.20000000, 0.00000000, 0.04823940
-0.20000000, 0.17500000, 0.02500000, 0.04460978
-0.20000000, 0.15000000, 0.05000000, 0.04048239
-0.20000000, 0.12500000, 0.07500000, 0.03634355
-0.20000000, 0.10000000, 0.10000000, 0.03231021
-0.20000000, 0.07500000, 0.12500000, 0.02844045
-0.20000000, 0.05000000, 0.15000000, 0.02475506
-0.20000000, 0.02500000, 0.17500000, 0.02126068
-0.20000000, 0.00000000, 0.20000000, 0.01794133
-0.17500000, -0.02500000, 0.20000000, 0.01513363
-0.15000000, -0.05000000, 0.20000000, 0.01253898
-0.12500000, -0.07500000, 0.20000000, 0.01017742
-0.10000000, -0.10000000, 0.20000000, 0.00805234
-0.07500000, -0.12500000, 0.20000000, 0.00623037
-0.05000000, -0.15000000, 0.20000000, 0.00472452
-0.02500000, -0.17500000, 0.20000000, 0.00354752
0.00000000, -0.20000000, 0.20000000, 0.00229187
0.02500000, -0.20000000, 0.17500000, 0.01651911
0.05000000, -0.20000000, 0.15000000, 0.02942285
0.07500000, -0.20000000, 0.12500000, 0.03982112
0.10000000, -0.20000000, 0.10000000, 0.04742317
0.12500000, -0.20000000, 0.07500000, 0.05207879
0.15000000, -0.20000000, 0.05000000, 0.05371980
0.17500000, -0.20000000, 0.02500000, 0.05234715
0.20000000, -0.20000000, 0.00000000, 0.04823940
0.20000000, -0.17500000, -0.02500000, 0.04460978
0.20000000, -0.15000000, -0.05000000, 0.04048239
0.20000000, -0.12500000, -0.07500000, 0.03634355
0.20000000, -0.10000000, -0.10000000, 0.03231021
0.20000000, -0.07500000, -0.12500000, 0.02844045
0.20000000, -0.05000000, -0.15000000, 0.02475506
0.20000000, -0.02500000, -0.17500000, 0.02126068
0.25000000, 0.00000000, -0.25000000, 0.01633434
0.21875000, 0.03125000, -0.25000000, 0.01377709
0.18750000, 0.06250000, -0.25000000, 0.01107092
0.15625000, 0.09375000, -0.25000000, 0.00845785
0.12500000, 0.12500000, -0.25000000, 0.00613142
0.09375000, 0.15625000, -0.25000000, 0.00422803
0.06250000, 0.18750000, -0.25000000, 0.00289564
0.03125000, 0.21875000, -0.25000000, 0.00220913
0.00000000, 0.25000000, -0.25000000, 0.00193590
-0.03125000, 0.25000000, -0.21875000, 0.01315374
-0.06250000, 0.25000000, -0.18750000, 0.02413611
-0.09375000, 0.25000000, -0.15625000, 0.03353504
-0.12500000, 0.25000000, -0.12500000, 0.04089995
-0.15625000, 0.25000000, -0.09375000, 0.04594589
-0.18750000, 0.25000000, -0.06250000, 0.04852339
-0.21875000, 0.25000000, -0.03125000, 0.04865433
-0.25000000, 0.25000000, 0.00000000, 0.04695888
-0.25000000, 0.21875000, 0.03125000, 0.04411321
-0.25000000, 0.18750000, 0.06250000, 0.04023270
-0.25000000, 0.15625000, 0.09375000, 0.03608522
-0.25000000, 0.12500000, 0.12500000, 0.03191308
-0.25000000, 0.09375000, 0.15625000, 0.02781570
-0.25000000, 0.06250000, 0.18750000, 0.02385958
-0.25000000, 0.03125000, 0.21875000, 0.02004855
-0.25000000, 0.00000000, 0.25000000, 0.01633434
-0.21875000, -0.03125000, 0.25000000, 0.01377709
-0.18750000, -0.06250000, 0.25000000, 0.01107092
-0.15625000, -0.09375000, 0.25000000, 0.00845785
-0.12500000, -0.12500000, 0.25000000, 0.00613142
-0.09375000, -0.15625000, 0.25000000, 0.00422803
-0.06250000, -0.18750000, 0.25000000, 0.00289564
-0.03125000, -0.21875000, 0.25000000, 0.00220913
0.00000000, -0.25000000, 0.25000000, 0.00193590
0.03125000, -0.25000000, 0.21875000, 0.01315374
0.06250000, -0.25000000, 0.18750000, 0.02413611
0.09375000, -0.25000000, 0.15625000, 0.03353504
0.12500000, -0.25000000, 0.12500000, 0.04089995
0.15625000, -0.25000000, 0.09375000, 0.04594589
0.18750000, -0.25000000, 0.06250000, 0.04852339
0.21875000, -0.25000000, 0.03125000, 0.04865433
0.25000000, -0.25000000, 0.00000000, 0.04695888
0.25000000, -0.21875000, -0.03125000, 0.04411321
0.25000000, -0.18750000, -0.06250000, 0.04023270
0.25000000, -0.15625000, -0.09375000, 0.03608522
0.25000000, -0.12500000, -0.12500000, 0.03191308
0.25000000, -0.09375000, -0.15625000, 0.02781570
0.25000000, -0.06250000, -0.18750000, 0.02385958
0.25000000, -0.03125000, -0.21875000, 0.02004855
0.30000000, 0.00000000, -0.30000000, 0.01334850
0.26250000, 0.03750000, -0.30000000, 0.01154648
0.22500000, 0.07500000, -0.30000000, 0.00915299
0.18750000, 0.11250000, -0.30000000, 0.00660558
0.15000000, 0.15000000, -0.30000000, 0.00421437
0.11250000, 0.18750000, -0.30000000, 0.00228147
0.07500000, 0.22500000, -0.30000000, 0.00104823
0.03750000, 0.26250000, -0.30000000, 0.00076631
0.00000000, 0.30000000, -0.30000000, 0.00145566
-0.03750000, 0.30000000, -0.26250000, 0.01064005
-0.07500000, 0.30000000, -0.22500000, 0.02027952
-0.11250000, 0.30000000, -0.18750000, 0.02888776
-0.15000000, 0.30000000, -0.15000000, 0.03577722
-0.18750000, 0.30000000, -0.11250000, 0.04046110
-0.22500000, 0.30000000, -0.07500000, 0.04267436
-0.26250000, 0.30000000, -0.03750000, 0.04249764
-0.30000000, 0.30000000, 0.00000000, 0.04100933
-0.30000000, 0.26250000, 0.03750000, 0.03958513
-0.30000000, 0.22500000, 0.07500000, 0.03643677
-0.30000000, 0.18750000, 0.11250000, 0.03272447
-0.30000000, 0.15000000, 0.15000000, 0.02880842
-0.30000000, 0.11250000, 0.18750000, 0.02484700
-0.30000000, 0.07500000, 0.22500000, 0.02094401
-0.30000000, 0.03750000, 0.26250000, 0.01712450
-0.30000000, 0.00000000, 0.30000000, 0.01334850
-0.26250000, -0.03750000, 0.30000000, 0.01154648
-0.22500000, -0.07500000, 0.30000000, 0.00915299
-0.18750000, -0.11250000, 0.30000000, 0.00660558
-0.15000000, -0.15000000, 0.30000000, 0.00421437
-0.11250000, -0.18750000, 0.30000000, 0.00228147
-0.07500000, -0.22500000, 0.30000000, 0.00104823
-0.03750000, -0.26250000, 0.30000000, 0.00076631
0.00000000, -0.30000000, 0.30000000, 0.00145566
0.03750000, -0.30000000, 0.26250000, 0.01064005
0.07500000, -0.30000000, 0.22500000, 0.02027952
0.11250000, -0.30000000, 0.18750000, 0.02888776
0.15000000, -0.30000000, 0.15000000, 0.03577722
0.18750000, -0.30000000, 0.11250000, 0.04046110
0.22500000, -0.30000000, 0.07500000, 0.04267436
0.26250000, -0.30000000, 0.03750000, 0.04249764
0.30000000, -0.30000000, 0.00000000, 0.04100933
0.30000000, -0.26250000, -0.03750000, 0.03958513
0.30000000, -0.22500000, -0.07500000, 0.03643677
0.30000000, -0.18750000, -0.11250000, 0.03272447
0.30000000, -0.15000000, -0.15000000, 0.02880842
0.30000000, -0.11250000, -0.18750000, 0.02484700
0.30000000, -0.07500000, -0.22500000, 0.02094401
0.30000000, -0.03750000, -0.26250000, 0.01712450
0.35000000, 0.00000000, -0.35000000, 0.00957581
0.30625000, 0.04375000, -0.35000000, 0.00871669
0.26250000, 0.08750000, -0.35000000, 0.00693970
0.21875000, 0.13125000, -0.35000000, 0.00473462
0.17500000, 0.17500000, -0.35000000, 0.00248551
0.13125000, 0.21875000, -0.35000000, 0.00060236
0.08750000, 0.26250000, -0.35000000, -0.00054097
0.04375000, 0.30625000, -0.35000000, -0.00056172
0.00000000, 0.35000000, -0.35000000, 0.00082495
-0.04375000, 0.35000000, -0.30625000, 0.00834065
-0.08750000, 0.35000000, -0.26250000, 0.01680100
-0.13125000, 0.35000000, -0.21875000, 0.02462217
-0.17500000, 0.35000000, -0.17500000, 0.03081774
-0.21875000, 0.35000000, -0.13125000, 0.03466607
-0.26250000, 0.35000000, -0.08750000, 0.03580736
-0.30625000, 0.35000000, -0.04375000, 0.03444682
-0.35000000, 0.35000000, 0.00000000, 0.03215753
-0.35000000, 0.30625000, 0.04375000, 0.03216273
-0.35000000, 0.26250000, 0.08750000, 0.02993391
-0.35000000, 0.21875000, 0.13125000, 0.02691593
-0.35000000, 0.17500000, 0.17500000, 0.02354306
-0.35000000, 0.13125000, 0.21875000, 0.02002488
-0.35000000, 0.08750000, 0.26250000, 0.01648986
-0.35000000, 0.04375000, 0.30625000, 0.01300359
-0.35000000, 0.00000000, 0.35000000, 0.00957581
-0.30625000, -0.04375000, 0.35000000, 0.00871669
-0.26250000, -0.08750000, 0.35000000, 0.00693970
-0.21875000, -0.13125000, 0.35000000, 0.00473462
-0.17500000, -0.17500000, 0.35000000, 0.00248551
-0.13125000, -0.21875000, 0.35000000, 0.00060236
-0.08750000, -0.26250000, 0.35000000, -0.00054097
-0.04375000, -0.30625000, 0.35000000, -0.00056172
0.00000000, -0.35000000, 0.35000000, 0.00082495
0.04375000, -0.35000000, 0.30625000, 0.00834065
0.08750000, -0.35000000, 0.26250000, 0.01680100
0.13125000, -0.35000000, 0.21875000, 0.02462217
0.17500000, -0.35000000, 0.17500000, 0.03081774
0.21875000, -0.35000000, 0.13125000, 0.03466607
0.26250000, -0.35000000, 0.08750000, 0.03580736
0.30625000, -0.35000000, 0.04375000, 0.03444682
0.35000000, -0.35000000, 0.00000000, 0.03215753
0.35000000, -0.30625000, -0.04375000, 0.03216273
0.35000000, -0.26250000, -0.08750000, 0.02993391
0.35000000, -0.21875000, -0.13125000, 0.02691593
0.35000000, -0.17500000, -0.17500000, 0.02354306
0.35000000, -0.13125000, -0.21875000, 0.02002488
0.35000000, -0.08750000, -0.26250000, 0.01648986
0.35000000, -0.04375000, -0.30625000, 0.01300359
0.40000000, 0.00000000, -0.40000000, 0.00593146
0.35000000, 0.05000000, -0.40000000, 0.00585328
0.30000000, 0.10000000, -0.40000000, 0.00474896
0.25000000, 0.15000000, -0.40000000, 0.00303453
0.20000000, 0.20000000, -0.40000000, 0.00113650
0.15000000, 0.25000000, -0.40000000, -0.00052454
0.10000000, 0.30000000, -0.40000000, -0.00149761
0.05000000, 0.35000000, -0.40000000, -0.00137898
0.00000000, 0.40000000, -0.40000000, 0.00022113
-0.05000000, 0.40000000, -0.35000000, 0.00614176
-0.10000000, 0.40000000, -0.30000000, 0.01340923
-0.15000000, 0.40000000, -0.25000000, 0.02035693
-0.20000000, 0.40000000, -0.20000000, 0.02569730
-0.25000000, 0.40000000, -0.15000000, 0.02848158
-0.30000000, 0.40000000, -0.10000000, 0.02833180
-0.35000000, 0.40000000, -0.05000000, 0.02567590
-0.40000000, 0.40000000, 0.00000000, 0.02253330
-0.40000000, 0.35000000, 0.05000000, 0.02351140
-0.40000000, 0.30000000, 0.10000000, 0.02215923
-0.40000000, 0.25000000, 0.15000000, 0.01992915
-0.40000000, 0.20000000, 0.20000000, 0.01727381
-0.40000000, 0.15000000, 0.25000000, 0.01441107
-0.40000000, 0.10000000, 0.30000000, 0.01150569
-0.40000000, 0.05000000, 0.35000000, 0.00865228
-0.40000000, 0.00000000, 0.40000000, 0.00593146
-0.35000000, -0.05000000, 0.40000000, 0.00585328
-0.30000000, -0.10000000, 0.40000000, 0.00474896
-0.25000000, -0.15000000, 0.40000000, 0.00303453
-0.20000000, -0.20000000, 0.40000000, 0.00113650
-0.15000000, -0.25000000, 0.40000000, -0.00052454
-0.10000000, -0.30000000, 0.40000000, -0.00149761
-0.05000000, -0.35000000, 0.40000000, -0.00137898
0.00000000, -0.40000000, 0.40000000, 0.00022113
0.05000000, -0.40000000, 0.35000000, 0.00614176
0.10000000, -0.40000000, 0.30000000, 0.01340923
0.15000000, -0.40000000, 0.25000000, 0.02035693
0.20000000, -0.40000000, 0.20000000, 0.02569730
0.25000000, -0.40000000, 0.15000000, 0.02848158
0.30000000, -0.40000000, 0.10000000, 0.02833180
0.35000000, -0.40000000, 0.05000000, 0.02567590
0.40000000, -0.40000000, 0.00000000, 0.02253330
0.40000000, -0.35000000, -0.05000000, 0.02351140
0.40000000, -0.30000000, -0.10000000, 0.02215923
0.40000000, -0.25000000, -0.15000000, 0.01992915
0.40000000, -0.20000000, -0.20000000, 0.01727381
0.40000000, -0.15000000, -0.25000000, 0.01441107
0.40000000, -0.10000000, -0.30000000, 0.01150569
0.40000000, -0.05000000, -0.35000000, 0.00865228
0.45000000, 0.00000000, -0.45000000, 0.00312083
0.39375000, 0.05625000, -0.45000000, 0.00345014
0.33750000, 0.11250000, -0.45000000, 0.00289320
0.28125000, 0.16875000, -0.45000000, 0.00170745
0.22500000, 0.22500000, -0.45000000, 0.00025037
0.16875000, 0.28125000, -0.45000000, -0.00108749
0.11250000, 0.33750000, -0.45000000, -0.00187304
0.05625000, 0.39375000, -0.45000000, -0.00170712
0.00000000, 0.45000000, -0.45000000, -0.00019862
-0.05625000, 0.45000000, -0.39375000, 0.00417950
-0.11250000, 0.45000000, -0.33750000, 0.01018254
-0.16875000, 0.45000000, -0.28125000, 0.01615226
-0.22500000, 0.45000000, -0.22500000, 0.02055266
-0.28125000, 0.45000000, -0.16875000, 0.02225898
-0.33750000, 0.45000000, -0.11250000, 0.02097411
-0.39375000, 0.45000000, -0.05625000, 0.01744384
-0.45000000, 0.45000000, 0.00000000, 0.01397304
-0.45000000, 0.39375000, 0.05625000, 0.01533655
-0.45000000, 0.33750000, 0.11250000, 0.01465456
-0.45000000, 0.28125000, 0.16875000, 0.01316694
-0.45000000, 0.22500000, 0.22500000, 0.01127453
-0.45000000, 0.16875000, 0.28125000, 0.00917570
-0.45000000, 0.11250000, 0.33750000, 0.00704520
-0.45000000, 0.05625000, 0.39375000, 0.00498619
-0.45000000, 0.00000000, 0.45000000, 0.00312083
-0.39375000, -0.05625000, 0.45000000, 0.00345014
-0.33750000, -0.11250000, 0.45000000, 0.00289320
-0.28125000, -0.16875000, 0.45000000, 0.00170745
-0.22500000, -0.22500000, 0.45000000, 0.00025037
-0.16875000, -0.28125000, 0.45000000, -0.00108749
-0.11250000, -0.33750000, 0.45000000, -0.00187304
-0.05625000, -0.39375000, 0.45000000, -0.00170712
0.00000000, -0.45000000, 0.45000000, -0.00019862
0.05625000, -0.45000000, 0.39375000, 0.00417950
0.11250000, -0.45000000, 0.33750000, 0.01018254
0.16875000, -0.45000000, 0.28125000, 0.01615226
0.22500000, -0.45000000, 0.22500000, 0.02055266
0.28125000, -0.45000000, 0.16875000, 0.02225898
0.33750000, -0.45000000, 0.11250000, 0.02097411
0.39375000, -0.45000000, 0.05625000, 0.01744384
0.45000000, -0.45000000, 0.00000000, 0.01397304
0.45000000, -0.39375000, -0.05625000, 0.01533655
0.45000000, -0.33750000, -0.11250000, 0.01465456
0.45000000, -0.28125000, -0.16875000, 0.01316694
0.45000000, -0.22500000, -0.22500000, 0.01127453
0.45000000, -0.16875000, -0.28125000, 0.00917570
0.45000000, -0.11250000, -0.33750000, 0.00704520
0.45000000, -0.05625000, -0.39375000, 0.00498619
0.50000000, 0.00000000, -0.50000000, 0.00136423
0.43750000, 0.06250000, -0.50000000, 0.00175228
0.37500000, 0.12500000, -0.50000000, 0.00154412
0.31250000, 0.18750000, -0.50000000, 0.00082446
0.25000000, 0.25000000, -0.50000000, -0.00020142
0.18750000, 0.31250000, -0.50000000, -0.00120384
0.12500000, 0.37500000, -0.50000000, -0.00182005
0.06250000, 0.43750000, -0.50000000, -0.00166816
0.00000000, 0.50000000, -0.50000000, -0.00038767
-0.06250000, 0.50000000, -0.43750000, 0.00259340
-0.12500000, 0.50000000, -0.37500000, 0.00729311
-0.18750000, 0.50000000, -0.31250000, 0.01220858
-0.25000000, 0.50000000, -0.25000000, 0.01566142
-0.31250000, 0.50000000, -0.18750000, 0.01644143
-0.37500000, 0.50000000, -0.12500000, 0.01442068
-0.43750000, 0.50000000, -0.06250000, 0.01068287
-0.50000000, 0.50000000, 0.00000000, 0.00754908
-0.50000000, 0.43750000, 0.06250000, 0.00882279
-0.50000000, 0.37500000, 0.12500000, 0.00855578
-0.50000000, 0.31250000, 0.18750000, 0.00767090
-0.50000000, 0.25000000, 0.25000000, 0.00646672
-0.50000000, 0.18750000, 0.31250000, 0.00510996
-0.50000000, 0.12500000, 0.37500000, 0.00374195
-0.50000000, 0.06250000, 0.43750000, 0.00245576
-0.50000000, 0.00000000, 0.50000000, 0.00136423
-0.43750000, -0.06250000, 0.50000000, 0.00175228
-0.37500000, -0.12500000, 0.50000000, 0.00154412
-0.31250000, -0.18750000, 0.50000000, 0.00082446
-0.25000000, -0.25000000, 0.50000000, -0.00020142
-0.18750000, -0.31250000, 0.50000000, -0.00120384
-0.12500000, -0.37500000, 0.50000000, -0.00182005
-0.06250000, -0.43750000, 0.50000000, -0.00166816
0.00000000, -0.50000000, 0.50000000, -0.00038767
0.06250000, -0.50000000, 0.43750000, 0.00259340
0.12500000, -0.50000000, 0.37500000, 0.00729311
0.18750000, -0.50000000, 0.31250000, 0.01220858
0.25000000, -0.50000000, 0.25000000, 0.01566142
0.31250000, -0.50000000, 0.18750000, 0.01644143
0.37500000, -0.50000000, 0.12500000, 0.01442068
0.43750000, -0.50000000, 0.06250000, 0.01068287
0.50000000, -0.50000000, 0.00000000, 0.00754908
0.50000000, -0.43750000, -0.06250000, 0.00882279
0.50000000, -0.37500000, -0.12500000, 0.00855578
0.50000000, -0.31250000, -0.18750000, 0.00767090
0.50000000, -0.25000000, -0.25000000, 0.00646672
0.50000000, -0.18750000, -0.31250000, 0.00510996
0.50000000, -0.12500000, -0.37500000, 0.00374195
0.50000000, -0.06250000, -0.43750000, 0.00245576
0.55000000, 0.00000000, -0.55000000, 0.00048038
0.48125000, 0.06875000, -0.55000000, 0.00074805
0.41250000, 0.13750000, -0.55000000, 0.00070408
0.34375000, 0.20625000, -0.55000000, 0.00031901
0.27500000, 0.27500000, -0.55000000, -0.00032963
0.20625000, 0.34375000, -0.55000000, -0.00101337
0.13750000, 0.41250000, -0.55000000, -0.00145439
0.06875000, 0.48125000, -0.55000000, -0.00134276
0.00000000, 0.55000000, -0.55000000, -0.00039014
-0.06875000, 0.55000000, -0.48125000, 0.00143468
-0.13750000, 0.55000000, -0.41250000, 0.00487963
-0.20625000, 0.55000000, -0.34375000, 0.00872190
-0.27500000, 0.55000000, -0.27500000, 0.01128754
-0.34375000, 0.55000000, -0.20625000, 0.01139168
-0.41250000, 0.55000000, -0.13750000, 0.00912229
-0.48125000, 0.55000000, -0.06875000, 0.00580369
-0.55000000, 0.55000000, 0.00000000, 0.00346892
-0.55000000, 0.48125000, 0.06875000, 0.00439535
-0.55000000, 0.41250000, 0.13750000, 0.00433463
-0.55000000, 0.34375000, 0.20625000, 0.00387428
-0.55000000, 0.27500000, 0.27500000, 0.00320344
-0.55000000, 0.20625000, 0.34375000, 0.00244539
-0.55000000, 0.13750000, 0.41250000, 0.00169259
-0.55000000, 0.06875000, 0.48125000, 0.00101310
-0.55000000, 0.00000000, 0.55000000, 0.00048038
-0.48125000, -0.06875000, 0.55000000, 0.00074805
-0.41250000, -0.13750000, 0.55000000, 0.00070408
-0.34375000, -0.20625000, 0.55000000, 0.00031901
-0.27500000, -0.27500000, 0.55000000, -0.00032963
-0.20625000, -0.34375000, 0.55000000, -0.00101337
-0.13750000, -0.41250000, 0.55000000, -0.00145439
-0.06875000, -0.48125000, 0.55000000, -0.00134276
0.00000000, -0.55000000, 0.55000000, -0.00039014
0.06875000, -0.55000000, 0.48125000, 0.00143468
0.13750000, -0.55000000, 0.41250000, 0.00487963
0.20625000, -0.55000000, 0.34375000, 0.00872190
0.27500000, -0.55000000, 0.27500000, 0.01128754
0.34375000, -0.55000000, 0.20625000, 0.01139168
0.41250000, -0.55000000, 0.13750000, 0.00912229
0.48125000, -0.55000000, 0.06875000, 0.00580369
0.55000000, -0.55000000, 0.00000000, 0.00346892
0.55000000, -0.48125000, -0.06875000, 0.00439535
0.55000000, -0.41250000, -0.13750000, 0.00433463
0.55000000, -0.34375000, -0.20625000, 0.00387428
0.55000000, -0.27500000, -0.27500000, 0.00320344
0.55000000, -0.20625000, -0.34375000, 0.00244539
0.55000000, -0.13750000, -0.41250000, 0.00169259
0.55000000, -0.06875000, -0.48125000, 0.00101310
0.60000000, 0.00000000, -0.60000000, 0.00013208
0.52500000, 0.07500000, -0.60000000, 0.00026127
0.45000000, 0.15000000, -0.60000000, 0.00026207
0.37500000, 0.22500000, -0.60000000, 0.00007342
0.30000000, 0.30000000, -0.60000000, -0.00027887
0.22500000, 0.37500000, -0.60000000, -0.00067974
0.15000000, 0.45000000, -0.60000000, -0.00094003
0.07500000, 0.52500000, -0.60000000, -0.00086809
0.00000000, 0.60000000, -0.60000000, -0.00029007
-0.07500000, 0.60000000, -0.52500000, 0.00067872
-0.15000000, 0.60000000, -0.45000000, 0.00301422
-0.22500000, 0.60000000, -0.37500000, 0.00583616
-0.30000000, 0.60000000, -0.30000000, 0.00762836
-0.37500000, 0.60000000, -0.22500000, 0.00733452
-0.45000000, 0.60000000, -0.15000000, 0.00524286
-0.52500000, 0.60000000, -0.07500000, 0.00272866
-0.60000000, 0.60000000, 0.00000000, 0.00130703
-0.60000000, 0.52500000, 0.07500000, 0.00184372
-0.60000000, 0.45000000, 0.15000000, 0.00185939
-0.60000000, 0.37500000, 0.22500000, 0.00165595
-0.60000000, 0.30000000, 0.30000000, 0.00133765
-0.60000000, 0.22500000, 0.37500000, 0.00097779
-0.60000000, 0.15000000, 0.45000000, 0.00063246
-0.60000000, 0.07500000, 0.52500000, 0.00033888
-0.60000000, 0.00000000, 0.60000000, 0.00013208
-0.52500000, -0.07500000, 0.60000000, 0.00026127
-0.45000000, -0.15000000, 0.60000000, 0.00026207
-0.37500000, -0.22500000, 0.60000000, 0.00007342
-0.30000000, -0.30000000, 0.60000000, -0.00027887
-0.22500000, -0.37500000, 0.60000000, -0.00067974
-0.15000000, -0.45000000, 0.60000000, -0.00094003
-0.07500000, -0.52500000, 0.60000000, -0.00086809
0.00000000, -0.60000000, 0.60000000, -0.00029007
0.07500000, -0.60000000, 0.52500000, 0.00067872
0.15000000, -0.60000000, 0.45000000, 0.00301422
0.22500000, -0.60000000, 0.37500000, 0.00583616
0.30000000, -0.60000000, 0.30000000, 0.00762836
0.37500000, -0.60000000, 0.22500000, 0.00733452
0.45000000, -0.60000000, 0.15000000, 0.00524286
0.52500000, -0.60000000, 0.07500000, 0.00272866
0.60000000, -0.60000000, 0.00000000, 0.00130703
0.60000000, -0.52500000, -0.07500000, 0.00184372
0.60000000, -0.45000000, -0.15000000, 0.00185939
0.60000000, -0.37500000, -0.22500000, 0.00165595
0.60000000, -0.30000000, -0.30000000, 0.00133765
0.60000000, -0.22500000, -0.37500000, 0.00097779
0.60000000, -0.15000000, -0.45000000, 0.00063246
0.60000000, -0.07500000, -0.52500000, 0.00033888
0.65000000, 0.00000000, -0.65000000, 0.00002857
0.56875000, 0.08125000, -0.65000000, 0.00007345
0.48750000, 0.16250000, -0.65000000, 0.00007213
0.40625000, 0.24375000, -0.65000000, -0.00001581
0.32500000, 0.32500000, -0.65000000, -0.00017423
0.24375000, 0.40625000, -0.65000000, -0.00036522
0.16250000, 0.48750000, -0.65000000, -0.00048372
0.08125000, 0.56875000, -0.65000000, -0.00044098
0.00000000, 0.65000000, -0.65000000, -0.00016787
-0.08125000, 0.65000000, -0.56875000, 0.00025440
-0.16250000, 0.65000000, -0.48750000, 0.00169659
-0.24375000, 0.65000000, -0.40625000, 0.00362047
-0.32500000, 0.65000000, -0.32500000, 0.00478651
-0.40625000, 0.65000000, -0.24375000, 0.00433968
-0.48750000, 0.65000000, -0.16250000, 0.00269340
-0.56875000, 0.65000000, -0.08125000, 0.00106664
-0.65000000, 0.65000000, 0.00000000, 0.00038186
-0.65000000, 0.56875000, 0.08125000, 0.00062633
-0.65000000, 0.48750000, 0.16250000, 0.00065402
-0.65000000, 0.40625000, 0.24375000, 0.00058060
-0.65000000, 0.32500000, 0.32500000, 0.00045620
-0.65000000, 0.24375000, 0.40625000, 0.00031341
-0.65000000, 0.16250000, 0.48750000, 0.00018602
-0.65000000, 0.08125000, 0.56875000, 0.00008705
-0.65000000, 0.00000000, 0.65000000, 0.00002857
-0.56875000, -0.08125000, 0.65000000, 0.00007345
-0.48750000, -0.16250000, 0.65000000, 0.00007213
-0.40625000, -0.24375000, 0.65000000, -0.00001581
-0.32500000, -0.32500000, 0.65000000, -0.00017423
-0.24375000, -0.40625000, 0.65000000, -0.00036522
-0.16250000, -0.48750000, 0.65000000, -0.00048372
-0.08125000, -0.56875000, 0.65000000, -0.00044098
0.00000000, -0.65000000, 0.65000000, -0.00016787
0.08125000, -0.65000000, 0.56875000, 0.00025440
0.16250000, -0.65000000, 0.48750000, 0.00169659
0.24375000, -0.65000000, 0.40625000, 0.00362047
0.32500000, -0.65000000, 0.32500000, 0.00478651
0.40625000, -0.65000000, 0.24375000, 0.00433968
0.48750000, -0.65000000, 0.16250000, 0.00269340
0.56875000, -0.65000000, 0.08125000, 0.00106664
0.65000000, -0.65000000, 0.00000000, 0.00038186
0.65000000, -0.56875000, -0.08125000, 0.00062633
0.65000000, -0.48750000, -0.16250000, 0.00065402
0.65000000, -0.40625000, -0.24375000, 0.00058060
0.65000000, -0.32500000, -0.32500000, 0.00045620
0.65000000, -0.24375000, -0.40625000, 0.00031341
0.65000000, -0.16250000, -0.48750000, 0.00018602
0.65000000, -0.08125000, -0.56875000, 0.00008705
0.70000000, 0.00000000, -0.70000000, 0.00000426
0.61250000, 0.08750000, -0.70000000, 0.00001570
0.52500000, 0.17500000, -0.70000000, 0.00001055
0.43750000, 0.26250000, -0.70000000, -0.00002475
0.35000000, 0.35000000, -0.70000000, -0.00008751
0.26250000, 0.43750000, -0.70000000, -0.00016376
0.17500000, 0.52500000, -0.70000000, -0.00021161
0.08750000, 0.61250000, -0.70000000, -0.00018899
0.00000000, 0.70000000, -0.70000000, -0.00007453
-0.08750000, 0.70000000, -0.61250000, 0.00006376
-0.17500000, 0.70000000, -0.52500000, 0.00085772
-0.26250000, 0.70000000, -0.43750000, 0.00205593
-0.35000000, 0.70000000, -0.35000000, 0.00275338
-0.43750000, 0.70000000, -0.26250000, 0.00232742
-0.52500000, 0.70000000, -0.17500000, 0.00121168
-0.61250000, 0.70000000, -0.08750000, 0.00032261
-0.70000000, 0.70000000, 0.00000000, 0.00007856
-0.70000000, 0.61250000, 0.08750000, 0.00016675
-0.70000000, 0.52500000, 0.17500000, 0.00018309
-0.70000000, 0.43750000, 0.26250000, 0.00016210
-0.70000000, 0.35000000, 0.35000000, 0.00012259
-0.70000000, 0.26250000, 0.43750000, 0.00007691
-0.70000000, 0.17500000, 0.52500000, 0.00004056
-0.70000000, 0.08750000, 0.61250000, 0.00001561
-0.70000000, 0.00000000, 0.70000000, 0.00000426
-0.61250000, -0.08750000, 0.70000000, 0.00001570
-0.52500000, -0.17500000, 0.70000000, 0.00001055
-0.43750000, -0.26250000, 0.70000000, -0.00002475
-0.35000000, -0.35000000, 0.70000000, -0.00008751
-0.26250000, -0.43750000, 0.70000000, -0.00016376
-0.17500000, -0.52500000, 0.70000000, -0.00021161
-0.08750000, -0.61250000, 0.70000000, -0.00018899
0.00000000, -0.70000000, 0.70000000, -0.00007453
0.08750000, -0.70000000, 0.61250000, 0.00006376
0.17500000, -0.70000000, 0.52500000, 0.00085772
0.26250000, -0.70000000, 0.43750000, 0.00205593
0.35000000, -0.70000000, 0.35000000, 0.00275338
0.43750000, -0.70000000, 0.26250000, 0.00232742
0.52500000, -0.70000000, 0.17500000, 0.00121168
0.61250000, -0.70000000, 0.08750000, 0.00032261
0.70000000, -0.70000000, 0.00000000, 0.00007856
0.70000000, -0.61250000, -0.08750000, 0.00016675
0.70000000, -0.52500000, -0.17500000, 0.00018309
0.70000000, -0.43750000, -0.26250000, 0.00016210
0.70000000, -0.35000000, -0.35000000, 0.00012259
0.70000000, -0.26250000, -0.43750000, 0.00007691
0.70000000, -0.17500000, -0.52500000, 0.00004056
0.70000000, -0.08750000, -0.61250000, 0.00001561
0.75000000, 0.00000000, -0.75000000, -0.00000162
0.65625000, 0.09375000, -0.75000000, -0.00000001
0.56250000, 0.18750000, -0.75000000, -0.00000137
0.46875000, 0.28125000, -0.75000000, -0.00000873
0.37500000, 0.37500000, -0.75000000, -0.00003688
0.28125000, 0.46875000, -0.75000000, -0.00007016
0.18750000, 0.56250000, -0.75000000, -0.00009809
0.09375000, 0.65625000, -0.75000000, -0.00008902
0.00000000, 0.75000000, -0.75000000, -0.00002496
-0.09375000, 0.75000000, -0.65625000, 0.00000328
-0.18750000, 0.75000000, -0.56250000, 0.00038106
-0.28125000, 0.75000000, -0.46875000, 0.00104646
-0.37500000, 0.75000000, -0.37500000, 0.00142193
-0.46875000, 0.75000000, -0.28125000, 0.00110747
-0.56250000, 0.75000000, -0.18750000, 0.00046381
-0.65625000, 0.75000000, -0.09375000, 0.00006300
-0.75000000, 0.75000000, 0.00000000, 0.00000704
-0.75000000, 0.65625000, 0.09375000, 0.00003653
-0.75000000, 0.56250000, 0.18750000, 0.00004060
-0.75000000, 0.46875000, 0.28125000, 0.00003552
-0.75000000, 0.37500000, 0.37500000, 0.00002436
-0.75000000, 0.28125000, 0.46875000, 0.00001453
-0.75000000, 0.18750000, 0.56250000, 0.00000675
-0.75000000, 0.09375000, 0.65625000, 0.00000183
-0.75000000, 0.00000000, 0.75000000, -0.00000162
-0.65625000, -0.09375000, 0.75000000, -0.00000001
-0.56250000, -0.18750000, 0.75000000, -0.00000137
-0.46875000, -0.28125000, 0.75000000, -0.00000873
-0.37500000, -0.37500000, 0.75000000, -0.00003688
-0.28125000, -0.46875000, 0.75000000, -0.00007016
-0.18750000, -0.56250000, 0.75000000, -0.00009809
-0.09375000, -0.65625000, 0.75000000, -0.00008902
0.00000000, -0.75000000, 0.75000000, -0.00002496
0.09375000, -0.75000000, 0.65625000, 0.00000328
0.18750000, -0.75000000, 0.56250000, 0.00038106
0.28125000, -0.75000000, 0.46875000, 0.00104646
0.37500000, -0.75000000, 0.37500000, 0.00142193
0.46875000, -0.75000000, 0.28125000, 0.00110747
0.56250000, -0.75000000, 0.18750000, 0.00046381
0.65625000, -0.75000000, 0.09375000, 0.00006300
0.75000000, -0.75000000, 0.00000000, 0.00000704
0.75000000, -0.65625000, -0.09375000, 0.00003653
0.75000000, -0.56250000, -0.18750000, 0.00004060
0.75000000, -0.46875000, -0.28125000, 0.00003552
0.75000000, -0.37500000, -0.37500000, 0.00002436
0.75000000, -0.28125000, -0.46875000, 0.00001453
0.75000000, -0.18750000, -0.56250000, 0.00000675
0.75000000, -0.09375000, -0.65625000, 0.00000183
0.80000000, 0.00000000, -0.80000000, -0.00000111
0.70000000, 0.10000000, -0.80000000, -0.00000223
0.60000000, 0.20000000, -0.80000000, -0.00000106
0.50000000, 0.30000000, -0.80000000, -0.00000046
0.40000000, 0.40000000, -0.80000000, -0.00001182
0.30000000, 0.50000000, -0.80000000, -0.00002642
0.20000000, 0.60000000, -0.80000000, -0.00004049
0.10000000, 0.70000000, -0.80000000, -0.00003833
0.00000000, 0.80000000, -0.80000000, -0.00000761
-0.10000000, 0.80000000, -0.70000000, -0.00000798
-0.20000000, 0.80000000, -0.60000000, 0.00014059
-0.30000000, 0.80000000, -0.50000000, 0.00045665
-0.40000000, 0.80000000, -0.40000000, 0.00063161
-0.50000000, 0.80000000, -0.30000000, 0.00044715
-0.60000000, 0.80000000, -0.20000000, 0.00014207
-0.70000000, 0.80000000, -0.10000000, -0.00000027
-0.80000000, 0.80000000, 0.00000000, -0.00000415
-0.80000000, 0.70000000, 0.10000000, 0.00000574
-0.80000000, 0.60000000, 0.20000000, 0.00000567
-0.80000000, 0.50000000, 0.30000000, 0.00000470
-0.80000000, 0.40000000, 0.40000000, 0.00000188
-0.80000000, 0.30000000, 0.50000000, 0.00000165
-0.80000000, 0.20000000, 0.60000000, 0.00000093
-0.80000000, 0.10000000, 0.70000000, 0.00000058
-0.80000000, 0.00000000, 0.80000000, -0.00000111
-0.70000000, -0.10000000, 0.80000000, -0.00000223
-0.60000000, -0.20000000, 0.80000000, -0.00000106
-0.50000000, -0.30000000, 0.80000000, -0.00000046
-0.40000000, -0.40000000, 0.80000000, -0.00001182
-0.30000000, -0.50000000, 0.80000000, -0.00002642
-0.20000000, -0.60000000, 0.80000000, -0.00004049
-0.10000000, -0.70000000, 0.80000000, -0.00003833
0.00000000, -0.80000000, 0.80000000, -0.00000761
0.10000000, -0.80000000, 0.70000000, -0.00000798
0.20000000, -0.80000000, 0.60000000, 0.00014059
0.30000000, -0.80000000, 0.50000000, 0.00045665
0.40000000, -0.80000000, 0.40000000, 0.00063161
0.50000000, -0.80000000, 0.30000000, 0.00044715
0.60000000, -0.80000000, 0.20000000, 0.00014207
0.70000000, -0.80000000, 0.10000000, -0.00000027
0.80000000, -0.80000000, 0.00000000, -0.00000415
0.80000000, -0.70000000, -0.10000000, 0.00000574
0.80000000, -0.60000000, -0.20000000, 0.00000567
0.80000000, -0.50000000, -0.30000000, 0.00000470
0.80000000, -0.40000000, -0.40000000, 0.00000188
0.80000000, -0.30000000, -0.50000000, 0.00000165
0.80000000, -0.20000000, -0.60000000, 0.00000093
0.80000000, -0.10000000, -0.70000000, 0.00000058
0.85000000, 0.00000000, -0.85000000, 0.00000141
0.74375000, 0.10625000, -0.85000000, 0.00000092
0.63750000, 0.21250000, -0.85000000, -0.00000025
0.53125000, 0.31875000, -0.85000000, -0.00000335
0.42500000, 0.42500000, -0.85000000, -0.00000061
0.31875000, 0.53125000, -0.85000000, 0.00000176
0.21250000, 0.63750000, -0.85000000, 0.00000737
0.10625000, 0.74375000, -0.85000000, 0.00000818
0.00000000, 0.85000000, -0.85000000, -0.00000298
-0.10625000, 0.85000000, -0.74375000, -0.00000861
-0.21250000, 0.85000000, -0.63750000, 0.00003655
-0.31875000, 0.85000000, -0.53125000, 0.00015523
-0.42500000, 0.85000000, -0.42500000, 0.00022056
-0.53125000, 0.85000000, -0.31875000, 0.00013836
-0.63750000, 0.85000000, -0.21250000, 0.00002837
-0.74375000, 0.85000000, -0.10625000, -0.00000727
-0.85000000, 0.85000000, 0.00000000, -0.00000207
-0.85000000, 0.74375000, 0.10625000, -0.00000320
-0.85000000, 0.63750000, 0.21250000, -0.00000174
-0.85000000, 0.53125000, 0.31875000, -0.00000129
-0.85000000, 0.42500000, 0.42500000, -0.00000081
-0.85000000, 0.31875000, 0.53125000, -0.00000126
-0.85000000, 0.21250000, 0.63750000, -0.00000061
-0.85000000, 0.10625000, 0.74375000, 0.00000031
-0.85000000, 0.00000000, 0.85000000, 0.00000141
-0.74375000, -0.10625000, 0.85000000, 0.00000092
-0.63750000, -0.21250000, 0.85000000, -0.00000025
-0.53125000, -0.31875000, 0.85000000, -0.00000335
-0.42500000, -0.42500000, 0.85000000, -0.00000061
-0.31875000, -0.53125000, 0.85000000, 0.00000176
-0.21250000, -0.63750000, 0.85000000, 0.00000737
-0.10625000, -0.74375000, 0.85000000, 0.00000818
0.00000000, -0.85000000, 0.85000000, -0.00000298
0.10625000, -0.85000000, 0.74375000, -0.00000861
0.21250000, -0.85000000, 0.63750000, 0.00003655
0.31875000, -0.85000000, 0.53125000, 0.00015523
0.42500000, -0.85000000, 0.42500000, 0.00022056
0.53125000, -0.85000000, 0.31875000, 0.00013836
0.63750000, -0.85000000, 0.21250000, 0.00002837
0.74375000, -0.85000000, 0.10625000, -0.00000727
0.85000000, -0.85000000, 0.00000000, -0.00000207
0.85000000, -0.74375000, -0.10625000, -0.00000320
0.85000000, -0.63750000, -0.21250000, -0.00000174
0.85000000, -0.53125000, -0.31875000, -0.00000129
0.85000000, -0.42500000, -0.42500000, -0.00000081
0.85000000, -0.31875000, -0.53125000, -0.00000126
0.85000000, -0.21250000, -0.63750000, -0.00000061
0.85000000, -0.10625000, -0.74375000, 0.00000031
0.90000000, 0.00000000, -0.90000000, 0.00000057
0.78750000, 0.11250000, -0.90000000, 0.00000125
0.67500000, 0.22500000, -0.90000000, -0.00000014
0.56250000, 0.33750000, -0.90000000, -0.00000261
0.45000000, 0.45000000, -0.90000000, 0.00000068
0.33750000, 0.56250000, -0.90000000, 0.00000531
0.22500000, 0.67500000, -0.90000000, 0.00001138
0.11250000, 0.78750000, -0.90000000, 0.00001198
0.00000000, 0.90000000, -0.90000000, 0.00000009
-0.11250000, 0.90000000, -0.78750000, -0.00000357
-0.22500000, 0.90000000, -0.67500000, 0.00000540
-0.33750000, 0.90000000, -0.56250000, 0.00003529
-0.45000000, 0.90000000, -0.45000000, 0.00005196
-0.56250000, 0.90000000, -0.33750000, 0.00002792
-0.67500000, 0.90000000, -0.22500000, 0.00000210
-0.78750000, 0.90000000, -0.11250000, -0.00000249
-0.90000000, 0.90000000, 0.00000000, 0.00000137
-0.90000000, 0.78750000, 0.11250000, -0.00000101
-0.90000000, 0.67500000, 0.22500000, 0.00000005
-0.90000000, 0.56250000, 0.33750000, 0.00000027
-0.90000000, 0.45000000, 0.45000000, 0.00000067
-0.90000000, 0.33750000, 0.56250000, -0.00000039
-0.90000000, 0.22500000, 0.67500000, -0.00000043
-0.90000000, 0.11250000, 0.78750000, -0.00000034
-0.90000000, 0.00000000, 0.90000000, 0.00000057
-0.78750000, -0.11250000, 0.90000000, 0.00000125
-0.67500000, -0.22500000, 0.90000000, -0.00000014
-0.56250000, -0.33750000, 0.90000000, -0.00000261
-0.45000000, -0.45000000, 0.90000000, 0.00000068
-0.33750000, -0.56250000, 0.90000000, 0.00000531
-0.22500000, -0.67500000, 0.90000000, 0.00001138
-0.11250000, -0.78750000, 0.90000000, 0.00001198
0.00000000, -0.90000000, 0.90000000, 0.00000009
0.11250000, -0.90000000, 0.78750000, -0.00000357
0.22500000, -0.90000000, 0.67500000, 0.00000540
0.33750000, -0.90000000, 0.56250000, 0.00003529
0.45000000, -0.90000000, 0.45000000, 0.00005196
0.56250000, -0.90000000, 0.33750000, 0.00002792
0.67500000, -0.90000000, 0.22500000, 0.00000210
0.78750000, -0.90000000, 0.11250000, -0.00000249
0.90000000, -0.90000000, 0.00000000, 0.00000137
0.90000000, -0.78750000, -0.11250000, -0.00000101
0.90000000, -0.67500000, -0.22500000, 0.00000005
0.90000000, -0.56250000, -0.33750000, 0.00000027
0.90000000, -0.45000000, -0.45000000, 0.00000067
0.90000000, -0.33750000, -0.56250000, -0.00000039
0.90000000, -0.22500000, -0.67500000, -0.00000043
0.90000000, -0.11250000, -0.78750000, -0.00000034
0.95000000, 0.00000000, -0.95000000, -0.00000107
0.83125000, 0.11875000, -0.95000000, -0.00000132
0.71250000, 0.23750000, -0.95000000, -0.00000006
0.59375000, 0.35625000, -0.95000000, 0.00000237
0.47500000, 0.47500000, -0.95000000, -0.00000139
0.35625000, 0.59375000, -0.95000000, -0.00000574
0.23750000, 0.71250000, -0.95000000, -0.00001201
0.11875000, 0.83125000, -0.95000000, -0.00001243
0.00000000, 0.95000000, -0.95000000, 0.00000086
-0.11875000, 0.95000000, -0.83125000, 0.00000208
-0.23750000, 0.95000000, -0.71250000, 0.00000236
-0.35625000, 0.95000000, -0.59375000, 0.00000565
-0.47500000, 0.95000000, -0.47500000, 0.00000763
-0.59375000, 0.95000000, -0.35625000, 0.00000485
-0.71250000, 0.95000000, -0.23750000, 0.00000191
-0.83125000, 0.95000000, -0.11875000, 0.00000127
-0.95000000, 0.95000000, 0.00000000, -0.00000011
-0.95000000, 0.83125000, 0.11875000, 0.00000230
-0.95000000, 0.71250000, 0.23750000, 0.00000123
-0.95000000, 0.59375000, 0.35625000, 0.00000083
-0.95000000, 0.47500000, 0.47500000, 0.00000009
-0.95000000, 0.35625000, 0.59375000, 0.00000063
-0.95000000, 0.23750000, 0.71250000, 0.00000029
-0.95000000, 0.11875000, 0.83125000, -0.00000017
-0.95000000, 0.00000000, 0.95000000, -0.00000107
-0.83125000, -0.11875000, 0.95000000, -0.00000132
-0.71250000, -0.23750000, 0.95000000, -0.00000006
-0.59375000, -0.35625000, 0.95000000, 0.00000237
-0.47500000, -0.47500000, 0.95000000, -0.00000139
-0.35625000, -0.59375000, 0.95000000, -0.00000574
-0.23750000, -0.71250000, 0.95000000, -0.00001201
-0.11875000, -0.83125000, 0.95000000, -0.00001243
0.00000000, -0.95000000, 0.95000000, 0.00000086
0.11875000, -0.95000000, 0.83125000, 0.00000208
0.23750000, -0.95000000, 0.71250000, 0.00000236
0.35625000, -0.95000000, 0.59375000, 0.00000565
0.47500000, -0.95000000, 0.47500000, 0.00000763
0.59375000, -0.95000000, 0.35625000, 0.00000485
0.71250000, -0.95000000, 0.23750000, 0.00000191
0.83125000, -0.95000000, 0.11875000, 0.00000127
0.95000000, -0.95000000, 0.00000000, -0.00000011
0.95000000, -0.83125000, -0.11875000, 0.00000230
0.95000000, -0.71250000, -0.23750000, 0.00000123
0.95000000, -0.59375000, -0.35625000, 0.00000083
0.95000000, -0.47500000, -0.47500000, 0.00000009
0.95000000, -0.35625000, -0.59375000, 0.00000063
0.95000000, -0.23750000, -0.71250000, 0.00000029
0.95000000, -0.11875000, -0.83125000, -0.00000017
1.00000000, 0.00000000, -1.00000000, 0.00000000
0.87500000, 0.12500000, -1.00000000, 0.00000000
0.75000000, 0.25000000, -1.00000000, 0.00000000
0.62500000, 0.37500000, -1.00000000, 0.00000000
0.50000000, 0.50000000, -1.00000000, 0.00000000
0.37500000, 0.62500000, -1.00000000, 0.00000000
0.25000000, 0.75000000, -1.00000000, 0.00000000
0.12500000, 0.87500000, -1.00000000, 0.00000000
0.00000000, 1.00000000, -1.00000000, 0.00000000
-0.12500000, 1.00000000, -0.87500000, 0.00000000
-0.25000000, 1.00000000, -0.75000000, 0.00000000
-0.37500000, 1.00000000, -0.62500000, 0.00000000
-0.50000000, 1.00000000, -0.50000000, 0.00000000
-0.62500000, 1.00000000, -0.37500000, 0.00000000
-0.75000000, 1.00000000, -0.25000000, 0.00000000
-0.87500000, 1.00000000, -0.12500000, 0.00000000
-1.00000000, 1.00000000, 0.00000000, 0.00000000
-1.00000000, 0.87500000, 0.12500000, 0.00000000
-1.00000000, 0.75000000, 0.25000000, 0.00000000
-1.00000000, 0.62500000, 0.37500000, 0.00000000
-1.00000000, 0.50000000, 0.50000000, 0.00000000
-1.00000000, 0.37500000, 0.62500000, 0.00000000
-1.00000000, 0.25000000, 0.75000000, 0.00000000
-1.00000000, 0.12500000, 0.87500000, 0.00000000
-1.00000000, 0.00000000, 1.00000000, 0.00000000
-0.87500000, -0.12500000, 1.00000000, 0.00000000
-0.75000000, -0.25000000, 1.00000000, 0.00000000
-0.62500000, -0.37500000, 1.00000000, 0.00000000
-0.50000000, -0.50000000, 1.00000000, 0.00000000
-0.37500000, -0.62500000, 1.00000000, 0.00000000
-0.25000000, -0.75000000, 1.00000000, 0.00000000
-0.12500000, -0.87500000, 1.00000000, 0.00000000
0.00000000, -1.00000000, 1.00000000, 0.00000000
0.12500000, -1.00000000, 0.87500000, 0.00000000
0.25000000, -1.00000000, 0.75000000, 0.00000000
0.37500000, -1.00000000, 0.62500000, 0.00000000
0.50000000, -1.00000000, 0.50000000, 0.00000000
0.62500000, -1.00000000, 0.37500000, 0.00000000
0.75000000, -1.00000000, 0.25000000, 0.00000000
0.87500000, -1.00000000, 0.12500000, 0.00000000
1.00000000, -1.00000000, 0.00000000, 0.00000000
1.00000000, -0.87500000, -0.12500000, 0.00000000
1.00000000, -0.75000000, -0.25000000, 0.00000000
1.00000000, -0.62500000, -0.37500000, 0.00000000
1.00000000, -0.50000000, -0.50000000, 0.00000000
1.00000000, -0.37500000, -0.62500000, 0.00000000
1.00000000, -0.25000000, -0.75000000, 0.00000000
1.00000000, -0.12500000, -0.87500000, 0.00000000
