0.01000000, 0.00000000, -0.01000000, -0.00000000
0.00000000, 0.01000000, -0.01000000, -0.00071786
-0.00125000, 0.01000000, -0.00875000, -0.00201236
-0.00250000, 0.01000000, -0.00750000, -0.00242971
-0.00375000, 0.01000000, -0.00625000, -0.00303784
-0.00500000, 0.01000000, -0.00500000, -0.00305061
-0.00625000, 0.01000000, -0.00375000, -0.00333082
-0.00750000, 0.01000000, -0.00250000, -0.00304015
-0.00875000, 0.01000000, -0.00125000, -0.00293756
-0.01000000, 0.01000000, 0.00000000, -0.00202633
-0.01000000, 0.00875000, 0.00125000, -0.00110585
-0.01000000, 0.00750000, 0.00250000, -0.00061176
-0.01000000, 0.00625000, 0.00375000, -0.00016855
-0.01000000, 0.00500000, 0.00500000, -0.00005098
-0.01000000, 0.00375000, 0.00625000, 0.00005981
-0.01000000, 0.00250000, 0.00750000, 0.00009874
-0.01000000, 0.00125000, 0.00875000, 0.00008466
-0.01000000, 0.00000000, 0.01000000, -0.00000000
0.00000000, -0.01000000, 0.01000000, 0.00202633
0.00125000, -0.01000000, 0.00875000, 0.00293756
0.00250000, -0.01000000, 0.00750000, 0.00304015
0.00375000, -0.01000000, 0.00625000, 0.00333082
0.00500000, -0.01000000, 0.00500000, 0.00305061
0.00625000, -0.01000000, 0.00375000, 0.00303784
0.00750000, -0.01000000, 0.00250000, 0.00242971
0.00875000, -0.01000000, 0.00125000, 0.00201236
0.01000000, -0.01000000, 0.00000000, 0.00071786
0.01000000, -0.00875000, -0.00125000, 0.00006986
0.01000000, -0.00750000, -0.00250000, -0.00014351
0.01000000, -0.00625000, -0.00375000, -0.00043620
0.01000000, -0.00500000, -0.00500000, -0.00030197
0.01000000, -0.00375000, -0.00625000, -0.00028218
0.01000000, -0.00250000, -0.00750000, -0.00018333
0.01000000, -0.00125000, -0.00875000, -0.00013110
0.02000000, 0.00000000, -0.02000000, 0.00000000
0.01750000, 0.00250000, -0.02000000, -0.00000615
0.01500000, 0.00500000, -0.02000000, -0.00004435
0.01250000, 0.00750000, -0.02000000, -0.00003381
0.01000000, 0.01000000, -0.02000000, -0.00013473
0.00750000, 0.01250000, -0.02000000, -0.00024249
0.00500000, 0.01500000, -0.02000000, -0.00039984
0.00250000, 0.01750000, -0.02000000, -0.00068939
0.00000000, 0.02000000, -0.02000000, -0.00126609
-0.00250000, 0.02000000, -0.01750000, -0.00208022
-0.00500000, 0.02000000, -0.01500000, -0.00244533
-0.00750000, 0.02000000, -0.01250000, -0.00269909
-0.01000000, 0.02000000, -0.01000000, -0.00275774
-0.01250000, 0.02000000, -0.00750000, -0.00281786
-0.01500000, 0.02000000, -0.00500000, -0.00267726
-0.01750000, 0.02000000, -0.00250000, -0.00244507
-0.02000000, 0.02000000, 0.00000000, -0.00180974
-0.02000000, 0.01750000, 0.00250000, -0.00113884
-0.02000000, 0.01500000, 0.00500000, -0.00074338
-0.02000000, 0.01250000, 0.00750000, -0.00048324
-0.02000000, 0.01000000, 0.01000000, -0.00028722
-0.02000000, 0.00750000, 0.01250000, -0.00013487
-0.02000000, 0.00500000, 0.01500000, -0.00007589
-0.02000000, 0.00250000, 0.01750000, -0.00001626
-0.02000000, 0.00000000, 0.02000000, 0.00000000
-0.01750000, -0.00250000, 0.02000000, 0.00001626
-0.01500000, -0.00500000, 0.02000000, 0.00007589
-0.01250000, -0.00750000, 0.02000000, 0.00013487
-0.01000000, -0.01000000, 0.02000000, 0.00028722
-0.00750000, -0.01250000, 0.02000000, 0.00048324
-0.00500000, -0.01500000, 0.02000000, 0.00074338
-0.00250000, -0.01750000, 0.02000000, 0.00113884
0.00000000, -0.02000000, 0.02000000, 0.00180974
0.00250000, -0.02000000, 0.01750000, 0.00244507
0.00500000, -0.02000000, 0.01500000, 0.00267726
0.00750000, -0.02000000, 0.01250000, 0.00281786
0.01000000, -0.02000000, 0.01000000, 0.00275774
0.01250000, -0.02000000, 0.00750000, 0.00269909
0.01500000, -0.02000000, 0.00500000, 0.00244533
0.01750000, -0.02000000, 0.00250000, 0.00208022
0.02000000, -0.02000000, 0.00000000, 0.00126609
0.02000000, -0.01750000, -0.00250000, 0.00068939
0.02000000, -0.01500000, -0.00500000, 0.00039984
0.02000000, -0.01250000, -0.00750000, 0.00024249
0.02000000, -0.01000000, -0.01000000, 0.00013473
0.02000000, -0.00750000, -0.01250000, 0.00003381
0.02000000, -0.00500000, -0.01500000, 0.00004435
0.02000000, -0.00250000, -0.01750000, 0.00000615
0.03000000, 0.00000000, -0.03000000, -0.00000000
0.02625000, 0.00375000, -0.03000000, -0.00003917
0.02250000, 0.00750000, -0.03000000, -0.00010729
0.01875000, 0.01125000, -0.03000000, -0.00017788
0.01500000, 0.01500000, -0.03000000, -0.00028956
0.01125000, 0.01875000, -0.03000000, -0.00044421
0.00750000, 0.02250000, -0.03000000, -0.00064780
0.00375000, 0.02625000, -0.03000000, -0.00096718
0.00000000, 0.03000000, -0.03000000, -0.00154202
-0.00375000, 0.03000000, -0.02625000, -0.00226267
-0.00750000, 0.03000000, -0.02250000, -0.00259231
-0.01125000, 0.03000000, -0.01875000, -0.00279251
-0.01500000, 0.03000000, -0.01500000, -0.00287018
-0.01875000, 0.03000000, -0.01125000, -0.00284056
-0.02250000, 0.03000000, -0.00750000, -0.00269009
-0.02625000, 0.03000000, -0.00375000, -0.00242743
-0.03000000, 0.03000000, 0.00000000, -0.00181650
-0.03000000, 0.02625000, 0.00375000, -0.00120741
-0.03000000, 0.02250000, 0.00750000, -0.00083543
-0.03000000, 0.01875000, 0.01125000, -0.00057585
-0.03000000, 0.01500000, 0.01500000, -0.00037503
-0.03000000, 0.01125000, 0.01875000, -0.00022603
-0.03000000, 0.00750000, 0.02250000, -0.00012457
-0.03000000, 0.00375000, 0.02625000, -0.00004359
-0.03000000, 0.00000000, 0.03000000, -0.00000000
-0.02625000, -0.00375000, 0.03000000, 0.00004359
-0.02250000, -0.00750000, 0.03000000, 0.00012457
-0.01875000, -0.01125000, 0.03000000, 0.00022603
-0.01500000, -0.01500000, 0.03000000, 0.00037503
-0.01125000, -0.01875000, 0.03000000, 0.00057585
-0.00750000, -0.02250000, 0.03000000, 0.00083543
-0.00375000, -0.02625000, 0.03000000, 0.00120741
0.00000000, -0.03000000, 0.03000000, 0.00181650
0.00375000, -0.03000000, 0.02625000, 0.00242743
0.00750000, -0.03000000, 0.02250000, 0.00269009
0.01125000, -0.03000000, 0.01875000, 0.00284056
0.01500000, -0.03000000, 0.01500000, 0.00287018
0.01875000, -0.03000000, 0.01125000, 0.00279251
0.02250000, -0.03000000, 0.00750000, 0.00259231
0.02625000, -0.03000000, 0.00375000, 0.00226267
0.03000000, -0.03000000, 0.00000000, 0.00154202
0.03000000, -0.02625000, -0.00375000, 0.00096718
0.03000000, -0.02250000, -0.00750000, 0.00064780
0.03000000, -0.01875000, -0.01125000, 0.00044421
0.03000000, -0.01500000, -0.01500000, 0.00028956
0.03000000, -0.01125000, -0.01875000, 0.00017788
0.03000000, -0.00750000, -0.02250000, 0.00010729
0.03000000, -0.00375000, -0.02625000, 0.00003917
0.04000000, 0.00000000, -0.04000000, 0.00000000
0.03500000, 0.00500000, -0.04000000, -0.00005136
0.03000000, 0.01000000, -0.04000000, -0.00013447
0.02500000, 0.01500000, -0.04000000, -0.00023319
0.02000000, 0.02000000, -0.04000000, -0.00036215
0.01500000, 0.02500000, -0.04000000, -0.00053355
0.01000000, 0.03000000, -0.04000000, -0.00076827
0.00500000, 0.03500000, -0.04000000, -0.00110673
0.00000000, 0.04000000, -0.04000000, -0.00171590
-0.00500000, 0.04000000, -0.03500000, -0.00242980
-0.01000000, 0.04000000, -0.03000000, -0.00276251
-0.01500000, 0.04000000, -0.02500000, -0.00294111
-0.02000000, 0.04000000, -0.02000000, -0.00299932
-0.02500000, 0.04000000, -0.01500000, -0.00295336
-0.03000000, 0.04000000, -0.01000000, -0.00279165
-0.03500000, 0.04000000, -0.00500000, -0.00248937
-0.04000000, 0.04000000, 0.00000000, -0.00185328
-0.04000000, 0.03500000, 0.00500000, -0.00124892
-0.04000000, 0.03000000, 0.01000000, -0.00088532
-0.04000000, 0.02500000, 0.01500000, -0.00062004
-0.04000000, 0.02000000, 0.02000000, -0.00041823
-0.04000000, 0.01500000, 0.02500000, -0.00026388
-0.04000000, 0.01000000, 0.03000000, -0.00014666
-0.04000000, 0.00500000, 0.03500000, -0.00005593
-0.04000000, 0.00000000, 0.04000000, 0.00000000
-0.03500000, -0.00500000, 0.04000000, 0.00005593
-0.03000000, -0.01000000, 0.04000000, 0.00014666
-0.02500000, -0.01500000, 0.04000000, 0.00026388
-0.02000000, -0.02000000, 0.04000000, 0.00041823
-0.01500000, -0.02500000, 0.04000000, 0.00062004
-0.01000000, -0.03000000, 0.04000000, 0.00088532
-0.00500000, -0.03500000, 0.04000000, 0.00124892
0.00000000, -0.04000000, 0.04000000, 0.00185328
0.00500000, -0.04000000, 0.03500000, 0.00248937
0.01000000, -0.04000000, 0.03000000, 0.00279165
0.01500000, -0.04000000, 0.02500000, 0.00295336
0.02000000, -0.04000000, 0.02000000, 0.00299932
0.02500000, -0.04000000, 0.01500000, 0.00294111
0.03000000, -0.04000000, 0.01000000, 0.00276251
0.03500000, -0.04000000, 0.00500000, 0.00242980
0.04000000, -0.04000000, 0.00000000, 0.00171590
0.04000000, -0.03500000, -0.00500000, 0.00110673
0.04000000, -0.03000000, -0.01000000, 0.00076827
0.04000000, -0.02500000, -0.01500000, 0.00053355
0.04000000, -0.02000000, -0.02000000, 0.00036215
0.04000000, -0.01500000, -0.02500000, 0.00023319
0.04000000, -0.01000000, -0.03000000, 0.00013447
0.04000000, -0.00500000, -0.03500000, 0.00005136
0.05000000, 0.00000000, -0.05000000, 0.00000000
0.04375000, 0.00625000, -0.05000000, -0.00004918
0.03750000, 0.01250000, -0.05000000, -0.00014222
0.03125000, 0.01875000, -0.05000000, -0.00024626
0.02500000, 0.02500000, -0.05000000, -0.00038893
0.01875000, 0.03125000, -0.05000000, -0.00057820
0.01250000, 0.03750000, -0.05000000, -0.00082950
0.00625000, 0.04375000, -0.05000000, -0.00118975
0.00000000, 0.05000000, -0.05000000, -0.00183166
-0.00625000, 0.05000000, -0.04375000, -0.00256200
-0.01250000, 0.05000000, -0.03750000, -0.00290390
-0.01875000, 0.05000000, -0.03125000, -0.00308179
-0.02500000, 0.05000000, -0.02500000, -0.00313622
-0.03125000, 0.05000000, -0.01875000, -0.00307231
-0.03750000, 0.05000000, -0.01250000, -0.00288993
-0.04375000, 0.05000000, -0.00625000, -0.00255846
-0.05000000, 0.05000000, 0.00000000, -0.00189092
-0.05000000, 0.04375000, 0.00625000, -0.00127981
-0.05000000, 0.03750000, 0.01250000, -0.00091250
-0.05000000, 0.03125000, 0.01875000, -0.00064379
-0.05000000, 0.02500000, 0.02500000, -0.00043563
-0.05000000, 0.01875000, 0.03125000, -0.00027525
-0.05000000, 0.01250000, 0.03750000, -0.00015483
-0.05000000, 0.00625000, 0.04375000, -0.00005746
-0.05000000, 0.00000000, 0.05000000, -0.00000000
-0.04375000, -0.00625000, 0.05000000, 0.00005746
-0.03750000, -0.01250000, 0.05000000, 0.00015483
-0.03125000, -0.01875000, 0.05000000, 0.00027525
-0.02500000, -0.02500000, 0.05000000, 0.00043563
-0.01875000, -0.03125000, 0.05000000, 0.00064379
-0.01250000, -0.03750000, 0.05000000, 0.00091250
-0.00625000, -0.04375000, 0.05000000, 0.00127981
0.00000000, -0.05000000, 0.05000000, 0.00189092
0.00625000, -0.05000000, 0.04375000, 0.00255846
0.01250000, -0.05000000, 0.03750000, 0.00288993
0.01875000, -0.05000000, 0.03125000, 0.00307231
0.02500000, -0.05000000, 0.02500000, 0.00313622
0.03125000, -0.05000000, 0.01875000, 0.00308179
0.03750000, -0.05000000, 0.01250000, 0.00290390
0.04375000, -0.05000000, 0.00625000, 0.00256200
0.05000000, -0.05000000, 0.00000000, 0.00183166
0.05000000, -0.04375000, -0.00625000, 0.00118975
0.05000000, -0.03750000, -0.01250000, 0.00082950
0.05000000, -0.03125000, -0.01875000, 0.00057820
0.05000000, -0.02500000, -0.02500000, 0.00038893
0.05000000, -0.01875000, -0.03125000, 0.00024626
0.05000000, -0.01250000, -0.03750000, 0.00014222
0.05000000, -0.00625000, -0.04375000, 0.00004918
0.06000000, 0.00000000, -0.06000000, 0.00000000
0.05250000, 0.00750000, -0.06000000, -0.00005123
0.04500000, 0.01500000, -0.06000000, -0.00013823
0.03750000, 0.02250000, -0.06000000, -0.00024708
0.03000000, 0.03000000, -0.06000000, -0.00038893
0.02250000, 0.03750000, -0.06000000, -0.00058012
0.01500000, 0.04500000, -0.06000000, -0.00084188
0.00750000, 0.05250000, -0.06000000, -0.00121923
0.00000000, 0.06000000, -0.06000000, -0.00190664
-0.00750000, 0.06000000, -0.05250000, -0.00267285
-0.01500000, 0.06000000, -0.04500000, -0.00302601
-0.02250000, 0.06000000, -0.03750000, -0.00320574
-0.03000000, 0.06000000, -0.03000000, -0.00325092
-0.03750000, 0.06000000, -0.02250000, -0.00318139
-0.04500000, 0.06000000, -0.01500000, -0.00298351
-0.05250000, 0.06000000, -0.00750000, -0.00262921
-0.06000000, 0.06000000, 0.00000000, -0.00192204
-0.06000000, 0.05250000, 0.00750000, -0.00128924
-0.06000000, 0.04500000, 0.01500000, -0.00091656
-0.06000000, 0.03750000, 0.02250000, -0.00064494
-0.06000000, 0.03000000, 0.03000000, -0.00043781
-0.06000000, 0.02250000, 0.03750000, -0.00027888
-0.06000000, 0.01500000, 0.04500000, -0.00015592
-0.06000000, 0.00750000, 0.05250000, -0.00006090
-0.06000000, 0.00000000, 0.06000000, -0.00000000
-0.05250000, -0.00750000, 0.06000000, 0.00006090
-0.04500000, -0.01500000, 0.06000000, 0.00015592
-0.03750000, -0.02250000, 0.06000000, 0.00027888
-0.03000000, -0.03000000, 0.06000000, 0.00043781
-0.02250000, -0.03750000, 0.06000000, 0.00064494
-0.01500000, -0.04500000, 0.06000000, 0.00091656
-0.00750000, -0.05250000, 0.06000000, 0.00128924
0.00000000, -0.06000000, 0.06000000, 0.00192204
0.00750000, -0.06000000, 0.05250000, 0.00262921
0.01500000, -0.06000000, 0.04500000, 0.00298351
0.02250000, -0.06000000, 0.03750000, 0.00318139
0.03000000, -0.06000000, 0.03000000, 0.00325092
0.03750000, -0.06000000, 0.02250000, 0.00320574
0.04500000, -0.06000000, 0.01500000, 0.00302601
0.05250000, -0.06000000, 0.00750000, 0.00267285
0.06000000, -0.06000000, 0.00000000, 0.00190664
0.06000000, -0.05250000, -0.00750000, 0.00121923
0.06000000, -0.04500000, -0.01500000, 0.00084188
0.06000000, -0.03750000, -0.02250000, 0.00058012
0.06000000, -0.03000000, -0.03000000, 0.00038893
0.06000000, -0.02250000, -0.03750000, 0.00024708
0.06000000, -0.01500000, -0.04500000, 0.00013823
0.06000000, -0.00750000, -0.05250000, 0.00005123
0.07000000, 0.00000000, -0.07000000, 0.00000000
0.06125000, 0.00875000, -0.07000000, -0.00005072
0.05250000, 0.01750000, -0.07000000, -0.00012353
0.04375000, 0.02625000, -0.07000000, -0.00022822
0.03500000, 0.03500000, -0.07000000, -0.00036988
0.02625000, 0.04375000, -0.07000000, -0.00056392
0.01750000, 0.05250000, -0.07000000, -0.00083283
0.00875000, 0.06125000, -0.07000000, -0.00122322
0.00000000, 0.07000000, -0.07000000, -0.00194422
-0.00875000, 0.07000000, -0.06125000, -0.00274984
-0.01750000, 0.07000000, -0.05250000, -0.00312411
-0.02625000, 0.07000000, -0.04375000, -0.00331253
-0.03500000, 0.07000000, -0.03500000, -0.00335850
-0.04375000, 0.07000000, -0.02625000, -0.00327989
-0.05250000, 0.07000000, -0.01750000, -0.00306575
-0.06125000, 0.07000000, -0.00875000, -0.00268383
-0.07000000, 0.07000000, 0.00000000, -0.00193894
-0.07000000, 0.06125000, 0.00875000, -0.00128892
-0.07000000, 0.05250000, 0.01750000, -0.00091130
-0.07000000, 0.04375000, 0.02625000, -0.00063692
-0.07000000, 0.03500000, 0.03500000, -0.00042886
-0.07000000, 0.02625000, 0.04375000, -0.00027016
-0.07000000, 0.01750000, 0.05250000, -0.00014928
-0.07000000, 0.00875000, 0.06125000, -0.00006157
-0.07000000, 0.00000000, 0.07000000, -0.00000000
-0.06125000, -0.00875000, 0.07000000, 0.00006157
-0.05250000, -0.01750000, 0.07000000, 0.00014928
-0.04375000, -0.02625000, 0.07000000, 0.00027016
-0.03500000, -0.03500000, 0.07000000, 0.00042886
-0.02625000, -0.04375000, 0.07000000, 0.00063692
-0.01750000, -0.05250000, 0.07000000, 0.00091130
-0.00875000, -0.06125000, 0.07000000, 0.00128892
0.00000000, -0.07000000, 0.07000000, 0.00193894
0.00875000, -0.07000000, 0.06125000, 0.00268383
0.01750000, -0.07000000, 0.05250000, 0.00306575
0.02625000, -0.07000000, 0.04375000, 0.00327989
0.03500000, -0.07000000, 0.03500000, 0.00335850
0.04375000, -0.07000000, 0.02625000, 0.00331253
0.05250000, -0.07000000, 0.01750000, 0.00312411
0.06125000, -0.07000000, 0.00875000, 0.00274984
0.07000000, -0.07000000, 0.00000000, 0.00194422
0.07000000, -0.06125000, -0.00875000, 0.00122322
0.07000000, -0.05250000, -0.01750000, 0.00083283
0.07000000, -0.04375000, -0.02625000, 0.00056392
0.07000000, -0.03500000, -0.03500000, 0.00036988
0.07000000, -0.02625000, -0.04375000, 0.00022822
0.07000000, -0.01750000, -0.05250000, 0.00012353
0.07000000, -0.00875000, -0.06125000, 0.00005072
0.08000000, 0.00000000, -0.08000000, -0.00000000
0.07000000, 0.01000000, -0.08000000, -0.00004235
0.06000000, 0.02000000, -0.08000000, -0.00010164
0.05000000, 0.03000000, -0.08000000, -0.00019729
0.04000000, 0.04000000, -0.08000000, -0.00033623
0.03000000, 0.05000000, -0.08000000, -0.00053173
0.02000000, 0.06000000, -0.08000000, -0.00080388
0.01000000, 0.07000000, -0.08000000, -0.00120505
0.00000000, 0.08000000, -0.08000000, -0.00195567
-0.01000000, 0.08000000, -0.07000000, -0.00280375
-0.02000000, 0.08000000, -0.06000000, -0.00320164
-0.03000000, 0.08000000, -0.05000000, -0.00340128
-0.04000000, 0.08000000, -0.04000000, -0.00345207
-0.05000000, 0.08000000, -0.03000000, -0.00336417
-0.06000000, 0.08000000, -0.02000000, -0.00313514
-0.07000000, 0.08000000, -0.01000000, -0.00272779
-0.08000000, 0.08000000, 0.00000000, -0.00194746
-0.08000000, 0.07000000, 0.01000000, -0.00128032
-0.08000000, 0.06000000, 0.02000000, -0.00089653
-0.08000000, 0.05000000, 0.03000000, -0.00062001
-0.08000000, 0.04000000, 0.04000000, -0.00041079
-0.08000000, 0.03000000, 0.05000000, -0.00025329
-0.08000000, 0.02000000, 0.06000000, -0.00013717
-0.08000000, 0.01000000, 0.07000000, -0.00005686
-0.08000000, 0.00000000, 0.08000000, -0.00000000
-0.07000000, -0.01000000, 0.08000000, 0.00005686
-0.06000000, -0.02000000, 0.08000000, 0.00013717
-0.05000000, -0.03000000, 0.08000000, 0.00025329
-0.04000000, -0.04000000, 0.08000000, 0.00041079
-0.03000000, -0.05000000, 0.08000000, 0.00062001
-0.02000000, -0.06000000, 0.08000000, 0.00089653
-0.01000000, -0.07000000, 0.08000000, 0.00128032
0.00000000, -0.08000000, 0.08000000, 0.00194746
0.01000000, -0.08000000, 0.07000000, 0.00272779
0.02000000, -0.08000000, 0.06000000, 0.00313514
0.03000000, -0.08000000, 0.05000000, 0.00336417
0.04000000, -0.08000000, 0.04000000, 0.00345207
0.05000000, -0.08000000, 0.03000000, 0.00340128
0.06000000, -0.08000000, 0.02000000, 0.00320164
0.07000000, -0.08000000, 0.01000000, 0.00280375
0.08000000, -0.08000000, 0.00000000, 0.00195567
0.08000000, -0.07000000, -0.01000000, 0.00120505
0.08000000, -0.06000000, -0.02000000, 0.00080388
0.08000000, -0.05000000, -0.03000000, 0.00053173
0.08000000, -0.04000000, -0.04000000, 0.00033623
0.08000000, -0.03000000, -0.05000000, 0.00019729
0.08000000, -0.02000000, -0.06000000, 0.00010164
0.08000000, -0.01000000, -0.07000000, 0.00004235
0.09000000, 0.00000000, -0.09000000, 0.00000000
0.07875000, 0.01125000, -0.09000000, -0.00002789
0.06750000, 0.02250000, -0.09000000, -0.00007525
0.05625000, 0.03375000, -0.09000000, -0.00016058
0.04500000, 0.04500000, -0.09000000, -0.00029112
0.03375000, 0.05625000, -0.09000000, -0.00048202
0.02250000, 0.06750000, -0.09000000, -0.00075345
0.01125000, 0.07875000, -0.09000000, -0.00116272
0.00000000, 0.09000000, -0.09000000, -0.00194662
-0.01125000, 0.09000000, -0.07875000, -0.00284300
-0.02250000, 0.09000000, -0.06750000, -0.00326307
-0.03375000, 0.09000000, -0.05625000, -0.00347353
-0.04500000, 0.09000000, -0.04500000, -0.00352710
-0.05625000, 0.09000000, -0.03375000, -0.00343444
-0.06750000, 0.09000000, -0.02250000, -0.00319379
-0.07875000, 0.09000000, -0.01125000, -0.00276656
-0.09000000, 0.09000000, 0.00000000, -0.00195015
-0.09000000, 0.07875000, 0.01125000, -0.00126105
-0.09000000, 0.06750000, 0.02250000, -0.00087038
-0.09000000, 0.05625000, 0.03375000, -0.00059277
-0.09000000, 0.04500000, 0.04500000, -0.00038528
-0.09000000, 0.03375000, 0.05625000, -0.00023209
-0.09000000, 0.02250000, 0.06750000, -0.00012169
-0.09000000, 0.01125000, 0.07875000, -0.00004829
-0.09000000, 0.00000000, 0.09000000, 0.00000000
-0.07875000, -0.01125000, 0.09000000, 0.00004829
-0.06750000, -0.02250000, 0.09000000, 0.00012169
-0.05625000, -0.03375000, 0.09000000, 0.00023209
-0.04500000, -0.04500000, 0.09000000, 0.00038528
-0.03375000, -0.05625000, 0.09000000, 0.00059277
-0.02250000, -0.06750000, 0.09000000, 0.00087038
-0.01125000, -0.07875000, 0.09000000, 0.00126105
0.00000000, -0.09000000, 0.09000000, 0.00195015
0.01125000, -0.09000000, 0.07875000, 0.00276656
0.02250000, -0.09000000, 0.06750000, 0.00319379
0.03375000, -0.09000000, 0.05625000, 0.00343444
0.04500000, -0.09000000, 0.04500000, 0.00352710
0.05625000, -0.09000000, 0.03375000, 0.00347353
0.06750000, -0.09000000, 0.02250000, 0.00326307
0.07875000, -0.09000000, 0.01125000, 0.00284300
0.09000000, -0.09000000, 0.00000000, 0.00194662
0.09000000, -0.07875000, -0.01125000, 0.00116272
0.09000000, -0.06750000, -0.02250000, 0.00075345
0.09000000, -0.05625000, -0.03375000, 0.00048202
0.09000000, -0.04500000, -0.04500000, 0.00029112
0.09000000, -0.03375000, -0.05625000, 0.00016058
0.09000000, -0.02250000, -0.06750000, 0.00007525
0.09000000, -0.01125000, -0.07875000, 0.00002789
0.10000000, 0.00000000, -0.10000000, 0.00000000
0.08750000, 0.01250000, -0.10000000, -0.00001059
0.07500000, 0.02500000, -0.10000000, -0.00004528
0.06250000, 0.03750000, -0.10000000, -0.00011889
0.05000000, 0.05000000, -0.10000000, -0.00023691
0.03750000, 0.06250000, -0.10000000, -0.00041804
0.02500000, 0.07500000, -0.10000000, -0.00068553
0.01250000, 0.08750000, -0.10000000, -0.00109957
0.00000000, 0.10000000, -0.10000000, -0.00191764
-0.01250000, 0.10000000, -0.08750000, -0.00286726
-0.02500000, 0.10000000, -0.07500000, -0.00330961
-0.03750000, 0.10000000, -0.06250000, -0.00353133
-0.05000000, 0.10000000, -0.05000000, -0.00358670
-0.06250000, 0.10000000, -0.03750000, -0.00349281
-0.07500000, 0.10000000, -0.02500000, -0.00324289
-0.08750000, 0.10000000, -0.01250000, -0.00279899
-0.10000000, 0.10000000, 0.00000000, -0.00194561
-0.10000000, 0.08750000, 0.01250000, -0.00123153
-0.10000000, 0.07500000, 0.02500000, -0.00083444
-0.10000000, 0.06250000, 0.03750000, -0.00055679
-0.10000000, 0.05000000, 0.05000000, -0.00035361
-0.10000000, 0.03750000, 0.06250000, -0.00020706
-0.10000000, 0.02500000, 0.07500000, -0.00010344
-0.10000000, 0.01250000, 0.08750000, -0.00003774
-0.10000000, 0.00000000, 0.10000000, 0.00000000
-0.08750000, -0.01250000, 0.10000000, 0.00003774
-0.07500000, -0.02500000, 0.10000000, 0.00010344
-0.06250000, -0.03750000, 0.10000000, 0.00020706
-0.05000000, -0.05000000, 0.10000000, 0.00035361
-0.03750000, -0.06250000, 0.10000000, 0.00055679
-0.02500000, -0.07500000, 0.10000000, 0.00083444
-0.01250000, -0.08750000, 0.10000000, 0.00123153
0.00000000, -0.10000000, 0.10000000, 0.00194561
0.01250000, -0.10000000, 0.08750000, 0.00279899
0.02500000, -0.10000000, 0.07500000, 0.00324289
0.03750000, -0.10000000, 0.06250000, 0.00349281
0.05000000, -0.10000000, 0.05000000, 0.00358670
0.06250000, -0.10000000, 0.03750000, 0.00353133
0.07500000, -0.10000000, 0.02500000, 0.00330961
0.08750000, -0.10000000, 0.01250000, 0.00286726
0.10000000, -0.10000000, 0.00000000, 0.00191764
0.10000000, -0.08750000, -0.01250000, 0.00109957
0.10000000, -0.07500000, -0.02500000, 0.00068553
0.10000000, -0.06250000, -0.03750000, 0.00041804
0.10000000, -0.05000000, -0.05000000, 0.00023691
0.10000000, -0.03750000, -0.06250000, 0.00011889
0.10000000, -0.02500000, -0.07500000, 0.00004528
0.10000000, -0.01250000, -0.08750000, 0.00001059
0.15000000, 0.00000000, -0.15000000, -0.00000000
0.13125000, 0.01875000, -0.15000000, 0.00008409
0.11250000, 0.03750000, -0.15000000, 0.00014003
0.09375000, 0.05625000, -0.15000000, 0.00015533
0.07500000, 0.07500000, -0.15000000, 0.00011788
0.05625000, 0.09375000, -0.15000000, 0.00000889
0.03750000, 0.11250000, -0.15000000, -0.00020198
0.01875000, 0.13125000, -0.15000000, -0.00059256
0.00000000, 0.15000000, -0.15000000, -0.00150974
-0.01875000, 0.15000000, -0.13125000, -0.00275162
-0.03750000, 0.15000000, -0.11250000, -0.00333589
-0.05625000, 0.15000000, -0.09375000, -0.00363840
-0.07500000, 0.15000000, -0.07500000, -0.00373348
-0.09375000, 0.15000000, -0.05625000, -0.00364017
-0.11250000, 0.15000000, -0.03750000, -0.00335630
-0.13125000, 0.15000000, -0.01875000, -0.00283451
-0.15000000, 0.15000000, 0.00000000, -0.00180947
-0.15000000, 0.13125000, 0.01875000, -0.00098098
-0.15000000, 0.11250000, 0.03750000, -0.00056439
-0.15000000, 0.09375000, 0.05625000, -0.00029954
-0.15000000, 0.07500000, 0.07500000, -0.00012780
-0.15000000, 0.05625000, 0.09375000, -0.00002494
-0.15000000, 0.03750000, 0.11250000, 0.00002420
-0.15000000, 0.01875000, 0.13125000, 0.00002946
-0.15000000, 0.00000000, 0.15000000, -0.00000000
-0.13125000, -0.01875000, 0.15000000, -0.00002946
-0.11250000, -0.03750000, 0.15000000, -0.00002420
-0.09375000, -0.05625000, 0.15000000, 0.00002494
-0.07500000, -0.07500000, 0.15000000, 0.00012780
-0.05625000, -0.09375000, 0.15000000, 0.00029954
-0.03750000, -0.11250000, 0.15000000, 0.00056439
-0.01875000, -0.13125000, 0.15000000, 0.00098098
0.00000000, -0.15000000, 0.15000000, 0.00180947
0.01875000, -0.15000000, 0.13125000, 0.00283451
0.03750000, -0.15000000, 0.11250000, 0.00335630
0.05625000, -0.15000000, 0.09375000, 0.00364017
0.07500000, -0.15000000, 0.07500000, 0.00373348
0.09375000, -0.15000000, 0.05625000, 0.00363840
0.11250000, -0.15000000, 0.03750000, 0.00333589
0.13125000, -0.15000000, 0.01875000, 0.00275162
0.15000000, -0.15000000, 0.00000000, 0.00150974
0.15000000, -0.13125000, -0.01875000, 0.00059256
0.15000000, -0.11250000, -0.03750000, 0.00020198
0.15000000, -0.09375000, -0.05625000, -0.00000889
0.15000000, -0.07500000, -0.07500000, -0.00011788
0.15000000, -0.05625000, -0.09375000, -0.00015533
0.15000000, -0.03750000, -0.11250000, -0.00014003
0.15000000, -0.01875000, -0.13125000, -0.00008409
0.20000000, 0.00000000, -0.20000000, 0.00000000
0.17500000, 0.02500000, -0.20000000, 0.00017751
0.15000000, 0.05000000, -0.20000000, 0.00032931
0.12500000, 0.07500000, -0.20000000, 0.00044573
0.10000000, 0.10000000, -0.20000000, 0.00051710
0.07500000, 0.12500000, -0.20000000, 0.00051947
0.05000000, 0.15000000, -0.20000000, 0.00041668
0.02500000, 0.17500000, -0.20000000, 0.00012025
0.00000000, 0.20000000, -0.20000000, -0.00079952
-0.02500000, 0.20000000, -0.17500000, -0.00236394
-0.05000000, 0.20000000, -0.15000000, -0.00310376
-0.07500000, 0.20000000, -0.12500000, -0.00350145
-0.10000000, 0.20000000, -0.10000000, -0.00365054
-0.12500000, 0.20000000, -0.07500000, -0.00358502
-0.15000000, 0.20000000, -0.05000000, -0.00329440
-0.17500000, 0.20000000, -0.02500000, -0.00272143
-0.20000000, 0.20000000, 0.00000000, -0.00152197
-0.20000000, 0.17500000, 0.02500000, -0.00058848
-0.20000000, 0.15000000, 0.05000000, -0.00017771
-0.20000000, 0.12500000, 0.07500000, 0.00004890
-0.20000000, 0.10000000, 0.10000000, 0.00016495
-0.20000000, 0.07500000, 0.12500000, 0.00020192
-0.20000000, 0.05000000, 0.15000000, 0.00018023
-0.20000000, 0.02500000, 0.17500000, 0.00010993
-0.20000000, 0.00000000, 0.20000000, 0.00000000
-0.17500000, -0.02500000, 0.20000000, -0.00010993
-0.15000000, -0.05000000, 0.20000000, -0.00018023
-0.12500000, -0.07500000, 0.20000000, -0.00020192
-0.10000000, -0.10000000, 0.20000000, -0.00016495
-0.07500000, -0.12500000, 0.20000000, -0.00004890
-0.05000000, -0.15000000, 0.20000000, 0.00017771
-0.02500000, -0.17500000, 0.20000000, 0.00058848
0.00000000, -0.20000000, 0.20000000, 0.00152197
0.02500000, -0.20000000, 0.17500000, 0.00272143
0.05000000, -0.20000000, 0.15000000, 0.00329440
0.07500000, -0.20000000, 0.12500000, 0.00358502
0.10000000, -0.20000000, 0.10000000, 0.00365054
0.12500000, -0.20000000, 0.07500000, 0.00350145
0.15000000, -0.20000000, 0.05000000, 0.00310376
0.17500000, -0.20000000, 0.02500000, 0.00236394
0.20000000, -0.20000000, 0.00000000, 0.00079952
0.20000000, -0.17500000, -0.02500000, -0.00012025
0.20000000, -0.15000000, -0.05000000, -0.00041668
0.20000000, -0.12500000, -0.07500000, -0.00051947
0.20000000, -0.10000000, -0.10000000, -0.00051710
0.20000000, -0.07500000, -0.12500000, -0.00044573
0.20000000, -0.05000000, -0.15000000, -0.00032931
0.20000000, -0.02500000, -0.17500000, -0.00017751
0.25000000, 0.00000000, -0.25000000, -0.00000000
0.21875000, 0.03125000, -0.25000000, 0.00024412
0.18750000, 0.06250000, -0.25000000, 0.00047831
0.15625000, 0.09375000, -0.25000000, 0.00068945
0.12500000, 0.12500000, -0.25000000, 0.00086416
0.09375000, 0.15625000, -0.25000000, 0.00098078
0.06250000, 0.18750000, -0.25000000, 0.00100508
0.03125000, 0.21875000, -0.25000000, 0.00084616
0.00000000, 0.25000000, -0.25000000, 0.00004292
-0.03125000, 0.25000000, -0.21875000, -0.00179441
-0.06250000, 0.25000000, -0.18750000, -0.00268278
-0.09375000, 0.25000000, -0.15625000, -0.00317831
-0.12500000, 0.25000000, -0.12500000, -0.00339354
-0.15625000, 0.25000000, -0.09375000, -0.00336241
-0.18750000, 0.25000000, -0.06250000, -0.00307692
-0.21875000, 0.25000000, -0.03125000, -0.00246225
-0.25000000, 0.25000000, 0.00000000, -0.00109548
-0.25000000, 0.21875000, 0.03125000, -0.00012139
-0.25000000, 0.18750000, 0.06250000, 0.00024832
-0.25000000, 0.15625000, 0.09375000, 0.00041606
-0.25000000, 0.12500000, 0.12500000, 0.00046570
-0.25000000, 0.09375000, 0.15625000, 0.00043072
-0.25000000, 0.06250000, 0.18750000, 0.00033237
-0.25000000, 0.03125000, 0.21875000, 0.00018451
-0.25000000, 0.00000000, 0.25000000, -0.00000000
-0.21875000, -0.03125000, 0.25000000, -0.00018451
-0.18750000, -0.06250000, 0.25000000, -0.00033237
-0.15625000, -0.09375000, 0.25000000, -0.00043072
-0.12500000, -0.12500000, 0.25000000, -0.00046570
-0.09375000, -0.15625000, 0.25000000, -0.00041606
-0.06250000, -0.18750000, 0.25000000, -0.00024832
-0.03125000, -0.21875000, 0.25000000, 0.00012139
0.00000000, -0.25000000, 0.25000000, 0.00109548
0.03125000, -0.25000000, 0.21875000, 0.00246225
0.06250000, -0.25000000, 0.18750000, 0.00307692
0.09375000, -0.25000000, 0.15625000, 0.00336241
0.12500000, -0.25000000, 0.12500000, 0.00339354
0.15625000, -0.25000000, 0.09375000, 0.00317831
0.18750000, -0.25000000, 0.06250000, 0.00268278
0.21875000, -0.25000000, 0.03125000, 0.00179441
0.25000000, -0.25000000, 0.00000000, -0.00004292
0.25000000, -0.21875000, -0.03125000, -0.00084616
0.25000000, -0.18750000, -0.06250000, -0.00100508
0.25000000, -0.15625000, -0.09375000, -0.00098078
0.25000000, -0.12500000, -0.12500000, -0.00086416
0.25000000, -0.09375000, -0.15625000, -0.00068945
0.25000000, -0.06250000, -0.18750000, -0.00047831
0.25000000, -0.03125000, -0.21875000, -0.00024412
0.30000000, 0.00000000, -0.30000000, -0.00000000
0.26250000, 0.03750000, -0.30000000, 0.00027517
0.22500000, 0.07500000, -0.30000000, 0.00056079
0.18750000, 0.11250000, -0.30000000, 0.00084021
0.15000000, 0.15000000, -0.30000000, 0.00109793
0.11250000, 0.18750000, -0.30000000, 0.00131092
0.07500000, 0.22500000, -0.30000000, 0.00144724
0.03750000, 0.26250000, -0.30000000, 0.00142169
0.00000000, 0.30000000, -0.30000000, 0.00079682
-0.03750000, 0.30000000, -0.26250000, -0.00117608
-0.07500000, 0.30000000, -0.22500000, -0.00215490
-0.11250000, 0.30000000, -0.18750000, -0.00271777
-0.15000000, 0.30000000, -0.15000000, -0.00298363
-0.18750000, 0.30000000, -0.11250000, -0.00298723
-0.22500000, 0.30000000, -0.07500000, -0.00271721
-0.26250000, 0.30000000, -0.03750000, -0.00208509
-0.30000000, 0.30000000, 0.00000000, -0.00060375
-0.30000000, 0.26250000, 0.03750000, 0.00032913
-0.30000000, 0.22500000, 0.07500000, 0.00063486
-0.30000000, 0.18750000, 0.11250000, 0.00073716
-0.30000000, 0.15000000, 0.15000000, 0.00072018
-0.30000000, 0.11250000, 0.18750000, 0.00061680
-0.30000000, 0.07500000, 0.22500000, 0.00045070
-0.30000000, 0.03750000, 0.26250000, 0.00023896
-0.30000000, 0.00000000, 0.30000000, -0.00000000
-0.26250000, -0.03750000, 0.30000000, -0.00023896
-0.22500000, -0.07500000, 0.30000000, -0.00045070
-0.18750000, -0.11250000, 0.30000000, -0.00061680
-0.15000000, -0.15000000, 0.30000000, -0.00072018
-0.11250000, -0.18750000, 0.30000000, -0.00073716
-0.07500000, -0.22500000, 0.30000000, -0.00063486
-0.03750000, -0.26250000, 0.30000000, -0.00032913
0.00000000, -0.30000000, 0.30000000, 0.00060375
0.03750000, -0.30000000, 0.26250000, 0.00208509
0.07500000, -0.30000000, 0.22500000, 0.00271721
0.11250000, -0.30000000, 0.18750000, 0.00298723
0.15000000, -0.30000000, 0.15000000, 0.00298363
0.18750000, -0.30000000, 0.11250000, 0.00271777
0.22500000, -0.30000000, 0.07500000, 0.00215490
0.26250000, -0.30000000, 0.03750000, 0.00117608
0.30000000, -0.30000000, 0.00000000, -0.00079682
0.30000000, -0.26250000, -0.03750000, -0.00142169
0.30000000, -0.22500000, -0.07500000, -0.00144724
0.30000000, -0.18750000, -0.11250000, -0.00131092
0.30000000, -0.15000000, -0.15000000, -0.00109793
0.30000000, -0.11250000, -0.18750000, -0.00084021
0.30000000, -0.07500000, -0.22500000, -0.00056079
0.30000000, -0.03750000, -0.26250000, -0.00027517
0.35000000, 0.00000000, -0.35000000, 0.00000000
0.30625000, 0.04375000, -0.35000000, 0.00027027
0.26250000, 0.08750000, -0.35000000, 0.00057180
0.21875000, 0.13125000, -0.35000000, 0.00088513
0.17500000, 0.17500000, -0.35000000, 0.00119258
0.13125000, 0.21875000, -0.35000000, 0.00146650
0.08750000, 0.26250000, -0.35000000, 0.00167211
0.04375000, 0.30625000, -0.35000000, 0.00173455
0.00000000, 0.35000000, -0.35000000, 0.00128425
-0.04375000, 0.35000000, -0.30625000, -0.00062689
-0.08750000, 0.35000000, -0.26250000, -0.00160530
-0.13125000, 0.35000000, -0.21875000, -0.00218242
-0.17500000, 0.35000000, -0.17500000, -0.00246751
-0.21875000, 0.35000000, -0.13125000, -0.00249600
-0.26250000, 0.35000000, -0.08750000, -0.00224905
-0.30625000, 0.35000000, -0.04375000, -0.00163477
-0.35000000, 0.35000000, 0.00000000, -0.00015124
-0.35000000, 0.30625000, 0.04375000, 0.00066806
-0.35000000, 0.26250000, 0.08750000, 0.00090778
-0.35000000, 0.21875000, 0.13125000, 0.00095595
-0.35000000, 0.17500000, 0.17500000, 0.00088584
-0.35000000, 0.13125000, 0.21875000, 0.00072983
-0.35000000, 0.08750000, 0.26250000, 0.00051524
-0.35000000, 0.04375000, 0.30625000, 0.00026349
-0.35000000, 0.00000000, 0.35000000, 0.00000000
-0.30625000, -0.04375000, 0.35000000, -0.00026349
-0.26250000, -0.08750000, 0.35000000, -0.00051524
-0.21875000, -0.13125000, 0.35000000, -0.00072983
-0.17500000, -0.17500000, 0.35000000, -0.00088584
-0.13125000, -0.21875000, 0.35000000, -0.00095595
-0.08750000, -0.26250000, 0.35000000, -0.00090778
-0.04375000, -0.30625000, 0.35000000, -0.00066806
0.00000000, -0.35000000, 0.35000000, 0.00015124
0.04375000, -0.35000000, 0.30625000, 0.00163477
0.08750000, -0.35000000, 0.26250000, 0.00224905
0.13125000, -0.35000000, 0.21875000, 0.00249600
0.17500000, -0.35000000, 0.17500000, 0.00246751
0.21875000, -0.35000000, 0.13125000, 0.00218242
0.26250000, -0.35000000, 0.08750000, 0.00160530
0.30625000, -0.35000000, 0.04375000, 0.00062689
0.35000000, -0.35000000, 0.00000000, -0.00128425
0.35000000, -0.30625000, -0.04375000, -0.00173455
0.35000000, -0.26250000, -0.08750000, -0.00167211
0.35000000, -0.21875000, -0.13125000, -0.00146650
0.35000000, -0.17500000, -0.17500000, -0.00119258
0.35000000, -0.13125000, -0.21875000, -0.00088513
0.35000000, -0.08750000, -0.26250000, -0.00057180
0.35000000, -0.04375000, -0.30625000, -0.00027027
0.40000000, 0.00000000, -0.40000000, 0.00000000
0.35000000, 0.05000000, -0.40000000, 0.00023644
0.30000000, 0.10000000, -0.40000000, 0.00052326
0.25000000, 0.15000000, -0.40000000, 0.00083797
0.20000000, 0.20000000, -0.40000000, 0.00115598
0.15000000, 0.25000000, -0.40000000, 0.00144542
0.10000000, 0.30000000, -0.40000000, 0.00166698
0.05000000, 0.35000000, -0.40000000, 0.00175337
0.00000000, 0.40000000, -0.40000000, 0.00142947
-0.05000000, 0.40000000, -0.35000000, -0.00022438
-0.10000000, 0.40000000, -0.30000000, -0.00110815
-0.15000000, 0.40000000, -0.25000000, -0.00164117
-0.20000000, 0.40000000, -0.20000000, -0.00191231
-0.25000000, 0.40000000, -0.15000000, -0.00194752
-0.30000000, 0.40000000, -0.10000000, -0.00172930
-0.35000000, 0.40000000, -0.05000000, -0.00117298
-0.40000000, 0.40000000, 0.00000000, 0.00016455
-0.40000000, 0.35000000, 0.05000000, 0.00083070
-0.40000000, 0.30000000, 0.10000000, 0.00102216
-0.40000000, 0.25000000, 0.15000000, 0.00104060
-0.40000000, 0.20000000, 0.20000000, 0.00094260
-0.40000000, 0.15000000, 0.25000000, 0.00075898
-0.40000000, 0.10000000, 0.30000000, 0.00052020
-0.40000000, 0.05000000, 0.35000000, 0.00025599
-0.40000000, 0.00000000, 0.40000000, 0.00000000
-0.35000000, -0.05000000, 0.40000000, -0.00025599
-0.30000000, -0.10000000, 0.40000000, -0.00052020
-0.25000000, -0.15000000, 0.40000000, -0.00075898
-0.20000000, -0.20000000, 0.40000000, -0.00094260
-0.15000000, -0.25000000, 0.40000000, -0.00104060
-0.10000000, -0.30000000, 0.40000000, -0.00102216
-0.05000000, -0.35000000, 0.40000000, -0.00083070
0.00000000, -0.40000000, 0.40000000, -0.00016455
0.05000000, -0.40000000, 0.35000000, 0.00117298
0.10000000, -0.40000000, 0.30000000, 0.00172930
0.15000000, -0.40000000, 0.25000000, 0.00194752
0.20000000, -0.40000000, 0.20000000, 0.00191231
0.25000000, -0.40000000, 0.15000000, 0.00164117
0.30000000, -0.40000000, 0.10000000, 0.00110815
0.35000000, -0.40000000, 0.05000000, 0.00022438
0.40000000, -0.40000000, 0.00000000, -0.00142947
0.40000000, -0.35000000, -0.05000000, -0.00175337
0.40000000, -0.30000000, -0.10000000, -0.00166698
0.40000000, -0.25000000, -0.15000000, -0.00144542
0.40000000, -0.20000000, -0.20000000, -0.00115598
0.40000000, -0.15000000, -0.25000000, -0.00083797
0.40000000, -0.10000000, -0.30000000, -0.00052326
0.40000000, -0.05000000, -0.35000000, -0.00023644
0.45000000, 0.00000000, -0.45000000, -0.00000000
0.39375000, 0.05625000, -0.45000000, 0.00018634
0.33750000, 0.11250000, -0.45000000, 0.00043532
0.28125000, 0.16875000, -0.45000000, 0.00072377
0.22500000, 0.22500000, -0.45000000, 0.00102070
0.16875000, 0.28125000, -0.45000000, 0.00128818
0.11250000, 0.33750000, -0.45000000, 0.00148103
0.05625000, 0.39375000, -0.45000000, 0.00153719
0.00000000, 0.45000000, -0.45000000, 0.00127572
-0.05625000, 0.45000000, -0.39375000, 0.00000180
-0.11250000, 0.45000000, -0.33750000, -0.00071554
-0.16875000, 0.45000000, -0.28125000, -0.00115651
-0.22500000, 0.45000000, -0.22500000, -0.00138342
-0.28125000, 0.45000000, -0.16875000, -0.00141150
-0.33750000, 0.45000000, -0.11250000, -0.00122836
-0.39375000, 0.45000000, -0.05625000, -0.00076776
-0.45000000, 0.45000000, 0.00000000, 0.00030185
-0.45000000, 0.39375000, 0.05625000, 0.00081592
-0.45000000, 0.33750000, 0.11250000, 0.00098299
-0.45000000, 0.28125000, 0.16875000, 0.00099712
-0.45000000, 0.22500000, 0.22500000, 0.00089633
-0.45000000, 0.16875000, 0.28125000, 0.00070973
-0.45000000, 0.11250000, 0.33750000, 0.00047217
-0.45000000, 0.05625000, 0.39375000, 0.00022217
-0.45000000, 0.00000000, 0.45000000, -0.00000000
-0.39375000, -0.05625000, 0.45000000, -0.00022217
-0.33750000, -0.11250000, 0.45000000, -0.00047217
-0.28125000, -0.16875000, 0.45000000, -0.00070973
-0.22500000, -0.22500000, 0.45000000, -0.00089633
-0.16875000, -0.28125000, 0.45000000, -0.00099712
-0.11250000, -0.33750000, 0.45000000, -0.00098299
-0.05625000, -0.39375000, 0.45000000, -0.00081592
0.00000000, -0.45000000, 0.45000000, -0.00030185
0.05625000, -0.45000000, 0.39375000, 0.00076776
0.11250000, -0.45000000, 0.33750000, 0.00122836
0.16875000, -0.45000000, 0.28125000, 0.00141150
0.22500000, -0.45000000, 0.22500000, 0.00138342
0.28125000, -0.45000000, 0.16875000, 0.00115651
0.33750000, -0.45000000, 0.11250000, 0.00071554
0.39375000, -0.45000000, 0.05625000, -0.00000180
0.45000000, -0.45000000, 0.00000000, -0.00127572
0.45000000, -0.39375000, -0.05625000, -0.00153719
0.45000000, -0.33750000, -0.11250000, -0.00148103
0.45000000, -0.28125000, -0.16875000, -0.00128818
0.45000000, -0.22500000, -0.22500000, -0.00102070
0.45000000, -0.16875000, -0.28125000, -0.00072377
0.45000000, -0.11250000, -0.33750000, -0.00043532
0.45000000, -0.05625000, -0.39375000, -0.00018634
0.50000000, 0.00000000, -0.50000000, -0.00000000
0.43750000, 0.06250000, -0.50000000, 0.00013285
0.37500000, 0.12500000, -0.50000000, 0.00033087
0.31250000, 0.18750000, -0.50000000, 0.00057418
0.25000000, 0.25000000, -0.50000000, 0.00082998
0.18750000, 0.31250000, -0.50000000, 0.00105297
0.12500000, 0.37500000, -0.50000000, 0.00119188
0.06250000, 0.43750000, -0.50000000, 0.00119215
0.00000000, 0.50000000, -0.50000000, 0.00095084
-0.06250000, 0.50000000, -0.43750000, 0.00007841
-0.12500000, 0.50000000, -0.37500000, -0.00044410
-0.18750000, 0.50000000, -0.31250000, -0.00077057
-0.25000000, 0.50000000, -0.25000000, -0.00093597
-0.31250000, 0.50000000, -0.18750000, -0.00095054
-0.37500000, 0.50000000, -0.12500000, -0.00080565
-0.43750000, 0.50000000, -0.06250000, -0.00046074
-0.50000000, 0.50000000, 0.00000000, 0.00029188
-0.50000000, 0.43750000, 0.06250000, 0.00067624
-0.50000000, 0.37500000, 0.12500000, 0.00083326
-0.50000000, 0.31250000, 0.18750000, 0.00085919
-0.50000000, 0.25000000, 0.25000000, 0.00077317
-0.50000000, 0.18750000, 0.31250000, 0.00060272
-0.50000000, 0.12500000, 0.37500000, 0.00038785
-0.50000000, 0.06250000, 0.43750000, 0.00017287
-0.50000000, 0.00000000, 0.50000000, -0.00000000
-0.43750000, -0.06250000, 0.50000000, -0.00017287
-0.37500000, -0.12500000, 0.50000000, -0.00038785
-0.31250000, -0.18750000, 0.50000000, -0.00060272
-0.25000000, -0.25000000, 0.50000000, -0.00077317
-0.18750000, -0.31250000, 0.50000000, -0.00085919
-0.12500000, -0.37500000, 0.50000000, -0.00083326
-0.06250000, -0.43750000, 0.50000000, -0.00067624
0.00000000, -0.50000000, 0.50000000, -0.00029188
0.06250000, -0.50000000, 0.43750000, 0.00046074
0.12500000, -0.50000000, 0.37500000, 0.00080565
0.18750000, -0.50000000, 0.31250000, 0.00095054
0.25000000, -0.50000000, 0.25000000, 0.00093597
0.31250000, -0.50000000, 0.18750000, 0.00077057
0.37500000, -0.50000000, 0.12500000, 0.00044410
0.43750000, -0.50000000, 0.06250000, -0.00007841
0.50000000, -0.50000000, 0.00000000, -0.00095084
0.50000000, -0.43750000, -0.06250000, -0.00119215
0.50000000, -0.37500000, -0.12500000, -0.00119188
0.50000000, -0.31250000, -0.18750000, -0.00105297
0.50000000, -0.25000000, -0.25000000, -0.00082998
0.50000000, -0.18750000, -0.31250000, -0.00057418
0.50000000, -0.12500000, -0.37500000, -0.00033087
0.50000000, -0.06250000, -0.43750000, -0.00013285
0.55000000, 0.00000000, -0.55000000, 0.00000000
0.48125000, 0.06875000, -0.55000000, 0.00008542
0.41250000, 0.13750000, -0.55000000, 0.00023006
0.34375000, 0.20625000, -0.55000000, 0.00042031
0.27500000, 0.27500000, -0.55000000, 0.00062478
0.20625000, 0.34375000, -0.55000000, 0.00079391
0.13750000, 0.41250000, -0.55000000, 0.00087406
0.06875000, 0.48125000, -0.55000000, 0.00082289
0.00000000, 0.55000000, -0.55000000, 0.00059738
-0.06875000, 0.55000000, -0.48125000, 0.00006708
-0.13750000, 0.55000000, -0.41250000, -0.00027748
-0.20625000, 0.55000000, -0.34375000, -0.00049653
-0.27500000, 0.55000000, -0.27500000, -0.00060193
-0.34375000, 0.55000000, -0.20625000, -0.00060122
-0.41250000, 0.55000000, -0.13750000, -0.00049094
-0.48125000, 0.55000000, -0.06875000, -0.00025594
-0.55000000, 0.55000000, 0.00000000, 0.00020684
-0.55000000, 0.48125000, 0.06875000, 0.00048407
-0.55000000, 0.41250000, 0.13750000, 0.00063053
-0.55000000, 0.34375000, 0.20625000, 0.00067162
-0.55000000, 0.27500000, 0.27500000, 0.00060905
-0.55000000, 0.20625000, 0.34375000, 0.00046710
-0.55000000, 0.13750000, 0.41250000, 0.00028873
-0.55000000, 0.06875000, 0.48125000, 0.00012026
-0.55000000, 0.00000000, 0.55000000, 0.00000000
-0.48125000, -0.06875000, 0.55000000, -0.00012026
-0.41250000, -0.13750000, 0.55000000, -0.00028873
-0.34375000, -0.20625000, 0.55000000, -0.00046710
-0.27500000, -0.27500000, 0.55000000, -0.00060905
-0.20625000, -0.34375000, 0.55000000, -0.00067162
-0.13750000, -0.41250000, 0.55000000, -0.00063053
-0.06875000, -0.48125000, 0.55000000, -0.00048407
0.00000000, -0.55000000, 0.55000000, -0.00020684
0.06875000, -0.55000000, 0.48125000, 0.00025594
0.13750000, -0.55000000, 0.41250000, 0.00049094
0.20625000, -0.55000000, 0.34375000, 0.00060122
0.27500000, -0.55000000, 0.27500000, 0.00060193
0.34375000, -0.55000000, 0.20625000, 0.00049653
0.41250000, -0.55000000, 0.13750000, 0.00027748
0.48125000, -0.55000000, 0.06875000, -0.00006708
0.55000000, -0.55000000, 0.00000000, -0.00059738
0.55000000, -0.48125000, -0.06875000, -0.00082289
0.55000000, -0.41250000, -0.13750000, -0.00087406
0.55000000, -0.34375000, -0.20625000, -0.00079391
0.55000000, -0.27500000, -0.27500000, -0.00062478
0.55000000, -0.20625000, -0.34375000, -0.00042031
0.55000000, -0.13750000, -0.41250000, -0.00023006
0.55000000, -0.06875000, -0.48125000, -0.00008542
0.60000000, 0.00000000, -0.60000000, 0.00000000
0.52500000, 0.07500000, -0.60000000, 0.00004907
0.45000000, 0.15000000, -0.60000000, 0.00014610
0.37500000, 0.22500000, -0.60000000, 0.00028451
0.30000000, 0.30000000, -0.60000000, 0.00043579
0.22500000, 0.37500000, -0.60000000, 0.00055197
0.15000000, 0.45000000, -0.60000000, 0.00058357
0.07500000, 0.52500000, -0.60000000, 0.00050408
0.00000000, 0.60000000, -0.60000000, 0.00031376
-0.07500000, 0.60000000, -0.52500000, 0.00002807
-0.15000000, 0.60000000, -0.45000000, -0.00018276
-0.22500000, 0.60000000, -0.37500000, -0.00032102
-0.30000000, 0.60000000, -0.30000000, -0.00038145
-0.37500000, 0.60000000, -0.22500000, -0.00036677
-0.45000000, 0.60000000, -0.15000000, -0.00028242
-0.52500000, 0.60000000, -0.07500000, -0.00013315
-0.60000000, 0.60000000, 0.00000000, 0.00011384
-0.60000000, 0.52500000, 0.07500000, 0.00030107
-0.60000000, 0.45000000, 0.15000000, 0.00042717
-0.60000000, 0.37500000, 0.22500000, 0.00047713
-0.60000000, 0.30000000, 0.30000000, 0.00043880
-0.60000000, 0.22500000, 0.37500000, 0.00033069
-0.60000000, 0.15000000, 0.45000000, 0.00019433
-0.60000000, 0.07500000, 0.52500000, 0.00007420
-0.60000000, 0.00000000, 0.60000000, 0.00000000
-0.52500000, -0.07500000, 0.60000000, -0.00007420
-0.45000000, -0.15000000, 0.60000000, -0.00019433
-0.37500000, -0.22500000, 0.60000000, -0.00033069
-0.30000000, -0.30000000, 0.60000000, -0.00043880
-0.22500000, -0.37500000, 0.60000000, -0.00047713
-0.15000000, -0.45000000, 0.60000000, -0.00042717
-0.07500000, -0.52500000, 0.60000000, -0.00030107
0.00000000, -0.60000000, 0.60000000, -0.00011384
0.07500000, -0.60000000, 0.52500000, 0.00013315
0.15000000, -0.60000000, 0.45000000, 0.00028242
0.22500000, -0.60000000, 0.37500000, 0.00036677
0.30000000, -0.60000000, 0.30000000, 0.00038145
0.37500000, -0.60000000, 0.22500000, 0.00032102
0.45000000, -0.60000000, 0.15000000, 0.00018276
0.52500000, -0.60000000, 0.07500000, -0.00002807
0.60000000, -0.60000000, 0.00000000, -0.00031376
0.60000000, -0.52500000, -0.07500000, -0.00050408
0.60000000, -0.45000000, -0.15000000, -0.00058357
0.60000000, -0.37500000, -0.22500000, -0.00055197
0.60000000, -0.30000000, -0.30000000, -0.00043579
0.60000000, -0.22500000, -0.37500000, -0.00028451
0.60000000, -0.15000000, -0.45000000, -0.00014610
0.60000000, -0.07500000, -0.52500000, -0.00004907
0.65000000, 0.00000000, -0.65000000, -0.00000000
0.56875000, 0.08125000, -0.65000000, 0.00002484
0.48750000, 0.16250000, -0.65000000, 0.00008422
0.40625000, 0.24375000, -0.65000000, 0.00017738
0.32500000, 0.32500000, -0.65000000, 0.00028067
0.24375000, 0.40625000, -0.65000000, 0.00035246
0.16250000, 0.48750000, -0.65000000, 0.00035293
0.08125000, 0.56875000, -0.65000000, 0.00027170
0.00000000, 0.65000000, -0.65000000, 0.00013447
-0.08125000, 0.65000000, -0.56875000, -0.00000268
-0.16250000, 0.65000000, -0.48750000, -0.00012767
-0.24375000, 0.65000000, -0.40625000, -0.00021574
-0.32500000, 0.65000000, -0.32500000, -0.00024906
-0.40625000, 0.65000000, -0.24375000, -0.00022473
-0.48750000, 0.65000000, -0.16250000, -0.00015761
-0.56875000, 0.65000000, -0.08125000, -0.00006577
-0.65000000, 0.65000000, 0.00000000, 0.00004858
-0.65000000, 0.56875000, 0.08125000, 0.00016227
-0.65000000, 0.48750000, 0.16250000, 0.00025845
-0.65000000, 0.40625000, 0.24375000, 0.00030730
-0.65000000, 0.32500000, 0.32500000, 0.00028835
-0.65000000, 0.24375000, 0.40625000, 0.00021300
-0.65000000, 0.16250000, 0.48750000, 0.00011743
-0.65000000, 0.08125000, 0.56875000, 0.00004007
-0.65000000, 0.00000000, 0.65000000, -0.00000000
-0.56875000, -0.08125000, 0.65000000, -0.00004007
-0.48750000, -0.16250000, 0.65000000, -0.00011743
-0.40625000, -0.24375000, 0.65000000, -0.00021300
-0.32500000, -0.32500000, 0.65000000, -0.00028835
-0.24375000, -0.40625000, 0.65000000, -0.00030730
-0.16250000, -0.48750000, 0.65000000, -0.00025845
-0.08125000, -0.56875000, 0.65000000, -0.00016227
0.00000000, -0.65000000, 0.65000000, -0.00004858
0.08125000, -0.65000000, 0.56875000, 0.00006577
0.16250000, -0.65000000, 0.48750000, 0.00015761
0.24375000, -0.65000000, 0.40625000, 0.00022473
0.32500000, -0.65000000, 0.32500000, 0.00024906
0.40625000, -0.65000000, 0.24375000, 0.00021574
0.48750000, -0.65000000, 0.16250000, 0.00012767
0.56875000, -0.65000000, 0.08125000, 0.00000268
0.65000000, -0.65000000, 0.00000000, -0.00013447
0.65000000, -0.56875000, -0.08125000, -0.00027170
0.65000000, -0.48750000, -0.16250000, -0.00035293
0.65000000, -0.40625000, -0.24375000, -0.00035246
0.65000000, -0.32500000, -0.32500000, -0.00028067
0.65000000, -0.24375000, -0.40625000, -0.00017738
0.65000000, -0.16250000, -0.48750000, -0.00008422
0.65000000, -0.08125000, -0.56875000, -0.00002484
0.70000000, 0.00000000, -0.70000000, -0.00000000
0.61250000, 0.08750000, -0.70000000, 0.00001094
0.52500000, 0.17500000, -0.70000000, 0.00004345
0.43750000, 0.26250000, -0.70000000, 0.00010045
0.35000000, 0.35000000, -0.70000000, 0.00016541
0.26250000, 0.43750000, -0.70000000, 0.00020520
0.17500000, 0.52500000, -0.70000000, 0.00019176
0.08750000, 0.61250000, -0.70000000, 0.00012752
0.00000000, 0.70000000, -0.70000000, 0.00004503
-0.08750000, 0.70000000, -0.61250000, -0.00001509
-0.17500000, 0.70000000, -0.52500000, -0.00009014
-0.26250000, 0.70000000, -0.43750000, -0.00015104
-0.35000000, 0.70000000, -0.35000000, -0.00017070
-0.43750000, 0.70000000, -0.26250000, -0.00014274
-0.52500000, 0.70000000, -0.17500000, -0.00008771
-0.61250000, 0.70000000, -0.08750000, -0.00003136
-0.70000000, 0.70000000, 0.00000000, 0.00001567
-0.70000000, 0.61250000, 0.08750000, 0.00007542
-0.70000000, 0.52500000, 0.17500000, 0.00013879
-0.70000000, 0.43750000, 0.26250000, 0.00017832
-0.70000000, 0.35000000, 0.35000000, 0.00017152
-0.70000000, 0.26250000, 0.43750000, 0.00012346
-0.70000000, 0.17500000, 0.52500000, 0.00006287
-0.70000000, 0.08750000, 0.61250000, 0.00001858
-0.70000000, 0.00000000, 0.70000000, -0.00000000
-0.61250000, -0.08750000, 0.70000000, -0.00001858
-0.52500000, -0.17500000, 0.70000000, -0.00006287
-0.43750000, -0.26250000, 0.70000000, -0.00012346
-0.35000000, -0.35000000, 0.70000000, -0.00017152
-0.26250000, -0.43750000, 0.70000000, -0.00017832
-0.17500000, -0.52500000, 0.70000000, -0.00013879
-0.08750000, -0.61250000, 0.70000000, -0.00007542
0.00000000, -0.70000000, 0.70000000, -0.00001567
0.08750000, -0.70000000, 0.61250000, 0.00003136
0.17500000, -0.70000000, 0.52500000, 0.00008771
0.26250000, -0.70000000, 0.43750000, 0.00014274
0.35000000, -0.70000000, 0.35000000, 0.00017070
0.43750000, -0.70000000, 0.26250000, 0.00015104
0.52500000, -0.70000000, 0.17500000, 0.00009014
0.61250000, -0.70000000, 0.08750000, 0.00001509
0.70000000, -0.70000000, 0.00000000, -0.00004503
0.70000000, -0.61250000, -0.08750000, -0.00012752
0.70000000, -0.52500000, -0.17500000, -0.00019176
0.70000000, -0.43750000, -0.26250000, -0.00020520
0.70000000, -0.35000000, -0.35000000, -0.00016541
0.70000000, -0.26250000, -0.43750000, -0.00010045
0.70000000, -0.17500000, -0.52500000, -0.00004345
0.70000000, -0.08750000, -0.61250000, -0.00001094
0.75000000, 0.00000000, -0.75000000, 0.00000000
0.65625000, 0.09375000, -0.75000000, 0.00000416
0.56250000, 0.18750000, -0.75000000, 0.00001958
0.46875000, 0.28125000, -0.75000000, 0.00005042
0.37500000, 0.37500000, -0.75000000, 0.00008759
0.28125000, 0.46875000, -0.75000000, 0.00010723
0.18750000, 0.56250000, -0.75000000, 0.00009214
0.09375000, 0.65625000, -0.75000000, 0.00005153
0.00000000, 0.75000000, -0.75000000, 0.00001102
-0.09375000, 0.75000000, -0.65625000, -0.00001399
-0.18750000, 0.75000000, -0.56250000, -0.00005980
-0.28125000, 0.75000000, -0.46875000, -0.00010550
-0.37500000, 0.75000000, -0.37500000, -0.00011914
-0.46875000, 0.75000000, -0.28125000, -0.00009278
-0.56250000, 0.75000000, -0.18750000, -0.00004854
-0.65625000, 0.75000000, -0.09375000, -0.00001441
-0.75000000, 0.75000000, 0.00000000, 0.00000378
-0.75000000, 0.65625000, 0.09375000, 0.00003012
-0.75000000, 0.56250000, 0.18750000, 0.00006529
-0.75000000, 0.46875000, 0.28125000, 0.00009194
-0.75000000, 0.37500000, 0.37500000, 0.00009092
-0.75000000, 0.28125000, 0.46875000, 0.00006319
-0.75000000, 0.18750000, 0.56250000, 0.00002919
-0.75000000, 0.09375000, 0.65625000, 0.00000723
-0.75000000, 0.00000000, 0.75000000, 0.00000000
-0.65625000, -0.09375000, 0.75000000, -0.00000723
-0.56250000, -0.18750000, 0.75000000, -0.00002919
-0.46875000, -0.28125000, 0.75000000, -0.00006319
-0.37500000, -0.37500000, 0.75000000, -0.00009092
-0.28125000, -0.46875000, 0.75000000, -0.00009194
-0.18750000, -0.56250000, 0.75000000, -0.00006529
-0.09375000, -0.65625000, 0.75000000, -0.00003012
0.00000000, -0.75000000, 0.75000000, -0.00000378
0.09375000, -0.75000000, 0.65625000, 0.00001441
0.18750000, -0.75000000, 0.56250000, 0.00004854
0.28125000, -0.75000000, 0.46875000, 0.00009278
0.37500000, -0.75000000, 0.37500000, 0.00011914
0.46875000, -0.75000000, 0.28125000, 0.00010550
0.56250000, -0.75000000, 0.18750000, 0.00005980
0.65625000, -0.75000000, 0.09375000, 0.00001399
0.75000000, -0.75000000, 0.00000000, -0.00001102
0.75000000, -0.65625000, -0.09375000, -0.00005153
0.75000000, -0.56250000, -0.18750000, -0.00009214
0.75000000, -0.46875000, -0.28125000, -0.00010723
0.75000000, -0.37500000, -0.37500000, -0.00008759
0.75000000, -0.28125000, -0.46875000, -0.00005042
0.75000000, -0.18750000, -0.56250000, -0.00001958
0.75000000, -0.09375000, -0.65625000, -0.00000416
0.80000000, 0.00000000, -0.80000000, 0.00000000
0.70000000, 0.10000000, -0.80000000, 0.00000135
0.60000000, 0.20000000, -0.80000000, 0.00000748
0.50000000, 0.30000000, -0.80000000, 0.00002183
0.40000000, 0.40000000, -0.80000000, 0.00004027
0.30000000, 0.50000000, -0.80000000, 0.00004835
0.20000000, 0.60000000, -0.80000000, 0.00003751
0.10000000, 0.70000000, -0.80000000, 0.00001729
0.00000000, 0.80000000, -0.80000000, 0.00000178
-0.10000000, 0.80000000, -0.70000000, -0.00000772
-0.20000000, 0.80000000, -0.60000000, -0.00003458
-0.30000000, 0.80000000, -0.50000000, -0.00006879
-0.40000000, 0.80000000, -0.40000000, -0.00007982
-0.50000000, 0.80000000, -0.30000000, -0.00005805
-0.60000000, 0.80000000, -0.20000000, -0.00002517
-0.70000000, 0.80000000, -0.10000000, -0.00000574
-0.80000000, 0.80000000, 0.00000000, 0.00000065
-0.80000000, 0.70000000, 0.10000000, 0.00001008
-0.80000000, 0.60000000, 0.20000000, 0.00002593
-0.80000000, 0.50000000, 0.30000000, 0.00004068
-0.80000000, 0.40000000, 0.40000000, 0.00004163
-0.80000000, 0.30000000, 0.50000000, 0.00002777
-0.80000000, 0.20000000, 0.60000000, 0.00001140
-0.80000000, 0.10000000, 0.70000000, 0.00000229
-0.80000000, 0.00000000, 0.80000000, 0.00000000
-0.70000000, -0.10000000, 0.80000000, -0.00000229
-0.60000000, -0.20000000, 0.80000000, -0.00001140
-0.50000000, -0.30000000, 0.80000000, -0.00002777
-0.40000000, -0.40000000, 0.80000000, -0.00004163
-0.30000000, -0.50000000, 0.80000000, -0.00004068
-0.20000000, -0.60000000, 0.80000000, -0.00002593
-0.10000000, -0.70000000, 0.80000000, -0.00001008
0.00000000, -0.80000000, 0.80000000, -0.00000065
0.10000000, -0.80000000, 0.70000000, 0.00000574
0.20000000, -0.80000000, 0.60000000, 0.00002517
0.30000000, -0.80000000, 0.50000000, 0.00005805
0.40000000, -0.80000000, 0.40000000, 0.00007982
0.50000000, -0.80000000, 0.30000000, 0.00006879
0.60000000, -0.80000000, 0.20000000, 0.00003458
0.70000000, -0.80000000, 0.10000000, 0.00000772
0.80000000, -0.80000000, 0.00000000, -0.00000178
0.80000000, -0.70000000, -0.10000000, -0.00001729
0.80000000, -0.60000000, -0.20000000, -0.00003751
0.80000000, -0.50000000, -0.30000000, -0.00004835
0.80000000, -0.40000000, -0.40000000, -0.00004027
0.80000000, -0.30000000, -0.50000000, -0.00002183
0.80000000, -0.20000000, -0.60000000, -0.00000748
0.80000000, -0.10000000, -0.70000000, -0.00000135
0.85000000, 0.00000000, -0.85000000, -0.00000000
0.74375000, 0.10625000, -0.85000000, 0.00000032
0.63750000, 0.21250000, -0.85000000, 0.00000237
0.53125000, 0.31875000, -0.85000000, 0.00000796
0.42500000, 0.42500000, -0.85000000, 0.00001501
0.31875000, 0.53125000, -0.85000000, 0.00001712
0.21250000, 0.63750000, -0.85000000, 0.00001149
0.10625000, 0.74375000, -0.85000000, 0.00000400
0.00000000, 0.85000000, -0.85000000, 0.00000012
-0.10625000, 0.85000000, -0.74375000, -0.00000231
-0.21250000, 0.85000000, -0.63750000, -0.00001607
-0.31875000, 0.85000000, -0.53125000, -0.00003888
-0.42500000, 0.85000000, -0.42500000, -0.00004787
-0.53125000, 0.85000000, -0.31875000, -0.00003212
-0.63750000, 0.85000000, -0.21250000, -0.00001099
-0.74375000, 0.85000000, -0.10625000, -0.00000134
-0.85000000, 0.85000000, 0.00000000, -0.00000007
-0.85000000, 0.74375000, 0.10625000, 0.00000239
-0.85000000, 0.63750000, 0.21250000, 0.00000780
-0.85000000, 0.53125000, 0.31875000, 0.00001419
-0.85000000, 0.42500000, 0.42500000, 0.00001541
-0.85000000, 0.31875000, 0.53125000, 0.00001003
-0.85000000, 0.21250000, 0.63750000, 0.00000358
-0.85000000, 0.10625000, 0.74375000, 0.00000057
-0.85000000, 0.00000000, 0.85000000, -0.00000000
-0.74375000, -0.10625000, 0.85000000, -0.00000057
-0.63750000, -0.21250000, 0.85000000, -0.00000358
-0.53125000, -0.31875000, 0.85000000, -0.00001003
-0.42500000, -0.42500000, 0.85000000, -0.00001541
-0.31875000, -0.53125000, 0.85000000, -0.00001419
-0.21250000, -0.63750000, 0.85000000, -0.00000780
-0.10625000, -0.74375000, 0.85000000, -0.00000239
0.00000000, -0.85000000, 0.85000000, 0.00000007
0.10625000, -0.85000000, 0.74375000, 0.00000134
0.21250000, -0.85000000, 0.63750000, 0.00001099
0.31875000, -0.85000000, 0.53125000, 0.00003212
0.42500000, -0.85000000, 0.42500000, 0.00004787
0.53125000, -0.85000000, 0.31875000, 0.00003888
0.63750000, -0.85000000, 0.21250000, 0.00001607
0.74375000, -0.85000000, 0.10625000, 0.00000231
0.85000000, -0.85000000, 0.00000000, -0.00000012
0.85000000, -0.74375000, -0.10625000, -0.00000400
0.85000000, -0.63750000, -0.21250000, -0.00001149
0.85000000, -0.53125000, -0.31875000, -0.00001712
0.85000000, -0.42500000, -0.42500000, -0.00001501
0.85000000, -0.31875000, -0.53125000, -0.00000796
0.85000000, -0.21250000, -0.63750000, -0.00000237
0.85000000, -0.10625000, -0.74375000, -0.00000032
0.90000000, 0.00000000, -0.90000000, -0.00000000
0.78750000, 0.11250000, -0.90000000, 0.00000003
0.67500000, 0.22500000, -0.90000000, 0.00000055
0.56250000, 0.33750000, -0.90000000, 0.00000212
0.45000000, 0.45000000, -0.90000000, 0.00000391
0.33750000, 0.56250000, -0.90000000, 0.00000404
0.22500000, 0.67500000, -0.90000000, 0.00000217
0.11250000, 0.78750000, -0.90000000, 0.00000037
0.00000000, 0.90000000, -0.90000000, 0.00000000
-0.11250000, 0.90000000, -0.78750000, -0.00000023
-0.22500000, 0.90000000, -0.67500000, -0.00000546
-0.33750000, 0.90000000, -0.56250000, -0.00001713
-0.45000000, 0.90000000, -0.45000000, -0.00002269
-0.56250000, 0.90000000, -0.33750000, -0.00001397
-0.67500000, 0.90000000, -0.22500000, -0.00000361
-0.78750000, 0.90000000, -0.11250000, -0.00000004
-0.90000000, 0.90000000, 0.00000000, -0.00000004
-0.90000000, 0.78750000, 0.11250000, 0.00000025
-0.90000000, 0.67500000, 0.22500000, 0.00000145
-0.90000000, 0.56250000, 0.33750000, 0.00000332
-0.90000000, 0.45000000, 0.45000000, 0.00000397
-0.90000000, 0.33750000, 0.56250000, 0.00000258
-0.90000000, 0.22500000, 0.67500000, 0.00000079
-0.90000000, 0.11250000, 0.78750000, 0.00000009
-0.90000000, 0.00000000, 0.90000000, -0.00000000
-0.78750000, -0.11250000, 0.90000000, -0.00000009
-0.67500000, -0.22500000, 0.90000000, -0.00000079
-0.56250000, -0.33750000, 0.90000000, -0.00000258
-0.45000000, -0.45000000, 0.90000000, -0.00000397
-0.33750000, -0.56250000, 0.90000000, -0.00000332
-0.22500000, -0.67500000, 0.90000000, -0.00000145
-0.11250000, -0.78750000, 0.90000000, -0.00000025
0.00000000, -0.90000000, 0.90000000, 0.00000004
0.11250000, -0.90000000, 0.78750000, 0.00000004
0.22500000, -0.90000000, 0.67500000, 0.00000361
0.33750000, -0.90000000, 0.56250000, 0.00001397
0.45000000, -0.90000000, 0.45000000, 0.00002269
0.56250000, -0.90000000, 0.33750000, 0.00001713
0.67500000, -0.90000000, 0.22500000, 0.00000546
0.78750000, -0.90000000, 0.11250000, 0.00000023
0.90000000, -0.90000000, 0.00000000, -0.00000000
0.90000000, -0.78750000, -0.11250000, -0.00000037
0.90000000, -0.67500000, -0.22500000, -0.00000217
0.90000000, -0.56250000, -0.33750000, -0.00000404
0.90000000, -0.45000000, -0.45000000, -0.00000391
0.90000000, -0.33750000, -0.56250000, -0.00000212
0.90000000, -0.22500000, -0.67500000, -0.00000055
0.90000000, -0.11250000, -0.78750000, -0.00000003
0.95000000, 0.00000000, -0.95000000, 0.00000000
0.83125000, 0.11875000, -0.95000000, 0.00000002
0.71250000, 0.23750000, -0.95000000, 0.00000000
0.59375000, 0.35625000, -0.95000000, 0.00000006
0.47500000, 0.47500000, -0.95000000, 0.00000046
0.35625000, 0.59375000, -0.95000000, 0.00000065
0.23750000, 0.71250000, -0.95000000, 0.00000047
0.11875000, 0.83125000, -0.95000000, 0.00000031
0.00000000, 0.95000000, -0.95000000, 0.00000004
-0.11875000, 0.95000000, -0.83125000, -0.00000024
-0.23750000, 0.95000000, -0.71250000, -0.00000114
-0.35625000, 0.95000000, -0.59375000, -0.00000437
-0.47500000, 0.95000000, -0.47500000, -0.00000596
-0.59375000, 0.95000000, -0.35625000, -0.00000351
-0.71250000, 0.95000000, -0.23750000, -0.00000077
-0.83125000, 0.95000000, -0.11875000, -0.00000023
-0.95000000, 0.95000000, 0.00000000, 0.00000008
-0.95000000, 0.83125000, 0.11875000, 0.00000018
-0.95000000, 0.71250000, 0.23750000, 0.00000029
-0.95000000, 0.59375000, 0.35625000, 0.00000048
-0.95000000, 0.47500000, 0.47500000, 0.00000047
-0.95000000, 0.35625000, 0.59375000, 0.00000019
-0.95000000, 0.23750000, 0.71250000, 0.00000004
-0.95000000, 0.11875000, 0.83125000, 0.00000001
-0.95000000, 0.00000000, 0.95000000, 0.00000000
-0.83125000, -0.11875000, 0.95000000, -0.00000001
-0.71250000, -0.23750000, 0.95000000, -0.00000004
-0.59375000, -0.35625000, 0.95000000, -0.00000019
-0.47500000, -0.47500000, 0.95000000, -0.00000047
-0.35625000, -0.59375000, 0.95000000, -0.00000048
-0.23750000, -0.71250000, 0.95000000, -0.00000029
-0.11875000, -0.83125000, 0.95000000, -0.00000018
0.00000000, -0.95000000, 0.95000000, -0.00000008
0.11875000, -0.95000000, 0.83125000, 0.00000023
0.23750000, -0.95000000, 0.71250000, 0.00000077
0.35625000, -0.95000000, 0.59375000, 0.00000351
0.47500000, -0.95000000, 0.47500000, 0.00000596
0.59375000, -0.95000000, 0.35625000, 0.00000437
0.71250000, -0.95000000, 0.23750000, 0.00000114
0.83125000, -0.95000000, 0.11875000, 0.00000024
0.95000000, -0.95000000, 0.00000000, -0.00000004
0.95000000, -0.83125000, -0.11875000, -0.00000031
0.95000000, -0.71250000, -0.23750000, -0.00000047
0.95000000, -0.59375000, -0.35625000, -0.00000065
0.95000000, -0.47500000, -0.47500000, -0.00000046
0.95000000, -0.35625000, -0.59375000, -0.00000006
0.95000000, -0.23750000, -0.71250000, -0.00000000
0.95000000, -0.11875000, -0.83125000, -0.00000002
1.00000000, 0.00000000, -1.00000000, 0.00000000
0.87500000, 0.12500000, -1.00000000, 0.00000000
0.75000000, 0.25000000, -1.00000000, 0.00000000
0.62500000, 0.37500000, -1.00000000, 0.00000000
0.50000000, 0.50000000, -1.00000000, 0.00000000
0.37500000, 0.62500000, -1.00000000, 0.00000000
0.25000000, 0.75000000, -1.00000000, 0.00000000
0.12500000, 0.87500000, -1.00000000, 0.00000000
0.00000000, 1.00000000, -1.00000000, 0.00000000
-0.12500000, 1.00000000, -0.87500000, 0.00000000
-0.25000000, 1.00000000, -0.75000000, 0.00000000
-0.37500000, 1.00000000, -0.62500000, 0.00000000
-0.50000000, 1.00000000, -0.50000000, 0.00000000
-0.62500000, 1.00000000, -0.37500000, 0.00000000
-0.75000000, 1.00000000, -0.25000000, 0.00000000
-0.87500000, 1.00000000, -0.12500000, 0.00000000
-1.00000000, 1.00000000, 0.00000000, 0.00000000
-1.00000000, 0.87500000, 0.12500000, 0.00000000
-1.00000000, 0.75000000, 0.25000000, 0.00000000
-1.00000000, 0.62500000, 0.37500000, 0.00000000
-1.00000000, 0.50000000, 0.50000000, 0.00000000
-1.00000000, 0.37500000, 0.62500000, 0.00000000
-1.00000000, 0.25000000, 0.75000000, 0.00000000
-1.00000000, 0.12500000, 0.87500000, 0.00000000
-1.00000000, 0.00000000, 1.00000000, 0.00000000
-0.87500000, -0.12500000, 1.00000000, 0.00000000
-0.75000000, -0.25000000, 1.00000000, 0.00000000
-0.62500000, -0.37500000, 1.00000000, 0.00000000
-0.50000000, -0.50000000, 1.00000000, 0.00000000
-0.37500000, -0.62500000, 1.00000000, 0.00000000
-0.25000000, -0.75000000, 1.00000000, 0.00000000
-0.12500000, -0.87500000, 1.00000000, 0.00000000
0.00000000, -1.00000000, 1.00000000, 0.00000000
0.12500000, -1.00000000, 0.87500000, 0.00000000
0.25000000, -1.00000000, 0.75000000, 0.00000000
0.37500000, -1.00000000, 0.62500000, 0.00000000
0.50000000, -1.00000000, 0.50000000, 0.00000000
0.62500000, -1.00000000, 0.37500000, 0.00000000
0.75000000, -1.00000000, 0.25000000, 0.00000000
0.87500000, -1.00000000, 0.12500000, 0.00000000
1.00000000, -1.00000000, 0.00000000, 0.00000000
1.00000000, -0.87500000, -0.12500000, 0.00000000
1.00000000, -0.75000000, -0.25000000, 0.00000000
1.00000000, -0.62500000, -0.37500000, 0.00000000
1.00000000, -0.50000000, -0.50000000, 0.00000000
1.00000000, -0.37500000, -0.62500000, 0.00000000
1.00000000, -0.25000000, -0.75000000, 0.00000000
1.00000000, -0.12500000, -0.87500000, 0.00000000
