0.01000000, 0.00000000, -0.01000000, -0.09017504
0.00000000, 0.01000000, -0.01000000, -0.29424378
-0.00125000, 0.01000000, -0.00875000, -0.32191035
-0.00250000, 0.01000000, -0.00750000, -0.22689572
-0.00375000, 0.01000000, -0.00625000, -0.09459430
-0.00500000, 0.01000000, -0.00500000, 0.05284395
-0.00625000, 0.01000000, -0.00375000, 0.19258796
-0.00750000, 0.01000000, -0.00250000, 0.30237383
-0.00875000, 0.01000000, -0.00125000, 0.35995567
-0.01000000, 0.01000000, 0.00000000, 0.28220817
-0.01000000, 0.00875000, 0.00125000, 0.19844313
-0.01000000, 0.00750000, 0.00250000, 0.16529167
-0.01000000, 0.00625000, 0.00375000, 0.14532982
-0.01000000, 0.00500000, 0.00500000, 0.12804274
-0.01000000, 0.00375000, 0.00625000, 0.11570038
-0.01000000, 0.00250000, 0.00750000, 0.10332431
-0.01000000, 0.00125000, 0.00875000, 0.09474962
-0.01000000, 0.00000000, 0.01000000, 0.08660835
0.00000000, -0.01000000, 0.01000000, 0.28220817
0.00125000, -0.01000000, 0.00875000, 0.35995567
0.00250000, -0.01000000, 0.00750000, 0.30237383
0.00375000, -0.01000000, 0.00625000, 0.19258796
0.00500000, -0.01000000, 0.00500000, 0.05284395
0.00625000, -0.01000000, 0.00375000, -0.09459430
0.00750000, -0.01000000, 0.00250000, -0.22689572
0.00875000, -0.01000000, 0.00125000, -0.32191035
0.01000000, -0.01000000, 0.00000000, -0.29424378
0.01000000, -0.00875000, -0.00125000, -0.20715569
0.01000000, -0.00750000, -0.00250000, -0.17229936
0.01000000, -0.00625000, -0.00375000, -0.15142170
0.01000000, -0.00500000, -0.00500000, -0.13312934
0.01000000, -0.00375000, -0.00625000, -0.12023979
0.01000000, -0.00250000, -0.00750000, -0.10731590
0.01000000, -0.00125000, -0.00875000, -0.09853163
0.02000000, 0.00000000, -0.02000000, -0.04067808
0.01750000, 0.00250000, -0.02000000, -0.04419096
0.01500000, 0.00500000, -0.02000000, -0.04837528
0.01250000, 0.00750000, -0.02000000, -0.05379971
0.01000000, 0.01000000, -0.02000000, -0.05967926
0.00750000, 0.01250000, -0.02000000, -0.06773564
0.00500000, 0.01500000, -0.02000000, -0.07760625
0.00250000, 0.01750000, -0.02000000, -0.09291577
0.00000000, 0.02000000, -0.02000000, -0.13134269
-0.00250000, 0.02000000, -0.01750000, -0.14121570
-0.00500000, 0.02000000, -0.01500000, -0.09875298
-0.00750000, 0.02000000, -0.01250000, -0.03847252
-0.01000000, 0.02000000, -0.01000000, 0.02596923
-0.01250000, 0.02000000, -0.00750000, 0.08652461
-0.01500000, 0.02000000, -0.00500000, 0.13536993
-0.01750000, 0.02000000, -0.00250000, 0.15891972
-0.02000000, 0.02000000, 0.00000000, 0.12367204
-0.02000000, 0.01750000, 0.00250000, 0.08695378
-0.02000000, 0.01500000, 0.00500000, 0.07253669
-0.02000000, 0.01250000, 0.00750000, 0.06330181
-0.02000000, 0.01000000, 0.01000000, 0.05579370
-0.02000000, 0.00750000, 0.01250000, 0.05025307
-0.02000000, 0.00500000, 0.01500000, 0.04514581
-0.02000000, 0.00250000, 0.01750000, 0.04111751
-0.02000000, 0.00000000, 0.02000000, 0.03772362
-0.01750000, -0.00250000, 0.02000000, 0.04111751
-0.01500000, -0.00500000, 0.02000000, 0.04514581
-0.01250000, -0.00750000, 0.02000000, 0.05025307
-0.01000000, -0.01000000, 0.02000000, 0.05579370
-0.00750000, -0.01250000, 0.02000000, 0.06330181
-0.00500000, -0.01500000, 0.02000000, 0.07253669
-0.00250000, -0.01750000, 0.02000000, 0.08695378
0.00000000, -0.02000000, 0.02000000, 0.12367204
0.00250000, -0.02000000, 0.01750000, 0.15891972
0.00500000, -0.02000000, 0.01500000, 0.13536993
0.00750000, -0.02000000, 0.01250000, 0.08652461
0.01000000, -0.02000000, 0.01000000, 0.02596923
0.01250000, -0.02000000, 0.00750000, -0.03847252
0.01500000, -0.02000000, 0.00500000, -0.09875298
0.01750000, -0.02000000, 0.00250000, -0.14121570
0.02000000, -0.02000000, 0.00000000, -0.13134269
0.02000000, -0.01750000, -0.00250000, -0.09291577
0.02000000, -0.01500000, -0.00500000, -0.07760625
0.02000000, -0.01250000, -0.00750000, -0.06773564
0.02000000, -0.01000000, -0.01000000, -0.05967926
0.02000000, -0.00750000, -0.01250000, -0.05379971
0.02000000, -0.00500000, -0.01500000, -0.04837528
0.02000000, -0.00250000, -0.01750000, -0.04419096
0.03000000, 0.00000000, -0.03000000, -0.02585623
0.02625000, 0.00375000, -0.03000000, -0.02802860
0.02250000, 0.00750000, -0.03000000, -0.03072817
0.01875000, 0.01125000, -0.03000000, -0.03426649
0.01500000, 0.01500000, -0.03000000, -0.03833432
0.01125000, 0.01875000, -0.03000000, -0.04335116
0.00750000, 0.02250000, -0.03000000, -0.04982991
0.00375000, 0.02625000, -0.03000000, -0.05986140
0.00000000, 0.03000000, -0.03000000, -0.08477658
-0.00375000, 0.03000000, -0.02625000, -0.09018445
-0.00750000, 0.03000000, -0.02250000, -0.06269293
-0.01125000, 0.03000000, -0.01875000, -0.02420454
-0.01500000, 0.03000000, -0.01500000, 0.01704330
-0.01875000, 0.03000000, -0.01125000, 0.05569921
-0.02250000, 0.03000000, -0.00750000, 0.08645467
-0.02625000, 0.03000000, -0.00375000, 0.10116471
-0.03000000, 0.03000000, 0.00000000, 0.07862243
-0.03000000, 0.02625000, 0.00375000, 0.05495612
-0.03000000, 0.02250000, 0.00750000, 0.04559281
-0.03000000, 0.01875000, 0.01125000, 0.03959564
-0.03000000, 0.01500000, 0.01500000, 0.03496109
-0.03000000, 0.01125000, 0.01875000, 0.03119962
-0.03000000, 0.00750000, 0.02250000, 0.02792138
-0.03000000, 0.00375000, 0.02625000, 0.02535711
-0.03000000, 0.00000000, 0.03000000, 0.02327763
-0.02625000, -0.00375000, 0.03000000, 0.02535711
-0.02250000, -0.00750000, 0.03000000, 0.02792138
-0.01875000, -0.01125000, 0.03000000, 0.03119962
-0.01500000, -0.01500000, 0.03000000, 0.03496109
-0.01125000, -0.01875000, 0.03000000, 0.03959564
-0.00750000, -0.02250000, 0.03000000, 0.04559281
-0.00375000, -0.02625000, 0.03000000, 0.05495612
0.00000000, -0.03000000, 0.03000000, 0.07862243
0.00375000, -0.03000000, 0.02625000, 0.10116471
0.00750000, -0.03000000, 0.02250000, 0.08645467
0.01125000, -0.03000000, 0.01875000, 0.05569921
0.01500000, -0.03000000, 0.01500000, 0.01704330
0.01875000, -0.03000000, 0.01125000, -0.02420454
0.02250000, -0.03000000, 0.00750000, -0.06269293
0.02625000, -0.03000000, 0.00375000, -0.09018445
0.03000000, -0.03000000, 0.00000000, -0.08477658
0.03000000, -0.02625000, -0.00375000, -0.05986140
0.03000000, -0.02250000, -0.00750000, -0.04982991
0.03000000, -0.01875000, -0.01125000, -0.04335116
0.03000000, -0.01500000, -0.01500000, -0.03833432
0.03000000, -0.01125000, -0.01875000, -0.03426649
0.03000000, -0.00750000, -0.02250000, -0.03072817
0.03000000, -0.00375000, -0.02625000, -0.02802860
0.04000000, 0.00000000, -0.04000000, -0.01883356
0.03500000, 0.00500000, -0.04000000, -0.02042692
0.03000000, 0.01000000, -0.04000000, -0.02255351
0.02500000, 0.01500000, -0.04000000, -0.02517189
0.02000000, 0.02000000, -0.04000000, -0.02827827
0.01500000, 0.02500000, -0.04000000, -0.03216948
0.01000000, 0.03000000, -0.04000000, -0.03722301
0.00500000, 0.03500000, -0.04000000, -0.04493110
0.00000000, 0.04000000, -0.04000000, -0.06391625
-0.00500000, 0.04000000, -0.03500000, -0.06765584
-0.01000000, 0.04000000, -0.03000000, -0.04687241
-0.01500000, 0.04000000, -0.02500000, -0.01819460
-0.02000000, 0.04000000, -0.02000000, 0.01262614
-0.02500000, 0.04000000, -0.01500000, 0.04147093
-0.03000000, 0.04000000, -0.01000000, 0.06424764
-0.03500000, 0.04000000, -0.00500000, 0.07530461
-0.04000000, 0.04000000, 0.00000000, 0.05853413
-0.04000000, 0.03500000, 0.00500000, 0.04059255
-0.04000000, 0.03000000, 0.01000000, 0.03345190
-0.04000000, 0.02500000, 0.01500000, 0.02881863
-0.04000000, 0.02000000, 0.02000000, 0.02526356
-0.04000000, 0.01500000, 0.02500000, 0.02242292
-0.04000000, 0.01000000, 0.03000000, 0.02001546
-0.04000000, 0.00500000, 0.03500000, 0.01803773
-0.04000000, 0.00000000, 0.04000000, 0.01652680
-0.03500000, -0.00500000, 0.04000000, 0.01803773
-0.03000000, -0.01000000, 0.04000000, 0.02001546
-0.02500000, -0.01500000, 0.04000000, 0.02242292
-0.02000000, -0.02000000, 0.04000000, 0.02526356
-0.01500000, -0.02500000, 0.04000000, 0.02881863
-0.01000000, -0.03000000, 0.04000000, 0.03345190
-0.00500000, -0.03500000, 0.04000000, 0.04059255
0.00000000, -0.04000000, 0.04000000, 0.05853413
0.00500000, -0.04000000, 0.03500000, 0.07530461
0.01000000, -0.04000000, 0.03000000, 0.06424764
0.01500000, -0.04000000, 0.02500000, 0.04147093
0.02000000, -0.04000000, 0.02000000, 0.01262614
0.02500000, -0.04000000, 0.01500000, -0.01819460
0.03000000, -0.04000000, 0.01000000, -0.04687241
0.03500000, -0.04000000, 0.00500000, -0.06765584
0.04000000, -0.04000000, 0.00000000, -0.06391625
0.04000000, -0.03500000, -0.00500000, -0.04493110
0.04000000, -0.03000000, -0.01000000, -0.03722301
0.04000000, -0.02500000, -0.01500000, -0.03216948
0.04000000, -0.02000000, -0.02000000, -0.02827827
0.04000000, -0.01500000, -0.02500000, -0.02517189
0.04000000, -0.01000000, -0.03000000, -0.02255351
0.04000000, -0.00500000, -0.03500000, -0.02042692
0.05000000, 0.00000000, -0.05000000, -0.01474863
0.04375000, 0.00625000, -0.05000000, -0.01600232
0.03750000, 0.01250000, -0.05000000, -0.01777980
0.03125000, 0.01875000, -0.05000000, -0.01995652
0.02500000, 0.02500000, -0.05000000, -0.02258018
0.01875000, 0.03125000, -0.05000000, -0.02583810
0.01250000, 0.03750000, -0.05000000, -0.03010882
0.00625000, 0.04375000, -0.05000000, -0.03661504
0.00000000, 0.05000000, -0.05000000, -0.05246712
-0.00625000, 0.05000000, -0.04375000, -0.05536547
-0.01250000, 0.05000000, -0.03750000, -0.03840787
-0.01875000, 0.05000000, -0.03125000, -0.01505903
-0.02500000, 0.05000000, -0.02500000, 0.00999106
-0.03125000, 0.05000000, -0.01875000, 0.03343553
-0.03750000, 0.05000000, -0.01250000, 0.05198277
-0.04375000, 0.05000000, -0.00625000, 0.06103037
-0.05000000, 0.05000000, 0.00000000, 0.04755306
-0.05000000, 0.04375000, 0.00625000, 0.03264358
-0.05000000, 0.03750000, 0.01250000, 0.02665704
-0.05000000, 0.03125000, 0.01875000, 0.02277195
-0.05000000, 0.02500000, 0.02500000, 0.01981923
-0.05000000, 0.01875000, 0.03125000, 0.01744288
-0.05000000, 0.01250000, 0.03750000, 0.01545979
-0.05000000, 0.00625000, 0.04375000, 0.01382926
-0.05000000, 0.00000000, 0.05000000, 0.01265067
-0.04375000, -0.00625000, 0.05000000, 0.01382926
-0.03750000, -0.01250000, 0.05000000, 0.01545979
-0.03125000, -0.01875000, 0.05000000, 0.01744288
-0.02500000, -0.02500000, 0.05000000, 0.01981923
-0.01875000, -0.03125000, 0.05000000, 0.02277195
-0.01250000, -0.03750000, 0.05000000, 0.02665704
-0.00625000, -0.04375000, 0.05000000, 0.03264358
0.00000000, -0.05000000, 0.05000000, 0.04755306
0.00625000, -0.05000000, 0.04375000, 0.06103037
0.01250000, -0.05000000, 0.03750000, 0.05198277
0.01875000, -0.05000000, 0.03125000, 0.03343553
0.02500000, -0.05000000, 0.02500000, 0.00999106
0.03125000, -0.05000000, 0.01875000, -0.01505903
0.03750000, -0.05000000, 0.01250000, -0.03840787
0.04375000, -0.05000000, 0.00625000, -0.05536547
0.05000000, -0.05000000, 0.00000000, -0.05246712
0.05000000, -0.04375000, -0.00625000, -0.03661504
0.05000000, -0.03750000, -0.01250000, -0.03010882
0.05000000, -0.03125000, -0.01875000, -0.02583810
0.05000000, -0.02500000, -0.02500000, -0.02258018
0.05000000, -0.01875000, -0.03125000, -0.01995652
0.05000000, -0.01250000, -0.03750000, -0.01777980
0.05000000, -0.00625000, -0.04375000, -0.01600232
0.06000000, 0.00000000, -0.06000000, -0.01210247
0.05250000, 0.00750000, -0.06000000, -0.01316977
0.04500000, 0.01500000, -0.06000000, -0.01469819
0.03750000, 0.02250000, -0.06000000, -0.01660472
0.03000000, 0.03000000, -0.06000000, -0.01890712
0.02250000, 0.03750000, -0.06000000, -0.02184003
0.01500000, 0.04500000, -0.06000000, -0.02567937
0.00750000, 0.05250000, -0.06000000, -0.03148692
0.00000000, 0.06000000, -0.06000000, -0.04547508
-0.00750000, 0.06000000, -0.05250000, -0.04804942
-0.01500000, 0.06000000, -0.04500000, -0.03346569
-0.02250000, 0.06000000, -0.03750000, -0.01337159
-0.03000000, 0.06000000, -0.03000000, 0.00824469
-0.03750000, 0.06000000, -0.02250000, 0.02849508
-0.04500000, 0.06000000, -0.01500000, 0.04451552
-0.05250000, 0.06000000, -0.00750000, 0.05239185
-0.06000000, 0.06000000, 0.00000000, 0.04086766
-0.06000000, 0.05250000, 0.00750000, 0.02776167
-0.06000000, 0.04500000, 0.01500000, 0.02244898
-0.06000000, 0.03750000, 0.02250000, 0.01898153
-0.06000000, 0.03000000, 0.03000000, 0.01634521
-0.06000000, 0.02250000, 0.03750000, 0.01427567
-0.06000000, 0.01500000, 0.04500000, 0.01255435
-0.06000000, 0.00750000, 0.05250000, 0.01116407
-0.06000000, 0.00000000, 0.06000000, 0.01016999
-0.05250000, -0.00750000, 0.06000000, 0.01116407
-0.04500000, -0.01500000, 0.06000000, 0.01255435
-0.03750000, -0.02250000, 0.06000000, 0.01427567
-0.03000000, -0.03000000, 0.06000000, 0.01634521
-0.02250000, -0.03750000, 0.06000000, 0.01898153
-0.01500000, -0.04500000, 0.06000000, 0.02244898
-0.00750000, -0.05250000, 0.06000000, 0.02776167
0.00000000, -0.06000000, 0.06000000, 0.04086766
0.00750000, -0.06000000, 0.05250000, 0.05239185
0.01500000, -0.06000000, 0.04500000, 0.04451552
0.02250000, -0.06000000, 0.03750000, 0.02849508
0.03000000, -0.06000000, 0.03000000, 0.00824469
0.03750000, -0.06000000, 0.02250000, -0.01337159
0.04500000, -0.06000000, 0.01500000, -0.03346569
0.05250000, -0.06000000, 0.00750000, -0.04804942
0.06000000, -0.06000000, 0.00000000, -0.04547508
0.06000000, -0.05250000, -0.00750000, -0.03148692
0.06000000, -0.04500000, -0.01500000, -0.02567937
0.06000000, -0.03750000, -0.02250000, -0.02184003
0.06000000, -0.03000000, -0.03000000, -0.01890712
0.06000000, -0.02250000, -0.03750000, -0.01660472
0.06000000, -0.01500000, -0.04500000, -0.01469819
0.06000000, -0.00750000, -0.05250000, -0.01316977
0.07000000, 0.00000000, -0.07000000, -0.01022728
0.06125000, 0.00875000, -0.07000000, -0.01115701
0.05250000, 0.01750000, -0.07000000, -0.01253854
0.04375000, 0.02625000, -0.07000000, -0.01427277
0.03500000, 0.03500000, -0.07000000, -0.01638443
0.02625000, 0.04375000, -0.07000000, -0.01908380
0.01750000, 0.05250000, -0.07000000, -0.02262370
0.00875000, 0.06125000, -0.07000000, -0.02798094
0.00000000, 0.07000000, -0.07000000, -0.04079312
-0.00875000, 0.07000000, -0.06125000, -0.04321604
-0.01750000, 0.07000000, -0.05250000, -0.03022703
-0.02625000, 0.07000000, -0.04375000, -0.01230548
-0.03500000, 0.07000000, -0.03500000, 0.00699659
-0.04375000, 0.07000000, -0.02625000, 0.02510712
-0.05250000, 0.07000000, -0.01750000, 0.03947343
-0.06125000, 0.07000000, -0.00875000, 0.04661431
-0.07000000, 0.07000000, 0.00000000, 0.03640085
-0.07000000, 0.06125000, 0.00875000, 0.02444436
-0.07000000, 0.05250000, 0.01750000, 0.01956899
-0.07000000, 0.04375000, 0.02625000, 0.01638954
-0.07000000, 0.03500000, 0.03500000, 0.01397771
-0.07000000, 0.02625000, 0.04375000, 0.01209182
-0.07000000, 0.01750000, 0.05250000, 0.01053652
-0.07000000, 0.00875000, 0.06125000, 0.00928947
-0.07000000, 0.00000000, 0.07000000, 0.00843111
-0.06125000, -0.00875000, 0.07000000, 0.00928947
-0.05250000, -0.01750000, 0.07000000, 0.01053652
-0.04375000, -0.02625000, 0.07000000, 0.01209182
-0.03500000, -0.03500000, 0.07000000, 0.01397771
-0.02625000, -0.04375000, 0.07000000, 0.01638954
-0.01750000, -0.05250000, 0.07000000, 0.01956899
-0.00875000, -0.06125000, 0.07000000, 0.02444436
0.00000000, -0.07000000, 0.07000000, 0.03640085
0.00875000, -0.07000000, 0.06125000, 0.04661431
0.01750000, -0.07000000, 0.05250000, 0.03947343
0.02625000, -0.07000000, 0.04375000, 0.02510712
0.03500000, -0.07000000, 0.03500000, 0.00699659
0.04375000, -0.07000000, 0.02625000, -0.01230548
0.05250000, -0.07000000, 0.01750000, -0.03022703
0.06125000, -0.07000000, 0.00875000, -0.04321604
0.07000000, -0.07000000, 0.00000000, -0.04079312
0.07000000, -0.06125000, -0.00875000, -0.02798094
0.07000000, -0.05250000, -0.01750000, -0.02262370
0.07000000, -0.04375000, -0.02625000, -0.01908380
0.07000000, -0.03500000, -0.03500000, -0.01638443
0.07000000, -0.02625000, -0.04375000, -0.01427277
0.07000000, -0.01750000, -0.05250000, -0.01253854
0.07000000, -0.00875000, -0.06125000, -0.01115701
0.08000000, 0.00000000, -0.08000000, -0.00883169
0.07000000, 0.01000000, -0.08000000, -0.00965588
0.06000000, 0.02000000, -0.08000000, -0.01094046
0.05000000, 0.03000000, -0.08000000, -0.01255737
0.04000000, 0.04000000, -0.08000000, -0.01455017
0.03000000, 0.05000000, -0.08000000, -0.01707486
0.02000000, 0.06000000, -0.08000000, -0.02040547
0.01000000, 0.07000000, -0.08000000, -0.02546141
0.00000000, 0.08000000, -0.08000000, -0.03749698
-0.01000000, 0.08000000, -0.07000000, -0.03986478
-0.02000000, 0.08000000, -0.06000000, -0.02802301
-0.03000000, 0.08000000, -0.05000000, -0.01162199
-0.04000000, 0.08000000, -0.04000000, 0.00605859
-0.05000000, 0.08000000, -0.03000000, 0.02267955
-0.06000000, 0.08000000, -0.02000000, 0.03591320
-0.07000000, 0.08000000, -0.01000000, 0.04254968
-0.08000000, 0.08000000, 0.00000000, 0.03326206
-0.08000000, 0.07000000, 0.01000000, 0.02207217
-0.08000000, 0.06000000, 0.02000000, 0.01749198
-0.08000000, 0.05000000, 0.03000000, 0.01451429
-0.08000000, 0.04000000, 0.04000000, 0.01226914
-0.08000000, 0.03000000, 0.05000000, 0.01049920
-0.08000000, 0.02000000, 0.06000000, 0.00905664
-0.08000000, 0.01000000, 0.07000000, 0.00790490
-0.08000000, 0.00000000, 0.08000000, 0.00715005
-0.07000000, -0.01000000, 0.08000000, 0.00790490
-0.06000000, -0.02000000, 0.08000000, 0.00905664
-0.05000000, -0.03000000, 0.08000000, 0.01049920
-0.04000000, -0.04000000, 0.08000000, 0.01226914
-0.03000000, -0.05000000, 0.08000000, 0.01451429
-0.02000000, -0.06000000, 0.08000000, 0.01749198
-0.01000000, -0.07000000, 0.08000000, 0.02207217
0.00000000, -0.08000000, 0.08000000, 0.03326206
0.01000000, -0.08000000, 0.07000000, 0.04254968
0.02000000, -0.08000000, 0.06000000, 0.03591320
0.03000000, -0.08000000, 0.05000000, 0.02267955
0.04000000, -0.08000000, 0.04000000, 0.00605859
0.05000000, -0.08000000, 0.03000000, -0.01162199
0.06000000, -0.08000000, 0.02000000, -0.02802301
0.07000000, -0.08000000, 0.01000000, -0.03986478
0.08000000, -0.08000000, 0.00000000, -0.03749698
0.08000000, -0.07000000, -0.01000000, -0.02546141
0.08000000, -0.06000000, -0.02000000, -0.02040547
0.08000000, -0.05000000, -0.03000000, -0.01707486
0.08000000, -0.04000000, -0.04000000, -0.01455017
0.08000000, -0.03000000, -0.05000000, -0.01255737
0.08000000, -0.02000000, -0.06000000, -0.01094046
0.08000000, -0.01000000, -0.07000000, -0.00965588
0.09000000, 0.00000000, -0.09000000, -0.00776010
0.07875000, 0.01125000, -0.09000000, -0.00851415
0.06750000, 0.02250000, -0.09000000, -0.00971809
0.05625000, 0.03375000, -0.09000000, -0.01124602
0.04500000, 0.04500000, -0.09000000, -0.01314611
0.03375000, 0.05625000, -0.09000000, -0.01555836
0.02250000, 0.06750000, -0.09000000, -0.01875508
0.01125000, 0.07875000, -0.09000000, -0.02360589
0.00000000, 0.09000000, -0.09000000, -0.03510400
-0.01125000, 0.09000000, -0.07875000, -0.03751675
-0.02250000, 0.09000000, -0.06750000, -0.02653303
-0.03375000, 0.09000000, -0.05625000, -0.01122389
-0.04500000, 0.09000000, -0.04500000, 0.00532745
-0.05625000, 0.09000000, -0.03375000, 0.02091956
-0.06750000, 0.09000000, -0.02250000, 0.03336195
-0.07875000, 0.09000000, -0.01125000, 0.03963768
-0.09000000, 0.09000000, 0.00000000, 0.03098630
-0.09000000, 0.07875000, 0.01125000, 0.02032904
-0.09000000, 0.06750000, 0.02250000, 0.01595223
-0.09000000, 0.05625000, 0.03375000, 0.01310693
-0.09000000, 0.04500000, 0.04500000, 0.01097153
-0.09000000, 0.03375000, 0.05625000, 0.00929213
-0.09000000, 0.02250000, 0.06750000, 0.00793556
-0.09000000, 0.01125000, 0.07875000, 0.00686210
-0.09000000, 0.00000000, 0.09000000, 0.00617629
-0.07875000, -0.01125000, 0.09000000, 0.00686210
-0.06750000, -0.02250000, 0.09000000, 0.00793556
-0.05625000, -0.03375000, 0.09000000, 0.00929213
-0.04500000, -0.04500000, 0.09000000, 0.01097153
-0.03375000, -0.05625000, 0.09000000, 0.01310693
-0.02250000, -0.06750000, 0.09000000, 0.01595223
-0.01125000, -0.07875000, 0.09000000, 0.02032904
0.00000000, -0.09000000, 0.09000000, 0.03098630
0.01125000, -0.09000000, 0.07875000, 0.03963768
0.02250000, -0.09000000, 0.06750000, 0.03336195
0.03375000, -0.09000000, 0.05625000, 0.02091956
0.04500000, -0.09000000, 0.04500000, 0.00532745
0.05625000, -0.09000000, 0.03375000, -0.01122389
0.06750000, -0.09000000, 0.02250000, -0.02653303
0.07875000, -0.09000000, 0.01125000, -0.03751675
0.09000000, -0.09000000, 0.00000000, -0.03510400
0.09000000, -0.07875000, -0.01125000, -0.02360589
0.09000000, -0.06750000, -0.02250000, -0.01875508
0.09000000, -0.05625000, -0.03375000, -0.01555836
0.09000000, -0.04500000, -0.04500000, -0.01314611
0.09000000, -0.03375000, -0.05625000, -0.01124602
0.09000000, -0.02250000, -0.06750000, -0.00971809
0.09000000, -0.01125000, -0.07875000, -0.00851415
0.10000000, 0.00000000, -0.10000000, -0.00690807
0.08750000, 0.01250000, -0.10000000, -0.00761730
0.07500000, 0.02500000, -0.10000000, -0.00875248
0.06250000, 0.03750000, -0.10000000, -0.01021072
0.05000000, 0.05000000, -0.10000000, -0.01203199
0.03750000, 0.06250000, -0.10000000, -0.01437302
0.02500000, 0.07500000, -0.10000000, -0.01748030
0.01250000, 0.08750000, -0.10000000, -0.02218526
0.00000000, 0.10000000, -0.10000000, -0.03329793
-0.01250000, 0.10000000, -0.08750000, -0.03582949
-0.02500000, 0.10000000, -0.07500000, -0.02550695
-0.03750000, 0.10000000, -0.06250000, -0.01100585
-0.05000000, 0.10000000, -0.05000000, 0.00473956
-0.06250000, 0.10000000, -0.03750000, 0.01960449
-0.07500000, 0.10000000, -0.02500000, 0.03147905
-0.08750000, 0.10000000, -0.01250000, 0.03749065
-0.10000000, 0.10000000, 0.00000000, 0.02926913
-0.10000000, 0.08750000, 0.01250000, 0.01899628
-0.10000000, 0.07500000, 0.02500000, 0.01476642
-0.10000000, 0.06250000, 0.03750000, 0.01201247
-0.10000000, 0.05000000, 0.05000000, 0.00994937
-0.10000000, 0.03750000, 0.06250000, 0.00834675
-0.10000000, 0.02500000, 0.07500000, 0.00705818
-0.10000000, 0.01250000, 0.08750000, 0.00605086
-0.10000000, 0.00000000, 0.10000000, 0.00540970
-0.08750000, -0.01250000, 0.10000000, 0.00605086
-0.07500000, -0.02500000, 0.10000000, 0.00705818
-0.06250000, -0.03750000, 0.10000000, 0.00834675
-0.05000000, -0.05000000, 0.10000000, 0.00994937
-0.03750000, -0.06250000, 0.10000000, 0.01201247
-0.02500000, -0.07500000, 0.10000000, 0.01476642
-0.01250000, -0.08750000, 0.10000000, 0.01899628
0.00000000, -0.10000000, 0.10000000, 0.02926913
0.01250000, -0.10000000, 0.08750000, 0.03749065
0.02500000, -0.10000000, 0.07500000, 0.03147905
0.03750000, -0.10000000, 0.06250000, 0.01960449
0.05000000, -0.10000000, 0.05000000, 0.00473956
0.06250000, -0.10000000, 0.03750000, -0.01100585
0.07500000, -0.10000000, 0.02500000, -0.02550695
0.08750000, -0.10000000, 0.01250000, -0.03582949
0.10000000, -0.10000000, 0.00000000, -0.03329793
0.10000000, -0.08750000, -0.01250000, -0.02218526
0.10000000, -0.07500000, -0.02500000, -0.01748030
0.10000000, -0.06250000, -0.03750000, -0.01437302
0.10000000, -0.05000000, -0.05000000, -0.01203199
0.10000000, -0.03750000, -0.06250000, -0.01021072
0.10000000, -0.02500000, -0.07500000, -0.00875248
0.10000000, -0.01250000, -0.08750000, -0.00761730
0.15000000, 0.00000000, -0.15000000, -0.00424245
0.13125000, 0.01875000, -0.15000000, -0.00482026
0.11250000, 0.03750000, -0.15000000, -0.00578943
0.09375000, 0.05625000, -0.15000000, -0.00706805
0.07500000, 0.07500000, -0.15000000, -0.00868020
0.05625000, 0.09375000, -0.15000000, -0.01076002
0.03750000, 0.11250000, -0.15000000, -0.01354657
0.01875000, 0.13125000, -0.15000000, -0.01782882
0.00000000, 0.15000000, -0.15000000, -0.02803889
-0.01875000, 0.15000000, -0.13125000, -0.03148146
-0.03750000, 0.15000000, -0.11250000, -0.02309367
-0.05625000, 0.15000000, -0.09375000, -0.01073142
-0.07500000, 0.15000000, -0.07500000, 0.00291593
-0.09375000, 0.15000000, -0.05625000, 0.01592917
-0.11250000, 0.15000000, -0.03750000, 0.02639924
-0.13125000, 0.15000000, -0.01875000, 0.03169581
-0.15000000, 0.15000000, 0.00000000, 0.02425868
-0.15000000, 0.13125000, 0.01875000, 0.01493897
-0.15000000, 0.11250000, 0.03750000, 0.01115117
-0.15000000, 0.09375000, 0.05625000, 0.00872435
-0.15000000, 0.07500000, 0.07500000, 0.00692409
-0.15000000, 0.05625000, 0.09375000, 0.00553130
-0.15000000, 0.03750000, 0.11250000, 0.00442259
-0.15000000, 0.01875000, 0.13125000, 0.00357950
-0.15000000, 0.00000000, 0.15000000, 0.00307422
-0.13125000, -0.01875000, 0.15000000, 0.00357950
-0.11250000, -0.03750000, 0.15000000, 0.00442259
-0.09375000, -0.05625000, 0.15000000, 0.00553130
-0.07500000, -0.07500000, 0.15000000, 0.00692409
-0.05625000, -0.09375000, 0.15000000, 0.00872435
-0.03750000, -0.11250000, 0.15000000, 0.01115117
-0.01875000, -0.13125000, 0.15000000, 0.01493897
0.00000000, -0.15000000, 0.15000000, 0.02425868
0.01875000, -0.15000000, 0.13125000, 0.03169581
0.03750000, -0.15000000, 0.11250000, 0.02639924
0.05625000, -0.15000000, 0.09375000, 0.01592917
0.07500000, -0.15000000, 0.07500000, 0.00291593
0.09375000, -0.15000000, 0.05625000, -0.01073142
0.11250000, -0.15000000, 0.03750000, -0.02309367
0.13125000, -0.15000000, 0.01875000, -0.03148146
0.15000000, -0.15000000, 0.00000000, -0.02803889
0.15000000, -0.13125000, -0.01875000, -0.01782882
0.15000000, -0.11250000, -0.03750000, -0.01354657
0.15000000, -0.09375000, -0.05625000, -0.01076002
0.15000000, -0.07500000, -0.07500000, -0.00868020
0.15000000, -0.05625000, -0.09375000, -0.00706805
0.15000000, -0.03750000, -0.11250000, -0.00578943
0.15000000, -0.01875000, -0.13125000, -0.00482026
0.20000000, 0.00000000, -0.20000000, -0.00273999
0.17500000, 0.02500000, -0.20000000, -0.00327347
0.15000000, 0.05000000, -0.20000000, -0.00412961
0.12500000, 0.07500000, -0.20000000, -0.00527322
0.10000000, 0.10000000, -0.20000000, -0.00671465
0.07500000, 0.12500000, -0.20000000, -0.00860338
0.05000000, 0.15000000, -0.20000000, -0.01113947
0.02500000, 0.17500000, -0.20000000, -0.01506970
0.00000000, 0.20000000, -0.20000000, -0.02471896
-0.02500000, 0.20000000, -0.17500000, -0.02934956
-0.05000000, 0.20000000, -0.15000000, -0.02212095
-0.07500000, 0.20000000, -0.12500000, -0.01081009
-0.10000000, 0.20000000, -0.10000000, 0.00192712
-0.12500000, 0.20000000, -0.07500000, 0.01415924
-0.15000000, 0.20000000, -0.05000000, 0.02397230
-0.17500000, 0.20000000, -0.02500000, 0.02877300
-0.20000000, 0.20000000, 0.00000000, 0.02111491
-0.20000000, 0.17500000, 0.02500000, 0.01240848
-0.20000000, 0.15000000, 0.05000000, 0.00898664
-0.20000000, 0.12500000, 0.07500000, 0.00681805
-0.20000000, 0.10000000, 0.10000000, 0.00521357
-0.20000000, 0.07500000, 0.12500000, 0.00399229
-0.20000000, 0.05000000, 0.15000000, 0.00302022
-0.20000000, 0.02500000, 0.17500000, 0.00229143
-0.20000000, 0.00000000, 0.20000000, 0.00184219
-0.17500000, -0.02500000, 0.20000000, 0.00229143
-0.15000000, -0.05000000, 0.20000000, 0.00302022
-0.12500000, -0.07500000, 0.20000000, 0.00399229
-0.10000000, -0.10000000, 0.20000000, 0.00521357
-0.07500000, -0.12500000, 0.20000000, 0.00681805
-0.05000000, -0.15000000, 0.20000000, 0.00898664
-0.02500000, -0.17500000, 0.20000000, 0.01240848
0.00000000, -0.20000000, 0.20000000, 0.02111491
0.02500000, -0.20000000, 0.17500000, 0.02877300
0.05000000, -0.20000000, 0.15000000, 0.02397230
0.07500000, -0.20000000, 0.12500000, 0.01415924
0.10000000, -0.20000000, 0.10000000, 0.00192712
0.12500000, -0.20000000, 0.07500000, -0.01081009
0.15000000, -0.20000000, 0.05000000, -0.02212095
0.17500000, -0.20000000, 0.02500000, -0.02934956
0.20000000, -0.20000000, 0.00000000, -0.02471896
0.20000000, -0.17500000, -0.02500000, -0.01506970
0.20000000, -0.15000000, -0.05000000, -0.01113947
0.20000000, -0.12500000, -0.07500000, -0.00860338
0.20000000, -0.10000000, -0.10000000, -0.00671465
0.20000000, -0.07500000, -0.12500000, -0.00527322
0.20000000, -0.05000000, -0.15000000, -0.00412961
0.20000000, -0.02500000, -0.17500000, -0.00327347
0.25000000, 0.00000000, -0.25000000, -0.00169692
0.21875000, 0.03125000, -0.25000000, -0.00216220
0.18750000, 0.06250000, -0.25000000, -0.00291893
0.15625000, 0.09375000, -0.25000000, -0.00392261
0.12500000, 0.12500000, -0.25000000, -0.00517608
0.09375000, 0.15625000, -0.25000000, -0.00680193
0.06250000, 0.18750000, -0.25000000, -0.00898393
0.03125000, 0.21875000, -0.25000000, -0.01243577
0.00000000, 0.25000000, -0.25000000, -0.02127727
-0.03125000, 0.25000000, -0.21875000, -0.02699135
-0.06250000, 0.25000000, -0.18750000, -0.02083371
-0.09375000, 0.25000000, -0.15625000, -0.01051972
-0.12500000, 0.25000000, -0.12500000, 0.00128044
-0.15625000, 0.25000000, -0.09375000, 0.01266660
-0.18750000, 0.25000000, -0.06250000, 0.02175455
-0.21875000, 0.25000000, -0.03125000, 0.02595139
-0.25000000, 0.25000000, 0.00000000, 0.01792841
-0.25000000, 0.21875000, 0.03125000, 0.01006379
-0.25000000, 0.18750000, 0.06250000, 0.00711265
-0.25000000, 0.15625000, 0.09375000, 0.00528394
-0.25000000, 0.12500000, 0.12500000, 0.00393038
-0.25000000, 0.09375000, 0.15625000, 0.00288966
-0.25000000, 0.06250000, 0.18750000, 0.00205393
-0.25000000, 0.03125000, 0.21875000, 0.00142521
-0.25000000, 0.00000000, 0.25000000, 0.00104953
-0.21875000, -0.03125000, 0.25000000, 0.00142521
-0.18750000, -0.06250000, 0.25000000, 0.00205393
-0.15625000, -0.09375000, 0.25000000, 0.00288966
-0.12500000, -0.12500000, 0.25000000, 0.00393038
-0.09375000, -0.15625000, 0.25000000, 0.00528394
-0.06250000, -0.18750000, 0.25000000, 0.00711265
-0.03125000, -0.21875000, 0.25000000, 0.01006379
0.00000000, -0.25000000, 0.25000000, 0.01792841
0.03125000, -0.25000000, 0.21875000, 0.02595139
0.06250000, -0.25000000, 0.18750000, 0.02175455
0.09375000, -0.25000000, 0.15625000, 0.01266660
0.12500000, -0.25000000, 0.12500000, 0.00128044
0.15625000, -0.25000000, 0.09375000, -0.01051972
0.18750000, -0.25000000, 0.06250000, -0.02083371
0.21875000, -0.25000000, 0.03125000, -0.02699135
0.25000000, -0.25000000, 0.00000000, -0.02127727
0.25000000, -0.21875000, -0.03125000, -0.01243577
0.25000000, -0.18750000, -0.06250000, -0.00898393
0.25000000, -0.15625000, -0.09375000, -0.00680193
0.25000000, -0.12500000, -0.12500000, -0.00517608
0.25000000, -0.09375000, -0.15625000, -0.00392261
0.25000000, -0.06250000, -0.18750000, -0.00291893
0.25000000, -0.03125000, -0.21875000, -0.00216220
0.30000000, 0.00000000, -0.30000000, -0.00098462
0.26250000, 0.03750000, -0.30000000, -0.00136627
0.22500000, 0.07500000, -0.30000000, -0.00199302
0.18750000, 0.11250000, -0.30000000, -0.00282035
0.15000000, 0.15000000, -0.30000000, -0.00384860
0.11250000, 0.18750000, -0.30000000, -0.00517631
0.07500000, 0.22500000, -0.30000000, -0.00695536
0.03750000, 0.26250000, -0.30000000, -0.00980700
0.00000000, 0.30000000, -0.30000000, -0.01748986
-0.03750000, 0.30000000, -0.26250000, -0.02403462
-0.07500000, 0.30000000, -0.22500000, -0.01899045
-0.11250000, 0.30000000, -0.18750000, -0.00983570
-0.15000000, 0.30000000, -0.15000000, 0.00082949
-0.18750000, 0.30000000, -0.11250000, 0.01115072
-0.22500000, 0.30000000, -0.07500000, 0.01929393
-0.26250000, 0.30000000, -0.03750000, 0.02275510
-0.30000000, 0.30000000, 0.00000000, 0.01452133
-0.30000000, 0.26250000, 0.03750000, 0.00779869
-0.30000000, 0.22500000, 0.07500000, 0.00540957
-0.30000000, 0.18750000, 0.11250000, 0.00395117
-0.30000000, 0.15000000, 0.15000000, 0.00286958
-0.30000000, 0.11250000, 0.18750000, 0.00203378
-0.30000000, 0.07500000, 0.22500000, 0.00135905
-0.30000000, 0.03750000, 0.26250000, 0.00085053
-0.30000000, 0.00000000, 0.30000000, 0.00055484
-0.26250000, -0.03750000, 0.30000000, 0.00085053
-0.22500000, -0.07500000, 0.30000000, 0.00135905
-0.18750000, -0.11250000, 0.30000000, 0.00203378
-0.15000000, -0.15000000, 0.30000000, 0.00286958
-0.11250000, -0.18750000, 0.30000000, 0.00395117
-0.07500000, -0.22500000, 0.30000000, 0.00540957
-0.03750000, -0.26250000, 0.30000000, 0.00779869
0.00000000, -0.30000000, 0.30000000, 0.01452133
0.03750000, -0.30000000, 0.26250000, 0.02275510
0.07500000, -0.30000000, 0.22500000, 0.01929393
0.11250000, -0.30000000, 0.18750000, 0.01115072
0.15000000, -0.30000000, 0.15000000, 0.00082949
0.18750000, -0.30000000, 0.11250000, -0.00983570
0.22500000, -0.30000000, 0.07500000, -0.01899045
0.26250000, -0.30000000, 0.03750000, -0.02403462
0.30000000, -0.30000000, 0.00000000, -0.01748986
0.30000000, -0.26250000, -0.03750000, -0.00980700
0.30000000, -0.22500000, -0.07500000, -0.00695536
0.30000000, -0.18750000, -0.11250000, -0.00517631
0.30000000, -0.15000000, -0.15000000, -0.00384860
0.30000000, -0.11250000, -0.18750000, -0.00282035
0.30000000, -0.07500000, -0.22500000, -0.00199302
0.30000000, -0.03750000, -0.26250000, -0.00136627
0.35000000, 0.00000000, -0.35000000, -0.00052764
0.30625000, 0.04375000, -0.35000000, -0.00082250
0.26250000, 0.08750000, -0.35000000, -0.00129974
0.21875000, 0.13125000, -0.35000000, -0.00193477
0.17500000, 0.17500000, -0.35000000, -0.00271728
0.13125000, 0.21875000, -0.35000000, -0.00374044
0.08750000, 0.26250000, -0.35000000, -0.00509997
0.04375000, 0.30625000, -0.35000000, -0.00729319
0.00000000, 0.35000000, -0.35000000, -0.01353986
-0.04375000, 0.35000000, -0.30625000, -0.02051149
-0.08750000, 0.35000000, -0.26250000, -0.01660689
-0.13125000, 0.35000000, -0.21875000, -0.00878835
-0.17500000, 0.35000000, -0.17500000, 0.00051160
-0.21875000, 0.35000000, -0.13125000, 0.00952635
-0.26250000, 0.35000000, -0.08750000, 0.01651796
-0.30625000, 0.35000000, -0.04375000, 0.01916954
-0.35000000, 0.35000000, 0.00000000, 0.01106443
-0.35000000, 0.30625000, 0.04375000, 0.00569939
-0.35000000, 0.26250000, 0.08750000, 0.00390215
-0.35000000, 0.21875000, 0.13125000, 0.00281345
-0.35000000, 0.17500000, 0.17500000, 0.00199815
-0.35000000, 0.13125000, 0.21875000, 0.00137576
-0.35000000, 0.08750000, 0.26250000, 0.00086819
-0.35000000, 0.04375000, 0.30625000, 0.00048934
-0.35000000, 0.00000000, 0.35000000, 0.00026804
-0.30625000, -0.04375000, 0.35000000, 0.00048934
-0.26250000, -0.08750000, 0.35000000, 0.00086819
-0.21875000, -0.13125000, 0.35000000, 0.00137576
-0.17500000, -0.17500000, 0.35000000, 0.00199815
-0.13125000, -0.21875000, 0.35000000, 0.00281345
-0.08750000, -0.26250000, 0.35000000, 0.00390215
-0.04375000, -0.30625000, 0.35000000, 0.00569939
0.00000000, -0.35000000, 0.35000000, 0.01106443
0.04375000, -0.35000000, 0.30625000, 0.01916954
0.08750000, -0.35000000, 0.26250000, 0.01651796
0.13125000, -0.35000000, 0.21875000, 0.00952635
0.17500000, -0.35000000, 0.17500000, 0.00051160
0.21875000, -0.35000000, 0.13125000, -0.00878835
0.26250000, -0.35000000, 0.08750000, -0.01660689
0.30625000, -0.35000000, 0.04375000, -0.02051149
0.35000000, -0.35000000, 0.00000000, -0.01353986
0.35000000, -0.30625000, -0.04375000, -0.00729319
0.35000000, -0.26250000, -0.08750000, -0.00509997
0.35000000, -0.21875000, -0.13125000, -0.00374044
0.35000000, -0.17500000, -0.17500000, -0.00271728
0.35000000, -0.13125000, -0.21875000, -0.00193477
0.35000000, -0.08750000, -0.26250000, -0.00129974
0.35000000, -0.04375000, -0.30625000, -0.00082250
0.40000000, 0.00000000, -0.40000000, -0.00025117
0.35000000, 0.05000000, -0.40000000, -0.00045374
0.30000000, 0.10000000, -0.40000000, -0.00079635
0.25000000, 0.15000000, -0.40000000, -0.00125510
0.20000000, 0.20000000, -0.40000000, -0.00181300
0.15000000, 0.25000000, -0.40000000, -0.00253477
0.10000000, 0.30000000, -0.40000000, -0.00348330
0.05000000, 0.35000000, -0.40000000, -0.00503570
0.00000000, 0.40000000, -0.40000000, -0.00974616
-0.05000000, 0.40000000, -0.35000000, -0.01662042
-0.10000000, 0.40000000, -0.30000000, -0.01381241
-0.15000000, 0.40000000, -0.25000000, -0.00744378
-0.20000000, 0.40000000, -0.20000000, 0.00029117
-0.25000000, 0.40000000, -0.15000000, 0.00779548
-0.30000000, 0.40000000, -0.10000000, 0.01350402
-0.35000000, 0.40000000, -0.05000000, 0.01535668
-0.40000000, 0.40000000, 0.00000000, 0.00782813
-0.40000000, 0.35000000, 0.05000000, 0.00386710
-0.40000000, 0.30000000, 0.10000000, 0.00262536
-0.40000000, 0.25000000, 0.15000000, 0.00188458
-0.40000000, 0.20000000, 0.20000000, 0.00132225
-0.40000000, 0.15000000, 0.25000000, 0.00088673
-0.40000000, 0.10000000, 0.30000000, 0.00052566
-0.40000000, 0.05000000, 0.35000000, 0.00025774
-0.40000000, 0.00000000, 0.40000000, 0.00011011
-0.35000000, -0.05000000, 0.40000000, 0.00025774
-0.30000000, -0.10000000, 0.40000000, 0.00052566
-0.25000000, -0.15000000, 0.40000000, 0.00088673
-0.20000000, -0.20000000, 0.40000000, 0.00132225
-0.15000000, -0.25000000, 0.40000000, 0.00188458
-0.10000000, -0.30000000, 0.40000000, 0.00262536
-0.05000000, -0.35000000, 0.40000000, 0.00386710
0.00000000, -0.40000000, 0.40000000, 0.00782813
0.05000000, -0.40000000, 0.35000000, 0.01535668
0.10000000, -0.40000000, 0.30000000, 0.01350402
0.15000000, -0.40000000, 0.25000000, 0.00779548
0.20000000, -0.40000000, 0.20000000, 0.00029117
0.25000000, -0.40000000, 0.15000000, -0.00744378
0.30000000, -0.40000000, 0.10000000, -0.01381241
0.35000000, -0.40000000, 0.05000000, -0.01662042
0.40000000, -0.40000000, 0.00000000, -0.00974616
0.40000000, -0.35000000, -0.05000000, -0.00503570
0.40000000, -0.30000000, -0.10000000, -0.00348330
0.40000000, -0.25000000, -0.15000000, -0.00253477
0.40000000, -0.20000000, -0.20000000, -0.00181300
0.40000000, -0.15000000, -0.25000000, -0.00125510
0.40000000, -0.10000000, -0.30000000, -0.00079635
0.40000000, -0.05000000, -0.35000000, -0.00045374
0.45000000, 0.00000000, -0.45000000, -0.00010476
0.39375000, 0.05625000, -0.45000000, -0.00022850
0.33750000, 0.11250000, -0.45000000, -0.00045834
0.28125000, 0.16875000, -0.45000000, -0.00076649
0.22500000, 0.22500000, -0.45000000, -0.00113719
0.16875000, 0.28125000, -0.45000000, -0.00160267
0.11250000, 0.33750000, -0.45000000, -0.00220645
0.05625000, 0.39375000, -0.45000000, -0.00320768
0.00000000, 0.45000000, -0.45000000, -0.00647245
-0.05625000, 0.45000000, -0.39375000, -0.01275818
-0.11250000, 0.45000000, -0.33750000, -0.01091312
-0.16875000, 0.45000000, -0.28125000, -0.00598472
-0.22500000, 0.45000000, -0.22500000, 0.00014614
-0.28125000, 0.45000000, -0.16875000, 0.00609592
-0.33750000, 0.45000000, -0.11250000, 0.01051533
-0.39375000, 0.45000000, -0.05625000, 0.01166866
-0.45000000, 0.45000000, 0.00000000, 0.00510767
-0.45000000, 0.39375000, 0.05625000, 0.00242266
-0.45000000, 0.33750000, 0.11250000, 0.00164202
-0.45000000, 0.28125000, 0.16875000, 0.00118283
-0.45000000, 0.22500000, 0.22500000, 0.00082830
-0.45000000, 0.16875000, 0.28125000, 0.00054310
-0.45000000, 0.11250000, 0.33750000, 0.00030289
-0.45000000, 0.05625000, 0.39375000, 0.00012430
-0.45000000, 0.00000000, 0.45000000, 0.00003636
-0.39375000, -0.05625000, 0.45000000, 0.00012430
-0.33750000, -0.11250000, 0.45000000, 0.00030289
-0.28125000, -0.16875000, 0.45000000, 0.00054310
-0.22500000, -0.22500000, 0.45000000, 0.00082830
-0.16875000, -0.28125000, 0.45000000, 0.00118283
-0.11250000, -0.33750000, 0.45000000, 0.00164202
-0.05625000, -0.39375000, 0.45000000, 0.00242266
0.00000000, -0.45000000, 0.45000000, 0.00510767
0.05625000, -0.45000000, 0.39375000, 0.01166866
0.11250000, -0.45000000, 0.33750000, 0.01051533
0.16875000, -0.45000000, 0.28125000, 0.00609592
0.22500000, -0.45000000, 0.22500000, 0.00014614
0.28125000, -0.45000000, 0.16875000, -0.00598472
0.33750000, -0.45000000, 0.11250000, -0.01091312
0.39375000, -0.45000000, 0.05625000, -0.01275818
0.45000000, -0.45000000, 0.00000000, -0.00647245
0.45000000, -0.39375000, -0.05625000, -0.00320768
0.45000000, -0.33750000, -0.11250000, -0.00220645
0.45000000, -0.28125000, -0.16875000, -0.00160267
0.45000000, -0.22500000, -0.22500000, -0.00113719
0.45000000, -0.16875000, -0.28125000, -0.00076649
0.45000000, -0.11250000, -0.33750000, -0.00045834
0.45000000, -0.05625000, -0.39375000, -0.00022850
0.50000000, 0.00000000, -0.50000000, -0.00004109
0.43750000, 0.06250000, -0.50000000, -0.00011274
0.37500000, 0.12500000, -0.50000000, -0.00025204
0.31250000, 0.18750000, -0.50000000, -0.00044029
0.25000000, 0.25000000, -0.50000000, -0.00066508
0.18750000, 0.31250000, -0.50000000, -0.00094506
0.12500000, 0.37500000, -0.50000000, -0.00130020
0.06250000, 0.43750000, -0.50000000, -0.00188261
0.00000000, 0.50000000, -0.50000000, -0.00393826
-0.06250000, 0.50000000, -0.43750000, -0.00926587
-0.12500000, 0.50000000, -0.37500000, -0.00818662
-0.18750000, 0.50000000, -0.31250000, -0.00457435
-0.25000000, 0.50000000, -0.25000000, 0.00005823
-0.31250000, 0.50000000, -0.18750000, 0.00455298
-0.37500000, 0.50000000, -0.12500000, 0.00778988
-0.43750000, 0.50000000, -0.06250000, 0.00840008
-0.50000000, 0.50000000, 0.00000000, 0.00305751
-0.50000000, 0.43750000, 0.06250000, 0.00140254
-0.50000000, 0.37500000, 0.12500000, 0.00096006
-0.50000000, 0.31250000, 0.18750000, 0.00069676
-0.50000000, 0.25000000, 0.25000000, 0.00048763
-0.50000000, 0.18750000, 0.31250000, 0.00031684
-0.50000000, 0.12500000, 0.37500000, 0.00017098
-0.50000000, 0.06250000, 0.43750000, 0.00006273
-0.50000000, 0.00000000, 0.50000000, 0.00001168
-0.43750000, -0.06250000, 0.50000000, 0.00006273
-0.37500000, -0.12500000, 0.50000000, 0.00017098
-0.31250000, -0.18750000, 0.50000000, 0.00031684
-0.25000000, -0.25000000, 0.50000000, 0.00048763
-0.18750000, -0.31250000, 0.50000000, 0.00069676
-0.12500000, -0.37500000, 0.50000000, 0.00096006
-0.06250000, -0.43750000, 0.50000000, 0.00140254
0.00000000, -0.50000000, 0.50000000, 0.00305751
0.06250000, -0.50000000, 0.43750000, 0.00840008
0.12500000, -0.50000000, 0.37500000, 0.00778988
0.18750000, -0.50000000, 0.31250000, 0.00455298
0.25000000, -0.50000000, 0.25000000, 0.00005823
0.31250000, -0.50000000, 0.18750000, -0.00457435
0.37500000, -0.50000000, 0.12500000, -0.00818662
0.43750000, -0.50000000, 0.06250000, -0.00926587
0.50000000, -0.50000000, 0.00000000, -0.00393826
0.50000000, -0.43750000, -0.06250000, -0.00188261
0.50000000, -0.37500000, -0.12500000, -0.00130020
0.50000000, -0.31250000, -0.18750000, -0.00094506
0.50000000, -0.25000000, -0.25000000, -0.00066508
0.50000000, -0.18750000, -0.31250000, -0.00044029
0.50000000, -0.12500000, -0.37500000, -0.00025204
0.50000000, -0.06250000, -0.43750000, -0.00011274
0.55000000, 0.00000000, -0.55000000, -0.00001605
0.48125000, 0.06875000, -0.55000000, -0.00005673
0.41250000, 0.13750000, -0.55000000, -0.00013249
0.34375000, 0.20625000, -0.55000000, -0.00023715
0.27500000, 0.27500000, -0.55000000, -0.00036033
0.20625000, 0.34375000, -0.55000000, -0.00051677
0.13750000, 0.41250000, -0.55000000, -0.00070722
0.06875000, 0.48125000, -0.55000000, -0.00100796
0.00000000, 0.55000000, -0.55000000, -0.00216654
-0.06875000, 0.55000000, -0.48125000, -0.00632356
-0.13750000, 0.55000000, -0.41250000, -0.00579386
-0.20625000, 0.55000000, -0.34375000, -0.00330247
-0.27500000, 0.55000000, -0.27500000, 0.00001031
-0.34375000, 0.55000000, -0.20625000, 0.00322296
-0.41250000, 0.55000000, -0.13750000, 0.00545286
-0.48125000, 0.55000000, -0.06875000, 0.00569021
-0.55000000, 0.55000000, 0.00000000, 0.00165897
-0.55000000, 0.48125000, 0.06875000, 0.00074417
-0.55000000, 0.41250000, 0.13750000, 0.00052158
-0.55000000, 0.34375000, 0.20625000, 0.00038359
-0.55000000, 0.27500000, 0.27500000, 0.00026832
-0.55000000, 0.20625000, 0.34375000, 0.00017568
-0.55000000, 0.13750000, 0.41250000, 0.00009466
-0.55000000, 0.06875000, 0.48125000, 0.00003527
-0.55000000, 0.00000000, 0.55000000, 0.00000506
-0.48125000, -0.06875000, 0.55000000, 0.00003527
-0.41250000, -0.13750000, 0.55000000, 0.00009466
-0.34375000, -0.20625000, 0.55000000, 0.00017568
-0.27500000, -0.27500000, 0.55000000, 0.00026832
-0.20625000, -0.34375000, 0.55000000, 0.00038359
-0.13750000, -0.41250000, 0.55000000, 0.00052158
-0.06875000, -0.48125000, 0.55000000, 0.00074417
0.00000000, -0.55000000, 0.55000000, 0.00165897
0.06875000, -0.55000000, 0.48125000, 0.00569021
0.13750000, -0.55000000, 0.41250000, 0.00545286
0.20625000, -0.55000000, 0.34375000, 0.00322296
0.27500000, -0.55000000, 0.27500000, 0.00001031
0.34375000, -0.55000000, 0.20625000, -0.00330247
0.41250000, -0.55000000, 0.13750000, -0.00579386
0.48125000, -0.55000000, 0.06875000, -0.00632356
0.55000000, -0.55000000, 0.00000000, -0.00216654
0.55000000, -0.48125000, -0.06875000, -0.00100796
0.55000000, -0.41250000, -0.13750000, -0.00070722
0.55000000, -0.34375000, -0.20625000, -0.00051677
0.55000000, -0.27500000, -0.27500000, -0.00036033
0.55000000, -0.20625000, -0.34375000, -0.00023715
0.55000000, -0.13750000, -0.41250000, -0.00013249
0.55000000, -0.06875000, -0.48125000, -0.00005673
0.60000000, 0.00000000, -0.60000000, -0.00000375
0.52500000, 0.07500000, -0.60000000, -0.00002409
0.45000000, 0.15000000, -0.60000000, -0.00006331
0.37500000, 0.22500000, -0.60000000, -0.00011838
0.30000000, 0.30000000, -0.60000000, -0.00018087
0.22500000, 0.37500000, -0.60000000, -0.00025722
0.15000000, 0.45000000, -0.60000000, -0.00034402
0.07500000, 0.52500000, -0.60000000, -0.00047809
0.00000000, 0.60000000, -0.60000000, -0.00105257
-0.07500000, 0.60000000, -0.52500000, -0.00400691
-0.15000000, 0.60000000, -0.45000000, -0.00382493
-0.22500000, 0.60000000, -0.37500000, -0.00222486
-0.30000000, 0.60000000, -0.30000000, -0.00001178
-0.37500000, 0.60000000, -0.22500000, 0.00213357
-0.45000000, 0.60000000, -0.15000000, 0.00356417
-0.52500000, 0.60000000, -0.07500000, 0.00358313
-0.60000000, 0.60000000, 0.00000000, 0.00079677
-0.60000000, 0.52500000, 0.07500000, 0.00035121
-0.60000000, 0.45000000, 0.15000000, 0.00025485
-0.60000000, 0.37500000, 0.22500000, 0.00019376
-0.60000000, 0.30000000, 0.30000000, 0.00013821
-0.60000000, 0.22500000, 0.37500000, 0.00009113
-0.60000000, 0.15000000, 0.45000000, 0.00004791
-0.60000000, 0.07500000, 0.52500000, 0.00001634
-0.60000000, 0.00000000, 0.60000000, 0.00000045
-0.52500000, -0.07500000, 0.60000000, 0.00001634
-0.45000000, -0.15000000, 0.60000000, 0.00004791
-0.37500000, -0.22500000, 0.60000000, 0.00009113
-0.30000000, -0.30000000, 0.60000000, 0.00013821
-0.22500000, -0.37500000, 0.60000000, 0.00019376
-0.15000000, -0.45000000, 0.60000000, 0.00025485
-0.07500000, -0.52500000, 0.60000000, 0.00035121
0.00000000, -0.60000000, 0.60000000, 0.00079677
0.07500000, -0.60000000, 0.52500000, 0.00358313
0.15000000, -0.60000000, 0.45000000, 0.00356417
0.22500000, -0.60000000, 0.37500000, 0.00213357
0.30000000, -0.60000000, 0.30000000, -0.00001178
0.37500000, -0.60000000, 0.22500000, -0.00222486
0.45000000, -0.60000000, 0.15000000, -0.00382493
0.52500000, -0.60000000, 0.07500000, -0.00400691
0.60000000, -0.60000000, 0.00000000, -0.00105257
0.60000000, -0.52500000, -0.07500000, -0.00047809
0.60000000, -0.45000000, -0.15000000, -0.00034402
0.60000000, -0.37500000, -0.22500000, -0.00025722
0.60000000, -0.30000000, -0.30000000, -0.00018087
0.60000000, -0.22500000, -0.37500000, -0.00011838
0.60000000, -0.15000000, -0.45000000, -0.00006331
0.60000000, -0.07500000, -0.52500000, -0.00002409
0.65000000, 0.00000000, -0.65000000, 0.00000219
0.56875000, 0.08125000, -0.65000000, -0.00000485
0.48750000, 0.16250000, -0.65000000, -0.00002550
0.40625000, 0.24375000, -0.65000000, -0.00005375
0.32500000, 0.32500000, -0.65000000, -0.00008430
0.24375000, 0.40625000, -0.65000000, -0.00011387
0.16250000, 0.48750000, -0.65000000, -0.00014370
0.08125000, 0.56875000, -0.65000000, -0.00019299
0.00000000, 0.65000000, -0.65000000, -0.00043946
-0.08125000, 0.65000000, -0.56875000, -0.00233151
-0.16250000, 0.65000000, -0.48750000, -0.00233056
-0.24375000, 0.65000000, -0.40625000, -0.00138509
-0.32500000, 0.65000000, -0.32500000, -0.00001821
-0.40625000, 0.65000000, -0.24375000, 0.00130672
-0.48750000, 0.65000000, -0.16250000, 0.00215172
-0.56875000, 0.65000000, -0.08125000, 0.00207451
-0.65000000, 0.65000000, 0.00000000, 0.00032984
-0.65000000, 0.56875000, 0.08125000, 0.00014154
-0.65000000, 0.48750000, 0.16250000, 0.00010750
-0.65000000, 0.40625000, 0.24375000, 0.00008779
-0.65000000, 0.32500000, 0.32500000, 0.00006679
-0.65000000, 0.24375000, 0.40625000, 0.00004320
-0.65000000, 0.16250000, 0.48750000, 0.00002027
-0.65000000, 0.08125000, 0.56875000, 0.00000289
-0.65000000, 0.00000000, 0.65000000, -0.00000278
-0.56875000, -0.08125000, 0.65000000, 0.00000289
-0.48750000, -0.16250000, 0.65000000, 0.00002027
-0.40625000, -0.24375000, 0.65000000, 0.00004320
-0.32500000, -0.32500000, 0.65000000, 0.00006679
-0.24375000, -0.40625000, 0.65000000, 0.00008779
-0.16250000, -0.48750000, 0.65000000, 0.00010750
-0.08125000, -0.56875000, 0.65000000, 0.00014154
0.00000000, -0.65000000, 0.65000000, 0.00032984
0.08125000, -0.65000000, 0.56875000, 0.00207451
0.16250000, -0.65000000, 0.48750000, 0.00215172
0.24375000, -0.65000000, 0.40625000, 0.00130672
0.32500000, -0.65000000, 0.32500000, -0.00001821
0.40625000, -0.65000000, 0.24375000, -0.00138509
0.48750000, -0.65000000, 0.16250000, -0.00233056
0.56875000, -0.65000000, 0.08125000, -0.00233151
0.65000000, -0.65000000, 0.00000000, -0.00043946
0.65000000, -0.56875000, -0.08125000, -0.00019299
0.65000000, -0.48750000, -0.16250000, -0.00014370
0.65000000, -0.40625000, -0.24375000, -0.00011387
0.65000000, -0.32500000, -0.32500000, -0.00008430
0.65000000, -0.24375000, -0.40625000, -0.00005375
0.65000000, -0.16250000, -0.48750000, -0.00002550
0.65000000, -0.08125000, -0.56875000, -0.00000485
0.70000000, 0.00000000, -0.70000000, 0.00000167
0.61250000, 0.08750000, -0.70000000, 0.00000026
0.52500000, 0.17500000, -0.70000000, -0.00000946
0.43750000, 0.26250000, -0.70000000, -0.00002209
0.35000000, 0.35000000, -0.70000000, -0.00003570
0.26250000, 0.43750000, -0.70000000, -0.00004545
0.17500000, 0.52500000, -0.70000000, -0.00005360
0.08750000, 0.61250000, -0.70000000, -0.00006773
0.00000000, 0.70000000, -0.70000000, -0.00015844
-0.08750000, 0.70000000, -0.61250000, -0.00124071
-0.17500000, 0.70000000, -0.52500000, -0.00130277
-0.26250000, 0.70000000, -0.43750000, -0.00079464
-0.35000000, 0.70000000, -0.35000000, -0.00001611
-0.43750000, 0.70000000, -0.26250000, 0.00073857
-0.52500000, 0.70000000, -0.17500000, 0.00119322
-0.61250000, 0.70000000, -0.08750000, 0.00110094
-0.70000000, 0.70000000, 0.00000000, 0.00011978
-0.70000000, 0.61250000, 0.08750000, 0.00005042
-0.70000000, 0.52500000, 0.17500000, 0.00004120
-0.70000000, 0.43750000, 0.26250000, 0.00003635
-0.70000000, 0.35000000, 0.35000000, 0.00002957
-0.70000000, 0.26250000, 0.43750000, 0.00001871
-0.70000000, 0.17500000, 0.52500000, 0.00000805
-0.70000000, 0.08750000, 0.61250000, -0.00000047
-0.70000000, 0.00000000, 0.70000000, -0.00000168
-0.61250000, -0.08750000, 0.70000000, -0.00000047
-0.52500000, -0.17500000, 0.70000000, 0.00000805
-0.43750000, -0.26250000, 0.70000000, 0.00001871
-0.35000000, -0.35000000, 0.70000000, 0.00002957
-0.26250000, -0.43750000, 0.70000000, 0.00003635
-0.17500000, -0.52500000, 0.70000000, 0.00004120
-0.08750000, -0.61250000, 0.70000000, 0.00005042
0.00000000, -0.70000000, 0.70000000, 0.00011978
0.08750000, -0.70000000, 0.61250000, 0.00110094
0.17500000, -0.70000000, 0.52500000, 0.00119322
0.26250000, -0.70000000, 0.43750000, 0.00073857
0.35000000, -0.70000000, 0.35000000, -0.00001611
0.43750000, -0.70000000, 0.26250000, -0.00079464
0.52500000, -0.70000000, 0.17500000, -0.00130277
0.61250000, -0.70000000, 0.08750000, -0.00124071
0.70000000, -0.70000000, 0.00000000, -0.00015844
0.70000000, -0.61250000, -0.08750000, -0.00006773
0.70000000, -0.52500000, -0.17500000, -0.00005360
0.70000000, -0.43750000, -0.26250000, -0.00004545
0.70000000, -0.35000000, -0.35000000, -0.00003570
0.70000000, -0.26250000, -0.43750000, -0.00002209
0.70000000, -0.17500000, -0.52500000, -0.00000946
0.70000000, -0.08750000, -0.61250000, 0.00000026
0.75000000, 0.00000000, -0.75000000, -0.00000151
0.65625000, 0.09375000, -0.75000000, -0.00000287
0.56250000, 0.18750000, -0.75000000, -0.00000523
0.46875000, 0.28125000, -0.75000000, -0.00000854
0.37500000, 0.37500000, -0.75000000, -0.00001263
0.28125000, 0.46875000, -0.75000000, -0.00001811
0.18750000, 0.56250000, -0.75000000, -0.00002303
0.09375000, 0.65625000, -0.75000000, -0.00002622
0.00000000, 0.75000000, -0.75000000, -0.00005481
-0.09375000, 0.75000000, -0.65625000, -0.00060135
-0.18750000, 0.75000000, -0.56250000, -0.00066189
-0.28125000, 0.75000000, -0.46875000, -0.00041728
-0.37500000, 0.75000000, -0.37500000, -0.00001084
-0.46875000, 0.75000000, -0.28125000, 0.00038313
-0.56250000, 0.75000000, -0.18750000, 0.00060285
-0.65625000, 0.75000000, -0.09375000, 0.00053423
-0.75000000, 0.75000000, 0.00000000, 0.00004382
-0.75000000, 0.65625000, 0.09375000, 0.00002079
-0.75000000, 0.56250000, 0.18750000, 0.00001873
-0.75000000, 0.46875000, 0.28125000, 0.00001522
-0.75000000, 0.37500000, 0.37500000, 0.00001105
-0.75000000, 0.28125000, 0.46875000, 0.00000779
-0.75000000, 0.18750000, 0.56250000, 0.00000491
-0.75000000, 0.09375000, 0.65625000, 0.00000272
-0.75000000, 0.00000000, 0.75000000, 0.00000140
-0.65625000, -0.09375000, 0.75000000, 0.00000272
-0.56250000, -0.18750000, 0.75000000, 0.00000491
-0.46875000, -0.28125000, 0.75000000, 0.00000779
-0.37500000, -0.37500000, 0.75000000, 0.00001105
-0.28125000, -0.46875000, 0.75000000, 0.00001522
-0.18750000, -0.56250000, 0.75000000, 0.00001873
-0.09375000, -0.65625000, 0.75000000, 0.00002079
0.00000000, -0.75000000, 0.75000000, 0.00004382
0.09375000, -0.75000000, 0.65625000, 0.00053423
0.18750000, -0.75000000, 0.56250000, 0.00060285
0.28125000, -0.75000000, 0.46875000, 0.00038313
0.37500000, -0.75000000, 0.37500000, -0.00001084
0.46875000, -0.75000000, 0.28125000, -0.00041728
0.56250000, -0.75000000, 0.18750000, -0.00066189
0.65625000, -0.75000000, 0.09375000, -0.00060135
0.75000000, -0.75000000, 0.00000000, -0.00005481
0.75000000, -0.65625000, -0.09375000, -0.00002622
0.75000000, -0.56250000, -0.18750000, -0.00002303
0.75000000, -0.46875000, -0.28125000, -0.00001811
0.75000000, -0.37500000, -0.37500000, -0.00001263
0.75000000, -0.28125000, -0.46875000, -0.00000854
0.75000000, -0.18750000, -0.56250000, -0.00000523
0.75000000, -0.09375000, -0.65625000, -0.00000287
0.80000000, 0.00000000, -0.80000000, -0.00000161
0.70000000, 0.10000000, -0.80000000, -0.00000330
0.60000000, 0.20000000, -0.80000000, -0.00000295
0.50000000, 0.30000000, -0.80000000, -0.00000306
0.40000000, 0.40000000, -0.80000000, -0.00000340
0.30000000, 0.50000000, -0.80000000, -0.00000686
0.20000000, 0.60000000, -0.80000000, -0.00001013
0.10000000, 0.70000000, -0.80000000, -0.00001071
0.00000000, 0.80000000, -0.80000000, -0.00001762
-0.10000000, 0.80000000, -0.70000000, -0.00025273
-0.20000000, 0.80000000, -0.60000000, -0.00029138
-0.30000000, 0.80000000, -0.50000000, -0.00019034
-0.40000000, 0.80000000, -0.40000000, -0.00000598
-0.50000000, 0.80000000, -0.30000000, 0.00017284
-0.60000000, 0.80000000, -0.20000000, 0.00026432
-0.70000000, 0.80000000, -0.10000000, 0.00022529
-0.80000000, 0.80000000, 0.00000000, 0.00001512
-0.80000000, 0.70000000, 0.10000000, 0.00000899
-0.80000000, 0.60000000, 0.20000000, 0.00000856
-0.80000000, 0.50000000, 0.30000000, 0.00000599
-0.80000000, 0.40000000, 0.40000000, 0.00000320
-0.80000000, 0.30000000, 0.50000000, 0.00000301
-0.80000000, 0.20000000, 0.60000000, 0.00000290
-0.80000000, 0.10000000, 0.70000000, 0.00000312
-0.80000000, 0.00000000, 0.80000000, 0.00000151
-0.70000000, -0.10000000, 0.80000000, 0.00000312
-0.60000000, -0.20000000, 0.80000000, 0.00000290
-0.50000000, -0.30000000, 0.80000000, 0.00000301
-0.40000000, -0.40000000, 0.80000000, 0.00000320
-0.30000000, -0.50000000, 0.80000000, 0.00000599
-0.20000000, -0.60000000, 0.80000000, 0.00000856
-0.10000000, -0.70000000, 0.80000000, 0.00000899
0.00000000, -0.80000000, 0.80000000, 0.00001512
0.10000000, -0.80000000, 0.70000000, 0.00022529
0.20000000, -0.80000000, 0.60000000, 0.00026432
0.30000000, -0.80000000, 0.50000000, 0.00017284
0.40000000, -0.80000000, 0.40000000, -0.00000598
0.50000000, -0.80000000, 0.30000000, -0.00019034
0.60000000, -0.80000000, 0.20000000, -0.00029138
0.70000000, -0.80000000, 0.10000000, -0.00025273
0.80000000, -0.80000000, 0.00000000, -0.00001762
0.80000000, -0.70000000, -0.10000000, -0.00001071
0.80000000, -0.60000000, -0.20000000, -0.00001013
0.80000000, -0.50000000, -0.30000000, -0.00000686
0.80000000, -0.40000000, -0.40000000, -0.00000340
0.80000000, -0.30000000, -0.50000000, -0.00000306
0.80000000, -0.20000000, -0.60000000, -0.00000295
0.80000000, -0.10000000, -0.70000000, -0.00000330
0.85000000, 0.00000000, -0.85000000, 0.00000114
0.74375000, 0.10625000, -0.85000000, 0.00000113
0.63750000, 0.21250000, -0.85000000, 0.00000042
0.53125000, 0.31875000, -0.85000000, -0.00000055
0.42500000, 0.42500000, -0.85000000, -0.00000119
0.31875000, 0.53125000, -0.85000000, -0.00000051
0.21250000, 0.63750000, -0.85000000, 0.00000081
0.10625000, 0.74375000, -0.85000000, 0.00000111
0.00000000, 0.85000000, -0.85000000, 0.00000071
-0.10625000, 0.85000000, -0.74375000, -0.00007636
-0.21250000, 0.85000000, -0.63750000, -0.00009575
-0.31875000, 0.85000000, -0.53125000, -0.00006419
-0.42500000, 0.85000000, -0.42500000, -0.00000285
-0.53125000, 0.85000000, -0.31875000, 0.00005697
-0.63750000, 0.85000000, -0.21250000, 0.00008593
-0.74375000, 0.85000000, -0.10625000, 0.00006769
-0.85000000, 0.85000000, 0.00000000, -0.00000099
-0.85000000, 0.74375000, 0.10625000, -0.00000097
-0.85000000, 0.63750000, 0.21250000, -0.00000063
-0.85000000, 0.53125000, 0.31875000, 0.00000052
-0.85000000, 0.42500000, 0.42500000, 0.00000110
-0.85000000, 0.31875000, 0.53125000, 0.00000051
-0.85000000, 0.21250000, 0.63750000, -0.00000037
-0.85000000, 0.10625000, 0.74375000, -0.00000105
-0.85000000, 0.00000000, 0.85000000, -0.00000108
-0.74375000, -0.10625000, 0.85000000, -0.00000105
-0.63750000, -0.21250000, 0.85000000, -0.00000037
-0.53125000, -0.31875000, 0.85000000, 0.00000051
-0.42500000, -0.42500000, 0.85000000, 0.00000110
-0.31875000, -0.53125000, 0.85000000, 0.00000052
-0.21250000, -0.63750000, 0.85000000, -0.00000063
-0.10625000, -0.74375000, 0.85000000, -0.00000097
0.00000000, -0.85000000, 0.85000000, -0.00000099
0.10625000, -0.85000000, 0.74375000, 0.00006769
0.21250000, -0.85000000, 0.63750000, 0.00008593
0.31875000, -0.85000000, 0.53125000, 0.00005697
0.42500000, -0.85000000, 0.42500000, -0.00000285
0.53125000, -0.85000000, 0.31875000, -0.00006419
0.63750000, -0.85000000, 0.21250000, -0.00009575
0.74375000, -0.85000000, 0.10625000, -0.00007636
0.85000000, -0.85000000, 0.00000000, 0.00000071
0.85000000, -0.74375000, -0.10625000, 0.00000111
0.85000000, -0.63750000, -0.21250000, 0.00000081
0.85000000, -0.53125000, -0.31875000, -0.00000051
0.85000000, -0.42500000, -0.42500000, -0.00000119
0.85000000, -0.31875000, -0.53125000, -0.00000055
0.85000000, -0.21250000, -0.63750000, 0.00000042
0.85000000, -0.10625000, -0.74375000, 0.00000113
0.90000000, 0.00000000, -0.90000000, 0.00000102
0.78750000, 0.11250000, -0.90000000, 0.00000181
0.67500000, 0.22500000, -0.90000000, 0.00000097
0.56250000, 0.33750000, -0.90000000, 0.00000013
0.45000000, 0.45000000, -0.90000000, -0.00000058
0.33750000, 0.56250000, -0.90000000, 0.00000080
0.22500000, 0.67500000, -0.90000000, 0.00000249
0.11250000, 0.78750000, -0.90000000, 0.00000273
0.00000000, 0.90000000, -0.90000000, 0.00000248
-0.11250000, 0.90000000, -0.78750000, -0.00001331
-0.22500000, 0.90000000, -0.67500000, -0.00001964
-0.33750000, 0.90000000, -0.56250000, -0.00001355
-0.45000000, 0.90000000, -0.45000000, -0.00000096
-0.56250000, 0.90000000, -0.33750000, 0.00001148
-0.67500000, 0.90000000, -0.22500000, 0.00001722
-0.78750000, 0.90000000, -0.11250000, 0.00001153
-0.90000000, 0.90000000, 0.00000000, -0.00000241
-0.90000000, 0.78750000, 0.11250000, -0.00000234
-0.90000000, 0.67500000, 0.22500000, -0.00000207
-0.90000000, 0.56250000, 0.33750000, -0.00000066
-0.90000000, 0.45000000, 0.45000000, 0.00000049
-0.90000000, 0.33750000, 0.56250000, -0.00000017
-0.90000000, 0.22500000, 0.67500000, -0.00000094
-0.90000000, 0.11250000, 0.78750000, -0.00000169
-0.90000000, 0.00000000, 0.90000000, -0.00000096
-0.78750000, -0.11250000, 0.90000000, -0.00000169
-0.67500000, -0.22500000, 0.90000000, -0.00000094
-0.56250000, -0.33750000, 0.90000000, -0.00000017
-0.45000000, -0.45000000, 0.90000000, 0.00000049
-0.33750000, -0.56250000, 0.90000000, -0.00000066
-0.22500000, -0.67500000, 0.90000000, -0.00000207
-0.11250000, -0.78750000, 0.90000000, -0.00000234
0.00000000, -0.90000000, 0.90000000, -0.00000241
0.11250000, -0.90000000, 0.78750000, 0.00001153
0.22500000, -0.90000000, 0.67500000, 0.00001722
0.33750000, -0.90000000, 0.56250000, 0.00001148
0.45000000, -0.90000000, 0.45000000, -0.00000096
0.56250000, -0.90000000, 0.33750000, -0.00001355
0.67500000, -0.90000000, 0.22500000, -0.00001964
0.78750000, -0.90000000, 0.11250000, -0.00001331
0.90000000, -0.90000000, 0.00000000, 0.00000248
0.90000000, -0.78750000, -0.11250000, 0.00000273
0.90000000, -0.67500000, -0.22500000, 0.00000249
0.90000000, -0.56250000, -0.33750000, 0.00000080
0.90000000, -0.45000000, -0.45000000, -0.00000058
0.90000000, -0.33750000, -0.56250000, 0.00000013
0.90000000, -0.22500000, -0.67500000, 0.00000097
0.90000000, -0.11250000, -0.78750000, 0.00000181
0.95000000, 0.00000000, -0.95000000, -0.00000116
0.83125000, 0.11875000, -0.95000000, -0.00000157
0.71250000, 0.23750000, -0.95000000, -0.00000091
0.59375000, 0.35625000, -0.95000000, -0.00000021
0.47500000, 0.47500000, -0.95000000, 0.00000029
0.35625000, 0.59375000, -0.95000000, -0.00000094
0.23750000, 0.71250000, -0.95000000, -0.00000250
0.11875000, 0.83125000, -0.95000000, -0.00000276
0.00000000, 0.95000000, -0.95000000, -0.00000353
-0.11875000, 0.95000000, -0.83125000, -0.00000708
-0.23750000, 0.95000000, -0.71250000, -0.00000667
-0.35625000, 0.95000000, -0.59375000, -0.00000510
-0.47500000, 0.95000000, -0.47500000, 0.00000001
-0.59375000, 0.95000000, -0.35625000, 0.00000491
-0.71250000, 0.95000000, -0.23750000, 0.00000638
-0.83125000, 0.95000000, -0.11875000, 0.00000673
-0.95000000, 0.95000000, 0.00000000, 0.00000340
-0.95000000, 0.83125000, 0.11875000, 0.00000238
-0.95000000, 0.71250000, 0.23750000, 0.00000211
-0.95000000, 0.59375000, 0.35625000, 0.00000080
-0.95000000, 0.47500000, 0.47500000, -0.00000022
-0.95000000, 0.35625000, 0.59375000, 0.00000025
-0.95000000, 0.23750000, 0.71250000, 0.00000088
-0.95000000, 0.11875000, 0.83125000, 0.00000147
-0.95000000, 0.00000000, 0.95000000, 0.00000109
-0.83125000, -0.11875000, 0.95000000, 0.00000147
-0.71250000, -0.23750000, 0.95000000, 0.00000088
-0.59375000, -0.35625000, 0.95000000, 0.00000025
-0.47500000, -0.47500000, 0.95000000, -0.00000022
-0.35625000, -0.59375000, 0.95000000, 0.00000080
-0.23750000, -0.71250000, 0.95000000, 0.00000211
-0.11875000, -0.83125000, 0.95000000, 0.00000238
0.00000000, -0.95000000, 0.95000000, 0.00000340
0.11875000, -0.95000000, 0.83125000, 0.00000673
0.23750000, -0.95000000, 0.71250000, 0.00000638
0.35625000, -0.95000000, 0.59375000, 0.00000491
0.47500000, -0.95000000, 0.47500000, 0.00000001
0.59375000, -0.95000000, 0.35625000, -0.00000510
0.71250000, -0.95000000, 0.23750000, -0.00000667
0.83125000, -0.95000000, 0.11875000, -0.00000708
0.95000000, -0.95000000, 0.00000000, -0.00000353
0.95000000, -0.83125000, -0.11875000, -0.00000276
0.95000000, -0.71250000, -0.23750000, -0.00000250
0.95000000, -0.59375000, -0.35625000, -0.00000094
0.95000000, -0.47500000, -0.47500000, 0.00000029
0.95000000, -0.35625000, -0.59375000, -0.00000021
0.95000000, -0.23750000, -0.71250000, -0.00000091
0.95000000, -0.11875000, -0.83125000, -0.00000157
1.00000000, 0.00000000, -1.00000000, 0.00000000
0.87500000, 0.12500000, -1.00000000, 0.00000000
0.75000000, 0.25000000, -1.00000000, 0.00000000
0.62500000, 0.37500000, -1.00000000, 0.00000000
0.50000000, 0.50000000, -1.00000000, 0.00000000
0.37500000, 0.62500000, -1.00000000, 0.00000000
0.25000000, 0.75000000, -1.00000000, 0.00000000
0.12500000, 0.87500000, -1.00000000, 0.00000000
0.00000000, 1.00000000, -1.00000000, 0.00000000
-0.12500000, 1.00000000, -0.87500000, 0.00000000
-0.25000000, 1.00000000, -0.75000000, 0.00000000
-0.37500000, 1.00000000, -0.62500000, 0.00000000
-0.50000000, 1.00000000, -0.50000000, 0.00000000
-0.62500000, 1.00000000, -0.37500000, 0.00000000
-0.75000000, 1.00000000, -0.25000000, 0.00000000
-0.87500000, 1.00000000, -0.12500000, 0.00000000
-1.00000000, 1.00000000, 0.00000000, 0.00000000
-1.00000000, 0.87500000, 0.12500000, 0.00000000
-1.00000000, 0.75000000, 0.25000000, 0.00000000
-1.00000000, 0.62500000, 0.37500000, 0.00000000
-1.00000000, 0.50000000, 0.50000000, 0.00000000
-1.00000000, 0.37500000, 0.62500000, 0.00000000
-1.00000000, 0.25000000, 0.75000000, 0.00000000
-1.00000000, 0.12500000, 0.87500000, 0.00000000
-1.00000000, 0.00000000, 1.00000000, 0.00000000
-0.87500000, -0.12500000, 1.00000000, 0.00000000
-0.75000000, -0.25000000, 1.00000000, 0.00000000
-0.62500000, -0.37500000, 1.00000000, 0.00000000
-0.50000000, -0.50000000, 1.00000000, 0.00000000
-0.37500000, -0.62500000, 1.00000000, 0.00000000
-0.25000000, -0.75000000, 1.00000000, 0.00000000
-0.12500000, -0.87500000, 1.00000000, 0.00000000
0.00000000, -1.00000000, 1.00000000, 0.00000000
0.12500000, -1.00000000, 0.87500000, 0.00000000
0.25000000, -1.00000000, 0.75000000, 0.00000000
0.37500000, -1.00000000, 0.62500000, 0.00000000
0.50000000, -1.00000000, 0.50000000, 0.00000000
0.62500000, -1.00000000, 0.37500000, 0.00000000
0.75000000, -1.00000000, 0.25000000, 0.00000000
0.87500000, -1.00000000, 0.12500000, 0.00000000
1.00000000, -1.00000000, 0.00000000, 0.00000000
1.00000000, -0.87500000, -0.12500000, 0.00000000
1.00000000, -0.75000000, -0.25000000, 0.00000000
1.00000000, -0.62500000, -0.37500000, 0.00000000
1.00000000, -0.50000000, -0.50000000, 0.00000000
1.00000000, -0.37500000, -0.62500000, 0.00000000
1.00000000, -0.25000000, -0.75000000, 0.00000000
1.00000000, -0.12500000, -0.87500000, 0.00000000
