0.01000000, 0.00000000, -0.01000000, 0.00000000
0.00000000, 0.01000000, -0.01000000, 0.01744758
-0.00125000, 0.01000000, -0.00875000, 0.03324494
-0.00250000, 0.01000000, -0.00750000, 0.03649360
-0.00375000, 0.01000000, -0.00625000, 0.04445191
-0.00500000, 0.01000000, -0.00500000, 0.04248119
-0.00625000, 0.01000000, -0.00375000, 0.04564865
-0.00750000, 0.01000000, -0.00250000, 0.03896097
-0.00875000, 0.01000000, -0.00125000, 0.03692578
-0.01000000, 0.01000000, 0.00000000, 0.02243752
-0.01000000, 0.00875000, 0.00125000, 0.00745628
-0.01000000, 0.00750000, 0.00250000, 0.00085381
-0.01000000, 0.00625000, 0.00375000, -0.00336365
-0.01000000, 0.00500000, 0.00500000, -0.00467920
-0.01000000, 0.00375000, 0.00625000, -0.00441199
-0.01000000, 0.00250000, 0.00750000, -0.00406760
-0.01000000, 0.00125000, 0.00875000, -0.00216392
-0.01000000, 0.00000000, 0.01000000, 0.00000000
0.00000000, -0.01000000, 0.01000000, -0.02243752
0.00125000, -0.01000000, 0.00875000, -0.03692578
0.00250000, -0.01000000, 0.00750000, -0.03896097
0.00375000, -0.01000000, 0.00625000, -0.04564865
0.00500000, -0.01000000, 0.00500000, -0.04248119
0.00625000, -0.01000000, 0.00375000, -0.04445191
0.00750000, -0.01000000, 0.00250000, -0.03649360
0.00875000, -0.01000000, 0.00125000, -0.03324494
0.01000000, -0.01000000, 0.00000000, -0.01744758
0.01000000, -0.00875000, -0.00125000, -0.00278573
0.01000000, -0.00750000, -0.00250000, 0.00375108
0.01000000, -0.00625000, -0.00375000, 0.00644053
0.01000000, -0.00500000, -0.00500000, 0.00760069
0.01000000, -0.00375000, -0.00625000, 0.00628173
0.01000000, -0.00250000, -0.00750000, 0.00551042
0.01000000, -0.00125000, -0.00875000, 0.00256578
0.02000000, 0.00000000, -0.02000000, -0.00000000
0.01750000, 0.00250000, -0.02000000, -0.00109645
0.01500000, 0.00500000, -0.02000000, -0.00191232
0.01250000, 0.00750000, -0.02000000, -0.00232716
0.01000000, 0.01000000, -0.02000000, -0.00222583
0.00750000, 0.01250000, -0.02000000, -0.00099026
0.00500000, 0.01500000, -0.02000000, 0.00084430
0.00250000, 0.01750000, -0.02000000, 0.00464770
0.00000000, 0.02000000, -0.02000000, 0.01239787
-0.00250000, 0.02000000, -0.01750000, 0.02003730
-0.00500000, 0.02000000, -0.01500000, 0.02349865
-0.00750000, 0.02000000, -0.01250000, 0.02623065
-0.01000000, 0.02000000, -0.01000000, 0.02641410
-0.01250000, 0.02000000, -0.00750000, 0.02747946
-0.01500000, 0.02000000, -0.00500000, 0.02595414
-0.01750000, 0.02000000, -0.00250000, 0.02376426
-0.02000000, 0.02000000, 0.00000000, 0.01745039
-0.02000000, 0.01750000, 0.00250000, 0.00937940
-0.02000000, 0.01500000, 0.00500000, 0.00505305
-0.02000000, 0.01250000, 0.00750000, 0.00250305
-0.02000000, 0.01000000, 0.01000000, 0.00069507
-0.02000000, 0.00750000, 0.01250000, -0.00039388
-0.02000000, 0.00500000, 0.01500000, -0.00056997
-0.02000000, 0.00250000, 0.01750000, -0.00054835
-0.02000000, 0.00000000, 0.02000000, -0.00000000
-0.01750000, -0.00250000, 0.02000000, 0.00054835
-0.01500000, -0.00500000, 0.02000000, 0.00056997
-0.01250000, -0.00750000, 0.02000000, 0.00039388
-0.01000000, -0.01000000, 0.02000000, -0.00069507
-0.00750000, -0.01250000, 0.02000000, -0.00250305
-0.00500000, -0.01500000, 0.02000000, -0.00505305
-0.00250000, -0.01750000, 0.02000000, -0.00937940
0.00000000, -0.02000000, 0.02000000, -0.01745039
0.00250000, -0.02000000, 0.01750000, -0.02376426
0.00500000, -0.02000000, 0.01500000, -0.02595414
0.00750000, -0.02000000, 0.01250000, -0.02747946
0.01000000, -0.02000000, 0.01000000, -0.02641410
0.01250000, -0.02000000, 0.00750000, -0.02623065
0.01500000, -0.02000000, 0.00500000, -0.02349865
0.01750000, -0.02000000, 0.00250000, -0.02003730
0.02000000, -0.02000000, 0.00000000, -0.01239787
0.02000000, -0.01750000, -0.00250000, -0.00464770
0.02000000, -0.01500000, -0.00500000, -0.00084430
0.02000000, -0.01250000, -0.00750000, 0.00099026
0.02000000, -0.01000000, -0.01000000, 0.00222583
0.02000000, -0.00750000, -0.01250000, 0.00232716
0.02000000, -0.00500000, -0.01500000, 0.00191232
0.02000000, -0.00250000, -0.01750000, 0.00109645
0.03000000, 0.00000000, -0.03000000, 0.00000000
0.02625000, 0.00375000, -0.03000000, -0.00075949
0.02250000, 0.00750000, -0.03000000, -0.00124913
0.01875000, 0.01125000, -0.03000000, -0.00138520
0.01500000, 0.01500000, -0.03000000, -0.00105625
0.01125000, 0.01875000, -0.03000000, -0.00016385
0.00750000, 0.02250000, -0.03000000, 0.00140172
0.00375000, 0.02625000, -0.03000000, 0.00430564
0.00000000, 0.03000000, -0.03000000, 0.00994405
-0.00375000, 0.03000000, -0.02625000, 0.01560068
-0.00750000, 0.03000000, -0.02250000, 0.01833775
-0.01125000, 0.03000000, -0.01875000, 0.02032668
-0.01500000, 0.03000000, -0.01500000, 0.02133353
-0.01875000, 0.03000000, -0.01125000, 0.02149026
-0.02250000, 0.03000000, -0.00750000, 0.02065010
-0.02625000, 0.03000000, -0.00375000, 0.01912700
-0.03000000, 0.03000000, 0.00000000, 0.01476122
-0.03000000, 0.02625000, 0.00375000, 0.00893342
-0.03000000, 0.02250000, 0.00750000, 0.00553352
-0.03000000, 0.01875000, 0.01125000, 0.00327951
-0.03000000, 0.01500000, 0.01500000, 0.00164946
-0.03000000, 0.01125000, 0.01875000, 0.00058456
-0.03000000, 0.00750000, 0.02250000, 0.00006589
-0.03000000, 0.00375000, 0.02625000, -0.00021609
-0.03000000, 0.00000000, 0.03000000, 0.00000000
-0.02625000, -0.00375000, 0.03000000, 0.00021609
-0.02250000, -0.00750000, 0.03000000, -0.00006589
-0.01875000, -0.01125000, 0.03000000, -0.00058456
-0.01500000, -0.01500000, 0.03000000, -0.00164946
-0.01125000, -0.01875000, 0.03000000, -0.00327951
-0.00750000, -0.02250000, 0.03000000, -0.00553352
-0.00375000, -0.02625000, 0.03000000, -0.00893342
0.00000000, -0.03000000, 0.03000000, -0.01476122
0.00375000, -0.03000000, 0.02625000, -0.01912700
0.00750000, -0.03000000, 0.02250000, -0.02065010
0.01125000, -0.03000000, 0.01875000, -0.02149026
0.01500000, -0.03000000, 0.01500000, -0.02133353
0.01875000, -0.03000000, 0.01125000, -0.02032668
0.02250000, -0.03000000, 0.00750000, -0.01833775
0.02625000, -0.03000000, 0.00375000, -0.01560068
0.03000000, -0.03000000, 0.00000000, -0.00994405
0.03000000, -0.02625000, -0.00375000, -0.00430564
0.03000000, -0.02250000, -0.00750000, -0.00140172
0.03000000, -0.01875000, -0.01125000, 0.00016385
0.03000000, -0.01500000, -0.01500000, 0.00105625
0.03000000, -0.01125000, -0.01875000, 0.00138520
0.03000000, -0.00750000, -0.02250000, 0.00124913
0.03000000, -0.00375000, -0.02625000, 0.00075949
0.04000000, 0.00000000, -0.04000000, 0.00000000
0.03500000, 0.00500000, -0.04000000, -0.00061662
0.03000000, 0.01000000, -0.04000000, -0.00101633
0.02500000, 0.01500000, -0.04000000, -0.00110807
0.02000000, 0.02000000, -0.04000000, -0.00082710
0.01500000, 0.02500000, -0.04000000, -0.00006368
0.01000000, 0.03000000, -0.04000000, 0.00133018
0.00500000, 0.03500000, -0.04000000, 0.00367921
0.00000000, 0.04000000, -0.04000000, 0.00833885
-0.00500000, 0.04000000, -0.03500000, 0.01316006
-0.01000000, 0.04000000, -0.03000000, 0.01566434
-0.01500000, 0.04000000, -0.02500000, 0.01726182
-0.02000000, 0.04000000, -0.02000000, 0.01812490
-0.02500000, 0.04000000, -0.01500000, 0.01831828
-0.03000000, 0.04000000, -0.01000000, 0.01778747
-0.03500000, 0.04000000, -0.00500000, 0.01638517
-0.04000000, 0.04000000, 0.00000000, 0.01278785
-0.04000000, 0.03500000, 0.00500000, 0.00804281
-0.04000000, 0.03000000, 0.01000000, 0.00522262
-0.04000000, 0.02500000, 0.01500000, 0.00320573
-0.04000000, 0.02000000, 0.02000000, 0.00175777
-0.04000000, 0.01500000, 0.02500000, 0.00076210
-0.04000000, 0.01000000, 0.03000000, 0.00016381
-0.04000000, 0.00500000, 0.03500000, -0.00010877
-0.04000000, 0.00000000, 0.04000000, -0.00000000
-0.03500000, -0.00500000, 0.04000000, 0.00010877
-0.03000000, -0.01000000, 0.04000000, -0.00016381
-0.02500000, -0.01500000, 0.04000000, -0.00076210
-0.02000000, -0.02000000, 0.04000000, -0.00175777
-0.01500000, -0.02500000, 0.04000000, -0.00320573
-0.01000000, -0.03000000, 0.04000000, -0.00522262
-0.00500000, -0.03500000, 0.04000000, -0.00804281
0.00000000, -0.04000000, 0.04000000, -0.01278785
0.00500000, -0.04000000, 0.03500000, -0.01638517
0.01000000, -0.04000000, 0.03000000, -0.01778747
0.01500000, -0.04000000, 0.02500000, -0.01831828
0.02000000, -0.04000000, 0.02000000, -0.01812490
0.02500000, -0.04000000, 0.01500000, -0.01726182
0.03000000, -0.04000000, 0.01000000, -0.01566434
0.03500000, -0.04000000, 0.00500000, -0.01316006
0.04000000, -0.04000000, 0.00000000, -0.00833885
0.04000000, -0.03500000, -0.00500000, -0.00367921
0.04000000, -0.03000000, -0.01000000, -0.00133018
0.04000000, -0.02500000, -0.01500000, 0.00006368
0.04000000, -0.02000000, -0.02000000, 0.00082710
0.04000000, -0.01500000, -0.02500000, 0.00110807
0.04000000, -0.01000000, -0.03000000, 0.00101633
0.04000000, -0.00500000, -0.03500000, 0.00061662
0.05000000, 0.00000000, -0.05000000, 0.00000000
0.04375000, 0.00625000, -0.05000000, -0.00059417
0.03750000, 0.01250000, -0.05000000, -0.00097327
0.03125000, 0.01875000, -0.05000000, -0.00107908
0.02500000, 0.02500000, -0.05000000, -0.00083771
0.01875000, 0.03125000, -0.05000000, -0.00018575
0.01250000, 0.03750000, -0.05000000, 0.00101906
0.00625000, 0.04375000, -0.05000000, 0.00306209
0.00000000, 0.05000000, -0.05000000, 0.00715163
-0.00625000, 0.05000000, -0.04375000, 0.01145482
-0.01250000, 0.05000000, -0.03750000, 0.01373701
-0.01875000, 0.05000000, -0.03125000, 0.01517748
-0.02500000, 0.05000000, -0.02500000, 0.01599518
-0.03125000, 0.05000000, -0.01875000, 0.01611568
-0.03750000, 0.05000000, -0.01250000, 0.01562163
-0.04375000, 0.05000000, -0.00625000, 0.01433050
-0.05000000, 0.05000000, 0.00000000, 0.01116687
-0.05000000, 0.04375000, 0.00625000, 0.00712737
-0.05000000, 0.03750000, 0.01250000, 0.00467587
-0.05000000, 0.03125000, 0.01875000, 0.00289972
-0.05000000, 0.02500000, 0.02500000, 0.00158701
-0.05000000, 0.01875000, 0.03125000, 0.00067569
-0.05000000, 0.01250000, 0.03750000, 0.00012851
-0.05000000, 0.00625000, 0.04375000, -0.00012251
-0.05000000, 0.00000000, 0.05000000, 0.00000000
-0.04375000, -0.00625000, 0.05000000, 0.00012251
-0.03750000, -0.01250000, 0.05000000, -0.00012851
-0.03125000, -0.01875000, 0.05000000, -0.00067569
-0.02500000, -0.02500000, 0.05000000, -0.00158701
-0.01875000, -0.03125000, 0.05000000, -0.00289972
-0.01250000, -0.03750000, 0.05000000, -0.00467587
-0.00625000, -0.04375000, 0.05000000, -0.00712737
0.00000000, -0.05000000, 0.05000000, -0.01116687
0.00625000, -0.05000000, 0.04375000, -0.01433050
0.01250000, -0.05000000, 0.03750000, -0.01562163
0.01875000, -0.05000000, 0.03125000, -0.01611568
0.02500000, -0.05000000, 0.02500000, -0.01599518
0.03125000, -0.05000000, 0.01875000, -0.01517748
0.03750000, -0.05000000, 0.01250000, -0.01373701
0.04375000, -0.05000000, 0.00625000, -0.01145482
0.05000000, -0.05000000, 0.00000000, -0.00715163
0.05000000, -0.04375000, -0.00625000, -0.00306209
0.05000000, -0.03750000, -0.01250000, -0.00101906
0.05000000, -0.03125000, -0.01875000, 0.00018575
0.05000000, -0.02500000, -0.02500000, 0.00083771
0.05000000, -0.01875000, -0.03125000, 0.00107908
0.05000000, -0.01250000, -0.03750000, 0.00097327
0.05000000, -0.00625000, -0.04375000, 0.00059417
0.06000000, 0.00000000, -0.06000000, 0.00000000
0.05250000, 0.00750000, -0.06000000, -0.00055908
0.04500000, 0.01500000, -0.06000000, -0.00095814
0.03750000, 0.02250000, -0.06000000, -0.00111037
0.03000000, 0.03000000, -0.06000000, -0.00096841
0.02250000, 0.03750000, -0.06000000, -0.00041770
0.01500000, 0.04500000, -0.06000000, 0.00063712
0.00750000, 0.05250000, -0.06000000, 0.00247593
0.00000000, 0.06000000, -0.06000000, 0.00627301
-0.00750000, 0.06000000, -0.05250000, 0.01026784
-0.01500000, 0.06000000, -0.04500000, 0.01234153
-0.02250000, 0.06000000, -0.03750000, 0.01362870
-0.03000000, 0.06000000, -0.03000000, 0.01427609
-0.03750000, 0.06000000, -0.02250000, 0.01443510
-0.04500000, 0.06000000, -0.01500000, 0.01396609
-0.05250000, 0.06000000, -0.00750000, 0.01275640
-0.06000000, 0.06000000, 0.00000000, 0.00981412
-0.06000000, 0.05250000, 0.00750000, 0.00617459
-0.06000000, 0.04500000, 0.01500000, 0.00401088
-0.06000000, 0.03750000, 0.02250000, 0.00245435
-0.06000000, 0.03000000, 0.03000000, 0.00131461
-0.06000000, 0.02250000, 0.03750000, 0.00054338
-0.06000000, 0.01500000, 0.04500000, 0.00007181
-0.06000000, 0.00750000, 0.05250000, -0.00011414
-0.06000000, 0.00000000, 0.06000000, 0.00000000
-0.05250000, -0.00750000, 0.06000000, 0.00011414
-0.04500000, -0.01500000, 0.06000000, -0.00007181
-0.03750000, -0.02250000, 0.06000000, -0.00054338
-0.03000000, -0.03000000, 0.06000000, -0.00131461
-0.02250000, -0.03750000, 0.06000000, -0.00245435
-0.01500000, -0.04500000, 0.06000000, -0.00401088
-0.00750000, -0.05250000, 0.06000000, -0.00617459
0.00000000, -0.06000000, 0.06000000, -0.00981412
0.00750000, -0.06000000, 0.05250000, -0.01275640
0.01500000, -0.06000000, 0.04500000, -0.01396609
0.02250000, -0.06000000, 0.03750000, -0.01443510
0.03000000, -0.06000000, 0.03000000, -0.01427609
0.03750000, -0.06000000, 0.02250000, -0.01362870
0.04500000, -0.06000000, 0.01500000, -0.01234153
0.05250000, -0.06000000, 0.00750000, -0.01026784
0.06000000, -0.06000000, 0.00000000, -0.00627301
0.06000000, -0.05250000, -0.00750000, -0.00247593
0.06000000, -0.04500000, -0.01500000, -0.00063712
0.06000000, -0.03750000, -0.02250000, 0.00041770
0.06000000, -0.03000000, -0.03000000, 0.00096841
0.06000000, -0.02250000, -0.03750000, 0.00111037
0.06000000, -0.01500000, -0.04500000, 0.00095814
0.06000000, -0.00750000, -0.05250000, 0.00055908
0.07000000, 0.00000000, -0.07000000, 0.00000000
0.06125000, 0.00875000, -0.07000000, -0.00058309
0.05250000, 0.01750000, -0.07000000, -0.00100840
0.04375000, 0.02625000, -0.07000000, -0.00120740
0.03500000, 0.03500000, -0.07000000, -0.00112497
0.02625000, 0.04375000, -0.07000000, -0.00066670
0.01750000, 0.05250000, -0.07000000, 0.00027400
0.00875000, 0.06125000, -0.07000000, 0.00193616
0.00000000, 0.07000000, -0.07000000, 0.00547865
-0.00875000, 0.07000000, -0.06125000, 0.00921350
-0.01750000, 0.07000000, -0.05250000, 0.01118003
-0.02625000, 0.07000000, -0.04375000, 0.01237384
-0.03500000, 0.07000000, -0.03500000, 0.01296797
-0.04375000, 0.07000000, -0.02625000, 0.01304692
-0.05250000, 0.07000000, -0.01750000, 0.01254207
-0.06125000, 0.07000000, -0.00875000, 0.01130190
-0.07000000, 0.07000000, 0.00000000, 0.00853083
-0.07000000, 0.06125000, 0.00875000, 0.00531572
-0.07000000, 0.05250000, 0.01750000, 0.00340627
-0.07000000, 0.04375000, 0.02625000, 0.00201934
-0.07000000, 0.03500000, 0.03500000, 0.00101767
-0.07000000, 0.02625000, 0.04375000, 0.00034140
-0.07000000, 0.01750000, 0.05250000, -0.00004488
-0.07000000, 0.00875000, 0.06125000, -0.00014855
-0.07000000, 0.00000000, 0.07000000, 0.00000000
-0.06125000, -0.00875000, 0.07000000, 0.00014855
-0.05250000, -0.01750000, 0.07000000, 0.00004488
-0.04375000, -0.02625000, 0.07000000, -0.00034140
-0.03500000, -0.03500000, 0.07000000, -0.00101767
-0.02625000, -0.04375000, 0.07000000, -0.00201934
-0.01750000, -0.05250000, 0.07000000, -0.00340627
-0.00875000, -0.06125000, 0.07000000, -0.00531572
0.00000000, -0.07000000, 0.07000000, -0.00853083
0.00875000, -0.07000000, 0.06125000, -0.01130190
0.01750000, -0.07000000, 0.05250000, -0.01254207
0.02625000, -0.07000000, 0.04375000, -0.01304692
0.03500000, -0.07000000, 0.03500000, -0.01296797
0.04375000, -0.07000000, 0.02625000, -0.01237384
0.05250000, -0.07000000, 0.01750000, -0.01118003
0.06125000, -0.07000000, 0.00875000, -0.00921350
0.07000000, -0.07000000, 0.00000000, -0.00547865
0.07000000, -0.06125000, -0.00875000, -0.00193616
0.07000000, -0.05250000, -0.01750000, -0.00027400
0.07000000, -0.04375000, -0.02625000, 0.00066670
0.07000000, -0.03500000, -0.03500000, 0.00112497
0.07000000, -0.02625000, -0.04375000, 0.00120740
0.07000000, -0.01750000, -0.05250000, 0.00100840
0.07000000, -0.00875000, -0.06125000, 0.00058309
0.08000000, 0.00000000, -0.08000000, -0.00000000
0.07000000, 0.01000000, -0.08000000, -0.00062961
0.06000000, 0.02000000, -0.08000000, -0.00108817
0.05000000, 0.03000000, -0.08000000, -0.00133532
0.04000000, 0.04000000, -0.08000000, -0.00130046
0.03000000, 0.05000000, -0.08000000, -0.00092228
0.02000000, 0.06000000, -0.08000000, -0.00007366
0.01000000, 0.07000000, -0.08000000, 0.00145976
0.00000000, 0.08000000, -0.08000000, 0.00481578
-0.01000000, 0.08000000, -0.07000000, 0.00833386
-0.02000000, 0.08000000, -0.06000000, 0.01020456
-0.03000000, 0.08000000, -0.05000000, 0.01131519
-0.04000000, 0.08000000, -0.04000000, 0.01188171
-0.05000000, 0.08000000, -0.03000000, 0.01185537
-0.06000000, 0.08000000, -0.02000000, 0.01130402
-0.07000000, 0.08000000, -0.01000000, 0.01002714
-0.08000000, 0.08000000, 0.00000000, 0.00737710
-0.08000000, 0.07000000, 0.01000000, 0.00452612
-0.08000000, 0.06000000, 0.02000000, 0.00282971
-0.08000000, 0.05000000, 0.03000000, 0.00159579
-0.08000000, 0.04000000, 0.04000000, 0.00071058
-0.08000000, 0.03000000, 0.05000000, 0.00012195
-0.08000000, 0.02000000, 0.06000000, -0.00017917
-0.08000000, 0.01000000, 0.07000000, -0.00020926
-0.08000000, 0.00000000, 0.08000000, 0.00000000
-0.07000000, -0.01000000, 0.08000000, 0.00020926
-0.06000000, -0.02000000, 0.08000000, 0.00017917
-0.05000000, -0.03000000, 0.08000000, -0.00012195
-0.04000000, -0.04000000, 0.08000000, -0.00071058
-0.03000000, -0.05000000, 0.08000000, -0.00159579
-0.02000000, -0.06000000, 0.08000000, -0.00282971
-0.01000000, -0.07000000, 0.08000000, -0.00452612
0.00000000, -0.08000000, 0.08000000, -0.00737710
0.01000000, -0.08000000, 0.07000000, -0.01002714
0.02000000, -0.08000000, 0.06000000, -0.01130402
0.03000000, -0.08000000, 0.05000000, -0.01185537
0.04000000, -0.08000000, 0.04000000, -0.01188171
0.05000000, -0.08000000, 0.03000000, -0.01131519
0.06000000, -0.08000000, 0.02000000, -0.01020456
0.07000000, -0.08000000, 0.01000000, -0.00833386
0.08000000, -0.08000000, 0.00000000, -0.00481578
0.08000000, -0.07000000, -0.01000000, -0.00145976
0.08000000, -0.06000000, -0.02000000, 0.00007366
0.08000000, -0.05000000, -0.03000000, 0.00092228
0.08000000, -0.04000000, -0.04000000, 0.00130046
0.08000000, -0.03000000, -0.05000000, 0.00133532
0.08000000, -0.02000000, -0.06000000, 0.00108817
0.08000000, -0.01000000, -0.07000000, 0.00062961
0.09000000, 0.00000000, -0.09000000, -0.00000000
0.07875000, 0.01125000, -0.09000000, -0.00066204
0.06750000, 0.02250000, -0.09000000, -0.00116438
0.05625000, 0.03375000, -0.09000000, -0.00146546
0.04500000, 0.04500000, -0.09000000, -0.00149472
0.03375000, 0.05625000, -0.09000000, -0.00118560
0.02250000, 0.06750000, -0.09000000, -0.00041396
0.01125000, 0.07875000, -0.09000000, 0.00103826
0.00000000, 0.09000000, -0.09000000, 0.00429860
-0.01125000, 0.09000000, -0.07875000, 0.00765847
-0.02250000, 0.09000000, -0.06750000, 0.00940322
-0.03375000, 0.09000000, -0.05625000, 0.01041249
-0.04500000, 0.09000000, -0.04500000, 0.01089825
-0.05625000, 0.09000000, -0.03375000, 0.01082136
-0.06750000, 0.09000000, -0.02250000, 0.01024221
-0.07875000, 0.09000000, -0.01125000, 0.00896683
-0.09000000, 0.09000000, 0.00000000, 0.00637369
-0.09000000, 0.07875000, 0.01125000, 0.00376987
-0.09000000, 0.06750000, 0.02250000, 0.00225206
-0.09000000, 0.05625000, 0.03375000, 0.00116984
-0.09000000, 0.04500000, 0.04500000, 0.00040367
-0.09000000, 0.03375000, 0.05625000, -0.00007900
-0.09000000, 0.02250000, 0.06750000, -0.00029844
-0.09000000, 0.01125000, 0.07875000, -0.00026401
-0.09000000, 0.00000000, 0.09000000, -0.00000000
-0.07875000, -0.01125000, 0.09000000, 0.00026401
-0.06750000, -0.02250000, 0.09000000, 0.00029844
-0.05625000, -0.03375000, 0.09000000, 0.00007900
-0.04500000, -0.04500000, 0.09000000, -0.00040367
-0.03375000, -0.05625000, 0.09000000, -0.00116984
-0.02250000, -0.06750000, 0.09000000, -0.00225206
-0.01125000, -0.07875000, 0.09000000, -0.00376987
0.00000000, -0.09000000, 0.09000000, -0.00637369
0.01125000, -0.09000000, 0.07875000, -0.00896683
0.02250000, -0.09000000, 0.06750000, -0.01024221
0.03375000, -0.09000000, 0.05625000, -0.01082136
0.04500000, -0.09000000, 0.04500000, -0.01089825
0.05625000, -0.09000000, 0.03375000, -0.01041249
0.06750000, -0.09000000, 0.02250000, -0.00940322
0.07875000, -0.09000000, 0.01125000, -0.00765847
0.09000000, -0.09000000, 0.00000000, -0.00429860
0.09000000, -0.07875000, -0.01125000, -0.00103826
0.09000000, -0.06750000, -0.02250000, 0.00041396
0.09000000, -0.05625000, -0.03375000, 0.00118560
0.09000000, -0.04500000, -0.04500000, 0.00149472
0.09000000, -0.03375000, -0.05625000, 0.00146546
0.09000000, -0.02250000, -0.06750000, 0.00116438
0.09000000, -0.01125000, -0.07875000, 0.00066204
0.10000000, 0.00000000, -0.10000000, -0.00000000
0.08750000, 0.01250000, -0.10000000, -0.00068515
0.07500000, 0.02500000, -0.10000000, -0.00123739
0.06250000, 0.03750000, -0.10000000, -0.00159530
0.05000000, 0.05000000, -0.10000000, -0.00169692
0.03750000, 0.06250000, -0.10000000, -0.00144961
0.02500000, 0.07500000, -0.10000000, -0.00074260
0.01250000, 0.08750000, -0.10000000, 0.00065546
0.00000000, 0.10000000, -0.10000000, 0.00387212
-0.01250000, 0.10000000, -0.08750000, 0.00711329
-0.02500000, 0.10000000, -0.07500000, 0.00872485
-0.03750000, 0.10000000, -0.06250000, 0.00962929
-0.05000000, 0.10000000, -0.05000000, 0.01000653
-0.06250000, 0.10000000, -0.03750000, 0.00991095
-0.07500000, 0.10000000, -0.02500000, 0.00930991
-0.08750000, 0.10000000, -0.01250000, 0.00804830
-0.10000000, 0.10000000, 0.00000000, 0.00547183
-0.10000000, 0.08750000, 0.01250000, 0.00305273
-0.10000000, 0.07500000, 0.02500000, 0.00169374
-0.10000000, 0.06250000, 0.03750000, 0.00075478
-0.10000000, 0.05000000, 0.05000000, 0.00010963
-0.10000000, 0.03750000, 0.06250000, -0.00026265
-0.10000000, 0.02500000, 0.07500000, -0.00040361
-0.10000000, 0.01250000, 0.08750000, -0.00030843
-0.10000000, 0.00000000, 0.10000000, -0.00000000
-0.08750000, -0.01250000, 0.10000000, 0.00030843
-0.07500000, -0.02500000, 0.10000000, 0.00040361
-0.06250000, -0.03750000, 0.10000000, 0.00026265
-0.05000000, -0.05000000, 0.10000000, -0.00010963
-0.03750000, -0.06250000, 0.10000000, -0.00075478
-0.02500000, -0.07500000, 0.10000000, -0.00169374
-0.01250000, -0.08750000, 0.10000000, -0.00305273
0.00000000, -0.10000000, 0.10000000, -0.00547183
0.01250000, -0.10000000, 0.08750000, -0.00804830
0.02500000, -0.10000000, 0.07500000, -0.00930991
0.03750000, -0.10000000, 0.06250000, -0.00991095
0.05000000, -0.10000000, 0.05000000, -0.01000653
0.06250000, -0.10000000, 0.03750000, -0.00962929
0.07500000, -0.10000000, 0.02500000, -0.00872485
0.08750000, -0.10000000, 0.01250000, -0.00711329
0.10000000, -0.10000000, 0.00000000, -0.00387212
0.10000000, -0.08750000, -0.01250000, -0.00065546
0.10000000, -0.07500000, -0.02500000, 0.00074260
0.10000000, -0.06250000, -0.03750000, 0.00144961
0.10000000, -0.05000000, -0.05000000, 0.00169692
0.10000000, -0.03750000, -0.06250000, 0.00159530
0.10000000, -0.02500000, -0.07500000, 0.00123739
0.10000000, -0.01250000, -0.08750000, 0.00068515
0.15000000, 0.00000000, -0.15000000, -0.00000000
0.13125000, 0.01875000, -0.15000000, -0.00091014
0.11250000, 0.03750000, -0.15000000, -0.00169527
0.09375000, 0.05625000, -0.15000000, -0.00229684
0.07500000, 0.07500000, -0.15000000, -0.00263232
0.05625000, 0.09375000, -0.15000000, -0.00261957
0.03750000, 0.11250000, -0.15000000, -0.00211389
0.01875000, 0.13125000, -0.15000000, -0.00085930
0.00000000, 0.15000000, -0.15000000, 0.00225505
-0.01875000, 0.15000000, -0.13125000, 0.00496191
-0.03750000, 0.15000000, -0.11250000, 0.00615806
-0.05625000, 0.15000000, -0.09375000, 0.00671954
-0.07500000, 0.15000000, -0.07500000, 0.00683475
-0.09375000, 0.15000000, -0.05625000, 0.00647156
-0.11250000, 0.15000000, -0.03750000, 0.00567701
-0.13125000, 0.15000000, -0.01875000, 0.00430571
-0.15000000, 0.15000000, 0.00000000, 0.00181385
-0.15000000, 0.13125000, 0.01875000, 0.00029696
-0.15000000, 0.11250000, 0.03750000, -0.00043469
-0.15000000, 0.09375000, 0.05625000, -0.00086002
-0.15000000, 0.07500000, 0.07500000, -0.00105573
-0.15000000, 0.05625000, 0.09375000, -0.00105983
-0.15000000, 0.03750000, 0.11250000, -0.00087408
-0.15000000, 0.01875000, 0.13125000, -0.00051921
-0.15000000, 0.00000000, 0.15000000, 0.00000000
-0.13125000, -0.01875000, 0.15000000, 0.00051921
-0.11250000, -0.03750000, 0.15000000, 0.00087408
-0.09375000, -0.05625000, 0.15000000, 0.00105983
-0.07500000, -0.07500000, 0.15000000, 0.00105573
-0.05625000, -0.09375000, 0.15000000, 0.00086002
-0.03750000, -0.11250000, 0.15000000, 0.00043469
-0.01875000, -0.13125000, 0.15000000, -0.00029696
0.00000000, -0.15000000, 0.15000000, -0.00181385
0.01875000, -0.15000000, 0.13125000, -0.00430571
0.03750000, -0.15000000, 0.11250000, -0.00567701
0.05625000, -0.15000000, 0.09375000, -0.00647156
0.07500000, -0.15000000, 0.07500000, -0.00683475
0.09375000, -0.15000000, 0.05625000, -0.00671954
0.11250000, -0.15000000, 0.03750000, -0.00615806
0.13125000, -0.15000000, 0.01875000, -0.00496191
0.15000000, -0.15000000, 0.00000000, -0.00225505
0.15000000, -0.13125000, -0.01875000, 0.00085930
0.15000000, -0.11250000, -0.03750000, 0.00211389
0.15000000, -0.09375000, -0.05625000, 0.00261957
0.15000000, -0.07500000, -0.07500000, 0.00263232
0.15000000, -0.05625000, -0.09375000, 0.00229684
0.15000000, -0.03750000, -0.11250000, 0.00169527
0.15000000, -0.01875000, -0.13125000, 0.00091014
0.20000000, 0.00000000, -0.20000000, 0.00000000
0.17500000, 0.02500000, -0.20000000, -0.00106023
0.15000000, 0.05000000, -0.20000000, -0.00203576
0.12500000, 0.07500000, -0.20000000, -0.00282383
0.10000000, 0.10000000, -0.20000000, -0.00334782
0.07500000, 0.12500000, -0.20000000, -0.00347353
0.05000000, 0.15000000, -0.20000000, -0.00307051
0.02500000, 0.17500000, -0.20000000, -0.00182817
0.00000000, 0.20000000, -0.20000000, 0.00139665
-0.02500000, 0.20000000, -0.17500000, 0.00369394
-0.05000000, 0.20000000, -0.15000000, 0.00452500
-0.07500000, 0.20000000, -0.12500000, 0.00480558
-0.10000000, 0.20000000, -0.10000000, 0.00468094
-0.12500000, 0.20000000, -0.07500000, 0.00424106
-0.15000000, 0.20000000, -0.05000000, 0.00340339
-0.17500000, 0.20000000, -0.02500000, 0.00206550
-0.20000000, 0.20000000, 0.00000000, -0.00033945
-0.20000000, 0.17500000, 0.02500000, -0.00143759
-0.20000000, 0.15000000, 0.05000000, -0.00180302
-0.20000000, 0.12500000, 0.07500000, -0.00188290
-0.20000000, 0.10000000, 0.10000000, -0.00177785
-0.20000000, 0.07500000, 0.12500000, -0.00150788
-0.20000000, 0.05000000, 0.15000000, -0.00111841
-0.20000000, 0.02500000, 0.17500000, -0.00060941
-0.20000000, 0.00000000, 0.20000000, -0.00000000
-0.17500000, -0.02500000, 0.20000000, 0.00060941
-0.15000000, -0.05000000, 0.20000000, 0.00111841
-0.12500000, -0.07500000, 0.20000000, 0.00150788
-0.10000000, -0.10000000, 0.20000000, 0.00177785
-0.07500000, -0.12500000, 0.20000000, 0.00188290
-0.05000000, -0.15000000, 0.20000000, 0.00180302
-0.02500000, -0.17500000, 0.20000000, 0.00143759
0.00000000, -0.20000000, 0.20000000, 0.00033945
0.02500000, -0.20000000, 0.17500000, -0.00206550
0.05000000, -0.20000000, 0.15000000, -0.00340339
0.07500000, -0.20000000, 0.12500000, -0.00424106
0.10000000, -0.20000000, 0.10000000, -0.00468094
0.12500000, -0.20000000, 0.07500000, -0.00480558
0.15000000, -0.20000000, 0.05000000, -0.00452500
0.17500000, -0.20000000, 0.02500000, -0.00369394
0.20000000, -0.20000000, 0.00000000, -0.00139665
0.20000000, -0.17500000, -0.02500000, 0.00182817
0.20000000, -0.15000000, -0.05000000, 0.00307051
0.20000000, -0.12500000, -0.07500000, 0.00347353
0.20000000, -0.10000000, -0.10000000, 0.00334782
0.20000000, -0.07500000, -0.12500000, 0.00282383
0.20000000, -0.05000000, -0.15000000, 0.00203576
0.20000000, -0.02500000, -0.17500000, 0.00106023
0.25000000, 0.00000000, -0.25000000, -0.00000000
0.21875000, 0.03125000, -0.25000000, -0.00113067
0.18750000, 0.06250000, -0.25000000, -0.00218331
0.15625000, 0.09375000, -0.25000000, -0.00305807
0.12500000, 0.12500000, -0.25000000, -0.00365647
0.09375000, 0.15625000, -0.25000000, -0.00386552
0.06250000, 0.18750000, -0.25000000, -0.00353005
0.03125000, 0.21875000, -0.25000000, -0.00235318
0.00000000, 0.25000000, -0.25000000, 0.00077388
-0.03125000, 0.25000000, -0.21875000, 0.00264754
-0.06250000, 0.25000000, -0.18750000, 0.00325934
-0.09375000, 0.25000000, -0.15625000, 0.00341131
-0.12500000, 0.25000000, -0.12500000, 0.00324490
-0.15625000, 0.25000000, -0.09375000, 0.00274541
-0.18750000, 0.25000000, -0.06250000, 0.00192031
-0.21875000, 0.25000000, -0.03125000, 0.00066090
-0.25000000, 0.25000000, 0.00000000, -0.00148990
-0.25000000, 0.21875000, 0.03125000, -0.00228299
-0.25000000, 0.18750000, 0.06250000, -0.00244834
-0.25000000, 0.15625000, 0.09375000, -0.00236136
-0.25000000, 0.12500000, 0.12500000, -0.00209821
-0.25000000, 0.09375000, 0.15625000, -0.00170806
-0.25000000, 0.06250000, 0.18750000, -0.00120968
-0.25000000, 0.03125000, 0.21875000, -0.00063405
-0.25000000, 0.00000000, 0.25000000, 0.00000000
-0.21875000, -0.03125000, 0.25000000, 0.00063405
-0.18750000, -0.06250000, 0.25000000, 0.00120968
-0.15625000, -0.09375000, 0.25000000, 0.00170806
-0.12500000, -0.12500000, 0.25000000, 0.00209821
-0.09375000, -0.15625000, 0.25000000, 0.00236136
-0.06250000, -0.18750000, 0.25000000, 0.00244834
-0.03125000, -0.21875000, 0.25000000, 0.00228299
0.00000000, -0.25000000, 0.25000000, 0.00148990
0.03125000, -0.25000000, 0.21875000, -0.00066090
0.06250000, -0.25000000, 0.18750000, -0.00192031
0.09375000, -0.25000000, 0.15625000, -0.00274541
0.12500000, -0.25000000, 0.12500000, -0.00324490
0.15625000, -0.25000000, 0.09375000, -0.00341131
0.18750000, -0.25000000, 0.06250000, -0.00325934
0.21875000, -0.25000000, 0.03125000, -0.00264754
0.25000000, -0.25000000, 0.00000000, -0.00077388
0.25000000, -0.21875000, -0.03125000, 0.00235318
0.25000000, -0.18750000, -0.06250000, 0.00353005
0.25000000, -0.15625000, -0.09375000, 0.00386552
0.25000000, -0.12500000, -0.12500000, 0.00365647
0.25000000, -0.09375000, -0.15625000, 0.00305807
0.25000000, -0.06250000, -0.18750000, 0.00218331
0.25000000, -0.03125000, -0.21875000, 0.00113067
0.30000000, 0.00000000, -0.30000000, -0.00000000
0.26250000, 0.03750000, -0.30000000, -0.00105270
0.22500000, 0.07500000, -0.30000000, -0.00206740
0.18750000, 0.11250000, -0.30000000, -0.00292852
0.15000000, 0.15000000, -0.30000000, -0.00353482
0.11250000, 0.18750000, -0.30000000, -0.00376895
0.07500000, 0.22500000, -0.30000000, -0.00349243
0.03750000, 0.26250000, -0.30000000, -0.00242551
0.00000000, 0.30000000, -0.30000000, 0.00042968
-0.03750000, 0.30000000, -0.26250000, 0.00188003
-0.07500000, 0.30000000, -0.22500000, 0.00230679
-0.11250000, 0.30000000, -0.18750000, 0.00237898
-0.15000000, 0.30000000, -0.15000000, 0.00220232
-0.18750000, 0.30000000, -0.11250000, 0.00176467
-0.22500000, 0.30000000, -0.07500000, 0.00106415
-0.26250000, 0.30000000, -0.03750000, 0.00001026
-0.30000000, 0.30000000, 0.00000000, -0.00177393
-0.30000000, 0.26250000, 0.03750000, -0.00249942
-0.30000000, 0.22500000, 0.07500000, -0.00260428
-0.30000000, 0.18750000, 0.11250000, -0.00244410
-0.30000000, 0.15000000, 0.15000000, -0.00211817
-0.30000000, 0.11250000, 0.18750000, -0.00167210
-0.30000000, 0.07500000, 0.22500000, -0.00114796
-0.30000000, 0.03750000, 0.26250000, -0.00057936
-0.30000000, 0.00000000, 0.30000000, 0.00000000
-0.26250000, -0.03750000, 0.30000000, 0.00057936
-0.22500000, -0.07500000, 0.30000000, 0.00114796
-0.18750000, -0.11250000, 0.30000000, 0.00167210
-0.15000000, -0.15000000, 0.30000000, 0.00211817
-0.11250000, -0.18750000, 0.30000000, 0.00244410
-0.07500000, -0.22500000, 0.30000000, 0.00260428
-0.03750000, -0.26250000, 0.30000000, 0.00249942
0.00000000, -0.30000000, 0.30000000, 0.00177393
0.03750000, -0.30000000, 0.26250000, -0.00001026
0.07500000, -0.30000000, 0.22500000, -0.00106415
0.11250000, -0.30000000, 0.18750000, -0.00176467
0.15000000, -0.30000000, 0.15000000, -0.00220232
0.18750000, -0.30000000, 0.11250000, -0.00237898
0.22500000, -0.30000000, 0.07500000, -0.00230679
0.26250000, -0.30000000, 0.03750000, -0.00188003
0.30000000, -0.30000000, 0.00000000, -0.00042968
0.30000000, -0.26250000, -0.03750000, 0.00242551
0.30000000, -0.22500000, -0.07500000, 0.00349243
0.30000000, -0.18750000, -0.11250000, 0.00376895
0.30000000, -0.15000000, -0.15000000, 0.00353482
0.30000000, -0.11250000, -0.18750000, 0.00292852
0.30000000, -0.07500000, -0.22500000, 0.00206740
0.30000000, -0.03750000, -0.26250000, 0.00105270
0.35000000, 0.00000000, -0.35000000, 0.00000000
0.30625000, 0.04375000, -0.35000000, -0.00086013
0.26250000, 0.08750000, -0.35000000, -0.00173990
0.21875000, 0.13125000, -0.35000000, -0.00250134
0.17500000, 0.17500000, -0.35000000, -0.00305286
0.13125000, 0.21875000, -0.35000000, -0.00326938
0.08750000, 0.26250000, -0.35000000, -0.00304578
0.04375000, 0.30625000, -0.35000000, -0.00214370
0.00000000, 0.35000000, -0.35000000, 0.00024993
-0.04375000, 0.35000000, -0.30625000, 0.00130585
-0.08750000, 0.35000000, -0.26250000, 0.00158694
-0.13125000, 0.35000000, -0.21875000, 0.00162059
-0.17500000, 0.35000000, -0.17500000, 0.00145593
-0.21875000, 0.35000000, -0.13125000, 0.00113877
-0.26250000, 0.35000000, -0.08750000, 0.00060717
-0.30625000, 0.35000000, -0.04375000, -0.00018804
-0.35000000, 0.35000000, 0.00000000, -0.00156707
-0.35000000, 0.30625000, 0.04375000, -0.00230035
-0.35000000, 0.26250000, 0.08750000, -0.00240801
-0.35000000, 0.21875000, 0.13125000, -0.00223895
-0.35000000, 0.17500000, 0.17500000, -0.00190755
-0.35000000, 0.13125000, 0.21875000, -0.00146273
-0.35000000, 0.08750000, 0.26250000, -0.00097214
-0.35000000, 0.04375000, 0.30625000, -0.00046731
-0.35000000, 0.00000000, 0.35000000, -0.00000000
-0.30625000, -0.04375000, 0.35000000, 0.00046731
-0.26250000, -0.08750000, 0.35000000, 0.00097214
-0.21875000, -0.13125000, 0.35000000, 0.00146273
-0.17500000, -0.17500000, 0.35000000, 0.00190755
-0.13125000, -0.21875000, 0.35000000, 0.00223895
-0.08750000, -0.26250000, 0.35000000, 0.00240801
-0.04375000, -0.30625000, 0.35000000, 0.00230035
0.00000000, -0.35000000, 0.35000000, 0.00156707
0.04375000, -0.35000000, 0.30625000, 0.00018804
0.08750000, -0.35000000, 0.26250000, -0.00060717
0.13125000, -0.35000000, 0.21875000, -0.00113877
0.17500000, -0.35000000, 0.17500000, -0.00145593
0.21875000, -0.35000000, 0.13125000, -0.00162059
0.26250000, -0.35000000, 0.08750000, -0.00158694
0.30625000, -0.35000000, 0.04375000, -0.00130585
0.35000000, -0.35000000, 0.00000000, -0.00024993
0.35000000, -0.30625000, -0.04375000, 0.00214370
0.35000000, -0.26250000, -0.08750000, 0.00304578
0.35000000, -0.21875000, -0.13125000, 0.00326938
0.35000000, -0.17500000, -0.17500000, 0.00305286
0.35000000, -0.13125000, -0.21875000, 0.00250134
0.35000000, -0.08750000, -0.26250000, 0.00173990
0.35000000, -0.04375000, -0.30625000, 0.00086013
0.40000000, 0.00000000, -0.40000000, 0.00000000
0.35000000, 0.05000000, -0.40000000, -0.00064069
0.30000000, 0.10000000, -0.40000000, -0.00132381
0.25000000, 0.15000000, -0.40000000, -0.00192593
0.20000000, 0.20000000, -0.40000000, -0.00235845
0.15000000, 0.25000000, -0.40000000, -0.00253107
0.10000000, 0.30000000, -0.40000000, -0.00235361
0.05000000, 0.35000000, -0.40000000, -0.00166079
0.00000000, 0.40000000, -0.40000000, 0.00012894
-0.05000000, 0.40000000, -0.35000000, 0.00082179
-0.10000000, 0.40000000, -0.30000000, 0.00102410
-0.15000000, 0.40000000, -0.25000000, 0.00106633
-0.20000000, 0.40000000, -0.20000000, 0.00097297
-0.25000000, 0.40000000, -0.15000000, 0.00073519
-0.30000000, 0.40000000, -0.10000000, 0.00034506
-0.35000000, 0.40000000, -0.05000000, -0.00023014
-0.40000000, 0.40000000, 0.00000000, -0.00119569
-0.40000000, 0.35000000, 0.05000000, -0.00185192
-0.40000000, 0.30000000, 0.10000000, -0.00196985
-0.40000000, 0.25000000, 0.15000000, -0.00183716
-0.40000000, 0.20000000, 0.20000000, -0.00154781
-0.40000000, 0.15000000, 0.25000000, -0.00116859
-0.40000000, 0.10000000, 0.30000000, -0.00075122
-0.40000000, 0.05000000, 0.35000000, -0.00034520
-0.40000000, 0.00000000, 0.40000000, -0.00000000
-0.35000000, -0.05000000, 0.40000000, 0.00034520
-0.30000000, -0.10000000, 0.40000000, 0.00075122
-0.25000000, -0.15000000, 0.40000000, 0.00116859
-0.20000000, -0.20000000, 0.40000000, 0.00154781
-0.15000000, -0.25000000, 0.40000000, 0.00183716
-0.10000000, -0.30000000, 0.40000000, 0.00196985
-0.05000000, -0.35000000, 0.40000000, 0.00185192
0.00000000, -0.40000000, 0.40000000, 0.00119569
0.05000000, -0.40000000, 0.35000000, 0.00023014
0.10000000, -0.40000000, 0.30000000, -0.00034506
0.15000000, -0.40000000, 0.25000000, -0.00073519
0.20000000, -0.40000000, 0.20000000, -0.00097297
0.25000000, -0.40000000, 0.15000000, -0.00106633
0.30000000, -0.40000000, 0.10000000, -0.00102410
0.35000000, -0.40000000, 0.05000000, -0.00082179
0.40000000, -0.40000000, 0.00000000, -0.00012894
0.40000000, -0.35000000, -0.05000000, 0.00166079
0.40000000, -0.30000000, -0.10000000, 0.00235361
0.40000000, -0.25000000, -0.15000000, 0.00253107
0.40000000, -0.20000000, -0.20000000, 0.00235845
0.40000000, -0.15000000, -0.25000000, 0.00192593
0.40000000, -0.10000000, -0.30000000, 0.00132381
0.40000000, -0.05000000, -0.35000000, 0.00064069
0.45000000, 0.00000000, -0.45000000, -0.00000000
0.39375000, 0.05625000, -0.45000000, -0.00043097
0.33750000, 0.11250000, -0.45000000, -0.00090845
0.28125000, 0.16875000, -0.45000000, -0.00133535
0.22500000, 0.22500000, -0.45000000, -0.00163421
0.16875000, 0.28125000, -0.45000000, -0.00174979
0.11250000, 0.33750000, -0.45000000, -0.00161353
0.05625000, 0.39375000, -0.45000000, -0.00112653
0.00000000, 0.45000000, -0.45000000, 0.00007882
-0.05625000, 0.45000000, -0.39375000, 0.00048290
-0.11250000, 0.45000000, -0.33750000, 0.00062968
-0.16875000, 0.45000000, -0.28125000, 0.00068104
-0.22500000, 0.45000000, -0.22500000, 0.00064635
-0.28125000, 0.45000000, -0.16875000, 0.00047664
-0.33750000, 0.45000000, -0.11250000, 0.00020750
-0.39375000, 0.45000000, -0.05625000, -0.00018011
-0.45000000, 0.45000000, 0.00000000, -0.00078783
-0.45000000, 0.39375000, 0.05625000, -0.00133401
-0.45000000, 0.33750000, 0.11250000, -0.00145480
-0.45000000, 0.28125000, 0.16875000, -0.00136463
-0.45000000, 0.22500000, 0.22500000, -0.00113954
-0.45000000, 0.16875000, 0.28125000, -0.00084616
-0.45000000, 0.11250000, 0.33750000, -0.00052477
-0.45000000, 0.05625000, 0.39375000, -0.00022881
-0.45000000, 0.00000000, 0.45000000, 0.00000000
-0.39375000, -0.05625000, 0.45000000, 0.00022881
-0.33750000, -0.11250000, 0.45000000, 0.00052477
-0.28125000, -0.16875000, 0.45000000, 0.00084616
-0.22500000, -0.22500000, 0.45000000, 0.00113954
-0.16875000, -0.28125000, 0.45000000, 0.00136463
-0.11250000, -0.33750000, 0.45000000, 0.00145480
-0.05625000, -0.39375000, 0.45000000, 0.00133401
0.00000000, -0.45000000, 0.45000000, 0.00078783
0.05625000, -0.45000000, 0.39375000, 0.00018011
0.11250000, -0.45000000, 0.33750000, -0.00020750
0.16875000, -0.45000000, 0.28125000, -0.00047664
0.22500000, -0.45000000, 0.22500000, -0.00064635
0.28125000, -0.45000000, 0.16875000, -0.00068104
0.33750000, -0.45000000, 0.11250000, -0.00062968
0.39375000, -0.45000000, 0.05625000, -0.00048290
0.45000000, -0.45000000, 0.00000000, -0.00007882
0.45000000, -0.39375000, -0.05625000, 0.00112653
0.45000000, -0.33750000, -0.11250000, 0.00161353
0.45000000, -0.28125000, -0.16875000, 0.00174979
0.45000000, -0.22500000, -0.22500000, 0.00163421
0.45000000, -0.16875000, -0.28125000, 0.00133535
0.45000000, -0.11250000, -0.33750000, 0.00090845
0.45000000, -0.05625000, -0.39375000, 0.00043097
0.50000000, 0.00000000, -0.50000000, 0.00000000
0.43750000, 0.06250000, -0.50000000, -0.00025238
0.37500000, 0.12500000, -0.50000000, -0.00055477
0.31250000, 0.18750000, -0.50000000, -0.00082744
0.25000000, 0.25000000, -0.50000000, -0.00101653
0.18750000, 0.31250000, -0.50000000, -0.00107798
0.12500000, 0.37500000, -0.50000000, -0.00097878
0.06250000, 0.43750000, -0.50000000, -0.00066256
0.00000000, 0.50000000, -0.50000000, 0.00007885
-0.06250000, 0.50000000, -0.43750000, 0.00029573
-0.12500000, 0.50000000, -0.37500000, 0.00038831
-0.18750000, 0.50000000, -0.31250000, 0.00042982
-0.25000000, 0.50000000, -0.25000000, 0.00040748
-0.31250000, 0.50000000, -0.18750000, 0.00031278
-0.37500000, 0.50000000, -0.12500000, 0.00014818
-0.43750000, 0.50000000, -0.06250000, -0.00008058
-0.50000000, 0.50000000, 0.00000000, -0.00043056
-0.50000000, 0.43750000, 0.06250000, -0.00087238
-0.50000000, 0.37500000, 0.12500000, -0.00098395
-0.50000000, 0.31250000, 0.18750000, -0.00092416
-0.50000000, 0.25000000, 0.25000000, -0.00076234
-0.50000000, 0.18750000, 0.31250000, -0.00054590
-0.50000000, 0.12500000, 0.37500000, -0.00032323
-0.50000000, 0.06250000, 0.43750000, -0.00012887
-0.50000000, 0.00000000, 0.50000000, 0.00000000
-0.43750000, -0.06250000, 0.50000000, 0.00012887
-0.37500000, -0.12500000, 0.50000000, 0.00032323
-0.31250000, -0.18750000, 0.50000000, 0.00054590
-0.25000000, -0.25000000, 0.50000000, 0.00076234
-0.18750000, -0.31250000, 0.50000000, 0.00092416
-0.12500000, -0.37500000, 0.50000000, 0.00098395
-0.06250000, -0.43750000, 0.50000000, 0.00087238
0.00000000, -0.50000000, 0.50000000, 0.00043056
0.06250000, -0.50000000, 0.43750000, 0.00008058
0.12500000, -0.50000000, 0.37500000, -0.00014818
0.18750000, -0.50000000, 0.31250000, -0.00031278
0.25000000, -0.50000000, 0.25000000, -0.00040748
0.31250000, -0.50000000, 0.18750000, -0.00042982
0.37500000, -0.50000000, 0.12500000, -0.00038831
0.43750000, -0.50000000, 0.06250000, -0.00029573
0.50000000, -0.50000000, 0.00000000, -0.00007885
0.50000000, -0.43750000, -0.06250000, 0.00066256
0.50000000, -0.37500000, -0.12500000, 0.00097878
0.50000000, -0.31250000, -0.18750000, 0.00107798
0.50000000, -0.25000000, -0.25000000, 0.00101653
0.50000000, -0.18750000, -0.31250000, 0.00082744
0.50000000, -0.12500000, -0.37500000, 0.00055477
0.50000000, -0.06250000, -0.43750000, 0.00025238
0.55000000, 0.00000000, -0.55000000, 0.00000000
0.48125000, 0.06875000, -0.55000000, -0.00012763
0.41250000, 0.13750000, -0.55000000, -0.00030011
0.34375000, 0.20625000, -0.55000000, -0.00045640
0.27500000, 0.27500000, -0.55000000, -0.00056412
0.20625000, 0.34375000, -0.55000000, -0.00058735
0.13750000, 0.41250000, -0.55000000, -0.00051997
0.06875000, 0.48125000, -0.55000000, -0.00033472
0.00000000, 0.55000000, -0.55000000, 0.00006976
-0.06875000, 0.55000000, -0.48125000, 0.00018225
-0.13750000, 0.55000000, -0.41250000, 0.00023828
-0.20625000, 0.55000000, -0.34375000, 0.00026885
-0.27500000, 0.55000000, -0.27500000, 0.00024813
-0.34375000, 0.55000000, -0.20625000, 0.00020399
-0.41250000, 0.55000000, -0.13750000, 0.00011019
-0.48125000, 0.55000000, -0.06875000, -0.00001087
-0.55000000, 0.55000000, 0.00000000, -0.00019675
-0.55000000, 0.48125000, 0.06875000, -0.00051453
-0.55000000, 0.41250000, 0.13750000, -0.00060295
-0.55000000, 0.34375000, 0.20625000, -0.00056663
-0.55000000, 0.27500000, 0.27500000, -0.00045929
-0.55000000, 0.20625000, 0.34375000, -0.00031232
-0.55000000, 0.13750000, 0.41250000, -0.00017351
-0.55000000, 0.06875000, 0.48125000, -0.00006023
-0.55000000, 0.00000000, 0.55000000, -0.00000000
-0.48125000, -0.06875000, 0.55000000, 0.00006023
-0.41250000, -0.13750000, 0.55000000, 0.00017351
-0.34375000, -0.20625000, 0.55000000, 0.00031232
-0.27500000, -0.27500000, 0.55000000, 0.00045929
-0.20625000, -0.34375000, 0.55000000, 0.00056663
-0.13750000, -0.41250000, 0.55000000, 0.00060295
-0.06875000, -0.48125000, 0.55000000, 0.00051453
0.00000000, -0.55000000, 0.55000000, 0.00019675
0.06875000, -0.55000000, 0.48125000, 0.00001087
0.13750000, -0.55000000, 0.41250000, -0.00011019
0.20625000, -0.55000000, 0.34375000, -0.00020399
0.27500000, -0.55000000, 0.27500000, -0.00024813
0.34375000, -0.55000000, 0.20625000, -0.00026885
0.41250000, -0.55000000, 0.13750000, -0.00023828
0.48125000, -0.55000000, 0.06875000, -0.00018225
0.55000000, -0.55000000, 0.00000000, -0.00006976
0.55000000, -0.48125000, -0.06875000, 0.00033472
0.55000000, -0.41250000, -0.13750000, 0.00051997
0.55000000, -0.34375000, -0.20625000, 0.00058735
0.55000000, -0.27500000, -0.27500000, 0.00056412
0.55000000, -0.20625000, -0.34375000, 0.00045640
0.55000000, -0.13750000, -0.41250000, 0.00030011
0.55000000, -0.06875000, -0.48125000, 0.00012763
0.60000000, 0.00000000, -0.60000000, 0.00000000
0.52500000, 0.07500000, -0.60000000, -0.00006016
0.45000000, 0.15000000, -0.60000000, -0.00014672
0.37500000, 0.22500000, -0.60000000, -0.00022572
0.30000000, 0.30000000, -0.60000000, -0.00027515
0.22500000, 0.37500000, -0.60000000, -0.00027888
0.15000000, 0.45000000, -0.60000000, -0.00023668
0.07500000, 0.52500000, -0.60000000, -0.00014470
0.00000000, 0.60000000, -0.60000000, 0.00003311
-0.07500000, 0.60000000, -0.52500000, 0.00008821
-0.15000000, 0.60000000, -0.45000000, 0.00013226
-0.22500000, 0.60000000, -0.37500000, 0.00016267
-0.30000000, 0.60000000, -0.30000000, 0.00015908
-0.37500000, 0.60000000, -0.22500000, 0.00012629
-0.45000000, 0.60000000, -0.15000000, 0.00006624
-0.52500000, 0.60000000, -0.07500000, -0.00000194
-0.60000000, 0.60000000, 0.00000000, -0.00008834
-0.60000000, 0.52500000, 0.07500000, -0.00026483
-0.60000000, 0.45000000, 0.15000000, -0.00032279
-0.60000000, 0.37500000, 0.22500000, -0.00030768
-0.60000000, 0.30000000, 0.30000000, -0.00024486
-0.60000000, 0.22500000, 0.37500000, -0.00016103
-0.60000000, 0.15000000, 0.45000000, -0.00008303
-0.60000000, 0.07500000, 0.52500000, -0.00002581
-0.60000000, 0.00000000, 0.60000000, -0.00000000
-0.52500000, -0.07500000, 0.60000000, 0.00002581
-0.45000000, -0.15000000, 0.60000000, 0.00008303
-0.37500000, -0.22500000, 0.60000000, 0.00016103
-0.30000000, -0.30000000, 0.60000000, 0.00024486
-0.22500000, -0.37500000, 0.60000000, 0.00030768
-0.15000000, -0.45000000, 0.60000000, 0.00032279
-0.07500000, -0.52500000, 0.60000000, 0.00026483
0.00000000, -0.60000000, 0.60000000, 0.00008834
0.07500000, -0.60000000, 0.52500000, 0.00000194
0.15000000, -0.60000000, 0.45000000, -0.00006624
0.22500000, -0.60000000, 0.37500000, -0.00012629
0.30000000, -0.60000000, 0.30000000, -0.00015908
0.37500000, -0.60000000, 0.22500000, -0.00016267
0.45000000, -0.60000000, 0.15000000, -0.00013226
0.52500000, -0.60000000, 0.07500000, -0.00008821
0.60000000, -0.60000000, 0.00000000, -0.00003311
0.60000000, -0.52500000, -0.07500000, 0.00014470
0.60000000, -0.45000000, -0.15000000, 0.00023668
0.60000000, -0.37500000, -0.22500000, 0.00027888
0.60000000, -0.30000000, -0.30000000, 0.00027515
0.60000000, -0.22500000, -0.37500000, 0.00022572
0.60000000, -0.15000000, -0.45000000, 0.00014672
0.60000000, -0.07500000, -0.52500000, 0.00006016
0.65000000, 0.00000000, -0.65000000, -0.00000000
0.56875000, 0.08125000, -0.65000000, -0.00002956
0.48750000, 0.16250000, -0.65000000, -0.00006689
0.40625000, 0.24375000, -0.65000000, -0.00010143
0.32500000, 0.32500000, -0.65000000, -0.00011621
0.24375000, 0.40625000, -0.65000000, -0.00011321
0.16250000, 0.48750000, -0.65000000, -0.00008933
0.08125000, 0.56875000, -0.65000000, -0.00005320
0.00000000, 0.65000000, -0.65000000, 0.00000089
-0.08125000, 0.65000000, -0.56875000, 0.00002328
-0.16250000, 0.65000000, -0.48750000, 0.00006203
-0.24375000, 0.65000000, -0.40625000, 0.00009318
-0.32500000, 0.65000000, -0.32500000, 0.00010643
-0.40625000, 0.65000000, -0.24375000, 0.00007185
-0.48750000, 0.65000000, -0.16250000, 0.00002836
-0.56875000, 0.65000000, -0.08125000, -0.00001501
-0.65000000, 0.65000000, 0.00000000, -0.00004534
-0.65000000, 0.56875000, 0.08125000, -0.00011388
-0.65000000, 0.48750000, 0.16250000, -0.00014583
-0.65000000, 0.40625000, 0.24375000, -0.00014490
-0.65000000, 0.32500000, 0.32500000, -0.00011406
-0.65000000, 0.24375000, 0.40625000, -0.00007612
-0.65000000, 0.16250000, 0.48750000, -0.00003700
-0.65000000, 0.08125000, 0.56875000, -0.00001245
-0.65000000, 0.00000000, 0.65000000, 0.00000000
-0.56875000, -0.08125000, 0.65000000, 0.00001245
-0.48750000, -0.16250000, 0.65000000, 0.00003700
-0.40625000, -0.24375000, 0.65000000, 0.00007612
-0.32500000, -0.32500000, 0.65000000, 0.00011406
-0.24375000, -0.40625000, 0.65000000, 0.00014490
-0.16250000, -0.48750000, 0.65000000, 0.00014583
-0.08125000, -0.56875000, 0.65000000, 0.00011388
0.00000000, -0.65000000, 0.65000000, 0.00004534
0.08125000, -0.65000000, 0.56875000, 0.00001501
0.16250000, -0.65000000, 0.48750000, -0.00002836
0.24375000, -0.65000000, 0.40625000, -0.00007185
0.32500000, -0.65000000, 0.32500000, -0.00010643
0.40625000, -0.65000000, 0.24375000, -0.00009318
0.48750000, -0.65000000, 0.16250000, -0.00006203
0.56875000, -0.65000000, 0.08125000, -0.00002328
0.65000000, -0.65000000, 0.00000000, -0.00000089
0.65000000, -0.56875000, -0.08125000, 0.00005320
0.65000000, -0.48750000, -0.16250000, 0.00008933
0.65000000, -0.40625000, -0.24375000, 0.00011321
0.65000000, -0.32500000, -0.32500000, 0.00011621
0.65000000, -0.24375000, -0.40625000, 0.00010143
0.65000000, -0.16250000, -0.48750000, 0.00006689
0.65000000, -0.08125000, -0.56875000, 0.00002956
0.70000000, 0.00000000, -0.70000000, -0.00000000
0.61250000, 0.08750000, -0.70000000, -0.00001239
0.52500000, 0.17500000, -0.70000000, -0.00002694
0.43750000, 0.26250000, -0.70000000, -0.00004046
0.35000000, 0.35000000, -0.70000000, -0.00004348
0.26250000, 0.43750000, -0.70000000, -0.00003923
0.17500000, 0.52500000, -0.70000000, -0.00002746
0.08750000, 0.61250000, -0.70000000, -0.00001509
0.00000000, 0.70000000, -0.70000000, -0.00000105
-0.08750000, 0.70000000, -0.61250000, 0.00000611
-0.17500000, 0.70000000, -0.52500000, 0.00002994
-0.26250000, 0.70000000, -0.43750000, 0.00005158
-0.35000000, 0.70000000, -0.35000000, 0.00006089
-0.43750000, 0.70000000, -0.26250000, 0.00003855
-0.52500000, 0.70000000, -0.17500000, 0.00001300
-0.61250000, 0.70000000, -0.08750000, -0.00000815
-0.70000000, 0.70000000, 0.00000000, -0.00001461
-0.70000000, 0.61250000, 0.08750000, -0.00004181
-0.70000000, 0.52500000, 0.17500000, -0.00005872
-0.70000000, 0.43750000, 0.26250000, -0.00006086
-0.70000000, 0.35000000, 0.35000000, -0.00004769
-0.70000000, 0.26250000, 0.43750000, -0.00003102
-0.70000000, 0.17500000, 0.52500000, -0.00001424
-0.70000000, 0.08750000, 0.61250000, -0.00000502
-0.70000000, 0.00000000, 0.70000000, 0.00000000
-0.61250000, -0.08750000, 0.70000000, 0.00000502
-0.52500000, -0.17500000, 0.70000000, 0.00001424
-0.43750000, -0.26250000, 0.70000000, 0.00003102
-0.35000000, -0.35000000, 0.70000000, 0.00004769
-0.26250000, -0.43750000, 0.70000000, 0.00006086
-0.17500000, -0.52500000, 0.70000000, 0.00005872
-0.08750000, -0.61250000, 0.70000000, 0.00004181
0.00000000, -0.70000000, 0.70000000, 0.00001461
0.08750000, -0.70000000, 0.61250000, 0.00000815
0.17500000, -0.70000000, 0.52500000, -0.00001300
0.26250000, -0.70000000, 0.43750000, -0.00003855
0.35000000, -0.70000000, 0.35000000, -0.00006089
0.43750000, -0.70000000, 0.26250000, -0.00005158
0.52500000, -0.70000000, 0.17500000, -0.00002994
0.61250000, -0.70000000, 0.08750000, -0.00000611
0.70000000, -0.70000000, 0.00000000, 0.00000105
0.70000000, -0.61250000, -0.08750000, 0.00001509
0.70000000, -0.52500000, -0.17500000, 0.00002746
0.70000000, -0.43750000, -0.26250000, 0.00003923
0.70000000, -0.35000000, -0.35000000, 0.00004348
0.70000000, -0.26250000, -0.43750000, 0.00004046
0.70000000, -0.17500000, -0.52500000, 0.00002694
0.70000000, -0.08750000, -0.61250000, 0.00001239
0.75000000, 0.00000000, -0.75000000, 0.00000000
0.65625000, 0.09375000, -0.75000000, -0.00000060
0.56250000, 0.18750000, -0.75000000, -0.00000687
0.46875000, 0.28125000, -0.75000000, -0.00001248
0.37500000, 0.37500000, -0.75000000, -0.00001614
0.28125000, 0.46875000, -0.75000000, -0.00001244
0.18750000, 0.56250000, -0.75000000, -0.00000767
0.09375000, 0.65625000, -0.75000000, -0.00000134
0.00000000, 0.75000000, -0.75000000, 0.00001142
-0.09375000, 0.75000000, -0.65625000, 0.00001543
-0.18750000, 0.75000000, -0.56250000, 0.00002099
-0.28125000, 0.75000000, -0.46875000, 0.00002838
-0.37500000, 0.75000000, -0.37500000, 0.00002281
-0.46875000, 0.75000000, -0.28125000, 0.00002058
-0.56250000, 0.75000000, -0.18750000, 0.00001294
-0.65625000, 0.75000000, -0.09375000, 0.00001135
-0.75000000, 0.75000000, 0.00000000, 0.00000874
-0.75000000, 0.65625000, 0.09375000, -0.00001678
-0.75000000, 0.56250000, 0.18750000, -0.00002662
-0.75000000, 0.46875000, 0.28125000, -0.00002574
-0.75000000, 0.37500000, 0.37500000, -0.00001955
-0.75000000, 0.28125000, 0.46875000, -0.00000819
-0.75000000, 0.18750000, 0.56250000, -0.00000252
-0.75000000, 0.09375000, 0.65625000, 0.00000094
-0.75000000, 0.00000000, 0.75000000, -0.00000000
-0.65625000, -0.09375000, 0.75000000, -0.00000094
-0.56250000, -0.18750000, 0.75000000, 0.00000252
-0.46875000, -0.28125000, 0.75000000, 0.00000819
-0.37500000, -0.37500000, 0.75000000, 0.00001955
-0.28125000, -0.46875000, 0.75000000, 0.00002574
-0.18750000, -0.56250000, 0.75000000, 0.00002662
-0.09375000, -0.65625000, 0.75000000, 0.00001678
0.00000000, -0.75000000, 0.75000000, -0.00000874
0.09375000, -0.75000000, 0.65625000, -0.00001135
0.18750000, -0.75000000, 0.56250000, -0.00001294
0.28125000, -0.75000000, 0.46875000, -0.00002058
0.37500000, -0.75000000, 0.37500000, -0.00002281
0.46875000, -0.75000000, 0.28125000, -0.00002838
0.56250000, -0.75000000, 0.18750000, -0.00002099
0.65625000, -0.75000000, 0.09375000, -0.00001543
0.75000000, -0.75000000, 0.00000000, -0.00001142
0.75000000, -0.65625000, -0.09375000, 0.00000134
0.75000000, -0.56250000, -0.18750000, 0.00000767
0.75000000, -0.46875000, -0.28125000, 0.00001244
0.75000000, -0.37500000, -0.37500000, 0.00001614
0.75000000, -0.28125000, -0.46875000, 0.00001248
0.75000000, -0.18750000, -0.56250000, 0.00000687
0.75000000, -0.09375000, -0.65625000, 0.00000060
0.80000000, 0.00000000, -0.80000000, 0.00000000
0.70000000, 0.10000000, -0.80000000, 0.00000239
0.60000000, 0.20000000, -0.80000000, -0.00000023
0.50000000, 0.30000000, -0.80000000, -0.00000263
0.40000000, 0.40000000, -0.80000000, -0.00000579
0.30000000, 0.50000000, -0.80000000, -0.00000381
0.20000000, 0.60000000, -0.80000000, -0.00000225
0.10000000, 0.70000000, -0.80000000, 0.00000082
0.00000000, 0.80000000, -0.80000000, 0.00000813
-0.10000000, 0.80000000, -0.70000000, 0.00001197
-0.20000000, 0.80000000, -0.60000000, 0.00001177
-0.30000000, 0.80000000, -0.50000000, 0.00001357
-0.40000000, 0.80000000, -0.40000000, 0.00000682
-0.50000000, 0.80000000, -0.30000000, 0.00000961
-0.60000000, 0.80000000, -0.20000000, 0.00000848
-0.70000000, 0.80000000, -0.10000000, 0.00001119
-0.80000000, 0.80000000, 0.00000000, 0.00000764
-0.80000000, 0.70000000, 0.10000000, -0.00000720
-0.80000000, 0.60000000, 0.20000000, -0.00001166
-0.80000000, 0.50000000, 0.30000000, -0.00001033
-0.80000000, 0.40000000, 0.40000000, -0.00000727
-0.80000000, 0.30000000, 0.50000000, -0.00000071
-0.80000000, 0.20000000, 0.60000000, 0.00000096
-0.80000000, 0.10000000, 0.70000000, 0.00000206
-0.80000000, 0.00000000, 0.80000000, -0.00000000
-0.70000000, -0.10000000, 0.80000000, -0.00000206
-0.60000000, -0.20000000, 0.80000000, -0.00000096
-0.50000000, -0.30000000, 0.80000000, 0.00000071
-0.40000000, -0.40000000, 0.80000000, 0.00000727
-0.30000000, -0.50000000, 0.80000000, 0.00001033
-0.20000000, -0.60000000, 0.80000000, 0.00001166
-0.10000000, -0.70000000, 0.80000000, 0.00000720
0.00000000, -0.80000000, 0.80000000, -0.00000764
0.10000000, -0.80000000, 0.70000000, -0.00001119
0.20000000, -0.80000000, 0.60000000, -0.00000848
0.30000000, -0.80000000, 0.50000000, -0.00000961
0.40000000, -0.80000000, 0.40000000, -0.00000682
0.50000000, -0.80000000, 0.30000000, -0.00001357
0.60000000, -0.80000000, 0.20000000, -0.00001177
0.70000000, -0.80000000, 0.10000000, -0.00001197
0.80000000, -0.80000000, 0.00000000, -0.00000813
0.80000000, -0.70000000, -0.10000000, -0.00000082
0.80000000, -0.60000000, -0.20000000, 0.00000225
0.80000000, -0.50000000, -0.30000000, 0.00000381
0.80000000, -0.40000000, -0.40000000, 0.00000579
0.80000000, -0.30000000, -0.50000000, 0.00000263
0.80000000, -0.20000000, -0.60000000, 0.00000023
0.80000000, -0.10000000, -0.70000000, -0.00000239
0.85000000, 0.00000000, -0.85000000, -0.00000000
0.74375000, 0.10625000, -0.85000000, -0.00000160
0.63750000, 0.21250000, -0.85000000, -0.00000151
0.53125000, 0.31875000, -0.85000000, -0.00000182
0.42500000, 0.42500000, -0.85000000, -0.00000051
0.31875000, 0.53125000, -0.85000000, -0.00000046
0.21250000, 0.63750000, -0.85000000, 0.00000007
0.10625000, 0.74375000, -0.85000000, -0.00000124
0.00000000, 0.85000000, -0.85000000, -0.00000765
-0.10625000, 0.85000000, -0.74375000, -0.00000677
-0.21250000, 0.85000000, -0.63750000, -0.00000163
-0.31875000, 0.85000000, -0.53125000, 0.00000331
-0.42500000, 0.85000000, -0.42500000, 0.00000873
-0.53125000, 0.85000000, -0.31875000, 0.00000198
-0.63750000, 0.85000000, -0.21250000, -0.00000261
-0.74375000, 0.85000000, -0.10625000, -0.00000715
-0.85000000, 0.85000000, 0.00000000, -0.00000798
-0.85000000, 0.74375000, 0.10625000, 0.00000049
-0.85000000, 0.63750000, 0.21250000, 0.00000077
-0.85000000, 0.53125000, 0.31875000, -0.00000095
-0.85000000, 0.42500000, 0.42500000, -0.00000073
-0.85000000, 0.31875000, 0.53125000, -0.00000178
-0.85000000, 0.21250000, 0.63750000, -0.00000085
-0.85000000, 0.10625000, 0.74375000, -0.00000106
-0.85000000, 0.00000000, 0.85000000, 0.00000000
-0.74375000, -0.10625000, 0.85000000, 0.00000106
-0.63750000, -0.21250000, 0.85000000, 0.00000085
-0.53125000, -0.31875000, 0.85000000, 0.00000178
-0.42500000, -0.42500000, 0.85000000, 0.00000073
-0.31875000, -0.53125000, 0.85000000, 0.00000095
-0.21250000, -0.63750000, 0.85000000, -0.00000077
-0.10625000, -0.74375000, 0.85000000, -0.00000049
0.00000000, -0.85000000, 0.85000000, 0.00000798
0.10625000, -0.85000000, 0.74375000, 0.00000715
0.21250000, -0.85000000, 0.63750000, 0.00000261
0.31875000, -0.85000000, 0.53125000, -0.00000198
0.42500000, -0.85000000, 0.42500000, -0.00000873
0.53125000, -0.85000000, 0.31875000, -0.00000331
0.63750000, -0.85000000, 0.21250000, 0.00000163
0.74375000, -0.85000000, 0.10625000, 0.00000677
0.85000000, -0.85000000, 0.00000000, 0.00000765
0.85000000, -0.74375000, -0.10625000, 0.00000124
0.85000000, -0.63750000, -0.21250000, -0.00000007
0.85000000, -0.53125000, -0.31875000, 0.00000046
0.85000000, -0.42500000, -0.42500000, 0.00000051
0.85000000, -0.31875000, -0.53125000, 0.00000182
0.85000000, -0.21250000, -0.63750000, 0.00000151
0.85000000, -0.10625000, -0.74375000, 0.00000160
0.90000000, 0.00000000, -0.90000000, -0.00000000
0.78750000, 0.11250000, -0.90000000, -0.00000191
0.67500000, 0.22500000, -0.90000000, -0.00000144
0.56250000, 0.33750000, -0.90000000, -0.00000120
0.45000000, 0.45000000, -0.90000000, 0.00000048
0.33750000, 0.56250000, -0.90000000, 0.00000022
0.22500000, 0.67500000, -0.90000000, 0.00000041
0.11250000, 0.78750000, -0.90000000, -0.00000086
0.00000000, 0.90000000, -0.90000000, -0.00000492
-0.11250000, 0.90000000, -0.78750000, -0.00000650
-0.22500000, 0.90000000, -0.67500000, -0.00000311
-0.33750000, 0.90000000, -0.56250000, 0.00000003
-0.45000000, 0.90000000, -0.45000000, 0.00000492
-0.56250000, 0.90000000, -0.33750000, -0.00000025
-0.67500000, 0.90000000, -0.22500000, -0.00000329
-0.78750000, 0.90000000, -0.11250000, -0.00000669
-0.90000000, 0.90000000, 0.00000000, -0.00000492
-0.90000000, 0.78750000, 0.11250000, 0.00000181
-0.90000000, 0.67500000, 0.22500000, 0.00000250
-0.90000000, 0.56250000, 0.33750000, 0.00000103
-0.90000000, 0.45000000, 0.45000000, 0.00000046
-0.90000000, 0.33750000, 0.56250000, -0.00000148
-0.90000000, 0.22500000, 0.67500000, -0.00000113
-0.90000000, 0.11250000, 0.78750000, -0.00000134
-0.90000000, 0.00000000, 0.90000000, 0.00000000
-0.78750000, -0.11250000, 0.90000000, 0.00000134
-0.67500000, -0.22500000, 0.90000000, 0.00000113
-0.56250000, -0.33750000, 0.90000000, 0.00000148
-0.45000000, -0.45000000, 0.90000000, -0.00000046
-0.33750000, -0.56250000, 0.90000000, -0.00000103
-0.22500000, -0.67500000, 0.90000000, -0.00000250
-0.11250000, -0.78750000, 0.90000000, -0.00000181
0.00000000, -0.90000000, 0.90000000, 0.00000492
0.11250000, -0.90000000, 0.78750000, 0.00000669
0.22500000, -0.90000000, 0.67500000, 0.00000329
0.33750000, -0.90000000, 0.56250000, 0.00000025
0.45000000, -0.90000000, 0.45000000, -0.00000492
0.56250000, -0.90000000, 0.33750000, -0.00000003
0.67500000, -0.90000000, 0.22500000, 0.00000311
0.78750000, -0.90000000, 0.11250000, 0.00000650
0.90000000, -0.90000000, 0.00000000, 0.00000492
0.90000000, -0.78750000, -0.11250000, 0.00000086
0.90000000, -0.67500000, -0.22500000, -0.00000041
0.90000000, -0.56250000, -0.33750000, -0.00000022
0.90000000, -0.45000000, -0.45000000, -0.00000048
0.90000000, -0.33750000, -0.56250000, 0.00000120
0.90000000, -0.22500000, -0.67500000, 0.00000144
0.90000000, -0.11250000, -0.78750000, 0.00000191
0.95000000, 0.00000000, -0.95000000, 0.00000000
0.83125000, 0.11875000, -0.95000000, 0.00000175
0.71250000, 0.23750000, -0.95000000, 0.00000118
0.59375000, 0.35625000, -0.95000000, 0.00000086
0.47500000, 0.47500000, -0.95000000, -0.00000075
0.35625000, 0.59375000, -0.95000000, -0.00000034
0.23750000, 0.71250000, -0.95000000, -0.00000040
0.11875000, 0.83125000, -0.95000000, 0.00000109
0.00000000, 0.95000000, -0.95000000, 0.00000719
-0.11875000, 0.95000000, -0.83125000, 0.00000721
-0.23750000, 0.95000000, -0.71250000, 0.00000369
-0.35625000, 0.95000000, -0.59375000, 0.00000114
-0.47500000, 0.95000000, -0.47500000, -0.00000400
-0.59375000, 0.95000000, -0.35625000, 0.00000096
-0.71250000, 0.95000000, -0.23750000, 0.00000363
-0.83125000, 0.95000000, -0.11875000, 0.00000742
-0.95000000, 0.95000000, 0.00000000, 0.00000735
-0.95000000, 0.83125000, 0.11875000, -0.00000173
-0.95000000, 0.71250000, 0.23750000, -0.00000281
-0.95000000, 0.59375000, 0.35625000, -0.00000146
-0.95000000, 0.47500000, 0.47500000, -0.00000092
-0.95000000, 0.35625000, 0.59375000, 0.00000122
-0.95000000, 0.23750000, 0.71250000, 0.00000092
-0.95000000, 0.11875000, 0.83125000, 0.00000123
-0.95000000, 0.00000000, 0.95000000, -0.00000000
-0.83125000, -0.11875000, 0.95000000, -0.00000123
-0.71250000, -0.23750000, 0.95000000, -0.00000092
-0.59375000, -0.35625000, 0.95000000, -0.00000122
-0.47500000, -0.47500000, 0.95000000, 0.00000092
-0.35625000, -0.59375000, 0.95000000, 0.00000146
-0.23750000, -0.71250000, 0.95000000, 0.00000281
-0.11875000, -0.83125000, 0.95000000, 0.00000173
0.00000000, -0.95000000, 0.95000000, -0.00000735
0.11875000, -0.95000000, 0.83125000, -0.00000742
0.23750000, -0.95000000, 0.71250000, -0.00000363
0.35625000, -0.95000000, 0.59375000, -0.00000096
0.47500000, -0.95000000, 0.47500000, 0.00000400
0.59375000, -0.95000000, 0.35625000, -0.00000114
0.71250000, -0.95000000, 0.23750000, -0.00000369
0.83125000, -0.95000000, 0.11875000, -0.00000721
0.95000000, -0.95000000, 0.00000000, -0.00000719
0.95000000, -0.83125000, -0.11875000, -0.00000109
0.95000000, -0.71250000, -0.23750000, 0.00000040
0.95000000, -0.59375000, -0.35625000, 0.00000034
0.95000000, -0.47500000, -0.47500000, 0.00000075
0.95000000, -0.35625000, -0.59375000, -0.00000086
0.95000000, -0.23750000, -0.71250000, -0.00000118
0.95000000, -0.11875000, -0.83125000, -0.00000175
1.00000000, 0.00000000, -1.00000000, 0.00000000
0.87500000, 0.12500000, -1.00000000, 0.00000000
0.75000000, 0.25000000, -1.00000000, 0.00000000
0.62500000, 0.37500000, -1.00000000, 0.00000000
0.50000000, 0.50000000, -1.00000000, 0.00000000
0.37500000, 0.62500000, -1.00000000, 0.00000000
0.25000000, 0.75000000, -1.00000000, 0.00000000
0.12500000, 0.87500000, -1.00000000, 0.00000000
0.00000000, 1.00000000, -1.00000000, 0.00000000
-0.12500000, 1.00000000, -0.87500000, 0.00000000
-0.25000000, 1.00000000, -0.75000000, 0.00000000
-0.37500000, 1.00000000, -0.62500000, 0.00000000
-0.50000000, 1.00000000, -0.50000000, 0.00000000
-0.62500000, 1.00000000, -0.37500000, 0.00000000
-0.75000000, 1.00000000, -0.25000000, 0.00000000
-0.87500000, 1.00000000, -0.12500000, 0.00000000
-1.00000000, 1.00000000, 0.00000000, 0.00000000
-1.00000000, 0.87500000, 0.12500000, 0.00000000
-1.00000000, 0.75000000, 0.25000000, 0.00000000
-1.00000000, 0.62500000, 0.37500000, 0.00000000
-1.00000000, 0.50000000, 0.50000000, 0.00000000
-1.00000000, 0.37500000, 0.62500000, 0.00000000
-1.00000000, 0.25000000, 0.75000000, 0.00000000
-1.00000000, 0.12500000, 0.87500000, 0.00000000
-1.00000000, 0.00000000, 1.00000000, 0.00000000
-0.87500000, -0.12500000, 1.00000000, 0.00000000
-0.75000000, -0.25000000, 1.00000000, 0.00000000
-0.62500000, -0.37500000, 1.00000000, 0.00000000
-0.50000000, -0.50000000, 1.00000000, 0.00000000
-0.37500000, -0.62500000, 1.00000000, 0.00000000
-0.25000000, -0.75000000, 1.00000000, 0.00000000
-0.12500000, -0.87500000, 1.00000000, 0.00000000
0.00000000, -1.00000000, 1.00000000, 0.00000000
0.12500000, -1.00000000, 0.87500000, 0.00000000
0.25000000, -1.00000000, 0.75000000, 0.00000000
0.37500000, -1.00000000, 0.62500000, 0.00000000
0.50000000, -1.00000000, 0.50000000, 0.00000000
0.62500000, -1.00000000, 0.37500000, 0.00000000
0.75000000, -1.00000000, 0.25000000, 0.00000000
0.87500000, -1.00000000, 0.12500000, 0.00000000
1.00000000, -1.00000000, 0.00000000, 0.00000000
1.00000000, -0.87500000, -0.12500000, 0.00000000
1.00000000, -0.75000000, -0.25000000, 0.00000000
1.00000000, -0.62500000, -0.37500000, 0.00000000
1.00000000, -0.50000000, -0.50000000, 0.00000000
1.00000000, -0.37500000, -0.62500000, 0.00000000
1.00000000, -0.25000000, -0.75000000, 0.00000000
1.00000000, -0.12500000, -0.87500000, 0.00000000
