0.01000000, 0.00000000, -0.01000000, 0.08428816
0.00000000, 0.01000000, -0.01000000, 0.26408437
-0.00125000, 0.01000000, -0.00875000, 0.44778559
-0.00250000, 0.01000000, -0.00750000, 0.47114256
-0.00375000, 0.01000000, -0.00625000, 0.41833755
-0.00500000, 0.01000000, -0.00500000, 0.30457041
-0.00625000, 0.01000000, -0.00375000, 0.15235057
-0.00750000, 0.01000000, -0.00250000, -0.01498291
-0.00875000, 0.01000000, -0.00125000, -0.18326274
-0.01000000, 0.01000000, 0.00000000, -0.26823387
-0.01000000, 0.00875000, 0.00125000, -0.19876477
-0.01000000, 0.00750000, 0.00250000, -0.16970316
-0.01000000, 0.00625000, 0.00375000, -0.15268321
-0.01000000, 0.00500000, 0.00500000, -0.13584708
-0.01000000, 0.00375000, 0.00625000, -0.12395439
-0.01000000, 0.00250000, 0.00750000, -0.11039477
-0.01000000, 0.00125000, 0.00875000, -0.10102417
-0.01000000, 0.00000000, 0.01000000, -0.09053294
0.00000000, -0.01000000, 0.01000000, -0.26823387
0.00125000, -0.01000000, 0.00875000, -0.18326274
0.00250000, -0.01000000, 0.00750000, -0.01498291
0.00375000, -0.01000000, 0.00625000, 0.15235057
0.00500000, -0.01000000, 0.00500000, 0.30457041
0.00625000, -0.01000000, 0.00375000, 0.41833755
0.00750000, -0.01000000, 0.00250000, 0.47114256
0.00875000, -0.01000000, 0.00125000, 0.44778559
0.01000000, -0.01000000, 0.00000000, 0.26408437
0.01000000, -0.00875000, -0.00125000, 0.19350712
0.01000000, -0.00750000, -0.00250000, 0.16480042
0.01000000, -0.00625000, -0.00375000, 0.14601277
0.01000000, -0.00500000, -0.00500000, 0.12985055
0.01000000, -0.00375000, -0.00625000, 0.11732043
0.01000000, -0.00250000, -0.00750000, 0.10404725
0.01000000, -0.00125000, -0.00875000, 0.09418566
0.02000000, 0.00000000, -0.02000000, 0.03509234
0.01750000, 0.00250000, -0.02000000, 0.03882741
0.01500000, 0.00500000, -0.02000000, 0.04261284
0.01250000, 0.00750000, -0.02000000, 0.04659688
0.01000000, 0.01000000, -0.02000000, 0.05086260
0.00750000, 0.01250000, -0.02000000, 0.05619194
0.00500000, 0.01500000, -0.02000000, 0.06248816
0.00250000, 0.01750000, -0.02000000, 0.07280547
0.00000000, 0.02000000, -0.02000000, 0.10027115
-0.00250000, 0.02000000, -0.01750000, 0.18885954
-0.00500000, 0.02000000, -0.01500000, 0.21059576
-0.00750000, 0.02000000, -0.01250000, 0.19433537
-0.01000000, 0.02000000, -0.01000000, 0.15293552
-0.01250000, 0.02000000, -0.00750000, 0.09208113
-0.01500000, 0.02000000, -0.00500000, 0.01785914
-0.01750000, 0.02000000, -0.00250000, -0.05721489
-0.02000000, 0.02000000, 0.00000000, -0.10434788
-0.02000000, 0.01750000, 0.00250000, -0.07690522
-0.02000000, 0.01500000, 0.00500000, -0.06640418
-0.02000000, 0.01250000, 0.00750000, -0.05992438
-0.02000000, 0.01000000, 0.01000000, -0.05420372
-0.02000000, 0.00750000, 0.01250000, -0.05007840
-0.02000000, 0.00500000, 0.01500000, -0.04567540
-0.02000000, 0.00250000, 0.01750000, -0.04191588
-0.02000000, 0.00000000, 0.02000000, -0.03787483
-0.01750000, -0.00250000, 0.02000000, -0.04191588
-0.01500000, -0.00500000, 0.02000000, -0.04567540
-0.01250000, -0.00750000, 0.02000000, -0.05007840
-0.01000000, -0.01000000, 0.02000000, -0.05420372
-0.00750000, -0.01250000, 0.02000000, -0.05992438
-0.00500000, -0.01500000, 0.02000000, -0.06640418
-0.00250000, -0.01750000, 0.02000000, -0.07690522
0.00000000, -0.02000000, 0.02000000, -0.10434788
0.00250000, -0.02000000, 0.01750000, -0.05721489
0.00500000, -0.02000000, 0.01500000, 0.01785914
0.00750000, -0.02000000, 0.01250000, 0.09208113
0.01000000, -0.02000000, 0.01000000, 0.15293552
0.01250000, -0.02000000, 0.00750000, 0.19433537
0.01500000, -0.02000000, 0.00500000, 0.21059576
0.01750000, -0.02000000, 0.00250000, 0.18885954
0.02000000, -0.02000000, 0.00000000, 0.10027115
0.02000000, -0.01750000, -0.00250000, 0.07280547
0.02000000, -0.01500000, -0.00500000, 0.06248816
0.02000000, -0.01250000, -0.00750000, 0.05619194
0.02000000, -0.01000000, -0.01000000, 0.05086260
0.02000000, -0.00750000, -0.01250000, 0.04659688
0.02000000, -0.00500000, -0.01500000, 0.04261284
0.02000000, -0.00250000, -0.01750000, 0.03882741
0.03000000, 0.00000000, -0.03000000, 0.02142056
0.02625000, 0.00375000, -0.03000000, 0.02354678
0.02250000, 0.00750000, -0.03000000, 0.02553594
0.01875000, 0.01125000, -0.03000000, 0.02751593
0.01500000, 0.01500000, -0.03000000, 0.02965222
0.01125000, 0.01875000, -0.03000000, 0.03214039
0.00750000, 0.02250000, -0.03000000, 0.03539937
0.00375000, 0.02625000, -0.03000000, 0.04111423
0.00000000, 0.03000000, -0.03000000, 0.05748303
-0.00375000, 0.03000000, -0.02625000, 0.11641755
-0.00750000, 0.03000000, -0.02250000, 0.13363425
-0.01125000, 0.03000000, -0.01875000, 0.12666397
-0.01500000, 0.03000000, -0.01500000, 0.10262958
-0.01875000, 0.03000000, -0.01125000, 0.06555538
-0.02250000, 0.03000000, -0.00750000, 0.01949597
-0.02625000, 0.03000000, -0.00375000, -0.02851408
-0.03000000, 0.03000000, 0.00000000, -0.06080207
-0.03000000, 0.02625000, 0.00375000, -0.04379323
-0.03000000, 0.02250000, 0.00750000, -0.03766625
-0.03000000, 0.01875000, 0.01125000, -0.03410580
-0.03000000, 0.01500000, 0.01500000, -0.03139542
-0.03000000, 0.01125000, 0.01875000, -0.02905441
-0.03000000, 0.00750000, 0.02250000, -0.02674088
-0.03000000, 0.00375000, 0.02625000, -0.02473212
-0.03000000, 0.00000000, 0.03000000, -0.02240549
-0.02625000, -0.00375000, 0.03000000, -0.02473212
-0.02250000, -0.00750000, 0.03000000, -0.02674088
-0.01875000, -0.01125000, 0.03000000, -0.02905441
-0.01500000, -0.01500000, 0.03000000, -0.03139542
-0.01125000, -0.01875000, 0.03000000, -0.03410580
-0.00750000, -0.02250000, 0.03000000, -0.03766625
-0.00375000, -0.02625000, 0.03000000, -0.04379323
0.00000000, -0.03000000, 0.03000000, -0.06080207
0.00375000, -0.03000000, 0.02625000, -0.02851408
0.00750000, -0.03000000, 0.02250000, 0.01949597
0.01125000, -0.03000000, 0.01875000, 0.06555538
0.01500000, -0.03000000, 0.01500000, 0.10262958
0.01875000, -0.03000000, 0.01125000, 0.12666397
0.02250000, -0.03000000, 0.00750000, 0.13363425
0.02625000, -0.03000000, 0.00375000, 0.11641755
0.03000000, -0.03000000, 0.00000000, 0.05748303
0.03000000, -0.02625000, -0.00375000, 0.04111423
0.03000000, -0.02250000, -0.00750000, 0.03539937
0.03000000, -0.01875000, -0.01125000, 0.03214039
0.03000000, -0.01500000, -0.01500000, 0.02965222
0.03000000, -0.01125000, -0.01875000, 0.02751593
0.03000000, -0.00750000, -0.02250000, 0.02553594
0.03000000, -0.00375000, -0.02625000, 0.02354678
0.04000000, 0.00000000, -0.04000000, 0.01514931
0.03500000, 0.00500000, -0.04000000, 0.01660302
0.03000000, 0.01000000, -0.04000000, 0.01782292
0.02500000, 0.01500000, -0.04000000, 0.01899271
0.02000000, 0.02000000, -0.04000000, 0.02019679
0.01500000, 0.02500000, -0.04000000, 0.02164113
0.01000000, 0.03000000, -0.04000000, 0.02369022
0.00500000, 0.03500000, -0.04000000, 0.02745682
0.00000000, 0.04000000, -0.04000000, 0.03914563
-0.00500000, 0.04000000, -0.03500000, 0.08387472
-0.01000000, 0.04000000, -0.03000000, 0.09783164
-0.01500000, 0.04000000, -0.02500000, 0.09427806
-0.02000000, 0.04000000, -0.02000000, 0.07767894
-0.02500000, 0.04000000, -0.01500000, 0.05118022
-0.03000000, 0.04000000, -0.01000000, 0.01793574
-0.03500000, 0.04000000, -0.00500000, -0.01756419
-0.04000000, 0.04000000, 0.00000000, -0.04182763
-0.04000000, 0.03500000, 0.00500000, -0.02914351
-0.04000000, 0.03000000, 0.01000000, -0.02483218
-0.04000000, 0.02500000, 0.01500000, -0.02244057
-0.04000000, 0.02000000, 0.02000000, -0.02074136
-0.04000000, 0.01500000, 0.02500000, -0.01935816
-0.04000000, 0.01000000, 0.03000000, -0.01802415
-0.04000000, 0.00500000, 0.03500000, -0.01668094
-0.04000000, 0.00000000, 0.04000000, -0.01507849
-0.03500000, -0.00500000, 0.04000000, -0.01668094
-0.03000000, -0.01000000, 0.04000000, -0.01802415
-0.02500000, -0.01500000, 0.04000000, -0.01935816
-0.02000000, -0.02000000, 0.04000000, -0.02074136
-0.01500000, -0.02500000, 0.04000000, -0.02244057
-0.01000000, -0.03000000, 0.04000000, -0.02483218
-0.00500000, -0.03500000, 0.04000000, -0.02914351
0.00000000, -0.04000000, 0.04000000, -0.04182763
0.00500000, -0.04000000, 0.03500000, -0.01756419
0.01000000, -0.04000000, 0.03000000, 0.01793574
0.01500000, -0.04000000, 0.02500000, 0.05118022
0.02000000, -0.04000000, 0.02000000, 0.07767894
0.02500000, -0.04000000, 0.01500000, 0.09427806
0.03000000, -0.04000000, 0.01000000, 0.09783164
0.03500000, -0.04000000, 0.00500000, 0.08387472
0.04000000, -0.04000000, 0.00000000, 0.03914563
0.04000000, -0.03500000, -0.00500000, 0.02745682
0.04000000, -0.03000000, -0.01000000, 0.02369022
0.04000000, -0.02500000, -0.01500000, 0.02164113
0.04000000, -0.02000000, -0.02000000, 0.02019679
0.04000000, -0.01500000, -0.02500000, 0.01899271
0.04000000, -0.01000000, -0.03000000, 0.01782292
0.04000000, -0.00500000, -0.03500000, 0.01660302
0.05000000, 0.00000000, -0.05000000, 0.01151634
0.04375000, 0.00625000, -0.05000000, 0.01258575
0.03750000, 0.01250000, -0.05000000, 0.01342229
0.03125000, 0.01875000, -0.05000000, 0.01418273
0.02500000, 0.02500000, -0.05000000, 0.01495465
0.01875000, 0.03125000, -0.05000000, 0.01588213
0.01250000, 0.03750000, -0.05000000, 0.01728861
0.00625000, 0.04375000, -0.05000000, 0.02009068
0.00000000, 0.05000000, -0.05000000, 0.02931122
-0.00625000, 0.05000000, -0.04375000, 0.06561327
-0.01250000, 0.05000000, -0.03750000, 0.07748964
-0.01875000, 0.05000000, -0.03125000, 0.07535628
-0.02500000, 0.05000000, -0.02500000, 0.06277378
-0.03125000, 0.05000000, -0.01875000, 0.04217815
-0.03750000, 0.05000000, -0.01250000, 0.01600725
-0.04375000, 0.05000000, -0.00625000, -0.01212415
-0.05000000, 0.05000000, 0.00000000, -0.03145846
-0.05000000, 0.04375000, 0.00625000, -0.02100011
-0.05000000, 0.03750000, 0.01250000, -0.01759753
-0.05000000, 0.03125000, 0.01875000, -0.01583848
-0.05000000, 0.02500000, 0.02500000, -0.01470515
-0.05000000, 0.01875000, 0.03125000, -0.01378519
-0.05000000, 0.01250000, 0.03750000, -0.01290679
-0.05000000, 0.00625000, 0.04375000, -0.01197039
-0.05000000, 0.00000000, 0.05000000, -0.01080626
-0.04375000, -0.00625000, 0.05000000, -0.01197039
-0.03750000, -0.01250000, 0.05000000, -0.01290679
-0.03125000, -0.01875000, 0.05000000, -0.01378519
-0.02500000, -0.02500000, 0.05000000, -0.01470515
-0.01875000, -0.03125000, 0.05000000, -0.01583848
-0.01250000, -0.03750000, 0.05000000, -0.01759753
-0.00625000, -0.04375000, 0.05000000, -0.02100011
0.00000000, -0.05000000, 0.05000000, -0.03145846
0.00625000, -0.05000000, 0.04375000, -0.01212415
0.01250000, -0.05000000, 0.03750000, 0.01600725
0.01875000, -0.05000000, 0.03125000, 0.04217815
0.02500000, -0.05000000, 0.02500000, 0.06277378
0.03125000, -0.05000000, 0.01875000, 0.07535628
0.03750000, -0.05000000, 0.01250000, 0.07748964
0.04375000, -0.05000000, 0.00625000, 0.06561327
0.05000000, -0.05000000, 0.00000000, 0.02931122
0.05000000, -0.04375000, -0.00625000, 0.02009068
0.05000000, -0.03750000, -0.01250000, 0.01728861
0.05000000, -0.03125000, -0.01875000, 0.01588213
0.05000000, -0.02500000, -0.02500000, 0.01495465
0.05000000, -0.01875000, -0.03125000, 0.01418273
0.05000000, -0.01250000, -0.03750000, 0.01342229
0.05000000, -0.00625000, -0.04375000, 0.01258575
0.06000000, 0.00000000, -0.06000000, 0.00918118
0.05250000, 0.00750000, -0.06000000, 0.01003129
0.04500000, 0.01500000, -0.06000000, 0.01062933
0.03750000, 0.02250000, -0.06000000, 0.01113845
0.03000000, 0.03000000, -0.06000000, 0.01162175
0.02250000, 0.03750000, -0.06000000, 0.01225978
0.01500000, 0.04500000, -0.06000000, 0.01330747
0.00750000, 0.05250000, -0.06000000, 0.01556702
0.00000000, 0.06000000, -0.06000000, 0.02338406
-0.00750000, 0.06000000, -0.05250000, 0.05425790
-0.01500000, 0.06000000, -0.04500000, 0.06457300
-0.02250000, 0.06000000, -0.03750000, 0.06315289
-0.03000000, 0.06000000, -0.03000000, 0.05286536
-0.03750000, 0.06000000, -0.02250000, 0.03581367
-0.04500000, 0.06000000, -0.01500000, 0.01412945
-0.05250000, 0.06000000, -0.00750000, -0.00925822
-0.06000000, 0.06000000, 0.00000000, -0.02510060
-0.06000000, 0.05250000, 0.00750000, -0.01596161
-0.06000000, 0.04500000, 0.01500000, -0.01307529
-0.06000000, 0.03750000, 0.02250000, -0.01166245
-0.06000000, 0.03000000, 0.03000000, -0.01080682
-0.06000000, 0.02250000, 0.03750000, -0.01021236
-0.06000000, 0.01500000, 0.04500000, -0.00963588
-0.06000000, 0.00750000, 0.05250000, -0.00898694
-0.06000000, 0.00000000, 0.06000000, -0.00809201
-0.05250000, -0.00750000, 0.06000000, -0.00898694
-0.04500000, -0.01500000, 0.06000000, -0.00963588
-0.03750000, -0.02250000, 0.06000000, -0.01021236
-0.03000000, -0.03000000, 0.06000000, -0.01080682
-0.02250000, -0.03750000, 0.06000000, -0.01166245
-0.01500000, -0.04500000, 0.06000000, -0.01307529
-0.00750000, -0.05250000, 0.06000000, -0.01596161
0.00000000, -0.06000000, 0.06000000, -0.02510060
0.00750000, -0.06000000, 0.05250000, -0.00925822
0.01500000, -0.06000000, 0.04500000, 0.01412945
0.02250000, -0.06000000, 0.03750000, 0.03581367
0.03000000, -0.06000000, 0.03000000, 0.05286536
0.03750000, -0.06000000, 0.02250000, 0.06315289
0.04500000, -0.06000000, 0.01500000, 0.06457300
0.05250000, -0.06000000, 0.00750000, 0.05425790
0.06000000, -0.06000000, 0.00000000, 0.02338406
0.06000000, -0.05250000, -0.00750000, 0.01556702
0.06000000, -0.04500000, -0.01500000, 0.01330747
0.06000000, -0.03750000, -0.02250000, 0.01225978
0.06000000, -0.03000000, -0.03000000, 0.01162175
0.06000000, -0.02250000, -0.03750000, 0.01113845
0.06000000, -0.01500000, -0.04500000, 0.01062933
0.06000000, -0.00750000, -0.05250000, 0.01003129
0.07000000, 0.00000000, -0.07000000, 0.00747751
0.06125000, 0.00875000, -0.07000000, 0.00817382
0.05250000, 0.01750000, -0.07000000, 0.00863087
0.04375000, 0.02625000, -0.07000000, 0.00899441
0.03500000, 0.03500000, -0.07000000, 0.00932828
0.02625000, 0.04375000, -0.07000000, 0.00978867
0.01750000, 0.05250000, -0.07000000, 0.01061478
0.00875000, 0.06125000, -0.07000000, 0.01251293
0.00000000, 0.07000000, -0.07000000, 0.01932305
-0.00875000, 0.07000000, -0.06125000, 0.04633791
-0.01750000, 0.07000000, -0.05250000, 0.05544602
-0.02625000, 0.07000000, -0.04375000, 0.05443881
-0.03500000, 0.07000000, -0.03500000, 0.04577461
-0.04375000, 0.07000000, -0.02625000, 0.03125363
-0.05250000, 0.07000000, -0.01750000, 0.01269589
-0.06125000, 0.07000000, -0.00875000, -0.00736377
-0.07000000, 0.07000000, 0.00000000, -0.02065156
-0.07000000, 0.06125000, 0.00875000, -0.01241261
-0.07000000, 0.05250000, 0.01750000, -0.00989412
-0.07000000, 0.04375000, 0.02625000, -0.00875279
-0.07000000, 0.03500000, 0.03500000, -0.00812212
-0.07000000, 0.02625000, 0.04375000, -0.00772798
-0.07000000, 0.01750000, 0.05250000, -0.00733888
-0.07000000, 0.00875000, 0.06125000, -0.00685682
-0.07000000, 0.00000000, 0.07000000, -0.00616329
-0.06125000, -0.00875000, 0.07000000, -0.00685682
-0.05250000, -0.01750000, 0.07000000, -0.00733888
-0.04375000, -0.02625000, 0.07000000, -0.00772798
-0.03500000, -0.03500000, 0.07000000, -0.00812212
-0.02625000, -0.04375000, 0.07000000, -0.00875279
-0.01750000, -0.05250000, 0.07000000, -0.00989412
-0.00875000, -0.06125000, 0.07000000, -0.01241261
0.00000000, -0.07000000, 0.07000000, -0.02065156
0.00875000, -0.07000000, 0.06125000, -0.00736377
0.01750000, -0.07000000, 0.05250000, 0.01269589
0.02625000, -0.07000000, 0.04375000, 0.03125363
0.03500000, -0.07000000, 0.03500000, 0.04577461
0.04375000, -0.07000000, 0.02625000, 0.05443881
0.05250000, -0.07000000, 0.01750000, 0.05544602
0.06125000, -0.07000000, 0.00875000, 0.04633791
0.07000000, -0.07000000, 0.00000000, 0.01932305
0.07000000, -0.06125000, -0.00875000, 0.01251293
0.07000000, -0.05250000, -0.01750000, 0.01061478
0.07000000, -0.04375000, -0.02625000, 0.00978867
0.07000000, -0.03500000, -0.03500000, 0.00932828
0.07000000, -0.02625000, -0.04375000, 0.00899441
0.07000000, -0.01750000, -0.05250000, 0.00863087
0.07000000, -0.00875000, -0.06125000, 0.00817382
0.08000000, 0.00000000, -0.08000000, 0.00619677
0.07000000, 0.01000000, -0.08000000, 0.00677206
0.06000000, 0.02000000, -0.08000000, 0.00713592
0.05000000, 0.03000000, -0.08000000, 0.00740571
0.04000000, 0.04000000, -0.08000000, 0.00765484
0.03000000, 0.05000000, -0.08000000, 0.00800171
0.02000000, 0.06000000, -0.08000000, 0.00868614
0.01000000, 0.07000000, -0.08000000, 0.01034688
0.00000000, 0.08000000, -0.08000000, 0.01644608
-0.01000000, 0.08000000, -0.07000000, 0.04053028
-0.02000000, 0.08000000, -0.06000000, 0.04870955
-0.03000000, 0.08000000, -0.05000000, 0.04794792
-0.04000000, 0.08000000, -0.04000000, 0.04045196
-0.05000000, 0.08000000, -0.03000000, 0.02778585
-0.06000000, 0.08000000, -0.02000000, 0.01152098
-0.07000000, 0.08000000, -0.01000000, -0.00604856
-0.08000000, 0.08000000, 0.00000000, -0.01742329
-0.08000000, 0.07000000, 0.01000000, -0.00981926
-0.08000000, 0.06000000, 0.02000000, -0.00756809
-0.08000000, 0.05000000, 0.03000000, -0.00662585
-0.08000000, 0.04000000, 0.04000000, -0.00617602
-0.08000000, 0.03000000, 0.05000000, -0.00591072
-0.08000000, 0.02000000, 0.06000000, -0.00565404
-0.08000000, 0.01000000, 0.07000000, -0.00529186
-0.08000000, 0.00000000, 0.08000000, -0.00475445
-0.07000000, -0.01000000, 0.08000000, -0.00529186
-0.06000000, -0.02000000, 0.08000000, -0.00565404
-0.05000000, -0.03000000, 0.08000000, -0.00591072
-0.04000000, -0.04000000, 0.08000000, -0.00617602
-0.03000000, -0.05000000, 0.08000000, -0.00662585
-0.02000000, -0.06000000, 0.08000000, -0.00756809
-0.01000000, -0.07000000, 0.08000000, -0.00981926
0.00000000, -0.08000000, 0.08000000, -0.01742329
0.01000000, -0.08000000, 0.07000000, -0.00604856
0.02000000, -0.08000000, 0.06000000, 0.01152098
0.03000000, -0.08000000, 0.05000000, 0.02778585
0.04000000, -0.08000000, 0.04000000, 0.04045196
0.05000000, -0.08000000, 0.03000000, 0.04794792
0.06000000, -0.08000000, 0.02000000, 0.04870955
0.07000000, -0.08000000, 0.01000000, 0.04053028
0.08000000, -0.08000000, 0.00000000, 0.01644608
0.08000000, -0.07000000, -0.01000000, 0.01034688
0.08000000, -0.06000000, -0.02000000, 0.00868614
0.08000000, -0.05000000, -0.03000000, 0.00800171
0.08000000, -0.04000000, -0.04000000, 0.00765484
0.08000000, -0.03000000, -0.05000000, 0.00740571
0.08000000, -0.02000000, -0.06000000, 0.00713592
0.08000000, -0.01000000, -0.07000000, 0.00677206
0.09000000, 0.00000000, -0.09000000, 0.00523334
0.07875000, 0.01125000, -0.09000000, 0.00571779
0.06750000, 0.02250000, -0.09000000, 0.00600568
0.05625000, 0.03375000, -0.09000000, 0.00620193
0.04500000, 0.04500000, -0.09000000, 0.00637872
0.03375000, 0.05625000, -0.09000000, 0.00665184
0.02250000, 0.06750000, -0.09000000, 0.00724629
0.01125000, 0.07875000, -0.09000000, 0.00875824
0.00000000, 0.09000000, -0.09000000, 0.01439083
-0.01125000, 0.09000000, -0.07875000, 0.03618994
-0.02250000, 0.09000000, -0.06750000, 0.04363003
-0.03375000, 0.09000000, -0.05625000, 0.04300699
-0.04500000, 0.09000000, -0.04500000, 0.03631398
-0.05625000, 0.09000000, -0.03375000, 0.02498261
-0.06750000, 0.09000000, -0.02250000, 0.01045592
-0.07875000, 0.09000000, -0.01125000, -0.00518363
-0.09000000, 0.09000000, 0.00000000, -0.01505220
-0.09000000, 0.07875000, 0.01125000, -0.00790919
-0.09000000, 0.06750000, 0.02250000, -0.00584674
-0.09000000, 0.05625000, 0.03375000, -0.00503192
-0.09000000, 0.04500000, 0.04500000, -0.00470062
-0.09000000, 0.03375000, 0.05625000, -0.00454315
-0.09000000, 0.02250000, 0.06750000, -0.00440082
-0.09000000, 0.01125000, 0.07875000, -0.00415118
-0.09000000, 0.00000000, 0.09000000, -0.00372539
-0.07875000, -0.01125000, 0.09000000, -0.00415118
-0.06750000, -0.02250000, 0.09000000, -0.00440082
-0.05625000, -0.03375000, 0.09000000, -0.00454315
-0.04500000, -0.04500000, 0.09000000, -0.00470062
-0.03375000, -0.05625000, 0.09000000, -0.00503192
-0.02250000, -0.06750000, 0.09000000, -0.00584674
-0.01125000, -0.07875000, 0.09000000, -0.00790919
0.00000000, -0.09000000, 0.09000000, -0.01505220
0.01125000, -0.09000000, 0.07875000, -0.00518363
0.02250000, -0.09000000, 0.06750000, 0.01045592
0.03375000, -0.09000000, 0.05625000, 0.02498261
0.04500000, -0.09000000, 0.04500000, 0.03631398
0.05625000, -0.09000000, 0.03375000, 0.04300699
0.06750000, -0.09000000, 0.02250000, 0.04363003
0.07875000, -0.09000000, 0.01125000, 0.03618994
0.09000000, -0.09000000, 0.00000000, 0.01439083
0.09000000, -0.07875000, -0.01125000, 0.00875824
0.09000000, -0.06750000, -0.02250000, 0.00724629
0.09000000, -0.05625000, -0.03375000, 0.00665184
0.09000000, -0.04500000, -0.04500000, 0.00637872
0.09000000, -0.03375000, -0.05625000, 0.00620193
0.09000000, -0.02250000, -0.06750000, 0.00600568
0.09000000, -0.01125000, -0.07875000, 0.00571779
0.10000000, 0.00000000, -0.10000000, 0.00448599
0.08750000, 0.01250000, -0.10000000, 0.00490355
0.07500000, 0.02500000, -0.10000000, 0.00512738
0.06250000, 0.03750000, -0.10000000, 0.00526389
0.05000000, 0.05000000, -0.10000000, 0.00537676
0.03750000, 0.06250000, -0.10000000, 0.00560039
0.02500000, 0.07500000, -0.10000000, 0.00613637
0.01250000, 0.08750000, -0.10000000, 0.00755060
0.00000000, 0.10000000, -0.10000000, 0.01285659
-0.01250000, 0.10000000, -0.08750000, 0.03283552
-0.02500000, 0.10000000, -0.07500000, 0.03966312
-0.03750000, 0.10000000, -0.06250000, 0.03911498
-0.05000000, 0.10000000, -0.05000000, 0.03299985
-0.06250000, 0.10000000, -0.03750000, 0.02267203
-0.07500000, 0.10000000, -0.02500000, 0.00950905
-0.08750000, 0.10000000, -0.01250000, -0.00459311
-0.10000000, 0.10000000, 0.00000000, -0.01322453
-0.10000000, 0.08750000, 0.01250000, -0.00644236
-0.10000000, 0.07500000, 0.02500000, -0.00452245
-0.10000000, 0.06250000, 0.03750000, -0.00379805
-0.10000000, 0.05000000, 0.05000000, -0.00354507
-0.10000000, 0.03750000, 0.06250000, -0.00348679
-0.10000000, 0.02500000, 0.07500000, -0.00344366
-0.10000000, 0.01250000, 0.08750000, -0.00329654
-0.10000000, 0.00000000, 0.10000000, -0.00294998
-0.08750000, -0.01250000, 0.10000000, -0.00329654
-0.07500000, -0.02500000, 0.10000000, -0.00344366
-0.06250000, -0.03750000, 0.10000000, -0.00348679
-0.05000000, -0.05000000, 0.10000000, -0.00354507
-0.03750000, -0.06250000, 0.10000000, -0.00379805
-0.02500000, -0.07500000, 0.10000000, -0.00452245
-0.01250000, -0.08750000, 0.10000000, -0.00644236
0.00000000, -0.10000000, 0.10000000, -0.01322453
0.01250000, -0.10000000, 0.08750000, -0.00459311
0.02500000, -0.10000000, 0.07500000, 0.00950905
0.03750000, -0.10000000, 0.06250000, 0.02267203
0.05000000, -0.10000000, 0.05000000, 0.03299985
0.06250000, -0.10000000, 0.03750000, 0.03911498
0.07500000, -0.10000000, 0.02500000, 0.03966312
0.08750000, -0.10000000, 0.01250000, 0.03283552
0.10000000, -0.10000000, 0.00000000, 0.01285659
0.10000000, -0.08750000, -0.01250000, 0.00755060
0.10000000, -0.07500000, -0.02500000, 0.00613637
0.10000000, -0.06250000, -0.03750000, 0.00560039
0.10000000, -0.05000000, -0.05000000, 0.00537676
0.10000000, -0.03750000, -0.06250000, 0.00526389
0.10000000, -0.02500000, -0.07500000, 0.00512738
0.10000000, -0.01250000, -0.08750000, 0.00490355
0.15000000, 0.00000000, -0.15000000, 0.00234463
0.13125000, 0.01875000, -0.15000000, 0.00253315
0.11250000, 0.03750000, -0.15000000, 0.00259794
0.09375000, 0.05625000, -0.15000000, 0.00260462
0.07500000, 0.07500000, -0.15000000, 0.00262144
0.05625000, 0.09375000, -0.15000000, 0.00274877
0.03750000, 0.11250000, -0.15000000, 0.00317122
0.01875000, 0.13125000, -0.15000000, 0.00434674
0.00000000, 0.15000000, -0.15000000, 0.00859709
-0.01875000, 0.15000000, -0.13125000, 0.02292154
-0.03750000, 0.15000000, -0.11250000, 0.02773223
-0.05625000, 0.15000000, -0.09375000, 0.02727881
-0.07500000, 0.15000000, -0.07500000, 0.02296702
-0.09375000, 0.15000000, -0.05625000, 0.01577431
-0.11250000, 0.15000000, -0.03750000, 0.00669476
-0.13125000, 0.15000000, -0.01875000, -0.00275254
-0.15000000, 0.15000000, 0.00000000, -0.00753675
-0.15000000, 0.13125000, 0.01875000, -0.00194758
-0.15000000, 0.11250000, 0.03750000, -0.00055063
-0.15000000, 0.09375000, 0.05625000, -0.00021423
-0.15000000, 0.07500000, 0.07500000, -0.00028986
-0.15000000, 0.05625000, 0.09375000, -0.00052084
-0.15000000, 0.03750000, 0.11250000, -0.00074330
-0.15000000, 0.01875000, 0.13125000, -0.00085694
-0.15000000, 0.00000000, 0.15000000, -0.00076430
-0.13125000, -0.01875000, 0.15000000, -0.00085694
-0.11250000, -0.03750000, 0.15000000, -0.00074330
-0.09375000, -0.05625000, 0.15000000, -0.00052084
-0.07500000, -0.07500000, 0.15000000, -0.00028986
-0.05625000, -0.09375000, 0.15000000, -0.00021423
-0.03750000, -0.11250000, 0.15000000, -0.00055063
-0.01875000, -0.13125000, 0.15000000, -0.00194758
0.00000000, -0.15000000, 0.15000000, -0.00753675
0.01875000, -0.15000000, 0.13125000, -0.00275254
0.03750000, -0.15000000, 0.11250000, 0.00669476
0.05625000, -0.15000000, 0.09375000, 0.01577431
0.07500000, -0.15000000, 0.07500000, 0.02296702
0.09375000, -0.15000000, 0.05625000, 0.02727881
0.11250000, -0.15000000, 0.03750000, 0.02773223
0.13125000, -0.15000000, 0.01875000, 0.02292154
0.15000000, -0.15000000, 0.00000000, 0.00859709
0.15000000, -0.13125000, -0.01875000, 0.00434674
0.15000000, -0.11250000, -0.03750000, 0.00317122
0.15000000, -0.09375000, -0.05625000, 0.00274877
0.15000000, -0.07500000, -0.07500000, 0.00262144
0.15000000, -0.05625000, -0.09375000, 0.00260462
0.15000000, -0.03750000, -0.11250000, 0.00259794
0.15000000, -0.01875000, -0.13125000, 0.00253315
0.20000000, 0.00000000, -0.20000000, 0.00170880
0.17500000, 0.02500000, -0.20000000, 0.00176692
0.15000000, 0.05000000, -0.20000000, 0.00174346
0.12500000, 0.07500000, -0.20000000, 0.00170065
0.10000000, 0.10000000, -0.20000000, 0.00168889
0.07500000, 0.12500000, -0.20000000, 0.00182758
0.05000000, 0.15000000, -0.20000000, 0.00225696
0.02500000, 0.17500000, -0.20000000, 0.00338276
0.00000000, 0.20000000, -0.20000000, 0.00716144
-0.02500000, 0.20000000, -0.17500000, 0.01827393
-0.05000000, 0.20000000, -0.15000000, 0.02190894
-0.07500000, 0.20000000, -0.12500000, 0.02143167
-0.10000000, 0.20000000, -0.10000000, 0.01792028
-0.12500000, 0.20000000, -0.07500000, 0.01221109
-0.15000000, 0.20000000, -0.05000000, 0.00519643
-0.17500000, 0.20000000, -0.02500000, -0.00186888
-0.20000000, 0.20000000, 0.00000000, -0.00463484
-0.20000000, 0.17500000, 0.02500000, 0.00024451
-0.20000000, 0.15000000, 0.05000000, 0.00131482
-0.20000000, 0.12500000, 0.07500000, 0.00144351
-0.20000000, 0.10000000, 0.10000000, 0.00119953
-0.20000000, 0.07500000, 0.12500000, 0.00079531
-0.20000000, 0.05000000, 0.15000000, 0.00040652
-0.20000000, 0.02500000, 0.17500000, 0.00013493
-0.20000000, 0.00000000, 0.20000000, 0.00011513
-0.17500000, -0.02500000, 0.20000000, 0.00013493
-0.15000000, -0.05000000, 0.20000000, 0.00040652
-0.12500000, -0.07500000, 0.20000000, 0.00079531
-0.10000000, -0.10000000, 0.20000000, 0.00119953
-0.07500000, -0.12500000, 0.20000000, 0.00144351
-0.05000000, -0.15000000, 0.20000000, 0.00131482
-0.02500000, -0.17500000, 0.20000000, 0.00024451
0.00000000, -0.20000000, 0.20000000, -0.00463484
0.02500000, -0.20000000, 0.17500000, -0.00186888
0.05000000, -0.20000000, 0.15000000, 0.00519643
0.07500000, -0.20000000, 0.12500000, 0.01221109
0.10000000, -0.20000000, 0.10000000, 0.01792028
0.12500000, -0.20000000, 0.07500000, 0.02143167
0.15000000, -0.20000000, 0.05000000, 0.02190894
0.17500000, -0.20000000, 0.02500000, 0.01827393
0.20000000, -0.20000000, 0.00000000, 0.00716144
0.20000000, -0.17500000, -0.02500000, 0.00338276
0.20000000, -0.15000000, -0.05000000, 0.00225696
0.20000000, -0.12500000, -0.07500000, 0.00182758
0.20000000, -0.10000000, -0.10000000, 0.00168889
0.20000000, -0.07500000, -0.12500000, 0.00170065
0.20000000, -0.05000000, -0.15000000, 0.00174346
0.20000000, -0.02500000, -0.17500000, 0.00176692
0.25000000, 0.00000000, -0.25000000, 0.00154872
0.21875000, 0.03125000, -0.25000000, 0.00155676
0.18750000, 0.06250000, -0.25000000, 0.00153065
0.15625000, 0.09375000, -0.25000000, 0.00151359
0.12500000, 0.12500000, -0.25000000, 0.00155850
0.09375000, 0.15625000, -0.25000000, 0.00174910
0.06250000, 0.18750000, -0.25000000, 0.00221234
0.03125000, 0.21875000, -0.25000000, 0.00328084
0.00000000, 0.25000000, -0.25000000, 0.00648479
-0.03125000, 0.25000000, -0.21875000, 0.01523851
-0.06250000, 0.25000000, -0.18750000, 0.01810151
-0.09375000, 0.25000000, -0.15625000, 0.01767127
-0.12500000, 0.25000000, -0.12500000, 0.01483289
-0.15625000, 0.25000000, -0.09375000, 0.01022272
-0.18750000, 0.25000000, -0.06250000, 0.00454772
-0.21875000, 0.25000000, -0.03125000, -0.00101507
-0.25000000, 0.25000000, 0.00000000, -0.00255140
-0.25000000, 0.21875000, 0.03125000, 0.00169717
-0.25000000, 0.18750000, 0.06250000, 0.00247971
-0.25000000, 0.15625000, 0.09375000, 0.00240121
-0.25000000, 0.12500000, 0.12500000, 0.00201165
-0.25000000, 0.09375000, 0.15625000, 0.00151016
-0.25000000, 0.06250000, 0.18750000, 0.00104664
-0.25000000, 0.03125000, 0.21875000, 0.00070244
-0.25000000, 0.00000000, 0.25000000, 0.00059754
-0.21875000, -0.03125000, 0.25000000, 0.00070244
-0.18750000, -0.06250000, 0.25000000, 0.00104664
-0.15625000, -0.09375000, 0.25000000, 0.00151016
-0.12500000, -0.12500000, 0.25000000, 0.00201165
-0.09375000, -0.15625000, 0.25000000, 0.00240121
-0.06250000, -0.18750000, 0.25000000, 0.00247971
-0.03125000, -0.21875000, 0.25000000, 0.00169717
0.00000000, -0.25000000, 0.25000000, -0.00255140
0.03125000, -0.25000000, 0.21875000, -0.00101507
0.06250000, -0.25000000, 0.18750000, 0.00454772
0.09375000, -0.25000000, 0.15625000, 0.01022272
0.12500000, -0.25000000, 0.12500000, 0.01483289
0.15625000, -0.25000000, 0.09375000, 0.01767127
0.18750000, -0.25000000, 0.06250000, 0.01810151
0.21875000, -0.25000000, 0.03125000, 0.01523851
0.25000000, -0.25000000, 0.00000000, 0.00648479
0.25000000, -0.21875000, -0.03125000, 0.00328084
0.25000000, -0.18750000, -0.06250000, 0.00221234
0.25000000, -0.15625000, -0.09375000, 0.00174910
0.25000000, -0.12500000, -0.12500000, 0.00155850
0.25000000, -0.09375000, -0.15625000, 0.00151359
0.25000000, -0.06250000, -0.18750000, 0.00153065
0.25000000, -0.03125000, -0.21875000, 0.00155676
0.30000000, 0.00000000, -0.30000000, 0.00148761
0.26250000, 0.03750000, -0.30000000, 0.00152665
0.22500000, 0.07500000, -0.30000000, 0.00155287
0.18750000, 0.11250000, -0.30000000, 0.00160447
0.15000000, 0.15000000, -0.30000000, 0.00172769
0.11250000, 0.18750000, -0.30000000, 0.00199464
0.07500000, 0.22500000, -0.30000000, 0.00250221
0.03750000, 0.26250000, -0.30000000, 0.00350154
0.00000000, 0.30000000, -0.30000000, 0.00611496
-0.03750000, 0.30000000, -0.26250000, 0.01293284
-0.07500000, 0.30000000, -0.22500000, 0.01528511
-0.11250000, 0.30000000, -0.18750000, 0.01499394
-0.15000000, 0.30000000, -0.15000000, 0.01267542
-0.18750000, 0.30000000, -0.11250000, 0.00885266
-0.22500000, 0.30000000, -0.07500000, 0.00414697
-0.26250000, 0.30000000, -0.03750000, -0.00038935
-0.30000000, 0.30000000, 0.00000000, -0.00115551
-0.30000000, 0.26250000, 0.03750000, 0.00251504
-0.30000000, 0.22500000, 0.07500000, 0.00306125
-0.30000000, 0.18750000, 0.11250000, 0.00285695
-0.30000000, 0.15000000, 0.15000000, 0.00239303
-0.30000000, 0.11250000, 0.18750000, 0.00184590
-0.30000000, 0.07500000, 0.22500000, 0.00133564
-0.30000000, 0.03750000, 0.26250000, 0.00094085
-0.30000000, 0.00000000, 0.30000000, 0.00076501
-0.26250000, -0.03750000, 0.30000000, 0.00094085
-0.22500000, -0.07500000, 0.30000000, 0.00133564
-0.18750000, -0.11250000, 0.30000000, 0.00184590
-0.15000000, -0.15000000, 0.30000000, 0.00239303
-0.11250000, -0.18750000, 0.30000000, 0.00285695
-0.07500000, -0.22500000, 0.30000000, 0.00306125
-0.03750000, -0.26250000, 0.30000000, 0.00251504
0.00000000, -0.30000000, 0.30000000, -0.00115551
0.03750000, -0.30000000, 0.26250000, -0.00038935
0.07500000, -0.30000000, 0.22500000, 0.00414697
0.11250000, -0.30000000, 0.18750000, 0.00885266
0.15000000, -0.30000000, 0.15000000, 0.01267542
0.18750000, -0.30000000, 0.11250000, 0.01499394
0.22500000, -0.30000000, 0.07500000, 0.01528511
0.26250000, -0.30000000, 0.03750000, 0.01293284
0.30000000, -0.30000000, 0.00000000, 0.00611496
0.30000000, -0.26250000, -0.03750000, 0.00350154
0.30000000, -0.22500000, -0.07500000, 0.00250221
0.30000000, -0.18750000, -0.11250000, 0.00199464
0.30000000, -0.15000000, -0.15000000, 0.00172769
0.30000000, -0.11250000, -0.18750000, 0.00160447
0.30000000, -0.07500000, -0.22500000, 0.00155287
0.30000000, -0.03750000, -0.26250000, 0.00152665
0.35000000, 0.00000000, -0.35000000, 0.00127717
0.30625000, 0.04375000, -0.35000000, 0.00140629
0.26250000, 0.08750000, -0.35000000, 0.00151992
0.21875000, 0.13125000, -0.35000000, 0.00166304
0.17500000, 0.17500000, -0.35000000, 0.00186921
0.13125000, 0.21875000, -0.35000000, 0.00220933
0.08750000, 0.26250000, -0.35000000, 0.00274378
0.04375000, 0.30625000, -0.35000000, 0.00363272
0.00000000, 0.35000000, -0.35000000, 0.00558073
-0.04375000, 0.35000000, -0.30625000, 0.01079915
-0.08750000, 0.35000000, -0.26250000, 0.01285267
-0.13125000, 0.35000000, -0.21875000, 0.01278124
-0.17500000, 0.35000000, -0.17500000, 0.01093504
-0.21875000, 0.35000000, -0.13125000, 0.00774816
-0.26250000, 0.35000000, -0.08750000, 0.00379494
-0.30625000, 0.35000000, -0.04375000, 0.00002054
-0.35000000, 0.35000000, 0.00000000, -0.00026499
-0.35000000, 0.30625000, 0.04375000, 0.00280046
-0.35000000, 0.26250000, 0.08750000, 0.00315529
-0.35000000, 0.21875000, 0.13125000, 0.00288656
-0.35000000, 0.17500000, 0.17500000, 0.00241701
-0.35000000, 0.13125000, 0.21875000, 0.00186548
-0.35000000, 0.08750000, 0.26250000, 0.00134984
-0.35000000, 0.04375000, 0.30625000, 0.00093213
-0.35000000, 0.00000000, 0.35000000, 0.00071515
-0.30625000, -0.04375000, 0.35000000, 0.00093213
-0.26250000, -0.08750000, 0.35000000, 0.00134984
-0.21875000, -0.13125000, 0.35000000, 0.00186548
-0.17500000, -0.17500000, 0.35000000, 0.00241701
-0.13125000, -0.21875000, 0.35000000, 0.00288656
-0.08750000, -0.26250000, 0.35000000, 0.00315529
-0.04375000, -0.30625000, 0.35000000, 0.00280046
0.00000000, -0.35000000, 0.35000000, -0.00026499
0.04375000, -0.35000000, 0.30625000, 0.00002054
0.08750000, -0.35000000, 0.26250000, 0.00379494
0.13125000, -0.35000000, 0.21875000, 0.00774816
0.17500000, -0.35000000, 0.17500000, 0.01093504
0.21875000, -0.35000000, 0.13125000, 0.01278124
0.26250000, -0.35000000, 0.08750000, 0.01285267
0.30625000, -0.35000000, 0.04375000, 0.01079915
0.35000000, -0.35000000, 0.00000000, 0.00558073
0.35000000, -0.30625000, -0.04375000, 0.00363272
0.35000000, -0.26250000, -0.08750000, 0.00274378
0.35000000, -0.21875000, -0.13125000, 0.00220933
0.35000000, -0.17500000, -0.17500000, 0.00186921
0.35000000, -0.13125000, -0.21875000, 0.00166304
0.35000000, -0.08750000, -0.26250000, 0.00151992
0.35000000, -0.04375000, -0.30625000, 0.00140629
0.40000000, 0.00000000, -0.40000000, 0.00088768
0.35000000, 0.05000000, -0.40000000, 0.00109143
0.30000000, 0.10000000, -0.40000000, 0.00129320
0.25000000, 0.15000000, -0.40000000, 0.00152254
0.20000000, 0.20000000, -0.40000000, 0.00180823
0.15000000, 0.25000000, -0.40000000, 0.00218760
0.10000000, 0.30000000, -0.40000000, 0.00270345
0.05000000, 0.35000000, -0.40000000, 0.00342507
0.00000000, 0.40000000, -0.40000000, 0.00464157
-0.05000000, 0.40000000, -0.35000000, 0.00855295
-0.10000000, 0.40000000, -0.30000000, 0.01045991
-0.15000000, 0.40000000, -0.25000000, 0.01067026
-0.20000000, 0.40000000, -0.20000000, 0.00933950
-0.25000000, 0.40000000, -0.15000000, 0.00676871
-0.30000000, 0.40000000, -0.10000000, 0.00344577
-0.35000000, 0.40000000, -0.05000000, 0.00028678
-0.40000000, 0.40000000, 0.00000000, 0.00025670
-0.40000000, 0.35000000, 0.05000000, 0.00267859
-0.40000000, 0.30000000, 0.10000000, 0.00287796
-0.40000000, 0.25000000, 0.15000000, 0.00257685
-0.40000000, 0.20000000, 0.20000000, 0.00213557
-0.40000000, 0.15000000, 0.25000000, 0.00163890
-0.40000000, 0.10000000, 0.30000000, 0.00118125
-0.40000000, 0.05000000, 0.35000000, 0.00079742
-0.40000000, 0.00000000, 0.40000000, 0.00056546
-0.35000000, -0.05000000, 0.40000000, 0.00079742
-0.30000000, -0.10000000, 0.40000000, 0.00118125
-0.25000000, -0.15000000, 0.40000000, 0.00163890
-0.20000000, -0.20000000, 0.40000000, 0.00213557
-0.15000000, -0.25000000, 0.40000000, 0.00257685
-0.10000000, -0.30000000, 0.40000000, 0.00287796
-0.05000000, -0.35000000, 0.40000000, 0.00267859
0.00000000, -0.40000000, 0.40000000, 0.00025670
0.05000000, -0.40000000, 0.35000000, 0.00028678
0.10000000, -0.40000000, 0.30000000, 0.00344577
0.15000000, -0.40000000, 0.25000000, 0.00676871
0.20000000, -0.40000000, 0.20000000, 0.00933950
0.25000000, -0.40000000, 0.15000000, 0.01067026
0.30000000, -0.40000000, 0.10000000, 0.01045991
0.35000000, -0.40000000, 0.05000000, 0.00855295
0.40000000, -0.40000000, 0.00000000, 0.00464157
0.40000000, -0.35000000, -0.05000000, 0.00342507
0.40000000, -0.30000000, -0.10000000, 0.00270345
0.40000000, -0.25000000, -0.15000000, 0.00218760
0.40000000, -0.20000000, -0.20000000, 0.00180823
0.40000000, -0.15000000, -0.25000000, 0.00152254
0.40000000, -0.10000000, -0.30000000, 0.00129320
0.40000000, -0.05000000, -0.35000000, 0.00109143
0.45000000, 0.00000000, -0.45000000, 0.00048935
0.39375000, 0.05625000, -0.45000000, 0.00070455
0.33750000, 0.11250000, -0.45000000, 0.00094207
0.28125000, 0.16875000, -0.45000000, 0.00120759
0.22500000, 0.22500000, -0.45000000, 0.00152180
0.16875000, 0.28125000, -0.45000000, 0.00188986
0.11250000, 0.33750000, -0.45000000, 0.00233716
0.05625000, 0.39375000, -0.45000000, 0.00286587
0.00000000, 0.45000000, -0.45000000, 0.00346833
-0.05625000, 0.45000000, -0.39375000, 0.00633532
-0.11250000, 0.45000000, -0.33750000, 0.00815000
-0.16875000, 0.45000000, -0.28125000, 0.00864562
-0.22500000, 0.45000000, -0.22500000, 0.00777958
-0.28125000, 0.45000000, -0.16875000, 0.00573692
-0.33750000, 0.45000000, -0.11250000, 0.00295661
-0.39375000, 0.45000000, -0.05625000, 0.00032013
-0.45000000, 0.45000000, 0.00000000, 0.00039417
-0.45000000, 0.39375000, 0.05625000, 0.00219858
-0.45000000, 0.33750000, 0.11250000, 0.00229678
-0.45000000, 0.28125000, 0.16875000, 0.00202198
-0.45000000, 0.22500000, 0.22500000, 0.00165275
-0.45000000, 0.16875000, 0.28125000, 0.00125620
-0.45000000, 0.11250000, 0.33750000, 0.00089261
-0.45000000, 0.05625000, 0.39375000, 0.00058089
-0.45000000, 0.00000000, 0.45000000, 0.00036822
-0.39375000, -0.05625000, 0.45000000, 0.00058089
-0.33750000, -0.11250000, 0.45000000, 0.00089261
-0.28125000, -0.16875000, 0.45000000, 0.00125620
-0.22500000, -0.22500000, 0.45000000, 0.00165275
-0.16875000, -0.28125000, 0.45000000, 0.00202198
-0.11250000, -0.33750000, 0.45000000, 0.00229678
-0.05625000, -0.39375000, 0.45000000, 0.00219858
0.00000000, -0.45000000, 0.45000000, 0.00039417
0.05625000, -0.45000000, 0.39375000, 0.00032013
0.11250000, -0.45000000, 0.33750000, 0.00295661
0.16875000, -0.45000000, 0.28125000, 0.00573692
0.22500000, -0.45000000, 0.22500000, 0.00777958
0.28125000, -0.45000000, 0.16875000, 0.00864562
0.33750000, -0.45000000, 0.11250000, 0.00815000
0.39375000, -0.45000000, 0.05625000, 0.00633532
0.45000000, -0.45000000, 0.00000000, 0.00346833
0.45000000, -0.39375000, -0.05625000, 0.00286587
0.45000000, -0.33750000, -0.11250000, 0.00233716
0.45000000, -0.28125000, -0.16875000, 0.00188986
0.45000000, -0.22500000, -0.22500000, 0.00152180
0.45000000, -0.16875000, -0.28125000, 0.00120759
0.45000000, -0.11250000, -0.33750000, 0.00094207
0.45000000, -0.05625000, -0.39375000, 0.00070455
0.50000000, 0.00000000, -0.50000000, 0.00021370
0.43750000, 0.06250000, -0.50000000, 0.00038339
0.37500000, 0.12500000, -0.50000000, 0.00058940
0.31250000, 0.18750000, -0.50000000, 0.00082649
0.25000000, 0.25000000, -0.50000000, 0.00110071
0.18750000, 0.31250000, -0.50000000, 0.00140926
0.12500000, 0.37500000, -0.50000000, 0.00175258
0.06250000, 0.43750000, -0.50000000, 0.00209842
0.00000000, 0.50000000, -0.50000000, 0.00230460
-0.06250000, 0.50000000, -0.43750000, 0.00434231
-0.12500000, 0.50000000, -0.37500000, 0.00602937
-0.18750000, 0.50000000, -0.31250000, 0.00674529
-0.25000000, 0.50000000, -0.25000000, 0.00623533
-0.31250000, 0.50000000, -0.18750000, 0.00460705
-0.37500000, 0.50000000, -0.12500000, 0.00230783
-0.43750000, 0.50000000, -0.06250000, 0.00015363
-0.50000000, 0.50000000, 0.00000000, 0.00026283
-0.50000000, 0.43750000, 0.06250000, 0.00152008
-0.50000000, 0.37500000, 0.12500000, 0.00157085
-0.50000000, 0.31250000, 0.18750000, 0.00137362
-0.50000000, 0.25000000, 0.25000000, 0.00111291
-0.50000000, 0.18750000, 0.31250000, 0.00083125
-0.50000000, 0.12500000, 0.37500000, 0.00056935
-0.50000000, 0.06250000, 0.43750000, 0.00034178
-0.50000000, 0.00000000, 0.50000000, 0.00018191
-0.43750000, -0.06250000, 0.50000000, 0.00034178
-0.37500000, -0.12500000, 0.50000000, 0.00056935
-0.31250000, -0.18750000, 0.50000000, 0.00083125
-0.25000000, -0.25000000, 0.50000000, 0.00111291
-0.18750000, -0.31250000, 0.50000000, 0.00137362
-0.12500000, -0.37500000, 0.50000000, 0.00157085
-0.06250000, -0.43750000, 0.50000000, 0.00152008
0.00000000, -0.50000000, 0.50000000, 0.00026283
0.06250000, -0.50000000, 0.43750000, 0.00015363
0.12500000, -0.50000000, 0.37500000, 0.00230783
0.18750000, -0.50000000, 0.31250000, 0.00460705
0.25000000, -0.50000000, 0.25000000, 0.00623533
0.31250000, -0.50000000, 0.18750000, 0.00674529
0.37500000, -0.50000000, 0.12500000, 0.00602937
0.43750000, -0.50000000, 0.06250000, 0.00434231
0.50000000, -0.50000000, 0.00000000, 0.00230460
0.50000000, -0.43750000, -0.06250000, 0.00209842
0.50000000, -0.37500000, -0.12500000, 0.00175258
0.50000000, -0.31250000, -0.18750000, 0.00140926
0.50000000, -0.25000000, -0.25000000, 0.00110071
0.50000000, -0.18750000, -0.31250000, 0.00082649
0.50000000, -0.12500000, -0.37500000, 0.00058940
0.50000000, -0.06250000, -0.43750000, 0.00038339
0.55000000, 0.00000000, -0.55000000, 0.00006957
0.48125000, 0.06875000, -0.55000000, 0.00017140
0.41250000, 0.13750000, -0.55000000, 0.00030930
0.34375000, 0.20625000, -0.55000000, 0.00047837
0.27500000, 0.27500000, -0.55000000, 0.00067450
0.20625000, 0.34375000, -0.55000000, 0.00089491
0.13750000, 0.41250000, -0.55000000, 0.00112309
0.06875000, 0.48125000, -0.55000000, 0.00131727
0.00000000, 0.55000000, -0.55000000, 0.00131016
-0.06875000, 0.55000000, -0.48125000, 0.00267715
-0.13750000, 0.55000000, -0.41250000, 0.00415213
-0.20625000, 0.55000000, -0.34375000, 0.00497765
-0.27500000, 0.55000000, -0.27500000, 0.00474240
-0.34375000, 0.55000000, -0.20625000, 0.00347693
-0.41250000, 0.55000000, -0.13750000, 0.00162995
-0.48125000, 0.55000000, -0.06875000, -0.00004061
-0.55000000, 0.55000000, 0.00000000, 0.00008410
-0.55000000, 0.48125000, 0.06875000, 0.00088107
-0.55000000, 0.41250000, 0.13750000, 0.00091298
-0.55000000, 0.34375000, 0.20625000, 0.00079746
-0.55000000, 0.27500000, 0.27500000, 0.00064320
-0.55000000, 0.20625000, 0.34375000, 0.00046814
-0.55000000, 0.13750000, 0.41250000, 0.00030351
-0.55000000, 0.06875000, 0.48125000, 0.00015926
-0.55000000, 0.00000000, 0.55000000, 0.00006403
-0.48125000, -0.06875000, 0.55000000, 0.00015926
-0.41250000, -0.13750000, 0.55000000, 0.00030351
-0.34375000, -0.20625000, 0.55000000, 0.00046814
-0.27500000, -0.27500000, 0.55000000, 0.00064320
-0.20625000, -0.34375000, 0.55000000, 0.00079746
-0.13750000, -0.41250000, 0.55000000, 0.00091298
-0.06875000, -0.48125000, 0.55000000, 0.00088107
0.00000000, -0.55000000, 0.55000000, 0.00008410
0.06875000, -0.55000000, 0.48125000, -0.00004061
0.13750000, -0.55000000, 0.41250000, 0.00162995
0.20625000, -0.55000000, 0.34375000, 0.00347693
0.27500000, -0.55000000, 0.27500000, 0.00474240
0.34375000, -0.55000000, 0.20625000, 0.00497765
0.41250000, -0.55000000, 0.13750000, 0.00415213
0.48125000, -0.55000000, 0.06875000, 0.00267715
0.55000000, -0.55000000, 0.00000000, 0.00131016
0.55000000, -0.48125000, -0.06875000, 0.00131727
0.55000000, -0.41250000, -0.13750000, 0.00112309
0.55000000, -0.34375000, -0.20625000, 0.00089491
0.55000000, -0.27500000, -0.27500000, 0.00067450
0.55000000, -0.20625000, -0.34375000, 0.00047837
0.55000000, -0.13750000, -0.41250000, 0.00030930
0.55000000, -0.06875000, -0.48125000, 0.00017140
0.60000000, 0.00000000, -0.60000000, 0.00000860
0.52500000, 0.07500000, -0.60000000, 0.00005246
0.45000000, 0.15000000, -0.60000000, 0.00012492
0.37500000, 0.22500000, -0.60000000, 0.00022250
0.30000000, 0.30000000, -0.60000000, 0.00034149
0.22500000, 0.37500000, -0.60000000, 0.00047264
0.15000000, 0.45000000, -0.60000000, 0.00059984
0.07500000, 0.52500000, -0.60000000, 0.00068585
0.00000000, 0.60000000, -0.60000000, 0.00058668
-0.07500000, 0.60000000, -0.52500000, 0.00141256
-0.15000000, 0.60000000, -0.45000000, 0.00258807
-0.22500000, 0.60000000, -0.37500000, 0.00339909
-0.30000000, 0.60000000, -0.30000000, 0.00337464
-0.37500000, 0.60000000, -0.22500000, 0.00245651
-0.45000000, 0.60000000, -0.15000000, 0.00104917
-0.52500000, 0.60000000, -0.07500000, -0.00014166
-0.60000000, 0.60000000, 0.00000000, -0.00000973
-0.60000000, 0.52500000, 0.07500000, 0.00043230
-0.60000000, 0.45000000, 0.15000000, 0.00045230
-0.60000000, 0.37500000, 0.22500000, 0.00039069
-0.60000000, 0.30000000, 0.30000000, 0.00031101
-0.60000000, 0.22500000, 0.37500000, 0.00022060
-0.60000000, 0.15000000, 0.45000000, 0.00013806
-0.60000000, 0.07500000, 0.52500000, 0.00006555
-0.60000000, 0.00000000, 0.60000000, 0.00002150
-0.52500000, -0.07500000, 0.60000000, 0.00006555
-0.45000000, -0.15000000, 0.60000000, 0.00013806
-0.37500000, -0.22500000, 0.60000000, 0.00022060
-0.30000000, -0.30000000, 0.60000000, 0.00031101
-0.22500000, -0.37500000, 0.60000000, 0.00039069
-0.15000000, -0.45000000, 0.60000000, 0.00045230
-0.07500000, -0.52500000, 0.60000000, 0.00043230
0.00000000, -0.60000000, 0.60000000, -0.00000973
0.07500000, -0.60000000, 0.52500000, -0.00014166
0.15000000, -0.60000000, 0.45000000, 0.00104917
0.22500000, -0.60000000, 0.37500000, 0.00245651
0.30000000, -0.60000000, 0.30000000, 0.00337464
0.37500000, -0.60000000, 0.22500000, 0.00339909
0.45000000, -0.60000000, 0.15000000, 0.00258807
0.52500000, -0.60000000, 0.07500000, 0.00141256
0.60000000, -0.60000000, 0.00000000, 0.00058668
0.60000000, -0.52500000, -0.07500000, 0.00068585
0.60000000, -0.45000000, -0.15000000, 0.00059984
0.60000000, -0.37500000, -0.22500000, 0.00047264
0.60000000, -0.30000000, -0.30000000, 0.00034149
0.60000000, -0.22500000, -0.37500000, 0.00022250
0.60000000, -0.15000000, -0.45000000, 0.00012492
0.60000000, -0.07500000, -0.52500000, 0.00005246
0.65000000, 0.00000000, -0.65000000, -0.00000904
0.56875000, 0.08125000, -0.65000000, 0.00000159
0.48750000, 0.16250000, -0.65000000, 0.00003080
0.40625000, 0.24375000, -0.65000000, 0.00007544
0.32500000, 0.32500000, -0.65000000, 0.00013663
0.24375000, 0.40625000, -0.65000000, 0.00019960
0.16250000, 0.48750000, -0.65000000, 0.00025676
0.08125000, 0.56875000, -0.65000000, 0.00028250
0.00000000, 0.65000000, -0.65000000, 0.00017872
-0.08125000, 0.65000000, -0.56875000, 0.00059979
-0.16250000, 0.65000000, -0.48750000, 0.00142665
-0.24375000, 0.65000000, -0.40625000, 0.00211643
-0.32500000, 0.65000000, -0.32500000, 0.00221461
-0.40625000, 0.65000000, -0.24375000, 0.00159799
-0.48750000, 0.65000000, -0.16250000, 0.00060443
-0.56875000, 0.65000000, -0.08125000, -0.00015697
-0.65000000, 0.65000000, 0.00000000, -0.00003084
-0.65000000, 0.56875000, 0.08125000, 0.00017819
-0.65000000, 0.48750000, 0.16250000, 0.00018862
-0.65000000, 0.40625000, 0.24375000, 0.00015698
-0.65000000, 0.32500000, 0.32500000, 0.00011989
-0.65000000, 0.24375000, 0.40625000, 0.00008470
-0.65000000, 0.16250000, 0.48750000, 0.00005592
-0.65000000, 0.08125000, 0.56875000, 0.00003100
-0.65000000, 0.00000000, 0.65000000, 0.00001460
-0.56875000, -0.08125000, 0.65000000, 0.00003100
-0.48750000, -0.16250000, 0.65000000, 0.00005592
-0.40625000, -0.24375000, 0.65000000, 0.00008470
-0.32500000, -0.32500000, 0.65000000, 0.00011989
-0.24375000, -0.40625000, 0.65000000, 0.00015698
-0.16250000, -0.48750000, 0.65000000, 0.00018862
-0.08125000, -0.56875000, 0.65000000, 0.00017819
0.00000000, -0.65000000, 0.65000000, -0.00003084
0.08125000, -0.65000000, 0.56875000, -0.00015697
0.16250000, -0.65000000, 0.48750000, 0.00060443
0.24375000, -0.65000000, 0.40625000, 0.00159799
0.32500000, -0.65000000, 0.32500000, 0.00221461
0.40625000, -0.65000000, 0.24375000, 0.00211643
0.48750000, -0.65000000, 0.16250000, 0.00142665
0.56875000, -0.65000000, 0.08125000, 0.00059979
0.65000000, -0.65000000, 0.00000000, 0.00017872
0.65000000, -0.56875000, -0.08125000, 0.00028250
0.65000000, -0.48750000, -0.16250000, 0.00025676
0.65000000, -0.40625000, -0.24375000, 0.00019960
0.65000000, -0.32500000, -0.32500000, 0.00013663
0.65000000, -0.24375000, -0.40625000, 0.00007544
0.65000000, -0.16250000, -0.48750000, 0.00003080
0.65000000, -0.08125000, -0.56875000, 0.00000159
0.70000000, 0.00000000, -0.70000000, -0.00000475
0.61250000, 0.08750000, -0.70000000, -0.00000507
0.52500000, 0.17500000, -0.70000000, 0.00000228
0.43750000, 0.26250000, -0.70000000, 0.00001652
0.35000000, 0.35000000, -0.70000000, 0.00003996
0.26250000, 0.43750000, -0.70000000, 0.00006365
0.17500000, 0.52500000, -0.70000000, 0.00008390
0.08750000, 0.61250000, -0.70000000, 0.00008852
0.00000000, 0.70000000, -0.70000000, 0.00003452
-0.08750000, 0.70000000, -0.61250000, 0.00019952
-0.17500000, 0.70000000, -0.52500000, 0.00069324
-0.26250000, 0.70000000, -0.43750000, 0.00119745
-0.35000000, 0.70000000, -0.35000000, 0.00131799
-0.43750000, 0.70000000, -0.26250000, 0.00092151
-0.52500000, 0.70000000, -0.17500000, 0.00028601
-0.61250000, 0.70000000, -0.08750000, -0.00014252
-0.70000000, 0.70000000, 0.00000000, -0.00003743
-0.70000000, 0.61250000, 0.08750000, 0.00005010
-0.70000000, 0.52500000, 0.17500000, 0.00005620
-0.70000000, 0.43750000, 0.26250000, 0.00004576
-0.70000000, 0.35000000, 0.35000000, 0.00003333
-0.70000000, 0.26250000, 0.43750000, 0.00002449
-0.70000000, 0.17500000, 0.52500000, 0.00001776
-0.70000000, 0.08750000, 0.61250000, 0.00001239
-0.70000000, 0.00000000, 0.70000000, 0.00000636
-0.61250000, -0.08750000, 0.70000000, 0.00001239
-0.52500000, -0.17500000, 0.70000000, 0.00001776
-0.43750000, -0.26250000, 0.70000000, 0.00002449
-0.35000000, -0.35000000, 0.70000000, 0.00003333
-0.26250000, -0.43750000, 0.70000000, 0.00004576
-0.17500000, -0.52500000, 0.70000000, 0.00005620
-0.08750000, -0.61250000, 0.70000000, 0.00005010
0.00000000, -0.70000000, 0.70000000, -0.00003743
0.08750000, -0.70000000, 0.61250000, -0.00014252
0.17500000, -0.70000000, 0.52500000, 0.00028601
0.26250000, -0.70000000, 0.43750000, 0.00092151
0.35000000, -0.70000000, 0.35000000, 0.00131799
0.43750000, -0.70000000, 0.26250000, 0.00119745
0.52500000, -0.70000000, 0.17500000, 0.00069324
0.61250000, -0.70000000, 0.08750000, 0.00019952
0.70000000, -0.70000000, 0.00000000, 0.00003452
0.70000000, -0.61250000, -0.08750000, 0.00008852
0.70000000, -0.52500000, -0.17500000, 0.00008390
0.70000000, -0.43750000, -0.26250000, 0.00006365
0.70000000, -0.35000000, -0.35000000, 0.00003996
0.70000000, -0.26250000, -0.43750000, 0.00001652
0.70000000, -0.17500000, -0.52500000, 0.00000228
0.70000000, -0.08750000, -0.61250000, -0.00000507
0.75000000, 0.00000000, -0.75000000, 0.00000417
0.65625000, 0.09375000, -0.75000000, 0.00000398
0.56250000, 0.18750000, -0.75000000, 0.00000302
0.46875000, 0.28125000, -0.75000000, 0.00000418
0.37500000, 0.37500000, -0.75000000, 0.00000727
0.28125000, 0.46875000, -0.75000000, 0.00001448
0.18750000, 0.56250000, -0.75000000, 0.00002074
0.09375000, 0.65625000, -0.75000000, 0.00002345
0.00000000, 0.75000000, -0.75000000, 0.00001974
-0.09375000, 0.75000000, -0.65625000, 0.00006198
-0.18750000, 0.75000000, -0.56250000, 0.00030081
-0.28125000, 0.75000000, -0.46875000, 0.00061006
-0.37500000, 0.75000000, -0.37500000, 0.00069334
-0.46875000, 0.75000000, -0.28125000, 0.00044811
-0.56250000, 0.75000000, -0.18750000, 0.00009046
-0.65625000, 0.75000000, -0.09375000, -0.00011549
-0.75000000, 0.75000000, 0.00000000, -0.00004174
-0.75000000, 0.65625000, 0.09375000, -0.00000560
-0.75000000, 0.56250000, 0.18750000, -0.00000027
-0.75000000, 0.46875000, 0.28125000, 0.00000366
-0.75000000, 0.37500000, 0.37500000, 0.00000508
-0.75000000, 0.28125000, 0.46875000, 0.00000335
-0.75000000, 0.18750000, 0.56250000, -0.00000043
-0.75000000, 0.09375000, 0.65625000, -0.00000350
-0.75000000, 0.00000000, 0.75000000, -0.00000561
-0.65625000, -0.09375000, 0.75000000, -0.00000350
-0.56250000, -0.18750000, 0.75000000, -0.00000043
-0.46875000, -0.28125000, 0.75000000, 0.00000335
-0.37500000, -0.37500000, 0.75000000, 0.00000508
-0.28125000, -0.46875000, 0.75000000, 0.00000366
-0.18750000, -0.56250000, 0.75000000, -0.00000027
-0.09375000, -0.65625000, 0.75000000, -0.00000560
0.00000000, -0.75000000, 0.75000000, -0.00004174
0.09375000, -0.75000000, 0.65625000, -0.00011549
0.18750000, -0.75000000, 0.56250000, 0.00009046
0.28125000, -0.75000000, 0.46875000, 0.00044811
0.37500000, -0.75000000, 0.37500000, 0.00069334
0.46875000, -0.75000000, 0.28125000, 0.00061006
0.56250000, -0.75000000, 0.18750000, 0.00030081
0.65625000, -0.75000000, 0.09375000, 0.00006198
0.75000000, -0.75000000, 0.00000000, 0.00001974
0.75000000, -0.65625000, -0.09375000, 0.00002345
0.75000000, -0.56250000, -0.18750000, 0.00002074
0.75000000, -0.46875000, -0.28125000, 0.00001448
0.75000000, -0.37500000, -0.37500000, 0.00000727
0.75000000, -0.28125000, -0.46875000, 0.00000418
0.75000000, -0.18750000, -0.56250000, 0.00000302
0.75000000, -0.09375000, -0.65625000, 0.00000398
0.80000000, 0.00000000, -0.80000000, 0.00000401
0.70000000, 0.10000000, -0.80000000, 0.00000498
0.60000000, 0.20000000, -0.80000000, 0.00000321
0.50000000, 0.30000000, -0.80000000, 0.00000182
0.40000000, 0.40000000, -0.80000000, -0.00000006
0.30000000, 0.50000000, -0.80000000, 0.00000191
0.20000000, 0.60000000, -0.80000000, 0.00000382
0.10000000, 0.70000000, -0.80000000, 0.00000569
0.00000000, 0.80000000, -0.80000000, 0.00001131
-0.10000000, 0.80000000, -0.70000000, 0.00001619
-0.20000000, 0.80000000, -0.60000000, 0.00010661
-0.30000000, 0.80000000, -0.50000000, 0.00025934
-0.40000000, 0.80000000, -0.40000000, 0.00030705
-0.50000000, 0.80000000, -0.30000000, 0.00018099
-0.60000000, 0.80000000, -0.20000000, 0.00001339
-0.70000000, 0.80000000, -0.10000000, -0.00006318
-0.80000000, 0.80000000, 0.00000000, -0.00002243
-0.80000000, 0.70000000, 0.10000000, -0.00001143
-0.80000000, 0.60000000, 0.20000000, -0.00000856
-0.80000000, 0.50000000, 0.30000000, -0.00000367
-0.80000000, 0.40000000, 0.40000000, -0.00000007
-0.80000000, 0.30000000, 0.50000000, -0.00000106
-0.80000000, 0.20000000, 0.60000000, -0.00000375
-0.80000000, 0.10000000, 0.70000000, -0.00000623
-0.80000000, 0.00000000, 0.80000000, -0.00000567
-0.70000000, -0.10000000, 0.80000000, -0.00000623
-0.60000000, -0.20000000, 0.80000000, -0.00000375
-0.50000000, -0.30000000, 0.80000000, -0.00000106
-0.40000000, -0.40000000, 0.80000000, -0.00000007
-0.30000000, -0.50000000, 0.80000000, -0.00000367
-0.20000000, -0.60000000, 0.80000000, -0.00000856
-0.10000000, -0.70000000, 0.80000000, -0.00001143
0.00000000, -0.80000000, 0.80000000, -0.00002243
0.10000000, -0.80000000, 0.70000000, -0.00006318
0.20000000, -0.80000000, 0.60000000, 0.00001339
0.30000000, -0.80000000, 0.50000000, 0.00018099
0.40000000, -0.80000000, 0.40000000, 0.00030705
0.50000000, -0.80000000, 0.30000000, 0.00025934
0.60000000, -0.80000000, 0.20000000, 0.00010661
0.70000000, -0.80000000, 0.10000000, 0.00001619
0.80000000, -0.80000000, 0.00000000, 0.00001131
0.80000000, -0.70000000, -0.10000000, 0.00000569
0.80000000, -0.60000000, -0.20000000, 0.00000382
0.80000000, -0.50000000, -0.30000000, 0.00000191
0.80000000, -0.40000000, -0.40000000, -0.00000006
0.80000000, -0.30000000, -0.50000000, 0.00000182
0.80000000, -0.20000000, -0.60000000, 0.00000321
0.80000000, -0.10000000, -0.70000000, 0.00000498
0.85000000, 0.00000000, -0.85000000, -0.00000305
0.74375000, 0.10625000, -0.85000000, -0.00000301
0.63750000, 0.21250000, -0.85000000, -0.00000270
0.53125000, 0.31875000, -0.85000000, -0.00000252
0.42500000, 0.42500000, -0.85000000, -0.00000120
0.31875000, 0.53125000, -0.85000000, -0.00000114
0.21250000, 0.63750000, -0.85000000, -0.00000132
0.10625000, 0.74375000, -0.85000000, -0.00000302
0.00000000, 0.85000000, -0.85000000, -0.00001414
-0.10625000, 0.85000000, -0.74375000, -0.00001479
-0.21250000, 0.85000000, -0.63750000, 0.00001343
-0.31875000, 0.85000000, -0.53125000, 0.00007028
-0.42500000, 0.85000000, -0.42500000, 0.00010354
-0.53125000, 0.85000000, -0.31875000, 0.00006770
-0.63750000, 0.85000000, -0.21250000, 0.00000952
-0.74375000, 0.85000000, -0.10625000, -0.00000582
-0.85000000, 0.85000000, 0.00000000, 0.00000902
-0.85000000, 0.74375000, 0.10625000, 0.00000535
-0.85000000, 0.63750000, 0.21250000, 0.00000413
-0.85000000, 0.53125000, 0.31875000, 0.00000138
-0.85000000, 0.42500000, 0.42500000, -0.00000007
-0.85000000, 0.31875000, 0.53125000, 0.00000022
-0.85000000, 0.21250000, 0.63750000, 0.00000184
-0.85000000, 0.10625000, 0.74375000, 0.00000312
-0.85000000, 0.00000000, 0.85000000, 0.00000433
-0.74375000, -0.10625000, 0.85000000, 0.00000312
-0.63750000, -0.21250000, 0.85000000, 0.00000184
-0.53125000, -0.31875000, 0.85000000, 0.00000022
-0.42500000, -0.42500000, 0.85000000, -0.00000007
-0.31875000, -0.53125000, 0.85000000, 0.00000138
-0.21250000, -0.63750000, 0.85000000, 0.00000413
-0.10625000, -0.74375000, 0.85000000, 0.00000535
0.00000000, -0.85000000, 0.85000000, 0.00000902
0.10625000, -0.85000000, 0.74375000, -0.00000582
0.21250000, -0.85000000, 0.63750000, 0.00000952
0.31875000, -0.85000000, 0.53125000, 0.00006770
0.42500000, -0.85000000, 0.42500000, 0.00010354
0.53125000, -0.85000000, 0.31875000, 0.00007028
0.63750000, -0.85000000, 0.21250000, 0.00001343
0.74375000, -0.85000000, 0.10625000, -0.00001479
0.85000000, -0.85000000, 0.00000000, -0.00001414
0.85000000, -0.74375000, -0.10625000, -0.00000302
0.85000000, -0.63750000, -0.21250000, -0.00000132
0.85000000, -0.53125000, -0.31875000, -0.00000114
0.85000000, -0.42500000, -0.42500000, -0.00000120
0.85000000, -0.31875000, -0.53125000, -0.00000252
0.85000000, -0.21250000, -0.63750000, -0.00000270
0.85000000, -0.10625000, -0.74375000, -0.00000301
0.90000000, 0.00000000, -0.90000000, -0.00000250
0.78750000, 0.11250000, -0.90000000, -0.00000312
0.67500000, 0.22500000, -0.90000000, -0.00000242
0.56250000, 0.33750000, -0.90000000, -0.00000188
0.45000000, 0.45000000, -0.90000000, -0.00000035
0.33750000, 0.56250000, -0.90000000, -0.00000064
0.22500000, 0.67500000, -0.90000000, -0.00000105
0.11250000, 0.78750000, -0.90000000, -0.00000231
0.00000000, 0.90000000, -0.90000000, -0.00000853
-0.11250000, 0.90000000, -0.78750000, -0.00001128
-0.22500000, 0.90000000, -0.67500000, -0.00000524
-0.33750000, 0.90000000, -0.56250000, 0.00000854
-0.45000000, 0.90000000, -0.45000000, 0.00002226
-0.56250000, 0.90000000, -0.33750000, 0.00001858
-0.67500000, 0.90000000, -0.22500000, 0.00000642
-0.78750000, 0.90000000, -0.11250000, 0.00000575
-0.90000000, 0.90000000, 0.00000000, 0.00000747
-0.90000000, 0.78750000, 0.11250000, 0.00000572
-0.90000000, 0.67500000, 0.22500000, 0.00000460
-0.90000000, 0.56250000, 0.33750000, 0.00000188
-0.90000000, 0.45000000, 0.45000000, -0.00000004
-0.90000000, 0.33750000, 0.56250000, 0.00000069
-0.90000000, 0.22500000, 0.67500000, 0.00000239
-0.90000000, 0.11250000, 0.78750000, 0.00000390
-0.90000000, 0.00000000, 0.90000000, 0.00000357
-0.78750000, -0.11250000, 0.90000000, 0.00000390
-0.67500000, -0.22500000, 0.90000000, 0.00000239
-0.56250000, -0.33750000, 0.90000000, 0.00000069
-0.45000000, -0.45000000, 0.90000000, -0.00000004
-0.33750000, -0.56250000, 0.90000000, 0.00000188
-0.22500000, -0.67500000, 0.90000000, 0.00000460
-0.11250000, -0.78750000, 0.90000000, 0.00000572
0.00000000, -0.90000000, 0.90000000, 0.00000747
0.11250000, -0.90000000, 0.78750000, 0.00000575
0.22500000, -0.90000000, 0.67500000, 0.00000642
0.33750000, -0.90000000, 0.56250000, 0.00001858
0.45000000, -0.90000000, 0.45000000, 0.00002226
0.56250000, -0.90000000, 0.33750000, 0.00000854
0.67500000, -0.90000000, 0.22500000, -0.00000524
0.78750000, -0.90000000, 0.11250000, -0.00001128
0.90000000, -0.90000000, 0.00000000, -0.00000853
0.90000000, -0.78750000, -0.11250000, -0.00000231
0.90000000, -0.67500000, -0.22500000, -0.00000105
0.90000000, -0.56250000, -0.33750000, -0.00000064
0.90000000, -0.45000000, -0.45000000, -0.00000035
0.90000000, -0.33750000, -0.56250000, -0.00000188
0.90000000, -0.22500000, -0.67500000, -0.00000242
0.90000000, -0.11250000, -0.78750000, -0.00000312
0.95000000, 0.00000000, -0.95000000, 0.00000303
0.83125000, 0.11875000, -0.95000000, 0.00000315
0.71250000, 0.23750000, -0.95000000, 0.00000254
0.59375000, 0.35625000, -0.95000000, 0.00000203
0.47500000, 0.47500000, -0.95000000, 0.00000057
0.35625000, 0.59375000, -0.95000000, 0.00000087
0.23750000, 0.71250000, -0.95000000, 0.00000136
0.11875000, 0.83125000, -0.95000000, 0.00000298
0.00000000, 0.95000000, -0.95000000, 0.00001240
-0.11875000, 0.95000000, -0.83125000, 0.00001089
-0.23750000, 0.95000000, -0.71250000, 0.00000857
-0.35625000, 0.95000000, -0.59375000, 0.00000948
-0.47500000, 0.95000000, -0.47500000, 0.00000299
-0.59375000, 0.95000000, -0.35625000, -0.00000594
-0.71250000, 0.95000000, -0.23750000, -0.00000780
-0.83125000, 0.95000000, -0.11875000, -0.00001085
-0.95000000, 0.95000000, 0.00000000, -0.00001093
-0.95000000, 0.83125000, 0.11875000, -0.00000634
-0.95000000, 0.71250000, 0.23750000, -0.00000491
-0.95000000, 0.59375000, 0.35625000, -0.00000197
-0.95000000, 0.47500000, 0.47500000, -0.00000007
-0.95000000, 0.35625000, 0.59375000, -0.00000056
-0.95000000, 0.23750000, 0.71250000, -0.00000224
-0.95000000, 0.11875000, 0.83125000, -0.00000371
-0.95000000, 0.00000000, 0.95000000, -0.00000435
-0.83125000, -0.11875000, 0.95000000, -0.00000371
-0.71250000, -0.23750000, 0.95000000, -0.00000224
-0.59375000, -0.35625000, 0.95000000, -0.00000056
-0.47500000, -0.47500000, 0.95000000, -0.00000007
-0.35625000, -0.59375000, 0.95000000, -0.00000197
-0.23750000, -0.71250000, 0.95000000, -0.00000491
-0.11875000, -0.83125000, 0.95000000, -0.00000634
0.00000000, -0.95000000, 0.95000000, -0.00001093
0.11875000, -0.95000000, 0.83125000, -0.00001085
0.23750000, -0.95000000, 0.71250000, -0.00000780
0.35625000, -0.95000000, 0.59375000, -0.00000594
0.47500000, -0.95000000, 0.47500000, 0.00000299
0.59375000, -0.95000000, 0.35625000, 0.00000948
0.71250000, -0.95000000, 0.23750000, 0.00000857
0.83125000, -0.95000000, 0.11875000, 0.00001089
0.95000000, -0.95000000, 0.00000000, 0.00001240
0.95000000, -0.83125000, -0.11875000, 0.00000298
0.95000000, -0.71250000, -0.23750000, 0.00000136
0.95000000, -0.59375000, -0.35625000, 0.00000087
0.95000000, -0.47500000, -0.47500000, 0.00000057
0.95000000, -0.35625000, -0.59375000, 0.00000203
0.95000000, -0.23750000, -0.71250000, 0.00000254
0.95000000, -0.11875000, -0.83125000, 0.00000315
1.00000000, 0.00000000, -1.00000000, 0.00000000
0.87500000, 0.12500000, -1.00000000, 0.00000000
0.75000000, 0.25000000, -1.00000000, 0.00000000
0.62500000, 0.37500000, -1.00000000, 0.00000000
0.50000000, 0.50000000, -1.00000000, 0.00000000
0.37500000, 0.62500000, -1.00000000, 0.00000000
0.25000000, 0.75000000, -1.00000000, 0.00000000
0.12500000, 0.87500000, -1.00000000, 0.00000000
0.00000000, 1.00000000, -1.00000000, 0.00000000
-0.12500000, 1.00000000, -0.87500000, 0.00000000
-0.25000000, 1.00000000, -0.75000000, 0.00000000
-0.37500000, 1.00000000, -0.62500000, 0.00000000
-0.50000000, 1.00000000, -0.50000000, 0.00000000
-0.62500000, 1.00000000, -0.37500000, 0.00000000
-0.75000000, 1.00000000, -0.25000000, 0.00000000
-0.87500000, 1.00000000, -0.12500000, 0.00000000
-1.00000000, 1.00000000, 0.00000000, 0.00000000
-1.00000000, 0.87500000, 0.12500000, 0.00000000
-1.00000000, 0.75000000, 0.25000000, 0.00000000
-1.00000000, 0.62500000, 0.37500000, 0.00000000
-1.00000000, 0.50000000, 0.50000000, 0.00000000
-1.00000000, 0.37500000, 0.62500000, 0.00000000
-1.00000000, 0.25000000, 0.75000000, 0.00000000
-1.00000000, 0.12500000, 0.87500000, 0.00000000
-1.00000000, 0.00000000, 1.00000000, 0.00000000
-0.87500000, -0.12500000, 1.00000000, 0.00000000
-0.75000000, -0.25000000, 1.00000000, 0.00000000
-0.62500000, -0.37500000, 1.00000000, 0.00000000
-0.50000000, -0.50000000, 1.00000000, 0.00000000
-0.37500000, -0.62500000, 1.00000000, 0.00000000
-0.25000000, -0.75000000, 1.00000000, 0.00000000
-0.12500000, -0.87500000, 1.00000000, 0.00000000
0.00000000, -1.00000000, 1.00000000, 0.00000000
0.12500000, -1.00000000, 0.87500000, 0.00000000
0.25000000, -1.00000000, 0.75000000, 0.00000000
0.37500000, -1.00000000, 0.62500000, 0.00000000
0.50000000, -1.00000000, 0.50000000, 0.00000000
0.62500000, -1.00000000, 0.37500000, 0.00000000
0.75000000, -1.00000000, 0.25000000, 0.00000000
0.87500000, -1.00000000, 0.12500000, 0.00000000
1.00000000, -1.00000000, 0.00000000, 0.00000000
1.00000000, -0.87500000, -0.12500000, 0.00000000
1.00000000, -0.75000000, -0.25000000, 0.00000000
1.00000000, -0.62500000, -0.37500000, 0.00000000
1.00000000, -0.50000000, -0.50000000, 0.00000000
1.00000000, -0.37500000, -0.62500000, 0.00000000
1.00000000, -0.25000000, -0.75000000, 0.00000000
1.00000000, -0.12500000, -0.87500000, 0.00000000
