0.01000000, 0.00000000, -0.01000000, -0.29065618
0.00000000, 0.01000000, -0.01000000, -1.00373197
-0.00125000, 0.01000000, -0.00875000, -1.08817637
-0.00250000, 0.01000000, -0.00750000, -0.75702435
-0.00375000, 0.01000000, -0.00625000, -0.31161648
-0.00500000, 0.01000000, -0.00500000, 0.19476971
-0.00625000, 0.01000000, -0.00375000, 0.67887610
-0.00750000, 0.01000000, -0.00250000, 1.05583489
-0.00875000, 0.01000000, -0.00125000, 1.27406824
-0.01000000, 0.01000000, 0.00000000, 1.03085029
-0.01000000, 0.00875000, 0.00125000, 0.75656307
-0.01000000, 0.00750000, 0.00250000, 0.64033979
-0.01000000, 0.00625000, 0.00375000, 0.56495607
-0.01000000, 0.00500000, 0.00500000, 0.49619657
-0.01000000, 0.00375000, 0.00625000, 0.44422653
-0.01000000, 0.00250000, 0.00750000, 0.38945106
-0.01000000, 0.00125000, 0.00875000, 0.35072485
-0.01000000, 0.00000000, 0.01000000, 0.31496507
0.00000000, -0.01000000, 0.01000000, 1.03085029
0.00125000, -0.01000000, 0.00875000, 1.27406824
0.00250000, -0.01000000, 0.00750000, 1.05583489
0.00375000, -0.01000000, 0.00625000, 0.67887610
0.00500000, -0.01000000, 0.00500000, 0.19476971
0.00625000, -0.01000000, 0.00375000, -0.31161648
0.00750000, -0.01000000, 0.00250000, -0.75702435
0.00875000, -0.01000000, 0.00125000, -1.08817637
0.01000000, -0.01000000, 0.00000000, -1.00373197
0.01000000, -0.00875000, -0.00125000, -0.72843987
0.01000000, -0.00750000, -0.00250000, -0.61188525
0.01000000, -0.00625000, -0.00375000, -0.53767294
0.01000000, -0.00500000, -0.00500000, -0.46924275
0.01000000, -0.00375000, -0.00625000, -0.41803622
0.01000000, -0.00250000, -0.00750000, -0.36423191
0.01000000, -0.00125000, -0.00875000, -0.32624340
0.02000000, 0.00000000, -0.02000000, -0.10898265
0.01750000, 0.00250000, -0.02000000, -0.12279340
0.01500000, 0.00500000, -0.02000000, -0.13949645
0.01250000, 0.00750000, -0.02000000, -0.15993732
0.01000000, 0.01000000, -0.02000000, -0.18176043
0.00750000, 0.01250000, -0.02000000, -0.20980920
0.00500000, 0.01500000, -0.02000000, -0.24236846
0.00250000, 0.01750000, -0.02000000, -0.29097822
0.00000000, 0.02000000, -0.02000000, -0.40766627
-0.00250000, 0.02000000, -0.01750000, -0.43365300
-0.00500000, 0.02000000, -0.01500000, -0.29691908
-0.00750000, 0.02000000, -0.01250000, -0.10204328
-0.01000000, 0.02000000, -0.01000000, 0.10347016
-0.01250000, 0.02000000, -0.00750000, 0.29785693
-0.01500000, 0.02000000, -0.00500000, 0.45853031
-0.01750000, 0.02000000, -0.00250000, 0.53858107
-0.02000000, 0.02000000, 0.00000000, 0.43338788
-0.02000000, 0.01750000, 0.00250000, 0.31773204
-0.02000000, 0.01500000, 0.00500000, 0.26893806
-0.02000000, 0.01250000, 0.00750000, 0.23602456
-0.02000000, 0.01000000, 0.01000000, 0.20720133
-0.02000000, 0.00750000, 0.01250000, 0.18438633
-0.02000000, 0.00500000, 0.01500000, 0.16331305
-0.02000000, 0.00250000, 0.01750000, 0.14576624
-0.02000000, 0.00000000, 0.02000000, 0.13160126
-0.01750000, -0.00250000, 0.02000000, 0.14576624
-0.01500000, -0.00500000, 0.02000000, 0.16331305
-0.01250000, -0.00750000, 0.02000000, 0.18438633
-0.01000000, -0.01000000, 0.02000000, 0.20720133
-0.00750000, -0.01250000, 0.02000000, 0.23602456
-0.00500000, -0.01500000, 0.02000000, 0.26893806
-0.00250000, -0.01750000, 0.02000000, 0.31773204
0.00000000, -0.02000000, 0.02000000, 0.43338788
0.00250000, -0.02000000, 0.01750000, 0.53858107
0.00500000, -0.02000000, 0.01500000, 0.45853031
0.00750000, -0.02000000, 0.01250000, 0.29785693
0.01000000, -0.02000000, 0.01000000, 0.10347016
0.01250000, -0.02000000, 0.00750000, -0.10204328
0.01500000, -0.02000000, 0.00500000, -0.29691908
0.01750000, -0.02000000, 0.00250000, -0.43365300
0.02000000, -0.02000000, 0.00000000, -0.40766627
0.02000000, -0.01750000, -0.00250000, -0.29097822
0.02000000, -0.01500000, -0.00500000, -0.24236846
0.02000000, -0.01250000, -0.00750000, -0.20980920
0.02000000, -0.01000000, -0.01000000, -0.18176043
0.02000000, -0.00750000, -0.01250000, -0.15993732
0.02000000, -0.00500000, -0.01500000, -0.13949645
0.02000000, -0.00250000, -0.01750000, -0.12279340
0.03000000, 0.00000000, -0.03000000, -0.05966619
0.02625000, 0.00375000, -0.03000000, -0.06785064
0.02250000, 0.00750000, -0.03000000, -0.07817068
0.01875000, 0.01125000, -0.03000000, -0.09099650
0.01500000, 0.01500000, -0.03000000, -0.10553063
0.01125000, 0.01875000, -0.03000000, -0.12279100
0.00750000, 0.02250000, -0.03000000, -0.14412741
0.00375000, 0.02625000, -0.03000000, -0.17591208
0.00000000, 0.03000000, -0.03000000, -0.25173753
-0.00375000, 0.03000000, -0.02625000, -0.26591960
-0.00750000, 0.03000000, -0.02250000, -0.17907903
-0.01125000, 0.03000000, -0.01875000, -0.05697684
-0.01500000, 0.03000000, -0.01500000, 0.07325292
-0.01875000, 0.03000000, -0.01125000, 0.19589010
-0.02250000, 0.03000000, -0.00750000, 0.29516834
-0.02625000, 0.03000000, -0.00375000, 0.34425777
-0.03000000, 0.03000000, 0.00000000, 0.27753535
-0.03000000, 0.02625000, 0.00375000, 0.20270835
-0.03000000, 0.02250000, 0.00750000, 0.17057140
-0.03000000, 0.01875000, 0.01125000, 0.14858846
-0.03000000, 0.01500000, 0.01500000, 0.13038665
-0.03000000, 0.01125000, 0.01875000, 0.11481079
-0.03000000, 0.00750000, 0.02250000, 0.10110633
-0.03000000, 0.00375000, 0.02625000, 0.08984611
-0.03000000, 0.00000000, 0.03000000, 0.08120441
-0.02625000, -0.00375000, 0.03000000, 0.08984611
-0.02250000, -0.00750000, 0.03000000, 0.10110633
-0.01875000, -0.01125000, 0.03000000, 0.11481079
-0.01500000, -0.01500000, 0.03000000, 0.13038665
-0.01125000, -0.01875000, 0.03000000, 0.14858846
-0.00750000, -0.02250000, 0.03000000, 0.17057140
-0.00375000, -0.02625000, 0.03000000, 0.20270835
0.00000000, -0.03000000, 0.03000000, 0.27753535
0.00375000, -0.03000000, 0.02625000, 0.34425777
0.00750000, -0.03000000, 0.02250000, 0.29516834
0.01125000, -0.03000000, 0.01875000, 0.19589010
0.01500000, -0.03000000, 0.01500000, 0.07325292
0.01875000, -0.03000000, 0.01125000, -0.05697684
0.02250000, -0.03000000, 0.00750000, -0.17907903
0.02625000, -0.03000000, 0.00375000, -0.26591960
0.03000000, -0.03000000, 0.00000000, -0.25173753
0.03000000, -0.02625000, -0.00375000, -0.17591208
0.03000000, -0.02250000, -0.00750000, -0.14412741
0.03000000, -0.01875000, -0.01125000, -0.12279100
0.03000000, -0.01500000, -0.01500000, -0.10553063
0.03000000, -0.01125000, -0.01875000, -0.09099650
0.03000000, -0.00750000, -0.02250000, -0.07817068
0.03000000, -0.00375000, -0.02625000, -0.06785064
0.04000000, 0.00000000, -0.04000000, -0.03795559
0.03500000, 0.00500000, -0.04000000, -0.04381200
0.03000000, 0.01000000, -0.04000000, -0.05155094
0.02500000, 0.01500000, -0.04000000, -0.06097366
0.02000000, 0.02000000, -0.04000000, -0.07192080
0.01500000, 0.02500000, -0.04000000, -0.08518368
0.01000000, 0.03000000, -0.04000000, -0.10178032
0.00500000, 0.03500000, -0.04000000, -0.12625270
0.00000000, 0.04000000, -0.04000000, -0.18435660
-0.00500000, 0.04000000, -0.03500000, -0.19465944
-0.01000000, 0.04000000, -0.03000000, -0.12908792
-0.01500000, 0.04000000, -0.02500000, -0.03885790
-0.02000000, 0.04000000, -0.02000000, 0.05823690
-0.02500000, 0.04000000, -0.01500000, 0.14963214
-0.03000000, 0.04000000, -0.01000000, 0.22278418
-0.03500000, 0.04000000, -0.00500000, 0.26001781
-0.04000000, 0.04000000, 0.00000000, 0.21055347
-0.04000000, 0.03500000, 0.00500000, 0.15330103
-0.04000000, 0.03000000, 0.01000000, 0.12835570
-0.04000000, 0.02500000, 0.01500000, 0.11081356
-0.04000000, 0.02000000, 0.02000000, 0.09642107
-0.04000000, 0.01500000, 0.02500000, 0.08426298
-0.04000000, 0.01000000, 0.03000000, 0.07370450
-0.04000000, 0.00500000, 0.03500000, 0.06499536
-0.04000000, 0.00000000, 0.04000000, 0.05860044
-0.03500000, -0.00500000, 0.04000000, 0.06499536
-0.03000000, -0.01000000, 0.04000000, 0.07370450
-0.02500000, -0.01500000, 0.04000000, 0.08426298
-0.02000000, -0.02000000, 0.04000000, 0.09642107
-0.01500000, -0.02500000, 0.04000000, 0.11081356
-0.01000000, -0.03000000, 0.04000000, 0.12835570
-0.00500000, -0.03500000, 0.04000000, 0.15330103
0.00000000, -0.04000000, 0.04000000, 0.21055347
0.00500000, -0.04000000, 0.03500000, 0.26001781
0.01000000, -0.04000000, 0.03000000, 0.22278418
0.01500000, -0.04000000, 0.02500000, 0.14963214
0.02000000, -0.04000000, 0.02000000, 0.05823690
0.02500000, -0.04000000, 0.01500000, -0.03885790
0.03000000, -0.04000000, 0.01000000, -0.12908792
0.03500000, -0.04000000, 0.00500000, -0.19465944
0.04000000, -0.04000000, 0.00000000, -0.18435660
0.04000000, -0.03500000, -0.00500000, -0.12625270
0.04000000, -0.03000000, -0.01000000, -0.10178032
0.04000000, -0.02500000, -0.01500000, -0.08518368
0.04000000, -0.02000000, -0.02000000, -0.07192080
0.04000000, -0.01500000, -0.02500000, -0.06097366
0.04000000, -0.01000000, -0.03000000, -0.05155094
0.04000000, -0.00500000, -0.03500000, -0.04381200
0.05000000, 0.00000000, -0.05000000, -0.02606270
0.04375000, 0.00625000, -0.05000000, -0.03055956
0.03750000, 0.01250000, -0.05000000, -0.03684059
0.03125000, 0.01875000, -0.05000000, -0.04458603
0.02500000, 0.02500000, -0.05000000, -0.05372725
0.01875000, 0.03125000, -0.05000000, -0.06475282
0.01250000, 0.03750000, -0.05000000, -0.07869080
0.00625000, 0.04375000, -0.05000000, -0.09922273
0.00000000, 0.05000000, -0.05000000, -0.14760824
-0.00625000, 0.05000000, -0.04375000, -0.15583839
-0.01250000, 0.05000000, -0.03750000, -0.10261898
-0.01875000, 0.05000000, -0.03125000, -0.02938031
-0.02500000, 0.05000000, -0.02500000, 0.04931178
-0.03125000, 0.05000000, -0.01875000, 0.12343977
-0.03750000, 0.05000000, -0.01250000, 0.18302874
-0.04375000, 0.05000000, -0.00625000, 0.21363308
-0.05000000, 0.05000000, 0.00000000, 0.17433234
-0.05000000, 0.04375000, 0.00625000, 0.12664372
-0.05000000, 0.03750000, 0.01250000, 0.10542308
-0.05000000, 0.03125000, 0.01875000, 0.09032393
-0.05000000, 0.02500000, 0.02500000, 0.07794197
-0.05000000, 0.01875000, 0.03125000, 0.06739382
-0.05000000, 0.01250000, 0.03750000, 0.05835777
-0.05000000, 0.00625000, 0.04375000, 0.05099852
-0.05000000, 0.00000000, 0.05000000, 0.04589687
-0.04375000, -0.00625000, 0.05000000, 0.05099852
-0.03750000, -0.01250000, 0.05000000, 0.05835777
-0.03125000, -0.01875000, 0.05000000, 0.06739382
-0.02500000, -0.02500000, 0.05000000, 0.07794197
-0.01875000, -0.03125000, 0.05000000, 0.09032393
-0.01250000, -0.03750000, 0.05000000, 0.10542308
-0.00625000, -0.04375000, 0.05000000, 0.12664372
0.00000000, -0.05000000, 0.05000000, 0.17433234
0.00625000, -0.05000000, 0.04375000, 0.21363308
0.01250000, -0.05000000, 0.03750000, 0.18302874
0.01875000, -0.05000000, 0.03125000, 0.12343977
0.02500000, -0.05000000, 0.02500000, 0.04931178
0.03125000, -0.05000000, 0.01875000, -0.02938031
0.03750000, -0.05000000, 0.01250000, -0.10261898
0.04375000, -0.05000000, 0.00625000, -0.15583839
0.05000000, -0.05000000, 0.00000000, -0.14760824
0.05000000, -0.04375000, -0.00625000, -0.09922273
0.05000000, -0.03750000, -0.01250000, -0.07869080
0.05000000, -0.03125000, -0.01875000, -0.06475282
0.05000000, -0.02500000, -0.02500000, -0.05372725
0.05000000, -0.01875000, -0.03125000, -0.04458603
0.05000000, -0.01250000, -0.03750000, -0.03684059
0.05000000, -0.00625000, -0.04375000, -0.03055956
0.06000000, 0.00000000, -0.06000000, -0.01892262
0.05250000, 0.00750000, -0.06000000, -0.02262248
0.04500000, 0.01500000, -0.06000000, -0.02791949
0.03750000, 0.02250000, -0.06000000, -0.03455798
0.03000000, 0.03000000, -0.06000000, -0.04244479
0.02250000, 0.03750000, -0.06000000, -0.05219856
0.01500000, 0.04500000, -0.06000000, -0.06452135
0.00750000, 0.05250000, -0.06000000, -0.08259596
0.00000000, 0.06000000, -0.06000000, -0.12491158
-0.00750000, 0.06000000, -0.05250000, -0.13238874
-0.01500000, 0.06000000, -0.04500000, -0.08687633
-0.02250000, 0.06000000, -0.03750000, -0.02426074
-0.03000000, 0.06000000, -0.03000000, 0.04340883
-0.03750000, 0.06000000, -0.02250000, 0.10729714
-0.04500000, 0.06000000, -0.01500000, 0.15856658
-0.05250000, 0.06000000, -0.00750000, 0.18529698
-0.06000000, 0.06000000, 0.00000000, 0.15220226
-0.06000000, 0.05250000, 0.00750000, 0.11034407
-0.06000000, 0.04500000, 0.01500000, 0.09136665
-0.06000000, 0.03750000, 0.02250000, 0.07769092
-0.06000000, 0.03000000, 0.03000000, 0.06640957
-0.06000000, 0.02250000, 0.03750000, 0.05696832
-0.06000000, 0.01500000, 0.04500000, 0.04889350
-0.06000000, 0.00750000, 0.05250000, 0.04241026
-0.06000000, 0.00000000, 0.06000000, 0.03802777
-0.05250000, -0.00750000, 0.06000000, 0.04241026
-0.04500000, -0.01500000, 0.06000000, 0.04889350
-0.03750000, -0.02250000, 0.06000000, 0.05696832
-0.03000000, -0.03000000, 0.06000000, 0.06640957
-0.02250000, -0.03750000, 0.06000000, 0.07769092
-0.01500000, -0.04500000, 0.06000000, 0.09136665
-0.00750000, -0.05250000, 0.06000000, 0.11034407
0.00000000, -0.06000000, 0.06000000, 0.15220226
0.00750000, -0.06000000, 0.05250000, 0.18529698
0.01500000, -0.06000000, 0.04500000, 0.15856658
0.02250000, -0.06000000, 0.03750000, 0.10729714
0.03000000, -0.06000000, 0.03000000, 0.04340883
0.03750000, -0.06000000, 0.02250000, -0.02426074
0.04500000, -0.06000000, 0.01500000, -0.08687633
0.05250000, -0.06000000, 0.00750000, -0.13238874
0.06000000, -0.06000000, 0.00000000, -0.12491158
0.06000000, -0.05250000, -0.00750000, -0.08259596
0.06000000, -0.04500000, -0.01500000, -0.06452135
0.06000000, -0.03750000, -0.02250000, -0.05219856
0.06000000, -0.03000000, -0.03000000, -0.04244479
0.06000000, -0.02250000, -0.03750000, -0.03455798
0.06000000, -0.01500000, -0.04500000, -0.02791949
0.06000000, -0.00750000, -0.05250000, -0.02262248
0.07000000, 0.00000000, -0.07000000, -0.01402214
0.06125000, 0.00875000, -0.07000000, -0.01715692
0.05250000, 0.01750000, -0.07000000, -0.02186416
0.04375000, 0.02625000, -0.07000000, -0.02779809
0.03500000, 0.03500000, -0.07000000, -0.03488239
0.02625000, 0.04375000, -0.07000000, -0.04365612
0.01750000, 0.05250000, -0.07000000, -0.05472947
0.00875000, 0.06125000, -0.07000000, -0.07096959
0.00000000, 0.07000000, -0.07000000, -0.10876931
-0.00875000, 0.07000000, -0.06125000, -0.11582556
-0.01750000, 0.07000000, -0.05250000, -0.07565451
-0.02625000, 0.07000000, -0.04375000, -0.02043831
-0.03500000, 0.07000000, -0.03500000, 0.03923594
-0.04375000, 0.07000000, -0.02625000, 0.09567808
-0.05250000, 0.07000000, -0.01750000, 0.14121264
-0.06125000, 0.07000000, -0.00875000, 0.16534860
-0.07000000, 0.07000000, 0.00000000, 0.13663228
-0.07000000, 0.06125000, 0.00875000, 0.09910399
-0.07000000, 0.05250000, 0.01750000, 0.08177021
-0.07000000, 0.04375000, 0.02625000, 0.06912798
-0.07000000, 0.03500000, 0.03500000, 0.05863157
-0.07000000, 0.02625000, 0.04375000, 0.04981719
-0.07000000, 0.01750000, 0.05250000, 0.04230682
-0.07000000, 0.00875000, 0.06125000, 0.03632442
-0.07000000, 0.00000000, 0.07000000, 0.03243629
-0.06125000, -0.00875000, 0.07000000, 0.03632442
-0.05250000, -0.01750000, 0.07000000, 0.04230682
-0.04375000, -0.02625000, 0.07000000, 0.04981719
-0.03500000, -0.03500000, 0.07000000, 0.05863157
-0.02625000, -0.04375000, 0.07000000, 0.06912798
-0.01750000, -0.05250000, 0.07000000, 0.08177021
-0.00875000, -0.06125000, 0.07000000, 0.09910399
0.00000000, -0.07000000, 0.07000000, 0.13663228
0.00875000, -0.07000000, 0.06125000, 0.16534860
0.01750000, -0.07000000, 0.05250000, 0.14121264
0.02625000, -0.07000000, 0.04375000, 0.09567808
0.03500000, -0.07000000, 0.03500000, 0.03923594
0.04375000, -0.07000000, 0.02625000, -0.02043831
0.05250000, -0.07000000, 0.01750000, -0.07565451
0.06125000, -0.07000000, 0.00875000, -0.11582556
0.07000000, -0.07000000, 0.00000000, -0.10876931
0.07000000, -0.06125000, -0.00875000, -0.07096959
0.07000000, -0.05250000, -0.01750000, -0.05472947
0.07000000, -0.04375000, -0.02625000, -0.04365612
0.07000000, -0.03500000, -0.03500000, -0.03488239
0.07000000, -0.02625000, -0.04375000, -0.02779809
0.07000000, -0.01750000, -0.05250000, -0.02186416
0.07000000, -0.00875000, -0.06125000, -0.01715692
0.08000000, 0.00000000, -0.08000000, -0.01055033
0.07000000, 0.01000000, -0.08000000, -0.01325329
0.06000000, 0.02000000, -0.08000000, -0.01754155
0.05000000, 0.03000000, -0.08000000, -0.02296970
0.04000000, 0.04000000, -0.08000000, -0.02949746
0.03000000, 0.05000000, -0.08000000, -0.03748793
0.02000000, 0.06000000, -0.08000000, -0.04759499
0.01000000, 0.07000000, -0.08000000, -0.06241538
0.00000000, 0.08000000, -0.08000000, -0.09678167
-0.01000000, 0.08000000, -0.07000000, -0.10344023
-0.02000000, 0.08000000, -0.06000000, -0.06731293
-0.03000000, 0.08000000, -0.05000000, -0.01756534
-0.04000000, 0.08000000, -0.04000000, 0.03614061
-0.05000000, 0.08000000, -0.03000000, 0.08702468
-0.06000000, 0.08000000, -0.02000000, 0.12835108
-0.07000000, 0.08000000, -0.01000000, 0.15053146
-0.08000000, 0.08000000, 0.00000000, 0.12520498
-0.08000000, 0.07000000, 0.01000000, 0.09094661
-0.08000000, 0.06000000, 0.02000000, 0.07484032
-0.08000000, 0.05000000, 0.03000000, 0.06295886
-0.08000000, 0.04000000, 0.04000000, 0.05305178
-0.08000000, 0.03000000, 0.05000000, 0.04462401
-0.08000000, 0.02000000, 0.06000000, 0.03748901
-0.08000000, 0.01000000, 0.07000000, 0.03183666
-0.08000000, 0.00000000, 0.08000000, 0.02832584
-0.07000000, -0.01000000, 0.08000000, 0.03183666
-0.06000000, -0.02000000, 0.08000000, 0.03748901
-0.05000000, -0.03000000, 0.08000000, 0.04462401
-0.04000000, -0.04000000, 0.08000000, 0.05305178
-0.03000000, -0.05000000, 0.08000000, 0.06295886
-0.02000000, -0.06000000, 0.08000000, 0.07484032
-0.01000000, -0.07000000, 0.08000000, 0.09094661
0.00000000, -0.08000000, 0.08000000, 0.12520498
0.01000000, -0.08000000, 0.07000000, 0.15053146
0.02000000, -0.08000000, 0.06000000, 0.12835108
0.03000000, -0.08000000, 0.05000000, 0.08702468
0.04000000, -0.08000000, 0.04000000, 0.03614061
0.05000000, -0.08000000, 0.03000000, -0.01756534
0.06000000, -0.08000000, 0.02000000, -0.06731293
0.07000000, -0.08000000, 0.01000000, -0.10344023
0.08000000, -0.08000000, 0.00000000, -0.09678167
0.08000000, -0.07000000, -0.01000000, -0.06241538
0.08000000, -0.06000000, -0.02000000, -0.04759499
0.08000000, -0.05000000, -0.03000000, -0.03748793
0.08000000, -0.04000000, -0.04000000, -0.02949746
0.08000000, -0.03000000, -0.05000000, -0.02296970
0.08000000, -0.02000000, -0.06000000, -0.01754155
0.08000000, -0.01000000, -0.07000000, -0.01325329
0.09000000, 0.00000000, -0.09000000, -0.00810467
0.07875000, 0.01125000, -0.09000000, -0.01049850
0.06750000, 0.02250000, -0.09000000, -0.01441167
0.05625000, 0.03375000, -0.09000000, -0.01940685
0.04500000, 0.04500000, -0.09000000, -0.02545694
0.03375000, 0.05625000, -0.09000000, -0.03285878
0.02250000, 0.06750000, -0.09000000, -0.04223821
0.01125000, 0.07875000, -0.09000000, -0.05594637
0.00000000, 0.09000000, -0.09000000, -0.08768524
-0.01125000, 0.09000000, -0.07875000, -0.09405268
-0.02250000, 0.09000000, -0.06750000, -0.06110933
-0.03375000, 0.09000000, -0.05625000, -0.01556383
-0.04500000, 0.09000000, -0.04500000, 0.03375645
-0.05625000, 0.09000000, -0.03375000, 0.08058400
-0.06750000, 0.09000000, -0.02250000, 0.11869599
-0.07875000, 0.09000000, -0.01125000, 0.13934337
-0.09000000, 0.09000000, 0.00000000, 0.11663942
-0.09000000, 0.07875000, 0.01125000, 0.08483376
-0.09000000, 0.06750000, 0.02250000, 0.06964651
-0.09000000, 0.05625000, 0.03375000, 0.05831463
-0.09000000, 0.04500000, 0.04500000, 0.04883005
-0.09000000, 0.03375000, 0.05625000, 0.04073871
-0.09000000, 0.02250000, 0.06750000, 0.03391588
-0.09000000, 0.01125000, 0.07875000, 0.02854666
-0.09000000, 0.00000000, 0.09000000, 0.02530052
-0.07875000, -0.01125000, 0.09000000, 0.02854666
-0.06750000, -0.02250000, 0.09000000, 0.03391588
-0.05625000, -0.03375000, 0.09000000, 0.04073871
-0.04500000, -0.04500000, 0.09000000, 0.04883005
-0.03375000, -0.05625000, 0.09000000, 0.05831463
-0.02250000, -0.06750000, 0.09000000, 0.06964651
-0.01125000, -0.07875000, 0.09000000, 0.08483376
0.00000000, -0.09000000, 0.09000000, 0.11663942
0.01125000, -0.09000000, 0.07875000, 0.13934337
0.02250000, -0.09000000, 0.06750000, 0.11869599
0.03375000, -0.09000000, 0.05625000, 0.08058400
0.04500000, -0.09000000, 0.04500000, 0.03375645
0.05625000, -0.09000000, 0.03375000, -0.01556383
0.06750000, -0.09000000, 0.02250000, -0.06110933
0.07875000, -0.09000000, 0.01125000, -0.09405268
0.09000000, -0.09000000, 0.00000000, -0.08768524
0.09000000, -0.07875000, -0.01125000, -0.05594637
0.09000000, -0.06750000, -0.02250000, -0.04223821
0.09000000, -0.05625000, -0.03375000, -0.03285878
0.09000000, -0.04500000, -0.04500000, -0.02545694
0.09000000, -0.03375000, -0.05625000, -0.01940685
0.09000000, -0.02250000, -0.06750000, -0.01441167
0.09000000, -0.01125000, -0.07875000, -0.01049850
0.10000000, 0.00000000, -0.10000000, -0.00631688
0.08750000, 0.01250000, -0.10000000, -0.00849277
0.07500000, 0.02500000, -0.10000000, -0.01206896
0.06250000, 0.03750000, -0.10000000, -0.01668410
0.05000000, 0.05000000, -0.10000000, -0.02229563
0.03750000, 0.06250000, -0.10000000, -0.02923286
0.02500000, 0.07500000, -0.10000000, -0.03801610
0.01250000, 0.08750000, -0.10000000, -0.05079861
0.00000000, 0.10000000, -0.10000000, -0.08038437
-0.01250000, 0.10000000, -0.08750000, -0.08659925
-0.02500000, 0.10000000, -0.07500000, -0.05623719
-0.03750000, 0.10000000, -0.06250000, -0.01405686
-0.05000000, 0.10000000, -0.05000000, 0.03186399
-0.06250000, 0.10000000, -0.03750000, 0.07556282
-0.07500000, 0.10000000, -0.02500000, 0.11110408
-0.08750000, 0.10000000, -0.01250000, 0.13050517
-0.10000000, 0.10000000, 0.00000000, 0.10982599
-0.10000000, 0.08750000, 0.01250000, 0.08000126
-0.10000000, 0.07500000, 0.02500000, 0.06555765
-0.10000000, 0.06250000, 0.03750000, 0.05466311
-0.10000000, 0.05000000, 0.05000000, 0.04550000
-0.10000000, 0.03750000, 0.06250000, 0.03772435
-0.10000000, 0.02500000, 0.07500000, 0.03116975
-0.10000000, 0.01250000, 0.08750000, 0.02604879
-0.10000000, 0.00000000, 0.10000000, 0.02297952
-0.08750000, -0.01250000, 0.10000000, 0.02604879
-0.07500000, -0.02500000, 0.10000000, 0.03116975
-0.06250000, -0.03750000, 0.10000000, 0.03772435
-0.05000000, -0.05000000, 0.10000000, 0.04550000
-0.03750000, -0.06250000, 0.10000000, 0.05466311
-0.02500000, -0.07500000, 0.10000000, 0.06555765
-0.01250000, -0.08750000, 0.10000000, 0.08000126
0.00000000, -0.10000000, 0.10000000, 0.10982599
0.01250000, -0.10000000, 0.08750000, 0.13050517
0.02500000, -0.10000000, 0.07500000, 0.11110408
0.03750000, -0.10000000, 0.06250000, 0.07556282
0.05000000, -0.10000000, 0.05000000, 0.03186399
0.06250000, -0.10000000, 0.03750000, -0.01405686
0.07500000, -0.10000000, 0.02500000, -0.05623719
0.08750000, -0.10000000, 0.01250000, -0.08659925
0.10000000, -0.10000000, 0.00000000, -0.08038437
0.10000000, -0.08750000, -0.01250000, -0.05079861
0.10000000, -0.07500000, -0.02500000, -0.03801610
0.10000000, -0.06250000, -0.03750000, -0.02923286
0.10000000, -0.05000000, -0.05000000, -0.02229563
0.10000000, -0.03750000, -0.06250000, -0.01668410
0.10000000, -0.02500000, -0.07500000, -0.01206896
0.10000000, -0.01250000, -0.08750000, -0.00849277
0.15000000, 0.00000000, -0.15000000, -0.00142295
0.13125000, 0.01875000, -0.15000000, -0.00287170
0.11250000, 0.03750000, -0.15000000, -0.00546508
0.09375000, 0.05625000, -0.15000000, -0.00886683
0.07500000, 0.07500000, -0.15000000, -0.01297706
0.05625000, 0.09375000, -0.15000000, -0.01798770
0.03750000, 0.11250000, -0.15000000, -0.02427258
0.01875000, 0.13125000, -0.15000000, -0.03344225
0.00000000, 0.15000000, -0.15000000, -0.05496168
-0.01875000, 0.15000000, -0.13125000, -0.06092609
-0.03750000, 0.15000000, -0.11250000, -0.03902974
-0.05625000, 0.15000000, -0.09375000, -0.00787999
-0.07500000, 0.15000000, -0.07500000, 0.02619900
-0.09375000, 0.15000000, -0.05625000, 0.05884422
-0.11250000, 0.15000000, -0.03750000, 0.08573421
-0.13125000, 0.15000000, -0.01875000, 0.10066483
-0.15000000, 0.15000000, 0.00000000, 0.08594732
-0.15000000, 0.13125000, 0.01875000, 0.06370550
-0.15000000, 0.11250000, 0.03750000, 0.05223005
-0.15000000, 0.09375000, 0.05625000, 0.04319927
-0.15000000, 0.07500000, 0.07500000, 0.03536988
-0.15000000, 0.05625000, 0.09375000, 0.02856065
-0.15000000, 0.03750000, 0.11250000, 0.02278033
-0.15000000, 0.01875000, 0.13125000, 0.01830274
-0.15000000, 0.00000000, 0.15000000, 0.01576489
-0.13125000, -0.01875000, 0.15000000, 0.01830274
-0.11250000, -0.03750000, 0.15000000, 0.02278033
-0.09375000, -0.05625000, 0.15000000, 0.02856065
-0.07500000, -0.07500000, 0.15000000, 0.03536988
-0.05625000, -0.09375000, 0.15000000, 0.04319927
-0.03750000, -0.11250000, 0.15000000, 0.05223005
-0.01875000, -0.13125000, 0.15000000, 0.06370550
0.00000000, -0.15000000, 0.15000000, 0.08594732
0.01875000, -0.15000000, 0.13125000, 0.10066483
0.03750000, -0.15000000, 0.11250000, 0.08573421
0.05625000, -0.15000000, 0.09375000, 0.05884422
0.07500000, -0.15000000, 0.07500000, 0.02619900
0.09375000, -0.15000000, 0.05625000, -0.00787999
0.11250000, -0.15000000, 0.03750000, -0.03902974
0.13125000, -0.15000000, 0.01875000, -0.06092609
0.15000000, -0.15000000, 0.00000000, -0.05496168
0.15000000, -0.13125000, -0.01875000, -0.03344225
0.15000000, -0.11250000, -0.03750000, -0.02427258
0.15000000, -0.09375000, -0.05625000, -0.01798770
0.15000000, -0.07500000, -0.07500000, -0.01297706
0.15000000, -0.05625000, -0.09375000, -0.00886683
0.15000000, -0.03750000, -0.11250000, -0.00546508
0.15000000, -0.01875000, -0.13125000, -0.00287170
0.20000000, 0.00000000, -0.20000000, 0.00008263
0.17500000, 0.02500000, -0.20000000, -0.00091224
0.15000000, 0.05000000, -0.20000000, -0.00274177
0.12500000, 0.07500000, -0.20000000, -0.00517472
0.10000000, 0.10000000, -0.20000000, -0.00810381
0.07500000, 0.12500000, -0.20000000, -0.01171885
0.05000000, 0.15000000, -0.20000000, -0.01621753
0.02500000, 0.17500000, -0.20000000, -0.02280007
0.00000000, 0.20000000, -0.20000000, -0.03902923
-0.02500000, 0.20000000, -0.17500000, -0.04494765
-0.05000000, 0.20000000, -0.15000000, -0.02824332
-0.07500000, 0.20000000, -0.12500000, -0.00392547
-0.10000000, 0.20000000, -0.10000000, 0.02304430
-0.12500000, 0.20000000, -0.07500000, 0.04894109
-0.15000000, 0.20000000, -0.05000000, 0.07006884
-0.17500000, 0.20000000, -0.02500000, 0.08164117
-0.20000000, 0.20000000, 0.00000000, 0.06966208
-0.20000000, 0.17500000, 0.02500000, 0.05261270
-0.20000000, 0.15000000, 0.05000000, 0.04345858
-0.20000000, 0.12500000, 0.07500000, 0.03594242
-0.20000000, 0.10000000, 0.10000000, 0.02923233
-0.20000000, 0.07500000, 0.12500000, 0.02334999
-0.20000000, 0.05000000, 0.15000000, 0.01828162
-0.20000000, 0.02500000, 0.17500000, 0.01432819
-0.20000000, 0.00000000, 0.20000000, 0.01203528
-0.17500000, -0.02500000, 0.20000000, 0.01432819
-0.15000000, -0.05000000, 0.20000000, 0.01828162
-0.12500000, -0.07500000, 0.20000000, 0.02334999
-0.10000000, -0.10000000, 0.20000000, 0.02923233
-0.07500000, -0.12500000, 0.20000000, 0.03594242
-0.05000000, -0.15000000, 0.20000000, 0.04345858
-0.02500000, -0.17500000, 0.20000000, 0.05261270
0.00000000, -0.20000000, 0.20000000, 0.06966208
0.02500000, -0.20000000, 0.17500000, 0.08164117
0.05000000, -0.20000000, 0.15000000, 0.07006884
0.07500000, -0.20000000, 0.12500000, 0.04894109
0.10000000, -0.20000000, 0.10000000, 0.02304430
0.12500000, -0.20000000, 0.07500000, -0.00392547
0.15000000, -0.20000000, 0.05000000, -0.02824332
0.17500000, -0.20000000, 0.02500000, -0.04494765
0.20000000, -0.20000000, 0.00000000, -0.03902923
0.20000000, -0.17500000, -0.02500000, -0.02280007
0.20000000, -0.15000000, -0.05000000, -0.01621753
0.20000000, -0.12500000, -0.07500000, -0.01171885
0.20000000, -0.10000000, -0.10000000, -0.00810381
0.20000000, -0.07500000, -0.12500000, -0.00517472
0.20000000, -0.05000000, -0.15000000, -0.00274177
0.20000000, -0.02500000, -0.17500000, -0.00091224
0.25000000, 0.00000000, -0.25000000, 0.00052752
0.21875000, 0.03125000, -0.25000000, -0.00008654
0.18750000, 0.06250000, -0.25000000, -0.00136166
0.15625000, 0.09375000, -0.25000000, -0.00306168
0.12500000, 0.12500000, -0.25000000, -0.00505687
0.09375000, 0.15625000, -0.25000000, -0.00744688
0.06250000, 0.18750000, -0.25000000, -0.01037143
0.03125000, 0.21875000, -0.25000000, -0.01481081
0.00000000, 0.25000000, -0.25000000, -0.02662733
-0.03125000, 0.25000000, -0.21875000, -0.03236585
-0.06250000, 0.25000000, -0.18750000, -0.01955614
-0.09375000, 0.25000000, -0.15625000, -0.00050115
-0.12500000, 0.25000000, -0.12500000, 0.02050922
-0.15625000, 0.25000000, -0.09375000, 0.04057937
-0.18750000, 0.25000000, -0.06250000, 0.05687354
-0.21875000, 0.25000000, -0.03125000, 0.06532758
-0.25000000, 0.25000000, 0.00000000, 0.05484675
-0.25000000, 0.21875000, 0.03125000, 0.04247815
-0.25000000, 0.18750000, 0.06250000, 0.03553061
-0.25000000, 0.15625000, 0.09375000, 0.02957428
-0.25000000, 0.12500000, 0.12500000, 0.02405307
-0.25000000, 0.09375000, 0.15625000, 0.01903950
-0.25000000, 0.06250000, 0.18750000, 0.01462787
-0.25000000, 0.03125000, 0.21875000, 0.01110764
-0.25000000, 0.00000000, 0.25000000, 0.00899132
-0.21875000, -0.03125000, 0.25000000, 0.01110764
-0.18750000, -0.06250000, 0.25000000, 0.01462787
-0.15625000, -0.09375000, 0.25000000, 0.01903950
-0.12500000, -0.12500000, 0.25000000, 0.02405307
-0.09375000, -0.15625000, 0.25000000, 0.02957428
-0.06250000, -0.18750000, 0.25000000, 0.03553061
-0.03125000, -0.21875000, 0.25000000, 0.04247815
0.00000000, -0.25000000, 0.25000000, 0.05484675
0.03125000, -0.25000000, 0.21875000, 0.06532758
0.06250000, -0.25000000, 0.18750000, 0.05687354
0.09375000, -0.25000000, 0.15625000, 0.04057937
0.12500000, -0.25000000, 0.12500000, 0.02050922
0.15625000, -0.25000000, 0.09375000, -0.00050115
0.18750000, -0.25000000, 0.06250000, -0.01955614
0.21875000, -0.25000000, 0.03125000, -0.03236585
0.25000000, -0.25000000, 0.00000000, -0.02662733
0.25000000, -0.21875000, -0.03125000, -0.01481081
0.25000000, -0.18750000, -0.06250000, -0.01037143
0.25000000, -0.15625000, -0.09375000, -0.00744688
0.25000000, -0.12500000, -0.12500000, -0.00505687
0.25000000, -0.09375000, -0.15625000, -0.00306168
0.25000000, -0.06250000, -0.18750000, -0.00136166
0.25000000, -0.03125000, -0.21875000, -0.00008654
0.30000000, 0.00000000, -0.30000000, 0.00029845
0.26250000, 0.03750000, -0.30000000, -0.00002979
0.22500000, 0.07500000, -0.30000000, -0.00083844
0.18750000, 0.11250000, -0.30000000, -0.00191742
0.15000000, 0.15000000, -0.30000000, -0.00316395
0.11250000, 0.18750000, -0.30000000, -0.00461984
0.07500000, 0.22500000, -0.30000000, -0.00638095
0.03750000, 0.26250000, -0.30000000, -0.00918130
0.00000000, 0.30000000, -0.30000000, -0.01764206
-0.03750000, 0.30000000, -0.26250000, -0.02293070
-0.07500000, 0.30000000, -0.22500000, -0.01310452
-0.11250000, 0.30000000, -0.18750000, 0.00170532
-0.15000000, 0.30000000, -0.15000000, 0.01802257
-0.18750000, 0.30000000, -0.11250000, 0.03341800
-0.22500000, 0.30000000, -0.07500000, 0.04553873
-0.26250000, 0.30000000, -0.03750000, 0.05122009
-0.30000000, 0.30000000, 0.00000000, 0.04174412
-0.30000000, 0.26250000, 0.03750000, 0.03311037
-0.30000000, 0.22500000, 0.07500000, 0.02806866
-0.30000000, 0.18750000, 0.11250000, 0.02350597
-0.30000000, 0.15000000, 0.15000000, 0.01911664
-0.30000000, 0.11250000, 0.18750000, 0.01501719
-0.30000000, 0.07500000, 0.22500000, 0.01133426
-0.30000000, 0.03750000, 0.26250000, 0.00831146
-0.30000000, 0.00000000, 0.30000000, 0.00639108
-0.26250000, -0.03750000, 0.30000000, 0.00831146
-0.22500000, -0.07500000, 0.30000000, 0.01133426
-0.18750000, -0.11250000, 0.30000000, 0.01501719
-0.15000000, -0.15000000, 0.30000000, 0.01911664
-0.11250000, -0.18750000, 0.30000000, 0.02350597
-0.07500000, -0.22500000, 0.30000000, 0.02806866
-0.03750000, -0.26250000, 0.30000000, 0.03311037
0.00000000, -0.30000000, 0.30000000, 0.04174412
0.03750000, -0.30000000, 0.26250000, 0.05122009
0.07500000, -0.30000000, 0.22500000, 0.04553873
0.11250000, -0.30000000, 0.18750000, 0.03341800
0.15000000, -0.30000000, 0.15000000, 0.01802257
0.18750000, -0.30000000, 0.11250000, 0.00170532
0.22500000, -0.30000000, 0.07500000, -0.01310452
0.26250000, -0.30000000, 0.03750000, -0.02293070
0.30000000, -0.30000000, 0.00000000, -0.01764206
0.30000000, -0.26250000, -0.03750000, -0.00918130
0.30000000, -0.22500000, -0.07500000, -0.00638095
0.30000000, -0.18750000, -0.11250000, -0.00461984
0.30000000, -0.15000000, -0.15000000, -0.00316395
0.30000000, -0.11250000, -0.18750000, -0.00191742
0.30000000, -0.07500000, -0.22500000, -0.00083844
0.30000000, -0.03750000, -0.26250000, -0.00002979
0.35000000, 0.00000000, -0.35000000, -0.00006321
0.30625000, 0.04375000, -0.35000000, -0.00026019
0.26250000, 0.08750000, -0.35000000, -0.00072544
0.21875000, 0.13125000, -0.35000000, -0.00134210
0.17500000, 0.17500000, -0.35000000, -0.00202041
0.13125000, 0.21875000, -0.35000000, -0.00282969
0.08750000, 0.26250000, -0.35000000, -0.00377513
0.04375000, 0.30625000, -0.35000000, -0.00538884
0.00000000, 0.35000000, -0.35000000, -0.01123030
-0.04375000, 0.35000000, -0.30625000, -0.01590088
-0.08750000, 0.35000000, -0.26250000, -0.00843216
-0.13125000, 0.35000000, -0.21875000, 0.00293671
-0.17500000, 0.35000000, -0.17500000, 0.01543549
-0.21875000, 0.35000000, -0.13125000, 0.02697016
-0.26250000, 0.35000000, -0.08750000, 0.03554698
-0.30625000, 0.35000000, -0.04375000, 0.03883233
-0.35000000, 0.35000000, 0.00000000, 0.03019155
-0.35000000, 0.30625000, 0.04375000, 0.02453331
-0.35000000, 0.26250000, 0.08750000, 0.02107004
-0.35000000, 0.21875000, 0.13125000, 0.01772467
-0.35000000, 0.17500000, 0.17500000, 0.01437313
-0.35000000, 0.13125000, 0.21875000, 0.01120198
-0.35000000, 0.08750000, 0.26250000, 0.00828028
-0.35000000, 0.04375000, 0.30625000, 0.00582246
-0.35000000, 0.00000000, 0.35000000, 0.00414562
-0.30625000, -0.04375000, 0.35000000, 0.00582246
-0.26250000, -0.08750000, 0.35000000, 0.00828028
-0.21875000, -0.13125000, 0.35000000, 0.01120198
-0.17500000, -0.17500000, 0.35000000, 0.01437313
-0.13125000, -0.21875000, 0.35000000, 0.01772467
-0.08750000, -0.26250000, 0.35000000, 0.02107004
-0.04375000, -0.30625000, 0.35000000, 0.02453331
0.00000000, -0.35000000, 0.35000000, 0.03019155
0.04375000, -0.35000000, 0.30625000, 0.03883233
0.08750000, -0.35000000, 0.26250000, 0.03554698
0.13125000, -0.35000000, 0.21875000, 0.02697016
0.17500000, -0.35000000, 0.17500000, 0.01543549
0.21875000, -0.35000000, 0.13125000, 0.00293671
0.26250000, -0.35000000, 0.08750000, -0.00843216
0.30625000, -0.35000000, 0.04375000, -0.01590088
0.35000000, -0.35000000, 0.00000000, -0.01123030
0.35000000, -0.30625000, -0.04375000, -0.00538884
0.35000000, -0.26250000, -0.08750000, -0.00377513
0.35000000, -0.21875000, -0.13125000, -0.00282969
0.35000000, -0.17500000, -0.17500000, -0.00202041
0.35000000, -0.13125000, -0.21875000, -0.00134210
0.35000000, -0.08750000, -0.26250000, -0.00072544
0.35000000, -0.04375000, -0.30625000, -0.00026019
0.40000000, 0.00000000, -0.40000000, -0.00019022
0.35000000, 0.05000000, -0.40000000, -0.00033883
0.30000000, 0.10000000, -0.40000000, -0.00063813
0.25000000, 0.15000000, -0.40000000, -0.00100073
0.20000000, 0.20000000, -0.40000000, -0.00134025
0.15000000, 0.25000000, -0.40000000, -0.00170076
0.10000000, 0.30000000, -0.40000000, -0.00207262
0.05000000, 0.35000000, -0.40000000, -0.00286148
0.00000000, 0.40000000, -0.40000000, -0.00660286
-0.05000000, 0.40000000, -0.35000000, -0.01048659
-0.10000000, 0.40000000, -0.30000000, -0.00491742
-0.15000000, 0.40000000, -0.25000000, 0.00363233
-0.20000000, 0.40000000, -0.20000000, 0.01278405
-0.25000000, 0.40000000, -0.15000000, 0.02090571
-0.30000000, 0.40000000, -0.10000000, 0.02653358
-0.35000000, 0.40000000, -0.05000000, 0.02787637
-0.40000000, 0.40000000, 0.00000000, 0.02023448
-0.40000000, 0.35000000, 0.05000000, 0.01694429
-0.40000000, 0.30000000, 0.10000000, 0.01475386
-0.40000000, 0.25000000, 0.15000000, 0.01247243
-0.40000000, 0.20000000, 0.20000000, 0.01007408
-0.40000000, 0.15000000, 0.25000000, 0.00772413
-0.40000000, 0.10000000, 0.30000000, 0.00551114
-0.40000000, 0.05000000, 0.35000000, 0.00361432
-0.40000000, 0.00000000, 0.40000000, 0.00228854
-0.35000000, -0.05000000, 0.40000000, 0.00361432
-0.30000000, -0.10000000, 0.40000000, 0.00551114
-0.25000000, -0.15000000, 0.40000000, 0.00772413
-0.20000000, -0.20000000, 0.40000000, 0.01007408
-0.15000000, -0.25000000, 0.40000000, 0.01247243
-0.10000000, -0.30000000, 0.40000000, 0.01475386
-0.05000000, -0.35000000, 0.40000000, 0.01694429
0.00000000, -0.40000000, 0.40000000, 0.02023448
0.05000000, -0.40000000, 0.35000000, 0.02787637
0.10000000, -0.40000000, 0.30000000, 0.02653358
0.15000000, -0.40000000, 0.25000000, 0.02090571
0.20000000, -0.40000000, 0.20000000, 0.01278405
0.25000000, -0.40000000, 0.15000000, 0.00363233
0.30000000, -0.40000000, 0.10000000, -0.00491742
0.35000000, -0.40000000, 0.05000000, -0.01048659
0.40000000, -0.40000000, 0.00000000, -0.00660286
0.40000000, -0.35000000, -0.05000000, -0.00286148
0.40000000, -0.30000000, -0.10000000, -0.00207262
0.40000000, -0.25000000, -0.15000000, -0.00170076
0.40000000, -0.20000000, -0.20000000, -0.00134025
0.40000000, -0.15000000, -0.25000000, -0.00100073
0.40000000, -0.10000000, -0.30000000, -0.00063813
0.40000000, -0.05000000, -0.35000000, -0.00033883
0.45000000, 0.00000000, -0.45000000, -0.00018250
0.39375000, 0.05625000, -0.45000000, -0.00030880
0.33750000, 0.11250000, -0.45000000, -0.00053057
0.28125000, 0.16875000, -0.45000000, -0.00075859
0.22500000, 0.22500000, -0.45000000, -0.00092584
0.16875000, 0.28125000, -0.45000000, -0.00103483
0.11250000, 0.33750000, -0.45000000, -0.00109770
0.05625000, 0.39375000, -0.45000000, -0.00140253
0.00000000, 0.45000000, -0.45000000, -0.00368439
-0.05625000, 0.45000000, -0.39375000, -0.00671166
-0.11250000, 0.45000000, -0.33750000, -0.00261453
-0.16875000, 0.45000000, -0.28125000, 0.00367764
-0.22500000, 0.45000000, -0.22500000, 0.01018151
-0.28125000, 0.45000000, -0.16875000, 0.01561360
-0.33750000, 0.45000000, -0.11250000, 0.01894338
-0.39375000, 0.45000000, -0.05625000, 0.01894913
-0.45000000, 0.45000000, 0.00000000, 0.01255276
-0.45000000, 0.39375000, 0.05625000, 0.01083278
-0.45000000, 0.33750000, 0.11250000, 0.00955772
-0.45000000, 0.28125000, 0.16875000, 0.00810565
-0.45000000, 0.22500000, 0.22500000, 0.00650608
-0.45000000, 0.16875000, 0.28125000, 0.00487176
-0.45000000, 0.11250000, 0.33750000, 0.00331588
-0.45000000, 0.05625000, 0.39375000, 0.00197195
-0.45000000, 0.00000000, 0.45000000, 0.00105634
-0.39375000, -0.05625000, 0.45000000, 0.00197195
-0.33750000, -0.11250000, 0.45000000, 0.00331588
-0.28125000, -0.16875000, 0.45000000, 0.00487176
-0.22500000, -0.22500000, 0.45000000, 0.00650608
-0.16875000, -0.28125000, 0.45000000, 0.00810565
-0.11250000, -0.33750000, 0.45000000, 0.00955772
-0.05625000, -0.39375000, 0.45000000, 0.01083278
0.00000000, -0.45000000, 0.45000000, 0.01255276
0.05625000, -0.45000000, 0.39375000, 0.01894913
0.11250000, -0.45000000, 0.33750000, 0.01894338
0.16875000, -0.45000000, 0.28125000, 0.01561360
0.22500000, -0.45000000, 0.22500000, 0.01018151
0.28125000, -0.45000000, 0.16875000, 0.00367764
0.33750000, -0.45000000, 0.11250000, -0.00261453
0.39375000, -0.45000000, 0.05625000, -0.00671166
0.45000000, -0.45000000, 0.00000000, -0.00368439
0.45000000, -0.39375000, -0.05625000, -0.00140253
0.45000000, -0.33750000, -0.11250000, -0.00109770
0.45000000, -0.28125000, -0.16875000, -0.00103483
0.45000000, -0.22500000, -0.22500000, -0.00092584
0.45000000, -0.16875000, -0.28125000, -0.00075859
0.45000000, -0.11250000, -0.33750000, -0.00053057
0.45000000, -0.05625000, -0.39375000, -0.00030880
0.50000000, 0.00000000, -0.50000000, -0.00016118
0.43750000, 0.06250000, -0.50000000, -0.00027280
0.37500000, 0.12500000, -0.50000000, -0.00042901
0.31250000, 0.18750000, -0.50000000, -0.00056663
0.25000000, 0.25000000, -0.50000000, -0.00064440
0.18750000, 0.31250000, -0.50000000, -0.00066590
0.12500000, 0.37500000, -0.50000000, -0.00063584
0.06250000, 0.43750000, -0.50000000, -0.00072357
0.00000000, 0.50000000, -0.50000000, -0.00211619
-0.06250000, 0.50000000, -0.43750000, -0.00435651
-0.12500000, 0.50000000, -0.37500000, -0.00138734
-0.18750000, 0.50000000, -0.31250000, 0.00315467
-0.25000000, 0.50000000, -0.25000000, 0.00775684
-0.31250000, 0.50000000, -0.18750000, 0.01130112
-0.37500000, 0.50000000, -0.12500000, 0.01299949
-0.43750000, 0.50000000, -0.06250000, 0.01227177
-0.50000000, 0.50000000, 0.00000000, 0.00726535
-0.50000000, 0.43750000, 0.06250000, 0.00639320
-0.50000000, 0.37500000, 0.12500000, 0.00569801
-0.50000000, 0.31250000, 0.18750000, 0.00482228
-0.50000000, 0.25000000, 0.25000000, 0.00382509
-0.50000000, 0.18750000, 0.31250000, 0.00280100
-0.50000000, 0.12500000, 0.37500000, 0.00182420
-0.50000000, 0.06250000, 0.43750000, 0.00098757
-0.50000000, 0.00000000, 0.50000000, 0.00043725
-0.43750000, -0.06250000, 0.50000000, 0.00098757
-0.37500000, -0.12500000, 0.50000000, 0.00182420
-0.31250000, -0.18750000, 0.50000000, 0.00280100
-0.25000000, -0.25000000, 0.50000000, 0.00382509
-0.18750000, -0.31250000, 0.50000000, 0.00482228
-0.12500000, -0.37500000, 0.50000000, 0.00569801
-0.06250000, -0.43750000, 0.50000000, 0.00639320
0.00000000, -0.50000000, 0.50000000, 0.00726535
0.06250000, -0.50000000, 0.43750000, 0.01227177
0.12500000, -0.50000000, 0.37500000, 0.01299949
0.18750000, -0.50000000, 0.31250000, 0.01130112
0.25000000, -0.50000000, 0.25000000, 0.00775684
0.31250000, -0.50000000, 0.18750000, 0.00315467
0.37500000, -0.50000000, 0.12500000, -0.00138734
0.43750000, -0.50000000, 0.06250000, -0.00435651
0.50000000, -0.50000000, 0.00000000, -0.00211619
0.50000000, -0.43750000, -0.06250000, -0.00072357
0.50000000, -0.37500000, -0.12500000, -0.00063584
0.50000000, -0.31250000, -0.18750000, -0.00066590
0.50000000, -0.25000000, -0.25000000, -0.00064440
0.50000000, -0.18750000, -0.31250000, -0.00056663
0.50000000, -0.12500000, -0.37500000, -0.00042901
0.50000000, -0.06250000, -0.43750000, -0.00027280
0.55000000, 0.00000000, -0.55000000, -0.00011564
0.48125000, 0.06875000, -0.55000000, -0.00020877
0.41250000, 0.13750000, -0.55000000, -0.00031011
0.34375000, 0.20625000, -0.55000000, -0.00039210
0.27500000, 0.27500000, -0.55000000, -0.00042678
0.20625000, 0.34375000, -0.55000000, -0.00043401
0.13750000, 0.41250000, -0.55000000, -0.00039865
0.06875000, 0.48125000, -0.55000000, -0.00040979
0.00000000, 0.55000000, -0.55000000, -0.00122671
-0.06875000, 0.55000000, -0.48125000, -0.00281239
-0.13750000, 0.55000000, -0.41250000, -0.00074909
-0.20625000, 0.55000000, -0.34375000, 0.00244861
-0.27500000, 0.55000000, -0.27500000, 0.00562033
-0.34375000, 0.55000000, -0.20625000, 0.00780962
-0.41250000, 0.55000000, -0.13750000, 0.00845768
-0.48125000, 0.55000000, -0.06875000, 0.00745086
-0.55000000, 0.55000000, 0.00000000, 0.00383859
-0.55000000, 0.48125000, 0.06875000, 0.00342109
-0.55000000, 0.41250000, 0.13750000, 0.00307357
-0.55000000, 0.34375000, 0.20625000, 0.00258639
-0.55000000, 0.27500000, 0.27500000, 0.00201696
-0.55000000, 0.20625000, 0.34375000, 0.00145054
-0.55000000, 0.13750000, 0.41250000, 0.00091104
-0.55000000, 0.06875000, 0.48125000, 0.00046107
-0.55000000, 0.00000000, 0.55000000, 0.00017141
-0.48125000, -0.06875000, 0.55000000, 0.00046107
-0.41250000, -0.13750000, 0.55000000, 0.00091104
-0.34375000, -0.20625000, 0.55000000, 0.00145054
-0.27500000, -0.27500000, 0.55000000, 0.00201696
-0.20625000, -0.34375000, 0.55000000, 0.00258639
-0.13750000, -0.41250000, 0.55000000, 0.00307357
-0.06875000, -0.48125000, 0.55000000, 0.00342109
0.00000000, -0.55000000, 0.55000000, 0.00383859
0.06875000, -0.55000000, 0.48125000, 0.00745086
0.13750000, -0.55000000, 0.41250000, 0.00845768
0.20625000, -0.55000000, 0.34375000, 0.00780962
0.27500000, -0.55000000, 0.27500000, 0.00562033
0.34375000, -0.55000000, 0.20625000, 0.00244861
0.41250000, -0.55000000, 0.13750000, -0.00074909
0.48125000, -0.55000000, 0.06875000, -0.00281239
0.55000000, -0.55000000, 0.00000000, -0.00122671
0.55000000, -0.48125000, -0.06875000, -0.00040979
0.55000000, -0.41250000, -0.13750000, -0.00039865
0.55000000, -0.34375000, -0.20625000, -0.00043401
0.55000000, -0.27500000, -0.27500000, -0.00042678
0.55000000, -0.20625000, -0.34375000, -0.00039210
0.55000000, -0.13750000, -0.41250000, -0.00031011
0.55000000, -0.06875000, -0.48125000, -0.00020877
0.60000000, 0.00000000, -0.60000000, -0.00003742
0.52500000, 0.07500000, -0.60000000, -0.00010149
0.45000000, 0.15000000, -0.60000000, -0.00017213
0.37500000, 0.22500000, -0.60000000, -0.00023235
0.30000000, 0.30000000, -0.60000000, -0.00025602
0.22500000, 0.37500000, -0.60000000, -0.00025505
0.15000000, 0.45000000, -0.60000000, -0.00021736
0.07500000, 0.52500000, -0.60000000, -0.00020045
0.00000000, 0.60000000, -0.60000000, -0.00060077
-0.07500000, 0.60000000, -0.52500000, -0.00166142
-0.15000000, 0.60000000, -0.45000000, -0.00033479
-0.22500000, 0.60000000, -0.37500000, 0.00182649
-0.30000000, 0.60000000, -0.30000000, 0.00384514
-0.37500000, 0.60000000, -0.22500000, 0.00501065
-0.45000000, 0.60000000, -0.15000000, 0.00505868
-0.52500000, 0.60000000, -0.07500000, 0.00407054
-0.60000000, 0.60000000, 0.00000000, 0.00171940
-0.60000000, 0.52500000, 0.07500000, 0.00158688
-0.60000000, 0.45000000, 0.15000000, 0.00144542
-0.60000000, 0.37500000, 0.22500000, 0.00121789
-0.60000000, 0.30000000, 0.30000000, 0.00093688
-0.60000000, 0.22500000, 0.37500000, 0.00065394
-0.60000000, 0.15000000, 0.45000000, 0.00038528
-0.60000000, 0.07500000, 0.52500000, 0.00016927
-0.60000000, 0.00000000, 0.60000000, 0.00003776
-0.52500000, -0.07500000, 0.60000000, 0.00016927
-0.45000000, -0.15000000, 0.60000000, 0.00038528
-0.37500000, -0.22500000, 0.60000000, 0.00065394
-0.30000000, -0.30000000, 0.60000000, 0.00093688
-0.22500000, -0.37500000, 0.60000000, 0.00121789
-0.15000000, -0.45000000, 0.60000000, 0.00144542
-0.07500000, -0.52500000, 0.60000000, 0.00158688
0.00000000, -0.60000000, 0.60000000, 0.00171940
0.07500000, -0.60000000, 0.52500000, 0.00407054
0.15000000, -0.60000000, 0.45000000, 0.00505868
0.22500000, -0.60000000, 0.37500000, 0.00501065
0.30000000, -0.60000000, 0.30000000, 0.00384514
0.37500000, -0.60000000, 0.22500000, 0.00182649
0.45000000, -0.60000000, 0.15000000, -0.00033479
0.52500000, -0.60000000, 0.07500000, -0.00166142
0.60000000, -0.60000000, 0.00000000, -0.00060077
0.60000000, -0.52500000, -0.07500000, -0.00020045
0.60000000, -0.45000000, -0.15000000, -0.00021736
0.60000000, -0.37500000, -0.22500000, -0.00025505
0.60000000, -0.30000000, -0.30000000, -0.00025602
0.60000000, -0.22500000, -0.37500000, -0.00023235
0.60000000, -0.15000000, -0.45000000, -0.00017213
0.60000000, -0.07500000, -0.52500000, -0.00010149
0.65000000, 0.00000000, -0.65000000, 0.00001925
0.56875000, 0.08125000, -0.65000000, -0.00001186
0.48750000, 0.16250000, -0.65000000, -0.00006395
0.40625000, 0.24375000, -0.65000000, -0.00011301
0.32500000, 0.32500000, -0.65000000, -0.00013704
0.24375000, 0.40625000, -0.65000000, -0.00012674
0.16250000, 0.48750000, -0.65000000, -0.00008811
0.08125000, 0.56875000, -0.65000000, -0.00006436
0.00000000, 0.65000000, -0.65000000, -0.00021364
-0.08125000, 0.65000000, -0.56875000, -0.00086935
-0.16250000, 0.65000000, -0.48750000, -0.00009046
-0.24375000, 0.65000000, -0.40625000, 0.00128754
-0.32500000, 0.65000000, -0.32500000, 0.00246009
-0.40625000, 0.65000000, -0.24375000, 0.00294842
-0.48750000, 0.65000000, -0.16250000, 0.00272543
-0.56875000, 0.65000000, -0.08125000, 0.00194267
-0.65000000, 0.65000000, 0.00000000, 0.00059619
-0.65000000, 0.56875000, 0.08125000, 0.00060292
-0.65000000, 0.48750000, 0.16250000, 0.00056664
-0.65000000, 0.40625000, 0.24375000, 0.00048845
-0.65000000, 0.32500000, 0.32500000, 0.00037727
-0.65000000, 0.24375000, 0.40625000, 0.00024438
-0.65000000, 0.16250000, 0.48750000, 0.00011971
-0.65000000, 0.08125000, 0.56875000, 0.00002172
-0.65000000, 0.00000000, 0.65000000, -0.00002533
-0.56875000, -0.08125000, 0.65000000, 0.00002172
-0.48750000, -0.16250000, 0.65000000, 0.00011971
-0.40625000, -0.24375000, 0.65000000, 0.00024438
-0.32500000, -0.32500000, 0.65000000, 0.00037727
-0.24375000, -0.40625000, 0.65000000, 0.00048845
-0.16250000, -0.48750000, 0.65000000, 0.00056664
-0.08125000, -0.56875000, 0.65000000, 0.00060292
0.00000000, -0.65000000, 0.65000000, 0.00059619
0.08125000, -0.65000000, 0.56875000, 0.00194267
0.16250000, -0.65000000, 0.48750000, 0.00272543
0.24375000, -0.65000000, 0.40625000, 0.00294842
0.32500000, -0.65000000, 0.32500000, 0.00246009
0.40625000, -0.65000000, 0.24375000, 0.00128754
0.48750000, -0.65000000, 0.16250000, -0.00009046
0.56875000, -0.65000000, 0.08125000, -0.00086935
0.65000000, -0.65000000, 0.00000000, -0.00021364
0.65000000, -0.56875000, -0.08125000, -0.00006436
0.65000000, -0.48750000, -0.16250000, -0.00008811
0.65000000, -0.40625000, -0.24375000, -0.00012674
0.65000000, -0.32500000, -0.32500000, -0.00013704
0.65000000, -0.24375000, -0.40625000, -0.00011301
0.65000000, -0.16250000, -0.48750000, -0.00006395
0.65000000, -0.08125000, -0.56875000, -0.00001186
0.70000000, 0.00000000, -0.70000000, 0.00001377
0.61250000, 0.08750000, -0.70000000, 0.00000549
0.52500000, 0.17500000, -0.70000000, -0.00002283
0.43750000, 0.26250000, -0.70000000, -0.00005070
0.35000000, 0.35000000, -0.70000000, -0.00006798
0.26250000, 0.43750000, -0.70000000, -0.00006214
0.17500000, 0.52500000, -0.70000000, -0.00004346
0.08750000, 0.61250000, -0.70000000, -0.00003208
0.00000000, 0.70000000, -0.70000000, -0.00010280
-0.08750000, 0.70000000, -0.61250000, -0.00047421
-0.17500000, 0.70000000, -0.52500000, -0.00004572
-0.26250000, 0.70000000, -0.43750000, 0.00077332
-0.35000000, 0.70000000, -0.35000000, 0.00145151
-0.43750000, 0.70000000, -0.26250000, 0.00163255
-0.52500000, 0.70000000, -0.17500000, 0.00135983
-0.61250000, 0.70000000, -0.08750000, 0.00086493
-0.70000000, 0.70000000, 0.00000000, 0.00019779
-0.70000000, 0.61250000, 0.08750000, 0.00019819
-0.70000000, 0.52500000, 0.17500000, 0.00019175
-0.70000000, 0.43750000, 0.26250000, 0.00016905
-0.70000000, 0.35000000, 0.35000000, 0.00013212
-0.70000000, 0.26250000, 0.43750000, 0.00007872
-0.70000000, 0.17500000, 0.52500000, 0.00003033
-0.70000000, 0.08750000, 0.61250000, -0.00000726
-0.70000000, 0.00000000, 0.70000000, -0.00001716
-0.61250000, -0.08750000, 0.70000000, -0.00000726
-0.52500000, -0.17500000, 0.70000000, 0.00003033
-0.43750000, -0.26250000, 0.70000000, 0.00007872
-0.35000000, -0.35000000, 0.70000000, 0.00013212
-0.26250000, -0.43750000, 0.70000000, 0.00016905
-0.17500000, -0.52500000, 0.70000000, 0.00019175
-0.08750000, -0.61250000, 0.70000000, 0.00019819
0.00000000, -0.70000000, 0.70000000, 0.00019779
0.08750000, -0.70000000, 0.61250000, 0.00086493
0.17500000, -0.70000000, 0.52500000, 0.00135983
0.26250000, -0.70000000, 0.43750000, 0.00163255
0.35000000, -0.70000000, 0.35000000, 0.00145151
0.43750000, -0.70000000, 0.26250000, 0.00077332
0.52500000, -0.70000000, 0.17500000, -0.00004572
0.61250000, -0.70000000, 0.08750000, -0.00047421
0.70000000, -0.70000000, 0.00000000, -0.00010280
0.70000000, -0.61250000, -0.08750000, -0.00003208
0.70000000, -0.52500000, -0.17500000, -0.00004346
0.70000000, -0.43750000, -0.26250000, -0.00006214
0.70000000, -0.35000000, -0.35000000, -0.00006798
0.70000000, -0.26250000, -0.43750000, -0.00005070
0.70000000, -0.17500000, -0.52500000, -0.00002283
0.70000000, -0.08750000, -0.61250000, 0.00000549
0.75000000, 0.00000000, -0.75000000, -0.00001889
0.65625000, 0.09375000, -0.75000000, -0.00002066
0.56250000, 0.18750000, -0.75000000, -0.00002473
0.46875000, 0.28125000, -0.75000000, -0.00002851
0.37500000, 0.37500000, -0.75000000, -0.00003261
0.28125000, 0.46875000, -0.75000000, -0.00003960
0.18750000, 0.56250000, -0.75000000, -0.00004743
0.09375000, 0.65625000, -0.75000000, -0.00005265
0.00000000, 0.75000000, -0.75000000, -0.00012229
-0.09375000, 0.75000000, -0.65625000, -0.00031936
-0.18750000, 0.75000000, -0.56250000, -0.00009609
-0.28125000, 0.75000000, -0.46875000, 0.00035188
-0.37500000, 0.75000000, -0.37500000, 0.00077270
-0.46875000, 0.75000000, -0.28125000, 0.00087382
-0.56250000, 0.75000000, -0.18750000, 0.00066689
-0.65625000, 0.75000000, -0.09375000, 0.00042595
-0.75000000, 0.75000000, 0.00000000, 0.00013623
-0.75000000, 0.65625000, 0.09375000, 0.00008548
-0.75000000, 0.56250000, 0.18750000, 0.00007515
-0.75000000, 0.46875000, 0.28125000, 0.00005876
-0.75000000, 0.37500000, 0.37500000, 0.00004178
-0.75000000, 0.28125000, 0.46875000, 0.00003216
-0.75000000, 0.18750000, 0.56250000, 0.00002440
-0.75000000, 0.09375000, 0.65625000, 0.00001991
-0.75000000, 0.00000000, 0.75000000, 0.00001899
-0.65625000, -0.09375000, 0.75000000, 0.00001991
-0.56250000, -0.18750000, 0.75000000, 0.00002440
-0.46875000, -0.28125000, 0.75000000, 0.00003216
-0.37500000, -0.37500000, 0.75000000, 0.00004178
-0.28125000, -0.46875000, 0.75000000, 0.00005876
-0.18750000, -0.56250000, 0.75000000, 0.00007515
-0.09375000, -0.65625000, 0.75000000, 0.00008548
0.00000000, -0.75000000, 0.75000000, 0.00013623
0.09375000, -0.75000000, 0.65625000, 0.00042595
0.18750000, -0.75000000, 0.56250000, 0.00066689
0.28125000, -0.75000000, 0.46875000, 0.00087382
0.37500000, -0.75000000, 0.37500000, 0.00077270
0.46875000, -0.75000000, 0.28125000, 0.00035188
0.56250000, -0.75000000, 0.18750000, -0.00009609
0.65625000, -0.75000000, 0.09375000, -0.00031936
0.75000000, -0.75000000, 0.00000000, -0.00012229
0.75000000, -0.65625000, -0.09375000, -0.00005265
0.75000000, -0.56250000, -0.18750000, -0.00004743
0.75000000, -0.46875000, -0.28125000, -0.00003960
0.75000000, -0.37500000, -0.37500000, -0.00003261
0.75000000, -0.28125000, -0.46875000, -0.00002851
0.75000000, -0.18750000, -0.56250000, -0.00002473
0.75000000, -0.09375000, -0.65625000, -0.00002066
0.80000000, 0.00000000, -0.80000000, -0.00001738
0.70000000, 0.10000000, -0.80000000, -0.00002127
0.60000000, 0.20000000, -0.80000000, -0.00001786
0.50000000, 0.30000000, -0.80000000, -0.00001450
0.40000000, 0.40000000, -0.80000000, -0.00001252
0.30000000, 0.50000000, -0.80000000, -0.00002049
0.20000000, 0.60000000, -0.80000000, -0.00003061
0.10000000, 0.70000000, -0.80000000, -0.00003639
0.00000000, 0.80000000, -0.80000000, -0.00007090
-0.10000000, 0.80000000, -0.70000000, -0.00016957
-0.20000000, 0.80000000, -0.60000000, -0.00007813
-0.30000000, 0.80000000, -0.50000000, 0.00013707
-0.40000000, 0.80000000, -0.40000000, 0.00035745
-0.50000000, 0.80000000, -0.30000000, 0.00040097
-0.60000000, 0.80000000, -0.20000000, 0.00028332
-0.70000000, 0.80000000, -0.10000000, 0.00018473
-0.80000000, 0.80000000, 0.00000000, 0.00006969
-0.80000000, 0.70000000, 0.10000000, 0.00003697
-0.80000000, 0.60000000, 0.20000000, 0.00002958
-0.80000000, 0.50000000, 0.30000000, 0.00001949
-0.80000000, 0.40000000, 0.40000000, 0.00001094
-0.80000000, 0.30000000, 0.50000000, 0.00001463
-0.80000000, 0.20000000, 0.60000000, 0.00001786
-0.80000000, 0.10000000, 0.70000000, 0.00002187
-0.80000000, 0.00000000, 0.80000000, 0.00001861
-0.70000000, -0.10000000, 0.80000000, 0.00002187
-0.60000000, -0.20000000, 0.80000000, 0.00001786
-0.50000000, -0.30000000, 0.80000000, 0.00001463
-0.40000000, -0.40000000, 0.80000000, 0.00001094
-0.30000000, -0.50000000, 0.80000000, 0.00001949
-0.20000000, -0.60000000, 0.80000000, 0.00002958
-0.10000000, -0.70000000, 0.80000000, 0.00003697
0.00000000, -0.80000000, 0.80000000, 0.00006969
0.10000000, -0.80000000, 0.70000000, 0.00018473
0.20000000, -0.80000000, 0.60000000, 0.00028332
0.30000000, -0.80000000, 0.50000000, 0.00040097
0.40000000, -0.80000000, 0.40000000, 0.00035745
0.50000000, -0.80000000, 0.30000000, 0.00013707
0.60000000, -0.80000000, 0.20000000, -0.00007813
0.70000000, -0.80000000, 0.10000000, -0.00016957
0.80000000, -0.80000000, 0.00000000, -0.00007090
0.80000000, -0.70000000, -0.10000000, -0.00003639
0.80000000, -0.60000000, -0.20000000, -0.00003061
0.80000000, -0.50000000, -0.30000000, -0.00002049
0.80000000, -0.40000000, -0.40000000, -0.00001252
0.80000000, -0.30000000, -0.50000000, -0.00001450
0.80000000, -0.20000000, -0.60000000, -0.00001786
0.80000000, -0.10000000, -0.70000000, -0.00002127
0.85000000, 0.00000000, -0.85000000, 0.00001361
0.74375000, 0.10625000, -0.85000000, 0.00001037
0.63750000, 0.21250000, -0.85000000, 0.00000609
0.53125000, 0.31875000, -0.85000000, 0.00000120
0.42500000, 0.42500000, -0.85000000, -0.00000086
0.31875000, 0.53125000, -0.85000000, 0.00000266
0.21250000, 0.63750000, -0.85000000, 0.00001002
0.10625000, 0.74375000, -0.85000000, 0.00001555
0.00000000, 0.85000000, -0.85000000, 0.00004048
-0.10625000, 0.85000000, -0.74375000, 0.00000198
-0.21250000, 0.85000000, -0.63750000, 0.00001190
-0.31875000, 0.85000000, -0.53125000, 0.00009129
-0.42500000, 0.85000000, -0.42500000, 0.00013385
-0.53125000, 0.85000000, -0.31875000, 0.00009645
-0.63750000, 0.85000000, -0.21250000, 0.00004206
-0.74375000, 0.85000000, -0.10625000, -0.00000748
-0.85000000, 0.85000000, 0.00000000, -0.00004390
-0.85000000, 0.74375000, 0.10625000, -0.00001419
-0.85000000, 0.63750000, 0.21250000, -0.00000803
-0.85000000, 0.53125000, 0.31875000, -0.00000232
-0.85000000, 0.42500000, 0.42500000, 0.00000032
-0.85000000, 0.31875000, 0.53125000, -0.00000308
-0.85000000, 0.21250000, 0.63750000, -0.00000696
-0.85000000, 0.10625000, 0.74375000, -0.00001070
-0.85000000, 0.00000000, 0.85000000, -0.00001412
-0.74375000, -0.10625000, 0.85000000, -0.00001070
-0.63750000, -0.21250000, 0.85000000, -0.00000696
-0.53125000, -0.31875000, 0.85000000, -0.00000308
-0.42500000, -0.42500000, 0.85000000, 0.00000032
-0.31875000, -0.53125000, 0.85000000, -0.00000232
-0.21250000, -0.63750000, 0.85000000, -0.00000803
-0.10625000, -0.74375000, 0.85000000, -0.00001419
0.00000000, -0.85000000, 0.85000000, -0.00004390
0.10625000, -0.85000000, 0.74375000, -0.00000748
0.21250000, -0.85000000, 0.63750000, 0.00004206
0.31875000, -0.85000000, 0.53125000, 0.00009645
0.42500000, -0.85000000, 0.42500000, 0.00013385
0.53125000, -0.85000000, 0.31875000, 0.00009129
0.63750000, -0.85000000, 0.21250000, 0.00001190
0.74375000, -0.85000000, 0.10625000, 0.00000198
0.85000000, -0.85000000, 0.00000000, 0.00004048
0.85000000, -0.74375000, -0.10625000, 0.00001555
0.85000000, -0.63750000, -0.21250000, 0.00001002
0.85000000, -0.53125000, -0.31875000, 0.00000266
0.85000000, -0.42500000, -0.42500000, -0.00000086
0.85000000, -0.31875000, -0.53125000, 0.00000120
0.85000000, -0.21250000, -0.63750000, 0.00000609
0.85000000, -0.10625000, -0.74375000, 0.00001037
0.90000000, 0.00000000, -0.90000000, 0.00001079
0.78750000, 0.11250000, -0.90000000, 0.00001203
0.67500000, 0.22500000, -0.90000000, 0.00000782
0.56250000, 0.33750000, -0.90000000, 0.00000332
0.45000000, 0.45000000, -0.90000000, 0.00000050
0.33750000, 0.56250000, -0.90000000, 0.00000489
0.22500000, 0.67500000, -0.90000000, 0.00001164
0.11250000, 0.78750000, -0.90000000, 0.00001571
0.00000000, 0.90000000, -0.90000000, 0.00002956
-0.11250000, 0.90000000, -0.78750000, 0.00002645
-0.22500000, 0.90000000, -0.67500000, 0.00002233
-0.33750000, 0.90000000, -0.56250000, 0.00004039
-0.45000000, 0.90000000, -0.45000000, 0.00003476
-0.56250000, 0.90000000, -0.33750000, 0.00000432
-0.67500000, 0.90000000, -0.22500000, -0.00001393
-0.78750000, 0.90000000, -0.11250000, -0.00003011
-0.90000000, 0.90000000, 0.00000000, -0.00003040
-0.90000000, 0.78750000, 0.11250000, -0.00001361
-0.90000000, 0.67500000, 0.22500000, -0.00000893
-0.90000000, 0.56250000, 0.33750000, -0.00000355
-0.90000000, 0.45000000, 0.45000000, -0.00000014
-0.90000000, 0.33750000, 0.56250000, -0.00000459
-0.90000000, 0.22500000, 0.67500000, -0.00000869
-0.90000000, 0.11250000, 0.78750000, -0.00001276
-0.90000000, 0.00000000, 0.90000000, -0.00001167
-0.78750000, -0.11250000, 0.90000000, -0.00001276
-0.67500000, -0.22500000, 0.90000000, -0.00000869
-0.56250000, -0.33750000, 0.90000000, -0.00000459
-0.45000000, -0.45000000, 0.90000000, -0.00000014
-0.33750000, -0.56250000, 0.90000000, -0.00000355
-0.22500000, -0.67500000, 0.90000000, -0.00000893
-0.11250000, -0.78750000, 0.90000000, -0.00001361
0.00000000, -0.90000000, 0.90000000, -0.00003040
0.11250000, -0.90000000, 0.78750000, -0.00003011
0.22500000, -0.90000000, 0.67500000, -0.00001393
0.33750000, -0.90000000, 0.56250000, 0.00000432
0.45000000, -0.90000000, 0.45000000, 0.00003476
0.56250000, -0.90000000, 0.33750000, 0.00004039
0.67500000, -0.90000000, 0.22500000, 0.00002233
0.78750000, -0.90000000, 0.11250000, 0.00002645
0.90000000, -0.90000000, 0.00000000, 0.00002956
0.90000000, -0.78750000, -0.11250000, 0.00001571
0.90000000, -0.67500000, -0.22500000, 0.00001164
0.90000000, -0.56250000, -0.33750000, 0.00000489
0.90000000, -0.45000000, -0.45000000, 0.00000050
0.90000000, -0.33750000, -0.56250000, 0.00000332
0.90000000, -0.22500000, -0.67500000, 0.00000782
0.90000000, -0.11250000, -0.78750000, 0.00001203
0.95000000, 0.00000000, -0.95000000, -0.00001337
0.83125000, 0.11875000, -0.95000000, -0.00001203
0.71250000, 0.23750000, -0.95000000, -0.00000815
0.59375000, 0.35625000, -0.95000000, -0.00000403
0.47500000, 0.47500000, -0.95000000, -0.00000194
0.35625000, 0.59375000, -0.95000000, -0.00000627
0.23750000, 0.71250000, -0.95000000, -0.00001350
0.11875000, 0.83125000, -0.95000000, -0.00001866
0.00000000, 0.95000000, -0.95000000, -0.00004371
-0.11875000, 0.95000000, -0.83125000, -0.00004130
-0.23750000, 0.95000000, -0.71250000, -0.00003008
-0.35625000, 0.95000000, -0.59375000, -0.00002609
-0.47500000, 0.95000000, -0.47500000, 0.00000395
-0.59375000, 0.95000000, -0.35625000, 0.00003181
-0.71250000, 0.95000000, -0.23750000, 0.00003192
-0.83125000, 0.95000000, -0.11875000, 0.00004290
-0.95000000, 0.95000000, 0.00000000, 0.00004528
-0.95000000, 0.83125000, 0.11875000, 0.00001676
-0.95000000, 0.71250000, 0.23750000, 0.00001091
-0.95000000, 0.59375000, 0.35625000, 0.00000500
-0.95000000, 0.47500000, 0.47500000, 0.00000144
-0.95000000, 0.35625000, 0.59375000, 0.00000508
-0.95000000, 0.23750000, 0.71250000, 0.00000873
-0.95000000, 0.11875000, 0.83125000, 0.00001249
-0.95000000, 0.00000000, 0.95000000, 0.00001422
-0.83125000, -0.11875000, 0.95000000, 0.00001249
-0.71250000, -0.23750000, 0.95000000, 0.00000873
-0.59375000, -0.35625000, 0.95000000, 0.00000508
-0.47500000, -0.47500000, 0.95000000, 0.00000144
-0.35625000, -0.59375000, 0.95000000, 0.00000500
-0.23750000, -0.71250000, 0.95000000, 0.00001091
-0.11875000, -0.83125000, 0.95000000, 0.00001676
0.00000000, -0.95000000, 0.95000000, 0.00004528
0.11875000, -0.95000000, 0.83125000, 0.00004290
0.23750000, -0.95000000, 0.71250000, 0.00003192
0.35625000, -0.95000000, 0.59375000, 0.00003181
0.47500000, -0.95000000, 0.47500000, 0.00000395
0.59375000, -0.95000000, 0.35625000, -0.00002609
0.71250000, -0.95000000, 0.23750000, -0.00003008
0.83125000, -0.95000000, 0.11875000, -0.00004130
0.95000000, -0.95000000, 0.00000000, -0.00004371
0.95000000, -0.83125000, -0.11875000, -0.00001866
0.95000000, -0.71250000, -0.23750000, -0.00001350
0.95000000, -0.59375000, -0.35625000, -0.00000627
0.95000000, -0.47500000, -0.47500000, -0.00000194
0.95000000, -0.35625000, -0.59375000, -0.00000403
0.95000000, -0.23750000, -0.71250000, -0.00000815
0.95000000, -0.11875000, -0.83125000, -0.00001203
1.00000000, 0.00000000, -1.00000000, 0.00000000
0.87500000, 0.12500000, -1.00000000, 0.00000000
0.75000000, 0.25000000, -1.00000000, 0.00000000
0.62500000, 0.37500000, -1.00000000, 0.00000000
0.50000000, 0.50000000, -1.00000000, 0.00000000
0.37500000, 0.62500000, -1.00000000, 0.00000000
0.25000000, 0.75000000, -1.00000000, 0.00000000
0.12500000, 0.87500000, -1.00000000, 0.00000000
0.00000000, 1.00000000, -1.00000000, 0.00000000
-0.12500000, 1.00000000, -0.87500000, 0.00000000
-0.25000000, 1.00000000, -0.75000000, 0.00000000
-0.37500000, 1.00000000, -0.62500000, 0.00000000
-0.50000000, 1.00000000, -0.50000000, 0.00000000
-0.62500000, 1.00000000, -0.37500000, 0.00000000
-0.75000000, 1.00000000, -0.25000000, 0.00000000
-0.87500000, 1.00000000, -0.12500000, 0.00000000
-1.00000000, 1.00000000, 0.00000000, 0.00000000
-1.00000000, 0.87500000, 0.12500000, 0.00000000
-1.00000000, 0.75000000, 0.25000000, 0.00000000
-1.00000000, 0.62500000, 0.37500000, 0.00000000
-1.00000000, 0.50000000, 0.50000000, 0.00000000
-1.00000000, 0.37500000, 0.62500000, 0.00000000
-1.00000000, 0.25000000, 0.75000000, 0.00000000
-1.00000000, 0.12500000, 0.87500000, 0.00000000
-1.00000000, 0.00000000, 1.00000000, 0.00000000
-0.87500000, -0.12500000, 1.00000000, 0.00000000
-0.75000000, -0.25000000, 1.00000000, 0.00000000
-0.62500000, -0.37500000, 1.00000000, 0.00000000
-0.50000000, -0.50000000, 1.00000000, 0.00000000
-0.37500000, -0.62500000, 1.00000000, 0.00000000
-0.25000000, -0.75000000, 1.00000000, 0.00000000
-0.12500000, -0.87500000, 1.00000000, 0.00000000
0.00000000, -1.00000000, 1.00000000, 0.00000000
0.12500000, -1.00000000, 0.87500000, 0.00000000
0.25000000, -1.00000000, 0.75000000, 0.00000000
0.37500000, -1.00000000, 0.62500000, 0.00000000
0.50000000, -1.00000000, 0.50000000, 0.00000000
0.62500000, -1.00000000, 0.37500000, 0.00000000
0.75000000, -1.00000000, 0.25000000, 0.00000000
0.87500000, -1.00000000, 0.12500000, 0.00000000
1.00000000, -1.00000000, 0.00000000, 0.00000000
1.00000000, -0.87500000, -0.12500000, 0.00000000
1.00000000, -0.75000000, -0.25000000, 0.00000000
1.00000000, -0.62500000, -0.37500000, 0.00000000
1.00000000, -0.50000000, -0.50000000, 0.00000000
1.00000000, -0.37500000, -0.62500000, 0.00000000
1.00000000, -0.25000000, -0.75000000, 0.00000000
1.00000000, -0.12500000, -0.87500000, 0.00000000
