0.01000000, 0.00000000, -0.01000000, 0.02477557
0.00000000, 0.01000000, -0.01000000, 0.06680549
-0.00125000, 0.01000000, -0.00875000, 0.12278705
-0.00250000, 0.01000000, -0.00750000, 0.13636073
-0.00375000, 0.01000000, -0.00625000, 0.12854332
-0.00500000, 0.01000000, -0.00500000, 0.10228854
-0.00625000, 0.01000000, -0.00375000, 0.06361405
-0.00750000, 0.01000000, -0.00250000, 0.01827827
-0.00875000, 0.01000000, -0.00125000, -0.03048927
-0.01000000, 0.01000000, 0.00000000, -0.06188845
-0.01000000, 0.00875000, 0.00125000, -0.04408253
-0.01000000, 0.00750000, 0.00250000, -0.03730682
-0.01000000, 0.00625000, 0.00375000, -0.03388317
-0.01000000, 0.00500000, 0.00500000, -0.03034658
-0.01000000, 0.00375000, 0.00625000, -0.02805570
-0.01000000, 0.00250000, 0.00750000, -0.02519888
-0.01000000, 0.00125000, 0.00875000, -0.02324739
-0.01000000, 0.00000000, 0.01000000, -0.02085967
0.00000000, -0.01000000, 0.01000000, -0.06188845
0.00125000, -0.01000000, 0.00875000, -0.03048927
0.00250000, -0.01000000, 0.00750000, 0.01827827
0.00375000, -0.01000000, 0.00625000, 0.06361405
0.00500000, -0.01000000, 0.00500000, 0.10228854
0.00625000, -0.01000000, 0.00375000, 0.12854332
0.00750000, -0.01000000, 0.00250000, 0.13636073
0.00875000, -0.01000000, 0.00125000, 0.12278705
0.01000000, -0.01000000, 0.00000000, 0.06680549
0.01000000, -0.00875000, -0.00125000, 0.04899840
0.01000000, -0.00750000, -0.00250000, 0.04246803
0.01000000, -0.00625000, -0.00375000, 0.03850829
0.01000000, -0.00500000, -0.00500000, 0.03508140
0.01000000, -0.00375000, -0.00625000, 0.03250695
0.01000000, -0.00250000, -0.00750000, 0.02946986
0.01000000, -0.00125000, -0.00875000, 0.02719199
0.02000000, 0.00000000, -0.02000000, 0.01029009
0.01750000, 0.00250000, -0.02000000, 0.01140190
0.01500000, 0.00500000, -0.02000000, 0.01240435
0.01250000, 0.00750000, -0.02000000, 0.01335782
0.01000000, 0.01000000, -0.02000000, 0.01427899
0.00750000, 0.01250000, -0.02000000, 0.01547869
0.00500000, 0.01500000, -0.02000000, 0.01694097
0.00250000, 0.01750000, -0.02000000, 0.01970976
0.00000000, 0.02000000, -0.02000000, 0.02813586
-0.00250000, 0.02000000, -0.01750000, 0.05698502
-0.00500000, 0.02000000, -0.01500000, 0.06619176
-0.00750000, 0.02000000, -0.01250000, 0.06364638
-0.01000000, 0.02000000, -0.01000000, 0.05315653
-0.01250000, 0.02000000, -0.00750000, 0.03632776
-0.01500000, 0.02000000, -0.00500000, 0.01465763
-0.01750000, 0.02000000, -0.00250000, -0.00793754
-0.02000000, 0.02000000, 0.00000000, -0.02340728
-0.02000000, 0.01750000, 0.00250000, -0.01441657
-0.02000000, 0.01500000, 0.00500000, -0.01138094
-0.02000000, 0.01250000, 0.00750000, -0.00972990
-0.02000000, 0.01000000, 0.01000000, -0.00844826
-0.02000000, 0.00750000, 0.01250000, -0.00764673
-0.02000000, 0.00500000, 0.01500000, -0.00667212
-0.02000000, 0.00250000, 0.01750000, -0.00586456
-0.02000000, 0.00000000, 0.02000000, -0.00486448
-0.01750000, -0.00250000, 0.02000000, -0.00586456
-0.01500000, -0.00500000, 0.02000000, -0.00667212
-0.01250000, -0.00750000, 0.02000000, -0.00764673
-0.01000000, -0.01000000, 0.02000000, -0.00844826
-0.00750000, -0.01250000, 0.02000000, -0.00972990
-0.00500000, -0.01500000, 0.02000000, -0.01138094
-0.00250000, -0.01750000, 0.02000000, -0.01441657
0.00000000, -0.02000000, 0.02000000, -0.02340728
0.00250000, -0.02000000, 0.01750000, -0.00793754
0.00500000, -0.02000000, 0.01500000, 0.01465763
0.00750000, -0.02000000, 0.01250000, 0.03632776
0.01000000, -0.02000000, 0.01000000, 0.05315653
0.01250000, -0.02000000, 0.00750000, 0.06364638
0.01500000, -0.02000000, 0.00500000, 0.06619176
0.01750000, -0.02000000, 0.00250000, 0.05698502
0.02000000, -0.02000000, 0.00000000, 0.02813586
0.02000000, -0.01750000, -0.00250000, 0.01970976
0.02000000, -0.01500000, -0.00500000, 0.01694097
0.02000000, -0.01250000, -0.00750000, 0.01547869
0.02000000, -0.01000000, -0.01000000, 0.01427899
0.02000000, -0.00750000, -0.01250000, 0.01335782
0.02000000, -0.00500000, -0.01500000, 0.01240435
0.02000000, -0.00250000, -0.01750000, 0.01140190
0.03000000, 0.00000000, -0.03000000, 0.00512642
0.02625000, 0.00375000, -0.03000000, 0.00589699
0.02250000, 0.00750000, -0.03000000, 0.00651161
0.01875000, 0.01125000, -0.03000000, 0.00706832
0.01500000, 0.01500000, -0.03000000, 0.00761701
0.01125000, 0.01875000, -0.03000000, 0.00829439
0.00750000, 0.02250000, -0.03000000, 0.00928580
0.00375000, 0.02625000, -0.03000000, 0.01126191
0.00000000, 0.03000000, -0.03000000, 0.01748640
-0.00375000, 0.03000000, -0.02625000, 0.03793757
-0.00750000, 0.03000000, -0.02250000, 0.04481250
-0.01125000, 0.03000000, -0.01875000, 0.04366113
-0.01500000, 0.03000000, -0.01500000, 0.03689793
-0.01875000, 0.03000000, -0.01125000, 0.02581101
-0.02250000, 0.03000000, -0.00750000, 0.01169062
-0.02625000, 0.03000000, -0.00375000, -0.00295846
-0.03000000, 0.03000000, 0.00000000, -0.01234047
-0.03000000, 0.02625000, 0.00375000, -0.00529761
-0.03000000, 0.02250000, 0.00750000, -0.00301033
-0.03000000, 0.01875000, 0.01125000, -0.00186360
-0.03000000, 0.01500000, 0.01500000, -0.00117255
-0.03000000, 0.01125000, 0.01875000, -0.00068421
-0.03000000, 0.00750000, 0.02250000, -0.00015483
-0.03000000, 0.00375000, 0.02625000, 0.00028273
-0.03000000, 0.00000000, 0.03000000, 0.00091401
-0.02625000, -0.00375000, 0.03000000, 0.00028273
-0.02250000, -0.00750000, 0.03000000, -0.00015483
-0.01875000, -0.01125000, 0.03000000, -0.00068421
-0.01500000, -0.01500000, 0.03000000, -0.00117255
-0.01125000, -0.01875000, 0.03000000, -0.00186360
-0.00750000, -0.02250000, 0.03000000, -0.00301033
-0.00375000, -0.02625000, 0.03000000, -0.00529761
0.00000000, -0.03000000, 0.03000000, -0.01234047
0.00375000, -0.03000000, 0.02625000, -0.00295846
0.00750000, -0.03000000, 0.02250000, 0.01169062
0.01125000, -0.03000000, 0.01875000, 0.02581101
0.01500000, -0.03000000, 0.01500000, 0.03689793
0.01875000, -0.03000000, 0.01125000, 0.04366113
0.02250000, -0.03000000, 0.00750000, 0.04481250
0.02625000, -0.03000000, 0.00375000, 0.03793757
0.03000000, -0.03000000, 0.00000000, 0.01748640
0.03000000, -0.02625000, -0.00375000, 0.01126191
0.03000000, -0.02250000, -0.00750000, 0.00928580
0.03000000, -0.01875000, -0.01125000, 0.00829439
0.03000000, -0.01500000, -0.01500000, 0.00761701
0.03000000, -0.01125000, -0.01875000, 0.00706832
0.03000000, -0.00750000, -0.02250000, 0.00651161
0.03000000, -0.00375000, -0.02625000, 0.00589699
0.04000000, 0.00000000, -0.04000000, 0.00221944
0.03500000, 0.00500000, -0.04000000, 0.00283698
0.03000000, 0.01000000, -0.04000000, 0.00328138
0.02500000, 0.01500000, -0.04000000, 0.00366715
0.02000000, 0.02000000, -0.04000000, 0.00405189
0.01500000, 0.02500000, -0.04000000, 0.00457086
0.01000000, 0.03000000, -0.04000000, 0.00540505
0.00500000, 0.03500000, -0.04000000, 0.00710786
0.00000000, 0.04000000, -0.04000000, 0.01249658
-0.00500000, 0.04000000, -0.03500000, 0.02901828
-0.01000000, 0.04000000, -0.03000000, 0.03455845
-0.01500000, 0.04000000, -0.02500000, 0.03396063
-0.02000000, 0.04000000, -0.02000000, 0.02889314
-0.02500000, 0.04000000, -0.01500000, 0.02052362
-0.03000000, 0.04000000, -0.01000000, 0.01003237
-0.03500000, 0.04000000, -0.00500000, -0.00084563
-0.04000000, 0.04000000, 0.00000000, -0.00693022
-0.04000000, 0.03500000, 0.00500000, -0.00060896
-0.04000000, 0.03000000, 0.01000000, 0.00142564
-0.04000000, 0.02500000, 0.01500000, 0.00234586
-0.04000000, 0.02000000, 0.02000000, 0.00283178
-0.04000000, 0.01500000, 0.02500000, 0.00310284
-0.04000000, 0.01000000, 0.03000000, 0.00335560
-0.04000000, 0.00500000, 0.03500000, 0.00365320
-0.04000000, 0.00000000, 0.04000000, 0.00411542
-0.03500000, -0.00500000, 0.04000000, 0.00365320
-0.03000000, -0.01000000, 0.04000000, 0.00335560
-0.02500000, -0.01500000, 0.04000000, 0.00310284
-0.02000000, -0.02000000, 0.04000000, 0.00283178
-0.01500000, -0.02500000, 0.04000000, 0.00234586
-0.01000000, -0.03000000, 0.04000000, 0.00142564
-0.00500000, -0.03500000, 0.04000000, -0.00060896
0.00000000, -0.04000000, 0.04000000, -0.00693022
0.00500000, -0.04000000, 0.03500000, -0.00084563
0.01000000, -0.04000000, 0.03000000, 0.01003237
0.01500000, -0.04000000, 0.02500000, 0.02052362
0.02000000, -0.04000000, 0.02000000, 0.02889314
0.02500000, -0.04000000, 0.01500000, 0.03396063
0.03000000, -0.04000000, 0.01000000, 0.03455845
0.03500000, -0.04000000, 0.00500000, 0.02901828
0.04000000, -0.04000000, 0.00000000, 0.01249658
0.04000000, -0.03500000, -0.00500000, 0.00710786
0.04000000, -0.03000000, -0.01000000, 0.00540505
0.04000000, -0.02500000, -0.01500000, 0.00457086
0.04000000, -0.02000000, -0.02000000, 0.00405189
0.04000000, -0.01500000, -0.02500000, 0.00366715
0.04000000, -0.01000000, -0.03000000, 0.00328138
0.04000000, -0.00500000, -0.03500000, 0.00283698
0.05000000, 0.00000000, -0.05000000, 0.00025401
0.04375000, 0.00625000, -0.05000000, 0.00076909
0.03750000, 0.01250000, -0.05000000, 0.00111187
0.03125000, 0.01875000, -0.05000000, 0.00140276
0.02500000, 0.02500000, -0.05000000, 0.00170651
0.01875000, 0.03125000, -0.05000000, 0.00214715
0.01250000, 0.03750000, -0.05000000, 0.00290412
0.00625000, 0.04375000, -0.05000000, 0.00449571
0.00000000, 0.05000000, -0.05000000, 0.00949179
-0.00625000, 0.05000000, -0.04375000, 0.02375942
-0.01250000, 0.05000000, -0.03750000, 0.02858421
-0.01875000, 0.05000000, -0.03125000, 0.02823128
-0.02500000, 0.05000000, -0.02500000, 0.02418308
-0.03125000, 0.05000000, -0.01875000, 0.01743995
-0.03750000, 0.05000000, -0.01250000, 0.00901865
-0.04375000, 0.05000000, -0.00625000, 0.00047375
-0.05000000, 0.05000000, 0.00000000, -0.00355178
-0.05000000, 0.04375000, 0.00625000, 0.00244594
-0.05000000, 0.03750000, 0.01250000, 0.00434217
-0.05000000, 0.03125000, 0.01875000, 0.00513348
-0.05000000, 0.02500000, 0.02500000, 0.00546939
-0.05000000, 0.01875000, 0.03125000, 0.00559599
-0.05000000, 0.01250000, 0.03750000, 0.00569934
-0.05000000, 0.00625000, 0.04375000, 0.00586856
-0.05000000, 0.00000000, 0.05000000, 0.00621218
-0.04375000, -0.00625000, 0.05000000, 0.00586856
-0.03750000, -0.01250000, 0.05000000, 0.00569934
-0.03125000, -0.01875000, 0.05000000, 0.00559599
-0.02500000, -0.02500000, 0.05000000, 0.00546939
-0.01875000, -0.03125000, 0.05000000, 0.00513348
-0.01250000, -0.03750000, 0.05000000, 0.00434217
-0.00625000, -0.04375000, 0.05000000, 0.00244594
0.00000000, -0.05000000, 0.05000000, -0.00355178
0.00625000, -0.05000000, 0.04375000, 0.00047375
0.01250000, -0.05000000, 0.03750000, 0.00901865
0.01875000, -0.05000000, 0.03125000, 0.01743995
0.02500000, -0.05000000, 0.02500000, 0.02418308
0.03125000, -0.05000000, 0.01875000, 0.02823128
0.03750000, -0.05000000, 0.01250000, 0.02858421
0.04375000, -0.05000000, 0.00625000, 0.02375942
0.05000000, -0.05000000, 0.00000000, 0.00949179
0.05000000, -0.04375000, -0.00625000, 0.00449571
0.05000000, -0.03750000, -0.01250000, 0.00290412
0.05000000, -0.03125000, -0.01875000, 0.00214715
0.05000000, -0.02500000, -0.02500000, 0.00170651
0.05000000, -0.01875000, -0.03125000, 0.00140276
0.05000000, -0.01250000, -0.03750000, 0.00111187
0.05000000, -0.00625000, -0.04375000, 0.00076909
0.06000000, 0.00000000, -0.06000000, -0.00116964
0.05250000, 0.00750000, -0.06000000, -0.00073151
0.04500000, 0.01500000, -0.06000000, -0.00047136
0.03750000, 0.02250000, -0.06000000, -0.00025774
0.03000000, 0.03000000, -0.06000000, -0.00002929
0.02250000, 0.03750000, -0.06000000, 0.00035611
0.01500000, 0.04500000, -0.06000000, 0.00106784
0.00750000, 0.05250000, -0.06000000, 0.00260769
0.00000000, 0.06000000, -0.06000000, 0.00741344
-0.00750000, 0.06000000, -0.05250000, 0.02030977
-0.01500000, 0.06000000, -0.04500000, 0.02468151
-0.02250000, 0.06000000, -0.03750000, 0.02450795
-0.03000000, 0.06000000, -0.03000000, 0.02109990
-0.03750000, 0.06000000, -0.02250000, 0.01540163
-0.04500000, 0.06000000, -0.01500000, 0.00836751
-0.05250000, 0.06000000, -0.00750000, 0.00138455
-0.06000000, 0.06000000, 0.00000000, -0.00114742
-0.06000000, 0.05250000, 0.00750000, 0.00466393
-0.06000000, 0.04500000, 0.01500000, 0.00647106
-0.06000000, 0.03750000, 0.02250000, 0.00717365
-0.06000000, 0.03000000, 0.03000000, 0.00740936
-0.06000000, 0.02250000, 0.03750000, 0.00740864
-0.06000000, 0.01500000, 0.04500000, 0.00738260
-0.06000000, 0.00750000, 0.05250000, 0.00742858
-0.06000000, 0.00000000, 0.06000000, 0.00767308
-0.05250000, -0.00750000, 0.06000000, 0.00742858
-0.04500000, -0.01500000, 0.06000000, 0.00738260
-0.03750000, -0.02250000, 0.06000000, 0.00740864
-0.03000000, -0.03000000, 0.06000000, 0.00740936
-0.02250000, -0.03750000, 0.06000000, 0.00717365
-0.01500000, -0.04500000, 0.06000000, 0.00647106
-0.00750000, -0.05250000, 0.06000000, 0.00466393
0.00000000, -0.06000000, 0.06000000, -0.00114742
0.00750000, -0.06000000, 0.05250000, 0.00138455
0.01500000, -0.06000000, 0.04500000, 0.00836751
0.02250000, -0.06000000, 0.03750000, 0.01540163
0.03000000, -0.06000000, 0.03000000, 0.02109990
0.03750000, -0.06000000, 0.02250000, 0.02450795
0.04500000, -0.06000000, 0.01500000, 0.02468151
0.05250000, -0.06000000, 0.00750000, 0.02030977
0.06000000, -0.06000000, 0.00000000, 0.00741344
0.06000000, -0.05250000, -0.00750000, 0.00260769
0.06000000, -0.04500000, -0.01500000, 0.00106784
0.06000000, -0.03750000, -0.02250000, 0.00035611
0.06000000, -0.03000000, -0.03000000, -0.00002929
0.06000000, -0.02250000, -0.03750000, -0.00025774
0.06000000, -0.01500000, -0.04500000, -0.00047136
0.06000000, -0.00750000, -0.05250000, -0.00073151
0.07000000, 0.00000000, -0.07000000, -0.00227890
0.06125000, 0.00875000, -0.07000000, -0.00190857
0.05250000, 0.01750000, -0.07000000, -0.00171356
0.04375000, 0.02625000, -0.07000000, -0.00156650
0.03500000, 0.03500000, -0.07000000, -0.00139449
0.02625000, 0.04375000, -0.07000000, -0.00105999
0.01750000, 0.05250000, -0.07000000, -0.00038689
0.00875000, 0.06125000, -0.07000000, 0.00111611
0.00000000, 0.07000000, -0.07000000, 0.00578200
-0.00875000, 0.07000000, -0.06125000, 0.01775415
-0.01750000, 0.07000000, -0.05250000, 0.02182394
-0.02625000, 0.07000000, -0.04375000, 0.02181525
-0.03500000, 0.07000000, -0.03500000, 0.01893121
-0.04375000, 0.07000000, -0.02625000, 0.01404328
-0.05250000, 0.07000000, -0.01750000, 0.00803564
-0.06125000, 0.07000000, -0.00875000, 0.00218320
-0.07000000, 0.07000000, 0.00000000, 0.00077824
-0.07000000, 0.06125000, 0.00875000, 0.00646311
-0.07000000, 0.05250000, 0.01750000, 0.00819486
-0.07000000, 0.04375000, 0.02625000, 0.00879490
-0.07000000, 0.03500000, 0.03500000, 0.00891771
-0.07000000, 0.02625000, 0.04375000, 0.00880068
-0.07000000, 0.01750000, 0.05250000, 0.00865635
-0.07000000, 0.00875000, 0.06125000, 0.00860443
-0.07000000, 0.00000000, 0.07000000, 0.00876007
-0.06125000, -0.00875000, 0.07000000, 0.00860443
-0.05250000, -0.01750000, 0.07000000, 0.00865635
-0.04375000, -0.02625000, 0.07000000, 0.00880068
-0.03500000, -0.03500000, 0.07000000, 0.00891771
-0.02625000, -0.04375000, 0.07000000, 0.00879490
-0.01750000, -0.05250000, 0.07000000, 0.00819486
-0.00875000, -0.06125000, 0.07000000, 0.00646311
0.00000000, -0.07000000, 0.07000000, 0.00077824
0.00875000, -0.07000000, 0.06125000, 0.00218320
0.01750000, -0.07000000, 0.05250000, 0.00803564
0.02625000, -0.07000000, 0.04375000, 0.01404328
0.03500000, -0.07000000, 0.03500000, 0.01893121
0.04375000, -0.07000000, 0.02625000, 0.02181525
0.05250000, -0.07000000, 0.01750000, 0.02182394
0.06125000, -0.07000000, 0.00875000, 0.01775415
0.07000000, -0.07000000, 0.00000000, 0.00578200
0.07000000, -0.06125000, -0.00875000, 0.00111611
0.07000000, -0.05250000, -0.01750000, -0.00038689
0.07000000, -0.04375000, -0.02625000, -0.00105999
0.07000000, -0.03500000, -0.03500000, -0.00139449
0.07000000, -0.02625000, -0.04375000, -0.00156650
0.07000000, -0.01750000, -0.05250000, -0.00171356
0.07000000, -0.00875000, -0.06125000, -0.00190857
0.08000000, 0.00000000, -0.08000000, -0.00315908
0.07000000, 0.01000000, -0.08000000, -0.00285145
0.06000000, 0.02000000, -0.08000000, -0.00271753
0.05000000, 0.03000000, -0.08000000, -0.00263422
0.04000000, 0.04000000, -0.08000000, -0.00251587
0.03000000, 0.05000000, -0.08000000, -0.00223162
0.02000000, 0.06000000, -0.08000000, -0.00159676
0.01000000, 0.07000000, -0.08000000, -0.00012330
0.00000000, 0.08000000, -0.08000000, 0.00445135
-0.01000000, 0.08000000, -0.07000000, 0.01575258
-0.02000000, 0.08000000, -0.06000000, 0.01963725
-0.03000000, 0.08000000, -0.05000000, 0.01978124
-0.04000000, 0.08000000, -0.04000000, 0.01732708
-0.05000000, 0.08000000, -0.03000000, 0.01308297
-0.06000000, 0.08000000, -0.02000000, 0.00787484
-0.07000000, 0.08000000, -0.01000000, 0.00291413
-0.08000000, 0.08000000, 0.00000000, 0.00238100
-0.08000000, 0.07000000, 0.01000000, 0.00798043
-0.08000000, 0.06000000, 0.02000000, 0.00963602
-0.08000000, 0.05000000, 0.03000000, 0.01013372
-0.08000000, 0.04000000, 0.04000000, 0.01014120
-0.08000000, 0.03000000, 0.05000000, 0.00991398
-0.08000000, 0.02000000, 0.06000000, 0.00965776
-0.08000000, 0.01000000, 0.07000000, 0.00951253
-0.08000000, 0.00000000, 0.08000000, 0.00959056
-0.07000000, -0.01000000, 0.08000000, 0.00951253
-0.06000000, -0.02000000, 0.08000000, 0.00965776
-0.05000000, -0.03000000, 0.08000000, 0.00991398
-0.04000000, -0.04000000, 0.08000000, 0.01014120
-0.03000000, -0.05000000, 0.08000000, 0.01013372
-0.02000000, -0.06000000, 0.08000000, 0.00963602
-0.01000000, -0.07000000, 0.08000000, 0.00798043
0.00000000, -0.08000000, 0.08000000, 0.00238100
0.01000000, -0.08000000, 0.07000000, 0.00291413
0.02000000, -0.08000000, 0.06000000, 0.00787484
0.03000000, -0.08000000, 0.05000000, 0.01308297
0.04000000, -0.08000000, 0.04000000, 0.01732708
0.05000000, -0.08000000, 0.03000000, 0.01978124
0.06000000, -0.08000000, 0.02000000, 0.01963725
0.07000000, -0.08000000, 0.01000000, 0.01575258
0.08000000, -0.08000000, 0.00000000, 0.00445135
0.08000000, -0.07000000, -0.01000000, -0.00012330
0.08000000, -0.06000000, -0.02000000, -0.00159676
0.08000000, -0.05000000, -0.03000000, -0.00223162
0.08000000, -0.04000000, -0.04000000, -0.00251587
0.08000000, -0.03000000, -0.05000000, -0.00263422
0.08000000, -0.02000000, -0.06000000, -0.00271753
0.08000000, -0.01000000, -0.07000000, -0.00285145
0.09000000, 0.00000000, -0.09000000, -0.00385772
0.07875000, 0.01125000, -0.09000000, -0.00360779
0.06750000, 0.02250000, -0.09000000, -0.00353873
0.05625000, 0.03375000, -0.09000000, -0.00352178
0.04500000, 0.04500000, -0.09000000, -0.00346614
0.03375000, 0.05625000, -0.09000000, -0.00323360
0.02250000, 0.06750000, -0.09000000, -0.00263828
0.01125000, 0.07875000, -0.09000000, -0.00119017
0.00000000, 0.09000000, -0.09000000, 0.00333971
-0.01125000, 0.09000000, -0.07875000, 0.01414507
-0.02250000, 0.09000000, -0.06750000, 0.01792409
-0.03375000, 0.09000000, -0.05625000, 0.01820939
-0.04500000, 0.09000000, -0.04500000, 0.01609415
-0.05625000, 0.09000000, -0.03375000, 0.01235681
-0.06750000, 0.09000000, -0.02250000, 0.00779456
-0.07875000, 0.09000000, -0.01125000, 0.00357156
-0.09000000, 0.09000000, 0.00000000, 0.00374798
-0.09000000, 0.07875000, 0.01125000, 0.00928585
-0.09000000, 0.06750000, 0.02250000, 0.01086317
-0.09000000, 0.05625000, 0.03375000, 0.01126739
-0.09000000, 0.04500000, 0.04500000, 0.01116927
-0.09000000, 0.03375000, 0.05625000, 0.01083125
-0.09000000, 0.02250000, 0.06750000, 0.01046405
-0.09000000, 0.01125000, 0.07875000, 0.01021895
-0.09000000, 0.00000000, 0.09000000, 0.01022855
-0.07875000, -0.01125000, 0.09000000, 0.01021895
-0.06750000, -0.02250000, 0.09000000, 0.01046405
-0.05625000, -0.03375000, 0.09000000, 0.01083125
-0.04500000, -0.04500000, 0.09000000, 0.01116927
-0.03375000, -0.05625000, 0.09000000, 0.01126739
-0.02250000, -0.06750000, 0.09000000, 0.01086317
-0.01125000, -0.07875000, 0.09000000, 0.00928585
0.00000000, -0.09000000, 0.09000000, 0.00374798
0.01125000, -0.09000000, 0.07875000, 0.00357156
0.02250000, -0.09000000, 0.06750000, 0.00779456
0.03375000, -0.09000000, 0.05625000, 0.01235681
0.04500000, -0.09000000, 0.04500000, 0.01609415
0.05625000, -0.09000000, 0.03375000, 0.01820939
0.06750000, -0.09000000, 0.02250000, 0.01792409
0.07875000, -0.09000000, 0.01125000, 0.01414507
0.09000000, -0.09000000, 0.00000000, 0.00333971
0.09000000, -0.07875000, -0.01125000, -0.00119017
0.09000000, -0.06750000, -0.02250000, -0.00263828
0.09000000, -0.05625000, -0.03375000, -0.00323360
0.09000000, -0.04500000, -0.04500000, -0.00346614
0.09000000, -0.03375000, -0.05625000, -0.00352178
0.09000000, -0.02250000, -0.06750000, -0.00353873
0.09000000, -0.01125000, -0.07875000, -0.00360779
0.10000000, 0.00000000, -0.10000000, -0.00441896
0.08750000, 0.01250000, -0.10000000, -0.00422299
0.07500000, 0.02500000, -0.10000000, -0.00422113
0.06250000, 0.03750000, -0.10000000, -0.00427321
0.05000000, 0.05000000, -0.10000000, -0.00428703
0.03750000, 0.06250000, -0.10000000, -0.00410959
0.02500000, 0.07500000, -0.10000000, -0.00355643
0.01250000, 0.08750000, -0.10000000, -0.00213409
0.00000000, 0.10000000, -0.10000000, 0.00237249
-0.01250000, 0.10000000, -0.08750000, 0.01280783
-0.02500000, 0.10000000, -0.07500000, 0.01652894
-0.03750000, 0.10000000, -0.06250000, 0.01694874
-0.05000000, 0.10000000, -0.05000000, 0.01511635
-0.06250000, 0.10000000, -0.03750000, 0.01179793
-0.07500000, 0.10000000, -0.02500000, 0.00777654
-0.08750000, 0.10000000, -0.01250000, 0.00417687
-0.10000000, 0.10000000, 0.00000000, 0.00495764
-0.10000000, 0.08750000, 0.01250000, 0.01044376
-0.10000000, 0.07500000, 0.02500000, 0.01194131
-0.10000000, 0.06250000, 0.03750000, 0.01225442
-0.10000000, 0.05000000, 0.05000000, 0.01205513
-0.10000000, 0.03750000, 0.06250000, 0.01160357
-0.10000000, 0.02500000, 0.07500000, 0.01112561
-0.10000000, 0.01250000, 0.08750000, 0.01077793
-0.10000000, 0.00000000, 0.10000000, 0.01072429
-0.08750000, -0.01250000, 0.10000000, 0.01077793
-0.07500000, -0.02500000, 0.10000000, 0.01112561
-0.06250000, -0.03750000, 0.10000000, 0.01160357
-0.05000000, -0.05000000, 0.10000000, 0.01205513
-0.03750000, -0.06250000, 0.10000000, 0.01225442
-0.02500000, -0.07500000, 0.10000000, 0.01194131
-0.01250000, -0.08750000, 0.10000000, 0.01044376
0.00000000, -0.10000000, 0.10000000, 0.00495764
0.01250000, -0.10000000, 0.08750000, 0.00417687
0.02500000, -0.10000000, 0.07500000, 0.00777654
0.03750000, -0.10000000, 0.06250000, 0.01179793
0.05000000, -0.10000000, 0.05000000, 0.01511635
0.06250000, -0.10000000, 0.03750000, 0.01694874
0.07500000, -0.10000000, 0.02500000, 0.01652894
0.08750000, -0.10000000, 0.01250000, 0.01280783
0.10000000, -0.10000000, 0.00000000, 0.00237249
0.10000000, -0.08750000, -0.01250000, -0.00213409
0.10000000, -0.07500000, -0.02500000, -0.00355643
0.10000000, -0.06250000, -0.03750000, -0.00410959
0.10000000, -0.05000000, -0.05000000, -0.00428703
0.10000000, -0.03750000, -0.06250000, -0.00427321
0.10000000, -0.02500000, -0.07500000, -0.00422113
0.10000000, -0.01250000, -0.08750000, -0.00422299
0.15000000, 0.00000000, -0.15000000, -0.00602091
0.13125000, 0.01875000, -0.15000000, -0.00607774
0.11250000, 0.03750000, -0.15000000, -0.00639037
0.09375000, 0.05625000, -0.15000000, -0.00678737
0.07500000, 0.07500000, -0.15000000, -0.00714054
0.05625000, 0.09375000, -0.15000000, -0.00727806
0.03750000, 0.11250000, -0.15000000, -0.00697707
0.01875000, 0.13125000, -0.15000000, -0.00572991
0.00000000, 0.15000000, -0.15000000, -0.00135017
-0.01875000, 0.15000000, -0.13125000, 0.00807981
-0.03750000, 0.15000000, -0.11250000, 0.01179923
-0.05625000, 0.15000000, -0.09375000, 0.01286226
-0.07500000, 0.15000000, -0.07500000, 0.01220661
-0.09375000, 0.15000000, -0.05625000, 0.01048396
-0.11250000, 0.15000000, -0.03750000, 0.00836831
-0.13125000, 0.15000000, -0.01875000, 0.00689331
-0.15000000, 0.15000000, 0.00000000, 0.00976396
-0.15000000, 0.13125000, 0.01875000, 0.01504875
-0.15000000, 0.11250000, 0.03750000, 0.01613725
-0.15000000, 0.09375000, 0.05625000, 0.01595339
-0.15000000, 0.07500000, 0.07500000, 0.01520559
-0.15000000, 0.05625000, 0.09375000, 0.01420229
-0.15000000, 0.03750000, 0.11250000, 0.01320500
-0.15000000, 0.01875000, 0.13125000, 0.01241104
-0.15000000, 0.00000000, 0.15000000, 0.01207791
-0.13125000, -0.01875000, 0.15000000, 0.01241104
-0.11250000, -0.03750000, 0.15000000, 0.01320500
-0.09375000, -0.05625000, 0.15000000, 0.01420229
-0.07500000, -0.07500000, 0.15000000, 0.01520559
-0.05625000, -0.09375000, 0.15000000, 0.01595339
-0.03750000, -0.11250000, 0.15000000, 0.01613725
-0.01875000, -0.13125000, 0.15000000, 0.01504875
0.00000000, -0.15000000, 0.15000000, 0.00976396
0.01875000, -0.15000000, 0.13125000, 0.00689331
0.03750000, -0.15000000, 0.11250000, 0.00836831
0.05625000, -0.15000000, 0.09375000, 0.01048396
0.07500000, -0.15000000, 0.07500000, 0.01220661
0.09375000, -0.15000000, 0.05625000, 0.01286226
0.11250000, -0.15000000, 0.03750000, 0.01179923
0.13125000, -0.15000000, 0.01875000, 0.00807981
0.15000000, -0.15000000, 0.00000000, -0.00135017
0.15000000, -0.13125000, -0.01875000, -0.00572991
0.15000000, -0.11250000, -0.03750000, -0.00697707
0.15000000, -0.09375000, -0.05625000, -0.00727806
0.15000000, -0.07500000, -0.07500000, -0.00714054
0.15000000, -0.05625000, -0.09375000, -0.00678737
0.15000000, -0.03750000, -0.11250000, -0.00639037
0.15000000, -0.01875000, -0.13125000, -0.00607774
0.20000000, 0.00000000, -0.20000000, -0.00640863
0.17500000, 0.02500000, -0.20000000, -0.00670157
0.15000000, 0.05000000, -0.20000000, -0.00731314
0.12500000, 0.07500000, -0.20000000, -0.00803321
0.10000000, 0.10000000, -0.20000000, -0.00871604
0.07500000, 0.12500000, -0.20000000, -0.00915864
0.05000000, 0.15000000, -0.20000000, -0.00912212
0.02500000, 0.17500000, -0.20000000, -0.00806810
0.00000000, 0.20000000, -0.20000000, -0.00379754
-0.02500000, 0.20000000, -0.17500000, 0.00501392
-0.05000000, 0.20000000, -0.15000000, 0.00886467
-0.07500000, 0.20000000, -0.12500000, 0.01049389
-0.10000000, 0.20000000, -0.10000000, 0.01070151
-0.12500000, 0.20000000, -0.07500000, 0.01006278
-0.15000000, 0.20000000, -0.05000000, 0.00918682
-0.17500000, 0.20000000, -0.02500000, 0.00901567
-0.20000000, 0.20000000, 0.00000000, 0.01307594
-0.20000000, 0.17500000, 0.02500000, 0.01824509
-0.20000000, 0.15000000, 0.05000000, 0.01898850
-0.20000000, 0.12500000, 0.07500000, 0.01837895
-0.20000000, 0.10000000, 0.10000000, 0.01716127
-0.20000000, 0.07500000, 0.12500000, 0.01567770
-0.20000000, 0.05000000, 0.15000000, 0.01422380
-0.20000000, 0.02500000, 0.17500000, 0.01302918
-0.20000000, 0.00000000, 0.20000000, 0.01243528
-0.17500000, -0.02500000, 0.20000000, 0.01302918
-0.15000000, -0.05000000, 0.20000000, 0.01422380
-0.12500000, -0.07500000, 0.20000000, 0.01567770
-0.10000000, -0.10000000, 0.20000000, 0.01716127
-0.07500000, -0.12500000, 0.20000000, 0.01837895
-0.05000000, -0.15000000, 0.20000000, 0.01898850
-0.02500000, -0.17500000, 0.20000000, 0.01824509
0.00000000, -0.20000000, 0.20000000, 0.01307594
0.02500000, -0.20000000, 0.17500000, 0.00901567
0.05000000, -0.20000000, 0.15000000, 0.00918682
0.07500000, -0.20000000, 0.12500000, 0.01006278
0.10000000, -0.20000000, 0.10000000, 0.01070151
0.12500000, -0.20000000, 0.07500000, 0.01049389
0.15000000, -0.20000000, 0.05000000, 0.00886467
0.17500000, -0.20000000, 0.02500000, 0.00501392
0.20000000, -0.20000000, 0.00000000, -0.00379754
0.20000000, -0.17500000, -0.02500000, -0.00806810
0.20000000, -0.15000000, -0.05000000, -0.00912212
0.20000000, -0.12500000, -0.07500000, -0.00915864
0.20000000, -0.10000000, -0.10000000, -0.00871604
0.20000000, -0.07500000, -0.12500000, -0.00803321
0.20000000, -0.05000000, -0.15000000, -0.00731314
0.20000000, -0.02500000, -0.17500000, -0.00670157
0.25000000, 0.00000000, -0.25000000, -0.00607170
0.21875000, 0.03125000, -0.25000000, -0.00659399
0.18750000, 0.06250000, -0.25000000, -0.00744711
0.15625000, 0.09375000, -0.25000000, -0.00841765
0.12500000, 0.12500000, -0.25000000, -0.00934653
0.09375000, 0.15625000, -0.25000000, -0.01002828
0.06250000, 0.18750000, -0.25000000, -0.01020873
0.03125000, 0.21875000, -0.25000000, -0.00933827
0.00000000, 0.25000000, -0.25000000, -0.00531216
-0.03125000, 0.25000000, -0.21875000, 0.00270282
-0.06250000, 0.25000000, -0.18750000, 0.00658273
-0.09375000, 0.25000000, -0.15625000, 0.00868208
-0.12500000, 0.25000000, -0.12500000, 0.00964775
-0.15625000, 0.25000000, -0.09375000, 0.00989852
-0.18750000, 0.25000000, -0.06250000, 0.00990228
-0.21875000, 0.25000000, -0.03125000, 0.01050759
-0.25000000, 0.25000000, 0.00000000, 0.01506312
-0.25000000, 0.21875000, 0.03125000, 0.02013698
-0.25000000, 0.18750000, 0.06250000, 0.02064094
-0.25000000, 0.15625000, 0.09375000, 0.01969895
-0.25000000, 0.12500000, 0.12500000, 0.01811568
-0.25000000, 0.09375000, 0.15625000, 0.01625918
-0.25000000, 0.06250000, 0.18750000, 0.01444157
-0.25000000, 0.03125000, 0.21875000, 0.01290028
-0.25000000, 0.00000000, 0.25000000, 0.01198879
-0.21875000, -0.03125000, 0.25000000, 0.01290028
-0.18750000, -0.06250000, 0.25000000, 0.01444157
-0.15625000, -0.09375000, 0.25000000, 0.01625918
-0.12500000, -0.12500000, 0.25000000, 0.01811568
-0.09375000, -0.15625000, 0.25000000, 0.01969895
-0.06250000, -0.18750000, 0.25000000, 0.02064094
-0.03125000, -0.21875000, 0.25000000, 0.02013698
0.00000000, -0.25000000, 0.25000000, 0.01506312
0.03125000, -0.25000000, 0.21875000, 0.01050759
0.06250000, -0.25000000, 0.18750000, 0.00990228
0.09375000, -0.25000000, 0.15625000, 0.00989852
0.12500000, -0.25000000, 0.12500000, 0.00964775
0.15625000, -0.25000000, 0.09375000, 0.00868208
0.18750000, -0.25000000, 0.06250000, 0.00658273
0.21875000, -0.25000000, 0.03125000, 0.00270282
0.25000000, -0.25000000, 0.00000000, -0.00531216
0.25000000, -0.21875000, -0.03125000, -0.00933827
0.25000000, -0.18750000, -0.06250000, -0.01020873
0.25000000, -0.15625000, -0.09375000, -0.01002828
0.25000000, -0.12500000, -0.12500000, -0.00934653
0.25000000, -0.09375000, -0.15625000, -0.00841765
0.25000000, -0.06250000, -0.18750000, -0.00744711
0.25000000, -0.03125000, -0.21875000, -0.00659399
0.30000000, 0.00000000, -0.30000000, -0.00512382
0.26250000, 0.03750000, -0.30000000, -0.00585945
0.22500000, 0.07500000, -0.30000000, -0.00688866
0.18750000, 0.11250000, -0.30000000, -0.00801596
0.15000000, 0.15000000, -0.30000000, -0.00909025
0.11250000, 0.18750000, -0.30000000, -0.00990965
0.07500000, 0.22500000, -0.30000000, -0.01022733
0.03750000, 0.26250000, -0.30000000, -0.00951384
0.00000000, 0.30000000, -0.30000000, -0.00583627
-0.03750000, 0.30000000, -0.26250000, 0.00102959
-0.07500000, 0.30000000, -0.22500000, 0.00475072
-0.11250000, 0.30000000, -0.18750000, 0.00717836
-0.15000000, 0.30000000, -0.15000000, 0.00872214
-0.18750000, 0.30000000, -0.11250000, 0.00962802
-0.22500000, 0.30000000, -0.07500000, 0.01019870
-0.26250000, 0.30000000, -0.03750000, 0.01111210
-0.30000000, 0.30000000, 0.00000000, 0.01545775
-0.30000000, 0.26250000, 0.03750000, 0.02038923
-0.30000000, 0.22500000, 0.07500000, 0.02074362
-0.30000000, 0.18750000, 0.11250000, 0.01961700
-0.30000000, 0.15000000, 0.15000000, 0.01782588
-0.30000000, 0.11250000, 0.18750000, 0.01573980
-0.30000000, 0.07500000, 0.22500000, 0.01366201
-0.30000000, 0.03750000, 0.26250000, 0.01181782
-0.30000000, 0.00000000, 0.30000000, 0.01052351
-0.26250000, -0.03750000, 0.30000000, 0.01181782
-0.22500000, -0.07500000, 0.30000000, 0.01366201
-0.18750000, -0.11250000, 0.30000000, 0.01573980
-0.15000000, -0.15000000, 0.30000000, 0.01782588
-0.11250000, -0.18750000, 0.30000000, 0.01961700
-0.07500000, -0.22500000, 0.30000000, 0.02074362
-0.03750000, -0.26250000, 0.30000000, 0.02038923
0.00000000, -0.30000000, 0.30000000, 0.01545775
0.03750000, -0.30000000, 0.26250000, 0.01111210
0.07500000, -0.30000000, 0.22500000, 0.01019870
0.11250000, -0.30000000, 0.18750000, 0.00962802
0.15000000, -0.30000000, 0.15000000, 0.00872214
0.18750000, -0.30000000, 0.11250000, 0.00717836
0.22500000, -0.30000000, 0.07500000, 0.00475072
0.26250000, -0.30000000, 0.03750000, 0.00102959
0.30000000, -0.30000000, 0.00000000, -0.00583627
0.30000000, -0.26250000, -0.03750000, -0.00951384
0.30000000, -0.22500000, -0.07500000, -0.01022733
0.30000000, -0.18750000, -0.11250000, -0.00990965
0.30000000, -0.15000000, -0.15000000, -0.00909025
0.30000000, -0.11250000, -0.18750000, -0.00801596
0.30000000, -0.07500000, -0.22500000, -0.00688866
0.30000000, -0.03750000, -0.26250000, -0.00585945
0.35000000, 0.00000000, -0.35000000, -0.00377866
0.30625000, 0.04375000, -0.35000000, -0.00464630
0.26250000, 0.08750000, -0.35000000, -0.00575140
0.21875000, 0.13125000, -0.35000000, -0.00692022
0.17500000, 0.17500000, -0.35000000, -0.00802275
0.13125000, 0.21875000, -0.35000000, -0.00887079
0.08750000, 0.26250000, -0.35000000, -0.00924285
0.04375000, 0.30625000, -0.35000000, -0.00866591
0.00000000, 0.35000000, -0.35000000, -0.00547656
-0.04375000, 0.35000000, -0.30625000, -0.00007322
-0.08750000, 0.35000000, -0.26250000, 0.00327323
-0.13125000, 0.35000000, -0.21875000, 0.00584816
-0.17500000, 0.35000000, -0.17500000, 0.00778175
-0.21875000, 0.35000000, -0.13125000, 0.00911191
-0.26250000, 0.35000000, -0.08750000, 0.00994140
-0.30625000, 0.35000000, -0.04375000, 0.01073374
-0.35000000, 0.35000000, 0.00000000, 0.01424264
-0.35000000, 0.30625000, 0.04375000, 0.01886769
-0.35000000, 0.26250000, 0.08750000, 0.01913566
-0.35000000, 0.21875000, 0.13125000, 0.01796493
-0.35000000, 0.17500000, 0.17500000, 0.01613420
-0.35000000, 0.13125000, 0.21875000, 0.01398014
-0.35000000, 0.08750000, 0.26250000, 0.01178508
-0.35000000, 0.04375000, 0.30625000, 0.00974197
-0.35000000, 0.00000000, 0.35000000, 0.00812133
-0.30625000, -0.04375000, 0.35000000, 0.00974197
-0.26250000, -0.08750000, 0.35000000, 0.01178508
-0.21875000, -0.13125000, 0.35000000, 0.01398014
-0.17500000, -0.17500000, 0.35000000, 0.01613420
-0.13125000, -0.21875000, 0.35000000, 0.01796493
-0.08750000, -0.26250000, 0.35000000, 0.01913566
-0.04375000, -0.30625000, 0.35000000, 0.01886769
0.00000000, -0.35000000, 0.35000000, 0.01424264
0.04375000, -0.35000000, 0.30625000, 0.01073374
0.08750000, -0.35000000, 0.26250000, 0.00994140
0.13125000, -0.35000000, 0.21875000, 0.00911191
0.17500000, -0.35000000, 0.17500000, 0.00778175
0.21875000, -0.35000000, 0.13125000, 0.00584816
0.26250000, -0.35000000, 0.08750000, 0.00327323
0.30625000, -0.35000000, 0.04375000, -0.00007322
0.35000000, -0.35000000, 0.00000000, -0.00547656
0.35000000, -0.30625000, -0.04375000, -0.00866591
0.35000000, -0.26250000, -0.08750000, -0.00924285
0.35000000, -0.21875000, -0.13125000, -0.00887079
0.35000000, -0.17500000, -0.17500000, -0.00802275
0.35000000, -0.13125000, -0.21875000, -0.00692022
0.35000000, -0.08750000, -0.26250000, -0.00575140
0.35000000, -0.04375000, -0.30625000, -0.00464630
0.40000000, 0.00000000, -0.40000000, -0.00239794
0.35000000, 0.05000000, -0.40000000, -0.00325091
0.30000000, 0.10000000, -0.40000000, -0.00429121
0.25000000, 0.15000000, -0.40000000, -0.00536873
0.20000000, 0.20000000, -0.40000000, -0.00637183
0.15000000, 0.25000000, -0.40000000, -0.00714632
0.10000000, 0.30000000, -0.40000000, -0.00750142
0.05000000, 0.35000000, -0.40000000, -0.00705061
0.00000000, 0.40000000, -0.40000000, -0.00448920
-0.05000000, 0.40000000, -0.35000000, -0.00068559
-0.10000000, 0.40000000, -0.30000000, 0.00209792
-0.15000000, 0.40000000, -0.25000000, 0.00462590
-0.20000000, 0.40000000, -0.20000000, 0.00677173
-0.25000000, 0.40000000, -0.15000000, 0.00831644
-0.30000000, 0.40000000, -0.10000000, 0.00912537
-0.35000000, 0.40000000, -0.05000000, 0.00946510
-0.40000000, 0.40000000, 0.00000000, 0.01173258
-0.40000000, 0.35000000, 0.05000000, 0.01581545
-0.40000000, 0.30000000, 0.10000000, 0.01603240
-0.40000000, 0.25000000, 0.15000000, 0.01493899
-0.40000000, 0.20000000, 0.20000000, 0.01323159
-0.40000000, 0.15000000, 0.25000000, 0.01120170
-0.40000000, 0.10000000, 0.30000000, 0.00909558
-0.40000000, 0.05000000, 0.35000000, 0.00707200
-0.40000000, 0.00000000, 0.40000000, 0.00536644
-0.35000000, -0.05000000, 0.40000000, 0.00707200
-0.30000000, -0.10000000, 0.40000000, 0.00909558
-0.25000000, -0.15000000, 0.40000000, 0.01120170
-0.20000000, -0.20000000, 0.40000000, 0.01323159
-0.15000000, -0.25000000, 0.40000000, 0.01493899
-0.10000000, -0.30000000, 0.40000000, 0.01603240
-0.05000000, -0.35000000, 0.40000000, 0.01581545
0.00000000, -0.40000000, 0.40000000, 0.01173258
0.05000000, -0.40000000, 0.35000000, 0.00946510
0.10000000, -0.40000000, 0.30000000, 0.00912537
0.15000000, -0.40000000, 0.25000000, 0.00831644
0.20000000, -0.40000000, 0.20000000, 0.00677173
0.25000000, -0.40000000, 0.15000000, 0.00462590
0.30000000, -0.40000000, 0.10000000, 0.00209792
0.35000000, -0.40000000, 0.05000000, -0.00068559
0.40000000, -0.40000000, 0.00000000, -0.00448920
0.40000000, -0.35000000, -0.05000000, -0.00705061
0.40000000, -0.30000000, -0.10000000, -0.00750142
0.40000000, -0.25000000, -0.15000000, -0.00714632
0.40000000, -0.20000000, -0.20000000, -0.00637183
0.40000000, -0.15000000, -0.25000000, -0.00536873
0.40000000, -0.10000000, -0.30000000, -0.00429121
0.40000000, -0.05000000, -0.35000000, -0.00325091
0.45000000, 0.00000000, -0.45000000, -0.00128440
0.39375000, 0.05625000, -0.45000000, -0.00198056
0.33750000, 0.11250000, -0.45000000, -0.00282911
0.28125000, 0.16875000, -0.45000000, -0.00370297
0.22500000, 0.22500000, -0.45000000, -0.00450912
0.16875000, 0.28125000, -0.45000000, -0.00513161
0.11250000, 0.33750000, -0.45000000, -0.00541937
0.05625000, 0.39375000, -0.45000000, -0.00508533
0.00000000, 0.45000000, -0.45000000, -0.00320223
-0.05625000, 0.45000000, -0.39375000, -0.00087729
-0.11250000, 0.45000000, -0.33750000, 0.00124042
-0.16875000, 0.45000000, -0.28125000, 0.00354125
-0.22500000, 0.45000000, -0.22500000, 0.00569502
-0.28125000, 0.45000000, -0.16875000, 0.00723506
-0.33750000, 0.45000000, -0.11250000, 0.00780925
-0.39375000, 0.45000000, -0.05625000, 0.00754664
-0.45000000, 0.45000000, 0.00000000, 0.00853173
-0.45000000, 0.39375000, 0.05625000, 0.01185527
-0.45000000, 0.33750000, 0.11250000, 0.01203575
-0.45000000, 0.28125000, 0.16875000, 0.01112754
-0.45000000, 0.22500000, 0.22500000, 0.00969709
-0.45000000, 0.16875000, 0.28125000, 0.00798358
-0.45000000, 0.11250000, 0.33750000, 0.00618764
-0.45000000, 0.05625000, 0.39375000, 0.00444286
-0.45000000, 0.00000000, 0.45000000, 0.00296253
-0.39375000, -0.05625000, 0.45000000, 0.00444286
-0.33750000, -0.11250000, 0.45000000, 0.00618764
-0.28125000, -0.16875000, 0.45000000, 0.00798358
-0.22500000, -0.22500000, 0.45000000, 0.00969709
-0.16875000, -0.28125000, 0.45000000, 0.01112754
-0.11250000, -0.33750000, 0.45000000, 0.01203575
-0.05625000, -0.39375000, 0.45000000, 0.01185527
0.00000000, -0.45000000, 0.45000000, 0.00853173
0.05625000, -0.45000000, 0.39375000, 0.00754664
0.11250000, -0.45000000, 0.33750000, 0.00780925
0.16875000, -0.45000000, 0.28125000, 0.00723506
0.22500000, -0.45000000, 0.22500000, 0.00569502
0.28125000, -0.45000000, 0.16875000, 0.00354125
0.33750000, -0.45000000, 0.11250000, 0.00124042
0.39375000, -0.45000000, 0.05625000, -0.00087729
0.45000000, -0.45000000, 0.00000000, -0.00320223
0.45000000, -0.39375000, -0.05625000, -0.00508533
0.45000000, -0.33750000, -0.11250000, -0.00541937
0.45000000, -0.28125000, -0.16875000, -0.00513161
0.45000000, -0.22500000, -0.22500000, -0.00450912
0.45000000, -0.16875000, -0.28125000, -0.00370297
0.45000000, -0.11250000, -0.33750000, -0.00282911
0.45000000, -0.05625000, -0.39375000, -0.00198056
0.50000000, 0.00000000, -0.50000000, -0.00056472
0.43750000, 0.06250000, -0.50000000, -0.00103419
0.37500000, 0.12500000, -0.50000000, -0.00162760
0.31250000, 0.18750000, -0.50000000, -0.00224313
0.25000000, 0.25000000, -0.50000000, -0.00281055
0.18750000, 0.31250000, -0.50000000, -0.00324557
0.12500000, 0.37500000, -0.50000000, -0.00344395
0.06250000, 0.43750000, -0.50000000, -0.00321428
0.00000000, 0.50000000, -0.50000000, -0.00196362
-0.06250000, 0.50000000, -0.43750000, -0.00078192
-0.12500000, 0.50000000, -0.37500000, 0.00067782
-0.18750000, 0.50000000, -0.31250000, 0.00261733
-0.25000000, 0.50000000, -0.25000000, 0.00458977
-0.31250000, 0.50000000, -0.18750000, 0.00594129
-0.37500000, 0.50000000, -0.12500000, 0.00617096
-0.43750000, 0.50000000, -0.06250000, 0.00537108
-0.50000000, 0.50000000, 0.00000000, 0.00538244
-0.50000000, 0.43750000, 0.06250000, 0.00782834
-0.50000000, 0.37500000, 0.12500000, 0.00797467
-0.50000000, 0.31250000, 0.18750000, 0.00731592
-0.50000000, 0.25000000, 0.25000000, 0.00626155
-0.50000000, 0.18750000, 0.31250000, 0.00499079
-0.50000000, 0.12500000, 0.37500000, 0.00365734
-0.50000000, 0.06250000, 0.43750000, 0.00237269
-0.50000000, 0.00000000, 0.50000000, 0.00132296
-0.43750000, -0.06250000, 0.50000000, 0.00237269
-0.37500000, -0.12500000, 0.50000000, 0.00365734
-0.31250000, -0.18750000, 0.50000000, 0.00499079
-0.25000000, -0.25000000, 0.50000000, 0.00626155
-0.18750000, -0.31250000, 0.50000000, 0.00731592
-0.12500000, -0.37500000, 0.50000000, 0.00797467
-0.06250000, -0.43750000, 0.50000000, 0.00782834
0.00000000, -0.50000000, 0.50000000, 0.00538244
0.06250000, -0.50000000, 0.43750000, 0.00537108
0.12500000, -0.50000000, 0.37500000, 0.00617096
0.18750000, -0.50000000, 0.31250000, 0.00594129
0.25000000, -0.50000000, 0.25000000, 0.00458977
0.31250000, -0.50000000, 0.18750000, 0.00261733
0.37500000, -0.50000000, 0.12500000, 0.00067782
0.43750000, -0.50000000, 0.06250000, -0.00078192
0.50000000, -0.50000000, 0.00000000, -0.00196362
0.50000000, -0.43750000, -0.06250000, -0.00321428
0.50000000, -0.37500000, -0.12500000, -0.00344395
0.50000000, -0.31250000, -0.18750000, -0.00324557
0.50000000, -0.25000000, -0.25000000, -0.00281055
0.50000000, -0.18750000, -0.31250000, -0.00224313
0.50000000, -0.12500000, -0.37500000, -0.00162760
0.50000000, -0.06250000, -0.43750000, -0.00103419
0.55000000, 0.00000000, -0.55000000, -0.00019868
0.48125000, 0.06875000, -0.55000000, -0.00045702
0.41250000, 0.13750000, -0.55000000, -0.00080659
0.34375000, 0.20625000, -0.55000000, -0.00117639
0.27500000, 0.27500000, -0.55000000, -0.00151917
0.20625000, 0.34375000, -0.55000000, -0.00177866
0.13750000, 0.41250000, -0.55000000, -0.00189299
0.06875000, 0.48125000, -0.55000000, -0.00175088
0.00000000, 0.55000000, -0.55000000, -0.00102232
-0.06875000, 0.55000000, -0.48125000, -0.00056871
-0.13750000, 0.55000000, -0.41250000, 0.00033354
-0.20625000, 0.55000000, -0.34375000, 0.00184552
-0.27500000, 0.55000000, -0.27500000, 0.00351378
-0.34375000, 0.55000000, -0.20625000, 0.00457719
-0.41250000, 0.55000000, -0.13750000, 0.00447100
-0.48125000, 0.55000000, -0.06875000, 0.00336187
-0.55000000, 0.55000000, 0.00000000, 0.00287732
-0.55000000, 0.48125000, 0.06875000, 0.00446980
-0.55000000, 0.41250000, 0.13750000, 0.00458002
-0.55000000, 0.34375000, 0.20625000, 0.00416902
-0.55000000, 0.27500000, 0.27500000, 0.00349832
-0.55000000, 0.20625000, 0.34375000, 0.00268745
-0.55000000, 0.13750000, 0.41250000, 0.00184501
-0.55000000, 0.06875000, 0.48125000, 0.00105536
-0.55000000, 0.00000000, 0.55000000, 0.00045789
-0.48125000, -0.06875000, 0.55000000, 0.00105536
-0.41250000, -0.13750000, 0.55000000, 0.00184501
-0.34375000, -0.20625000, 0.55000000, 0.00268745
-0.27500000, -0.27500000, 0.55000000, 0.00349832
-0.20625000, -0.34375000, 0.55000000, 0.00416902
-0.13750000, -0.41250000, 0.55000000, 0.00458002
-0.06875000, -0.48125000, 0.55000000, 0.00446980
0.00000000, -0.55000000, 0.55000000, 0.00287732
0.06875000, -0.55000000, 0.48125000, 0.00336187
0.13750000, -0.55000000, 0.41250000, 0.00447100
0.20625000, -0.55000000, 0.34375000, 0.00457719
0.27500000, -0.55000000, 0.27500000, 0.00351378
0.34375000, -0.55000000, 0.20625000, 0.00184552
0.41250000, -0.55000000, 0.13750000, 0.00033354
0.48125000, -0.55000000, 0.06875000, -0.00056871
0.55000000, -0.55000000, 0.00000000, -0.00102232
0.55000000, -0.48125000, -0.06875000, -0.00175088
0.55000000, -0.41250000, -0.13750000, -0.00189299
0.55000000, -0.34375000, -0.20625000, -0.00177866
0.55000000, -0.27500000, -0.27500000, -0.00151917
0.55000000, -0.20625000, -0.34375000, -0.00117639
0.55000000, -0.13750000, -0.41250000, -0.00080659
0.55000000, -0.06875000, -0.48125000, -0.00045702
0.60000000, 0.00000000, -0.60000000, -0.00005886
0.52500000, 0.07500000, -0.60000000, -0.00017238
0.45000000, 0.15000000, -0.60000000, -0.00034099
0.37500000, 0.22500000, -0.60000000, -0.00052562
0.30000000, 0.30000000, -0.60000000, -0.00069713
0.22500000, 0.37500000, -0.60000000, -0.00082541
0.15000000, 0.45000000, -0.60000000, -0.00087816
0.07500000, 0.52500000, -0.60000000, -0.00080203
0.00000000, 0.60000000, -0.60000000, -0.00044820
-0.07500000, 0.60000000, -0.52500000, -0.00036036
-0.15000000, 0.60000000, -0.45000000, 0.00013259
-0.22500000, 0.60000000, -0.37500000, 0.00121942
-0.30000000, 0.60000000, -0.30000000, 0.00253076
-0.37500000, 0.60000000, -0.22500000, 0.00328734
-0.45000000, 0.60000000, -0.15000000, 0.00294654
-0.52500000, 0.60000000, -0.07500000, 0.00180957
-0.60000000, 0.60000000, 0.00000000, 0.00125570
-0.60000000, 0.52500000, 0.07500000, 0.00214996
-0.60000000, 0.45000000, 0.15000000, 0.00222410
-0.60000000, 0.37500000, 0.22500000, 0.00200749
-0.60000000, 0.30000000, 0.30000000, 0.00164757
-0.60000000, 0.22500000, 0.37500000, 0.00121460
-0.60000000, 0.15000000, 0.45000000, 0.00077572
-0.60000000, 0.07500000, 0.52500000, 0.00038434
-0.60000000, 0.00000000, 0.60000000, 0.00012120
-0.52500000, -0.07500000, 0.60000000, 0.00038434
-0.45000000, -0.15000000, 0.60000000, 0.00077572
-0.37500000, -0.22500000, 0.60000000, 0.00121460
-0.30000000, -0.30000000, 0.60000000, 0.00164757
-0.22500000, -0.37500000, 0.60000000, 0.00200749
-0.15000000, -0.45000000, 0.60000000, 0.00222410
-0.07500000, -0.52500000, 0.60000000, 0.00214996
0.00000000, -0.60000000, 0.60000000, 0.00125570
0.07500000, -0.60000000, 0.52500000, 0.00180957
0.15000000, -0.60000000, 0.45000000, 0.00294654
0.22500000, -0.60000000, 0.37500000, 0.00328734
0.30000000, -0.60000000, 0.30000000, 0.00253076
0.37500000, -0.60000000, 0.22500000, 0.00121942
0.45000000, -0.60000000, 0.15000000, 0.00013259
0.52500000, -0.60000000, 0.07500000, -0.00036036
0.60000000, -0.60000000, 0.00000000, -0.00044820
0.60000000, -0.52500000, -0.07500000, -0.00080203
0.60000000, -0.45000000, -0.15000000, -0.00087816
0.60000000, -0.37500000, -0.22500000, -0.00082541
0.60000000, -0.30000000, -0.30000000, -0.00069713
0.60000000, -0.22500000, -0.37500000, -0.00052562
0.60000000, -0.15000000, -0.45000000, -0.00034099
0.60000000, -0.07500000, -0.52500000, -0.00017238
0.65000000, 0.00000000, -0.65000000, -0.00001879
0.56875000, 0.08125000, -0.65000000, -0.00005826
0.48750000, 0.16250000, -0.65000000, -0.00012305
0.40625000, 0.24375000, -0.65000000, -0.00019760
0.32500000, 0.32500000, -0.65000000, -0.00026535
0.24375000, 0.40625000, -0.65000000, -0.00031525
0.16250000, 0.48750000, -0.65000000, -0.00033271
0.08125000, 0.56875000, -0.65000000, -0.00029863
0.00000000, 0.65000000, -0.65000000, -0.00016463
-0.08125000, 0.65000000, -0.56875000, -0.00020287
-0.16250000, 0.65000000, -0.48750000, 0.00002990
-0.24375000, 0.65000000, -0.40625000, 0.00074551
-0.32500000, 0.65000000, -0.32500000, 0.00169534
-0.40625000, 0.65000000, -0.24375000, 0.00217525
-0.48750000, 0.65000000, -0.16250000, 0.00174054
-0.56875000, 0.65000000, -0.08125000, 0.00080054
-0.65000000, 0.65000000, 0.00000000, 0.00041645
-0.65000000, 0.56875000, 0.08125000, 0.00083686
-0.65000000, 0.48750000, 0.16250000, 0.00087985
-0.65000000, 0.40625000, 0.24375000, 0.00078728
-0.65000000, 0.32500000, 0.32500000, 0.00063049
-0.65000000, 0.24375000, 0.40625000, 0.00044499
-0.65000000, 0.16250000, 0.48750000, 0.00026445
-0.65000000, 0.08125000, 0.56875000, 0.00011551
-0.65000000, 0.00000000, 0.65000000, 0.00003027
-0.56875000, -0.08125000, 0.65000000, 0.00011551
-0.48750000, -0.16250000, 0.65000000, 0.00026445
-0.40625000, -0.24375000, 0.65000000, 0.00044499
-0.32500000, -0.32500000, 0.65000000, 0.00063049
-0.24375000, -0.40625000, 0.65000000, 0.00078728
-0.16250000, -0.48750000, 0.65000000, 0.00087985
-0.08125000, -0.56875000, 0.65000000, 0.00083686
0.00000000, -0.65000000, 0.65000000, 0.00041645
0.08125000, -0.65000000, 0.56875000, 0.00080054
0.16250000, -0.65000000, 0.48750000, 0.00174054
0.24375000, -0.65000000, 0.40625000, 0.00217525
0.32500000, -0.65000000, 0.32500000, 0.00169534
0.40625000, -0.65000000, 0.24375000, 0.00074551
0.48750000, -0.65000000, 0.16250000, 0.00002990
0.56875000, -0.65000000, 0.08125000, -0.00020287
0.65000000, -0.65000000, 0.00000000, -0.00016463
0.65000000, -0.56875000, -0.08125000, -0.00029863
0.65000000, -0.48750000, -0.16250000, -0.00033271
0.65000000, -0.40625000, -0.24375000, -0.00031525
0.65000000, -0.32500000, -0.32500000, -0.00026535
0.65000000, -0.24375000, -0.40625000, -0.00019760
0.65000000, -0.16250000, -0.48750000, -0.00012305
0.65000000, -0.08125000, -0.56875000, -0.00005826
0.70000000, 0.00000000, -0.70000000, -0.00000468
0.61250000, 0.08750000, -0.70000000, -0.00001676
0.52500000, 0.17500000, -0.70000000, -0.00003783
0.43750000, 0.26250000, -0.70000000, -0.00006279
0.35000000, 0.35000000, -0.70000000, -0.00008376
0.26250000, 0.43750000, -0.70000000, -0.00009751
0.17500000, 0.52500000, -0.70000000, -0.00010003
0.08750000, 0.61250000, -0.70000000, -0.00008719
0.00000000, 0.70000000, -0.70000000, -0.00004795
-0.08750000, 0.70000000, -0.61250000, -0.00009640
-0.17500000, 0.70000000, -0.52500000, -0.00000499
-0.26250000, 0.70000000, -0.43750000, 0.00042109
-0.35000000, 0.70000000, -0.35000000, 0.00104047
-0.43750000, 0.70000000, -0.26250000, 0.00129942
-0.52500000, 0.70000000, -0.17500000, 0.00089634
-0.61250000, 0.70000000, -0.08750000, 0.00025850
-0.70000000, 0.70000000, 0.00000000, 0.00008600
-0.70000000, 0.61250000, 0.08750000, 0.00024680
-0.70000000, 0.52500000, 0.17500000, 0.00026748
-0.70000000, 0.43750000, 0.26250000, 0.00023929
-0.70000000, 0.35000000, 0.35000000, 0.00018835
-0.70000000, 0.26250000, 0.43750000, 0.00012835
-0.70000000, 0.17500000, 0.52500000, 0.00007184
-0.70000000, 0.08750000, 0.61250000, 0.00002891
-0.70000000, 0.00000000, 0.70000000, 0.00000709
-0.61250000, -0.08750000, 0.70000000, 0.00002891
-0.52500000, -0.17500000, 0.70000000, 0.00007184
-0.43750000, -0.26250000, 0.70000000, 0.00012835
-0.35000000, -0.35000000, 0.70000000, 0.00018835
-0.26250000, -0.43750000, 0.70000000, 0.00023929
-0.17500000, -0.52500000, 0.70000000, 0.00026748
-0.08750000, -0.61250000, 0.70000000, 0.00024680
0.00000000, -0.70000000, 0.70000000, 0.00008600
0.08750000, -0.70000000, 0.61250000, 0.00025850
0.17500000, -0.70000000, 0.52500000, 0.00089634
0.26250000, -0.70000000, 0.43750000, 0.00129942
0.35000000, -0.70000000, 0.35000000, 0.00104047
0.43750000, -0.70000000, 0.26250000, 0.00042109
0.52500000, -0.70000000, 0.17500000, -0.00000499
0.61250000, -0.70000000, 0.08750000, -0.00009640
0.70000000, -0.70000000, 0.00000000, -0.00004795
0.70000000, -0.61250000, -0.08750000, -0.00008719
0.70000000, -0.52500000, -0.17500000, -0.00010003
0.70000000, -0.43750000, -0.26250000, -0.00009751
0.70000000, -0.35000000, -0.35000000, -0.00008376
0.70000000, -0.26250000, -0.43750000, -0.00006279
0.70000000, -0.17500000, -0.52500000, -0.00003783
0.70000000, -0.08750000, -0.61250000, -0.00001676
0.75000000, 0.00000000, -0.75000000, 0.00000343
0.65625000, 0.09375000, -0.75000000, -0.00000074
0.56250000, 0.18750000, -0.75000000, -0.00000865
0.46875000, 0.28125000, -0.75000000, -0.00001717
0.37500000, 0.37500000, -0.75000000, -0.00002382
0.28125000, 0.46875000, -0.75000000, -0.00002573
0.18750000, 0.56250000, -0.75000000, -0.00002447
0.09375000, 0.65625000, -0.75000000, -0.00001986
0.00000000, 0.75000000, -0.75000000, -0.00000694
-0.09375000, 0.75000000, -0.65625000, -0.00003396
-0.18750000, 0.75000000, -0.56250000, -0.00000609
-0.28125000, 0.75000000, -0.46875000, 0.00021824
-0.37500000, 0.75000000, -0.37500000, 0.00057180
-0.46875000, 0.75000000, -0.28125000, 0.00068123
-0.56250000, 0.75000000, -0.18750000, 0.00038501
-0.65625000, 0.75000000, -0.09375000, 0.00003491
-0.75000000, 0.75000000, 0.00000000, -0.00000105
-0.75000000, 0.65625000, 0.09375000, 0.00004866
-0.75000000, 0.56250000, 0.18750000, 0.00005648
-0.75000000, 0.46875000, 0.28125000, 0.00005350
-0.75000000, 0.37500000, 0.37500000, 0.00004393
-0.75000000, 0.28125000, 0.46875000, 0.00003003
-0.75000000, 0.18750000, 0.56250000, 0.00001527
-0.75000000, 0.09375000, 0.65625000, 0.00000289
-0.75000000, 0.00000000, 0.75000000, -0.00000503
-0.65625000, -0.09375000, 0.75000000, 0.00000289
-0.56250000, -0.18750000, 0.75000000, 0.00001527
-0.46875000, -0.28125000, 0.75000000, 0.00003003
-0.37500000, -0.37500000, 0.75000000, 0.00004393
-0.28125000, -0.46875000, 0.75000000, 0.00005350
-0.18750000, -0.56250000, 0.75000000, 0.00005648
-0.09375000, -0.65625000, 0.75000000, 0.00004866
0.00000000, -0.75000000, 0.75000000, -0.00000105
0.09375000, -0.75000000, 0.65625000, 0.00003491
0.18750000, -0.75000000, 0.56250000, 0.00038501
0.28125000, -0.75000000, 0.46875000, 0.00068123
0.37500000, -0.75000000, 0.37500000, 0.00057180
0.46875000, -0.75000000, 0.28125000, 0.00021824
0.56250000, -0.75000000, 0.18750000, -0.00000609
0.65625000, -0.75000000, 0.09375000, -0.00003396
0.75000000, -0.75000000, 0.00000000, -0.00000694
0.75000000, -0.65625000, -0.09375000, -0.00001986
0.75000000, -0.56250000, -0.18750000, -0.00002447
0.75000000, -0.46875000, -0.28125000, -0.00002573
0.75000000, -0.37500000, -0.37500000, -0.00002382
0.75000000, -0.28125000, -0.46875000, -0.00001717
0.75000000, -0.18750000, -0.56250000, -0.00000865
0.75000000, -0.09375000, -0.65625000, -0.00000074
0.80000000, 0.00000000, -0.80000000, 0.00000280
0.70000000, 0.10000000, -0.80000000, 0.00000206
0.60000000, 0.20000000, -0.80000000, -0.00000073
0.50000000, 0.30000000, -0.80000000, -0.00000368
0.40000000, 0.40000000, -0.80000000, -0.00000613
0.30000000, 0.50000000, -0.80000000, -0.00000578
0.20000000, 0.60000000, -0.80000000, -0.00000468
0.10000000, 0.70000000, -0.80000000, -0.00000319
0.00000000, 0.80000000, -0.80000000, 0.00000104
-0.10000000, 0.80000000, -0.70000000, -0.00000984
-0.20000000, 0.80000000, -0.60000000, -0.00000400
-0.30000000, 0.80000000, -0.50000000, 0.00009665
-0.40000000, 0.80000000, -0.40000000, 0.00027059
-0.50000000, 0.80000000, -0.30000000, 0.00030400
-0.60000000, 0.80000000, -0.20000000, 0.00013164
-0.70000000, 0.80000000, -0.10000000, -0.00001743
-0.80000000, 0.80000000, 0.00000000, -0.00000825
-0.80000000, 0.70000000, 0.10000000, 0.00000377
-0.80000000, 0.60000000, 0.20000000, 0.00000584
-0.80000000, 0.50000000, 0.30000000, 0.00000738
-0.80000000, 0.40000000, 0.40000000, 0.00000739
-0.80000000, 0.30000000, 0.50000000, 0.00000493
-0.80000000, 0.20000000, 0.60000000, 0.00000128
-0.80000000, 0.10000000, 0.70000000, -0.00000242
-0.80000000, 0.00000000, 0.80000000, -0.00000454
-0.70000000, -0.10000000, 0.80000000, -0.00000242
-0.60000000, -0.20000000, 0.80000000, 0.00000128
-0.50000000, -0.30000000, 0.80000000, 0.00000493
-0.40000000, -0.40000000, 0.80000000, 0.00000739
-0.30000000, -0.50000000, 0.80000000, 0.00000738
-0.20000000, -0.60000000, 0.80000000, 0.00000584
-0.10000000, -0.70000000, 0.80000000, 0.00000377
0.00000000, -0.80000000, 0.80000000, -0.00000825
0.10000000, -0.80000000, 0.70000000, -0.00001743
0.20000000, -0.80000000, 0.60000000, 0.00013164
0.30000000, -0.80000000, 0.50000000, 0.00030400
0.40000000, -0.80000000, 0.40000000, 0.00027059
0.50000000, -0.80000000, 0.30000000, 0.00009665
0.60000000, -0.80000000, 0.20000000, -0.00000400
0.70000000, -0.80000000, 0.10000000, -0.00000984
0.80000000, -0.80000000, 0.00000000, 0.00000104
0.80000000, -0.70000000, -0.10000000, -0.00000319
0.80000000, -0.60000000, -0.20000000, -0.00000468
0.80000000, -0.50000000, -0.30000000, -0.00000578
0.80000000, -0.40000000, -0.40000000, -0.00000613
0.80000000, -0.30000000, -0.50000000, -0.00000368
0.80000000, -0.20000000, -0.60000000, -0.00000073
0.80000000, -0.10000000, -0.70000000, 0.00000206
0.85000000, 0.00000000, -0.85000000, -0.00000268
0.74375000, 0.10625000, -0.85000000, -0.00000178
0.63750000, 0.21250000, -0.85000000, -0.00000086
0.53125000, 0.31875000, -0.85000000, -0.00000063
0.42500000, 0.42500000, -0.85000000, -0.00000006
0.31875000, 0.53125000, -0.85000000, 0.00000033
0.21250000, 0.63750000, -0.85000000, 0.00000080
0.10625000, 0.74375000, -0.85000000, 0.00000059
0.00000000, 0.85000000, -0.85000000, -0.00000320
-0.10625000, 0.85000000, -0.74375000, -0.00000769
-0.21250000, 0.85000000, -0.63750000, -0.00000700
-0.31875000, 0.85000000, -0.53125000, 0.00002908
-0.42500000, 0.85000000, -0.42500000, 0.00010238
-0.53125000, 0.85000000, -0.31875000, 0.00011161
-0.63750000, 0.85000000, -0.21250000, 0.00003662
-0.74375000, 0.85000000, -0.10625000, -0.00000915
-0.85000000, 0.85000000, 0.00000000, -0.00000187
-0.85000000, 0.74375000, 0.10625000, -0.00000148
-0.85000000, 0.63750000, 0.21250000, -0.00000124
-0.85000000, 0.53125000, 0.31875000, -0.00000186
-0.85000000, 0.42500000, 0.42500000, -0.00000219
-0.85000000, 0.31875000, 0.53125000, -0.00000206
-0.85000000, 0.21250000, 0.63750000, -0.00000085
-0.85000000, 0.10625000, 0.74375000, 0.00000150
-0.85000000, 0.00000000, 0.85000000, 0.00000423
-0.74375000, -0.10625000, 0.85000000, 0.00000150
-0.63750000, -0.21250000, 0.85000000, -0.00000085
-0.53125000, -0.31875000, 0.85000000, -0.00000206
-0.42500000, -0.42500000, 0.85000000, -0.00000219
-0.31875000, -0.53125000, 0.85000000, -0.00000186
-0.21250000, -0.63750000, 0.85000000, -0.00000124
-0.10625000, -0.74375000, 0.85000000, -0.00000148
0.00000000, -0.85000000, 0.85000000, -0.00000187
0.10625000, -0.85000000, 0.74375000, -0.00000915
0.21250000, -0.85000000, 0.63750000, 0.00003662
0.31875000, -0.85000000, 0.53125000, 0.00011161
0.42500000, -0.85000000, 0.42500000, 0.00010238
0.53125000, -0.85000000, 0.31875000, 0.00002908
0.63750000, -0.85000000, 0.21250000, -0.00000700
0.74375000, -0.85000000, 0.10625000, -0.00000769
0.85000000, -0.85000000, 0.00000000, -0.00000320
0.85000000, -0.74375000, -0.10625000, 0.00000059
0.85000000, -0.63750000, -0.21250000, 0.00000080
0.85000000, -0.53125000, -0.31875000, 0.00000033
0.85000000, -0.42500000, -0.42500000, -0.00000006
0.85000000, -0.31875000, -0.53125000, -0.00000063
0.85000000, -0.21250000, -0.63750000, -0.00000086
0.85000000, -0.10625000, -0.74375000, -0.00000178
0.90000000, 0.00000000, -0.90000000, -0.00000164
0.78750000, 0.11250000, -0.90000000, -0.00000158
0.67500000, 0.22500000, -0.90000000, -0.00000093
0.56250000, 0.33750000, -0.90000000, -0.00000057
0.45000000, 0.45000000, -0.90000000, 0.00000010
0.33750000, 0.56250000, -0.90000000, 0.00000018
0.22500000, 0.67500000, -0.90000000, 0.00000028
0.11250000, 0.78750000, -0.90000000, 0.00000002
0.00000000, 0.90000000, -0.90000000, -0.00000231
-0.11250000, 0.90000000, -0.78750000, -0.00000376
-0.22500000, 0.90000000, -0.67500000, -0.00000391
-0.33750000, 0.90000000, -0.56250000, 0.00000495
-0.45000000, 0.90000000, -0.45000000, 0.00002647
-0.56250000, 0.90000000, -0.33750000, 0.00002830
-0.67500000, 0.90000000, -0.22500000, 0.00000719
-0.78750000, 0.90000000, -0.11250000, -0.00000181
-0.90000000, 0.90000000, 0.00000000, 0.00000071
-0.90000000, 0.78750000, 0.11250000, 0.00000018
-0.90000000, 0.67500000, 0.22500000, 0.00000024
-0.90000000, 0.56250000, 0.33750000, -0.00000045
-0.90000000, 0.45000000, 0.45000000, -0.00000088
-0.90000000, 0.33750000, 0.56250000, -0.00000054
-0.90000000, 0.22500000, 0.67500000, 0.00000046
-0.90000000, 0.11250000, 0.78750000, 0.00000191
-0.90000000, 0.00000000, 0.90000000, 0.00000273
-0.78750000, -0.11250000, 0.90000000, 0.00000191
-0.67500000, -0.22500000, 0.90000000, 0.00000046
-0.56250000, -0.33750000, 0.90000000, -0.00000054
-0.45000000, -0.45000000, 0.90000000, -0.00000088
-0.33750000, -0.56250000, 0.90000000, -0.00000045
-0.22500000, -0.67500000, 0.90000000, 0.00000024
-0.11250000, -0.78750000, 0.90000000, 0.00000018
0.00000000, -0.90000000, 0.90000000, 0.00000071
0.11250000, -0.90000000, 0.78750000, -0.00000181
0.22500000, -0.90000000, 0.67500000, 0.00000719
0.33750000, -0.90000000, 0.56250000, 0.00002830
0.45000000, -0.90000000, 0.45000000, 0.00002647
0.56250000, -0.90000000, 0.33750000, 0.00000495
0.67500000, -0.90000000, 0.22500000, -0.00000391
0.78750000, -0.90000000, 0.11250000, -0.00000376
0.90000000, -0.90000000, 0.00000000, -0.00000231
0.90000000, -0.78750000, -0.11250000, 0.00000002
0.90000000, -0.67500000, -0.22500000, 0.00000028
0.90000000, -0.56250000, -0.33750000, 0.00000018
0.90000000, -0.45000000, -0.45000000, 0.00000010
0.90000000, -0.33750000, -0.56250000, -0.00000057
0.90000000, -0.22500000, -0.67500000, -0.00000093
0.90000000, -0.11250000, -0.78750000, -0.00000158
0.95000000, 0.00000000, -0.95000000, 0.00000237
0.83125000, 0.11875000, -0.95000000, 0.00000181
0.71250000, 0.23750000, -0.95000000, 0.00000074
0.59375000, 0.35625000, -0.95000000, -0.00000002
0.47500000, 0.47500000, -0.95000000, -0.00000094
0.35625000, 0.59375000, -0.95000000, -0.00000105
0.23750000, 0.71250000, -0.95000000, -0.00000107
0.11875000, 0.83125000, -0.95000000, -0.00000065
0.00000000, 0.95000000, -0.95000000, 0.00000276
-0.11875000, 0.95000000, -0.83125000, 0.00000304
-0.23750000, 0.95000000, -0.71250000, 0.00000276
-0.35625000, 0.95000000, -0.59375000, 0.00000352
-0.47500000, 0.95000000, -0.47500000, 0.00000303
-0.59375000, 0.95000000, -0.35625000, 0.00000017
-0.71250000, 0.95000000, -0.23750000, -0.00000240
-0.83125000, 0.95000000, -0.11875000, -0.00000301
-0.95000000, 0.95000000, 0.00000000, -0.00000088
-0.95000000, 0.83125000, 0.11875000, 0.00000076
-0.95000000, 0.71250000, 0.23750000, 0.00000089
-0.95000000, 0.59375000, 0.35625000, 0.00000174
-0.95000000, 0.47500000, 0.47500000, 0.00000217
-0.95000000, 0.35625000, 0.59375000, 0.00000166
-0.95000000, 0.23750000, 0.71250000, 0.00000019
-0.95000000, 0.11875000, 0.83125000, -0.00000200
-0.95000000, 0.00000000, 0.95000000, -0.00000386
-0.83125000, -0.11875000, 0.95000000, -0.00000200
-0.71250000, -0.23750000, 0.95000000, 0.00000019
-0.59375000, -0.35625000, 0.95000000, 0.00000166
-0.47500000, -0.47500000, 0.95000000, 0.00000217
-0.35625000, -0.59375000, 0.95000000, 0.00000174
-0.23750000, -0.71250000, 0.95000000, 0.00000089
-0.11875000, -0.83125000, 0.95000000, 0.00000076
0.00000000, -0.95000000, 0.95000000, -0.00000088
0.11875000, -0.95000000, 0.83125000, -0.00000301
0.23750000, -0.95000000, 0.71250000, -0.00000240
0.35625000, -0.95000000, 0.59375000, 0.00000017
0.47500000, -0.95000000, 0.47500000, 0.00000303
0.59375000, -0.95000000, 0.35625000, 0.00000352
0.71250000, -0.95000000, 0.23750000, 0.00000276
0.83125000, -0.95000000, 0.11875000, 0.00000304
0.95000000, -0.95000000, 0.00000000, 0.00000276
0.95000000, -0.83125000, -0.11875000, -0.00000065
0.95000000, -0.71250000, -0.23750000, -0.00000107
0.95000000, -0.59375000, -0.35625000, -0.00000105
0.95000000, -0.47500000, -0.47500000, -0.00000094
0.95000000, -0.35625000, -0.59375000, -0.00000002
0.95000000, -0.23750000, -0.71250000, 0.00000074
0.95000000, -0.11875000, -0.83125000, 0.00000181
1.00000000, 0.00000000, -1.00000000, 0.00000000
0.87500000, 0.12500000, -1.00000000, 0.00000000
0.75000000, 0.25000000, -1.00000000, 0.00000000
0.62500000, 0.37500000, -1.00000000, 0.00000000
0.50000000, 0.50000000, -1.00000000, 0.00000000
0.37500000, 0.62500000, -1.00000000, 0.00000000
0.25000000, 0.75000000, -1.00000000, 0.00000000
0.12500000, 0.87500000, -1.00000000, 0.00000000
0.00000000, 1.00000000, -1.00000000, 0.00000000
-0.12500000, 1.00000000, -0.87500000, 0.00000000
-0.25000000, 1.00000000, -0.75000000, 0.00000000
-0.37500000, 1.00000000, -0.62500000, 0.00000000
-0.50000000, 1.00000000, -0.50000000, 0.00000000
-0.62500000, 1.00000000, -0.37500000, 0.00000000
-0.75000000, 1.00000000, -0.25000000, 0.00000000
-0.87500000, 1.00000000, -0.12500000, 0.00000000
-1.00000000, 1.00000000, 0.00000000, 0.00000000
-1.00000000, 0.87500000, 0.12500000, 0.00000000
-1.00000000, 0.75000000, 0.25000000, 0.00000000
-1.00000000, 0.62500000, 0.37500000, 0.00000000
-1.00000000, 0.50000000, 0.50000000, 0.00000000
-1.00000000, 0.37500000, 0.62500000, 0.00000000
-1.00000000, 0.25000000, 0.75000000, 0.00000000
-1.00000000, 0.12500000, 0.87500000, 0.00000000
-1.00000000, 0.00000000, 1.00000000, 0.00000000
-0.87500000, -0.12500000, 1.00000000, 0.00000000
-0.75000000, -0.25000000, 1.00000000, 0.00000000
-0.62500000, -0.37500000, 1.00000000, 0.00000000
-0.50000000, -0.50000000, 1.00000000, 0.00000000
-0.37500000, -0.62500000, 1.00000000, 0.00000000
-0.25000000, -0.75000000, 1.00000000, 0.00000000
-0.12500000, -0.87500000, 1.00000000, 0.00000000
0.00000000, -1.00000000, 1.00000000, 0.00000000
0.12500000, -1.00000000, 0.87500000, 0.00000000
0.25000000, -1.00000000, 0.75000000, 0.00000000
0.37500000, -1.00000000, 0.62500000, 0.00000000
0.50000000, -1.00000000, 0.50000000, 0.00000000
0.62500000, -1.00000000, 0.37500000, 0.00000000
0.75000000, -1.00000000, 0.25000000, 0.00000000
0.87500000, -1.00000000, 0.12500000, 0.00000000
1.00000000, -1.00000000, 0.00000000, 0.00000000
1.00000000, -0.87500000, -0.12500000, 0.00000000
1.00000000, -0.75000000, -0.25000000, 0.00000000
1.00000000, -0.62500000, -0.37500000, 0.00000000
1.00000000, -0.50000000, -0.50000000, 0.00000000
1.00000000, -0.37500000, -0.62500000, 0.00000000
1.00000000, -0.25000000, -0.75000000, 0.00000000
1.00000000, -0.12500000, -0.87500000, 0.00000000
