0.01000000, 0.00000000, -0.01000000, 0.00424824
0.00000000, 0.01000000, -0.01000000, 0.00780921
-0.00125000, 0.01000000, -0.00875000, 0.15018441
-0.00250000, 0.01000000, -0.00750000, 0.25165367
-0.00375000, 0.01000000, -0.00625000, 0.31228879
-0.00500000, 0.01000000, -0.00500000, 0.33200213
-0.00625000, 0.01000000, -0.00375000, 0.31091398
-0.00750000, 0.01000000, -0.00250000, 0.24883363
-0.00875000, 0.01000000, -0.00125000, 0.14597261
-0.01000000, 0.01000000, 0.00000000, 0.00203559
-0.01000000, 0.00875000, 0.00125000, 0.00248815
-0.01000000, 0.00750000, 0.00250000, 0.00271538
-0.01000000, 0.00625000, 0.00375000, 0.00302156
-0.01000000, 0.00500000, 0.00500000, 0.00315635
-0.01000000, 0.00375000, 0.00625000, 0.00344557
-0.01000000, 0.00250000, 0.00750000, 0.00352003
-0.01000000, 0.00125000, 0.00875000, 0.00387126
-0.01000000, 0.00000000, 0.01000000, 0.00424824
0.00000000, -0.01000000, 0.01000000, 0.00780921
0.00125000, -0.01000000, 0.00875000, 0.15018441
0.00250000, -0.01000000, 0.00750000, 0.25165367
0.00375000, -0.01000000, 0.00625000, 0.31228879
0.00500000, -0.01000000, 0.00500000, 0.33200213
0.00625000, -0.01000000, 0.00375000, 0.31091398
0.00750000, -0.01000000, 0.00250000, 0.24883363
0.00875000, -0.01000000, 0.00125000, 0.14597261
0.01000000, -0.01000000, 0.00000000, 0.00203559
0.01000000, -0.00875000, -0.00125000, 0.00248815
0.01000000, -0.00750000, -0.00250000, 0.00271538
0.01000000, -0.00625000, -0.00375000, 0.00302156
0.01000000, -0.00500000, -0.00500000, 0.00315635
0.01000000, -0.00375000, -0.00625000, 0.00344557
0.01000000, -0.00250000, -0.00750000, 0.00352003
0.01000000, -0.00125000, -0.00875000, 0.00387126
0.02000000, 0.00000000, -0.02000000, 0.00514923
0.01750000, 0.00250000, -0.02000000, 0.00531999
0.01500000, 0.00500000, -0.02000000, 0.00593451
0.01250000, 0.00750000, -0.02000000, 0.00621877
0.01000000, 0.01000000, -0.02000000, 0.00707884
0.00750000, 0.01250000, -0.02000000, 0.00747943
0.00500000, 0.01500000, -0.02000000, 0.00802540
0.00250000, 0.01750000, -0.02000000, 0.00853856
0.00000000, 0.02000000, -0.02000000, 0.00895665
-0.00250000, 0.02000000, -0.01750000, 0.08019272
-0.00500000, 0.02000000, -0.01500000, 0.13084269
-0.00750000, 0.02000000, -0.01250000, 0.16091362
-0.01000000, 0.02000000, -0.01000000, 0.17031267
-0.01250000, 0.02000000, -0.00750000, 0.15915146
-0.01500000, 0.02000000, -0.00500000, 0.12735887
-0.01750000, 0.02000000, -0.00250000, 0.07493981
-0.02000000, 0.02000000, 0.00000000, 0.00190033
-0.02000000, 0.01750000, 0.00250000, 0.00257614
-0.02000000, 0.01500000, 0.00500000, 0.00300965
-0.02000000, 0.01250000, 0.00750000, 0.00347752
-0.02000000, 0.01000000, 0.01000000, 0.00381766
-0.02000000, 0.00750000, 0.01250000, 0.00422052
-0.02000000, 0.00500000, 0.01500000, 0.00451868
-0.02000000, 0.00250000, 0.01750000, 0.00478759
-0.02000000, 0.00000000, 0.02000000, 0.00514923
-0.01750000, -0.00250000, 0.02000000, 0.00531999
-0.01500000, -0.00500000, 0.02000000, 0.00593451
-0.01250000, -0.00750000, 0.02000000, 0.00621877
-0.01000000, -0.01000000, 0.02000000, 0.00707884
-0.00750000, -0.01250000, 0.02000000, 0.00747943
-0.00500000, -0.01500000, 0.02000000, 0.00802540
-0.00250000, -0.01750000, 0.02000000, 0.00853856
0.00000000, -0.02000000, 0.02000000, 0.00895665
0.00250000, -0.02000000, 0.01750000, 0.08019272
0.00500000, -0.02000000, 0.01500000, 0.13084269
0.00750000, -0.02000000, 0.01250000, 0.16091362
0.01000000, -0.02000000, 0.01000000, 0.17031267
0.01250000, -0.02000000, 0.00750000, 0.15915146
0.01500000, -0.02000000, 0.00500000, 0.12735887
0.01750000, -0.02000000, 0.00250000, 0.07493981
0.02000000, -0.02000000, 0.00000000, 0.00190033
0.02000000, -0.01750000, -0.00250000, 0.00257614
0.02000000, -0.01500000, -0.00500000, 0.00300965
0.02000000, -0.01250000, -0.00750000, 0.00347752
0.02000000, -0.01000000, -0.01000000, 0.00381766
0.02000000, -0.00750000, -0.01250000, 0.00422052
0.02000000, -0.00500000, -0.01500000, 0.00451868
0.02000000, -0.00250000, -0.01750000, 0.00478759
0.03000000, 0.00000000, -0.03000000, 0.00575141
0.02625000, 0.00375000, -0.03000000, 0.00598679
0.02250000, 0.00750000, -0.03000000, 0.00660448
0.01875000, 0.01125000, -0.03000000, 0.00705812
0.01500000, 0.01500000, -0.03000000, 0.00771535
0.01125000, 0.01875000, -0.03000000, 0.00843191
0.00750000, 0.02250000, -0.03000000, 0.00912027
0.00375000, 0.02625000, -0.03000000, 0.00974088
0.00000000, 0.03000000, -0.03000000, 0.01011165
-0.00375000, 0.03000000, -0.02625000, 0.05765916
-0.00750000, 0.03000000, -0.02250000, 0.09140681
-0.01125000, 0.03000000, -0.01875000, 0.11130019
-0.01500000, 0.03000000, -0.01500000, 0.11726627
-0.01875000, 0.03000000, -0.01125000, 0.10932540
-0.02250000, 0.03000000, -0.00750000, 0.08749608
-0.02625000, 0.03000000, -0.00375000, 0.05180017
-0.03000000, 0.03000000, 0.00000000, 0.00232756
-0.03000000, 0.02625000, 0.00375000, 0.00318109
-0.03000000, 0.02250000, 0.00750000, 0.00366543
-0.03000000, 0.01875000, 0.01125000, 0.00412397
-0.03000000, 0.01500000, 0.01500000, 0.00449731
-0.03000000, 0.01125000, 0.01875000, 0.00482445
-0.03000000, 0.00750000, 0.02250000, 0.00516863
-0.03000000, 0.00375000, 0.02625000, 0.00544040
-0.03000000, 0.00000000, 0.03000000, 0.00575141
-0.02625000, -0.00375000, 0.03000000, 0.00598679
-0.02250000, -0.00750000, 0.03000000, 0.00660448
-0.01875000, -0.01125000, 0.03000000, 0.00705812
-0.01500000, -0.01500000, 0.03000000, 0.00771535
-0.01125000, -0.01875000, 0.03000000, 0.00843191
-0.00750000, -0.02250000, 0.03000000, 0.00912027
-0.00375000, -0.02625000, 0.03000000, 0.00974088
0.00000000, -0.03000000, 0.03000000, 0.01011165
0.00375000, -0.03000000, 0.02625000, 0.05765916
0.00750000, -0.03000000, 0.02250000, 0.09140681
0.01125000, -0.03000000, 0.01875000, 0.11130019
0.01500000, -0.03000000, 0.01500000, 0.11726627
0.01875000, -0.03000000, 0.01125000, 0.10932540
0.02250000, -0.03000000, 0.00750000, 0.08749608
0.02625000, -0.03000000, 0.00375000, 0.05180017
0.03000000, -0.03000000, 0.00000000, 0.00232756
0.03000000, -0.02625000, -0.00375000, 0.00318109
0.03000000, -0.02250000, -0.00750000, 0.00366543
0.03000000, -0.01875000, -0.01125000, 0.00412397
0.03000000, -0.01500000, -0.01500000, 0.00449731
0.03000000, -0.01125000, -0.01875000, 0.00482445
0.03000000, -0.00750000, -0.02250000, 0.00516863
0.03000000, -0.00375000, -0.02625000, 0.00544040
0.04000000, 0.00000000, -0.04000000, 0.00617231
0.03500000, 0.00500000, -0.04000000, 0.00642866
0.03000000, 0.01000000, -0.04000000, 0.00696503
0.02500000, 0.01500000, -0.04000000, 0.00760204
0.02000000, 0.02000000, -0.04000000, 0.00835275
0.01500000, 0.02500000, -0.04000000, 0.00914520
0.01000000, 0.03000000, -0.04000000, 0.00995555
0.00500000, 0.03500000, -0.04000000, 0.01067666
0.00000000, 0.04000000, -0.04000000, 0.01109221
-0.00500000, 0.04000000, -0.03500000, 0.04689607
-0.01000000, 0.04000000, -0.03000000, 0.07229670
-0.01500000, 0.04000000, -0.02500000, 0.08713326
-0.02000000, 0.04000000, -0.02000000, 0.09137871
-0.02500000, 0.04000000, -0.01500000, 0.08503516
-0.03000000, 0.04000000, -0.01000000, 0.06812026
-0.03500000, 0.04000000, -0.00500000, 0.04068369
-0.04000000, 0.04000000, 0.00000000, 0.00290450
-0.04000000, 0.03500000, 0.00500000, 0.00386624
-0.04000000, 0.03000000, 0.01000000, 0.00439647
-0.04000000, 0.02500000, 0.01500000, 0.00479225
-0.04000000, 0.02000000, 0.02000000, 0.00511245
-0.04000000, 0.01500000, 0.02500000, 0.00539097
-0.04000000, 0.01000000, 0.03000000, 0.00565049
-0.04000000, 0.00500000, 0.03500000, 0.00591823
-0.04000000, 0.00000000, 0.04000000, 0.00617231
-0.03500000, -0.00500000, 0.04000000, 0.00642866
-0.03000000, -0.01000000, 0.04000000, 0.00696503
-0.02500000, -0.01500000, 0.04000000, 0.00760204
-0.02000000, -0.02000000, 0.04000000, 0.00835275
-0.01500000, -0.02500000, 0.04000000, 0.00914520
-0.01000000, -0.03000000, 0.04000000, 0.00995555
-0.00500000, -0.03500000, 0.04000000, 0.01067666
0.00000000, -0.04000000, 0.04000000, 0.01109221
0.00500000, -0.04000000, 0.03500000, 0.04689607
0.01000000, -0.04000000, 0.03000000, 0.07229670
0.01500000, -0.04000000, 0.02500000, 0.08713326
0.02000000, -0.04000000, 0.02000000, 0.09137871
0.02500000, -0.04000000, 0.01500000, 0.08503516
0.03000000, -0.04000000, 0.01000000, 0.06812026
0.03500000, -0.04000000, 0.00500000, 0.04068369
0.04000000, -0.04000000, 0.00000000, 0.00290450
0.04000000, -0.03500000, -0.00500000, 0.00386624
0.04000000, -0.03000000, -0.01000000, 0.00439647
0.04000000, -0.02500000, -0.01500000, 0.00479225
0.04000000, -0.02000000, -0.02000000, 0.00511245
0.04000000, -0.01500000, -0.02500000, 0.00539097
0.04000000, -0.01000000, -0.03000000, 0.00565049
0.04000000, -0.00500000, -0.03500000, 0.00591823
0.05000000, 0.00000000, -0.05000000, 0.00647455
0.04375000, 0.00625000, -0.05000000, 0.00673548
0.03750000, 0.01250000, -0.05000000, 0.00729011
0.03125000, 0.01875000, -0.05000000, 0.00799242
0.02500000, 0.02500000, -0.05000000, 0.00882798
0.01875000, 0.03125000, -0.05000000, 0.00975296
0.01250000, 0.03750000, -0.05000000, 0.01067665
0.00625000, 0.04375000, -0.05000000, 0.01150777
0.00000000, 0.05000000, -0.05000000, 0.01195224
-0.00625000, 0.05000000, -0.04375000, 0.04077884
-0.01250000, 0.05000000, -0.03750000, 0.06121751
-0.01875000, 0.05000000, -0.03125000, 0.07306662
-0.02500000, 0.05000000, -0.02500000, 0.07629166
-0.03125000, 0.05000000, -0.01875000, 0.07089499
-0.03750000, 0.05000000, -0.01250000, 0.05690241
-0.04375000, 0.05000000, -0.00625000, 0.03437630
-0.05000000, 0.05000000, 0.00000000, 0.00357313
-0.05000000, 0.04375000, 0.00625000, 0.00459256
-0.05000000, 0.03750000, 0.01250000, 0.00509770
-0.05000000, 0.03125000, 0.01875000, 0.00542870
-0.05000000, 0.02500000, 0.02500000, 0.00567830
-0.05000000, 0.01875000, 0.03125000, 0.00587837
-0.05000000, 0.01250000, 0.03750000, 0.00605610
-0.05000000, 0.00625000, 0.04375000, 0.00628230
-0.05000000, 0.00000000, 0.05000000, 0.00647455
-0.04375000, -0.00625000, 0.05000000, 0.00673548
-0.03750000, -0.01250000, 0.05000000, 0.00729011
-0.03125000, -0.01875000, 0.05000000, 0.00799242
-0.02500000, -0.02500000, 0.05000000, 0.00882798
-0.01875000, -0.03125000, 0.05000000, 0.00975296
-0.01250000, -0.03750000, 0.05000000, 0.01067665
-0.00625000, -0.04375000, 0.05000000, 0.01150777
0.00000000, -0.05000000, 0.05000000, 0.01195224
0.00625000, -0.05000000, 0.04375000, 0.04077884
0.01250000, -0.05000000, 0.03750000, 0.06121751
0.01875000, -0.05000000, 0.03125000, 0.07306662
0.02500000, -0.05000000, 0.02500000, 0.07629166
0.03125000, -0.05000000, 0.01875000, 0.07089499
0.03750000, -0.05000000, 0.01250000, 0.05690241
0.04375000, -0.05000000, 0.00625000, 0.03437630
0.05000000, -0.05000000, 0.00000000, 0.00357313
0.05000000, -0.04375000, -0.00625000, 0.00459256
0.05000000, -0.03750000, -0.01250000, 0.00509770
0.05000000, -0.03125000, -0.01875000, 0.00542870
0.05000000, -0.02500000, -0.02500000, 0.00567830
0.05000000, -0.01875000, -0.03125000, 0.00587837
0.05000000, -0.01250000, -0.03750000, 0.00605610
0.05000000, -0.00625000, -0.04375000, 0.00628230
0.06000000, 0.00000000, -0.06000000, 0.00669943
0.05250000, 0.00750000, -0.06000000, 0.00697378
0.04500000, 0.01500000, -0.06000000, 0.00755423
0.03750000, 0.02250000, -0.06000000, 0.00832166
0.03000000, 0.03000000, -0.06000000, 0.00923168
0.02250000, 0.03750000, -0.06000000, 0.01021785
0.01500000, 0.04500000, -0.06000000, 0.01122762
0.00750000, 0.05250000, -0.06000000, 0.01215939
0.00000000, 0.06000000, -0.06000000, 0.01270775
-0.00750000, 0.06000000, -0.05250000, 0.03692998
-0.01500000, 0.06000000, -0.04500000, 0.05411471
-0.02250000, 0.06000000, -0.03750000, 0.06400612
-0.03000000, 0.06000000, -0.03000000, 0.06656975
-0.03750000, 0.06000000, -0.02250000, 0.06181027
-0.04500000, 0.06000000, -0.01500000, 0.04975365
-0.05250000, 0.06000000, -0.00750000, 0.03047626
-0.06000000, 0.06000000, 0.00000000, 0.00430960
-0.06000000, 0.05250000, 0.00750000, 0.00533596
-0.06000000, 0.04500000, 0.01500000, 0.00577672
-0.06000000, 0.03750000, 0.02250000, 0.00603239
-0.06000000, 0.03000000, 0.03000000, 0.00619481
-0.06000000, 0.02250000, 0.03750000, 0.00630560
-0.06000000, 0.01500000, 0.04500000, 0.00641581
-0.06000000, 0.00750000, 0.05250000, 0.00655578
-0.06000000, 0.00000000, 0.06000000, 0.00669943
-0.05250000, -0.00750000, 0.06000000, 0.00697378
-0.04500000, -0.01500000, 0.06000000, 0.00755423
-0.03750000, -0.02250000, 0.06000000, 0.00832166
-0.03000000, -0.03000000, 0.06000000, 0.00923168
-0.02250000, -0.03750000, 0.06000000, 0.01021785
-0.01500000, -0.04500000, 0.06000000, 0.01122762
-0.00750000, -0.05250000, 0.06000000, 0.01215939
0.00000000, -0.06000000, 0.06000000, 0.01270775
0.00750000, -0.06000000, 0.05250000, 0.03692998
0.01500000, -0.06000000, 0.04500000, 0.05411471
0.02250000, -0.06000000, 0.03750000, 0.06400612
0.03000000, -0.06000000, 0.03000000, 0.06656975
0.03750000, -0.06000000, 0.02250000, 0.06181027
0.04500000, -0.06000000, 0.01500000, 0.04975365
0.05250000, -0.06000000, 0.00750000, 0.03047626
0.06000000, -0.06000000, 0.00000000, 0.00430960
0.06000000, -0.05250000, -0.00750000, 0.00533596
0.06000000, -0.04500000, -0.01500000, 0.00577672
0.06000000, -0.03750000, -0.02250000, 0.00603239
0.06000000, -0.03000000, -0.03000000, 0.00619481
0.06000000, -0.02250000, -0.03750000, 0.00630560
0.06000000, -0.01500000, -0.04500000, 0.00641581
0.06000000, -0.00750000, -0.05250000, 0.00655578
0.07000000, 0.00000000, -0.07000000, 0.00686665
0.06125000, 0.00875000, -0.07000000, 0.00716254
0.05250000, 0.01750000, -0.07000000, 0.00774935
0.04375000, 0.02625000, -0.07000000, 0.00857485
0.03500000, 0.03500000, -0.07000000, 0.00957060
0.02625000, 0.04375000, -0.07000000, 0.01065815
0.01750000, 0.05250000, -0.07000000, 0.01178456
0.00875000, 0.06125000, -0.07000000, 0.01281604
0.00000000, 0.07000000, -0.07000000, 0.01339822
-0.00875000, 0.07000000, -0.06125000, 0.03436375
-0.01750000, 0.07000000, -0.05250000, 0.04926230
-0.02625000, 0.07000000, -0.04375000, 0.05777911
-0.03500000, 0.07000000, -0.03500000, 0.05988678
-0.04375000, 0.07000000, -0.02625000, 0.05558964
-0.05250000, 0.07000000, -0.01750000, 0.04491790
-0.06125000, 0.07000000, -0.00875000, 0.02795915
-0.07000000, 0.07000000, 0.00000000, 0.00510957
-0.07000000, 0.06125000, 0.00875000, 0.00610068
-0.07000000, 0.05250000, 0.01750000, 0.00646526
-0.07000000, 0.04375000, 0.02625000, 0.00661565
-0.07000000, 0.03500000, 0.03500000, 0.00667518
-0.07000000, 0.02625000, 0.04375000, 0.00669094
-0.07000000, 0.01750000, 0.05250000, 0.00671082
-0.07000000, 0.00875000, 0.06125000, 0.00675801
-0.07000000, 0.00000000, 0.07000000, 0.00686665
-0.06125000, -0.00875000, 0.07000000, 0.00716254
-0.05250000, -0.01750000, 0.07000000, 0.00774935
-0.04375000, -0.02625000, 0.07000000, 0.00857485
-0.03500000, -0.03500000, 0.07000000, 0.00957060
-0.02625000, -0.04375000, 0.07000000, 0.01065815
-0.01750000, -0.05250000, 0.07000000, 0.01178456
-0.00875000, -0.06125000, 0.07000000, 0.01281604
0.00000000, -0.07000000, 0.07000000, 0.01339822
0.00875000, -0.07000000, 0.06125000, 0.03436375
0.01750000, -0.07000000, 0.05250000, 0.04926230
0.02625000, -0.07000000, 0.04375000, 0.05777911
0.03500000, -0.07000000, 0.03500000, 0.05988678
0.04375000, -0.07000000, 0.02625000, 0.05558964
0.05250000, -0.07000000, 0.01750000, 0.04491790
0.06125000, -0.07000000, 0.00875000, 0.02795915
0.07000000, -0.07000000, 0.00000000, 0.00510957
0.07000000, -0.06125000, -0.00875000, 0.00610068
0.07000000, -0.05250000, -0.01750000, 0.00646526
0.07000000, -0.04375000, -0.02625000, 0.00661565
0.07000000, -0.03500000, -0.03500000, 0.00667518
0.07000000, -0.02625000, -0.04375000, 0.00669094
0.07000000, -0.01750000, -0.05250000, 0.00671082
0.07000000, -0.00875000, -0.06125000, 0.00675801
0.08000000, 0.00000000, -0.08000000, 0.00700781
0.07000000, 0.01000000, -0.08000000, 0.00731147
0.06000000, 0.02000000, -0.08000000, 0.00791444
0.05000000, 0.03000000, -0.08000000, 0.00879492
0.04000000, 0.04000000, -0.08000000, 0.00987025
0.03000000, 0.05000000, -0.08000000, 0.01107060
0.02000000, 0.06000000, -0.08000000, 0.01230897
0.01000000, 0.07000000, -0.08000000, 0.01343823
0.00000000, 0.08000000, -0.08000000, 0.01404120
-0.01000000, 0.08000000, -0.07000000, 0.03259805
-0.02000000, 0.08000000, -0.06000000, 0.04580817
-0.03000000, 0.08000000, -0.05000000, 0.05331532
-0.04000000, 0.08000000, -0.04000000, 0.05509738
-0.05000000, 0.08000000, -0.03000000, 0.05115708
-0.06000000, 0.08000000, -0.02000000, 0.04153029
-0.07000000, 0.08000000, -0.01000000, 0.02631415
-0.08000000, 0.08000000, 0.00000000, 0.00596170
-0.08000000, 0.07000000, 0.01000000, 0.00689328
-0.08000000, 0.06000000, 0.02000000, 0.00715503
-0.08000000, 0.05000000, 0.03000000, 0.00718108
-0.08000000, 0.04000000, 0.04000000, 0.00712854
-0.08000000, 0.03000000, 0.05000000, 0.00704186
-0.08000000, 0.02000000, 0.06000000, 0.00696600
-0.08000000, 0.01000000, 0.07000000, 0.00693496
-0.08000000, 0.00000000, 0.08000000, 0.00700781
-0.07000000, -0.01000000, 0.08000000, 0.00731147
-0.06000000, -0.02000000, 0.08000000, 0.00791444
-0.05000000, -0.03000000, 0.08000000, 0.00879492
-0.04000000, -0.04000000, 0.08000000, 0.00987025
-0.03000000, -0.05000000, 0.08000000, 0.01107060
-0.02000000, -0.06000000, 0.08000000, 0.01230897
-0.01000000, -0.07000000, 0.08000000, 0.01343823
0.00000000, -0.08000000, 0.08000000, 0.01404120
0.01000000, -0.08000000, 0.07000000, 0.03259805
0.02000000, -0.08000000, 0.06000000, 0.04580817
0.03000000, -0.08000000, 0.05000000, 0.05331532
0.04000000, -0.08000000, 0.04000000, 0.05509738
0.05000000, -0.08000000, 0.03000000, 0.05115708
0.06000000, -0.08000000, 0.02000000, 0.04153029
0.07000000, -0.08000000, 0.01000000, 0.02631415
0.08000000, -0.08000000, 0.00000000, 0.00596170
0.08000000, -0.07000000, -0.01000000, 0.00689328
0.08000000, -0.06000000, -0.02000000, 0.00715503
0.08000000, -0.05000000, -0.03000000, 0.00718108
0.08000000, -0.04000000, -0.04000000, 0.00712854
0.08000000, -0.03000000, -0.05000000, 0.00704186
0.08000000, -0.02000000, -0.06000000, 0.00696600
0.08000000, -0.01000000, -0.07000000, 0.00693496
0.09000000, 0.00000000, -0.09000000, 0.00714207
0.07875000, 0.01125000, -0.09000000, 0.00743956
0.06750000, 0.02250000, -0.09000000, 0.00807531
0.05625000, 0.03375000, -0.09000000, 0.00901261
0.04500000, 0.04500000, -0.09000000, 0.01015732
0.03375000, 0.05625000, -0.09000000, 0.01144541
0.02250000, 0.06750000, -0.09000000, 0.01277161
0.01125000, 0.07875000, -0.09000000, 0.01399079
0.00000000, 0.09000000, -0.09000000, 0.01464481
-0.01125000, 0.09000000, -0.07875000, 0.03135847
-0.02250000, 0.09000000, -0.06750000, 0.04327958
-0.03375000, 0.09000000, -0.05625000, 0.05002290
-0.04500000, 0.09000000, -0.04500000, 0.05156821
-0.05625000, 0.09000000, -0.03375000, 0.04791807
-0.06750000, 0.09000000, -0.02250000, 0.03911218
-0.07875000, 0.09000000, -0.01125000, 0.02525665
-0.09000000, 0.09000000, 0.00000000, 0.00685980
-0.09000000, 0.07875000, 0.01125000, 0.00771006
-0.09000000, 0.06750000, 0.02250000, 0.00783958
-0.09000000, 0.05625000, 0.03375000, 0.00773265
-0.09000000, 0.04500000, 0.04500000, 0.00756131
-0.09000000, 0.03375000, 0.05625000, 0.00736789
-0.09000000, 0.02250000, 0.06750000, 0.00720434
-0.09000000, 0.01125000, 0.07875000, 0.00710853
-0.09000000, 0.00000000, 0.09000000, 0.00714207
-0.07875000, -0.01125000, 0.09000000, 0.00743956
-0.06750000, -0.02250000, 0.09000000, 0.00807531
-0.05625000, -0.03375000, 0.09000000, 0.00901261
-0.04500000, -0.04500000, 0.09000000, 0.01015732
-0.03375000, -0.05625000, 0.09000000, 0.01144541
-0.02250000, -0.06750000, 0.09000000, 0.01277161
-0.01125000, -0.07875000, 0.09000000, 0.01399079
0.00000000, -0.09000000, 0.09000000, 0.01464481
0.01125000, -0.09000000, 0.07875000, 0.03135847
0.02250000, -0.09000000, 0.06750000, 0.04327958
0.03375000, -0.09000000, 0.05625000, 0.05002290
0.04500000, -0.09000000, 0.04500000, 0.05156821
0.05625000, -0.09000000, 0.03375000, 0.04791807
0.06750000, -0.09000000, 0.02250000, 0.03911218
0.07875000, -0.09000000, 0.01125000, 0.02525665
0.09000000, -0.09000000, 0.00000000, 0.00685980
0.09000000, -0.07875000, -0.01125000, 0.00771006
0.09000000, -0.06750000, -0.02250000, 0.00783958
0.09000000, -0.05625000, -0.03375000, 0.00773265
0.09000000, -0.04500000, -0.04500000, 0.00756131
0.09000000, -0.03375000, -0.05625000, 0.00736789
0.09000000, -0.02250000, -0.06750000, 0.00720434
0.09000000, -0.01125000, -0.07875000, 0.00710853
0.10000000, 0.00000000, -0.10000000, 0.00727551
0.08750000, 0.01250000, -0.10000000, 0.00756485
0.07500000, 0.02500000, -0.10000000, 0.00824118
0.06250000, 0.03750000, -0.10000000, 0.00923642
0.05000000, 0.05000000, -0.10000000, 0.01044844
0.03750000, 0.06250000, -0.10000000, 0.01180579
0.02500000, 0.07500000, -0.10000000, 0.01320747
0.01250000, 0.08750000, -0.10000000, 0.01450705
0.00000000, 0.10000000, -0.10000000, 0.01522016
-0.01250000, 0.10000000, -0.08750000, 0.03047994
-0.02500000, 0.10000000, -0.07500000, 0.04139214
-0.03750000, 0.10000000, -0.06250000, 0.04754451
-0.05000000, 0.10000000, -0.05000000, 0.04891606
-0.06250000, 0.10000000, -0.03750000, 0.04551145
-0.07500000, 0.10000000, -0.02500000, 0.03737309
-0.08750000, 0.10000000, -0.01250000, 0.02461576
-0.10000000, 0.10000000, 0.00000000, 0.00780258
-0.10000000, 0.08750000, 0.01250000, 0.00854567
-0.10000000, 0.07500000, 0.02500000, 0.00852234
-0.10000000, 0.06250000, 0.03750000, 0.00827537
-0.10000000, 0.05000000, 0.05000000, 0.00797886
-0.10000000, 0.03750000, 0.06250000, 0.00767712
-0.10000000, 0.02500000, 0.07500000, 0.00743187
-0.10000000, 0.01250000, 0.08750000, 0.00727791
-0.10000000, 0.00000000, 0.10000000, 0.00727551
-0.08750000, -0.01250000, 0.10000000, 0.00756485
-0.07500000, -0.02500000, 0.10000000, 0.00824118
-0.06250000, -0.03750000, 0.10000000, 0.00923642
-0.05000000, -0.05000000, 0.10000000, 0.01044844
-0.03750000, -0.06250000, 0.10000000, 0.01180579
-0.02500000, -0.07500000, 0.10000000, 0.01320747
-0.01250000, -0.08750000, 0.10000000, 0.01450705
0.00000000, -0.10000000, 0.10000000, 0.01522016
0.01250000, -0.10000000, 0.08750000, 0.03047994
0.02500000, -0.10000000, 0.07500000, 0.04139214
0.03750000, -0.10000000, 0.06250000, 0.04754451
0.05000000, -0.10000000, 0.05000000, 0.04891606
0.06250000, -0.10000000, 0.03750000, 0.04551145
0.07500000, -0.10000000, 0.02500000, 0.03737309
0.08750000, -0.10000000, 0.01250000, 0.02461576
0.10000000, -0.10000000, 0.00000000, 0.00780258
0.10000000, -0.08750000, -0.01250000, 0.00854567
0.10000000, -0.07500000, -0.02500000, 0.00852234
0.10000000, -0.06250000, -0.03750000, 0.00827537
0.10000000, -0.05000000, -0.05000000, 0.00797886
0.10000000, -0.03750000, -0.06250000, 0.00767712
0.10000000, -0.02500000, -0.07500000, 0.00743187
0.10000000, -0.01250000, -0.08750000, 0.00727791
0.15000000, 0.00000000, -0.15000000, 0.00809852
0.13125000, 0.01875000, -0.15000000, 0.00843703
0.11250000, 0.03750000, -0.15000000, 0.00932505
0.09375000, 0.05625000, -0.15000000, 0.01061847
0.07500000, 0.07500000, -0.15000000, 0.01220343
0.05625000, 0.09375000, -0.15000000, 0.01396060
0.03750000, 0.11250000, -0.15000000, 0.01575239
0.01875000, 0.13125000, -0.15000000, 0.01734877
0.00000000, 0.15000000, -0.15000000, 0.01798604
-0.01875000, 0.15000000, -0.13125000, 0.02897298
-0.03750000, 0.15000000, -0.11250000, 0.03701976
-0.05625000, 0.15000000, -0.09375000, 0.04156619
-0.07500000, 0.15000000, -0.07500000, 0.04257221
-0.09375000, 0.15000000, -0.05625000, 0.04005482
-0.11250000, 0.15000000, -0.03750000, 0.03407928
-0.13125000, 0.15000000, -0.01875000, 0.02480538
-0.15000000, 0.15000000, 0.00000000, 0.01302842
-0.15000000, 0.13125000, 0.01875000, 0.01291182
-0.15000000, 0.11250000, 0.03750000, 0.01196348
-0.15000000, 0.09375000, 0.05625000, 0.01091079
-0.15000000, 0.07500000, 0.07500000, 0.00993701
-0.15000000, 0.05625000, 0.09375000, 0.00910161
-0.15000000, 0.03750000, 0.11250000, 0.00846890
-0.15000000, 0.01875000, 0.13125000, 0.00809802
-0.15000000, 0.00000000, 0.15000000, 0.00809852
-0.13125000, -0.01875000, 0.15000000, 0.00843703
-0.11250000, -0.03750000, 0.15000000, 0.00932505
-0.09375000, -0.05625000, 0.15000000, 0.01061847
-0.07500000, -0.07500000, 0.15000000, 0.01220343
-0.05625000, -0.09375000, 0.15000000, 0.01396060
-0.03750000, -0.11250000, 0.15000000, 0.01575239
-0.01875000, -0.13125000, 0.15000000, 0.01734877
0.00000000, -0.15000000, 0.15000000, 0.01798604
0.01875000, -0.15000000, 0.13125000, 0.02897298
0.03750000, -0.15000000, 0.11250000, 0.03701976
0.05625000, -0.15000000, 0.09375000, 0.04156619
0.07500000, -0.15000000, 0.07500000, 0.04257221
0.09375000, -0.15000000, 0.05625000, 0.04005482
0.11250000, -0.15000000, 0.03750000, 0.03407928
0.13125000, -0.15000000, 0.01875000, 0.02480538
0.15000000, -0.15000000, 0.00000000, 0.01302842
0.15000000, -0.13125000, -0.01875000, 0.01291182
0.15000000, -0.11250000, -0.03750000, 0.01196348
0.15000000, -0.09375000, -0.05625000, 0.01091079
0.15000000, -0.07500000, -0.07500000, 0.00993701
0.15000000, -0.05625000, -0.09375000, 0.00910161
0.15000000, -0.03750000, -0.11250000, 0.00846890
0.15000000, -0.01875000, -0.13125000, 0.00809802
0.20000000, 0.00000000, -0.20000000, 0.00932866
0.17500000, 0.02500000, -0.20000000, 0.00986314
0.15000000, 0.05000000, -0.20000000, 0.01107481
0.12500000, 0.07500000, -0.20000000, 0.01273673
0.10000000, 0.10000000, -0.20000000, 0.01469668
0.07500000, 0.12500000, -0.20000000, 0.01680789
0.05000000, 0.15000000, -0.20000000, 0.01889171
0.02500000, 0.17500000, -0.20000000, 0.02064102
0.00000000, 0.20000000, -0.20000000, 0.02090706
-0.02500000, 0.20000000, -0.17500000, 0.02964852
-0.05000000, 0.20000000, -0.15000000, 0.03638321
-0.07500000, 0.20000000, -0.12500000, 0.04028374
-0.10000000, 0.20000000, -0.10000000, 0.04126551
-0.12500000, 0.20000000, -0.07500000, 0.03934502
-0.15000000, 0.20000000, -0.05000000, 0.03461787
-0.17500000, 0.20000000, -0.02500000, 0.02731035
-0.20000000, 0.20000000, 0.00000000, 0.01845190
-0.20000000, 0.17500000, 0.02500000, 0.01723841
-0.20000000, 0.15000000, 0.05000000, 0.01525723
-0.20000000, 0.12500000, 0.07500000, 0.01337533
-0.20000000, 0.10000000, 0.10000000, 0.01175388
-0.20000000, 0.07500000, 0.12500000, 0.01046065
-0.20000000, 0.05000000, 0.15000000, 0.00956939
-0.20000000, 0.02500000, 0.17500000, 0.00914492
-0.20000000, 0.00000000, 0.20000000, 0.00932866
-0.17500000, -0.02500000, 0.20000000, 0.00986314
-0.15000000, -0.05000000, 0.20000000, 0.01107481
-0.12500000, -0.07500000, 0.20000000, 0.01273673
-0.10000000, -0.10000000, 0.20000000, 0.01469668
-0.07500000, -0.12500000, 0.20000000, 0.01680789
-0.05000000, -0.15000000, 0.20000000, 0.01889171
-0.02500000, -0.17500000, 0.20000000, 0.02064102
0.00000000, -0.20000000, 0.20000000, 0.02090706
0.02500000, -0.20000000, 0.17500000, 0.02964852
0.05000000, -0.20000000, 0.15000000, 0.03638321
0.07500000, -0.20000000, 0.12500000, 0.04028374
0.10000000, -0.20000000, 0.10000000, 0.04126551
0.12500000, -0.20000000, 0.07500000, 0.03934502
0.15000000, -0.20000000, 0.05000000, 0.03461787
0.17500000, -0.20000000, 0.02500000, 0.02731035
0.20000000, -0.20000000, 0.00000000, 0.01845190
0.20000000, -0.17500000, -0.02500000, 0.01723841
0.20000000, -0.15000000, -0.05000000, 0.01525723
0.20000000, -0.12500000, -0.07500000, 0.01337533
0.20000000, -0.10000000, -0.10000000, 0.01175388
0.20000000, -0.07500000, -0.12500000, 0.01046065
0.20000000, -0.05000000, -0.15000000, 0.00956939
0.20000000, -0.02500000, -0.17500000, 0.00914492
0.25000000, 0.00000000, -0.25000000, 0.01039322
0.21875000, 0.03125000, -0.25000000, 0.01138102
0.18750000, 0.06250000, -0.25000000, 0.01304923
0.15625000, 0.09375000, -0.25000000, 0.01516059
0.12500000, 0.12500000, -0.25000000, 0.01756435
0.09375000, 0.15625000, -0.25000000, 0.02008032
0.06250000, 0.18750000, -0.25000000, 0.02249075
0.03125000, 0.21875000, -0.25000000, 0.02434953
0.00000000, 0.25000000, -0.25000000, 0.02396373
-0.03125000, 0.25000000, -0.21875000, 0.03106461
-0.06250000, 0.25000000, -0.18750000, 0.03704925
-0.09375000, 0.25000000, -0.15625000, 0.04062469
-0.12500000, 0.25000000, -0.12500000, 0.04161908
-0.15625000, 0.25000000, -0.09375000, 0.04004906
-0.18750000, 0.25000000, -0.06250000, 0.03605193
-0.21875000, 0.25000000, -0.03125000, 0.02994249
-0.25000000, 0.25000000, 0.00000000, 0.02302837
-0.25000000, 0.21875000, 0.03125000, 0.02088067
-0.25000000, 0.18750000, 0.06250000, 0.01803771
-0.25000000, 0.15625000, 0.09375000, 0.01543834
-0.25000000, 0.12500000, 0.12500000, 0.01327087
-0.25000000, 0.09375000, 0.15625000, 0.01160792
-0.25000000, 0.06250000, 0.18750000, 0.01051833
-0.25000000, 0.03125000, 0.21875000, 0.01006511
-0.25000000, 0.00000000, 0.25000000, 0.01039322
-0.21875000, -0.03125000, 0.25000000, 0.01138102
-0.18750000, -0.06250000, 0.25000000, 0.01304923
-0.15625000, -0.09375000, 0.25000000, 0.01516059
-0.12500000, -0.12500000, 0.25000000, 0.01756435
-0.09375000, -0.15625000, 0.25000000, 0.02008032
-0.06250000, -0.18750000, 0.25000000, 0.02249075
-0.03125000, -0.21875000, 0.25000000, 0.02434953
0.00000000, -0.25000000, 0.25000000, 0.02396373
0.03125000, -0.25000000, 0.21875000, 0.03106461
0.06250000, -0.25000000, 0.18750000, 0.03704925
0.09375000, -0.25000000, 0.15625000, 0.04062469
0.12500000, -0.25000000, 0.12500000, 0.04161908
0.15625000, -0.25000000, 0.09375000, 0.04004906
0.18750000, -0.25000000, 0.06250000, 0.03605193
0.21875000, -0.25000000, 0.03125000, 0.02994249
0.25000000, -0.25000000, 0.00000000, 0.02302837
0.25000000, -0.21875000, -0.03125000, 0.02088067
0.25000000, -0.18750000, -0.06250000, 0.01803771
0.25000000, -0.15625000, -0.09375000, 0.01543834
0.25000000, -0.12500000, -0.12500000, 0.01327087
0.25000000, -0.09375000, -0.15625000, 0.01160792
0.25000000, -0.06250000, -0.18750000, 0.01051833
0.25000000, -0.03125000, -0.21875000, 0.01006511
0.30000000, 0.00000000, -0.30000000, 0.01052824
0.26250000, 0.03750000, -0.30000000, 0.01218449
0.22500000, 0.07500000, -0.30000000, 0.01443020
0.18750000, 0.11250000, -0.30000000, 0.01704763
0.15000000, 0.15000000, -0.30000000, 0.01989026
0.11250000, 0.18750000, -0.30000000, 0.02278248
0.07500000, 0.22500000, -0.30000000, 0.02548690
0.03750000, 0.26250000, -0.30000000, 0.02745983
0.00000000, 0.30000000, -0.30000000, 0.02646941
-0.03750000, 0.30000000, -0.26250000, 0.03235704
-0.07500000, 0.30000000, -0.22500000, 0.03794660
-0.11250000, 0.30000000, -0.18750000, 0.04135079
-0.15000000, 0.30000000, -0.15000000, 0.04229554
-0.18750000, 0.30000000, -0.11250000, 0.04079927
-0.22500000, 0.30000000, -0.07500000, 0.03703637
-0.26250000, 0.30000000, -0.03750000, 0.03144074
-0.30000000, 0.30000000, 0.00000000, 0.02571784
-0.30000000, 0.26250000, 0.03750000, 0.02315823
-0.30000000, 0.22500000, 0.07500000, 0.01977100
-0.30000000, 0.18750000, 0.11250000, 0.01667536
-0.30000000, 0.15000000, 0.15000000, 0.01411076
-0.30000000, 0.11250000, 0.18750000, 0.01215854
-0.30000000, 0.07500000, 0.22500000, 0.01087934
-0.30000000, 0.03750000, 0.26250000, 0.01030704
-0.30000000, 0.00000000, 0.30000000, 0.01052824
-0.26250000, -0.03750000, 0.30000000, 0.01218449
-0.22500000, -0.07500000, 0.30000000, 0.01443020
-0.18750000, -0.11250000, 0.30000000, 0.01704763
-0.15000000, -0.15000000, 0.30000000, 0.01989026
-0.11250000, -0.18750000, 0.30000000, 0.02278248
-0.07500000, -0.22500000, 0.30000000, 0.02548690
-0.03750000, -0.26250000, 0.30000000, 0.02745983
0.00000000, -0.30000000, 0.30000000, 0.02646941
0.03750000, -0.30000000, 0.26250000, 0.03235704
0.07500000, -0.30000000, 0.22500000, 0.03794660
0.11250000, -0.30000000, 0.18750000, 0.04135079
0.15000000, -0.30000000, 0.15000000, 0.04229554
0.18750000, -0.30000000, 0.11250000, 0.04079927
0.22500000, -0.30000000, 0.07500000, 0.03703637
0.26250000, -0.30000000, 0.03750000, 0.03144074
0.30000000, -0.30000000, 0.00000000, 0.02571784
0.30000000, -0.26250000, -0.03750000, 0.02315823
0.30000000, -0.22500000, -0.07500000, 0.01977100
0.30000000, -0.18750000, -0.11250000, 0.01667536
0.30000000, -0.15000000, -0.15000000, 0.01411076
0.30000000, -0.11250000, -0.18750000, 0.01215854
0.30000000, -0.07500000, -0.22500000, 0.01087934
0.30000000, -0.03750000, -0.26250000, 0.01030704
0.35000000, 0.00000000, -0.35000000, 0.00927125
0.30625000, 0.04375000, -0.35000000, 0.01163221
0.26250000, 0.08750000, -0.35000000, 0.01445761
0.21875000, 0.13125000, -0.35000000, 0.01753432
0.17500000, 0.17500000, -0.35000000, 0.02073373
0.13125000, 0.21875000, -0.35000000, 0.02389051
0.08750000, 0.26250000, -0.35000000, 0.02679761
0.04375000, 0.30625000, -0.35000000, 0.02885597
0.00000000, 0.35000000, -0.35000000, 0.02743956
-0.04375000, 0.35000000, -0.30625000, 0.03266980
-0.08750000, 0.35000000, -0.26250000, 0.03825830
-0.13125000, 0.35000000, -0.21875000, 0.04167045
-0.17500000, 0.35000000, -0.17500000, 0.04251648
-0.21875000, 0.35000000, -0.13125000, 0.04081843
-0.26250000, 0.35000000, -0.08750000, 0.03680286
-0.30625000, 0.35000000, -0.04375000, 0.03107613
-0.35000000, 0.35000000, 0.00000000, 0.02590193
-0.35000000, 0.30625000, 0.04375000, 0.02354272
-0.35000000, 0.26250000, 0.08750000, 0.02000962
-0.35000000, 0.21875000, 0.13125000, 0.01669088
-0.35000000, 0.17500000, 0.17500000, 0.01389988
-0.35000000, 0.13125000, 0.21875000, 0.01173465
-0.35000000, 0.08750000, 0.26250000, 0.01024907
-0.35000000, 0.04375000, 0.30625000, 0.00942853
-0.35000000, 0.00000000, 0.35000000, 0.00927125
-0.30625000, -0.04375000, 0.35000000, 0.01163221
-0.26250000, -0.08750000, 0.35000000, 0.01445761
-0.21875000, -0.13125000, 0.35000000, 0.01753432
-0.17500000, -0.17500000, 0.35000000, 0.02073373
-0.13125000, -0.21875000, 0.35000000, 0.02389051
-0.08750000, -0.26250000, 0.35000000, 0.02679761
-0.04375000, -0.30625000, 0.35000000, 0.02885597
0.00000000, -0.35000000, 0.35000000, 0.02743956
0.04375000, -0.35000000, 0.30625000, 0.03266980
0.08750000, -0.35000000, 0.26250000, 0.03825830
0.13125000, -0.35000000, 0.21875000, 0.04167045
0.17500000, -0.35000000, 0.17500000, 0.04251648
0.21875000, -0.35000000, 0.13125000, 0.04081843
0.26250000, -0.35000000, 0.08750000, 0.03680286
0.30625000, -0.35000000, 0.04375000, 0.03107613
0.35000000, -0.35000000, 0.00000000, 0.02590193
0.35000000, -0.30625000, -0.04375000, 0.02354272
0.35000000, -0.26250000, -0.08750000, 0.02000962
0.35000000, -0.21875000, -0.13125000, 0.01669088
0.35000000, -0.17500000, -0.17500000, 0.01389988
0.35000000, -0.13125000, -0.21875000, 0.01173465
0.35000000, -0.08750000, -0.26250000, 0.01024907
0.35000000, -0.04375000, -0.30625000, 0.00942853
0.40000000, 0.00000000, -0.40000000, 0.00690347
0.35000000, 0.05000000, -0.40000000, 0.00969130
0.30000000, 0.10000000, -0.40000000, 0.01286919
0.25000000, 0.15000000, -0.40000000, 0.01619042
0.20000000, 0.20000000, -0.40000000, 0.01954273
0.15000000, 0.25000000, -0.40000000, 0.02277097
0.10000000, 0.30000000, -0.40000000, 0.02571099
0.05000000, 0.35000000, -0.40000000, 0.02775351
0.00000000, 0.40000000, -0.40000000, 0.02609403
-0.05000000, 0.40000000, -0.35000000, 0.03131445
-0.10000000, 0.40000000, -0.30000000, 0.03733497
-0.15000000, 0.40000000, -0.25000000, 0.04100353
-0.20000000, 0.40000000, -0.20000000, 0.04177195
-0.25000000, 0.40000000, -0.15000000, 0.03965832
-0.30000000, 0.40000000, -0.10000000, 0.03498903
-0.35000000, 0.40000000, -0.05000000, 0.02862480
-0.40000000, 0.40000000, 0.00000000, 0.02350476
-0.40000000, 0.35000000, 0.05000000, 0.02182572
-0.40000000, 0.30000000, 0.10000000, 0.01854547
-0.40000000, 0.25000000, 0.15000000, 0.01529492
-0.40000000, 0.20000000, 0.20000000, 0.01247798
-0.40000000, 0.15000000, 0.25000000, 0.01021720
-0.40000000, 0.10000000, 0.30000000, 0.00856772
-0.40000000, 0.05000000, 0.35000000, 0.00748222
-0.40000000, 0.00000000, 0.40000000, 0.00690347
-0.35000000, -0.05000000, 0.40000000, 0.00969130
-0.30000000, -0.10000000, 0.40000000, 0.01286919
-0.25000000, -0.15000000, 0.40000000, 0.01619042
-0.20000000, -0.20000000, 0.40000000, 0.01954273
-0.15000000, -0.25000000, 0.40000000, 0.02277097
-0.10000000, -0.30000000, 0.40000000, 0.02571099
-0.05000000, -0.35000000, 0.40000000, 0.02775351
0.00000000, -0.40000000, 0.40000000, 0.02609403
0.05000000, -0.40000000, 0.35000000, 0.03131445
0.10000000, -0.40000000, 0.30000000, 0.03733497
0.15000000, -0.40000000, 0.25000000, 0.04100353
0.20000000, -0.40000000, 0.20000000, 0.04177195
0.25000000, -0.40000000, 0.15000000, 0.03965832
0.30000000, -0.40000000, 0.10000000, 0.03498903
0.35000000, -0.40000000, 0.05000000, 0.02862480
0.40000000, -0.40000000, 0.00000000, 0.02350476
0.40000000, -0.35000000, -0.05000000, 0.02182572
0.40000000, -0.30000000, -0.10000000, 0.01854547
0.40000000, -0.25000000, -0.15000000, 0.01529492
0.40000000, -0.20000000, -0.20000000, 0.01247798
0.40000000, -0.15000000, -0.25000000, 0.01021720
0.40000000, -0.10000000, -0.30000000, 0.00856772
0.40000000, -0.05000000, -0.35000000, 0.00748222
0.45000000, 0.00000000, -0.45000000, 0.00426339
0.39375000, 0.05625000, -0.45000000, 0.00696825
0.33750000, 0.11250000, -0.45000000, 0.01007522
0.28125000, 0.16875000, -0.45000000, 0.01327650
0.22500000, 0.22500000, -0.45000000, 0.01644707
0.16875000, 0.28125000, -0.45000000, 0.01944938
0.11250000, 0.33750000, -0.45000000, 0.02215894
0.05625000, 0.39375000, -0.45000000, 0.02402425
0.00000000, 0.45000000, -0.45000000, 0.02233891
-0.05625000, 0.45000000, -0.39375000, 0.02800710
-0.11250000, 0.45000000, -0.33750000, 0.03480034
-0.16875000, 0.45000000, -0.28125000, 0.03899344
-0.22500000, 0.45000000, -0.22500000, 0.03977897
-0.28125000, 0.45000000, -0.16875000, 0.03714238
-0.33750000, 0.45000000, -0.11250000, 0.03158285
-0.39375000, 0.45000000, -0.05625000, 0.02433912
-0.45000000, 0.45000000, 0.00000000, 0.01906295
-0.45000000, 0.39375000, 0.05625000, 0.01827386
-0.45000000, 0.33750000, 0.11250000, 0.01555927
-0.45000000, 0.28125000, 0.16875000, 0.01266318
-0.45000000, 0.22500000, 0.22500000, 0.01005434
-0.45000000, 0.16875000, 0.28125000, 0.00788952
-0.45000000, 0.11250000, 0.33750000, 0.00624114
-0.45000000, 0.05625000, 0.39375000, 0.00505443
-0.45000000, 0.00000000, 0.45000000, 0.00426339
-0.39375000, -0.05625000, 0.45000000, 0.00696825
-0.33750000, -0.11250000, 0.45000000, 0.01007522
-0.28125000, -0.16875000, 0.45000000, 0.01327650
-0.22500000, -0.22500000, 0.45000000, 0.01644707
-0.16875000, -0.28125000, 0.45000000, 0.01944938
-0.11250000, -0.33750000, 0.45000000, 0.02215894
-0.05625000, -0.39375000, 0.45000000, 0.02402425
0.00000000, -0.45000000, 0.45000000, 0.02233891
0.05625000, -0.45000000, 0.39375000, 0.02800710
0.11250000, -0.45000000, 0.33750000, 0.03480034
0.16875000, -0.45000000, 0.28125000, 0.03899344
0.22500000, -0.45000000, 0.22500000, 0.03977897
0.28125000, -0.45000000, 0.16875000, 0.03714238
0.33750000, -0.45000000, 0.11250000, 0.03158285
0.39375000, -0.45000000, 0.05625000, 0.02433912
0.45000000, -0.45000000, 0.00000000, 0.01906295
0.45000000, -0.39375000, -0.05625000, 0.01827386
0.45000000, -0.33750000, -0.11250000, 0.01555927
0.45000000, -0.28125000, -0.16875000, 0.01266318
0.45000000, -0.22500000, -0.22500000, 0.01005434
0.45000000, -0.16875000, -0.28125000, 0.00788952
0.45000000, -0.11250000, -0.33750000, 0.00624114
0.45000000, -0.05625000, -0.39375000, 0.00505443
0.50000000, 0.00000000, -0.50000000, 0.00213172
0.43750000, 0.06250000, -0.50000000, 0.00428541
0.37500000, 0.12500000, -0.50000000, 0.00688211
0.31250000, 0.18750000, -0.50000000, 0.00957659
0.25000000, 0.25000000, -0.50000000, 0.01221659
0.18750000, 0.31250000, -0.50000000, 0.01468772
0.12500000, 0.37500000, -0.50000000, 0.01690816
0.06250000, 0.43750000, -0.50000000, 0.01843809
0.00000000, 0.50000000, -0.50000000, 0.01693090
-0.06250000, 0.50000000, -0.43750000, 0.02302006
-0.12500000, 0.50000000, -0.37500000, 0.03064720
-0.18750000, 0.50000000, -0.31250000, 0.03554438
-0.25000000, 0.50000000, -0.25000000, 0.03647143
-0.31250000, 0.50000000, -0.18750000, 0.03332511
-0.37500000, 0.50000000, -0.12500000, 0.02687032
-0.43750000, 0.50000000, -0.06250000, 0.01888309
-0.50000000, 0.50000000, 0.00000000, 0.01363195
-0.50000000, 0.43750000, 0.06250000, 0.01364209
-0.50000000, 0.37500000, 0.12500000, 0.01166271
-0.50000000, 0.31250000, 0.18750000, 0.00934461
-0.50000000, 0.25000000, 0.25000000, 0.00716369
-0.50000000, 0.18750000, 0.31250000, 0.00531321
-0.50000000, 0.12500000, 0.37500000, 0.00389061
-0.50000000, 0.06250000, 0.43750000, 0.00284865
-0.50000000, 0.00000000, 0.50000000, 0.00213172
-0.43750000, -0.06250000, 0.50000000, 0.00428541
-0.37500000, -0.12500000, 0.50000000, 0.00688211
-0.31250000, -0.18750000, 0.50000000, 0.00957659
-0.25000000, -0.25000000, 0.50000000, 0.01221659
-0.18750000, -0.31250000, 0.50000000, 0.01468772
-0.12500000, -0.37500000, 0.50000000, 0.01690816
-0.06250000, -0.43750000, 0.50000000, 0.01843809
0.00000000, -0.50000000, 0.50000000, 0.01693090
0.06250000, -0.50000000, 0.43750000, 0.02302006
0.12500000, -0.50000000, 0.37500000, 0.03064720
0.18750000, -0.50000000, 0.31250000, 0.03554438
0.25000000, -0.50000000, 0.25000000, 0.03647143
0.31250000, -0.50000000, 0.18750000, 0.03332511
0.37500000, -0.50000000, 0.12500000, 0.02687032
0.43750000, -0.50000000, 0.06250000, 0.01888309
0.50000000, -0.50000000, 0.00000000, 0.01363195
0.50000000, -0.43750000, -0.06250000, 0.01364209
0.50000000, -0.37500000, -0.12500000, 0.01166271
0.50000000, -0.31250000, -0.18750000, 0.00934461
0.50000000, -0.25000000, -0.25000000, 0.00716369
0.50000000, -0.18750000, -0.31250000, 0.00531321
0.50000000, -0.12500000, -0.37500000, 0.00389061
0.50000000, -0.06250000, -0.43750000, 0.00284865
0.55000000, 0.00000000, -0.55000000, 0.00082964
0.48125000, 0.06875000, -0.55000000, 0.00222747
0.41250000, 0.13750000, -0.55000000, 0.00405519
0.34375000, 0.20625000, -0.55000000, 0.00599564
0.27500000, 0.27500000, -0.55000000, 0.00789097
0.20625000, 0.34375000, -0.55000000, 0.00965269
0.13750000, 0.41250000, -0.55000000, 0.01124476
0.06875000, 0.48125000, -0.55000000, 0.01235260
0.00000000, 0.55000000, -0.55000000, 0.01114906
-0.06875000, 0.55000000, -0.48125000, 0.01712333
-0.13750000, 0.55000000, -0.41250000, 0.02525261
-0.20625000, 0.55000000, -0.34375000, 0.03083398
-0.27500000, 0.55000000, -0.27500000, 0.03199441
-0.34375000, 0.55000000, -0.20625000, 0.02846367
-0.41250000, 0.55000000, -0.13750000, 0.02136920
-0.48125000, 0.55000000, -0.06875000, 0.01315835
-0.55000000, 0.55000000, 0.00000000, 0.00842098
-0.55000000, 0.48125000, 0.06875000, 0.00893215
-0.55000000, 0.41250000, 0.13750000, 0.00769378
-0.55000000, 0.34375000, 0.20625000, 0.00605258
-0.55000000, 0.27500000, 0.27500000, 0.00443312
-0.55000000, 0.20625000, 0.34375000, 0.00305021
-0.55000000, 0.13750000, 0.41250000, 0.00201595
-0.55000000, 0.06875000, 0.48125000, 0.00129302
-0.55000000, 0.00000000, 0.55000000, 0.00082964
-0.48125000, -0.06875000, 0.55000000, 0.00222747
-0.41250000, -0.13750000, 0.55000000, 0.00405519
-0.34375000, -0.20625000, 0.55000000, 0.00599564
-0.27500000, -0.27500000, 0.55000000, 0.00789097
-0.20625000, -0.34375000, 0.55000000, 0.00965269
-0.13750000, -0.41250000, 0.55000000, 0.01124476
-0.06875000, -0.48125000, 0.55000000, 0.01235260
0.00000000, -0.55000000, 0.55000000, 0.01114906
0.06875000, -0.55000000, 0.48125000, 0.01712333
0.13750000, -0.55000000, 0.41250000, 0.02525261
0.20625000, -0.55000000, 0.34375000, 0.03083398
0.27500000, -0.55000000, 0.27500000, 0.03199441
0.34375000, -0.55000000, 0.20625000, 0.02846367
0.41250000, -0.55000000, 0.13750000, 0.02136920
0.48125000, -0.55000000, 0.06875000, 0.01315835
0.55000000, -0.55000000, 0.00000000, 0.00842098
0.55000000, -0.48125000, -0.06875000, 0.00893215
0.55000000, -0.41250000, -0.13750000, 0.00769378
0.55000000, -0.34375000, -0.20625000, 0.00605258
0.55000000, -0.27500000, -0.27500000, 0.00443312
0.55000000, -0.20625000, -0.34375000, 0.00305021
0.55000000, -0.13750000, -0.41250000, 0.00201595
0.55000000, -0.06875000, -0.48125000, 0.00129302
0.60000000, 0.00000000, -0.60000000, 0.00023781
0.52500000, 0.07500000, -0.60000000, 0.00096374
0.45000000, 0.15000000, -0.60000000, 0.00202520
0.37500000, 0.22500000, -0.60000000, 0.00319099
0.30000000, 0.30000000, -0.60000000, 0.00433213
0.22500000, 0.37500000, -0.60000000, 0.00539060
0.15000000, 0.45000000, -0.60000000, 0.00637116
0.07500000, 0.52500000, -0.60000000, 0.00706921
0.00000000, 0.60000000, -0.60000000, 0.00620889
-0.07500000, 0.60000000, -0.52500000, 0.01131140
-0.15000000, 0.60000000, -0.45000000, 0.01927722
-0.22500000, 0.60000000, -0.37500000, 0.02527447
-0.30000000, 0.60000000, -0.30000000, 0.02668021
-0.37500000, 0.60000000, -0.22500000, 0.02297899
-0.45000000, 0.60000000, -0.15000000, 0.01572341
-0.52500000, 0.60000000, -0.07500000, 0.00803973
-0.60000000, 0.60000000, 0.00000000, 0.00434676
-0.60000000, 0.52500000, 0.07500000, 0.00501395
-0.60000000, 0.45000000, 0.15000000, 0.00438277
-0.60000000, 0.37500000, 0.22500000, 0.00337509
-0.60000000, 0.30000000, 0.30000000, 0.00232357
-0.60000000, 0.22500000, 0.37500000, 0.00143622
-0.60000000, 0.15000000, 0.45000000, 0.00081884
-0.60000000, 0.07500000, 0.52500000, 0.00043856
-0.60000000, 0.00000000, 0.60000000, 0.00023781
-0.52500000, -0.07500000, 0.60000000, 0.00096374
-0.45000000, -0.15000000, 0.60000000, 0.00202520
-0.37500000, -0.22500000, 0.60000000, 0.00319099
-0.30000000, -0.30000000, 0.60000000, 0.00433213
-0.22500000, -0.37500000, 0.60000000, 0.00539060
-0.15000000, -0.45000000, 0.60000000, 0.00637116
-0.07500000, -0.52500000, 0.60000000, 0.00706921
0.00000000, -0.60000000, 0.60000000, 0.00620889
0.07500000, -0.60000000, 0.52500000, 0.01131140
0.15000000, -0.60000000, 0.45000000, 0.01927722
0.22500000, -0.60000000, 0.37500000, 0.02527447
0.30000000, -0.60000000, 0.30000000, 0.02668021
0.37500000, -0.60000000, 0.22500000, 0.02297899
0.45000000, -0.60000000, 0.15000000, 0.01572341
0.52500000, -0.60000000, 0.07500000, 0.00803973
0.60000000, -0.60000000, 0.00000000, 0.00434676
0.60000000, -0.52500000, -0.07500000, 0.00501395
0.60000000, -0.45000000, -0.15000000, 0.00438277
0.60000000, -0.37500000, -0.22500000, 0.00337509
0.60000000, -0.30000000, -0.30000000, 0.00232357
0.60000000, -0.22500000, -0.37500000, 0.00143622
0.60000000, -0.15000000, -0.45000000, 0.00081884
0.60000000, -0.07500000, -0.52500000, 0.00043856
0.65000000, 0.00000000, -0.65000000, 0.00005011
0.56875000, 0.08125000, -0.65000000, 0.00034403
0.48750000, 0.16250000, -0.65000000, 0.00083812
0.40625000, 0.24375000, -0.65000000, 0.00140028
0.32500000, 0.32500000, -0.65000000, 0.00194632
0.24375000, 0.40625000, -0.65000000, 0.00245295
0.16250000, 0.48750000, -0.65000000, 0.00295364
0.08125000, 0.56875000, -0.65000000, 0.00333119
0.00000000, 0.65000000, -0.65000000, 0.00279457
-0.08125000, 0.65000000, -0.56875000, 0.00645180
-0.16250000, 0.65000000, -0.48750000, 0.01347635
-0.24375000, 0.65000000, -0.40625000, 0.01941895
-0.32500000, 0.65000000, -0.32500000, 0.02098918
-0.40625000, 0.65000000, -0.24375000, 0.01738382
-0.48750000, 0.65000000, -0.16250000, 0.01056138
-0.56875000, 0.65000000, -0.08125000, 0.00412757
-0.65000000, 0.65000000, 0.00000000, 0.00176517
-0.65000000, 0.56875000, 0.08125000, 0.00233504
-0.65000000, 0.48750000, 0.16250000, 0.00210289
-0.65000000, 0.40625000, 0.24375000, 0.00158142
-0.65000000, 0.32500000, 0.32500000, 0.00099401
-0.65000000, 0.24375000, 0.40625000, 0.00051426
-0.65000000, 0.16250000, 0.48750000, 0.00022482
-0.65000000, 0.08125000, 0.56875000, 0.00009051
-0.65000000, 0.00000000, 0.65000000, 0.00005011
-0.56875000, -0.08125000, 0.65000000, 0.00034403
-0.48750000, -0.16250000, 0.65000000, 0.00083812
-0.40625000, -0.24375000, 0.65000000, 0.00140028
-0.32500000, -0.32500000, 0.65000000, 0.00194632
-0.24375000, -0.40625000, 0.65000000, 0.00245295
-0.16250000, -0.48750000, 0.65000000, 0.00295364
-0.08125000, -0.56875000, 0.65000000, 0.00333119
0.00000000, -0.65000000, 0.65000000, 0.00279457
0.08125000, -0.65000000, 0.56875000, 0.00645180
0.16250000, -0.65000000, 0.48750000, 0.01347635
0.24375000, -0.65000000, 0.40625000, 0.01941895
0.32500000, -0.65000000, 0.32500000, 0.02098918
0.40625000, -0.65000000, 0.24375000, 0.01738382
0.48750000, -0.65000000, 0.16250000, 0.01056138
0.56875000, -0.65000000, 0.08125000, 0.00412757
0.65000000, -0.65000000, 0.00000000, 0.00176517
0.65000000, -0.56875000, -0.08125000, 0.00233504
0.65000000, -0.48750000, -0.16250000, 0.00210289
0.65000000, -0.40625000, -0.24375000, 0.00158142
0.65000000, -0.32500000, -0.32500000, 0.00099401
0.65000000, -0.24375000, -0.40625000, 0.00051426
0.65000000, -0.16250000, -0.48750000, 0.00022482
0.65000000, -0.08125000, -0.56875000, 0.00009051
0.70000000, 0.00000000, -0.70000000, 0.00000960
0.61250000, 0.08750000, -0.70000000, 0.00010425
0.52500000, 0.17500000, -0.70000000, 0.00028400
0.43750000, 0.26250000, -0.70000000, 0.00048829
0.35000000, 0.35000000, -0.70000000, 0.00066932
0.26250000, 0.43750000, -0.70000000, 0.00083416
0.17500000, 0.52500000, -0.70000000, 0.00103032
0.08750000, 0.61250000, -0.70000000, 0.00120455
0.00000000, 0.70000000, -0.70000000, 0.00093149
-0.08750000, 0.70000000, -0.61250000, 0.00302309
-0.17500000, 0.70000000, -0.52500000, 0.00849509
-0.26250000, 0.70000000, -0.43750000, 0.01383824
-0.35000000, 0.70000000, -0.35000000, 0.01542203
-0.43750000, 0.70000000, -0.26250000, 0.01218439
-0.52500000, 0.70000000, -0.17500000, 0.00635598
-0.61250000, 0.70000000, -0.08750000, 0.00161984
-0.70000000, 0.70000000, 0.00000000, 0.00049334
-0.70000000, 0.61250000, 0.08750000, 0.00086133
-0.70000000, 0.52500000, 0.17500000, 0.00082608
-0.70000000, 0.43750000, 0.26250000, 0.00060851
-0.70000000, 0.35000000, 0.35000000, 0.00032971
-0.70000000, 0.26250000, 0.43750000, 0.00011459
-0.70000000, 0.17500000, 0.52500000, 0.00001779
-0.70000000, 0.08750000, 0.61250000, 0.00000053
-0.70000000, 0.00000000, 0.70000000, 0.00000960
-0.61250000, -0.08750000, 0.70000000, 0.00010425
-0.52500000, -0.17500000, 0.70000000, 0.00028400
-0.43750000, -0.26250000, 0.70000000, 0.00048829
-0.35000000, -0.35000000, 0.70000000, 0.00066932
-0.26250000, -0.43750000, 0.70000000, 0.00083416
-0.17500000, -0.52500000, 0.70000000, 0.00103032
-0.08750000, -0.61250000, 0.70000000, 0.00120455
0.00000000, -0.70000000, 0.70000000, 0.00093149
0.08750000, -0.70000000, 0.61250000, 0.00302309
0.17500000, -0.70000000, 0.52500000, 0.00849509
0.26250000, -0.70000000, 0.43750000, 0.01383824
0.35000000, -0.70000000, 0.35000000, 0.01542203
0.43750000, -0.70000000, 0.26250000, 0.01218439
0.52500000, -0.70000000, 0.17500000, 0.00635598
0.61250000, -0.70000000, 0.08750000, 0.00161984
0.70000000, -0.70000000, 0.00000000, 0.00049334
0.70000000, -0.61250000, -0.08750000, 0.00086133
0.70000000, -0.52500000, -0.17500000, 0.00082608
0.70000000, -0.43750000, -0.26250000, 0.00060851
0.70000000, -0.35000000, -0.35000000, 0.00032971
0.70000000, -0.26250000, -0.43750000, 0.00011459
0.70000000, -0.17500000, -0.52500000, 0.00001779
0.70000000, -0.08750000, -0.61250000, 0.00000053
0.75000000, 0.00000000, -0.75000000, -0.00000167
0.65625000, 0.09375000, -0.75000000, 0.00002873
0.56250000, 0.18750000, -0.75000000, 0.00008220
0.46875000, 0.28125000, -0.75000000, 0.00013268
0.37500000, 0.37500000, -0.75000000, 0.00015277
0.28125000, 0.46875000, -0.75000000, 0.00016424
0.18750000, 0.56250000, -0.75000000, 0.00021363
0.09375000, 0.65625000, -0.75000000, 0.00028428
0.00000000, 0.75000000, -0.75000000, 0.00018360
-0.09375000, 0.75000000, -0.65625000, 0.00104055
-0.18750000, 0.75000000, -0.56250000, 0.00472008
-0.28125000, 0.75000000, -0.46875000, 0.00900516
-0.37500000, 0.75000000, -0.37500000, 0.01042747
-0.46875000, 0.75000000, -0.28125000, 0.00778351
-0.56250000, 0.75000000, -0.18750000, 0.00333281
-0.65625000, 0.75000000, -0.09375000, 0.00034127
-0.75000000, 0.75000000, 0.00000000, 0.00005420
-0.75000000, 0.65625000, 0.09375000, 0.00023840
-0.75000000, 0.56250000, 0.18750000, 0.00026237
-0.75000000, 0.46875000, 0.28125000, 0.00019407
-0.75000000, 0.37500000, 0.37500000, 0.00008039
-0.75000000, 0.28125000, 0.46875000, -0.00000069
-0.75000000, 0.18750000, 0.56250000, -0.00001756
-0.75000000, 0.09375000, 0.65625000, -0.00000619
-0.75000000, 0.00000000, 0.75000000, -0.00000167
-0.65625000, -0.09375000, 0.75000000, 0.00002873
-0.56250000, -0.18750000, 0.75000000, 0.00008220
-0.46875000, -0.28125000, 0.75000000, 0.00013268
-0.37500000, -0.37500000, 0.75000000, 0.00015277
-0.28125000, -0.46875000, 0.75000000, 0.00016424
-0.18750000, -0.56250000, 0.75000000, 0.00021363
-0.09375000, -0.65625000, 0.75000000, 0.00028428
0.00000000, -0.75000000, 0.75000000, 0.00018360
0.09375000, -0.75000000, 0.65625000, 0.00104055
0.18750000, -0.75000000, 0.56250000, 0.00472008
0.28125000, -0.75000000, 0.46875000, 0.00900516
0.37500000, -0.75000000, 0.37500000, 0.01042747
0.46875000, -0.75000000, 0.28125000, 0.00778351
0.56250000, -0.75000000, 0.18750000, 0.00333281
0.65625000, -0.75000000, 0.09375000, 0.00034127
0.75000000, -0.75000000, 0.00000000, 0.00005420
0.75000000, -0.65625000, -0.09375000, 0.00023840
0.75000000, -0.56250000, -0.18750000, 0.00026237
0.75000000, -0.46875000, -0.28125000, 0.00019407
0.75000000, -0.37500000, -0.37500000, 0.00008039
0.75000000, -0.28125000, -0.46875000, -0.00000069
0.75000000, -0.18750000, -0.56250000, -0.00001756
0.75000000, -0.09375000, -0.65625000, -0.00000619
0.80000000, 0.00000000, -0.80000000, -0.00000361
0.70000000, 0.10000000, -0.80000000, 0.00000601
0.60000000, 0.20000000, -0.80000000, 0.00002052
0.50000000, 0.30000000, -0.80000000, 0.00002718
0.40000000, 0.40000000, -0.80000000, 0.00001060
0.30000000, 0.50000000, -0.80000000, -0.00001102
0.20000000, 0.60000000, -0.80000000, -0.00000437
0.10000000, 0.70000000, -0.80000000, 0.00002352
0.00000000, 0.80000000, -0.80000000, -0.00000213
-0.10000000, 0.80000000, -0.70000000, 0.00016742
-0.20000000, 0.80000000, -0.60000000, 0.00222905
-0.30000000, 0.80000000, -0.50000000, 0.00521643
-0.40000000, 0.80000000, -0.40000000, 0.00633028
-0.50000000, 0.80000000, -0.30000000, 0.00441409
-0.60000000, 0.80000000, -0.20000000, 0.00145533
-0.70000000, 0.80000000, -0.10000000, -0.00010513
-0.80000000, 0.80000000, 0.00000000, -0.00002450
-0.80000000, 0.70000000, 0.10000000, 0.00004754
-0.80000000, 0.60000000, 0.20000000, 0.00007051
-0.80000000, 0.50000000, 0.30000000, 0.00005566
-0.80000000, 0.40000000, 0.40000000, 0.00001288
-0.80000000, 0.30000000, 0.50000000, -0.00001539
-0.80000000, 0.20000000, 0.60000000, -0.00001276
-0.80000000, 0.10000000, 0.70000000, -0.00000339
-0.80000000, 0.00000000, 0.80000000, -0.00000361
-0.70000000, -0.10000000, 0.80000000, 0.00000601
-0.60000000, -0.20000000, 0.80000000, 0.00002052
-0.50000000, -0.30000000, 0.80000000, 0.00002718
-0.40000000, -0.40000000, 0.80000000, 0.00001060
-0.30000000, -0.50000000, 0.80000000, -0.00001102
-0.20000000, -0.60000000, 0.80000000, -0.00000437
-0.10000000, -0.70000000, 0.80000000, 0.00002352
0.00000000, -0.80000000, 0.80000000, -0.00000213
0.10000000, -0.80000000, 0.70000000, 0.00016742
0.20000000, -0.80000000, 0.60000000, 0.00222905
0.30000000, -0.80000000, 0.50000000, 0.00521643
0.40000000, -0.80000000, 0.40000000, 0.00633028
0.50000000, -0.80000000, 0.30000000, 0.00441409
0.60000000, -0.80000000, 0.20000000, 0.00145533
0.70000000, -0.80000000, 0.10000000, -0.00010513
0.80000000, -0.80000000, 0.00000000, -0.00002450
0.80000000, -0.70000000, -0.10000000, 0.00004754
0.80000000, -0.60000000, -0.20000000, 0.00007051
0.80000000, -0.50000000, -0.30000000, 0.00005566
0.80000000, -0.40000000, -0.40000000, 0.00001288
0.80000000, -0.30000000, -0.50000000, -0.00001539
0.80000000, -0.20000000, -0.60000000, -0.00001276
0.80000000, -0.10000000, -0.70000000, -0.00000339
0.85000000, 0.00000000, -0.85000000, 0.00000269
0.74375000, 0.10625000, -0.85000000, 0.00000021
0.63750000, 0.21250000, -0.85000000, 0.00000049
0.53125000, 0.31875000, -0.85000000, -0.00000126
0.42500000, 0.42500000, -0.85000000, -0.00001070
0.31875000, 0.53125000, -0.85000000, -0.00002052
0.21250000, 0.63750000, -0.85000000, -0.00001497
0.10625000, 0.74375000, -0.85000000, -0.00000384
0.00000000, 0.85000000, -0.85000000, -0.00001631
-0.10625000, 0.85000000, -0.74375000, -0.00006802
-0.21250000, 0.85000000, -0.63750000, 0.00083880
-0.31875000, 0.85000000, -0.53125000, 0.00256580
-0.42500000, 0.85000000, -0.42500000, 0.00329475
-0.53125000, 0.85000000, -0.31875000, 0.00211880
-0.63750000, 0.85000000, -0.21250000, 0.00048702
-0.74375000, 0.85000000, -0.10625000, -0.00014348
-0.85000000, 0.85000000, 0.00000000, -0.00001971
-0.85000000, 0.74375000, 0.10625000, 0.00000358
-0.85000000, 0.63750000, 0.21250000, 0.00001546
-0.85000000, 0.53125000, 0.31875000, 0.00001325
-0.85000000, 0.42500000, 0.42500000, -0.00000253
-0.85000000, 0.31875000, 0.53125000, -0.00001234
-0.85000000, 0.21250000, 0.63750000, -0.00000892
-0.85000000, 0.10625000, 0.74375000, -0.00000232
-0.85000000, 0.00000000, 0.85000000, 0.00000269
-0.74375000, -0.10625000, 0.85000000, 0.00000021
-0.63750000, -0.21250000, 0.85000000, 0.00000049
-0.53125000, -0.31875000, 0.85000000, -0.00000126
-0.42500000, -0.42500000, 0.85000000, -0.00001070
-0.31875000, -0.53125000, 0.85000000, -0.00002052
-0.21250000, -0.63750000, 0.85000000, -0.00001497
-0.10625000, -0.74375000, 0.85000000, -0.00000384
0.00000000, -0.85000000, 0.85000000, -0.00001631
0.10625000, -0.85000000, 0.74375000, -0.00006802
0.21250000, -0.85000000, 0.63750000, 0.00083880
0.31875000, -0.85000000, 0.53125000, 0.00256580
0.42500000, -0.85000000, 0.42500000, 0.00329475
0.53125000, -0.85000000, 0.31875000, 0.00211880
0.63750000, -0.85000000, 0.21250000, 0.00048702
0.74375000, -0.85000000, 0.10625000, -0.00014348
0.85000000, -0.85000000, 0.00000000, -0.00001971
0.85000000, -0.74375000, -0.10625000, 0.00000358
0.85000000, -0.63750000, -0.21250000, 0.00001546
0.85000000, -0.53125000, -0.31875000, 0.00001325
0.85000000, -0.42500000, -0.42500000, -0.00000253
0.85000000, -0.31875000, -0.53125000, -0.00001234
0.85000000, -0.21250000, -0.63750000, -0.00000892
0.85000000, -0.10625000, -0.74375000, -0.00000232
0.90000000, 0.00000000, -0.90000000, 0.00000265
0.78750000, 0.11250000, -0.90000000, 0.00000063
0.67500000, 0.22500000, -0.90000000, -0.00000100
0.56250000, 0.33750000, -0.90000000, -0.00000277
0.45000000, 0.45000000, -0.90000000, -0.00000592
0.33750000, 0.56250000, -0.90000000, -0.00000802
0.22500000, 0.67500000, -0.90000000, -0.00000462
0.11250000, 0.78750000, -0.90000000, -0.00000160
0.00000000, 0.90000000, -0.90000000, -0.00000842
-0.11250000, 0.90000000, -0.78750000, -0.00006055
-0.22500000, 0.90000000, -0.67500000, 0.00021955
-0.33750000, 0.90000000, -0.56250000, 0.00096522
-0.45000000, 0.90000000, -0.45000000, 0.00132539
-0.56250000, 0.90000000, -0.33750000, 0.00077554
-0.67500000, 0.90000000, -0.22500000, 0.00010293
-0.78750000, 0.90000000, -0.11250000, -0.00007289
-0.90000000, 0.90000000, 0.00000000, -0.00000832
-0.90000000, 0.78750000, 0.11250000, -0.00000231
-0.90000000, 0.67500000, 0.22500000, 0.00000192
-0.90000000, 0.56250000, 0.33750000, 0.00000222
-0.90000000, 0.45000000, 0.45000000, -0.00000203
-0.90000000, 0.33750000, 0.56250000, -0.00000453
-0.90000000, 0.22500000, 0.67500000, -0.00000294
-0.90000000, 0.11250000, 0.78750000, -0.00000027
-0.90000000, 0.00000000, 0.90000000, 0.00000265
-0.78750000, -0.11250000, 0.90000000, 0.00000063
-0.67500000, -0.22500000, 0.90000000, -0.00000100
-0.56250000, -0.33750000, 0.90000000, -0.00000277
-0.45000000, -0.45000000, 0.90000000, -0.00000592
-0.33750000, -0.56250000, 0.90000000, -0.00000802
-0.22500000, -0.67500000, 0.90000000, -0.00000462
-0.11250000, -0.78750000, 0.90000000, -0.00000160
0.00000000, -0.90000000, 0.90000000, -0.00000842
0.11250000, -0.90000000, 0.78750000, -0.00006055
0.22500000, -0.90000000, 0.67500000, 0.00021955
0.33750000, -0.90000000, 0.56250000, 0.00096522
0.45000000, -0.90000000, 0.45000000, 0.00132539
0.56250000, -0.90000000, 0.33750000, 0.00077554
0.67500000, -0.90000000, 0.22500000, 0.00010293
0.78750000, -0.90000000, 0.11250000, -0.00007289
0.90000000, -0.90000000, 0.00000000, -0.00000832
0.90000000, -0.78750000, -0.11250000, -0.00000231
0.90000000, -0.67500000, -0.22500000, 0.00000192
0.90000000, -0.56250000, -0.33750000, 0.00000222
0.90000000, -0.45000000, -0.45000000, -0.00000203
0.90000000, -0.33750000, -0.56250000, -0.00000453
0.90000000, -0.22500000, -0.67500000, -0.00000294
0.90000000, -0.11250000, -0.78750000, -0.00000027
0.95000000, 0.00000000, -0.95000000, -0.00000307
0.83125000, 0.11875000, -0.95000000, 0.00000005
0.71250000, 0.23750000, -0.95000000, 0.00000265
0.59375000, 0.35625000, -0.95000000, 0.00000385
0.47500000, 0.47500000, -0.95000000, 0.00000198
0.35625000, 0.59375000, -0.95000000, -0.00000072
0.23750000, 0.71250000, -0.95000000, -0.00000289
0.11875000, 0.83125000, -0.95000000, -0.00000275
0.00000000, 0.95000000, -0.95000000, 0.00000112
-0.11875000, 0.95000000, -0.83125000, -0.00001780
-0.23750000, 0.95000000, -0.71250000, 0.00002666
-0.35625000, 0.95000000, -0.59375000, 0.00019989
-0.47500000, 0.95000000, -0.47500000, 0.00029678
-0.59375000, 0.95000000, -0.35625000, 0.00015597
-0.71250000, 0.95000000, -0.23750000, 0.00000625
-0.83125000, 0.95000000, -0.11875000, -0.00001844
-0.95000000, 0.95000000, 0.00000000, 0.00000275
-0.95000000, 0.83125000, 0.11875000, 0.00000292
-0.95000000, 0.71250000, 0.23750000, 0.00000249
-0.95000000, 0.59375000, 0.35625000, 0.00000301
-0.95000000, 0.47500000, 0.47500000, 0.00000268
-0.95000000, 0.35625000, 0.59375000, 0.00000217
-0.95000000, 0.23750000, 0.71250000, 0.00000195
-0.95000000, 0.11875000, 0.83125000, 0.00000025
-0.95000000, 0.00000000, 0.95000000, -0.00000307
-0.83125000, -0.11875000, 0.95000000, 0.00000005
-0.71250000, -0.23750000, 0.95000000, 0.00000265
-0.59375000, -0.35625000, 0.95000000, 0.00000385
-0.47500000, -0.47500000, 0.95000000, 0.00000198
-0.35625000, -0.59375000, 0.95000000, -0.00000072
-0.23750000, -0.71250000, 0.95000000, -0.00000289
-0.11875000, -0.83125000, 0.95000000, -0.00000275
0.00000000, -0.95000000, 0.95000000, 0.00000112
0.11875000, -0.95000000, 0.83125000, -0.00001780
0.23750000, -0.95000000, 0.71250000, 0.00002666
0.35625000, -0.95000000, 0.59375000, 0.00019989
0.47500000, -0.95000000, 0.47500000, 0.00029678
0.59375000, -0.95000000, 0.35625000, 0.00015597
0.71250000, -0.95000000, 0.23750000, 0.00000625
0.83125000, -0.95000000, 0.11875000, -0.00001844
0.95000000, -0.95000000, 0.00000000, 0.00000275
0.95000000, -0.83125000, -0.11875000, 0.00000292
0.95000000, -0.71250000, -0.23750000, 0.00000249
0.95000000, -0.59375000, -0.35625000, 0.00000301
0.95000000, -0.47500000, -0.47500000, 0.00000268
0.95000000, -0.35625000, -0.59375000, 0.00000217
0.95000000, -0.23750000, -0.71250000, 0.00000195
0.95000000, -0.11875000, -0.83125000, 0.00000025
1.00000000, 0.00000000, -1.00000000, 0.00000000
0.87500000, 0.12500000, -1.00000000, 0.00000000
0.75000000, 0.25000000, -1.00000000, 0.00000000
0.62500000, 0.37500000, -1.00000000, 0.00000000
0.50000000, 0.50000000, -1.00000000, 0.00000000
0.37500000, 0.62500000, -1.00000000, 0.00000000
0.25000000, 0.75000000, -1.00000000, 0.00000000
0.12500000, 0.87500000, -1.00000000, 0.00000000
0.00000000, 1.00000000, -1.00000000, 0.00000000
-0.12500000, 1.00000000, -0.87500000, 0.00000000
-0.25000000, 1.00000000, -0.75000000, 0.00000000
-0.37500000, 1.00000000, -0.62500000, 0.00000000
-0.50000000, 1.00000000, -0.50000000, 0.00000000
-0.62500000, 1.00000000, -0.37500000, 0.00000000
-0.75000000, 1.00000000, -0.25000000, 0.00000000
-0.87500000, 1.00000000, -0.12500000, 0.00000000
-1.00000000, 1.00000000, 0.00000000, 0.00000000
-1.00000000, 0.87500000, 0.12500000, 0.00000000
-1.00000000, 0.75000000, 0.25000000, 0.00000000
-1.00000000, 0.62500000, 0.37500000, 0.00000000
-1.00000000, 0.50000000, 0.50000000, 0.00000000
-1.00000000, 0.37500000, 0.62500000, 0.00000000
-1.00000000, 0.25000000, 0.75000000, 0.00000000
-1.00000000, 0.12500000, 0.87500000, 0.00000000
-1.00000000, 0.00000000, 1.00000000, 0.00000000
-0.87500000, -0.12500000, 1.00000000, 0.00000000
-0.75000000, -0.25000000, 1.00000000, 0.00000000
-0.62500000, -0.37500000, 1.00000000, 0.00000000
-0.50000000, -0.50000000, 1.00000000, 0.00000000
-0.37500000, -0.62500000, 1.00000000, 0.00000000
-0.25000000, -0.75000000, 1.00000000, 0.00000000
-0.12500000, -0.87500000, 1.00000000, 0.00000000
0.00000000, -1.00000000, 1.00000000, 0.00000000
0.12500000, -1.00000000, 0.87500000, 0.00000000
0.25000000, -1.00000000, 0.75000000, 0.00000000
0.37500000, -1.00000000, 0.62500000, 0.00000000
0.50000000, -1.00000000, 0.50000000, 0.00000000
0.62500000, -1.00000000, 0.37500000, 0.00000000
0.75000000, -1.00000000, 0.25000000, 0.00000000
0.87500000, -1.00000000, 0.12500000, 0.00000000
1.00000000, -1.00000000, 0.00000000, 0.00000000
1.00000000, -0.87500000, -0.12500000, 0.00000000
1.00000000, -0.75000000, -0.25000000, 0.00000000
1.00000000, -0.62500000, -0.37500000, 0.00000000
1.00000000, -0.50000000, -0.50000000, 0.00000000
1.00000000, -0.37500000, -0.62500000, 0.00000000
1.00000000, -0.25000000, -0.75000000, 0.00000000
1.00000000, -0.12500000, -0.87500000, 0.00000000
