0.01000000, 0.00000000, -0.01000000, -0.00000000
0.00000000, 0.01000000, -0.01000000, 0.00367998
-0.00125000, 0.01000000, -0.00875000, 0.00346356
-0.00250000, 0.01000000, -0.00750000, 0.00349899
-0.00375000, 0.01000000, -0.00625000, 0.00364961
-0.00500000, 0.01000000, -0.00500000, 0.00371395
-0.00625000, 0.01000000, -0.00375000, 0.00383707
-0.00750000, 0.01000000, -0.00250000, 0.00392651
-0.00875000, 0.01000000, -0.00125000, 0.00407667
-0.01000000, 0.01000000, 0.00000000, 0.00448128
-0.01000000, 0.00875000, 0.00125000, 0.00341225
-0.01000000, 0.00750000, 0.00250000, 0.00264715
-0.01000000, 0.00625000, 0.00375000, 0.00191896
-0.01000000, 0.00500000, 0.00500000, 0.00136175
-0.01000000, 0.00375000, 0.00625000, 0.00084526
-0.01000000, 0.00250000, 0.00750000, 0.00047230
-0.01000000, 0.00125000, 0.00875000, 0.00015912
-0.01000000, 0.00000000, 0.01000000, -0.00000000
0.00000000, -0.01000000, 0.01000000, -0.00448128
0.00125000, -0.01000000, 0.00875000, -0.00407667
0.00250000, -0.01000000, 0.00750000, -0.00392651
0.00375000, -0.01000000, 0.00625000, -0.00383707
0.00500000, -0.01000000, 0.00500000, -0.00371395
0.00625000, -0.01000000, 0.00375000, -0.00364961
0.00750000, -0.01000000, 0.00250000, -0.00349899
0.00875000, -0.01000000, 0.00125000, -0.00346356
0.01000000, -0.01000000, 0.00000000, -0.00367998
0.01000000, -0.00875000, -0.00125000, -0.00257557
0.01000000, -0.00750000, -0.00250000, -0.00184577
0.01000000, -0.00625000, -0.00375000, -0.00132802
0.01000000, -0.00500000, -0.00500000, -0.00082176
0.01000000, -0.00375000, -0.00625000, -0.00050408
0.01000000, -0.00250000, -0.00750000, -0.00018836
0.01000000, -0.00125000, -0.00875000, -0.00006371
0.02000000, 0.00000000, -0.02000000, 0.00000000
0.01750000, 0.00250000, -0.02000000, 0.00010933
0.01500000, 0.00500000, -0.02000000, 0.00031677
0.01250000, 0.00750000, -0.02000000, 0.00062349
0.01000000, 0.01000000, -0.02000000, 0.00099176
0.00750000, 0.01250000, -0.02000000, 0.00148787
0.00500000, 0.01500000, -0.02000000, 0.00204117
0.00250000, 0.01750000, -0.02000000, 0.00272578
0.00000000, 0.02000000, -0.02000000, 0.00362797
-0.00250000, 0.02000000, -0.01750000, 0.00352617
-0.00500000, 0.02000000, -0.01500000, 0.00362831
-0.00750000, 0.02000000, -0.01250000, 0.00374997
-0.01000000, 0.02000000, -0.01000000, 0.00388609
-0.01250000, 0.02000000, -0.00750000, 0.00406652
-0.01500000, 0.02000000, -0.00500000, 0.00422923
-0.01750000, 0.02000000, -0.00250000, 0.00445637
-0.02000000, 0.02000000, 0.00000000, 0.00486300
-0.02000000, 0.01750000, 0.00250000, 0.00389411
-0.02000000, 0.01500000, 0.00500000, 0.00306047
-0.02000000, 0.01250000, 0.00750000, 0.00229694
-0.02000000, 0.01000000, 0.01000000, 0.00164028
-0.02000000, 0.00750000, 0.01250000, 0.00104953
-0.02000000, 0.00500000, 0.01500000, 0.00059077
-0.02000000, 0.00250000, 0.01750000, 0.00022848
-0.02000000, 0.00000000, 0.02000000, -0.00000000
-0.01750000, -0.00250000, 0.02000000, -0.00022848
-0.01500000, -0.00500000, 0.02000000, -0.00059077
-0.01250000, -0.00750000, 0.02000000, -0.00104953
-0.01000000, -0.01000000, 0.02000000, -0.00164028
-0.00750000, -0.01250000, 0.02000000, -0.00229694
-0.00500000, -0.01500000, 0.02000000, -0.00306047
-0.00250000, -0.01750000, 0.02000000, -0.00389411
0.00000000, -0.02000000, 0.02000000, -0.00486300
0.00250000, -0.02000000, 0.01750000, -0.00445637
0.00500000, -0.02000000, 0.01500000, -0.00422923
0.00750000, -0.02000000, 0.01250000, -0.00406652
0.01000000, -0.02000000, 0.01000000, -0.00388609
0.01250000, -0.02000000, 0.00750000, -0.00374997
0.01500000, -0.02000000, 0.00500000, -0.00362831
0.01750000, -0.02000000, 0.00250000, -0.00352617
0.02000000, -0.02000000, 0.00000000, -0.00362797
0.02000000, -0.01750000, -0.00250000, -0.00272578
0.02000000, -0.01500000, -0.00500000, -0.00204117
0.02000000, -0.01250000, -0.00750000, -0.00148787
0.02000000, -0.01000000, -0.01000000, -0.00099176
0.02000000, -0.00750000, -0.01250000, -0.00062349
0.02000000, -0.00500000, -0.01500000, -0.00031677
0.02000000, -0.00250000, -0.01750000, -0.00010933
0.03000000, 0.00000000, -0.03000000, -0.00000000
0.02625000, 0.00375000, -0.03000000, 0.00016192
0.02250000, 0.00750000, -0.03000000, 0.00041679
0.01875000, 0.01125000, -0.03000000, 0.00075311
0.01500000, 0.01500000, -0.03000000, 0.00117765
0.01125000, 0.01875000, -0.03000000, 0.00168643
0.00750000, 0.02250000, -0.03000000, 0.00227218
0.00375000, 0.02625000, -0.03000000, 0.00296496
0.00000000, 0.03000000, -0.03000000, 0.00381320
-0.00375000, 0.03000000, -0.02625000, 0.00377122
-0.00750000, 0.03000000, -0.02250000, 0.00390228
-0.01125000, 0.03000000, -0.01875000, 0.00405923
-0.01500000, 0.03000000, -0.01500000, 0.00424738
-0.01875000, 0.03000000, -0.01125000, 0.00444773
-0.02250000, 0.03000000, -0.00750000, 0.00466404
-0.02625000, 0.03000000, -0.00375000, 0.00494627
-0.03000000, 0.03000000, 0.00000000, 0.00538433
-0.03000000, 0.02625000, 0.00375000, 0.00439415
-0.03000000, 0.02250000, 0.00750000, 0.00348412
-0.03000000, 0.01875000, 0.01125000, 0.00263404
-0.03000000, 0.01500000, 0.01500000, 0.00188298
-0.03000000, 0.01125000, 0.01875000, 0.00123759
-0.03000000, 0.00750000, 0.02250000, 0.00070730
-0.03000000, 0.00375000, 0.02625000, 0.00028493
-0.03000000, 0.00000000, 0.03000000, -0.00000000
-0.02625000, -0.00375000, 0.03000000, -0.00028493
-0.02250000, -0.00750000, 0.03000000, -0.00070730
-0.01875000, -0.01125000, 0.03000000, -0.00123759
-0.01500000, -0.01500000, 0.03000000, -0.00188298
-0.01125000, -0.01875000, 0.03000000, -0.00263404
-0.00750000, -0.02250000, 0.03000000, -0.00348412
-0.00375000, -0.02625000, 0.03000000, -0.00439415
0.00000000, -0.03000000, 0.03000000, -0.00538433
0.00375000, -0.03000000, 0.02625000, -0.00494627
0.00750000, -0.03000000, 0.02250000, -0.00466404
0.01125000, -0.03000000, 0.01875000, -0.00444773
0.01500000, -0.03000000, 0.01500000, -0.00424738
0.01875000, -0.03000000, 0.01125000, -0.00405923
0.02250000, -0.03000000, 0.00750000, -0.00390228
0.02625000, -0.03000000, 0.00375000, -0.00377122
0.03000000, -0.03000000, 0.00000000, -0.00381320
0.03000000, -0.02625000, -0.00375000, -0.00296496
0.03000000, -0.02250000, -0.00750000, -0.00227218
0.03000000, -0.01875000, -0.01125000, -0.00168643
0.03000000, -0.01500000, -0.01500000, -0.00117765
0.03000000, -0.01125000, -0.01875000, -0.00075311
0.03000000, -0.00750000, -0.02250000, -0.00041679
0.03000000, -0.00375000, -0.02625000, -0.00016192
0.04000000, 0.00000000, -0.04000000, 0.00000000
0.03500000, 0.00500000, -0.04000000, 0.00021937
0.03000000, 0.01000000, -0.04000000, 0.00051932
0.02500000, 0.01500000, -0.04000000, 0.00090580
0.02000000, 0.02000000, -0.04000000, 0.00137471
0.01500000, 0.02500000, -0.04000000, 0.00192620
0.01000000, 0.03000000, -0.04000000, 0.00255719
0.00500000, 0.03500000, -0.04000000, 0.00327261
0.00000000, 0.04000000, -0.04000000, 0.00411786
-0.00500000, 0.04000000, -0.03500000, 0.00411546
-0.01000000, 0.04000000, -0.03000000, 0.00427128
-0.01500000, 0.04000000, -0.02500000, 0.00445907
-0.02000000, 0.04000000, -0.02000000, 0.00467552
-0.02500000, 0.04000000, -0.01500000, 0.00491048
-0.03000000, 0.04000000, -0.01000000, 0.00517781
-0.03500000, 0.04000000, -0.00500000, 0.00549215
-0.04000000, 0.04000000, 0.00000000, 0.00596921
-0.04000000, 0.03500000, 0.00500000, 0.00491565
-0.04000000, 0.03000000, 0.01000000, 0.00390476
-0.04000000, 0.02500000, 0.01500000, 0.00297338
-0.04000000, 0.02000000, 0.02000000, 0.00214246
-0.04000000, 0.01500000, 0.02500000, 0.00142069
-0.04000000, 0.01000000, 0.03000000, 0.00081793
-0.04000000, 0.00500000, 0.03500000, 0.00033903
-0.04000000, 0.00000000, 0.04000000, -0.00000000
-0.03500000, -0.00500000, 0.04000000, -0.00033903
-0.03000000, -0.01000000, 0.04000000, -0.00081793
-0.02500000, -0.01500000, 0.04000000, -0.00142069
-0.02000000, -0.02000000, 0.04000000, -0.00214246
-0.01500000, -0.02500000, 0.04000000, -0.00297338
-0.01000000, -0.03000000, 0.04000000, -0.00390476
-0.00500000, -0.03500000, 0.04000000, -0.00491565
0.00000000, -0.04000000, 0.04000000, -0.00596921
0.00500000, -0.04000000, 0.03500000, -0.00549215
0.01000000, -0.04000000, 0.03000000, -0.00517781
0.01500000, -0.04000000, 0.02500000, -0.00491048
0.02000000, -0.04000000, 0.02000000, -0.00467552
0.02500000, -0.04000000, 0.01500000, -0.00445907
0.03000000, -0.04000000, 0.01000000, -0.00427128
0.03500000, -0.04000000, 0.00500000, -0.00411546
0.04000000, -0.04000000, 0.00000000, -0.00411786
0.04000000, -0.03500000, -0.00500000, -0.00327261
0.04000000, -0.03000000, -0.01000000, -0.00255719
0.04000000, -0.02500000, -0.01500000, -0.00192620
0.04000000, -0.02000000, -0.02000000, -0.00137471
0.04000000, -0.01500000, -0.02500000, -0.00090580
0.04000000, -0.01000000, -0.03000000, -0.00051932
0.04000000, -0.00500000, -0.03500000, -0.00021937
0.05000000, 0.00000000, -0.05000000, 0.00000000
0.04375000, 0.00625000, -0.05000000, 0.00027810
0.03750000, 0.01250000, -0.05000000, 0.00062876
0.03125000, 0.01875000, -0.05000000, 0.00107142
0.02500000, 0.02500000, -0.05000000, 0.00159427
0.01875000, 0.03125000, -0.05000000, 0.00219756
0.01250000, 0.03750000, -0.05000000, 0.00288072
0.00625000, 0.04375000, -0.05000000, 0.00364277
0.00000000, 0.05000000, -0.05000000, 0.00451470
-0.00625000, 0.05000000, -0.04375000, 0.00454072
-0.01250000, 0.05000000, -0.03750000, 0.00471814
-0.01875000, 0.05000000, -0.03125000, 0.00492982
-0.02500000, 0.05000000, -0.02500000, 0.00517414
-0.03125000, 0.05000000, -0.01875000, 0.00543901
-0.03750000, 0.05000000, -0.01250000, 0.00573866
-0.04375000, 0.05000000, -0.00625000, 0.00608714
-0.05000000, 0.05000000, 0.00000000, 0.00659672
-0.05000000, 0.04375000, 0.00625000, 0.00545857
-0.05000000, 0.03750000, 0.01250000, 0.00434644
-0.05000000, 0.03125000, 0.01875000, 0.00332283
-0.05000000, 0.02500000, 0.02500000, 0.00240430
-0.05000000, 0.01875000, 0.03125000, 0.00160513
-0.05000000, 0.01250000, 0.03750000, 0.00093286
-0.05000000, 0.00625000, 0.04375000, 0.00039263
-0.05000000, 0.00000000, 0.05000000, -0.00000000
-0.04375000, -0.00625000, 0.05000000, -0.00039263
-0.03750000, -0.01250000, 0.05000000, -0.00093286
-0.03125000, -0.01875000, 0.05000000, -0.00160513
-0.02500000, -0.02500000, 0.05000000, -0.00240430
-0.01875000, -0.03125000, 0.05000000, -0.00332283
-0.01250000, -0.03750000, 0.05000000, -0.00434644
-0.00625000, -0.04375000, 0.05000000, -0.00545857
0.00000000, -0.05000000, 0.05000000, -0.00659672
0.00625000, -0.05000000, 0.04375000, -0.00608714
0.01250000, -0.05000000, 0.03750000, -0.00573866
0.01875000, -0.05000000, 0.03125000, -0.00543901
0.02500000, -0.05000000, 0.02500000, -0.00517414
0.03125000, -0.05000000, 0.01875000, -0.00492982
0.03750000, -0.05000000, 0.01250000, -0.00471814
0.04375000, -0.05000000, 0.00625000, -0.00454072
0.05000000, -0.05000000, 0.00000000, -0.00451470
0.05000000, -0.04375000, -0.00625000, -0.00364277
0.05000000, -0.03750000, -0.01250000, -0.00288072
0.05000000, -0.03125000, -0.01875000, -0.00219756
0.05000000, -0.02500000, -0.02500000, -0.00159427
0.05000000, -0.01875000, -0.03125000, -0.00107142
0.05000000, -0.01250000, -0.03750000, -0.00062876
0.05000000, -0.00625000, -0.04375000, -0.00027810
0.06000000, 0.00000000, -0.06000000, 0.00000000
0.05250000, 0.00750000, -0.06000000, 0.00033869
0.04500000, 0.01500000, -0.06000000, 0.00075203
0.03750000, 0.02250000, -0.06000000, 0.00125074
0.03000000, 0.03000000, -0.06000000, 0.00183315
0.02250000, 0.03750000, -0.06000000, 0.00249828
0.01500000, 0.04500000, -0.06000000, 0.00324431
0.00750000, 0.05250000, -0.06000000, 0.00407179
0.00000000, 0.06000000, -0.06000000, 0.00500222
-0.00750000, 0.06000000, -0.05250000, 0.00504748
-0.01500000, 0.06000000, -0.04500000, 0.00524148
-0.02250000, 0.06000000, -0.03750000, 0.00547189
-0.03000000, 0.06000000, -0.03000000, 0.00573412
-0.03750000, 0.06000000, -0.02250000, 0.00602301
-0.04500000, 0.06000000, -0.01500000, 0.00634798
-0.05250000, 0.06000000, -0.00750000, 0.00672482
-0.06000000, 0.06000000, 0.00000000, 0.00727363
-0.06000000, 0.05250000, 0.00750000, 0.00602957
-0.06000000, 0.04500000, 0.01500000, 0.00480943
-0.06000000, 0.03750000, 0.02250000, 0.00368585
-0.06000000, 0.03000000, 0.03000000, 0.00267911
-0.06000000, 0.02250000, 0.03750000, 0.00179862
-0.06000000, 0.01500000, 0.04500000, 0.00105310
-0.06000000, 0.00750000, 0.05250000, 0.00044947
-0.06000000, 0.00000000, 0.06000000, -0.00000000
-0.05250000, -0.00750000, 0.06000000, -0.00044947
-0.04500000, -0.01500000, 0.06000000, -0.00105310
-0.03750000, -0.02250000, 0.06000000, -0.00179862
-0.03000000, -0.03000000, 0.06000000, -0.00267911
-0.02250000, -0.03750000, 0.06000000, -0.00368585
-0.01500000, -0.04500000, 0.06000000, -0.00480943
-0.00750000, -0.05250000, 0.06000000, -0.00602957
0.00000000, -0.06000000, 0.06000000, -0.00727363
0.00750000, -0.06000000, 0.05250000, -0.00672482
0.01500000, -0.06000000, 0.04500000, -0.00634798
0.02250000, -0.06000000, 0.03750000, -0.00602301
0.03000000, -0.06000000, 0.03000000, -0.00573412
0.03750000, -0.06000000, 0.02250000, -0.00547189
0.04500000, -0.06000000, 0.01500000, -0.00524148
0.05250000, -0.06000000, 0.00750000, -0.00504748
0.06000000, -0.06000000, 0.00000000, -0.00500222
0.06000000, -0.05250000, -0.00750000, -0.00407179
0.06000000, -0.04500000, -0.01500000, -0.00324431
0.06000000, -0.03750000, -0.02250000, -0.00249828
0.06000000, -0.03000000, -0.03000000, -0.00183315
0.06000000, -0.02250000, -0.03750000, -0.00125074
0.06000000, -0.01500000, -0.04500000, -0.00075203
0.06000000, -0.00750000, -0.05250000, -0.00033869
0.07000000, 0.00000000, -0.07000000, 0.00000000
0.06125000, 0.00875000, -0.07000000, 0.00039796
0.05250000, 0.01750000, -0.07000000, 0.00087976
0.04375000, 0.02625000, -0.07000000, 0.00144485
0.03500000, 0.03500000, -0.07000000, 0.00209650
0.02625000, 0.04375000, -0.07000000, 0.00283519
0.01750000, 0.05250000, -0.07000000, 0.00366030
0.00875000, 0.06125000, -0.07000000, 0.00457014
0.00000000, 0.07000000, -0.07000000, 0.00558721
-0.00875000, 0.07000000, -0.06125000, 0.00564240
-0.01750000, 0.07000000, -0.05250000, 0.00584188
-0.02625000, 0.07000000, -0.04375000, 0.00608362
-0.03500000, 0.07000000, -0.03500000, 0.00636103
-0.04375000, 0.07000000, -0.02625000, 0.00666872
-0.05250000, 0.07000000, -0.01750000, 0.00701682
-0.06125000, 0.07000000, -0.00875000, 0.00741740
-0.07000000, 0.07000000, 0.00000000, 0.00799879
-0.07000000, 0.06125000, 0.00875000, 0.00663718
-0.07000000, 0.05250000, 0.01750000, 0.00529784
-0.07000000, 0.04375000, 0.02625000, 0.00406772
-0.07000000, 0.03500000, 0.03500000, 0.00296467
-0.07000000, 0.02625000, 0.04375000, 0.00199857
-0.07000000, 0.01750000, 0.05250000, 0.00117766
-0.07000000, 0.00875000, 0.06125000, 0.00050934
-0.07000000, 0.00000000, 0.07000000, -0.00000000
-0.06125000, -0.00875000, 0.07000000, -0.00050934
-0.05250000, -0.01750000, 0.07000000, -0.00117766
-0.04375000, -0.02625000, 0.07000000, -0.00199857
-0.03500000, -0.03500000, 0.07000000, -0.00296467
-0.02625000, -0.04375000, 0.07000000, -0.00406772
-0.01750000, -0.05250000, 0.07000000, -0.00529784
-0.00875000, -0.06125000, 0.07000000, -0.00663718
0.00000000, -0.07000000, 0.07000000, -0.00799879
0.00875000, -0.07000000, 0.06125000, -0.00741740
0.01750000, -0.07000000, 0.05250000, -0.00701682
0.02625000, -0.07000000, 0.04375000, -0.00666872
0.03500000, -0.07000000, 0.03500000, -0.00636103
0.04375000, -0.07000000, 0.02625000, -0.00608362
0.05250000, -0.07000000, 0.01750000, -0.00584188
0.06125000, -0.07000000, 0.00875000, -0.00564240
0.07000000, -0.07000000, 0.00000000, -0.00558721
0.07000000, -0.06125000, -0.00875000, -0.00457014
0.07000000, -0.05250000, -0.01750000, -0.00366030
0.07000000, -0.04375000, -0.02625000, -0.00283519
0.07000000, -0.03500000, -0.03500000, -0.00209650
0.07000000, -0.02625000, -0.04375000, -0.00144485
0.07000000, -0.01750000, -0.05250000, -0.00087976
0.07000000, -0.00875000, -0.06125000, -0.00039796
0.08000000, 0.00000000, -0.08000000, -0.00000000
0.07000000, 0.01000000, -0.08000000, 0.00046275
0.06000000, 0.02000000, -0.08000000, 0.00101519
0.05000000, 0.03000000, -0.08000000, 0.00165397
0.04000000, 0.04000000, -0.08000000, 0.00238381
0.03000000, 0.05000000, -0.08000000, 0.00320694
0.02000000, 0.06000000, -0.08000000, 0.00412640
0.01000000, 0.07000000, -0.08000000, 0.00513860
0.00000000, 0.08000000, -0.08000000, 0.00626727
-0.01000000, 0.08000000, -0.07000000, 0.00632469
-0.02000000, 0.08000000, -0.06000000, 0.00652299
-0.03000000, 0.08000000, -0.05000000, 0.00676930
-0.04000000, 0.08000000, -0.04000000, 0.00705691
-0.05000000, 0.08000000, -0.03000000, 0.00737799
-0.06000000, 0.08000000, -0.02000000, 0.00774488
-0.07000000, 0.08000000, -0.01000000, 0.00816595
-0.08000000, 0.08000000, 0.00000000, 0.00877275
-0.08000000, 0.07000000, 0.01000000, 0.00728071
-0.08000000, 0.06000000, 0.02000000, 0.00581360
-0.08000000, 0.05000000, 0.03000000, 0.00447035
-0.08000000, 0.04000000, 0.04000000, 0.00326471
-0.08000000, 0.03000000, 0.05000000, 0.00220911
-0.08000000, 0.02000000, 0.06000000, 0.00130959
-0.08000000, 0.01000000, 0.07000000, 0.00057246
-0.08000000, 0.00000000, 0.08000000, 0.00000000
-0.07000000, -0.01000000, 0.08000000, -0.00057246
-0.06000000, -0.02000000, 0.08000000, -0.00130959
-0.05000000, -0.03000000, 0.08000000, -0.00220911
-0.04000000, -0.04000000, 0.08000000, -0.00326471
-0.03000000, -0.05000000, 0.08000000, -0.00447035
-0.02000000, -0.06000000, 0.08000000, -0.00581360
-0.01000000, -0.07000000, 0.08000000, -0.00728071
0.00000000, -0.08000000, 0.08000000, -0.00877275
0.01000000, -0.08000000, 0.07000000, -0.00816595
0.02000000, -0.08000000, 0.06000000, -0.00774488
0.03000000, -0.08000000, 0.05000000, -0.00737799
0.04000000, -0.08000000, 0.04000000, -0.00705691
0.05000000, -0.08000000, 0.03000000, -0.00676930
0.06000000, -0.08000000, 0.02000000, -0.00652299
0.07000000, -0.08000000, 0.01000000, -0.00632469
0.08000000, -0.08000000, 0.00000000, -0.00626727
0.08000000, -0.07000000, -0.01000000, -0.00513860
0.08000000, -0.06000000, -0.02000000, -0.00412640
0.08000000, -0.05000000, -0.03000000, -0.00320694
0.08000000, -0.04000000, -0.04000000, -0.00238381
0.08000000, -0.03000000, -0.05000000, -0.00165397
0.08000000, -0.02000000, -0.06000000, -0.00101519
0.08000000, -0.01000000, -0.07000000, -0.00046275
0.09000000, 0.00000000, -0.09000000, -0.00000000
0.07875000, 0.01125000, -0.09000000, 0.00053690
0.06750000, 0.02250000, -0.09000000, 0.00116334
0.05625000, 0.03375000, -0.09000000, 0.00188027
0.04500000, 0.04500000, -0.09000000, 0.00269549
0.03375000, 0.05625000, -0.09000000, 0.00361355
0.02250000, 0.06750000, -0.09000000, 0.00464130
0.01125000, 0.07875000, -0.09000000, 0.00577740
0.00000000, 0.09000000, -0.09000000, 0.00704520
-0.01125000, 0.09000000, -0.07875000, 0.00709607
-0.02250000, 0.09000000, -0.06750000, 0.00728841
-0.03375000, 0.09000000, -0.05625000, 0.00753299
-0.04500000, 0.09000000, -0.04500000, 0.00782329
-0.05625000, 0.09000000, -0.03375000, 0.00815228
-0.06750000, 0.09000000, -0.02250000, 0.00853207
-0.07875000, 0.09000000, -0.01125000, 0.00897008
-0.09000000, 0.09000000, 0.00000000, 0.00960164
-0.09000000, 0.07875000, 0.01125000, 0.00796339
-0.09000000, 0.06750000, 0.02250000, 0.00635982
-0.09000000, 0.05625000, 0.03375000, 0.00489633
-0.09000000, 0.04500000, 0.04500000, 0.00358397
-0.09000000, 0.03375000, 0.05625000, 0.00243453
-0.09000000, 0.02250000, 0.06750000, 0.00145175
-0.09000000, 0.01125000, 0.07875000, 0.00064028
-0.09000000, 0.00000000, 0.09000000, 0.00000000
-0.07875000, -0.01125000, 0.09000000, -0.00064028
-0.06750000, -0.02250000, 0.09000000, -0.00145175
-0.05625000, -0.03375000, 0.09000000, -0.00243453
-0.04500000, -0.04500000, 0.09000000, -0.00358397
-0.03375000, -0.05625000, 0.09000000, -0.00489633
-0.02250000, -0.06750000, 0.09000000, -0.00635982
-0.01125000, -0.07875000, 0.09000000, -0.00796339
0.00000000, -0.09000000, 0.09000000, -0.00960164
0.01125000, -0.09000000, 0.07875000, -0.00897008
0.02250000, -0.09000000, 0.06750000, -0.00853207
0.03375000, -0.09000000, 0.05625000, -0.00815228
0.04500000, -0.09000000, 0.04500000, -0.00782329
0.05625000, -0.09000000, 0.03375000, -0.00753299
0.06750000, -0.09000000, 0.02250000, -0.00728841
0.07875000, -0.09000000, 0.01125000, -0.00709607
0.09000000, -0.09000000, 0.00000000, -0.00704520
0.09000000, -0.07875000, -0.01125000, -0.00577740
0.09000000, -0.06750000, -0.02250000, -0.00464130
0.09000000, -0.05625000, -0.03375000, -0.00361355
0.09000000, -0.04500000, -0.04500000, -0.00269549
0.09000000, -0.03375000, -0.05625000, -0.00188027
0.09000000, -0.02250000, -0.06750000, -0.00116334
0.09000000, -0.01125000, -0.07875000, -0.00053690
0.10000000, 0.00000000, -0.10000000, 0.00000000
0.08750000, 0.01250000, -0.10000000, 0.00061905
0.07500000, 0.02500000, -0.10000000, 0.00132499
0.06250000, 0.03750000, -0.10000000, 0.00212573
0.05000000, 0.05000000, -0.10000000, 0.00303411
0.03750000, 0.06250000, -0.10000000, 0.00405847
0.02500000, 0.07500000, -0.10000000, 0.00520930
0.01250000, 0.08750000, -0.10000000, 0.00649102
0.00000000, 0.10000000, -0.10000000, 0.00792850
-0.01250000, 0.10000000, -0.08750000, 0.00796288
-0.02500000, 0.10000000, -0.07500000, 0.00814187
-0.03750000, 0.10000000, -0.06250000, 0.00837751
-0.05000000, 0.10000000, -0.05000000, 0.00866325
-0.06250000, 0.10000000, -0.03750000, 0.00899479
-0.07500000, 0.10000000, -0.02500000, 0.00938220
-0.08750000, 0.10000000, -0.01250000, 0.00983373
-0.10000000, 0.10000000, 0.00000000, 0.01049038
-0.10000000, 0.08750000, 0.01250000, 0.00869061
-0.10000000, 0.07500000, 0.02500000, 0.00694038
-0.10000000, 0.06250000, 0.03750000, 0.00534863
-0.10000000, 0.05000000, 0.05000000, 0.00392443
-0.10000000, 0.03750000, 0.06250000, 0.00267604
-0.10000000, 0.02500000, 0.07500000, 0.00160493
-0.10000000, 0.01250000, 0.08750000, 0.00071383
-0.10000000, 0.00000000, 0.10000000, -0.00000000
-0.08750000, -0.01250000, 0.10000000, -0.00071383
-0.07500000, -0.02500000, 0.10000000, -0.00160493
-0.06250000, -0.03750000, 0.10000000, -0.00267604
-0.05000000, -0.05000000, 0.10000000, -0.00392443
-0.03750000, -0.06250000, 0.10000000, -0.00534863
-0.02500000, -0.07500000, 0.10000000, -0.00694038
-0.01250000, -0.08750000, 0.10000000, -0.00869061
0.00000000, -0.10000000, 0.10000000, -0.01049038
0.01250000, -0.10000000, 0.08750000, -0.00983373
0.02500000, -0.10000000, 0.07500000, -0.00938220
0.03750000, -0.10000000, 0.06250000, -0.00899479
0.05000000, -0.10000000, 0.05000000, -0.00866325
0.06250000, -0.10000000, 0.03750000, -0.00837751
0.07500000, -0.10000000, 0.02500000, -0.00814187
0.08750000, -0.10000000, 0.01250000, -0.00796288
0.10000000, -0.10000000, 0.00000000, -0.00792850
0.10000000, -0.08750000, -0.01250000, -0.00649102
0.10000000, -0.07500000, -0.02500000, -0.00520930
0.10000000, -0.06250000, -0.03750000, -0.00405847
0.10000000, -0.05000000, -0.05000000, -0.00303411
0.10000000, -0.03750000, -0.06250000, -0.00212573
0.10000000, -0.02500000, -0.07500000, -0.00132499
0.10000000, -0.01250000, -0.08750000, -0.00061905
0.15000000, 0.00000000, -0.15000000, -0.00000000
0.13125000, 0.01875000, -0.15000000, 0.00111686
0.11250000, 0.03750000, -0.15000000, 0.00232334
0.09375000, 0.05625000, -0.15000000, 0.00366389
0.07500000, 0.07500000, -0.15000000, 0.00518267
0.05625000, 0.09375000, -0.15000000, 0.00692387
0.03750000, 0.11250000, -0.15000000, 0.00893522
0.01875000, 0.13125000, -0.15000000, 0.01126568
0.00000000, 0.15000000, -0.15000000, 0.01400150
-0.01875000, 0.15000000, -0.13125000, 0.01384252
-0.03750000, 0.15000000, -0.11250000, 0.01382000
-0.05625000, 0.15000000, -0.09375000, 0.01389296
-0.07500000, 0.15000000, -0.07500000, 0.01406127
-0.09375000, 0.15000000, -0.05625000, 0.01431974
-0.11250000, 0.15000000, -0.03750000, 0.01467458
-0.13125000, 0.15000000, -0.01875000, 0.01513228
-0.15000000, 0.15000000, 0.00000000, 0.01582647
-0.15000000, 0.13125000, 0.01875000, 0.01303229
-0.15000000, 0.11250000, 0.03750000, 0.01039507
-0.15000000, 0.09375000, 0.05625000, 0.00803442
-0.15000000, 0.07500000, 0.07500000, 0.00594614
-0.15000000, 0.05625000, 0.09375000, 0.00411849
-0.15000000, 0.03750000, 0.11250000, 0.00253260
-0.15000000, 0.01875000, 0.13125000, 0.00116902
-0.15000000, 0.00000000, 0.15000000, 0.00000000
-0.13125000, -0.01875000, 0.15000000, -0.00116902
-0.11250000, -0.03750000, 0.15000000, -0.00253260
-0.09375000, -0.05625000, 0.15000000, -0.00411849
-0.07500000, -0.07500000, 0.15000000, -0.00594614
-0.05625000, -0.09375000, 0.15000000, -0.00803442
-0.03750000, -0.11250000, 0.15000000, -0.01039507
-0.01875000, -0.13125000, 0.15000000, -0.01303229
0.00000000, -0.15000000, 0.15000000, -0.01582647
0.01875000, -0.15000000, 0.13125000, -0.01513228
0.03750000, -0.15000000, 0.11250000, -0.01467458
0.05625000, -0.15000000, 0.09375000, -0.01431974
0.07500000, -0.15000000, 0.07500000, -0.01406127
0.09375000, -0.15000000, 0.05625000, -0.01389296
0.11250000, -0.15000000, 0.03750000, -0.01382000
0.13125000, -0.15000000, 0.01875000, -0.01384252
0.15000000, -0.15000000, 0.00000000, -0.01400150
0.15000000, -0.13125000, -0.01875000, -0.01126568
0.15000000, -0.11250000, -0.03750000, -0.00893522
0.15000000, -0.09375000, -0.05625000, -0.00692387
0.15000000, -0.07500000, -0.07500000, -0.00518267
0.15000000, -0.05625000, -0.09375000, -0.00366389
0.15000000, -0.03750000, -0.11250000, -0.00232334
0.15000000, -0.01875000, -0.13125000, -0.00111686
0.20000000, 0.00000000, -0.20000000, 0.00000000
0.17500000, 0.02500000, -0.20000000, 0.00177049
0.15000000, 0.05000000, -0.20000000, 0.00363513
0.12500000, 0.07500000, -0.20000000, 0.00568727
0.10000000, 0.10000000, -0.20000000, 0.00802415
0.07500000, 0.12500000, -0.20000000, 0.01074621
0.05000000, 0.15000000, -0.20000000, 0.01395800
0.02500000, 0.17500000, -0.20000000, 0.01777845
0.00000000, 0.20000000, -0.20000000, 0.02240201
-0.02500000, 0.20000000, -0.17500000, 0.02204664
-0.05000000, 0.20000000, -0.15000000, 0.02174714
-0.07500000, 0.20000000, -0.12500000, 0.02153535
-0.10000000, 0.20000000, -0.10000000, 0.02143594
-0.12500000, 0.20000000, -0.07500000, 0.02145306
-0.15000000, 0.20000000, -0.05000000, 0.02158150
-0.17500000, 0.20000000, -0.02500000, 0.02181601
-0.20000000, 0.20000000, 0.00000000, 0.02229177
-0.20000000, 0.17500000, 0.02500000, 0.01828867
-0.20000000, 0.15000000, 0.05000000, 0.01456490
-0.20000000, 0.12500000, 0.07500000, 0.01126790
-0.20000000, 0.10000000, 0.10000000, 0.00838200
-0.20000000, 0.07500000, 0.12500000, 0.00586217
-0.20000000, 0.05000000, 0.15000000, 0.00365833
-0.20000000, 0.02500000, 0.17500000, 0.00171994
-0.20000000, 0.00000000, 0.20000000, -0.00000000
-0.17500000, -0.02500000, 0.20000000, -0.00171994
-0.15000000, -0.05000000, 0.20000000, -0.00365833
-0.12500000, -0.07500000, 0.20000000, -0.00586217
-0.10000000, -0.10000000, 0.20000000, -0.00838200
-0.07500000, -0.12500000, 0.20000000, -0.01126790
-0.05000000, -0.15000000, 0.20000000, -0.01456490
-0.02500000, -0.17500000, 0.20000000, -0.01828867
0.00000000, -0.20000000, 0.20000000, -0.02229177
0.02500000, -0.20000000, 0.17500000, -0.02181601
0.05000000, -0.20000000, 0.15000000, -0.02158150
0.07500000, -0.20000000, 0.12500000, -0.02145306
0.10000000, -0.20000000, 0.10000000, -0.02143594
0.12500000, -0.20000000, 0.07500000, -0.02153535
0.15000000, -0.20000000, 0.05000000, -0.02174714
0.17500000, -0.20000000, 0.02500000, -0.02204664
0.20000000, -0.20000000, 0.00000000, -0.02240201
0.20000000, -0.17500000, -0.02500000, -0.01777845
0.20000000, -0.15000000, -0.05000000, -0.01395800
0.20000000, -0.12500000, -0.07500000, -0.01074621
0.20000000, -0.10000000, -0.10000000, -0.00802415
0.20000000, -0.07500000, -0.12500000, -0.00568727
0.20000000, -0.05000000, -0.15000000, -0.00363513
0.20000000, -0.02500000, -0.17500000, -0.00177049
0.25000000, 0.00000000, -0.25000000, -0.00000000
0.21875000, 0.03125000, -0.25000000, 0.00242254
0.18750000, 0.06250000, -0.25000000, 0.00500651
0.15625000, 0.09375000, -0.25000000, 0.00786741
0.12500000, 0.12500000, -0.25000000, 0.01114261
0.09375000, 0.15625000, -0.25000000, 0.01498427
0.06250000, 0.18750000, -0.25000000, 0.01954624
0.03125000, 0.21875000, -0.25000000, 0.02498764
0.00000000, 0.25000000, -0.25000000, 0.03157210
-0.03125000, 0.25000000, -0.21875000, 0.03148363
-0.06250000, 0.25000000, -0.18750000, 0.03113478
-0.09375000, 0.25000000, -0.15625000, 0.03070017
-0.12500000, 0.25000000, -0.12500000, 0.03026098
-0.15625000, 0.25000000, -0.09375000, 0.02983707
-0.18750000, 0.25000000, -0.06250000, 0.02941195
-0.21875000, 0.25000000, -0.03125000, 0.02895054
-0.25000000, 0.25000000, 0.00000000, 0.02860853
-0.25000000, 0.21875000, 0.03125000, 0.02350535
-0.25000000, 0.18750000, 0.06250000, 0.01868900
-0.25000000, 0.15625000, 0.09375000, 0.01443377
-0.25000000, 0.12500000, 0.12500000, 0.01072713
-0.25000000, 0.09375000, 0.15625000, 0.00750180
-0.25000000, 0.06250000, 0.18750000, 0.00468116
-0.25000000, 0.03125000, 0.21875000, 0.00219651
-0.25000000, 0.00000000, 0.25000000, 0.00000000
-0.21875000, -0.03125000, 0.25000000, -0.00219651
-0.18750000, -0.06250000, 0.25000000, -0.00468116
-0.15625000, -0.09375000, 0.25000000, -0.00750180
-0.12500000, -0.12500000, 0.25000000, -0.01072713
-0.09375000, -0.15625000, 0.25000000, -0.01443377
-0.06250000, -0.18750000, 0.25000000, -0.01868900
-0.03125000, -0.21875000, 0.25000000, -0.02350535
0.00000000, -0.25000000, 0.25000000, -0.02860853
0.03125000, -0.25000000, 0.21875000, -0.02895054
0.06250000, -0.25000000, 0.18750000, -0.02941195
0.09375000, -0.25000000, 0.15625000, -0.02983707
0.12500000, -0.25000000, 0.12500000, -0.03026098
0.15625000, -0.25000000, 0.09375000, -0.03070017
0.18750000, -0.25000000, 0.06250000, -0.03113478
0.21875000, -0.25000000, 0.03125000, -0.03148363
0.25000000, -0.25000000, 0.00000000, -0.03157210
0.25000000, -0.21875000, -0.03125000, -0.02498764
0.25000000, -0.18750000, -0.06250000, -0.01954624
0.25000000, -0.15625000, -0.09375000, -0.01498427
0.25000000, -0.12500000, -0.12500000, -0.01114261
0.25000000, -0.09375000, -0.15625000, -0.00786741
0.25000000, -0.06250000, -0.18750000, -0.00500651
0.25000000, -0.03125000, -0.21875000, -0.00242254
0.30000000, 0.00000000, -0.30000000, -0.00000000
0.26250000, 0.03750000, -0.30000000, 0.00285086
0.22500000, 0.07500000, -0.30000000, 0.00602914
0.18750000, 0.11250000, -0.30000000, 0.00962014
0.15000000, 0.15000000, -0.30000000, 0.01376373
0.11250000, 0.18750000, -0.30000000, 0.01862910
0.07500000, 0.22500000, -0.30000000, 0.02437415
0.03750000, 0.26250000, -0.30000000, 0.03112233
0.00000000, 0.30000000, -0.30000000, 0.03905237
-0.03750000, 0.30000000, -0.26250000, 0.04017333
-0.07500000, 0.30000000, -0.22500000, 0.04044804
-0.11250000, 0.30000000, -0.18750000, 0.04013934
-0.15000000, 0.30000000, -0.15000000, 0.03940456
-0.18750000, 0.30000000, -0.11250000, 0.03830836
-0.22500000, 0.30000000, -0.07500000, 0.03684153
-0.26250000, 0.30000000, -0.03750000, 0.03497127
-0.30000000, 0.30000000, 0.00000000, 0.03296765
-0.30000000, 0.26250000, 0.03750000, 0.02723964
-0.30000000, 0.22500000, 0.07500000, 0.02164011
-0.30000000, 0.18750000, 0.11250000, 0.01664686
-0.30000000, 0.15000000, 0.15000000, 0.01229550
-0.30000000, 0.11250000, 0.18750000, 0.00852108
-0.30000000, 0.07500000, 0.22500000, 0.00524434
-0.30000000, 0.03750000, 0.26250000, 0.00240656
-0.30000000, 0.00000000, 0.30000000, 0.00000000
-0.26250000, -0.03750000, 0.30000000, -0.00240656
-0.22500000, -0.07500000, 0.30000000, -0.00524434
-0.18750000, -0.11250000, 0.30000000, -0.00852108
-0.15000000, -0.15000000, 0.30000000, -0.01229550
-0.11250000, -0.18750000, 0.30000000, -0.01664686
-0.07500000, -0.22500000, 0.30000000, -0.02164011
-0.03750000, -0.26250000, 0.30000000, -0.02723964
0.00000000, -0.30000000, 0.30000000, -0.03296765
0.03750000, -0.30000000, 0.26250000, -0.03497127
0.07500000, -0.30000000, 0.22500000, -0.03684153
0.11250000, -0.30000000, 0.18750000, -0.03830836
0.15000000, -0.30000000, 0.15000000, -0.03940456
0.18750000, -0.30000000, 0.11250000, -0.04013934
0.22500000, -0.30000000, 0.07500000, -0.04044804
0.26250000, -0.30000000, 0.03750000, -0.04017333
0.30000000, -0.30000000, 0.00000000, -0.03905237
0.30000000, -0.26250000, -0.03750000, -0.03112233
0.30000000, -0.22500000, -0.07500000, -0.02437415
0.30000000, -0.18750000, -0.11250000, -0.01862910
0.30000000, -0.15000000, -0.15000000, -0.01376373
0.30000000, -0.11250000, -0.18750000, -0.00962014
0.30000000, -0.07500000, -0.22500000, -0.00602914
0.30000000, -0.03750000, -0.26250000, -0.00285086
0.35000000, 0.00000000, -0.35000000, 0.00000000
0.30625000, 0.04375000, -0.35000000, 0.00287660
0.26250000, 0.08750000, -0.35000000, 0.00632873
0.21875000, 0.13125000, -0.35000000, 0.01036823
0.17500000, 0.17500000, -0.35000000, 0.01509046
0.13125000, 0.21875000, -0.35000000, 0.02062744
0.08750000, 0.26250000, -0.35000000, 0.02707308
0.04375000, 0.30625000, -0.35000000, 0.03441567
0.00000000, 0.35000000, -0.35000000, 0.04255456
-0.04375000, 0.35000000, -0.30625000, 0.04598992
-0.08750000, 0.35000000, -0.26250000, 0.04783612
-0.13125000, 0.35000000, -0.21875000, 0.04823906
-0.17500000, 0.35000000, -0.17500000, 0.04737811
-0.21875000, 0.35000000, -0.13125000, 0.04538463
-0.26250000, 0.35000000, -0.08750000, 0.04232407
-0.30625000, 0.35000000, -0.04375000, 0.03829099
-0.35000000, 0.35000000, 0.00000000, 0.03385326
-0.35000000, 0.30625000, 0.04375000, 0.02825465
-0.35000000, 0.26250000, 0.08750000, 0.02245013
-0.35000000, 0.21875000, 0.13125000, 0.01716865
-0.35000000, 0.17500000, 0.17500000, 0.01254219
-0.35000000, 0.13125000, 0.21875000, 0.00854423
-0.35000000, 0.08750000, 0.26250000, 0.00512413
-0.35000000, 0.04375000, 0.30625000, 0.00225878
-0.35000000, 0.00000000, 0.35000000, -0.00000000
-0.30625000, -0.04375000, 0.35000000, -0.00225878
-0.26250000, -0.08750000, 0.35000000, -0.00512413
-0.21875000, -0.13125000, 0.35000000, -0.00854423
-0.17500000, -0.17500000, 0.35000000, -0.01254219
-0.13125000, -0.21875000, 0.35000000, -0.01716865
-0.08750000, -0.26250000, 0.35000000, -0.02245013
-0.04375000, -0.30625000, 0.35000000, -0.02825465
0.00000000, -0.35000000, 0.35000000, -0.03385326
0.04375000, -0.35000000, 0.30625000, -0.03829099
0.08750000, -0.35000000, 0.26250000, -0.04232407
0.13125000, -0.35000000, 0.21875000, -0.04538463
0.17500000, -0.35000000, 0.17500000, -0.04737811
0.21875000, -0.35000000, 0.13125000, -0.04823906
0.26250000, -0.35000000, 0.08750000, -0.04783612
0.30625000, -0.35000000, 0.04375000, -0.04598992
0.35000000, -0.35000000, 0.00000000, -0.04255456
0.35000000, -0.30625000, -0.04375000, -0.03441567
0.35000000, -0.26250000, -0.08750000, -0.02707308
0.35000000, -0.21875000, -0.13125000, -0.02062744
0.35000000, -0.17500000, -0.17500000, -0.01509046
0.35000000, -0.13125000, -0.21875000, -0.01036823
0.35000000, -0.08750000, -0.26250000, -0.00632873
0.35000000, -0.04375000, -0.30625000, -0.00287660
0.40000000, 0.00000000, -0.40000000, 0.00000000
0.35000000, 0.05000000, -0.40000000, 0.00248264
0.30000000, 0.10000000, -0.40000000, 0.00577830
0.25000000, 0.15000000, -0.40000000, 0.00983238
0.20000000, 0.20000000, -0.40000000, 0.01466790
0.15000000, 0.25000000, -0.40000000, 0.02033099
0.10000000, 0.30000000, -0.40000000, 0.02679191
0.05000000, 0.35000000, -0.40000000, 0.03382549
0.00000000, 0.40000000, -0.40000000, 0.04092231
-0.05000000, 0.40000000, -0.35000000, 0.04740293
-0.10000000, 0.40000000, -0.30000000, 0.05169243
-0.15000000, 0.40000000, -0.25000000, 0.05345870
-0.20000000, 0.40000000, -0.20000000, 0.05272597
-0.25000000, 0.40000000, -0.15000000, 0.04967804
-0.30000000, 0.40000000, -0.10000000, 0.04458800
-0.35000000, 0.40000000, -0.05000000, 0.03791695
-0.40000000, 0.40000000, 0.00000000, 0.03078797
-0.40000000, 0.35000000, 0.05000000, 0.02609550
-0.40000000, 0.30000000, 0.10000000, 0.02076474
-0.40000000, 0.25000000, 0.15000000, 0.01576079
-0.40000000, 0.20000000, 0.20000000, 0.01133658
-0.40000000, 0.15000000, 0.25000000, 0.00753620
-0.40000000, 0.10000000, 0.30000000, 0.00435766
-0.40000000, 0.05000000, 0.35000000, 0.00181719
-0.40000000, 0.00000000, 0.40000000, -0.00000000
-0.35000000, -0.05000000, 0.40000000, -0.00181719
-0.30000000, -0.10000000, 0.40000000, -0.00435766
-0.25000000, -0.15000000, 0.40000000, -0.00753620
-0.20000000, -0.20000000, 0.40000000, -0.01133658
-0.15000000, -0.25000000, 0.40000000, -0.01576079
-0.10000000, -0.30000000, 0.40000000, -0.02076474
-0.05000000, -0.35000000, 0.40000000, -0.02609550
0.00000000, -0.40000000, 0.40000000, -0.03078797
0.05000000, -0.40000000, 0.35000000, -0.03791695
0.10000000, -0.40000000, 0.30000000, -0.04458800
0.15000000, -0.40000000, 0.25000000, -0.04967804
0.20000000, -0.40000000, 0.20000000, -0.05272597
0.25000000, -0.40000000, 0.15000000, -0.05345870
0.30000000, -0.40000000, 0.10000000, -0.05169243
0.35000000, -0.40000000, 0.05000000, -0.04740293
0.40000000, -0.40000000, 0.00000000, -0.04092231
0.40000000, -0.35000000, -0.05000000, -0.03382549
0.40000000, -0.30000000, -0.10000000, -0.02679191
0.40000000, -0.25000000, -0.15000000, -0.02033099
0.40000000, -0.20000000, -0.20000000, -0.01466790
0.40000000, -0.15000000, -0.25000000, -0.00983238
0.40000000, -0.10000000, -0.30000000, -0.00577830
0.40000000, -0.05000000, -0.35000000, -0.00248264
0.45000000, 0.00000000, -0.45000000, -0.00000000
0.39375000, 0.05625000, -0.45000000, 0.00183275
0.33750000, 0.11250000, -0.45000000, 0.00458519
0.28125000, 0.16875000, -0.45000000, 0.00818931
0.22500000, 0.22500000, -0.45000000, 0.01260942
0.16875000, 0.28125000, -0.45000000, 0.01779258
0.11250000, 0.33750000, -0.45000000, 0.02356563
0.05625000, 0.39375000, -0.45000000, 0.02948551
0.00000000, 0.45000000, -0.45000000, 0.03466046
-0.05625000, 0.45000000, -0.39375000, 0.04401505
-0.11250000, 0.45000000, -0.33750000, 0.05114273
-0.16875000, 0.45000000, -0.28125000, 0.05475624
-0.22500000, 0.45000000, -0.22500000, 0.05441278
-0.28125000, 0.45000000, -0.16875000, 0.05028921
-0.33750000, 0.45000000, -0.11250000, 0.04304953
-0.39375000, 0.45000000, -0.05625000, 0.03385293
-0.45000000, 0.45000000, 0.00000000, 0.02464331
-0.45000000, 0.39375000, 0.05625000, 0.02133904
-0.45000000, 0.33750000, 0.11250000, 0.01703320
-0.45000000, 0.28125000, 0.16875000, 0.01281603
-0.45000000, 0.22500000, 0.22500000, 0.00904254
-0.45000000, 0.16875000, 0.28125000, 0.00582955
-0.45000000, 0.11250000, 0.33750000, 0.00322067
-0.45000000, 0.05625000, 0.39375000, 0.00125296
-0.45000000, 0.00000000, 0.45000000, 0.00000000
-0.39375000, -0.05625000, 0.45000000, -0.00125296
-0.33750000, -0.11250000, 0.45000000, -0.00322067
-0.28125000, -0.16875000, 0.45000000, -0.00582955
-0.22500000, -0.22500000, 0.45000000, -0.00904254
-0.16875000, -0.28125000, 0.45000000, -0.01281603
-0.11250000, -0.33750000, 0.45000000, -0.01703320
-0.05625000, -0.39375000, 0.45000000, -0.02133904
0.00000000, -0.45000000, 0.45000000, -0.02464331
0.05625000, -0.45000000, 0.39375000, -0.03385293
0.11250000, -0.45000000, 0.33750000, -0.04304953
0.16875000, -0.45000000, 0.28125000, -0.05028921
0.22500000, -0.45000000, 0.22500000, -0.05441278
0.28125000, -0.45000000, 0.16875000, -0.05475624
0.33750000, -0.45000000, 0.11250000, -0.05114273
0.39375000, -0.45000000, 0.05625000, -0.04401505
0.45000000, -0.45000000, 0.00000000, -0.03466046
0.45000000, -0.39375000, -0.05625000, -0.02948551
0.45000000, -0.33750000, -0.11250000, -0.02356563
0.45000000, -0.28125000, -0.16875000, -0.01779258
0.45000000, -0.22500000, -0.22500000, -0.01260942
0.45000000, -0.16875000, -0.28125000, -0.00818931
0.45000000, -0.11250000, -0.33750000, -0.00458519
0.45000000, -0.05625000, -0.39375000, -0.00183275
0.50000000, 0.00000000, -0.50000000, -0.00000000
0.43750000, 0.06250000, -0.50000000, 0.00115464
0.37500000, 0.12500000, -0.50000000, 0.00315244
0.31250000, 0.18750000, -0.50000000, 0.00596554
0.25000000, 0.25000000, -0.50000000, 0.00954040
0.18750000, 0.31250000, -0.50000000, 0.01375385
0.12500000, 0.37500000, -0.50000000, 0.01832333
0.06250000, 0.43750000, -0.50000000, 0.02266753
0.00000000, 0.50000000, -0.50000000, 0.02569765
-0.06250000, 0.50000000, -0.43750000, 0.03673245
-0.12500000, 0.50000000, -0.37500000, 0.04632287
-0.18750000, 0.50000000, -0.31250000, 0.05187418
-0.25000000, 0.50000000, -0.25000000, 0.05210311
-0.31250000, 0.50000000, -0.18750000, 0.04707259
-0.37500000, 0.50000000, -0.12500000, 0.03802495
-0.43750000, 0.50000000, -0.06250000, 0.02712330
-0.50000000, 0.50000000, 0.00000000, 0.01720552
-0.50000000, 0.43750000, 0.06250000, 0.01532590
-0.50000000, 0.37500000, 0.12500000, 0.01229749
-0.50000000, 0.31250000, 0.18750000, 0.00916493
-0.50000000, 0.25000000, 0.25000000, 0.00632397
-0.50000000, 0.18750000, 0.31250000, 0.00393364
-0.50000000, 0.12500000, 0.37500000, 0.00206069
-0.50000000, 0.06250000, 0.43750000, 0.00073823
-0.50000000, 0.00000000, 0.50000000, 0.00000000
-0.43750000, -0.06250000, 0.50000000, -0.00073823
-0.37500000, -0.12500000, 0.50000000, -0.00206069
-0.31250000, -0.18750000, 0.50000000, -0.00393364
-0.25000000, -0.25000000, 0.50000000, -0.00632397
-0.18750000, -0.31250000, 0.50000000, -0.00916493
-0.12500000, -0.37500000, 0.50000000, -0.01229749
-0.06250000, -0.43750000, 0.50000000, -0.01532590
0.00000000, -0.50000000, 0.50000000, -0.01720552
0.06250000, -0.50000000, 0.43750000, -0.02712330
0.12500000, -0.50000000, 0.37500000, -0.03802495
0.18750000, -0.50000000, 0.31250000, -0.04707259
0.25000000, -0.50000000, 0.25000000, -0.05210311
0.31250000, -0.50000000, 0.18750000, -0.05187418
0.37500000, -0.50000000, 0.12500000, -0.04632287
0.43750000, -0.50000000, 0.06250000, -0.03673245
0.50000000, -0.50000000, 0.00000000, -0.02569765
0.50000000, -0.43750000, -0.06250000, -0.02266753
0.50000000, -0.37500000, -0.12500000, -0.01832333
0.50000000, -0.31250000, -0.18750000, -0.01375385
0.50000000, -0.25000000, -0.25000000, -0.00954040
0.50000000, -0.18750000, -0.31250000, -0.00596554
0.50000000, -0.12500000, -0.37500000, -0.00315244
0.50000000, -0.06250000, -0.43750000, -0.00115464
0.55000000, 0.00000000, -0.55000000, 0.00000000
0.48125000, 0.06875000, -0.55000000, 0.00061540
0.41250000, 0.13750000, -0.55000000, 0.00186130
0.34375000, 0.20625000, -0.55000000, 0.00376646
0.27500000, 0.27500000, -0.55000000, 0.00629535
0.20625000, 0.34375000, -0.55000000, 0.00930473
0.13750000, 0.41250000, -0.55000000, 0.01247486
0.06875000, 0.48125000, -0.55000000, 0.01521180
0.00000000, 0.55000000, -0.55000000, 0.01647925
-0.06875000, 0.55000000, -0.48125000, 0.02740152
-0.13750000, 0.55000000, -0.41250000, 0.03831829
-0.20625000, 0.55000000, -0.34375000, 0.04539620
-0.27500000, 0.55000000, -0.27500000, 0.04624068
-0.34375000, 0.55000000, -0.20625000, 0.04066903
-0.41250000, 0.55000000, -0.13750000, 0.03061810
-0.48125000, 0.55000000, -0.06875000, 0.01935741
-0.55000000, 0.55000000, 0.00000000, 0.01032286
-0.55000000, 0.48125000, 0.06875000, 0.00954276
-0.55000000, 0.41250000, 0.13750000, 0.00771761
-0.55000000, 0.34375000, 0.20625000, 0.00569430
-0.55000000, 0.27500000, 0.27500000, 0.00383282
-0.55000000, 0.20625000, 0.34375000, 0.00229071
-0.55000000, 0.13750000, 0.41250000, 0.00113124
-0.55000000, 0.06875000, 0.48125000, 0.00036936
-0.55000000, 0.00000000, 0.55000000, -0.00000000
-0.48125000, -0.06875000, 0.55000000, -0.00036936
-0.41250000, -0.13750000, 0.55000000, -0.00113124
-0.34375000, -0.20625000, 0.55000000, -0.00229071
-0.27500000, -0.27500000, 0.55000000, -0.00383282
-0.20625000, -0.34375000, 0.55000000, -0.00569430
-0.13750000, -0.41250000, 0.55000000, -0.00771761
-0.06875000, -0.48125000, 0.55000000, -0.00954276
0.00000000, -0.55000000, 0.55000000, -0.01032286
0.06875000, -0.55000000, 0.48125000, -0.01935741
0.13750000, -0.55000000, 0.41250000, -0.03061810
0.20625000, -0.55000000, 0.34375000, -0.04066903
0.27500000, -0.55000000, 0.27500000, -0.04624068
0.34375000, -0.55000000, 0.20625000, -0.04539620
0.41250000, -0.55000000, 0.13750000, -0.03831829
0.48125000, -0.55000000, 0.06875000, -0.02740152
0.55000000, -0.55000000, 0.00000000, -0.01647925
0.55000000, -0.48125000, -0.06875000, -0.01521180
0.55000000, -0.41250000, -0.13750000, -0.01247486
0.55000000, -0.34375000, -0.20625000, -0.00930473
0.55000000, -0.27500000, -0.27500000, -0.00629535
0.55000000, -0.20625000, -0.34375000, -0.00376646
0.55000000, -0.13750000, -0.41250000, -0.00186130
0.55000000, -0.06875000, -0.48125000, -0.00061540
0.60000000, 0.00000000, -0.60000000, 0.00000000
0.52500000, 0.07500000, -0.60000000, 0.00027286
0.45000000, 0.15000000, -0.60000000, 0.00092797
0.37500000, 0.22500000, -0.60000000, 0.00202831
0.30000000, 0.30000000, -0.60000000, 0.00356750
0.22500000, 0.37500000, -0.60000000, 0.00542551
0.15000000, 0.45000000, -0.60000000, 0.00732070
0.07500000, 0.52500000, -0.60000000, 0.00876085
0.00000000, 0.60000000, -0.60000000, 0.00895475
-0.07500000, 0.60000000, -0.52500000, 0.01809203
-0.15000000, 0.60000000, -0.45000000, 0.02879116
-0.22500000, 0.60000000, -0.37500000, 0.03656097
-0.30000000, 0.60000000, -0.30000000, 0.03790665
-0.37500000, 0.60000000, -0.22500000, 0.03229913
-0.45000000, 0.60000000, -0.15000000, 0.02233436
-0.52500000, 0.60000000, -0.07500000, 0.01216116
-0.60000000, 0.60000000, 0.00000000, 0.00519201
-0.60000000, 0.52500000, 0.07500000, 0.00504410
-0.60000000, 0.45000000, 0.15000000, 0.00412612
-0.60000000, 0.37500000, 0.22500000, 0.00301363
-0.60000000, 0.30000000, 0.30000000, 0.00197441
-0.60000000, 0.22500000, 0.37500000, 0.00113034
-0.60000000, 0.15000000, 0.45000000, 0.00052477
-0.60000000, 0.07500000, 0.52500000, 0.00015595
-0.60000000, 0.00000000, 0.60000000, -0.00000000
-0.52500000, -0.07500000, 0.60000000, -0.00015595
-0.45000000, -0.15000000, 0.60000000, -0.00052477
-0.37500000, -0.22500000, 0.60000000, -0.00113034
-0.30000000, -0.30000000, 0.60000000, -0.00197441
-0.22500000, -0.37500000, 0.60000000, -0.00301363
-0.15000000, -0.45000000, 0.60000000, -0.00412612
-0.07500000, -0.52500000, 0.60000000, -0.00504410
0.00000000, -0.60000000, 0.60000000, -0.00519201
0.07500000, -0.60000000, 0.52500000, -0.01216116
0.15000000, -0.60000000, 0.45000000, -0.02233436
0.22500000, -0.60000000, 0.37500000, -0.03229913
0.30000000, -0.60000000, 0.30000000, -0.03790665
0.37500000, -0.60000000, 0.22500000, -0.03656097
0.45000000, -0.60000000, 0.15000000, -0.02879116
0.52500000, -0.60000000, 0.07500000, -0.01809203
0.60000000, -0.60000000, 0.00000000, -0.00895475
0.60000000, -0.52500000, -0.07500000, -0.00876085
0.60000000, -0.45000000, -0.15000000, -0.00732070
0.60000000, -0.37500000, -0.22500000, -0.00542551
0.60000000, -0.30000000, -0.30000000, -0.00356750
0.60000000, -0.22500000, -0.37500000, -0.00202831
0.60000000, -0.15000000, -0.45000000, -0.00092797
0.60000000, -0.07500000, -0.52500000, -0.00027286
0.65000000, 0.00000000, -0.65000000, -0.00000000
0.56875000, 0.08125000, -0.65000000, 0.00009858
0.48750000, 0.16250000, -0.65000000, 0.00038139
0.40625000, 0.24375000, -0.65000000, 0.00090980
0.32500000, 0.32500000, -0.65000000, 0.00169598
0.24375000, 0.40625000, -0.65000000, 0.00266276
0.16250000, 0.48750000, -0.65000000, 0.00361281
0.08125000, 0.56875000, -0.65000000, 0.00421582
0.00000000, 0.65000000, -0.65000000, 0.00399113
-0.08125000, 0.65000000, -0.56875000, 0.01040141
-0.16250000, 0.65000000, -0.48750000, 0.01946367
-0.24375000, 0.65000000, -0.40625000, 0.02690883
-0.32500000, 0.65000000, -0.32500000, 0.02851835
-0.40625000, 0.65000000, -0.24375000, 0.02340855
-0.48750000, 0.65000000, -0.16250000, 0.01460735
-0.56875000, 0.65000000, -0.08125000, 0.00660172
-0.65000000, 0.65000000, 0.00000000, 0.00210682
-0.65000000, 0.56875000, 0.08125000, 0.00219151
-0.65000000, 0.48750000, 0.16250000, 0.00182209
-0.65000000, 0.40625000, 0.24375000, 0.00131838
-0.65000000, 0.32500000, 0.32500000, 0.00084024
-0.65000000, 0.24375000, 0.40625000, 0.00046087
-0.65000000, 0.16250000, 0.48750000, 0.00020193
-0.65000000, 0.08125000, 0.56875000, 0.00005563
-0.65000000, 0.00000000, 0.65000000, 0.00000000
-0.56875000, -0.08125000, 0.65000000, -0.00005563
-0.48750000, -0.16250000, 0.65000000, -0.00020193
-0.40625000, -0.24375000, 0.65000000, -0.00046087
-0.32500000, -0.32500000, 0.65000000, -0.00084024
-0.24375000, -0.40625000, 0.65000000, -0.00131838
-0.16250000, -0.48750000, 0.65000000, -0.00182209
-0.08125000, -0.56875000, 0.65000000, -0.00219151
0.00000000, -0.65000000, 0.65000000, -0.00210682
0.08125000, -0.65000000, 0.56875000, -0.00660172
0.16250000, -0.65000000, 0.48750000, -0.01460735
0.24375000, -0.65000000, 0.40625000, -0.02340855
0.32500000, -0.65000000, 0.32500000, -0.02851835
0.40625000, -0.65000000, 0.24375000, -0.02690883
0.48750000, -0.65000000, 0.16250000, -0.01946367
0.56875000, -0.65000000, 0.08125000, -0.01040141
0.65000000, -0.65000000, 0.00000000, -0.00399113
0.65000000, -0.56875000, -0.08125000, -0.00421582
0.65000000, -0.48750000, -0.16250000, -0.00361281
0.65000000, -0.40625000, -0.24375000, -0.00266276
0.65000000, -0.32500000, -0.32500000, -0.00169598
0.65000000, -0.24375000, -0.40625000, -0.00090980
0.65000000, -0.16250000, -0.48750000, -0.00038139
0.65000000, -0.08125000, -0.56875000, -0.00009858
0.70000000, 0.00000000, -0.70000000, -0.00000000
0.61250000, 0.08750000, -0.70000000, 0.00002900
0.52500000, 0.17500000, -0.70000000, 0.00012695
0.43750000, 0.26250000, -0.70000000, 0.00033113
0.35000000, 0.35000000, -0.70000000, 0.00065580
0.26250000, 0.43750000, -0.70000000, 0.00106310
0.17500000, 0.52500000, -0.70000000, 0.00144533
0.08750000, 0.61250000, -0.70000000, 0.00162939
0.00000000, 0.70000000, -0.70000000, 0.00139278
-0.08750000, 0.70000000, -0.61250000, 0.00507372
-0.17500000, 0.70000000, -0.52500000, 0.01165883
-0.26250000, 0.70000000, -0.43750000, 0.01788671
-0.35000000, 0.70000000, -0.35000000, 0.01947425
-0.43750000, 0.70000000, -0.26250000, 0.01529603
-0.52500000, 0.70000000, -0.17500000, 0.00842786
-0.61250000, 0.70000000, -0.08750000, 0.00300895
-0.70000000, 0.70000000, 0.00000000, 0.00065721
-0.70000000, 0.61250000, 0.08750000, 0.00074930
-0.70000000, 0.52500000, 0.17500000, 0.00063706
-0.70000000, 0.43750000, 0.26250000, 0.00045852
-0.70000000, 0.35000000, 0.35000000, 0.00028645
-0.70000000, 0.26250000, 0.43750000, 0.00015244
-0.70000000, 0.17500000, 0.52500000, 0.00006409
-0.70000000, 0.08750000, 0.61250000, 0.00001682
-0.70000000, 0.00000000, 0.70000000, 0.00000000
-0.61250000, -0.08750000, 0.70000000, -0.00001682
-0.52500000, -0.17500000, 0.70000000, -0.00006409
-0.43750000, -0.26250000, 0.70000000, -0.00015244
-0.35000000, -0.35000000, 0.70000000, -0.00028645
-0.26250000, -0.43750000, 0.70000000, -0.00045852
-0.17500000, -0.52500000, 0.70000000, -0.00063706
-0.08750000, -0.61250000, 0.70000000, -0.00074930
0.00000000, -0.70000000, 0.70000000, -0.00065721
0.08750000, -0.70000000, 0.61250000, -0.00300895
0.17500000, -0.70000000, 0.52500000, -0.00842786
0.26250000, -0.70000000, 0.43750000, -0.01529603
0.35000000, -0.70000000, 0.35000000, -0.01947425
0.43750000, -0.70000000, 0.26250000, -0.01788671
0.52500000, -0.70000000, 0.17500000, -0.01165883
0.61250000, -0.70000000, 0.08750000, -0.00507372
0.70000000, -0.70000000, 0.00000000, -0.00139278
0.70000000, -0.61250000, -0.08750000, -0.00162939
0.70000000, -0.52500000, -0.17500000, -0.00144533
0.70000000, -0.43750000, -0.26250000, -0.00106310
0.70000000, -0.35000000, -0.35000000, -0.00065580
0.70000000, -0.26250000, -0.43750000, -0.00033113
0.70000000, -0.17500000, -0.52500000, -0.00012695
0.70000000, -0.08750000, -0.61250000, -0.00002900
0.75000000, 0.00000000, -0.75000000, 0.00000000
0.65625000, 0.09375000, -0.75000000, 0.00000749
0.56250000, 0.18750000, -0.75000000, 0.00003543
0.46875000, 0.28125000, -0.75000000, 0.00009714
0.37500000, 0.37500000, -0.75000000, 0.00020012
0.28125000, 0.46875000, -0.75000000, 0.00033063
0.18750000, 0.56250000, -0.75000000, 0.00044554
0.09375000, 0.65625000, -0.75000000, 0.00047980
0.00000000, 0.75000000, -0.75000000, 0.00036223
-0.09375000, 0.75000000, -0.65625000, 0.00201716
-0.18750000, 0.75000000, -0.56250000, 0.00604145
-0.28125000, 0.75000000, -0.46875000, 0.01053239
-0.37500000, 0.75000000, -0.37500000, 0.01185088
-0.46875000, 0.75000000, -0.28125000, 0.00883709
-0.56250000, 0.75000000, -0.18750000, 0.00418340
-0.65625000, 0.75000000, -0.09375000, 0.00110145
-0.75000000, 0.75000000, 0.00000000, 0.00015564
-0.75000000, 0.65625000, 0.09375000, 0.00019404
-0.75000000, 0.56250000, 0.18750000, 0.00016911
-0.75000000, 0.46875000, 0.28125000, 0.00012301
-0.75000000, 0.37500000, 0.37500000, 0.00007838
-0.75000000, 0.28125000, 0.46875000, 0.00004254
-0.75000000, 0.18750000, 0.56250000, 0.00001753
-0.75000000, 0.09375000, 0.65625000, 0.00000390
-0.75000000, 0.00000000, 0.75000000, -0.00000000
-0.65625000, -0.09375000, 0.75000000, -0.00000390
-0.56250000, -0.18750000, 0.75000000, -0.00001753
-0.46875000, -0.28125000, 0.75000000, -0.00004254
-0.37500000, -0.37500000, 0.75000000, -0.00007838
-0.28125000, -0.46875000, 0.75000000, -0.00012301
-0.18750000, -0.56250000, 0.75000000, -0.00016911
-0.09375000, -0.65625000, 0.75000000, -0.00019404
0.00000000, -0.75000000, 0.75000000, -0.00015564
0.09375000, -0.75000000, 0.65625000, -0.00110145
0.18750000, -0.75000000, 0.56250000, -0.00418340
0.28125000, -0.75000000, 0.46875000, -0.00883709
0.37500000, -0.75000000, 0.37500000, -0.01185088
0.46875000, -0.75000000, 0.28125000, -0.01053239
0.56250000, -0.75000000, 0.18750000, -0.00604145
0.65625000, -0.75000000, 0.09375000, -0.00201716
0.75000000, -0.75000000, 0.00000000, -0.00036223
0.75000000, -0.65625000, -0.09375000, -0.00047980
0.75000000, -0.56250000, -0.18750000, -0.00044554
0.75000000, -0.46875000, -0.28125000, -0.00033063
0.75000000, -0.37500000, -0.37500000, -0.00020012
0.75000000, -0.28125000, -0.46875000, -0.00009714
0.75000000, -0.18750000, -0.56250000, -0.00003543
0.75000000, -0.09375000, -0.65625000, -0.00000749
0.80000000, 0.00000000, -0.80000000, 0.00000000
0.70000000, 0.10000000, -0.80000000, 0.00000167
0.60000000, 0.20000000, -0.80000000, 0.00000850
0.50000000, 0.30000000, -0.80000000, 0.00002286
0.40000000, 0.40000000, -0.80000000, 0.00004647
0.30000000, 0.50000000, -0.80000000, 0.00007537
0.20000000, 0.60000000, -0.80000000, 0.00009803
0.10000000, 0.70000000, -0.80000000, 0.00009944
0.00000000, 0.80000000, -0.80000000, 0.00006629
-0.10000000, 0.80000000, -0.70000000, 0.00061501
-0.20000000, 0.80000000, -0.60000000, 0.00260689
-0.30000000, 0.80000000, -0.50000000, 0.00531645
-0.40000000, 0.80000000, -0.40000000, 0.00622635
-0.50000000, 0.80000000, -0.30000000, 0.00436794
-0.60000000, 0.80000000, -0.20000000, 0.00171799
-0.70000000, 0.80000000, -0.10000000, 0.00030118
-0.80000000, 0.80000000, 0.00000000, 0.00002853
-0.80000000, 0.70000000, 0.10000000, 0.00003638
-0.80000000, 0.60000000, 0.20000000, 0.00003223
-0.80000000, 0.50000000, 0.30000000, 0.00002480
-0.80000000, 0.40000000, 0.40000000, 0.00001783
-0.80000000, 0.30000000, 0.50000000, 0.00001069
-0.80000000, 0.20000000, 0.60000000, 0.00000422
-0.80000000, 0.10000000, 0.70000000, 0.00000043
-0.80000000, 0.00000000, 0.80000000, -0.00000000
-0.70000000, -0.10000000, 0.80000000, -0.00000043
-0.60000000, -0.20000000, 0.80000000, -0.00000422
-0.50000000, -0.30000000, 0.80000000, -0.00001069
-0.40000000, -0.40000000, 0.80000000, -0.00001783
-0.30000000, -0.50000000, 0.80000000, -0.00002480
-0.20000000, -0.60000000, 0.80000000, -0.00003223
-0.10000000, -0.70000000, 0.80000000, -0.00003638
0.00000000, -0.80000000, 0.80000000, -0.00002853
0.10000000, -0.80000000, 0.70000000, -0.00030118
0.20000000, -0.80000000, 0.60000000, -0.00171799
0.30000000, -0.80000000, 0.50000000, -0.00436794
0.40000000, -0.80000000, 0.40000000, -0.00622635
0.50000000, -0.80000000, 0.30000000, -0.00531645
0.60000000, -0.80000000, 0.20000000, -0.00260689
0.70000000, -0.80000000, 0.10000000, -0.00061501
0.80000000, -0.80000000, 0.00000000, -0.00006629
0.80000000, -0.70000000, -0.10000000, -0.00009944
0.80000000, -0.60000000, -0.20000000, -0.00009803
0.80000000, -0.50000000, -0.30000000, -0.00007537
0.80000000, -0.40000000, -0.40000000, -0.00004647
0.80000000, -0.30000000, -0.50000000, -0.00002286
0.80000000, -0.20000000, -0.60000000, -0.00000850
0.80000000, -0.10000000, -0.70000000, -0.00000167
0.85000000, 0.00000000, -0.85000000, -0.00000000
0.74375000, 0.10625000, -0.85000000, -0.00000004
0.63750000, 0.21250000, -0.85000000, 0.00000004
0.53125000, 0.31875000, -0.85000000, 0.00000163
0.42500000, 0.42500000, -0.85000000, 0.00000495
0.31875000, 0.53125000, -0.85000000, 0.00000861
0.21250000, 0.63750000, -0.85000000, 0.00001024
0.10625000, 0.74375000, -0.85000000, 0.00000735
0.00000000, 0.85000000, -0.85000000, -0.00000216
-0.10625000, 0.85000000, -0.74375000, 0.00013077
-0.21250000, 0.85000000, -0.63750000, 0.00087642
-0.31875000, 0.85000000, -0.53125000, 0.00216331
-0.42500000, 0.85000000, -0.42500000, 0.00265931
-0.53125000, 0.85000000, -0.31875000, 0.00173725
-0.63750000, 0.85000000, -0.21250000, 0.00054593
-0.74375000, 0.85000000, -0.10625000, 0.00005245
-0.85000000, 0.85000000, 0.00000000, -0.00000595
-0.85000000, 0.74375000, 0.10625000, -0.00000165
-0.85000000, 0.63750000, 0.21250000, -0.00000048
-0.85000000, 0.53125000, 0.31875000, 0.00000023
-0.85000000, 0.42500000, 0.42500000, 0.00000078
-0.85000000, 0.31875000, 0.53125000, 0.00000073
-0.85000000, 0.21250000, 0.63750000, 0.00000042
-0.85000000, 0.10625000, 0.74375000, 0.00000033
-0.85000000, 0.00000000, 0.85000000, 0.00000000
-0.74375000, -0.10625000, 0.85000000, -0.00000033
-0.63750000, -0.21250000, 0.85000000, -0.00000042
-0.53125000, -0.31875000, 0.85000000, -0.00000073
-0.42500000, -0.42500000, 0.85000000, -0.00000078
-0.31875000, -0.53125000, 0.85000000, -0.00000023
-0.21250000, -0.63750000, 0.85000000, 0.00000048
-0.10625000, -0.74375000, 0.85000000, 0.00000165
0.00000000, -0.85000000, 0.85000000, 0.00000595
0.10625000, -0.85000000, 0.74375000, -0.00005245
0.21250000, -0.85000000, 0.63750000, -0.00054593
0.31875000, -0.85000000, 0.53125000, -0.00173725
0.42500000, -0.85000000, 0.42500000, -0.00265931
0.53125000, -0.85000000, 0.31875000, -0.00216331
0.63750000, -0.85000000, 0.21250000, -0.00087642
0.74375000, -0.85000000, 0.10625000, -0.00013077
0.85000000, -0.85000000, 0.00000000, 0.00000216
0.85000000, -0.74375000, -0.10625000, -0.00000735
0.85000000, -0.63750000, -0.21250000, -0.00001024
0.85000000, -0.53125000, -0.31875000, -0.00000861
0.85000000, -0.42500000, -0.42500000, -0.00000495
0.85000000, -0.31875000, -0.53125000, -0.00000163
0.85000000, -0.21250000, -0.63750000, -0.00000004
0.85000000, -0.10625000, -0.74375000, 0.00000004
0.90000000, 0.00000000, -0.90000000, -0.00000000
0.78750000, 0.11250000, -0.90000000, -0.00000010
0.67500000, 0.22500000, -0.90000000, -0.00000079
0.56250000, 0.33750000, -0.90000000, -0.00000121
0.45000000, 0.45000000, -0.90000000, -0.00000121
0.33750000, 0.56250000, -0.90000000, -0.00000123
0.22500000, 0.67500000, -0.90000000, -0.00000175
0.11250000, 0.78750000, -0.90000000, -0.00000343
0.00000000, 0.90000000, -0.90000000, -0.00000650
-0.11250000, 0.90000000, -0.78750000, 0.00001438
-0.22500000, 0.90000000, -0.67500000, 0.00019718
-0.33750000, 0.90000000, -0.56250000, 0.00061761
-0.45000000, 0.90000000, -0.45000000, 0.00080521
-0.56250000, 0.90000000, -0.33750000, 0.00048364
-0.67500000, 0.90000000, -0.22500000, 0.00011475
-0.78750000, 0.90000000, -0.11250000, 0.00000238
-0.90000000, 0.90000000, 0.00000000, -0.00000575
-0.90000000, 0.78750000, 0.11250000, -0.00000395
-0.90000000, 0.67500000, 0.22500000, -0.00000288
-0.90000000, 0.56250000, 0.33750000, -0.00000201
-0.90000000, 0.45000000, 0.45000000, -0.00000130
-0.90000000, 0.33750000, 0.56250000, -0.00000065
-0.90000000, 0.22500000, 0.67500000, -0.00000006
-0.90000000, 0.11250000, 0.78750000, 0.00000031
-0.90000000, 0.00000000, 0.90000000, 0.00000000
-0.78750000, -0.11250000, 0.90000000, -0.00000031
-0.67500000, -0.22500000, 0.90000000, 0.00000006
-0.56250000, -0.33750000, 0.90000000, 0.00000065
-0.45000000, -0.45000000, 0.90000000, 0.00000130
-0.33750000, -0.56250000, 0.90000000, 0.00000201
-0.22500000, -0.67500000, 0.90000000, 0.00000288
-0.11250000, -0.78750000, 0.90000000, 0.00000395
0.00000000, -0.90000000, 0.90000000, 0.00000575
0.11250000, -0.90000000, 0.78750000, -0.00000238
0.22500000, -0.90000000, 0.67500000, -0.00011475
0.33750000, -0.90000000, 0.56250000, -0.00048364
0.45000000, -0.90000000, 0.45000000, -0.00080521
0.56250000, -0.90000000, 0.33750000, -0.00061761
0.67500000, -0.90000000, 0.22500000, -0.00019718
0.78750000, -0.90000000, 0.11250000, -0.00001438
0.90000000, -0.90000000, 0.00000000, 0.00000650
0.90000000, -0.78750000, -0.11250000, 0.00000343
0.90000000, -0.67500000, -0.22500000, 0.00000175
0.90000000, -0.56250000, -0.33750000, 0.00000123
0.90000000, -0.45000000, -0.45000000, 0.00000121
0.90000000, -0.33750000, -0.56250000, 0.00000121
0.90000000, -0.22500000, -0.67500000, 0.00000079
0.90000000, -0.11250000, -0.78750000, 0.00000010
0.95000000, 0.00000000, -0.95000000, 0.00000000
0.83125000, 0.11875000, -0.95000000, 0.00000009
0.71250000, 0.23750000, -0.95000000, 0.00000092
0.59375000, 0.35625000, -0.95000000, 0.00000173
0.47500000, 0.47500000, -0.95000000, 0.00000223
0.35625000, 0.59375000, -0.95000000, 0.00000250
0.23750000, 0.71250000, -0.95000000, 0.00000297
0.11875000, 0.83125000, -0.95000000, 0.00000451
0.00000000, 0.95000000, -0.95000000, 0.00000795
-0.11875000, 0.95000000, -0.83125000, -0.00000129
-0.23750000, 0.95000000, -0.71250000, 0.00001655
-0.35625000, 0.95000000, -0.59375000, 0.00007896
-0.47500000, 0.95000000, -0.47500000, 0.00011116
-0.59375000, 0.95000000, -0.35625000, 0.00005963
-0.71250000, 0.95000000, -0.23750000, 0.00000810
-0.83125000, 0.95000000, -0.11875000, 0.00000020
-0.95000000, 0.95000000, 0.00000000, 0.00000691
-0.95000000, 0.83125000, 0.11875000, 0.00000447
-0.95000000, 0.71250000, 0.23750000, 0.00000326
-0.95000000, 0.59375000, 0.35625000, 0.00000244
-0.95000000, 0.47500000, 0.47500000, 0.00000181
-0.95000000, 0.35625000, 0.59375000, 0.00000101
-0.95000000, 0.23750000, 0.71250000, 0.00000017
-0.95000000, 0.11875000, 0.83125000, -0.00000030
-0.95000000, 0.00000000, 0.95000000, -0.00000000
-0.83125000, -0.11875000, 0.95000000, 0.00000030
-0.71250000, -0.23750000, 0.95000000, -0.00000017
-0.59375000, -0.35625000, 0.95000000, -0.00000101
-0.47500000, -0.47500000, 0.95000000, -0.00000181
-0.35625000, -0.59375000, 0.95000000, -0.00000244
-0.23750000, -0.71250000, 0.95000000, -0.00000326
-0.11875000, -0.83125000, 0.95000000, -0.00000447
0.00000000, -0.95000000, 0.95000000, -0.00000691
0.11875000, -0.95000000, 0.83125000, -0.00000020
0.23750000, -0.95000000, 0.71250000, -0.00000810
0.35625000, -0.95000000, 0.59375000, -0.00005963
0.47500000, -0.95000000, 0.47500000, -0.00011116
0.59375000, -0.95000000, 0.35625000, -0.00007896
0.71250000, -0.95000000, 0.23750000, -0.00001655
0.83125000, -0.95000000, 0.11875000, 0.00000129
0.95000000, -0.95000000, 0.00000000, -0.00000795
0.95000000, -0.83125000, -0.11875000, -0.00000451
0.95000000, -0.71250000, -0.23750000, -0.00000297
0.95000000, -0.59375000, -0.35625000, -0.00000250
0.95000000, -0.47500000, -0.47500000, -0.00000223
0.95000000, -0.35625000, -0.59375000, -0.00000173
0.95000000, -0.23750000, -0.71250000, -0.00000092
0.95000000, -0.11875000, -0.83125000, -0.00000009
1.00000000, 0.00000000, -1.00000000, 0.00000000
0.87500000, 0.12500000, -1.00000000, 0.00000000
0.75000000, 0.25000000, -1.00000000, 0.00000000
0.62500000, 0.37500000, -1.00000000, 0.00000000
0.50000000, 0.50000000, -1.00000000, 0.00000000
0.37500000, 0.62500000, -1.00000000, 0.00000000
0.25000000, 0.75000000, -1.00000000, 0.00000000
0.12500000, 0.87500000, -1.00000000, 0.00000000
0.00000000, 1.00000000, -1.00000000, 0.00000000
-0.12500000, 1.00000000, -0.87500000, 0.00000000
-0.25000000, 1.00000000, -0.75000000, 0.00000000
-0.37500000, 1.00000000, -0.62500000, 0.00000000
-0.50000000, 1.00000000, -0.50000000, 0.00000000
-0.62500000, 1.00000000, -0.37500000, 0.00000000
-0.75000000, 1.00000000, -0.25000000, 0.00000000
-0.87500000, 1.00000000, -0.12500000, 0.00000000
-1.00000000, 1.00000000, 0.00000000, 0.00000000
-1.00000000, 0.87500000, 0.12500000, 0.00000000
-1.00000000, 0.75000000, 0.25000000, 0.00000000
-1.00000000, 0.62500000, 0.37500000, 0.00000000
-1.00000000, 0.50000000, 0.50000000, 0.00000000
-1.00000000, 0.37500000, 0.62500000, 0.00000000
-1.00000000, 0.25000000, 0.75000000, 0.00000000
-1.00000000, 0.12500000, 0.87500000, 0.00000000
-1.00000000, 0.00000000, 1.00000000, 0.00000000
-0.87500000, -0.12500000, 1.00000000, 0.00000000
-0.75000000, -0.25000000, 1.00000000, 0.00000000
-0.62500000, -0.37500000, 1.00000000, 0.00000000
-0.50000000, -0.50000000, 1.00000000, 0.00000000
-0.37500000, -0.62500000, 1.00000000, 0.00000000
-0.25000000, -0.75000000, 1.00000000, 0.00000000
-0.12500000, -0.87500000, 1.00000000, 0.00000000
0.00000000, -1.00000000, 1.00000000, 0.00000000
0.12500000, -1.00000000, 0.87500000, 0.00000000
0.25000000, -1.00000000, 0.75000000, 0.00000000
0.37500000, -1.00000000, 0.62500000, 0.00000000
0.50000000, -1.00000000, 0.50000000, 0.00000000
0.62500000, -1.00000000, 0.37500000, 0.00000000
0.75000000, -1.00000000, 0.25000000, 0.00000000
0.87500000, -1.00000000, 0.12500000, 0.00000000
1.00000000, -1.00000000, 0.00000000, 0.00000000
1.00000000, -0.87500000, -0.12500000, 0.00000000
1.00000000, -0.75000000, -0.25000000, 0.00000000
1.00000000, -0.62500000, -0.37500000, 0.00000000
1.00000000, -0.50000000, -0.50000000, 0.00000000
1.00000000, -0.37500000, -0.62500000, 0.00000000
1.00000000, -0.25000000, -0.75000000, 0.00000000
1.00000000, -0.12500000, -0.87500000, 0.00000000
