0.01000000, 0.00000000, -0.01000000, 0.00990127
0.00000000, 0.01000000, -0.01000000, 0.01431661
-0.00125000, 0.01000000, -0.00875000, 0.19847889
-0.00250000, 0.01000000, -0.00750000, 0.32984352
-0.00375000, 0.01000000, -0.00625000, 0.40845731
-0.00500000, 0.01000000, -0.00500000, 0.43402907
-0.00625000, 0.01000000, -0.00375000, 0.40689632
-0.00750000, 0.01000000, -0.00250000, 0.32651463
-0.00875000, 0.01000000, -0.00125000, 0.19352016
-0.01000000, 0.01000000, 0.00000000, 0.00729136
-0.01000000, 0.00875000, 0.00125000, 0.00790141
-0.01000000, 0.00750000, 0.00250000, 0.00810023
-0.01000000, 0.00625000, 0.00375000, 0.00846369
-0.01000000, 0.00500000, 0.00500000, 0.00856117
-0.01000000, 0.00375000, 0.00625000, 0.00896221
-0.01000000, 0.00250000, 0.00750000, 0.00897165
-0.01000000, 0.00125000, 0.00875000, 0.00944855
-0.01000000, 0.00000000, 0.01000000, 0.00990127
0.00000000, -0.01000000, 0.01000000, 0.01431661
0.00125000, -0.01000000, 0.00875000, 0.19847889
0.00250000, -0.01000000, 0.00750000, 0.32984352
0.00375000, -0.01000000, 0.00625000, 0.40845731
0.00500000, -0.01000000, 0.00500000, 0.43402907
0.00625000, -0.01000000, 0.00375000, 0.40689632
0.00750000, -0.01000000, 0.00250000, 0.32651463
0.00875000, -0.01000000, 0.00125000, 0.19352016
0.01000000, -0.01000000, 0.00000000, 0.00729136
0.01000000, -0.00875000, -0.00125000, 0.00790141
0.01000000, -0.00750000, -0.00250000, 0.00810023
0.01000000, -0.00625000, -0.00375000, 0.00846369
0.01000000, -0.00500000, -0.00500000, 0.00856117
0.01000000, -0.00375000, -0.00625000, 0.00896221
0.01000000, -0.00250000, -0.00750000, 0.00897165
0.01000000, -0.00125000, -0.00875000, 0.00944855
0.02000000, 0.00000000, -0.02000000, 0.01045885
0.01750000, 0.00250000, -0.02000000, 0.01075723
0.01500000, 0.00500000, -0.02000000, 0.01160318
0.01250000, 0.00750000, -0.02000000, 0.01213256
0.01000000, 0.01000000, -0.02000000, 0.01331072
0.00750000, 0.01250000, -0.02000000, 0.01401455
0.00500000, 0.01500000, -0.02000000, 0.01487963
0.00250000, 0.01750000, -0.02000000, 0.01568227
0.00000000, 0.02000000, -0.02000000, 0.01625218
-0.00250000, 0.02000000, -0.01750000, 0.10832267
-0.00500000, 0.02000000, -0.01500000, 0.17385203
-0.00750000, 0.02000000, -0.01250000, 0.21284363
-0.01000000, 0.02000000, -0.01000000, 0.22499707
-0.01250000, 0.02000000, -0.00750000, 0.21060699
-0.01500000, 0.02000000, -0.00500000, 0.16947684
-0.01750000, 0.02000000, -0.00250000, 0.10162991
-0.02000000, 0.02000000, 0.00000000, 0.00702648
-0.02000000, 0.01750000, 0.00250000, 0.00769164
-0.02000000, 0.01500000, 0.00500000, 0.00805698
-0.02000000, 0.01250000, 0.00750000, 0.00855391
-0.02000000, 0.01000000, 0.01000000, 0.00886513
-0.02000000, 0.00750000, 0.01250000, 0.00932393
-0.02000000, 0.00500000, 0.01500000, 0.00966481
-0.02000000, 0.00250000, 0.01750000, 0.00999445
-0.02000000, 0.00000000, 0.02000000, 0.01045885
-0.01750000, -0.00250000, 0.02000000, 0.01075723
-0.01500000, -0.00500000, 0.02000000, 0.01160318
-0.01250000, -0.00750000, 0.02000000, 0.01213256
-0.01000000, -0.01000000, 0.02000000, 0.01331072
-0.00750000, -0.01250000, 0.02000000, 0.01401455
-0.00500000, -0.01500000, 0.02000000, 0.01487963
-0.00250000, -0.01750000, 0.02000000, 0.01568227
0.00000000, -0.02000000, 0.02000000, 0.01625218
0.00250000, -0.02000000, 0.01750000, 0.10832267
0.00500000, -0.02000000, 0.01500000, 0.17385203
0.00750000, -0.02000000, 0.01250000, 0.21284363
0.01000000, -0.02000000, 0.01000000, 0.22499707
0.01250000, -0.02000000, 0.00750000, 0.21060699
0.01500000, -0.02000000, 0.00500000, 0.16947684
0.01750000, -0.02000000, 0.00250000, 0.10162991
0.02000000, -0.02000000, 0.00000000, 0.00702648
0.02000000, -0.01750000, -0.00250000, 0.00769164
0.02000000, -0.01500000, -0.00500000, 0.00805698
0.02000000, -0.01250000, -0.00750000, 0.00855391
0.02000000, -0.01000000, -0.01000000, 0.00886513
0.02000000, -0.00750000, -0.01250000, 0.00932393
0.02000000, -0.00500000, -0.01500000, 0.00966481
0.02000000, -0.00250000, -0.01750000, 0.00999445
0.03000000, 0.00000000, -0.03000000, 0.01097369
0.02625000, 0.00375000, -0.03000000, 0.01135722
0.02250000, 0.00750000, -0.03000000, 0.01224233
0.01875000, 0.01125000, -0.03000000, 0.01301695
0.01500000, 0.01500000, -0.03000000, 0.01406520
0.01125000, 0.01875000, -0.03000000, 0.01521914
0.00750000, 0.02250000, -0.03000000, 0.01637015
0.00375000, 0.02625000, -0.03000000, 0.01744877
0.00000000, 0.03000000, -0.03000000, 0.01817549
-0.00375000, 0.03000000, -0.02625000, 0.07954401
-0.00750000, 0.03000000, -0.02250000, 0.12312557
-0.01125000, 0.03000000, -0.01875000, 0.14886123
-0.01500000, 0.03000000, -0.01500000, 0.15656021
-0.01875000, 0.03000000, -0.01125000, 0.14626032
-0.02250000, 0.03000000, -0.00750000, 0.11797462
-0.02625000, 0.03000000, -0.00375000, 0.07170503
-0.03000000, 0.03000000, 0.00000000, 0.00747318
-0.03000000, 0.02625000, 0.00375000, 0.00822026
-0.03000000, 0.02250000, 0.00750000, 0.00860330
-0.03000000, 0.01875000, 0.01125000, 0.00906160
-0.03000000, 0.01500000, 0.01500000, 0.00943805
-0.03000000, 0.01125000, 0.01875000, 0.00979151
-0.03000000, 0.00750000, 0.02250000, 0.01019778
-0.03000000, 0.00375000, 0.02625000, 0.01053838
-0.03000000, 0.00000000, 0.03000000, 0.01097369
-0.02625000, -0.00375000, 0.03000000, 0.01135722
-0.02250000, -0.00750000, 0.03000000, 0.01224233
-0.01875000, -0.01125000, 0.03000000, 0.01301695
-0.01500000, -0.01500000, 0.03000000, 0.01406520
-0.01125000, -0.01875000, 0.03000000, 0.01521914
-0.00750000, -0.02250000, 0.03000000, 0.01637015
-0.00375000, -0.02625000, 0.03000000, 0.01744877
0.00000000, -0.03000000, 0.03000000, 0.01817549
0.00375000, -0.03000000, 0.02625000, 0.07954401
0.00750000, -0.03000000, 0.02250000, 0.12312557
0.01125000, -0.03000000, 0.01875000, 0.14886123
0.01500000, -0.03000000, 0.01500000, 0.15656021
0.01875000, -0.03000000, 0.01125000, 0.14626032
0.02250000, -0.03000000, 0.00750000, 0.11797462
0.02625000, -0.03000000, 0.00375000, 0.07170503
0.03000000, -0.03000000, 0.00000000, 0.00747318
0.03000000, -0.02625000, -0.00375000, 0.00822026
0.03000000, -0.02250000, -0.00750000, 0.00860330
0.03000000, -0.01875000, -0.01125000, 0.00906160
0.03000000, -0.01500000, -0.01500000, 0.00943805
0.03000000, -0.01125000, -0.01875000, 0.00979151
0.03000000, -0.00750000, -0.02250000, 0.01019778
0.03000000, -0.00375000, -0.02625000, 0.01053838
0.04000000, 0.00000000, -0.04000000, 0.01141678
0.03500000, 0.00500000, -0.04000000, 0.01183472
0.03000000, 0.01000000, -0.04000000, 0.01266620
0.02500000, 0.01500000, -0.04000000, 0.01369414
0.02000000, 0.02000000, -0.04000000, 0.01491873
0.01500000, 0.02500000, -0.04000000, 0.01625388
0.01000000, 0.03000000, -0.04000000, 0.01765810
0.00500000, 0.03500000, -0.04000000, 0.01899905
0.00000000, 0.04000000, -0.04000000, 0.01996568
-0.00500000, 0.04000000, -0.03500000, 0.06604609
-0.01000000, 0.04000000, -0.03000000, 0.09875587
-0.01500000, 0.04000000, -0.02500000, 0.11784858
-0.02000000, 0.04000000, -0.02000000, 0.12326402
-0.02500000, 0.04000000, -0.01500000, 0.11499184
-0.03000000, 0.04000000, -0.01000000, 0.09303469
-0.03500000, 0.04000000, -0.00500000, 0.05742070
-0.04000000, 0.04000000, 0.00000000, 0.00823782
-0.04000000, 0.03500000, 0.00500000, 0.00899222
-0.04000000, 0.03000000, 0.01000000, 0.00940231
-0.04000000, 0.02500000, 0.01500000, 0.00974387
-0.04000000, 0.02000000, 0.02000000, 0.01005073
-0.04000000, 0.01500000, 0.02500000, 0.01035119
-0.04000000, 0.01000000, 0.03000000, 0.01066563
-0.04000000, 0.00500000, 0.03500000, 0.01102584
-0.04000000, 0.00000000, 0.04000000, 0.01141678
-0.03500000, -0.00500000, 0.04000000, 0.01183472
-0.03000000, -0.01000000, 0.04000000, 0.01266620
-0.02500000, -0.01500000, 0.04000000, 0.01369414
-0.02000000, -0.02000000, 0.04000000, 0.01491873
-0.01500000, -0.02500000, 0.04000000, 0.01625388
-0.01000000, -0.03000000, 0.04000000, 0.01765810
-0.00500000, -0.03500000, 0.04000000, 0.01899905
0.00000000, -0.04000000, 0.04000000, 0.01996568
0.00500000, -0.04000000, 0.03500000, 0.06604609
0.01000000, -0.04000000, 0.03000000, 0.09875587
0.01500000, -0.04000000, 0.02500000, 0.11784858
0.02000000, -0.04000000, 0.02000000, 0.12326402
0.02500000, -0.04000000, 0.01500000, 0.11499184
0.03000000, -0.04000000, 0.01000000, 0.09303469
0.03500000, -0.04000000, 0.00500000, 0.05742070
0.04000000, -0.04000000, 0.00000000, 0.00823782
0.04000000, -0.03500000, -0.00500000, 0.00899222
0.04000000, -0.03000000, -0.01000000, 0.00940231
0.04000000, -0.02500000, -0.01500000, 0.00974387
0.04000000, -0.02000000, -0.02000000, 0.01005073
0.04000000, -0.01500000, -0.02500000, 0.01035119
0.04000000, -0.01000000, -0.03000000, 0.01066563
0.04000000, -0.00500000, -0.03500000, 0.01102584
0.05000000, 0.00000000, -0.05000000, 0.01181481
0.04375000, 0.00625000, -0.05000000, 0.01223860
0.03750000, 0.01250000, -0.05000000, 0.01311627
0.03125000, 0.01875000, -0.05000000, 0.01426741
0.02500000, 0.02500000, -0.05000000, 0.01565867
0.01875000, 0.03125000, -0.05000000, 0.01723440
0.01250000, 0.03750000, -0.05000000, 0.01888471
0.00625000, 0.04375000, -0.05000000, 0.02048948
0.00000000, 0.05000000, -0.05000000, 0.02165929
-0.00625000, 0.05000000, -0.04375000, 0.05861761
-0.01250000, 0.05000000, -0.03750000, 0.08481960
-0.01875000, 0.05000000, -0.03125000, 0.09997321
-0.02500000, 0.05000000, -0.02500000, 0.10401471
-0.03125000, 0.05000000, -0.01875000, 0.09692981
-0.03750000, 0.05000000, -0.01250000, 0.07873484
-0.04375000, 0.05000000, -0.00625000, 0.04945984
-0.05000000, 0.05000000, 0.00000000, 0.00924920
-0.05000000, 0.04375000, 0.00625000, 0.00995188
-0.05000000, 0.03750000, 0.01250000, 0.01027899
-0.05000000, 0.03125000, 0.01875000, 0.01050772
-0.05000000, 0.02500000, 0.02500000, 0.01071417
-0.05000000, 0.01875000, 0.03125000, 0.01091628
-0.05000000, 0.01250000, 0.03750000, 0.01113918
-0.05000000, 0.00625000, 0.04375000, 0.01146849
-0.05000000, 0.00000000, 0.05000000, 0.01181481
-0.04375000, -0.00625000, 0.05000000, 0.01223860
-0.03750000, -0.01250000, 0.05000000, 0.01311627
-0.03125000, -0.01875000, 0.05000000, 0.01426741
-0.02500000, -0.02500000, 0.05000000, 0.01565867
-0.01875000, -0.03125000, 0.05000000, 0.01723440
-0.01250000, -0.03750000, 0.05000000, 0.01888471
-0.00625000, -0.04375000, 0.05000000, 0.02048948
0.00000000, -0.05000000, 0.05000000, 0.02165929
0.00625000, -0.05000000, 0.04375000, 0.05861761
0.01250000, -0.05000000, 0.03750000, 0.08481960
0.01875000, -0.05000000, 0.03125000, 0.09997321
0.02500000, -0.05000000, 0.02500000, 0.10401471
0.03125000, -0.05000000, 0.01875000, 0.09692981
0.03750000, -0.05000000, 0.01250000, 0.07873484
0.04375000, -0.05000000, 0.00625000, 0.04945984
0.05000000, -0.05000000, 0.00000000, 0.00924920
0.05000000, -0.04375000, -0.00625000, 0.00995188
0.05000000, -0.03750000, -0.01250000, 0.01027899
0.05000000, -0.03125000, -0.01875000, 0.01050772
0.05000000, -0.02500000, -0.02500000, 0.01071417
0.05000000, -0.01875000, -0.03125000, 0.01091628
0.05000000, -0.01250000, -0.03750000, 0.01113918
0.05000000, -0.00625000, -0.04375000, 0.01146849
0.06000000, 0.00000000, -0.06000000, 0.01219867
0.05250000, 0.00750000, -0.06000000, 0.01263011
0.04500000, 0.01500000, -0.06000000, 0.01356090
0.03750000, 0.02250000, -0.06000000, 0.01482883
0.03000000, 0.03000000, -0.06000000, 0.01637508
0.02250000, 0.03750000, -0.06000000, 0.01811431
0.01500000, 0.04500000, -0.06000000, 0.01998005
0.00750000, 0.05250000, -0.06000000, 0.02183997
0.00000000, 0.06000000, -0.06000000, 0.02328813
-0.00750000, 0.06000000, -0.05250000, 0.05418122
-0.01500000, 0.06000000, -0.04500000, 0.07608543
-0.02250000, 0.06000000, -0.03750000, 0.08863891
-0.03000000, 0.06000000, -0.03000000, 0.09177821
-0.03750000, 0.06000000, -0.02250000, 0.08549709
-0.04500000, 0.06000000, -0.01500000, 0.06979957
-0.05250000, 0.06000000, -0.00750000, 0.04472938
-0.06000000, 0.06000000, 0.00000000, 0.01047864
-0.06000000, 0.05250000, 0.00750000, 0.01105221
-0.06000000, 0.04500000, 0.01500000, 0.01123258
-0.06000000, 0.03750000, 0.02250000, 0.01132921
-0.06000000, 0.03000000, 0.03000000, 0.01140558
-0.06000000, 0.02250000, 0.03750000, 0.01149450
-0.06000000, 0.01500000, 0.04500000, 0.01164273
-0.06000000, 0.00750000, 0.05250000, 0.01188383
-0.06000000, 0.00000000, 0.06000000, 0.01219867
-0.05250000, -0.00750000, 0.06000000, 0.01263011
-0.04500000, -0.01500000, 0.06000000, 0.01356090
-0.03750000, -0.02250000, 0.06000000, 0.01482883
-0.03000000, -0.03000000, 0.06000000, 0.01637508
-0.02250000, -0.03750000, 0.06000000, 0.01811431
-0.01500000, -0.04500000, 0.06000000, 0.01998005
-0.00750000, -0.05250000, 0.06000000, 0.02183997
0.00000000, -0.06000000, 0.06000000, 0.02328813
0.00750000, -0.06000000, 0.05250000, 0.05418122
0.01500000, -0.06000000, 0.04500000, 0.07608543
0.02250000, -0.06000000, 0.03750000, 0.08863891
0.03000000, -0.06000000, 0.03000000, 0.09177821
0.03750000, -0.06000000, 0.02250000, 0.08549709
0.04500000, -0.06000000, 0.01500000, 0.06979957
0.05250000, -0.06000000, 0.00750000, 0.04472938
0.06000000, -0.06000000, 0.00000000, 0.01047864
0.06000000, -0.05250000, -0.00750000, 0.01105221
0.06000000, -0.04500000, -0.01500000, 0.01123258
0.06000000, -0.03750000, -0.02250000, 0.01132921
0.06000000, -0.03000000, -0.03000000, 0.01140558
0.06000000, -0.02250000, -0.03750000, 0.01149450
0.06000000, -0.01500000, -0.04500000, 0.01164273
0.06000000, -0.00750000, -0.05250000, 0.01188383
0.07000000, 0.00000000, -0.07000000, 0.01258740
0.06125000, 0.00875000, -0.07000000, 0.01302688
0.05250000, 0.01750000, -0.07000000, 0.01397981
0.04375000, 0.02625000, -0.07000000, 0.01535353
0.03500000, 0.03500000, -0.07000000, 0.01705877
0.02625000, 0.04375000, -0.07000000, 0.01900055
0.01750000, 0.05250000, -0.07000000, 0.02110692
0.00875000, 0.06125000, -0.07000000, 0.02321666
0.00000000, 0.07000000, -0.07000000, 0.02487534
-0.00875000, 0.07000000, -0.06125000, 0.05145648
-0.01750000, 0.07000000, -0.05250000, 0.07033117
-0.02625000, 0.07000000, -0.04375000, 0.08104753
-0.03500000, 0.07000000, -0.03500000, 0.08356120
-0.04375000, 0.07000000, -0.02625000, 0.07786100
-0.05250000, 0.07000000, -0.01750000, 0.06395558
-0.06125000, 0.07000000, -0.00875000, 0.04189466
-0.07000000, 0.07000000, 0.00000000, 0.01190916
-0.07000000, 0.06125000, 0.00875000, 0.01229092
-0.07000000, 0.05250000, 0.01750000, 0.01230120
-0.07000000, 0.04375000, 0.02625000, 0.01221630
-0.07000000, 0.03500000, 0.03500000, 0.01213569
-0.07000000, 0.02625000, 0.04375000, 0.01209362
-0.07000000, 0.01750000, 0.05250000, 0.01213372
-0.07000000, 0.00875000, 0.06125000, 0.01228048
-0.07000000, 0.00000000, 0.07000000, 0.01258740
-0.06125000, -0.00875000, 0.07000000, 0.01302688
-0.05250000, -0.01750000, 0.07000000, 0.01397981
-0.04375000, -0.02625000, 0.07000000, 0.01535353
-0.03500000, -0.03500000, 0.07000000, 0.01705877
-0.02625000, -0.04375000, 0.07000000, 0.01900055
-0.01750000, -0.05250000, 0.07000000, 0.02110692
-0.00875000, -0.06125000, 0.07000000, 0.02321666
0.00000000, -0.07000000, 0.07000000, 0.02487534
0.00875000, -0.07000000, 0.06125000, 0.05145648
0.01750000, -0.07000000, 0.05250000, 0.07033117
0.02625000, -0.07000000, 0.04375000, 0.08104753
0.03500000, -0.07000000, 0.03500000, 0.08356120
0.04375000, -0.07000000, 0.02625000, 0.07786100
0.05250000, -0.07000000, 0.01750000, 0.06395558
0.06125000, -0.07000000, 0.00875000, 0.04189466
0.07000000, -0.07000000, 0.00000000, 0.01190916
0.07000000, -0.06125000, -0.00875000, 0.01229092
0.07000000, -0.05250000, -0.01750000, 0.01230120
0.07000000, -0.04375000, -0.02625000, 0.01221630
0.07000000, -0.03500000, -0.03500000, 0.01213569
0.07000000, -0.02625000, -0.04375000, 0.01209362
0.07000000, -0.01750000, -0.05250000, 0.01213372
0.07000000, -0.00875000, -0.06125000, 0.01228048
0.08000000, 0.00000000, -0.08000000, 0.01300600
0.07000000, 0.01000000, -0.08000000, 0.01343276
0.06000000, 0.02000000, -0.08000000, 0.01441215
0.05000000, 0.03000000, -0.08000000, 0.01588487
0.04000000, 0.04000000, -0.08000000, 0.01774075
0.03000000, 0.05000000, -0.08000000, 0.01989496
0.02000000, 0.06000000, -0.08000000, 0.02223612
0.01000000, 0.07000000, -0.08000000, 0.02458906
0.00000000, 0.08000000, -0.08000000, 0.02643414
-0.01000000, 0.08000000, -0.07000000, 0.04981320
-0.02000000, 0.08000000, -0.06000000, 0.06644116
-0.03000000, 0.08000000, -0.05000000, 0.07580405
-0.04000000, 0.08000000, -0.04000000, 0.07787203
-0.05000000, 0.08000000, -0.03000000, 0.07262515
-0.06000000, 0.08000000, -0.02000000, 0.06008179
-0.07000000, 0.08000000, -0.01000000, 0.04029447
-0.08000000, 0.08000000, 0.00000000, 0.01352628
-0.08000000, 0.07000000, 0.01000000, 0.01367166
-0.08000000, 0.06000000, 0.02000000, 0.01346549
-0.08000000, 0.05000000, 0.03000000, 0.01316451
-0.08000000, 0.04000000, 0.04000000, 0.01290718
-0.08000000, 0.03000000, 0.05000000, 0.01271771
-0.08000000, 0.02000000, 0.06000000, 0.01263829
-0.08000000, 0.01000000, 0.07000000, 0.01270635
-0.08000000, 0.00000000, 0.08000000, 0.01300600
-0.07000000, -0.01000000, 0.08000000, 0.01343276
-0.06000000, -0.02000000, 0.08000000, 0.01441215
-0.05000000, -0.03000000, 0.08000000, 0.01588487
-0.04000000, -0.04000000, 0.08000000, 0.01774075
-0.03000000, -0.05000000, 0.08000000, 0.01989496
-0.02000000, -0.06000000, 0.08000000, 0.02223612
-0.01000000, -0.07000000, 0.08000000, 0.02458906
0.00000000, -0.08000000, 0.08000000, 0.02643414
0.01000000, -0.08000000, 0.07000000, 0.04981320
0.02000000, -0.08000000, 0.06000000, 0.06644116
0.03000000, -0.08000000, 0.05000000, 0.07580405
0.04000000, -0.08000000, 0.04000000, 0.07787203
0.05000000, -0.08000000, 0.03000000, 0.07262515
0.06000000, -0.08000000, 0.02000000, 0.06008179
0.07000000, -0.08000000, 0.01000000, 0.04029447
0.08000000, -0.08000000, 0.00000000, 0.01352628
0.08000000, -0.07000000, -0.01000000, 0.01367166
0.08000000, -0.06000000, -0.02000000, 0.01346549
0.08000000, -0.05000000, -0.03000000, 0.01316451
0.08000000, -0.04000000, -0.04000000, 0.01290718
0.08000000, -0.03000000, -0.05000000, 0.01271771
0.08000000, -0.02000000, -0.06000000, 0.01263829
0.08000000, -0.01000000, -0.07000000, 0.01270635
0.09000000, 0.00000000, -0.09000000, 0.01346749
0.07875000, 0.01125000, -0.09000000, 0.01386261
0.06750000, 0.02250000, -0.09000000, 0.01488388
0.05625000, 0.03375000, -0.09000000, 0.01645417
0.04500000, 0.04500000, -0.09000000, 0.01845013
0.03375000, 0.05625000, -0.09000000, 0.02078851
0.02250000, 0.06750000, -0.09000000, 0.02333930
0.01125000, 0.07875000, -0.09000000, 0.02592456
0.00000000, 0.09000000, -0.09000000, 0.02797535
-0.01125000, 0.09000000, -0.07875000, 0.04889185
-0.02250000, 0.09000000, -0.06750000, 0.06379511
-0.03375000, 0.09000000, -0.05625000, 0.07213412
-0.04500000, 0.09000000, -0.04500000, 0.07388205
-0.05625000, 0.09000000, -0.03375000, 0.06901610
-0.06750000, 0.09000000, -0.02250000, 0.05755626
-0.07875000, 0.09000000, -0.01125000, 0.03955983
-0.09000000, 0.09000000, 0.00000000, 0.01531870
-0.09000000, 0.07875000, 0.01125000, 0.01518263
-0.09000000, 0.06750000, 0.02250000, 0.01470836
-0.09000000, 0.05625000, 0.03375000, 0.01417096
-0.09000000, 0.04500000, 0.04500000, 0.01372015
-0.09000000, 0.03375000, 0.05625000, 0.01337412
-0.09000000, 0.02250000, 0.06750000, 0.01318161
-0.09000000, 0.01125000, 0.07875000, 0.01318338
-0.09000000, 0.00000000, 0.09000000, 0.01346749
-0.07875000, -0.01125000, 0.09000000, 0.01386261
-0.06750000, -0.02250000, 0.09000000, 0.01488388
-0.05625000, -0.03375000, 0.09000000, 0.01645417
-0.04500000, -0.04500000, 0.09000000, 0.01845013
-0.03375000, -0.05625000, 0.09000000, 0.02078851
-0.02250000, -0.06750000, 0.09000000, 0.02333930
-0.01125000, -0.07875000, 0.09000000, 0.02592456
0.00000000, -0.09000000, 0.09000000, 0.02797535
0.01125000, -0.09000000, 0.07875000, 0.04889185
0.02250000, -0.09000000, 0.06750000, 0.06379511
0.03375000, -0.09000000, 0.05625000, 0.07213412
0.04500000, -0.09000000, 0.04500000, 0.07388205
0.05625000, -0.09000000, 0.03375000, 0.06901610
0.06750000, -0.09000000, 0.02250000, 0.05755626
0.07875000, -0.09000000, 0.01125000, 0.03955983
0.09000000, -0.09000000, 0.00000000, 0.01531870
0.09000000, -0.07875000, -0.01125000, 0.01518263
0.09000000, -0.06750000, -0.02250000, 0.01470836
0.09000000, -0.05625000, -0.03375000, 0.01417096
0.09000000, -0.04500000, -0.04500000, 0.01372015
0.09000000, -0.03375000, -0.05625000, 0.01337412
0.09000000, -0.02250000, -0.06750000, 0.01318161
0.09000000, -0.01125000, -0.07875000, 0.01318338
0.10000000, 0.00000000, -0.10000000, 0.01397405
0.08750000, 0.01250000, -0.10000000, 0.01433159
0.07500000, 0.02500000, -0.10000000, 0.01540015
0.06250000, 0.03750000, -0.10000000, 0.01706587
0.05000000, 0.05000000, -0.10000000, 0.01919753
0.03750000, 0.06250000, -0.10000000, 0.02169825
0.02500000, 0.07500000, -0.10000000, 0.02444331
0.01250000, 0.08750000, -0.10000000, 0.02724832
0.00000000, 0.10000000, -0.10000000, 0.02950666
-0.01250000, 0.10000000, -0.08750000, 0.04847338
-0.02500000, 0.10000000, -0.07500000, 0.06202256
-0.03750000, 0.10000000, -0.06250000, 0.06957273
-0.05000000, 0.10000000, -0.05000000, 0.07109270
-0.06250000, 0.10000000, -0.03750000, 0.06656250
-0.07500000, 0.10000000, -0.02500000, 0.05599853
-0.08750000, 0.10000000, -0.01250000, 0.03946370
-0.10000000, 0.10000000, 0.00000000, 0.01727560
-0.10000000, 0.08750000, 0.01250000, 0.01680877
-0.10000000, 0.07500000, 0.02500000, 0.01602701
-0.10000000, 0.06250000, 0.03750000, 0.01523497
-0.10000000, 0.05000000, 0.05000000, 0.01457518
-0.10000000, 0.03750000, 0.06250000, 0.01406643
-0.10000000, 0.02500000, 0.07500000, 0.01376482
-0.10000000, 0.01250000, 0.08750000, 0.01370517
-0.10000000, 0.00000000, 0.10000000, 0.01397405
-0.08750000, -0.01250000, 0.10000000, 0.01433159
-0.07500000, -0.02500000, 0.10000000, 0.01540015
-0.06250000, -0.03750000, 0.10000000, 0.01706587
-0.05000000, -0.05000000, 0.10000000, 0.01919753
-0.03750000, -0.06250000, 0.10000000, 0.02169825
-0.02500000, -0.07500000, 0.10000000, 0.02444331
-0.01250000, -0.08750000, 0.10000000, 0.02724832
0.00000000, -0.10000000, 0.10000000, 0.02950666
0.01250000, -0.10000000, 0.08750000, 0.04847338
0.02500000, -0.10000000, 0.07500000, 0.06202256
0.03750000, -0.10000000, 0.06250000, 0.06957273
0.05000000, -0.10000000, 0.05000000, 0.07109270
0.06250000, -0.10000000, 0.03750000, 0.06656250
0.07500000, -0.10000000, 0.02500000, 0.05599853
0.08750000, -0.10000000, 0.01250000, 0.03946370
0.10000000, -0.10000000, 0.00000000, 0.01727560
0.10000000, -0.08750000, -0.01250000, 0.01680877
0.10000000, -0.07500000, -0.02500000, 0.01602701
0.10000000, -0.06250000, -0.03750000, 0.01523497
0.10000000, -0.05000000, -0.05000000, 0.01457518
0.10000000, -0.03750000, -0.06250000, 0.01406643
0.10000000, -0.02500000, -0.07500000, 0.01376482
0.10000000, -0.01250000, -0.08750000, 0.01370517
0.15000000, 0.00000000, -0.15000000, 0.01707067
0.13125000, 0.01875000, -0.15000000, 0.01731970
0.11250000, 0.03750000, -0.15000000, 0.01859875
0.09375000, 0.05625000, -0.15000000, 0.02071417
0.07500000, 0.07500000, -0.15000000, 0.02351076
0.05625000, 0.09375000, -0.15000000, 0.02683685
0.03750000, 0.11250000, -0.15000000, 0.03050825
0.01875000, 0.13125000, -0.15000000, 0.03422989
0.00000000, 0.15000000, -0.15000000, 0.03702710
-0.01875000, 0.15000000, -0.13125000, 0.05037294
-0.03750000, 0.15000000, -0.11250000, 0.06018958
-0.05625000, 0.15000000, -0.09375000, 0.06572959
-0.07500000, 0.15000000, -0.07500000, 0.06693017
-0.09375000, 0.15000000, -0.05625000, 0.06377722
-0.11250000, 0.15000000, -0.03750000, 0.05629750
-0.13125000, 0.15000000, -0.01875000, 0.04455957
-0.15000000, 0.15000000, 0.00000000, 0.02894589
-0.15000000, 0.13125000, 0.01875000, 0.02624332
-0.15000000, 0.11250000, 0.03750000, 0.02356959
-0.15000000, 0.09375000, 0.05625000, 0.02125113
-0.15000000, 0.07500000, 0.07500000, 0.01938790
-0.15000000, 0.05625000, 0.09375000, 0.01798849
-0.15000000, 0.03750000, 0.11250000, 0.01709091
-0.15000000, 0.01875000, 0.13125000, 0.01674309
-0.15000000, 0.00000000, 0.15000000, 0.01707067
-0.13125000, -0.01875000, 0.15000000, 0.01731970
-0.11250000, -0.03750000, 0.15000000, 0.01859875
-0.09375000, -0.05625000, 0.15000000, 0.02071417
-0.07500000, -0.07500000, 0.15000000, 0.02351076
-0.05625000, -0.09375000, 0.15000000, 0.02683685
-0.03750000, -0.11250000, 0.15000000, 0.03050825
-0.01875000, -0.13125000, 0.15000000, 0.03422989
0.00000000, -0.15000000, 0.15000000, 0.03702710
0.01875000, -0.15000000, 0.13125000, 0.05037294
0.03750000, -0.15000000, 0.11250000, 0.06018958
0.05625000, -0.15000000, 0.09375000, 0.06572959
0.07500000, -0.15000000, 0.07500000, 0.06693017
0.09375000, -0.15000000, 0.05625000, 0.06377722
0.11250000, -0.15000000, 0.03750000, 0.05629750
0.13125000, -0.15000000, 0.01875000, 0.04455957
0.15000000, -0.15000000, 0.00000000, 0.02894589
0.15000000, -0.13125000, -0.01875000, 0.02624332
0.15000000, -0.11250000, -0.03750000, 0.02356959
0.15000000, -0.09375000, -0.05625000, 0.02125113
0.15000000, -0.07500000, -0.07500000, 0.01938790
0.15000000, -0.05625000, -0.09375000, 0.01798849
0.15000000, -0.03750000, -0.11250000, 0.01709091
0.15000000, -0.01875000, -0.13125000, 0.01674309
0.20000000, 0.00000000, -0.20000000, 0.02016531
0.17500000, 0.02500000, -0.20000000, 0.02061224
0.15000000, 0.05000000, -0.20000000, 0.02228615
0.12500000, 0.07500000, -0.20000000, 0.02492485
0.10000000, 0.10000000, -0.20000000, 0.02835168
0.07500000, 0.12500000, -0.20000000, 0.03238113
0.05000000, 0.15000000, -0.20000000, 0.03678016
0.02500000, 0.17500000, -0.20000000, 0.04111942
0.00000000, 0.20000000, -0.20000000, 0.04385489
-0.02500000, 0.20000000, -0.17500000, 0.05476837
-0.05000000, 0.20000000, -0.15000000, 0.06331117
-0.07500000, 0.20000000, -0.12500000, 0.06843584
-0.10000000, 0.20000000, -0.10000000, 0.07003187
-0.12500000, 0.20000000, -0.07500000, 0.06808686
-0.15000000, 0.20000000, -0.05000000, 0.06262299
-0.17500000, 0.20000000, -0.02500000, 0.05371215
-0.20000000, 0.20000000, 0.00000000, 0.04175174
-0.20000000, 0.17500000, 0.02500000, 0.03640812
-0.20000000, 0.15000000, 0.05000000, 0.03159634
-0.20000000, 0.12500000, 0.07500000, 0.02761290
-0.20000000, 0.10000000, 0.10000000, 0.02446328
-0.20000000, 0.07500000, 0.12500000, 0.02212997
-0.20000000, 0.05000000, 0.15000000, 0.02061411
-0.20000000, 0.02500000, 0.17500000, 0.01992573
-0.20000000, 0.00000000, 0.20000000, 0.02016531
-0.17500000, -0.02500000, 0.20000000, 0.02061224
-0.15000000, -0.05000000, 0.20000000, 0.02228615
-0.12500000, -0.07500000, 0.20000000, 0.02492485
-0.10000000, -0.10000000, 0.20000000, 0.02835168
-0.07500000, -0.12500000, 0.20000000, 0.03238113
-0.05000000, -0.15000000, 0.20000000, 0.03678016
-0.02500000, -0.17500000, 0.20000000, 0.04111942
0.00000000, -0.20000000, 0.20000000, 0.04385489
0.02500000, -0.20000000, 0.17500000, 0.05476837
0.05000000, -0.20000000, 0.15000000, 0.06331117
0.07500000, -0.20000000, 0.12500000, 0.06843584
0.10000000, -0.20000000, 0.10000000, 0.07003187
0.12500000, -0.20000000, 0.07500000, 0.06808686
0.15000000, -0.20000000, 0.05000000, 0.06262299
0.17500000, -0.20000000, 0.02500000, 0.05371215
0.20000000, -0.20000000, 0.00000000, 0.04175174
0.20000000, -0.17500000, -0.02500000, 0.03640812
0.20000000, -0.15000000, -0.05000000, 0.03159634
0.20000000, -0.12500000, -0.07500000, 0.02761290
0.20000000, -0.10000000, -0.10000000, 0.02446328
0.20000000, -0.07500000, -0.12500000, 0.02212997
0.20000000, -0.05000000, -0.15000000, 0.02061411
0.20000000, -0.02500000, -0.17500000, 0.01992573
0.25000000, 0.00000000, -0.25000000, 0.02148157
0.21875000, 0.03125000, -0.25000000, 0.02261947
0.18750000, 0.06250000, -0.25000000, 0.02492929
0.15625000, 0.09375000, -0.25000000, 0.02819718
0.12500000, 0.12500000, -0.25000000, 0.03227390
0.09375000, 0.15625000, -0.25000000, 0.03695598
0.06250000, 0.18750000, -0.25000000, 0.04196015
0.03125000, 0.21875000, -0.25000000, 0.04666744
0.00000000, 0.25000000, -0.25000000, 0.04877566
-0.03125000, 0.25000000, -0.21875000, 0.05877009
-0.06250000, 0.25000000, -0.18750000, 0.06733667
-0.09375000, 0.25000000, -0.15625000, 0.07285491
-0.12500000, 0.25000000, -0.12500000, 0.07513892
-0.15625000, 0.25000000, -0.09375000, 0.07416997
-0.18750000, 0.25000000, -0.06250000, 0.06997748
-0.21875000, 0.25000000, -0.03125000, 0.06262717
-0.25000000, 0.25000000, 0.00000000, 0.05255656
-0.25000000, 0.21875000, 0.03125000, 0.04502197
-0.25000000, 0.18750000, 0.06250000, 0.03840540
-0.25000000, 0.15625000, 0.09375000, 0.03291872
-0.25000000, 0.12500000, 0.12500000, 0.02856206
-0.25000000, 0.09375000, 0.15625000, 0.02528421
-0.25000000, 0.06250000, 0.18750000, 0.02303398
-0.25000000, 0.03125000, 0.21875000, 0.02176114
-0.25000000, 0.00000000, 0.25000000, 0.02148157
-0.21875000, -0.03125000, 0.25000000, 0.02261947
-0.18750000, -0.06250000, 0.25000000, 0.02492929
-0.15625000, -0.09375000, 0.25000000, 0.02819718
-0.12500000, -0.12500000, 0.25000000, 0.03227390
-0.09375000, -0.15625000, 0.25000000, 0.03695598
-0.06250000, -0.18750000, 0.25000000, 0.04196015
-0.03125000, -0.21875000, 0.25000000, 0.04666744
0.00000000, -0.25000000, 0.25000000, 0.04877566
0.03125000, -0.25000000, 0.21875000, 0.05877009
0.06250000, -0.25000000, 0.18750000, 0.06733667
0.09375000, -0.25000000, 0.15625000, 0.07285491
0.12500000, -0.25000000, 0.12500000, 0.07513892
0.15625000, -0.25000000, 0.09375000, 0.07416997
0.18750000, -0.25000000, 0.06250000, 0.06997748
0.21875000, -0.25000000, 0.03125000, 0.06262717
0.25000000, -0.25000000, 0.00000000, 0.05255656
0.25000000, -0.21875000, -0.03125000, 0.04502197
0.25000000, -0.18750000, -0.06250000, 0.03840540
0.25000000, -0.15625000, -0.09375000, 0.03291872
0.25000000, -0.12500000, -0.12500000, 0.02856206
0.25000000, -0.09375000, -0.15625000, 0.02528421
0.25000000, -0.06250000, -0.18750000, 0.02303398
0.25000000, -0.03125000, -0.21875000, 0.02176114
0.30000000, 0.00000000, -0.30000000, 0.01997210
0.26250000, 0.03750000, -0.30000000, 0.02210920
0.22500000, 0.07500000, -0.30000000, 0.02522105
0.18750000, 0.11250000, -0.30000000, 0.02914882
0.15000000, 0.15000000, -0.30000000, 0.03378067
0.11250000, 0.18750000, -0.30000000, 0.03893150
0.07500000, 0.22500000, -0.30000000, 0.04429858
0.03750000, 0.26250000, -0.30000000, 0.04912396
0.00000000, 0.30000000, -0.30000000, 0.05039863
-0.03750000, 0.30000000, -0.26250000, 0.06057033
-0.07500000, 0.30000000, -0.22500000, 0.07008603
-0.11250000, 0.30000000, -0.18750000, 0.07654782
-0.15000000, 0.30000000, -0.15000000, 0.07962100
-0.18750000, 0.30000000, -0.11250000, 0.07924888
-0.22500000, 0.30000000, -0.07500000, 0.07544618
-0.26250000, 0.30000000, -0.03750000, 0.06832264
-0.30000000, 0.30000000, 0.00000000, 0.05857580
-0.30000000, 0.26250000, 0.03750000, 0.05005458
-0.30000000, 0.22500000, 0.07500000, 0.04232948
-0.30000000, 0.18750000, 0.11250000, 0.03577869
-0.30000000, 0.15000000, 0.15000000, 0.03046129
-0.30000000, 0.11250000, 0.18750000, 0.02632580
-0.30000000, 0.07500000, 0.22500000, 0.02327661
-0.30000000, 0.03750000, 0.26250000, 0.02118950
-0.30000000, 0.00000000, 0.30000000, 0.01997210
-0.26250000, -0.03750000, 0.30000000, 0.02210920
-0.22500000, -0.07500000, 0.30000000, 0.02522105
-0.18750000, -0.11250000, 0.30000000, 0.02914882
-0.15000000, -0.15000000, 0.30000000, 0.03378067
-0.11250000, -0.18750000, 0.30000000, 0.03893150
-0.07500000, -0.22500000, 0.30000000, 0.04429858
-0.03750000, -0.26250000, 0.30000000, 0.04912396
0.00000000, -0.30000000, 0.30000000, 0.05039863
0.03750000, -0.30000000, 0.26250000, 0.06057033
0.07500000, -0.30000000, 0.22500000, 0.07008603
0.11250000, -0.30000000, 0.18750000, 0.07654782
0.15000000, -0.30000000, 0.15000000, 0.07962100
0.18750000, -0.30000000, 0.11250000, 0.07924888
0.22500000, -0.30000000, 0.07500000, 0.07544618
0.26250000, -0.30000000, 0.03750000, 0.06832264
0.30000000, -0.30000000, 0.00000000, 0.05857580
0.30000000, -0.26250000, -0.03750000, 0.05005458
0.30000000, -0.22500000, -0.07500000, 0.04232948
0.30000000, -0.18750000, -0.11250000, 0.03577869
0.30000000, -0.15000000, -0.15000000, 0.03046129
0.30000000, -0.11250000, -0.18750000, 0.02632580
0.30000000, -0.07500000, -0.22500000, 0.02327661
0.30000000, -0.03750000, -0.26250000, 0.02118950
0.35000000, 0.00000000, -0.35000000, 0.01596344
0.30625000, 0.04375000, -0.35000000, 0.01897914
0.26250000, 0.08750000, -0.35000000, 0.02276242
0.21875000, 0.13125000, -0.35000000, 0.02715743
0.17500000, 0.17500000, -0.35000000, 0.03208639
0.13125000, 0.21875000, -0.35000000, 0.03738027
0.08750000, 0.26250000, -0.35000000, 0.04276204
0.04375000, 0.30625000, -0.35000000, 0.04739852
0.00000000, 0.35000000, -0.35000000, 0.04784092
-0.04375000, 0.35000000, -0.30625000, 0.05896471
-0.08750000, 0.35000000, -0.26250000, 0.07009229
-0.13125000, 0.35000000, -0.21875000, 0.07790614
-0.17500000, 0.35000000, -0.17500000, 0.08177356
-0.21875000, 0.35000000, -0.13125000, 0.08152642
-0.26250000, 0.35000000, -0.08750000, 0.07717165
-0.30625000, 0.35000000, -0.04375000, 0.06900060
-0.35000000, 0.35000000, 0.00000000, 0.05835000
-0.35000000, 0.30625000, 0.04375000, 0.05028874
-0.35000000, 0.26250000, 0.08750000, 0.04236122
-0.35000000, 0.21875000, 0.13125000, 0.03536334
-0.35000000, 0.17500000, 0.17500000, 0.02949171
-0.35000000, 0.13125000, 0.21875000, 0.02474291
-0.35000000, 0.08750000, 0.26250000, 0.02101455
-0.35000000, 0.04375000, 0.30625000, 0.01813730
-0.35000000, 0.00000000, 0.35000000, 0.01596344
-0.30625000, -0.04375000, 0.35000000, 0.01897914
-0.26250000, -0.08750000, 0.35000000, 0.02276242
-0.21875000, -0.13125000, 0.35000000, 0.02715743
-0.17500000, -0.17500000, 0.35000000, 0.03208639
-0.13125000, -0.21875000, 0.35000000, 0.03738027
-0.08750000, -0.26250000, 0.35000000, 0.04276204
-0.04375000, -0.30625000, 0.35000000, 0.04739852
0.00000000, -0.35000000, 0.35000000, 0.04784092
0.04375000, -0.35000000, 0.30625000, 0.05896471
0.08750000, -0.35000000, 0.26250000, 0.07009229
0.13125000, -0.35000000, 0.21875000, 0.07790614
0.17500000, -0.35000000, 0.17500000, 0.08177356
0.21875000, -0.35000000, 0.13125000, 0.08152642
0.26250000, -0.35000000, 0.08750000, 0.07717165
0.30625000, -0.35000000, 0.04375000, 0.06900060
0.35000000, -0.35000000, 0.00000000, 0.05835000
0.35000000, -0.30625000, -0.04375000, 0.05028874
0.35000000, -0.26250000, -0.08750000, 0.04236122
0.35000000, -0.21875000, -0.13125000, 0.03536334
0.35000000, -0.17500000, -0.17500000, 0.02949171
0.35000000, -0.13125000, -0.21875000, 0.02474291
0.35000000, -0.08750000, -0.26250000, 0.02101455
0.35000000, -0.04375000, -0.30625000, 0.01813730
0.40000000, 0.00000000, -0.40000000, 0.01086309
0.35000000, 0.05000000, -0.40000000, 0.01421148
0.30000000, 0.10000000, -0.40000000, 0.01819848
0.25000000, 0.15000000, -0.40000000, 0.02263068
0.20000000, 0.20000000, -0.40000000, 0.02743929
0.15000000, 0.25000000, -0.40000000, 0.03246366
0.10000000, 0.30000000, -0.40000000, 0.03744907
0.05000000, 0.35000000, -0.40000000, 0.04155277
0.00000000, 0.40000000, -0.40000000, 0.04124470
-0.05000000, 0.40000000, -0.35000000, 0.05356176
-0.10000000, 0.40000000, -0.30000000, 0.06657081
-0.15000000, 0.40000000, -0.25000000, 0.07596394
-0.20000000, 0.40000000, -0.20000000, 0.08057828
-0.25000000, 0.40000000, -0.15000000, 0.08001010
-0.30000000, 0.40000000, -0.10000000, 0.07432117
-0.35000000, 0.40000000, -0.05000000, 0.06421370
-0.40000000, 0.40000000, 0.00000000, 0.05208622
-0.40000000, 0.35000000, 0.05000000, 0.04567874
-0.40000000, 0.30000000, 0.10000000, 0.03844848
-0.40000000, 0.25000000, 0.15000000, 0.03168717
-0.40000000, 0.20000000, 0.20000000, 0.02579538
-0.40000000, 0.15000000, 0.25000000, 0.02085588
-0.40000000, 0.10000000, 0.30000000, 0.01681238
-0.40000000, 0.05000000, 0.35000000, 0.01351949
-0.40000000, 0.00000000, 0.40000000, 0.01086309
-0.35000000, -0.05000000, 0.40000000, 0.01421148
-0.30000000, -0.10000000, 0.40000000, 0.01819848
-0.25000000, -0.15000000, 0.40000000, 0.02263068
-0.20000000, -0.20000000, 0.40000000, 0.02743929
-0.15000000, -0.25000000, 0.40000000, 0.03246366
-0.10000000, -0.30000000, 0.40000000, 0.03744907
-0.05000000, -0.35000000, 0.40000000, 0.04155277
0.00000000, -0.40000000, 0.40000000, 0.04124470
0.05000000, -0.40000000, 0.35000000, 0.05356176
0.10000000, -0.40000000, 0.30000000, 0.06657081
0.15000000, -0.40000000, 0.25000000, 0.07596394
0.20000000, -0.40000000, 0.20000000, 0.08057828
0.25000000, -0.40000000, 0.15000000, 0.08001010
0.30000000, -0.40000000, 0.10000000, 0.07432117
0.35000000, -0.40000000, 0.05000000, 0.06421370
0.40000000, -0.40000000, 0.00000000, 0.05208622
0.40000000, -0.35000000, -0.05000000, 0.04567874
0.40000000, -0.30000000, -0.10000000, 0.03844848
0.40000000, -0.25000000, -0.15000000, 0.03168717
0.40000000, -0.20000000, -0.20000000, 0.02579538
0.40000000, -0.15000000, -0.25000000, 0.02085588
0.40000000, -0.10000000, -0.30000000, 0.01681238
0.40000000, -0.05000000, -0.35000000, 0.01351949
0.45000000, 0.00000000, -0.45000000, 0.00621733
0.39375000, 0.05625000, -0.45000000, 0.00922389
0.33750000, 0.11250000, -0.45000000, 0.01282520
0.28125000, 0.16875000, -0.45000000, 0.01677791
0.22500000, 0.22500000, -0.45000000, 0.02098924
0.16875000, 0.28125000, -0.45000000, 0.02530611
0.11250000, 0.33750000, -0.45000000, 0.02949166
0.05625000, 0.39375000, -0.45000000, 0.03277412
0.00000000, 0.45000000, -0.45000000, 0.03192157
-0.05625000, 0.45000000, -0.39375000, 0.04492516
-0.11250000, 0.45000000, -0.33750000, 0.05951726
-0.16875000, 0.45000000, -0.28125000, 0.07043636
-0.22500000, 0.45000000, -0.22500000, 0.07569868
-0.28125000, 0.45000000, -0.16875000, 0.07450716
-0.33750000, 0.45000000, -0.11250000, 0.06707373
-0.39375000, 0.45000000, -0.05625000, 0.05482014
-0.45000000, 0.45000000, 0.00000000, 0.04152626
-0.45000000, 0.39375000, 0.05625000, 0.03736499
-0.45000000, 0.33750000, 0.11250000, 0.03149913
-0.45000000, 0.28125000, 0.16875000, 0.02560513
-0.45000000, 0.22500000, 0.22500000, 0.02026564
-0.45000000, 0.16875000, 0.28125000, 0.01566943
-0.45000000, 0.11250000, 0.33750000, 0.01184228
-0.45000000, 0.05625000, 0.39375000, 0.00870500
-0.45000000, 0.00000000, 0.45000000, 0.00621733
-0.39375000, -0.05625000, 0.45000000, 0.00922389
-0.33750000, -0.11250000, 0.45000000, 0.01282520
-0.28125000, -0.16875000, 0.45000000, 0.01677791
-0.22500000, -0.22500000, 0.45000000, 0.02098924
-0.16875000, -0.28125000, 0.45000000, 0.02530611
-0.11250000, -0.33750000, 0.45000000, 0.02949166
-0.05625000, -0.39375000, 0.45000000, 0.03277412
0.00000000, -0.45000000, 0.45000000, 0.03192157
0.05625000, -0.45000000, 0.39375000, 0.04492516
0.11250000, -0.45000000, 0.33750000, 0.05951726
0.16875000, -0.45000000, 0.28125000, 0.07043636
0.22500000, -0.45000000, 0.22500000, 0.07569868
0.28125000, -0.45000000, 0.16875000, 0.07450716
0.33750000, -0.45000000, 0.11250000, 0.06707373
0.39375000, -0.45000000, 0.05625000, 0.05482014
0.45000000, -0.45000000, 0.00000000, 0.04152626
0.45000000, -0.39375000, -0.05625000, 0.03736499
0.45000000, -0.33750000, -0.11250000, 0.03149913
0.45000000, -0.28125000, -0.16875000, 0.02560513
0.45000000, -0.22500000, -0.22500000, 0.02026564
0.45000000, -0.16875000, -0.28125000, 0.01566943
0.45000000, -0.11250000, -0.33750000, 0.01184228
0.45000000, -0.05625000, -0.39375000, 0.00870500
0.50000000, 0.00000000, -0.50000000, 0.00293062
0.43750000, 0.06250000, -0.50000000, 0.00514009
0.37500000, 0.12500000, -0.50000000, 0.00791308
0.31250000, 0.18750000, -0.50000000, 0.01098761
0.25000000, 0.25000000, -0.50000000, 0.01424209
0.18750000, 0.31250000, -0.50000000, 0.01753535
0.12500000, 0.37500000, -0.50000000, 0.02066386
0.06250000, 0.43750000, -0.50000000, 0.02299337
0.00000000, 0.50000000, -0.50000000, 0.02188937
-0.06250000, 0.50000000, -0.43750000, 0.03442941
-0.12500000, 0.50000000, -0.37500000, 0.04970072
-0.18750000, 0.50000000, -0.31250000, 0.06172770
-0.25000000, 0.50000000, -0.25000000, 0.06745657
-0.31250000, 0.50000000, -0.18750000, 0.06554174
-0.37500000, 0.50000000, -0.12500000, 0.05646122
-0.43750000, 0.50000000, -0.06250000, 0.04266299
-0.50000000, 0.50000000, 0.00000000, 0.02931695
-0.50000000, 0.43750000, 0.06250000, 0.02730147
-0.50000000, 0.37500000, 0.12500000, 0.02310307
-0.50000000, 0.31250000, 0.18750000, 0.01850851
-0.50000000, 0.25000000, 0.25000000, 0.01418310
-0.50000000, 0.18750000, 0.31250000, 0.01040599
-0.50000000, 0.12500000, 0.37500000, 0.00728040
-0.50000000, 0.06250000, 0.43750000, 0.00478631
-0.50000000, 0.00000000, 0.50000000, 0.00293062
-0.43750000, -0.06250000, 0.50000000, 0.00514009
-0.37500000, -0.12500000, 0.50000000, 0.00791308
-0.31250000, -0.18750000, 0.50000000, 0.01098761
-0.25000000, -0.25000000, 0.50000000, 0.01424209
-0.18750000, -0.31250000, 0.50000000, 0.01753535
-0.12500000, -0.37500000, 0.50000000, 0.02066386
-0.06250000, -0.43750000, 0.50000000, 0.02299337
0.00000000, -0.50000000, 0.50000000, 0.02188937
0.06250000, -0.50000000, 0.43750000, 0.03442941
0.12500000, -0.50000000, 0.37500000, 0.04970072
0.18750000, -0.50000000, 0.31250000, 0.06172770
0.25000000, -0.50000000, 0.25000000, 0.06745657
0.31250000, -0.50000000, 0.18750000, 0.06554174
0.37500000, -0.50000000, 0.12500000, 0.05646122
0.43750000, -0.50000000, 0.06250000, 0.04266299
0.50000000, -0.50000000, 0.00000000, 0.02931695
0.50000000, -0.43750000, -0.06250000, 0.02730147
0.50000000, -0.37500000, -0.12500000, 0.02310307
0.50000000, -0.31250000, -0.18750000, 0.01850851
0.50000000, -0.25000000, -0.25000000, 0.01418310
0.50000000, -0.18750000, -0.31250000, 0.01040599
0.50000000, -0.12500000, -0.37500000, 0.00728040
0.50000000, -0.06250000, -0.43750000, 0.00478631
0.55000000, 0.00000000, -0.55000000, 0.00109992
0.48125000, 0.06875000, -0.55000000, 0.00242404
0.41250000, 0.13750000, -0.55000000, 0.00422378
0.34375000, 0.20625000, -0.55000000, 0.00627655
0.27500000, 0.27500000, -0.55000000, 0.00845956
0.20625000, 0.34375000, -0.55000000, 0.01065325
0.13750000, 0.41250000, -0.55000000, 0.01270392
0.06875000, 0.48125000, -0.55000000, 0.01414260
0.00000000, 0.55000000, -0.55000000, 0.01306682
-0.06875000, 0.55000000, -0.48125000, 0.02381574
-0.13750000, 0.55000000, -0.41250000, 0.03845590
-0.20625000, 0.55000000, -0.34375000, 0.05081841
-0.27500000, 0.55000000, -0.27500000, 0.05672523
-0.34375000, 0.55000000, -0.20625000, 0.05418912
-0.41250000, 0.55000000, -0.13750000, 0.04406638
-0.48125000, 0.55000000, -0.06875000, 0.02998668
-0.55000000, 0.55000000, 0.00000000, 0.01805867
-0.55000000, 0.48125000, 0.06875000, 0.01758759
-0.55000000, 0.41250000, 0.13750000, 0.01498595
-0.55000000, 0.34375000, 0.20625000, 0.01182399
-0.55000000, 0.27500000, 0.27500000, 0.00873198
-0.55000000, 0.20625000, 0.34375000, 0.00602586
-0.55000000, 0.13750000, 0.41250000, 0.00384732
-0.55000000, 0.06875000, 0.48125000, 0.00220375
-0.55000000, 0.00000000, 0.55000000, 0.00109992
-0.48125000, -0.06875000, 0.55000000, 0.00242404
-0.41250000, -0.13750000, 0.55000000, 0.00422378
-0.34375000, -0.20625000, 0.55000000, 0.00627655
-0.27500000, -0.27500000, 0.55000000, 0.00845956
-0.20625000, -0.34375000, 0.55000000, 0.01065325
-0.13750000, -0.41250000, 0.55000000, 0.01270392
-0.06875000, -0.48125000, 0.55000000, 0.01414260
0.00000000, -0.55000000, 0.55000000, 0.01306682
0.06875000, -0.55000000, 0.48125000, 0.02381574
0.13750000, -0.55000000, 0.41250000, 0.03845590
0.20625000, -0.55000000, 0.34375000, 0.05081841
0.27500000, -0.55000000, 0.27500000, 0.05672523
0.34375000, -0.55000000, 0.20625000, 0.05418912
0.41250000, -0.55000000, 0.13750000, 0.04406638
0.48125000, -0.55000000, 0.06875000, 0.02998668
0.55000000, -0.55000000, 0.00000000, 0.01805867
0.55000000, -0.48125000, -0.06875000, 0.01758759
0.55000000, -0.41250000, -0.13750000, 0.01498595
0.55000000, -0.34375000, -0.20625000, 0.01182399
0.55000000, -0.27500000, -0.27500000, 0.00873198
0.55000000, -0.20625000, -0.34375000, 0.00602586
0.55000000, -0.13750000, -0.41250000, 0.00384732
0.55000000, -0.06875000, -0.48125000, 0.00220375
0.60000000, 0.00000000, -0.60000000, 0.00031603
0.52500000, 0.07500000, -0.60000000, 0.00094979
0.45000000, 0.15000000, -0.60000000, 0.00191244
0.37500000, 0.22500000, -0.60000000, 0.00306174
0.30000000, 0.30000000, -0.60000000, 0.00430501
0.22500000, 0.37500000, -0.60000000, 0.00555601
0.15000000, 0.45000000, -0.60000000, 0.00671468
0.07500000, 0.52500000, -0.60000000, 0.00747043
0.00000000, 0.60000000, -0.60000000, 0.00661579
-0.07500000, 0.60000000, -0.52500000, 0.01463066
-0.15000000, 0.60000000, -0.45000000, 0.02731031
-0.22500000, 0.60000000, -0.37500000, 0.03902534
-0.30000000, 0.60000000, -0.30000000, 0.04473090
-0.37500000, 0.60000000, -0.22500000, 0.04183410
-0.45000000, 0.60000000, -0.15000000, 0.03162458
-0.52500000, 0.60000000, -0.07500000, 0.01877341
-0.60000000, 0.60000000, 0.00000000, 0.00947810
-0.60000000, 0.52500000, 0.07500000, 0.00979289
-0.60000000, 0.45000000, 0.15000000, 0.00844298
-0.60000000, 0.37500000, 0.22500000, 0.00655663
-0.60000000, 0.30000000, 0.30000000, 0.00463888
-0.60000000, 0.22500000, 0.37500000, 0.00297611
-0.60000000, 0.15000000, 0.45000000, 0.00170177
-0.60000000, 0.07500000, 0.52500000, 0.00082268
-0.60000000, 0.00000000, 0.60000000, 0.00031603
-0.52500000, -0.07500000, 0.60000000, 0.00094979
-0.45000000, -0.15000000, 0.60000000, 0.00191244
-0.37500000, -0.22500000, 0.60000000, 0.00306174
-0.30000000, -0.30000000, 0.60000000, 0.00430501
-0.22500000, -0.37500000, 0.60000000, 0.00555601
-0.15000000, -0.45000000, 0.60000000, 0.00671468
-0.07500000, -0.52500000, 0.60000000, 0.00747043
0.00000000, -0.60000000, 0.60000000, 0.00661579
0.07500000, -0.60000000, 0.52500000, 0.01463066
0.15000000, -0.60000000, 0.45000000, 0.02731031
0.22500000, -0.60000000, 0.37500000, 0.03902534
0.30000000, -0.60000000, 0.30000000, 0.04473090
0.37500000, -0.60000000, 0.22500000, 0.04183410
0.45000000, -0.60000000, 0.15000000, 0.03162458
0.52500000, -0.60000000, 0.07500000, 0.01877341
0.60000000, -0.60000000, 0.00000000, 0.00947810
0.60000000, -0.52500000, -0.07500000, 0.00979289
0.60000000, -0.45000000, -0.15000000, 0.00844298
0.60000000, -0.37500000, -0.22500000, 0.00655663
0.60000000, -0.30000000, -0.30000000, 0.00463888
0.60000000, -0.22500000, -0.37500000, 0.00297611
0.60000000, -0.15000000, -0.45000000, 0.00170177
0.60000000, -0.07500000, -0.52500000, 0.00082268
0.65000000, 0.00000000, -0.65000000, 0.00007033
0.56875000, 0.08125000, -0.65000000, 0.00030389
0.48750000, 0.16250000, -0.65000000, 0.00071351
0.40625000, 0.24375000, -0.65000000, 0.00123456
0.32500000, 0.32500000, -0.65000000, 0.00181415
0.24375000, 0.40625000, -0.65000000, 0.00240484
0.16250000, 0.48750000, -0.65000000, 0.00295396
0.08125000, 0.56875000, -0.65000000, 0.00328329
0.00000000, 0.65000000, -0.65000000, 0.00273084
-0.08125000, 0.65000000, -0.56875000, 0.00779676
-0.16250000, 0.65000000, -0.48750000, 0.01758082
-0.24375000, 0.65000000, -0.40625000, 0.02769664
-0.32500000, 0.65000000, -0.32500000, 0.03279580
-0.40625000, 0.65000000, -0.24375000, 0.02988316
-0.48750000, 0.65000000, -0.16250000, 0.02062443
-0.56875000, 0.65000000, -0.08125000, 0.01024947
-0.65000000, 0.65000000, 0.00000000, 0.00408421
-0.65000000, 0.56875000, 0.08125000, 0.00457586
-0.65000000, 0.48750000, 0.16250000, 0.00402271
-0.65000000, 0.40625000, 0.24375000, 0.00307383
-0.65000000, 0.32500000, 0.32500000, 0.00206628
-0.65000000, 0.24375000, 0.40625000, 0.00121084
-0.65000000, 0.16250000, 0.48750000, 0.00060296
-0.65000000, 0.08125000, 0.56875000, 0.00023674
-0.65000000, 0.00000000, 0.65000000, 0.00007033
-0.56875000, -0.08125000, 0.65000000, 0.00030389
-0.48750000, -0.16250000, 0.65000000, 0.00071351
-0.40625000, -0.24375000, 0.65000000, 0.00123456
-0.32500000, -0.32500000, 0.65000000, 0.00181415
-0.24375000, -0.40625000, 0.65000000, 0.00240484
-0.16250000, -0.48750000, 0.65000000, 0.00295396
-0.08125000, -0.56875000, 0.65000000, 0.00328329
0.00000000, -0.65000000, 0.65000000, 0.00273084
0.08125000, -0.65000000, 0.56875000, 0.00779676
0.16250000, -0.65000000, 0.48750000, 0.01758082
0.24375000, -0.65000000, 0.40625000, 0.02769664
0.32500000, -0.65000000, 0.32500000, 0.03279580
0.40625000, -0.65000000, 0.24375000, 0.02988316
0.48750000, -0.65000000, 0.16250000, 0.02062443
0.56875000, -0.65000000, 0.08125000, 0.01024947
0.65000000, -0.65000000, 0.00000000, 0.00408421
0.65000000, -0.56875000, -0.08125000, 0.00457586
0.65000000, -0.48750000, -0.16250000, 0.00402271
0.65000000, -0.40625000, -0.24375000, 0.00307383
0.65000000, -0.32500000, -0.32500000, 0.00206628
0.65000000, -0.24375000, -0.40625000, 0.00121084
0.65000000, -0.16250000, -0.48750000, 0.00060296
0.65000000, -0.08125000, -0.56875000, 0.00023674
0.70000000, 0.00000000, -0.70000000, 0.00001210
0.61250000, 0.08750000, -0.70000000, 0.00007749
0.52500000, 0.17500000, -0.70000000, 0.00021179
0.43750000, 0.26250000, -0.70000000, 0.00039446
0.35000000, 0.35000000, -0.70000000, 0.00060093
0.26250000, 0.43750000, -0.70000000, 0.00081611
0.17500000, 0.52500000, -0.70000000, 0.00102351
0.08750000, 0.61250000, -0.70000000, 0.00114164
0.00000000, 0.70000000, -0.70000000, 0.00086795
-0.08750000, 0.70000000, -0.61250000, 0.00347414
-0.17500000, 0.70000000, -0.52500000, 0.01008050
-0.26250000, 0.70000000, -0.43750000, 0.01792797
-0.35000000, 0.70000000, -0.35000000, 0.02208191
-0.43750000, 0.70000000, -0.26250000, 0.01949239
-0.52500000, 0.70000000, -0.17500000, 0.01201533
-0.61250000, 0.70000000, -0.08750000, 0.00472025
-0.70000000, 0.70000000, 0.00000000, 0.00136659
-0.70000000, 0.61250000, 0.08750000, 0.00171983
-0.70000000, 0.52500000, 0.17500000, 0.00155994
-0.70000000, 0.43750000, 0.26250000, 0.00117471
-0.70000000, 0.35000000, 0.35000000, 0.00074127
-0.70000000, 0.26250000, 0.43750000, 0.00038550
-0.70000000, 0.17500000, 0.52500000, 0.00016003
-0.70000000, 0.08750000, 0.61250000, 0.00004830
-0.70000000, 0.00000000, 0.70000000, 0.00001210
-0.61250000, -0.08750000, 0.70000000, 0.00007749
-0.52500000, -0.17500000, 0.70000000, 0.00021179
-0.43750000, -0.26250000, 0.70000000, 0.00039446
-0.35000000, -0.35000000, 0.70000000, 0.00060093
-0.26250000, -0.43750000, 0.70000000, 0.00081611
-0.17500000, -0.52500000, 0.70000000, 0.00102351
-0.08750000, -0.61250000, 0.70000000, 0.00114164
0.00000000, -0.70000000, 0.70000000, 0.00086795
0.08750000, -0.70000000, 0.61250000, 0.00347414
0.17500000, -0.70000000, 0.52500000, 0.01008050
0.26250000, -0.70000000, 0.43750000, 0.01792797
0.35000000, -0.70000000, 0.35000000, 0.02208191
0.43750000, -0.70000000, 0.26250000, 0.01949239
0.52500000, -0.70000000, 0.17500000, 0.01201533
0.61250000, -0.70000000, 0.08750000, 0.00472025
0.70000000, -0.70000000, 0.00000000, 0.00136659
0.70000000, -0.61250000, -0.08750000, 0.00171983
0.70000000, -0.52500000, -0.17500000, 0.00155994
0.70000000, -0.43750000, -0.26250000, 0.00117471
0.70000000, -0.35000000, -0.35000000, 0.00074127
0.70000000, -0.26250000, -0.43750000, 0.00038550
0.70000000, -0.17500000, -0.52500000, 0.00016003
0.70000000, -0.08750000, -0.61250000, 0.00004830
0.75000000, 0.00000000, -0.75000000, -0.00000426
0.65625000, 0.09375000, -0.75000000, 0.00001265
0.56250000, 0.18750000, -0.75000000, 0.00004877
0.46875000, 0.28125000, -0.75000000, 0.00009654
0.37500000, 0.37500000, -0.75000000, 0.00014445
0.28125000, 0.46875000, -0.75000000, 0.00019444
0.18750000, 0.56250000, -0.75000000, 0.00025097
0.09375000, 0.65625000, -0.75000000, 0.00028865
0.00000000, 0.75000000, -0.75000000, 0.00019877
-0.09375000, 0.75000000, -0.65625000, 0.00121536
-0.18750000, 0.75000000, -0.56250000, 0.00501665
-0.28125000, 0.75000000, -0.46875000, 0.01037398
-0.37500000, 0.75000000, -0.37500000, 0.01339519
-0.46875000, 0.75000000, -0.28125000, 0.01137737
-0.56250000, 0.75000000, -0.18750000, 0.00609461
-0.65625000, 0.75000000, -0.09375000, 0.00173595
-0.75000000, 0.75000000, 0.00000000, 0.00033011
-0.75000000, 0.65625000, 0.09375000, 0.00049210
-0.75000000, 0.56250000, 0.18750000, 0.00046794
-0.75000000, 0.46875000, 0.28125000, 0.00035018
-0.75000000, 0.37500000, 0.37500000, 0.00020381
-0.75000000, 0.28125000, 0.46875000, 0.00008945
-0.75000000, 0.18750000, 0.56250000, 0.00002917
-0.75000000, 0.09375000, 0.65625000, 0.00000507
-0.75000000, 0.00000000, 0.75000000, -0.00000426
-0.65625000, -0.09375000, 0.75000000, 0.00001265
-0.56250000, -0.18750000, 0.75000000, 0.00004877
-0.46875000, -0.28125000, 0.75000000, 0.00009654
-0.37500000, -0.37500000, 0.75000000, 0.00014445
-0.28125000, -0.46875000, 0.75000000, 0.00019444
-0.18750000, -0.56250000, 0.75000000, 0.00025097
-0.09375000, -0.65625000, 0.75000000, 0.00028865
0.00000000, -0.75000000, 0.75000000, 0.00019877
0.09375000, -0.75000000, 0.65625000, 0.00121536
0.18750000, -0.75000000, 0.56250000, 0.00501665
0.28125000, -0.75000000, 0.46875000, 0.01037398
0.37500000, -0.75000000, 0.37500000, 0.01339519
0.46875000, -0.75000000, 0.28125000, 0.01137737
0.56250000, -0.75000000, 0.18750000, 0.00609461
0.65625000, -0.75000000, 0.09375000, 0.00173595
0.75000000, -0.75000000, 0.00000000, 0.00033011
0.75000000, -0.65625000, -0.09375000, 0.00049210
0.75000000, -0.56250000, -0.18750000, 0.00046794
0.75000000, -0.46875000, -0.28125000, 0.00035018
0.75000000, -0.37500000, -0.37500000, 0.00020381
0.75000000, -0.28125000, -0.46875000, 0.00008945
0.75000000, -0.18750000, -0.56250000, 0.00002917
0.75000000, -0.09375000, -0.65625000, 0.00000507
0.80000000, 0.00000000, -0.80000000, -0.00000502
0.70000000, 0.10000000, -0.80000000, -0.00000069
0.60000000, 0.20000000, -0.80000000, 0.00000805
0.50000000, 0.30000000, -0.80000000, 0.00001648
0.40000000, 0.40000000, -0.80000000, 0.00001964
0.30000000, 0.50000000, -0.80000000, 0.00002196
0.20000000, 0.60000000, -0.80000000, 0.00003205
0.10000000, 0.70000000, -0.80000000, 0.00004424
0.00000000, 0.80000000, -0.80000000, 0.00002835
-0.10000000, 0.80000000, -0.70000000, 0.00029269
-0.20000000, 0.80000000, -0.60000000, 0.00208112
-0.30000000, 0.80000000, -0.50000000, 0.00519208
-0.40000000, 0.80000000, -0.40000000, 0.00708998
-0.50000000, 0.80000000, -0.30000000, 0.00574671
-0.60000000, 0.80000000, -0.20000000, 0.00258519
-0.70000000, 0.80000000, -0.10000000, 0.00046130
-0.80000000, 0.80000000, 0.00000000, 0.00005143
-0.80000000, 0.70000000, 0.10000000, 0.00009933
-0.80000000, 0.60000000, 0.20000000, 0.00010169
-0.80000000, 0.50000000, 0.30000000, 0.00007713
-0.80000000, 0.40000000, 0.40000000, 0.00003938
-0.80000000, 0.30000000, 0.50000000, 0.00001195
-0.80000000, 0.20000000, 0.60000000, 0.00000215
-0.80000000, 0.10000000, 0.70000000, -0.00000102
-0.80000000, 0.00000000, 0.80000000, -0.00000502
-0.70000000, -0.10000000, 0.80000000, -0.00000069
-0.60000000, -0.20000000, 0.80000000, 0.00000805
-0.50000000, -0.30000000, 0.80000000, 0.00001648
-0.40000000, -0.40000000, 0.80000000, 0.00001964
-0.30000000, -0.50000000, 0.80000000, 0.00002196
-0.20000000, -0.60000000, 0.80000000, 0.00003205
-0.10000000, -0.70000000, 0.80000000, 0.00004424
0.00000000, -0.80000000, 0.80000000, 0.00002835
0.10000000, -0.80000000, 0.70000000, 0.00029269
0.20000000, -0.80000000, 0.60000000, 0.00208112
0.30000000, -0.80000000, 0.50000000, 0.00519208
0.40000000, -0.80000000, 0.40000000, 0.00708998
0.50000000, -0.80000000, 0.30000000, 0.00574671
0.60000000, -0.80000000, 0.20000000, 0.00258519
0.70000000, -0.80000000, 0.10000000, 0.00046130
0.80000000, -0.80000000, 0.00000000, 0.00005143
0.80000000, -0.70000000, -0.10000000, 0.00009933
0.80000000, -0.60000000, -0.20000000, 0.00010169
0.80000000, -0.50000000, -0.30000000, 0.00007713
0.80000000, -0.40000000, -0.40000000, 0.00003938
0.80000000, -0.30000000, -0.50000000, 0.00001195
0.80000000, -0.20000000, -0.60000000, 0.00000215
0.80000000, -0.10000000, -0.70000000, -0.00000102
0.85000000, 0.00000000, -0.85000000, 0.00000345
0.74375000, 0.10625000, -0.85000000, 0.00000164
0.63750000, 0.21250000, -0.85000000, -0.00000040
0.53125000, 0.31875000, -0.85000000, -0.00000262
0.42500000, 0.42500000, -0.85000000, -0.00000481
0.31875000, 0.53125000, -0.85000000, -0.00000570
0.21250000, 0.63750000, -0.85000000, -0.00000248
0.10625000, 0.74375000, -0.85000000, 0.00000003
0.00000000, 0.85000000, -0.85000000, -0.00000756
-0.10625000, 0.85000000, -0.74375000, 0.00002867
-0.21250000, 0.85000000, -0.63750000, 0.00067076
-0.31875000, 0.85000000, -0.53125000, 0.00211470
-0.42500000, 0.85000000, -0.42500000, 0.00308382
-0.53125000, 0.85000000, -0.31875000, 0.00236170
-0.63750000, 0.85000000, -0.21250000, 0.00085479
-0.74375000, 0.85000000, -0.10625000, 0.00006861
-0.85000000, 0.85000000, 0.00000000, -0.00000461
-0.85000000, 0.74375000, 0.10625000, 0.00000716
-0.85000000, 0.63750000, 0.21250000, 0.00001199
-0.85000000, 0.53125000, 0.31875000, 0.00000876
-0.85000000, 0.42500000, 0.42500000, 0.00000117
-0.85000000, 0.31875000, 0.53125000, -0.00000352
-0.85000000, 0.21250000, 0.63750000, -0.00000290
-0.85000000, 0.10625000, 0.74375000, 0.00000022
-0.85000000, 0.00000000, 0.85000000, 0.00000345
-0.74375000, -0.10625000, 0.85000000, 0.00000164
-0.63750000, -0.21250000, 0.85000000, -0.00000040
-0.53125000, -0.31875000, 0.85000000, -0.00000262
-0.42500000, -0.42500000, 0.85000000, -0.00000481
-0.31875000, -0.53125000, 0.85000000, -0.00000570
-0.21250000, -0.63750000, 0.85000000, -0.00000248
-0.10625000, -0.74375000, 0.85000000, 0.00000003
0.00000000, -0.85000000, 0.85000000, -0.00000756
0.10625000, -0.85000000, 0.74375000, 0.00002867
0.21250000, -0.85000000, 0.63750000, 0.00067076
0.31875000, -0.85000000, 0.53125000, 0.00211470
0.42500000, -0.85000000, 0.42500000, 0.00308382
0.53125000, -0.85000000, 0.31875000, 0.00236170
0.63750000, -0.85000000, 0.21250000, 0.00085479
0.74375000, -0.85000000, 0.10625000, 0.00006861
0.85000000, -0.85000000, 0.00000000, -0.00000461
0.85000000, -0.74375000, -0.10625000, 0.00000716
0.85000000, -0.63750000, -0.21250000, 0.00001199
0.85000000, -0.53125000, -0.31875000, 0.00000876
0.85000000, -0.42500000, -0.42500000, 0.00000117
0.85000000, -0.31875000, -0.53125000, -0.00000352
0.85000000, -0.21250000, -0.63750000, -0.00000290
0.85000000, -0.10625000, -0.74375000, 0.00000022
0.90000000, 0.00000000, -0.90000000, 0.00000304
0.78750000, 0.11250000, -0.90000000, 0.00000186
0.67500000, 0.22500000, -0.90000000, -0.00000045
0.56250000, 0.33750000, -0.90000000, -0.00000250
0.45000000, 0.45000000, -0.90000000, -0.00000337
0.33750000, 0.56250000, -0.90000000, -0.00000275
0.22500000, 0.67500000, -0.90000000, -0.00000112
0.11250000, 0.78750000, -0.90000000, -0.00000106
0.00000000, 0.90000000, -0.90000000, -0.00000532
-0.11250000, 0.90000000, -0.78750000, -0.00000931
-0.22500000, 0.90000000, -0.67500000, 0.00014324
-0.33750000, 0.90000000, -0.56250000, 0.00061161
-0.45000000, 0.90000000, -0.45000000, 0.00096368
-0.56250000, 0.90000000, -0.33750000, 0.00068938
-0.67500000, 0.90000000, -0.22500000, 0.00018882
-0.78750000, 0.90000000, -0.11250000, -0.00000352
-0.90000000, 0.90000000, 0.00000000, -0.00000590
-0.90000000, 0.78750000, 0.11250000, -0.00000342
-0.90000000, 0.67500000, 0.22500000, -0.00000086
-0.90000000, 0.56250000, 0.33750000, -0.00000096
-0.90000000, 0.45000000, 0.45000000, -0.00000188
-0.90000000, 0.33750000, 0.56250000, -0.00000225
-0.90000000, 0.22500000, 0.67500000, -0.00000140
-0.90000000, 0.11250000, 0.78750000, 0.00000061
-0.90000000, 0.00000000, 0.90000000, 0.00000304
-0.78750000, -0.11250000, 0.90000000, 0.00000186
-0.67500000, -0.22500000, 0.90000000, -0.00000045
-0.56250000, -0.33750000, 0.90000000, -0.00000250
-0.45000000, -0.45000000, 0.90000000, -0.00000337
-0.33750000, -0.56250000, 0.90000000, -0.00000275
-0.22500000, -0.67500000, 0.90000000, -0.00000112
-0.11250000, -0.78750000, 0.90000000, -0.00000106
0.00000000, -0.90000000, 0.90000000, -0.00000532
0.11250000, -0.90000000, 0.78750000, -0.00000931
0.22500000, -0.90000000, 0.67500000, 0.00014324
0.33750000, -0.90000000, 0.56250000, 0.00061161
0.45000000, -0.90000000, 0.45000000, 0.00096368
0.56250000, -0.90000000, 0.33750000, 0.00068938
0.67500000, -0.90000000, 0.22500000, 0.00018882
0.78750000, -0.90000000, 0.11250000, -0.00000352
0.90000000, -0.90000000, 0.00000000, -0.00000590
0.90000000, -0.78750000, -0.11250000, -0.00000342
0.90000000, -0.67500000, -0.22500000, -0.00000086
0.90000000, -0.56250000, -0.33750000, -0.00000096
0.90000000, -0.45000000, -0.45000000, -0.00000188
0.90000000, -0.33750000, -0.56250000, -0.00000225
0.90000000, -0.22500000, -0.67500000, -0.00000140
0.90000000, -0.11250000, -0.78750000, 0.00000061
0.95000000, 0.00000000, -0.95000000, -0.00000347
0.83125000, 0.11875000, -0.95000000, -0.00000200
0.71250000, 0.23750000, -0.95000000, 0.00000051
0.59375000, 0.35625000, -0.95000000, 0.00000250
0.47500000, 0.47500000, -0.95000000, 0.00000265
0.35625000, 0.59375000, -0.95000000, 0.00000174
0.23750000, 0.71250000, -0.95000000, 0.00000090
0.11875000, 0.83125000, -0.95000000, 0.00000198
0.00000000, 0.95000000, -0.95000000, 0.00000666
-0.11875000, 0.95000000, -0.83125000, -0.00000277
-0.23750000, 0.95000000, -0.71250000, 0.00001130
-0.35625000, 0.95000000, -0.59375000, 0.00008134
-0.47500000, 0.95000000, -0.47500000, 0.00014125
-0.59375000, 0.95000000, -0.35625000, 0.00009330
-0.71250000, 0.95000000, -0.23750000, 0.00001637
-0.83125000, 0.95000000, -0.11875000, -0.00000378
-0.95000000, 0.95000000, 0.00000000, 0.00000713
-0.95000000, 0.83125000, 0.11875000, 0.00000476
-0.95000000, 0.71250000, 0.23750000, 0.00000283
-0.95000000, 0.59375000, 0.35625000, 0.00000283
-0.95000000, 0.47500000, 0.47500000, 0.00000255
-0.95000000, 0.35625000, 0.59375000, 0.00000203
-0.95000000, 0.23750000, 0.71250000, 0.00000117
-0.95000000, 0.11875000, 0.83125000, -0.00000090
-0.95000000, 0.00000000, 0.95000000, -0.00000347
-0.83125000, -0.11875000, 0.95000000, -0.00000200
-0.71250000, -0.23750000, 0.95000000, 0.00000051
-0.59375000, -0.35625000, 0.95000000, 0.00000250
-0.47500000, -0.47500000, 0.95000000, 0.00000265
-0.35625000, -0.59375000, 0.95000000, 0.00000174
-0.23750000, -0.71250000, 0.95000000, 0.00000090
-0.11875000, -0.83125000, 0.95000000, 0.00000198
0.00000000, -0.95000000, 0.95000000, 0.00000666
0.11875000, -0.95000000, 0.83125000, -0.00000277
0.23750000, -0.95000000, 0.71250000, 0.00001130
0.35625000, -0.95000000, 0.59375000, 0.00008134
0.47500000, -0.95000000, 0.47500000, 0.00014125
0.59375000, -0.95000000, 0.35625000, 0.00009330
0.71250000, -0.95000000, 0.23750000, 0.00001637
0.83125000, -0.95000000, 0.11875000, -0.00000378
0.95000000, -0.95000000, 0.00000000, 0.00000713
0.95000000, -0.83125000, -0.11875000, 0.00000476
0.95000000, -0.71250000, -0.23750000, 0.00000283
0.95000000, -0.59375000, -0.35625000, 0.00000283
0.95000000, -0.47500000, -0.47500000, 0.00000255
0.95000000, -0.35625000, -0.59375000, 0.00000203
0.95000000, -0.23750000, -0.71250000, 0.00000117
0.95000000, -0.11875000, -0.83125000, -0.00000090
1.00000000, 0.00000000, -1.00000000, 0.00000000
0.87500000, 0.12500000, -1.00000000, 0.00000000
0.75000000, 0.25000000, -1.00000000, 0.00000000
0.62500000, 0.37500000, -1.00000000, 0.00000000
0.50000000, 0.50000000, -1.00000000, 0.00000000
0.37500000, 0.62500000, -1.00000000, 0.00000000
0.25000000, 0.75000000, -1.00000000, 0.00000000
0.12500000, 0.87500000, -1.00000000, 0.00000000
0.00000000, 1.00000000, -1.00000000, 0.00000000
-0.12500000, 1.00000000, -0.87500000, 0.00000000
-0.25000000, 1.00000000, -0.75000000, 0.00000000
-0.37500000, 1.00000000, -0.62500000, 0.00000000
-0.50000000, 1.00000000, -0.50000000, 0.00000000
-0.62500000, 1.00000000, -0.37500000, 0.00000000
-0.75000000, 1.00000000, -0.25000000, 0.00000000
-0.87500000, 1.00000000, -0.12500000, 0.00000000
-1.00000000, 1.00000000, 0.00000000, 0.00000000
-1.00000000, 0.87500000, 0.12500000, 0.00000000
-1.00000000, 0.75000000, 0.25000000, 0.00000000
-1.00000000, 0.62500000, 0.37500000, 0.00000000
-1.00000000, 0.50000000, 0.50000000, 0.00000000
-1.00000000, 0.37500000, 0.62500000, 0.00000000
-1.00000000, 0.25000000, 0.75000000, 0.00000000
-1.00000000, 0.12500000, 0.87500000, 0.00000000
-1.00000000, 0.00000000, 1.00000000, 0.00000000
-0.87500000, -0.12500000, 1.00000000, 0.00000000
-0.75000000, -0.25000000, 1.00000000, 0.00000000
-0.62500000, -0.37500000, 1.00000000, 0.00000000
-0.50000000, -0.50000000, 1.00000000, 0.00000000
-0.37500000, -0.62500000, 1.00000000, 0.00000000
-0.25000000, -0.75000000, 1.00000000, 0.00000000
-0.12500000, -0.87500000, 1.00000000, 0.00000000
0.00000000, -1.00000000, 1.00000000, 0.00000000
0.12500000, -1.00000000, 0.87500000, 0.00000000
0.25000000, -1.00000000, 0.75000000, 0.00000000
0.37500000, -1.00000000, 0.62500000, 0.00000000
0.50000000, -1.00000000, 0.50000000, 0.00000000
0.62500000, -1.00000000, 0.37500000, 0.00000000
0.75000000, -1.00000000, 0.25000000, 0.00000000
0.87500000, -1.00000000, 0.12500000, 0.00000000
1.00000000, -1.00000000, 0.00000000, 0.00000000
1.00000000, -0.87500000, -0.12500000, 0.00000000
1.00000000, -0.75000000, -0.25000000, 0.00000000
1.00000000, -0.62500000, -0.37500000, 0.00000000
1.00000000, -0.50000000, -0.50000000, 0.00000000
1.00000000, -0.37500000, -0.62500000, 0.00000000
1.00000000, -0.25000000, -0.75000000, 0.00000000
1.00000000, -0.12500000, -0.87500000, 0.00000000
