0.01000000, 0.00000000, -0.01000000, -0.22669840
0.00000000, 0.01000000, -0.01000000, -0.75303793
-0.00125000, 0.01000000, -0.00875000, -0.79995310
-0.00250000, 0.01000000, -0.00750000, -0.54663455
-0.00375000, 0.01000000, -0.00625000, -0.21498261
-0.00500000, 0.01000000, -0.00500000, 0.15631494
-0.00625000, 0.01000000, -0.00375000, 0.50460613
-0.00750000, 0.01000000, -0.00250000, 0.77023262
-0.00875000, 0.01000000, -0.00125000, 0.91185951
-0.01000000, 0.01000000, 0.00000000, 0.71216148
-0.01000000, 0.00875000, 0.00125000, 0.50727051
-0.01000000, 0.00750000, 0.00250000, 0.42383209
-0.01000000, 0.00625000, 0.00375000, 0.37182981
-0.01000000, 0.00500000, 0.00500000, 0.32541475
-0.01000000, 0.00375000, 0.00625000, 0.29106387
-0.01000000, 0.00250000, 0.00750000, 0.25520137
-0.01000000, 0.00125000, 0.00875000, 0.22990313
-0.01000000, 0.00000000, 0.01000000, 0.20635164
0.00000000, -0.01000000, 0.01000000, 0.71216148
0.00125000, -0.01000000, 0.00875000, 0.91185951
0.00250000, -0.01000000, 0.00750000, 0.77023262
0.00375000, -0.01000000, 0.00625000, 0.50460613
0.00500000, -0.01000000, 0.00500000, 0.15631494
0.00625000, -0.01000000, 0.00375000, -0.21498261
0.00750000, -0.01000000, 0.00250000, -0.54663455
0.00875000, -0.01000000, 0.00125000, -0.79995310
0.01000000, -0.01000000, 0.00000000, -0.75303793
0.01000000, -0.00875000, -0.00125000, -0.54293561
0.01000000, -0.00750000, -0.00250000, -0.45544231
0.01000000, -0.00625000, -0.00375000, -0.40131432
0.01000000, -0.00500000, -0.00500000, -0.35170275
0.01000000, -0.00375000, -0.00625000, -0.31558836
0.01000000, -0.00250000, -0.00750000, -0.27751461
0.01000000, -0.00125000, -0.00875000, -0.25129998
0.02000000, 0.00000000, -0.02000000, -0.09518638
0.01750000, 0.00250000, -0.02000000, -0.10536207
0.01500000, 0.00500000, -0.02000000, -0.11799081
0.01250000, 0.00750000, -0.02000000, -0.13402297
0.01000000, 0.01000000, -0.02000000, -0.15127563
0.00750000, 0.01250000, -0.02000000, -0.17415825
0.00500000, 0.01500000, -0.02000000, -0.20121939
0.00250000, 0.01750000, -0.02000000, -0.24252218
0.00000000, 0.02000000, -0.02000000, -0.34268171
-0.00250000, 0.02000000, -0.01750000, -0.35980052
-0.00500000, 0.02000000, -0.01500000, -0.24711232
-0.00750000, 0.02000000, -0.01250000, -0.08963972
-0.01000000, 0.02000000, -0.01000000, 0.07481202
-0.01250000, 0.02000000, -0.00750000, 0.22765081
-0.01500000, 0.02000000, -0.00500000, 0.35147366
-0.01750000, 0.02000000, -0.00250000, 0.40790555
-0.02000000, 0.02000000, 0.00000000, 0.31342155
-0.02000000, 0.01750000, 0.00250000, 0.21633951
-0.02000000, 0.01500000, 0.00500000, 0.17743775
-0.02000000, 0.01250000, 0.00750000, 0.15236627
-0.02000000, 0.01000000, 0.01000000, 0.13153973
-0.02000000, 0.00750000, 0.01250000, 0.11571301
-0.02000000, 0.00500000, 0.01500000, 0.10114250
-0.02000000, 0.00250000, 0.01750000, 0.08942548
-0.02000000, 0.00000000, 0.02000000, 0.07992330
-0.01750000, -0.00250000, 0.02000000, 0.08942548
-0.01500000, -0.00500000, 0.02000000, 0.10114250
-0.01250000, -0.00750000, 0.02000000, 0.11571301
-0.01000000, -0.01000000, 0.02000000, 0.13153973
-0.00750000, -0.01250000, 0.02000000, 0.15236627
-0.00500000, -0.01500000, 0.02000000, 0.17743775
-0.00250000, -0.01750000, 0.02000000, 0.21633951
0.00000000, -0.02000000, 0.02000000, 0.31342155
0.00250000, -0.02000000, 0.01750000, 0.40790555
0.00500000, -0.02000000, 0.01500000, 0.35147366
0.00750000, -0.02000000, 0.01250000, 0.22765081
0.01000000, -0.02000000, 0.01000000, 0.07481202
0.01250000, -0.02000000, 0.00750000, -0.08963972
0.01500000, -0.02000000, 0.00500000, -0.24711232
0.01750000, -0.02000000, 0.00250000, -0.35980052
0.02000000, -0.02000000, 0.00000000, -0.34268171
0.02000000, -0.01750000, -0.00250000, -0.24252218
0.02000000, -0.01500000, -0.00500000, -0.20121939
0.02000000, -0.01250000, -0.00750000, -0.17415825
0.02000000, -0.01000000, -0.01000000, -0.15127563
0.02000000, -0.00750000, -0.01250000, -0.13402297
0.02000000, -0.00500000, -0.01500000, -0.11799081
0.02000000, -0.00250000, -0.01750000, -0.10536207
0.03000000, 0.00000000, -0.03000000, -0.05733978
0.02625000, 0.00375000, -0.03000000, -0.06381612
0.02250000, 0.00750000, -0.03000000, -0.07244016
0.01875000, 0.01125000, -0.03000000, -0.08366621
0.01500000, 0.01500000, -0.03000000, -0.09657925
0.01125000, 0.01875000, -0.03000000, -0.11231679
0.00750000, 0.02250000, -0.03000000, -0.13224322
0.00375000, 0.02625000, -0.03000000, -0.16251005
0.00000000, 0.03000000, -0.03000000, -0.23484172
-0.00375000, 0.03000000, -0.02625000, -0.24752620
-0.00750000, 0.03000000, -0.02250000, -0.17139226
-0.01125000, 0.03000000, -0.01875000, -0.06502591
-0.01500000, 0.03000000, -0.01500000, 0.04770483
-0.01875000, 0.03000000, -0.01125000, 0.15282594
-0.02250000, 0.03000000, -0.00750000, 0.23646922
-0.02625000, 0.03000000, -0.00375000, 0.27466622
-0.03000000, 0.03000000, 0.00000000, 0.20994560
-0.03000000, 0.02625000, 0.00375000, 0.14030398
-0.03000000, 0.02250000, 0.00750000, 0.11213141
-0.03000000, 0.01875000, 0.01125000, 0.09397832
-0.03000000, 0.01500000, 0.01500000, 0.07985369
-0.03000000, 0.01125000, 0.01875000, 0.06838065
-0.03000000, 0.00750000, 0.02250000, 0.05844570
-0.03000000, 0.00375000, 0.02625000, 0.05067898
-0.03000000, 0.00000000, 0.03000000, 0.04477254
-0.02625000, -0.00375000, 0.03000000, 0.05067898
-0.02250000, -0.00750000, 0.03000000, 0.05844570
-0.01875000, -0.01125000, 0.03000000, 0.06838065
-0.01500000, -0.01500000, 0.03000000, 0.07985369
-0.01125000, -0.01875000, 0.03000000, 0.09397832
-0.00750000, -0.02250000, 0.03000000, 0.11213141
-0.00375000, -0.02625000, 0.03000000, 0.14030398
0.00000000, -0.03000000, 0.03000000, 0.20994560
0.00375000, -0.03000000, 0.02625000, 0.27466622
0.00750000, -0.03000000, 0.02250000, 0.23646922
0.01125000, -0.03000000, 0.01875000, 0.15282594
0.01500000, -0.03000000, 0.01500000, 0.04770483
0.01875000, -0.03000000, 0.01125000, -0.06502591
0.02250000, -0.03000000, 0.00750000, -0.17139226
0.02625000, -0.03000000, 0.00375000, -0.24752620
0.03000000, -0.03000000, 0.00000000, -0.23484172
0.03000000, -0.02625000, -0.00375000, -0.16251005
0.03000000, -0.02250000, -0.00750000, -0.13224322
0.03000000, -0.01875000, -0.01125000, -0.11231679
0.03000000, -0.01500000, -0.01500000, -0.09657925
0.03000000, -0.01125000, -0.01875000, -0.08366621
0.03000000, -0.00750000, -0.02250000, -0.07244016
0.03000000, -0.00375000, -0.02625000, -0.06381612
0.04000000, 0.00000000, -0.04000000, -0.03976709
0.03500000, 0.00500000, -0.04000000, -0.04474944
0.03000000, 0.01000000, -0.04000000, -0.05191384
0.02500000, 0.01500000, -0.04000000, -0.06093390
0.02000000, 0.02000000, -0.04000000, -0.07167899
0.01500000, 0.02500000, -0.04000000, -0.08502705
0.01000000, 0.03000000, -0.04000000, -0.10211344
0.00500000, 0.03500000, -0.04000000, -0.12770276
0.00000000, 0.04000000, -0.04000000, -0.18813793
-0.00500000, 0.04000000, -0.03500000, -0.20008753
-0.01000000, 0.04000000, -0.03000000, -0.13957039
-0.01500000, 0.04000000, -0.02500000, -0.05575096
-0.02000000, 0.04000000, -0.02000000, 0.03432262
-0.02500000, 0.04000000, -0.01500000, 0.11861203
-0.03000000, 0.04000000, -0.01000000, 0.18511298
-0.03500000, 0.04000000, -0.00500000, 0.21688506
-0.04000000, 0.04000000, 0.00000000, 0.16556068
-0.04000000, 0.03500000, 0.00500000, 0.10773820
-0.04000000, 0.03000000, 0.01000000, 0.08413456
-0.04000000, 0.02500000, 0.01500000, 0.06877483
-0.04000000, 0.02000000, 0.02000000, 0.05696906
-0.04000000, 0.01500000, 0.02500000, 0.04757120
-0.04000000, 0.01000000, 0.03000000, 0.03970345
-0.04000000, 0.00500000, 0.03500000, 0.03343198
-0.04000000, 0.00000000, 0.04000000, 0.02898865
-0.03500000, -0.00500000, 0.04000000, 0.03343198
-0.03000000, -0.01000000, 0.04000000, 0.03970345
-0.02500000, -0.01500000, 0.04000000, 0.04757120
-0.02000000, -0.02000000, 0.04000000, 0.05696906
-0.01500000, -0.02500000, 0.04000000, 0.06877483
-0.01000000, -0.03000000, 0.04000000, 0.08413456
-0.00500000, -0.03500000, 0.04000000, 0.10773820
0.00000000, -0.04000000, 0.04000000, 0.16556068
0.00500000, -0.04000000, 0.03500000, 0.21688506
0.01000000, -0.04000000, 0.03000000, 0.18511298
0.01500000, -0.04000000, 0.02500000, 0.11861203
0.02000000, -0.04000000, 0.02000000, 0.03432262
0.02500000, -0.04000000, 0.01500000, -0.05575096
0.03000000, -0.04000000, 0.01000000, -0.13957039
0.03500000, -0.04000000, 0.00500000, -0.20008753
0.04000000, -0.04000000, 0.00000000, -0.18813793
0.04000000, -0.03500000, -0.00500000, -0.12770276
0.04000000, -0.03000000, -0.01000000, -0.10211344
0.04000000, -0.02500000, -0.01500000, -0.08502705
0.04000000, -0.02000000, -0.02000000, -0.07167899
0.04000000, -0.01500000, -0.02500000, -0.06093390
0.04000000, -0.01000000, -0.03000000, -0.05191384
0.04000000, -0.00500000, -0.03500000, -0.04474944
0.05000000, 0.00000000, -0.05000000, -0.02967098
0.04375000, 0.00625000, -0.05000000, -0.03377815
0.03750000, 0.01250000, -0.05000000, -0.04008377
0.03125000, 0.01875000, -0.05000000, -0.04811882
0.02500000, 0.02500000, -0.05000000, -0.05784902
0.01875000, 0.03125000, -0.05000000, -0.06989744
0.01250000, 0.03750000, -0.05000000, -0.08543284
0.00625000, 0.04375000, -0.05000000, -0.10858461
0.00000000, 0.05000000, -0.05000000, -0.16252761
-0.00625000, 0.05000000, -0.04375000, -0.17419823
-0.01250000, 0.05000000, -0.03750000, -0.12285798
-0.01875000, 0.05000000, -0.03125000, -0.05105097
-0.02500000, 0.05000000, -0.02500000, 0.02632966
-0.03125000, 0.05000000, -0.01875000, 0.09903056
-0.03750000, 0.05000000, -0.01250000, 0.15679635
-0.04375000, 0.05000000, -0.00625000, 0.18485439
-0.05000000, 0.05000000, 0.00000000, 0.14140211
-0.05000000, 0.04375000, 0.00625000, 0.09010813
-0.05000000, 0.03750000, 0.01250000, 0.06893390
-0.05000000, 0.03125000, 0.01875000, 0.05510493
-0.05000000, 0.02500000, 0.02500000, 0.04455316
-0.05000000, 0.01875000, 0.03125000, 0.03614448
-0.05000000, 0.01250000, 0.03750000, 0.02922453
-0.05000000, 0.00625000, 0.04375000, 0.02379950
-0.05000000, 0.00000000, 0.05000000, 0.02020300
-0.04375000, -0.00625000, 0.05000000, 0.02379950
-0.03750000, -0.01250000, 0.05000000, 0.02922453
-0.03125000, -0.01875000, 0.05000000, 0.03614448
-0.02500000, -0.02500000, 0.05000000, 0.04455316
-0.01875000, -0.03125000, 0.05000000, 0.05510493
-0.01250000, -0.03750000, 0.05000000, 0.06893390
-0.00625000, -0.04375000, 0.05000000, 0.09010813
0.00000000, -0.05000000, 0.05000000, 0.14140211
0.00625000, -0.05000000, 0.04375000, 0.18485439
0.01250000, -0.05000000, 0.03750000, 0.15679635
0.01875000, -0.05000000, 0.03125000, 0.09903056
0.02500000, -0.05000000, 0.02500000, 0.02632966
0.03125000, -0.05000000, 0.01875000, -0.05105097
0.03750000, -0.05000000, 0.01250000, -0.12285798
0.04375000, -0.05000000, 0.00625000, -0.17419823
0.05000000, -0.05000000, 0.00000000, -0.16252761
0.05000000, -0.04375000, -0.00625000, -0.10858461
0.05000000, -0.03750000, -0.01250000, -0.08543284
0.05000000, -0.03125000, -0.01875000, -0.06989744
0.05000000, -0.02500000, -0.02500000, -0.05784902
0.05000000, -0.01875000, -0.03125000, -0.04811882
0.05000000, -0.01250000, -0.03750000, -0.04008377
0.05000000, -0.00625000, -0.04375000, -0.03377815
0.06000000, 0.00000000, -0.06000000, -0.02330236
0.05250000, 0.00750000, -0.06000000, -0.02690396
0.04500000, 0.01500000, -0.06000000, -0.03261363
0.03750000, 0.02250000, -0.06000000, -0.04002094
0.03000000, 0.03000000, -0.06000000, -0.04904085
0.02250000, 0.03750000, -0.06000000, -0.06042599
0.01500000, 0.04500000, -0.06000000, -0.07506563
0.00750000, 0.05250000, -0.06000000, -0.09671301
0.00000000, 0.06000000, -0.06000000, -0.14657620
-0.00750000, 0.06000000, -0.05250000, -0.15857057
-0.01500000, 0.06000000, -0.04500000, -0.11301537
-0.02250000, 0.06000000, -0.03750000, -0.04877106
-0.03000000, 0.06000000, -0.03000000, 0.02102627
-0.03750000, 0.06000000, -0.02250000, 0.08684814
-0.04500000, 0.06000000, -0.01500000, 0.13922976
-0.05250000, 0.06000000, -0.00750000, 0.16513731
-0.06000000, 0.06000000, 0.00000000, 0.12642437
-0.06000000, 0.05250000, 0.00750000, 0.07926313
-0.06000000, 0.04500000, 0.01500000, 0.05962038
-0.06000000, 0.03750000, 0.02250000, 0.04670528
-0.06000000, 0.03000000, 0.03000000, 0.03683238
-0.06000000, 0.02250000, 0.03750000, 0.02910738
-0.06000000, 0.01500000, 0.04500000, 0.02279170
-0.06000000, 0.00750000, 0.05250000, 0.01793792
-0.06000000, 0.00000000, 0.06000000, 0.01483491
-0.05250000, -0.00750000, 0.06000000, 0.01793792
-0.04500000, -0.01500000, 0.06000000, 0.02279170
-0.03750000, -0.02250000, 0.06000000, 0.02910738
-0.03000000, -0.03000000, 0.06000000, 0.03683238
-0.02250000, -0.03750000, 0.06000000, 0.04670528
-0.01500000, -0.04500000, 0.06000000, 0.05962038
-0.00750000, -0.05250000, 0.06000000, 0.07926313
0.00000000, -0.06000000, 0.06000000, 0.12642437
0.00750000, -0.06000000, 0.05250000, 0.16513731
0.01500000, -0.06000000, 0.04500000, 0.13922976
0.02250000, -0.06000000, 0.03750000, 0.08684814
0.03000000, -0.06000000, 0.03000000, 0.02102627
0.03750000, -0.06000000, 0.02250000, -0.04877106
0.04500000, -0.06000000, 0.01500000, -0.11301537
0.05250000, -0.06000000, 0.00750000, -0.15857057
0.06000000, -0.06000000, 0.00000000, -0.14657620
0.06000000, -0.05250000, -0.00750000, -0.09671301
0.06000000, -0.04500000, -0.01500000, -0.07506563
0.06000000, -0.03750000, -0.02250000, -0.06042599
0.06000000, -0.03000000, -0.03000000, -0.04904085
0.06000000, -0.02250000, -0.03750000, -0.04002094
0.06000000, -0.01500000, -0.04500000, -0.03261363
0.06000000, -0.00750000, -0.05250000, -0.02690396
0.07000000, 0.00000000, -0.07000000, -0.01878629
0.06125000, 0.00875000, -0.07000000, -0.02201730
0.05250000, 0.01750000, -0.07000000, -0.02739851
0.04375000, 0.02625000, -0.07000000, -0.03441534
0.03500000, 0.03500000, -0.07000000, -0.04301171
0.02625000, 0.04375000, -0.07000000, -0.05386301
0.01750000, 0.05250000, -0.07000000, -0.06778271
0.00875000, 0.06125000, -0.07000000, -0.08828424
0.00000000, 0.07000000, -0.07000000, -0.13508959
-0.00875000, 0.07000000, -0.06125000, -0.14740093
-0.01750000, 0.07000000, -0.05250000, -0.10587205
-0.02625000, 0.07000000, -0.04375000, -0.04697376
-0.03500000, 0.07000000, -0.03500000, 0.01721489
-0.04375000, 0.07000000, -0.02625000, 0.07795785
-0.05250000, 0.07000000, -0.01750000, 0.12655875
-0.06125000, 0.07000000, -0.00875000, 0.15106609
-0.07000000, 0.07000000, 0.00000000, 0.11566885
-0.07000000, 0.06125000, 0.00875000, 0.07166255
-0.07000000, 0.05250000, 0.01750000, 0.05318955
-0.07000000, 0.04375000, 0.02625000, 0.04099677
-0.07000000, 0.03500000, 0.03500000, 0.03165640
-0.07000000, 0.02625000, 0.04375000, 0.02434770
-0.07000000, 0.01750000, 0.05250000, 0.01841295
-0.07000000, 0.00875000, 0.06125000, 0.01388057
-0.07000000, 0.00000000, 0.07000000, 0.01113561
-0.06125000, -0.00875000, 0.07000000, 0.01388057
-0.05250000, -0.01750000, 0.07000000, 0.01841295
-0.04375000, -0.02625000, 0.07000000, 0.02434770
-0.03500000, -0.03500000, 0.07000000, 0.03165640
-0.02625000, -0.04375000, 0.07000000, 0.04099677
-0.01750000, -0.05250000, 0.07000000, 0.05318955
-0.00875000, -0.06125000, 0.07000000, 0.07166255
0.00000000, -0.07000000, 0.07000000, 0.11566885
0.00875000, -0.07000000, 0.06125000, 0.15106609
0.01750000, -0.07000000, 0.05250000, 0.12655875
0.02625000, -0.07000000, 0.04375000, 0.07795785
0.03500000, -0.07000000, 0.03500000, 0.01721489
0.04375000, -0.07000000, 0.02625000, -0.04697376
0.05250000, -0.07000000, 0.01750000, -0.10587205
0.06125000, -0.07000000, 0.00875000, -0.14740093
0.07000000, -0.07000000, 0.00000000, -0.13508959
0.07000000, -0.06125000, -0.00875000, -0.08828424
0.07000000, -0.05250000, -0.01750000, -0.06778271
0.07000000, -0.04375000, -0.02625000, -0.05386301
0.07000000, -0.03500000, -0.03500000, -0.04301171
0.07000000, -0.02625000, -0.04375000, -0.03441534
0.07000000, -0.01750000, -0.05250000, -0.02739851
0.07000000, -0.00875000, -0.06125000, -0.02201730
0.08000000, 0.00000000, -0.08000000, -0.01546754
0.07000000, 0.01000000, -0.08000000, -0.01841361
0.06000000, 0.02000000, -0.08000000, -0.02356525
0.05000000, 0.03000000, -0.08000000, -0.03030515
0.04000000, 0.04000000, -0.08000000, -0.03862178
0.03000000, 0.05000000, -0.08000000, -0.04902779
0.02000000, 0.06000000, -0.08000000, -0.06237533
0.01000000, 0.07000000, -0.08000000, -0.08196700
0.00000000, 0.08000000, -0.08000000, -0.12639171
-0.01000000, 0.08000000, -0.07000000, -0.13888946
-0.02000000, 0.08000000, -0.06000000, -0.10046610
-0.03000000, 0.08000000, -0.05000000, -0.04557848
-0.04000000, 0.08000000, -0.04000000, 0.01434185
-0.05000000, 0.08000000, -0.03000000, 0.07122283
-0.06000000, 0.08000000, -0.02000000, 0.11699239
-0.07000000, 0.08000000, -0.01000000, 0.14036946
-0.08000000, 0.08000000, 0.00000000, 0.10754058
-0.08000000, 0.07000000, 0.01000000, 0.06601477
-0.08000000, 0.06000000, 0.02000000, 0.04847809
-0.08000000, 0.05000000, 0.03000000, 0.03686421
-0.08000000, 0.04000000, 0.04000000, 0.02796312
-0.08000000, 0.03000000, 0.05000000, 0.02093931
-0.08000000, 0.02000000, 0.06000000, 0.01527635
-0.08000000, 0.01000000, 0.07000000, 0.01096949
-0.08000000, 0.00000000, 0.08000000, 0.00849864
-0.07000000, -0.01000000, 0.08000000, 0.01096949
-0.06000000, -0.02000000, 0.08000000, 0.01527635
-0.05000000, -0.03000000, 0.08000000, 0.02093931
-0.04000000, -0.04000000, 0.08000000, 0.02796312
-0.03000000, -0.05000000, 0.08000000, 0.03686421
-0.02000000, -0.06000000, 0.08000000, 0.04847809
-0.01000000, -0.07000000, 0.08000000, 0.06601477
0.00000000, -0.08000000, 0.08000000, 0.10754058
0.01000000, -0.08000000, 0.07000000, 0.14036946
0.02000000, -0.08000000, 0.06000000, 0.11699239
0.03000000, -0.08000000, 0.05000000, 0.07122283
0.04000000, -0.08000000, 0.04000000, 0.01434185
0.05000000, -0.08000000, 0.03000000, -0.04557848
0.06000000, -0.08000000, 0.02000000, -0.10046610
0.07000000, -0.08000000, 0.01000000, -0.13888946
0.08000000, -0.08000000, 0.00000000, -0.12639171
0.08000000, -0.07000000, -0.01000000, -0.08196700
0.08000000, -0.06000000, -0.02000000, -0.06237533
0.08000000, -0.05000000, -0.03000000, -0.04902779
0.08000000, -0.04000000, -0.04000000, -0.03862178
0.08000000, -0.03000000, -0.05000000, -0.03030515
0.08000000, -0.02000000, -0.06000000, -0.02356525
0.08000000, -0.01000000, -0.07000000, -0.01841361
0.09000000, 0.00000000, -0.09000000, -0.01300932
0.07875000, 0.01125000, -0.09000000, -0.01575905
0.06750000, 0.02250000, -0.09000000, -0.02068681
0.05625000, 0.03375000, -0.09000000, -0.02718406
0.04500000, 0.04500000, -0.09000000, -0.03524310
0.03375000, 0.05625000, -0.09000000, -0.04531676
0.02250000, 0.06750000, -0.09000000, -0.05822965
0.01125000, 0.07875000, -0.09000000, -0.07708517
0.00000000, 0.09000000, -0.09000000, -0.11961526
-0.01125000, 0.09000000, -0.07875000, -0.13230005
-0.02250000, 0.09000000, -0.06750000, -0.09639472
-0.03375000, 0.09000000, -0.05625000, -0.04463968
-0.04500000, 0.09000000, -0.04500000, 0.01210210
-0.05625000, 0.09000000, -0.03375000, 0.06610923
-0.06750000, 0.09000000, -0.02250000, 0.10966514
-0.07875000, 0.09000000, -0.01125000, 0.13205646
-0.09000000, 0.09000000, 0.00000000, 0.10121641
-0.09000000, 0.07875000, 0.01125000, 0.06166415
-0.09000000, 0.06750000, 0.02250000, 0.04489676
-0.09000000, 0.05625000, 0.03375000, 0.03373921
-0.09000000, 0.04500000, 0.04500000, 0.02517809
-0.09000000, 0.03375000, 0.05625000, 0.01841552
-0.09000000, 0.02250000, 0.06750000, 0.01298835
-0.09000000, 0.01125000, 0.07875000, 0.00889570
-0.09000000, 0.00000000, 0.09000000, 0.00661678
-0.07875000, -0.01125000, 0.09000000, 0.00889570
-0.06750000, -0.02250000, 0.09000000, 0.01298835
-0.05625000, -0.03375000, 0.09000000, 0.01841552
-0.04500000, -0.04500000, 0.09000000, 0.02517809
-0.03375000, -0.05625000, 0.09000000, 0.03373921
-0.02250000, -0.06750000, 0.09000000, 0.04489676
-0.01125000, -0.07875000, 0.09000000, 0.06166415
0.00000000, -0.09000000, 0.09000000, 0.10121641
0.01125000, -0.09000000, 0.07875000, 0.13205646
0.02250000, -0.09000000, 0.06750000, 0.10966514
0.03375000, -0.09000000, 0.05625000, 0.06610923
0.04500000, -0.09000000, 0.04500000, 0.01210210
0.05625000, -0.09000000, 0.03375000, -0.04463968
0.06750000, -0.09000000, 0.02250000, -0.09639472
0.07875000, -0.09000000, 0.01125000, -0.13230005
0.09000000, -0.09000000, 0.00000000, -0.11961526
0.09000000, -0.07875000, -0.01125000, -0.07708517
0.09000000, -0.06750000, -0.02250000, -0.05822965
0.09000000, -0.05625000, -0.03375000, -0.04531676
0.09000000, -0.04500000, -0.04500000, -0.03524310
0.09000000, -0.03375000, -0.05625000, -0.02718406
0.09000000, -0.02250000, -0.06750000, -0.02068681
0.09000000, -0.01125000, -0.07875000, -0.01575905
0.10000000, 0.00000000, -0.10000000, -0.01112127
0.08750000, 0.01250000, -0.10000000, -0.01373817
0.07500000, 0.02500000, -0.10000000, -0.01845252
0.06250000, 0.03750000, -0.10000000, -0.02472977
0.05000000, 0.05000000, -0.10000000, -0.03253133
0.03750000, 0.06250000, -0.10000000, -0.04233908
0.02500000, 0.07500000, -0.10000000, -0.05488213
0.01250000, 0.08750000, -0.10000000, -0.07309715
0.00000000, 0.10000000, -0.10000000, -0.11401138
-0.01250000, 0.10000000, -0.08750000, -0.12693569
-0.02500000, 0.10000000, -0.07500000, -0.09313028
-0.03750000, 0.10000000, -0.06250000, -0.04393638
-0.05000000, 0.10000000, -0.05000000, 0.01030071
-0.06250000, 0.10000000, -0.03750000, 0.06204022
-0.07500000, 0.10000000, -0.02500000, 0.10377548
-0.08750000, 0.10000000, -0.01250000, 0.12529908
-0.10000000, 0.10000000, 0.00000000, 0.09599060
-0.10000000, 0.08750000, 0.01250000, 0.05812055
-0.10000000, 0.07500000, 0.02500000, 0.04202829
-0.10000000, 0.06250000, 0.03750000, 0.03126604
-0.10000000, 0.05000000, 0.05000000, 0.02298648
-0.10000000, 0.03750000, 0.06250000, 0.01648011
-0.10000000, 0.02500000, 0.07500000, 0.01126589
-0.10000000, 0.01250000, 0.08750000, 0.00737433
-0.10000000, 0.00000000, 0.10000000, 0.00522840
-0.08750000, -0.01250000, 0.10000000, 0.00737433
-0.07500000, -0.02500000, 0.10000000, 0.01126589
-0.06250000, -0.03750000, 0.10000000, 0.01648011
-0.05000000, -0.05000000, 0.10000000, 0.02298648
-0.03750000, -0.06250000, 0.10000000, 0.03126604
-0.02500000, -0.07500000, 0.10000000, 0.04202829
-0.01250000, -0.08750000, 0.10000000, 0.05812055
0.00000000, -0.10000000, 0.10000000, 0.09599060
0.01250000, -0.10000000, 0.08750000, 0.12529908
0.02500000, -0.10000000, 0.07500000, 0.10377548
0.03750000, -0.10000000, 0.06250000, 0.06204022
0.05000000, -0.10000000, 0.05000000, 0.01030071
0.06250000, -0.10000000, 0.03750000, -0.04393638
0.07500000, -0.10000000, 0.02500000, -0.09313028
0.08750000, -0.10000000, 0.01250000, -0.12693569
0.10000000, -0.10000000, 0.00000000, -0.11401138
0.10000000, -0.08750000, -0.01250000, -0.07309715
0.10000000, -0.07500000, -0.02500000, -0.05488213
0.10000000, -0.06250000, -0.03750000, -0.04233908
0.10000000, -0.05000000, -0.05000000, -0.03253133
0.10000000, -0.03750000, -0.06250000, -0.02472977
0.10000000, -0.02500000, -0.07500000, -0.01845252
0.10000000, -0.01250000, -0.08750000, -0.01373817
0.15000000, 0.00000000, -0.15000000, -0.00548004
0.13125000, 0.01875000, -0.15000000, -0.00761596
0.11250000, 0.03750000, -0.15000000, -0.01166940
0.09375000, 0.05625000, -0.15000000, -0.01714316
0.07500000, 0.07500000, -0.15000000, -0.02391854
0.05625000, 0.09375000, -0.15000000, -0.03233494
0.03750000, 0.11250000, -0.15000000, -0.04297715
0.01875000, 0.13125000, -0.15000000, -0.05829429
0.00000000, 0.15000000, -0.15000000, -0.09256800
-0.01875000, 0.15000000, -0.13125000, -0.10669855
-0.03750000, 0.15000000, -0.11250000, -0.08027959
-0.05625000, 0.15000000, -0.09375000, -0.04010773
-0.07500000, 0.15000000, -0.07500000, 0.00473979
-0.09375000, 0.15000000, -0.05625000, 0.04787204
-0.11250000, 0.15000000, -0.03750000, 0.08291478
-0.13125000, 0.15000000, -0.01875000, 0.10096355
-0.15000000, 0.15000000, 0.00000000, 0.07609853
-0.15000000, 0.13125000, 0.01875000, 0.04519804
-0.15000000, 0.11250000, 0.03750000, 0.03209352
-0.15000000, 0.09375000, 0.05625000, 0.02325168
-0.15000000, 0.07500000, 0.07500000, 0.01635627
-0.15000000, 0.05625000, 0.09375000, 0.01085453
-0.15000000, 0.03750000, 0.11250000, 0.00641850
-0.15000000, 0.01875000, 0.13125000, 0.00315066
-0.15000000, 0.00000000, 0.15000000, 0.00147797
-0.13125000, -0.01875000, 0.15000000, 0.00315066
-0.11250000, -0.03750000, 0.15000000, 0.00641850
-0.09375000, -0.05625000, 0.15000000, 0.01085453
-0.07500000, -0.07500000, 0.15000000, 0.01635627
-0.05625000, -0.09375000, 0.15000000, 0.02325168
-0.03750000, -0.11250000, 0.15000000, 0.03209352
-0.01875000, -0.13125000, 0.15000000, 0.04519804
0.00000000, -0.15000000, 0.15000000, 0.07609853
0.01875000, -0.15000000, 0.13125000, 0.10096355
0.03750000, -0.15000000, 0.11250000, 0.08291478
0.05625000, -0.15000000, 0.09375000, 0.04787204
0.07500000, -0.15000000, 0.07500000, 0.00473979
0.09375000, -0.15000000, 0.05625000, -0.04010773
0.11250000, -0.15000000, 0.03750000, -0.08027959
0.13125000, -0.15000000, 0.01875000, -0.10669855
0.15000000, -0.15000000, 0.00000000, -0.09256800
0.15000000, -0.13125000, -0.01875000, -0.05829429
0.15000000, -0.11250000, -0.03750000, -0.04297715
0.15000000, -0.09375000, -0.05625000, -0.03233494
0.15000000, -0.07500000, -0.07500000, -0.02391854
0.15000000, -0.05625000, -0.09375000, -0.01714316
0.15000000, -0.03750000, -0.11250000, -0.01166940
0.15000000, -0.01875000, -0.13125000, -0.00761596
0.20000000, 0.00000000, -0.20000000, -0.00290151
0.17500000, 0.02500000, -0.20000000, -0.00470582
0.15000000, 0.05000000, -0.20000000, -0.00810519
0.12500000, 0.07500000, -0.20000000, -0.01272432
0.10000000, 0.10000000, -0.20000000, -0.01840804
0.07500000, 0.12500000, -0.20000000, -0.02547562
0.05000000, 0.15000000, -0.20000000, -0.03431762
0.02500000, 0.17500000, -0.20000000, -0.04697781
0.00000000, 0.20000000, -0.20000000, -0.07584876
-0.02500000, 0.20000000, -0.17500000, -0.09117910
-0.05000000, 0.20000000, -0.15000000, -0.07009798
-0.07500000, 0.20000000, -0.12500000, -0.03639215
-0.10000000, 0.20000000, -0.10000000, 0.00190489
-0.12500000, 0.20000000, -0.07500000, 0.03889389
-0.15000000, 0.20000000, -0.05000000, 0.06874775
-0.17500000, 0.20000000, -0.02500000, 0.08365328
-0.20000000, 0.20000000, 0.00000000, 0.06095228
-0.20000000, 0.17500000, 0.02500000, 0.03561859
-0.20000000, 0.15000000, 0.05000000, 0.02515127
-0.20000000, 0.12500000, 0.07500000, 0.01805563
-0.20000000, 0.10000000, 0.10000000, 0.01243781
-0.20000000, 0.07500000, 0.12500000, 0.00794270
-0.20000000, 0.05000000, 0.15000000, 0.00427954
-0.20000000, 0.02500000, 0.17500000, 0.00159628
-0.20000000, 0.00000000, 0.20000000, 0.00023698
-0.17500000, -0.02500000, 0.20000000, 0.00159628
-0.15000000, -0.05000000, 0.20000000, 0.00427954
-0.12500000, -0.07500000, 0.20000000, 0.00794270
-0.10000000, -0.10000000, 0.20000000, 0.01243781
-0.07500000, -0.12500000, 0.20000000, 0.01805563
-0.05000000, -0.15000000, 0.20000000, 0.02515127
-0.02500000, -0.17500000, 0.20000000, 0.03561859
0.00000000, -0.20000000, 0.20000000, 0.06095228
0.02500000, -0.20000000, 0.17500000, 0.08365328
0.05000000, -0.20000000, 0.15000000, 0.06874775
0.07500000, -0.20000000, 0.12500000, 0.03889389
0.10000000, -0.20000000, 0.10000000, 0.00190489
0.12500000, -0.20000000, 0.07500000, -0.03639215
0.15000000, -0.20000000, 0.05000000, -0.07009798
0.17500000, -0.20000000, 0.02500000, -0.09117910
0.20000000, -0.20000000, 0.00000000, -0.07584876
0.20000000, -0.17500000, -0.02500000, -0.04697781
0.20000000, -0.15000000, -0.05000000, -0.03431762
0.20000000, -0.12500000, -0.07500000, -0.02547562
0.20000000, -0.10000000, -0.10000000, -0.01840804
0.20000000, -0.07500000, -0.12500000, -0.01272432
0.20000000, -0.05000000, -0.15000000, -0.00810519
0.20000000, -0.02500000, -0.17500000, -0.00470582
0.25000000, 0.00000000, -0.25000000, -0.00137751
0.21875000, 0.03125000, -0.25000000, -0.00282153
0.18750000, 0.06250000, -0.25000000, -0.00560980
0.15625000, 0.09375000, -0.25000000, -0.00938048
0.12500000, 0.12500000, -0.25000000, -0.01395933
0.09375000, 0.15625000, -0.25000000, -0.01956129
0.06250000, 0.18750000, -0.25000000, -0.02647909
0.03125000, 0.21875000, -0.25000000, -0.03647123
0.00000000, 0.25000000, -0.25000000, -0.06003686
-0.03125000, 0.25000000, -0.21875000, -0.07622689
-0.06250000, 0.25000000, -0.18750000, -0.05975084
-0.09375000, 0.25000000, -0.15625000, -0.03180344
-0.12500000, 0.25000000, -0.12500000, 0.00025750
-0.15625000, 0.25000000, -0.09375000, 0.03130756
-0.18750000, 0.25000000, -0.06250000, 0.05628222
-0.21875000, 0.25000000, -0.03125000, 0.06813329
-0.25000000, 0.25000000, 0.00000000, 0.04706705
-0.25000000, 0.21875000, 0.03125000, 0.02706584
-0.25000000, 0.18750000, 0.06250000, 0.01911348
-0.25000000, 0.15625000, 0.09375000, 0.01375767
-0.25000000, 0.12500000, 0.12500000, 0.00943448
-0.25000000, 0.09375000, 0.15625000, 0.00589440
-0.25000000, 0.06250000, 0.18750000, 0.00295563
-0.25000000, 0.03125000, 0.21875000, 0.00078318
-0.25000000, 0.00000000, 0.25000000, -0.00027533
-0.21875000, -0.03125000, 0.25000000, 0.00078318
-0.18750000, -0.06250000, 0.25000000, 0.00295563
-0.15625000, -0.09375000, 0.25000000, 0.00589440
-0.12500000, -0.12500000, 0.25000000, 0.00943448
-0.09375000, -0.15625000, 0.25000000, 0.01375767
-0.06250000, -0.18750000, 0.25000000, 0.01911348
-0.03125000, -0.21875000, 0.25000000, 0.02706584
0.00000000, -0.25000000, 0.25000000, 0.04706705
0.03125000, -0.25000000, 0.21875000, 0.06813329
0.06250000, -0.25000000, 0.18750000, 0.05628222
0.09375000, -0.25000000, 0.15625000, 0.03130756
0.12500000, -0.25000000, 0.12500000, 0.00025750
0.15625000, -0.25000000, 0.09375000, -0.03180344
0.18750000, -0.25000000, 0.06250000, -0.05975084
0.21875000, -0.25000000, 0.03125000, -0.07622689
0.25000000, -0.25000000, 0.00000000, -0.06003686
0.25000000, -0.21875000, -0.03125000, -0.03647123
0.25000000, -0.18750000, -0.06250000, -0.02647909
0.25000000, -0.15625000, -0.09375000, -0.01956129
0.25000000, -0.12500000, -0.12500000, -0.01395933
0.25000000, -0.09375000, -0.15625000, -0.00938048
0.25000000, -0.06250000, -0.18750000, -0.00560980
0.25000000, -0.03125000, -0.21875000, -0.00282153
0.30000000, 0.00000000, -0.30000000, -0.00060358
0.26250000, 0.03750000, -0.30000000, -0.00168676
0.22500000, 0.07500000, -0.30000000, -0.00383214
0.18750000, 0.11250000, -0.30000000, -0.00672426
0.15000000, 0.15000000, -0.30000000, -0.01020955
0.11250000, 0.18750000, -0.30000000, -0.01443228
0.07500000, 0.22500000, -0.30000000, -0.01958535
0.03750000, 0.26250000, -0.30000000, -0.02707914
0.00000000, 0.30000000, -0.30000000, -0.04565571
-0.03750000, 0.30000000, -0.26250000, -0.06209340
-0.07500000, 0.30000000, -0.22500000, -0.04968531
-0.11250000, 0.30000000, -0.18750000, -0.02705960
-0.15000000, 0.30000000, -0.15000000, -0.00067594
-0.18750000, 0.30000000, -0.11250000, 0.02491057
-0.22500000, 0.30000000, -0.07500000, 0.04522422
-0.26250000, 0.30000000, -0.03750000, 0.05419720
-0.30000000, 0.30000000, 0.00000000, 0.03490172
-0.30000000, 0.26250000, 0.03750000, 0.01969839
-0.30000000, 0.22500000, 0.07500000, 0.01397845
-0.30000000, 0.18750000, 0.11250000, 0.01013851
-0.30000000, 0.15000000, 0.15000000, 0.00697268
-0.30000000, 0.11250000, 0.18750000, 0.00433203
-0.30000000, 0.07500000, 0.22500000, 0.00210333
-0.30000000, 0.03750000, 0.26250000, 0.00044104
-0.30000000, 0.00000000, 0.30000000, -0.00034228
-0.26250000, -0.03750000, 0.30000000, 0.00044104
-0.22500000, -0.07500000, 0.30000000, 0.00210333
-0.18750000, -0.11250000, 0.30000000, 0.00433203
-0.15000000, -0.15000000, 0.30000000, 0.00697268
-0.11250000, -0.18750000, 0.30000000, 0.01013851
-0.07500000, -0.22500000, 0.30000000, 0.01397845
-0.03750000, -0.26250000, 0.30000000, 0.01969839
0.00000000, -0.30000000, 0.30000000, 0.03490172
0.03750000, -0.30000000, 0.26250000, 0.05419720
0.07500000, -0.30000000, 0.22500000, 0.04522422
0.11250000, -0.30000000, 0.18750000, 0.02491057
0.15000000, -0.30000000, 0.15000000, -0.00067594
0.18750000, -0.30000000, 0.11250000, -0.02705960
0.22500000, -0.30000000, 0.07500000, -0.04968531
0.26250000, -0.30000000, 0.03750000, -0.06209340
0.30000000, -0.30000000, 0.00000000, -0.04565571
0.30000000, -0.26250000, -0.03750000, -0.02707914
0.30000000, -0.22500000, -0.07500000, -0.01958535
0.30000000, -0.18750000, -0.11250000, -0.01443228
0.30000000, -0.15000000, -0.15000000, -0.01020955
0.30000000, -0.11250000, -0.18750000, -0.00672426
0.30000000, -0.07500000, -0.22500000, -0.00383214
0.30000000, -0.03750000, -0.26250000, -0.00168676
0.35000000, 0.00000000, -0.35000000, -0.00025041
0.30625000, 0.04375000, -0.35000000, -0.00103250
0.26250000, 0.08750000, -0.35000000, -0.00256790
0.21875000, 0.13125000, -0.35000000, -0.00464769
0.17500000, 0.17500000, -0.35000000, -0.00712474
0.13125000, 0.21875000, -0.35000000, -0.01014404
0.08750000, 0.26250000, -0.35000000, -0.01376451
0.04375000, 0.30625000, -0.35000000, -0.01905224
0.00000000, 0.35000000, -0.35000000, -0.03297995
-0.04375000, 0.35000000, -0.30625000, -0.04890757
-0.08750000, 0.35000000, -0.26250000, -0.04004560
-0.13125000, 0.35000000, -0.21875000, -0.02229610
-0.17500000, 0.35000000, -0.17500000, -0.00114404
-0.21875000, 0.35000000, -0.13125000, 0.01937678
-0.26250000, 0.35000000, -0.08750000, 0.03534663
-0.30625000, 0.35000000, -0.04375000, 0.04173340
-0.35000000, 0.35000000, 0.00000000, 0.02457396
-0.35000000, 0.30625000, 0.04375000, 0.01361172
-0.35000000, 0.26250000, 0.08750000, 0.00975562
-0.35000000, 0.21875000, 0.13125000, 0.00716259
-0.35000000, 0.17500000, 0.17500000, 0.00496051
-0.35000000, 0.13125000, 0.21875000, 0.00311501
-0.35000000, 0.08750000, 0.26250000, 0.00152056
-0.35000000, 0.04375000, 0.30625000, 0.00032736
-0.35000000, 0.00000000, 0.35000000, -0.00024368
-0.30625000, -0.04375000, 0.35000000, 0.00032736
-0.26250000, -0.08750000, 0.35000000, 0.00152056
-0.21875000, -0.13125000, 0.35000000, 0.00311501
-0.17500000, -0.17500000, 0.35000000, 0.00496051
-0.13125000, -0.21875000, 0.35000000, 0.00716259
-0.08750000, -0.26250000, 0.35000000, 0.00975562
-0.04375000, -0.30625000, 0.35000000, 0.01361172
0.00000000, -0.35000000, 0.35000000, 0.02457396
0.04375000, -0.35000000, 0.30625000, 0.04173340
0.08750000, -0.35000000, 0.26250000, 0.03534663
0.13125000, -0.35000000, 0.21875000, 0.01937678
0.17500000, -0.35000000, 0.17500000, -0.00114404
0.21875000, -0.35000000, 0.13125000, -0.02229610
0.26250000, -0.35000000, 0.08750000, -0.04004560
0.30625000, -0.35000000, 0.04375000, -0.04890757
0.35000000, -0.35000000, 0.00000000, -0.03297995
0.35000000, -0.30625000, -0.04375000, -0.01905224
0.35000000, -0.26250000, -0.08750000, -0.01376451
0.35000000, -0.21875000, -0.13125000, -0.01014404
0.35000000, -0.17500000, -0.17500000, -0.00712474
0.35000000, -0.13125000, -0.21875000, -0.00464769
0.35000000, -0.08750000, -0.26250000, -0.00256790
0.35000000, -0.04375000, -0.30625000, -0.00103250
0.40000000, 0.00000000, -0.40000000, -0.00004863
0.35000000, 0.05000000, -0.40000000, -0.00057305
0.30000000, 0.10000000, -0.40000000, -0.00163041
0.25000000, 0.15000000, -0.40000000, -0.00306135
0.20000000, 0.20000000, -0.40000000, -0.00472889
0.15000000, 0.25000000, -0.40000000, -0.00672636
0.10000000, 0.30000000, -0.40000000, -0.00906223
0.05000000, 0.35000000, -0.40000000, -0.01251472
0.00000000, 0.40000000, -0.40000000, -0.02227129
-0.05000000, 0.40000000, -0.35000000, -0.03681999
-0.10000000, 0.40000000, -0.30000000, -0.03091834
-0.15000000, 0.40000000, -0.25000000, -0.01753960
-0.20000000, 0.40000000, -0.20000000, -0.00130676
-0.25000000, 0.40000000, -0.15000000, 0.01444443
-0.30000000, 0.40000000, -0.10000000, 0.02649247
-0.35000000, 0.40000000, -0.05000000, 0.03071149
-0.40000000, 0.40000000, 0.00000000, 0.01614510
-0.40000000, 0.35000000, 0.05000000, 0.00879896
-0.40000000, 0.30000000, 0.10000000, 0.00640563
-0.40000000, 0.25000000, 0.15000000, 0.00480138
-0.40000000, 0.20000000, 0.20000000, 0.00338176
-0.40000000, 0.15000000, 0.25000000, 0.00214988
-0.40000000, 0.10000000, 0.30000000, 0.00104970
-0.40000000, 0.05000000, 0.35000000, 0.00021494
-0.40000000, 0.00000000, 0.40000000, -0.00017890
-0.35000000, -0.05000000, 0.40000000, 0.00021494
-0.30000000, -0.10000000, 0.40000000, 0.00104970
-0.25000000, -0.15000000, 0.40000000, 0.00214988
-0.20000000, -0.20000000, 0.40000000, 0.00338176
-0.15000000, -0.25000000, 0.40000000, 0.00480138
-0.10000000, -0.30000000, 0.40000000, 0.00640563
-0.05000000, -0.35000000, 0.40000000, 0.00879896
0.00000000, -0.40000000, 0.40000000, 0.01614510
0.05000000, -0.40000000, 0.35000000, 0.03071149
0.10000000, -0.40000000, 0.30000000, 0.02649247
0.15000000, -0.40000000, 0.25000000, 0.01444443
0.20000000, -0.40000000, 0.20000000, -0.00130676
0.25000000, -0.40000000, 0.15000000, -0.01753960
0.30000000, -0.40000000, 0.10000000, -0.03091834
0.35000000, -0.40000000, 0.05000000, -0.03681999
0.40000000, -0.40000000, 0.00000000, -0.02227129
0.40000000, -0.35000000, -0.05000000, -0.01251472
0.40000000, -0.30000000, -0.10000000, -0.00906223
0.40000000, -0.25000000, -0.15000000, -0.00672636
0.40000000, -0.20000000, -0.20000000, -0.00472889
0.40000000, -0.15000000, -0.25000000, -0.00306135
0.40000000, -0.10000000, -0.30000000, -0.00163041
0.40000000, -0.05000000, -0.35000000, -0.00057305
0.45000000, 0.00000000, -0.45000000, 0.00002876
0.39375000, 0.05625000, -0.45000000, -0.00029284
0.33750000, 0.11250000, -0.45000000, -0.00098735
0.28125000, 0.16875000, -0.45000000, -0.00192008
0.22500000, 0.22500000, -0.45000000, -0.00298331
0.16875000, 0.28125000, -0.45000000, -0.00420854
0.11250000, 0.33750000, -0.45000000, -0.00559880
0.05625000, 0.39375000, -0.45000000, -0.00767321
0.00000000, 0.45000000, -0.45000000, -0.01404978
-0.05625000, 0.45000000, -0.39375000, -0.02650355
-0.11250000, 0.45000000, -0.33750000, -0.02289080
-0.16875000, 0.45000000, -0.28125000, -0.01323797
-0.22500000, 0.45000000, -0.22500000, -0.00126153
-0.28125000, 0.45000000, -0.16875000, 0.01035709
-0.33750000, 0.45000000, -0.11250000, 0.01905146
-0.39375000, 0.45000000, -0.05625000, 0.02161078
-0.45000000, 0.45000000, 0.00000000, 0.00991951
-0.45000000, 0.39375000, 0.05625000, 0.00532911
-0.45000000, 0.33750000, 0.11250000, 0.00396833
-0.45000000, 0.28125000, 0.16875000, 0.00305558
-0.45000000, 0.22500000, 0.22500000, 0.00220495
-0.45000000, 0.16875000, 0.28125000, 0.00142010
-0.45000000, 0.11250000, 0.33750000, 0.00069529
-0.45000000, 0.05625000, 0.39375000, 0.00013334
-0.45000000, 0.00000000, 0.45000000, -0.00011858
-0.39375000, -0.05625000, 0.45000000, 0.00013334
-0.33750000, -0.11250000, 0.45000000, 0.00069529
-0.28125000, -0.16875000, 0.45000000, 0.00142010
-0.22500000, -0.22500000, 0.45000000, 0.00220495
-0.16875000, -0.28125000, 0.45000000, 0.00305558
-0.11250000, -0.33750000, 0.45000000, 0.00396833
-0.05625000, -0.39375000, 0.45000000, 0.00532911
0.00000000, -0.45000000, 0.45000000, 0.00991951
0.05625000, -0.45000000, 0.39375000, 0.02161078
0.11250000, -0.45000000, 0.33750000, 0.01905146
0.16875000, -0.45000000, 0.28125000, 0.01035709
0.22500000, -0.45000000, 0.22500000, -0.00126153
0.28125000, -0.45000000, 0.16875000, -0.01323797
0.33750000, -0.45000000, 0.11250000, -0.02289080
0.39375000, -0.45000000, 0.05625000, -0.02650355
0.45000000, -0.45000000, 0.00000000, -0.01404978
0.45000000, -0.39375000, -0.05625000, -0.00767321
0.45000000, -0.33750000, -0.11250000, -0.00559880
0.45000000, -0.28125000, -0.16875000, -0.00420854
0.45000000, -0.22500000, -0.22500000, -0.00298331
0.45000000, -0.16875000, -0.28125000, -0.00192008
0.45000000, -0.11250000, -0.33750000, -0.00098735
0.45000000, -0.05625000, -0.39375000, -0.00029284
0.50000000, 0.00000000, -0.50000000, 0.00001198
0.43750000, 0.06250000, -0.50000000, -0.00017699
0.37500000, 0.12500000, -0.50000000, -0.00059485
0.31250000, 0.18750000, -0.50000000, -0.00115559
0.25000000, 0.25000000, -0.50000000, -0.00178530
0.18750000, 0.31250000, -0.50000000, -0.00250022
0.12500000, 0.37500000, -0.50000000, -0.00328346
0.06250000, 0.43750000, -0.50000000, -0.00443240
0.00000000, 0.50000000, -0.50000000, -0.00832802
-0.06250000, 0.50000000, -0.43750000, -0.01828874
-0.12500000, 0.50000000, -0.37500000, -0.01630629
-0.18750000, 0.50000000, -0.31250000, -0.00965205
-0.25000000, 0.50000000, -0.25000000, -0.00109014
-0.31250000, 0.50000000, -0.18750000, 0.00720832
-0.37500000, 0.50000000, -0.12500000, 0.01320274
-0.43750000, 0.50000000, -0.06250000, 0.01459866
-0.50000000, 0.50000000, 0.00000000, 0.00576869
-0.50000000, 0.43750000, 0.06250000, 0.00306228
-0.50000000, 0.37500000, 0.12500000, 0.00235000
-0.50000000, 0.31250000, 0.18750000, 0.00185774
-0.50000000, 0.25000000, 0.25000000, 0.00137004
-0.50000000, 0.18750000, 0.31250000, 0.00090444
-0.50000000, 0.12500000, 0.37500000, 0.00046150
-0.50000000, 0.06250000, 0.43750000, 0.00011370
-0.50000000, 0.00000000, 0.50000000, -0.00004279
-0.43750000, -0.06250000, 0.50000000, 0.00011370
-0.37500000, -0.12500000, 0.50000000, 0.00046150
-0.31250000, -0.18750000, 0.50000000, 0.00090444
-0.25000000, -0.25000000, 0.50000000, 0.00137004
-0.18750000, -0.31250000, 0.50000000, 0.00185774
-0.12500000, -0.37500000, 0.50000000, 0.00235000
-0.06250000, -0.43750000, 0.50000000, 0.00306228
0.00000000, -0.50000000, 0.50000000, 0.00576869
0.06250000, -0.50000000, 0.43750000, 0.01459866
0.12500000, -0.50000000, 0.37500000, 0.01320274
0.18750000, -0.50000000, 0.31250000, 0.00720832
0.25000000, -0.50000000, 0.25000000, -0.00109014
0.31250000, -0.50000000, 0.18750000, -0.00965205
0.37500000, -0.50000000, 0.12500000, -0.01630629
0.43750000, -0.50000000, 0.06250000, -0.01828874
0.50000000, -0.50000000, 0.00000000, -0.00832802
0.50000000, -0.43750000, -0.06250000, -0.00443240
0.50000000, -0.37500000, -0.12500000, -0.00328346
0.50000000, -0.31250000, -0.18750000, -0.00250022
0.50000000, -0.25000000, -0.25000000, -0.00178530
0.50000000, -0.18750000, -0.31250000, -0.00115559
0.50000000, -0.12500000, -0.37500000, -0.00059485
0.50000000, -0.06250000, -0.43750000, -0.00017699
0.55000000, 0.00000000, -0.55000000, -0.00001074
0.48125000, 0.06875000, -0.55000000, -0.00012269
0.41250000, 0.13750000, -0.55000000, -0.00035288
0.34375000, 0.20625000, -0.55000000, -0.00066532
0.27500000, 0.27500000, -0.55000000, -0.00100958
0.20625000, 0.34375000, -0.55000000, -0.00140661
0.13750000, 0.41250000, -0.55000000, -0.00182010
0.06875000, 0.48125000, -0.55000000, -0.00240013
0.00000000, 0.55000000, -0.55000000, -0.00459094
-0.06875000, 0.55000000, -0.48125000, -0.01199196
-0.13750000, 0.55000000, -0.41250000, -0.01108351
-0.20625000, 0.55000000, -0.34375000, -0.00672636
-0.27500000, 0.55000000, -0.27500000, -0.00086672
-0.34375000, 0.55000000, -0.20625000, 0.00480671
-0.41250000, 0.55000000, -0.13750000, 0.00873794
-0.48125000, 0.55000000, -0.06875000, 0.00938173
-0.55000000, 0.55000000, 0.00000000, 0.00314627
-0.55000000, 0.48125000, 0.06875000, 0.00166303
-0.55000000, 0.41250000, 0.13750000, 0.00132418
-0.55000000, 0.34375000, 0.20625000, 0.00107461
-0.55000000, 0.27500000, 0.27500000, 0.00080657
-0.55000000, 0.20625000, 0.34375000, 0.00055099
-0.55000000, 0.13750000, 0.41250000, 0.00029882
-0.55000000, 0.06875000, 0.48125000, 0.00010055
-0.55000000, 0.00000000, 0.55000000, 0.00000199
-0.48125000, -0.06875000, 0.55000000, 0.00010055
-0.41250000, -0.13750000, 0.55000000, 0.00029882
-0.34375000, -0.20625000, 0.55000000, 0.00055099
-0.27500000, -0.27500000, 0.55000000, 0.00080657
-0.20625000, -0.34375000, 0.55000000, 0.00107461
-0.13750000, -0.41250000, 0.55000000, 0.00132418
-0.06875000, -0.48125000, 0.55000000, 0.00166303
0.00000000, -0.55000000, 0.55000000, 0.00314627
0.06875000, -0.55000000, 0.48125000, 0.00938173
0.13750000, -0.55000000, 0.41250000, 0.00873794
0.20625000, -0.55000000, 0.34375000, 0.00480671
0.27500000, -0.55000000, 0.27500000, -0.00086672
0.34375000, -0.55000000, 0.20625000, -0.00672636
0.41250000, -0.55000000, 0.13750000, -0.01108351
0.48125000, -0.55000000, 0.06875000, -0.01199196
0.55000000, -0.55000000, 0.00000000, -0.00459094
0.55000000, -0.48125000, -0.06875000, -0.00240013
0.55000000, -0.41250000, -0.13750000, -0.00182010
0.55000000, -0.34375000, -0.20625000, -0.00140661
0.55000000, -0.27500000, -0.27500000, -0.00100958
0.55000000, -0.20625000, -0.34375000, -0.00066532
0.55000000, -0.13750000, -0.41250000, -0.00035288
0.55000000, -0.06875000, -0.48125000, -0.00012269
0.60000000, 0.00000000, -0.60000000, 0.00000332
0.52500000, 0.07500000, -0.60000000, -0.00006007
0.45000000, 0.15000000, -0.60000000, -0.00018620
0.37500000, 0.22500000, -0.60000000, -0.00035749
0.30000000, 0.30000000, -0.60000000, -0.00053782
0.22500000, 0.37500000, -0.60000000, -0.00073530
0.15000000, 0.45000000, -0.60000000, -0.00092213
0.07500000, 0.52500000, -0.60000000, -0.00117769
0.00000000, 0.60000000, -0.60000000, -0.00227337
-0.07500000, 0.60000000, -0.52500000, -0.00733548
-0.15000000, 0.60000000, -0.45000000, -0.00706350
-0.22500000, 0.60000000, -0.37500000, -0.00438427
-0.30000000, 0.60000000, -0.30000000, -0.00064285
-0.37500000, 0.60000000, -0.22500000, 0.00297964
-0.45000000, 0.60000000, -0.15000000, 0.00540894
-0.52500000, 0.60000000, -0.07500000, 0.00561599
-0.60000000, 0.60000000, 0.00000000, 0.00153923
-0.60000000, 0.52500000, 0.07500000, 0.00082225
-0.60000000, 0.45000000, 0.15000000, 0.00068530
-0.60000000, 0.37500000, 0.22500000, 0.00057929
-0.60000000, 0.30000000, 0.30000000, 0.00044744
-0.60000000, 0.22500000, 0.37500000, 0.00031124
-0.60000000, 0.15000000, 0.45000000, 0.00016945
-0.60000000, 0.07500000, 0.52500000, 0.00005617
-0.60000000, 0.00000000, 0.60000000, -0.00000307
-0.52500000, -0.07500000, 0.60000000, 0.00005617
-0.45000000, -0.15000000, 0.60000000, 0.00016945
-0.37500000, -0.22500000, 0.60000000, 0.00031124
-0.30000000, -0.30000000, 0.60000000, 0.00044744
-0.22500000, -0.37500000, 0.60000000, 0.00057929
-0.15000000, -0.45000000, 0.60000000, 0.00068530
-0.07500000, -0.52500000, 0.60000000, 0.00082225
0.00000000, -0.60000000, 0.60000000, 0.00153923
0.07500000, -0.60000000, 0.52500000, 0.00561599
0.15000000, -0.60000000, 0.45000000, 0.00540894
0.22500000, -0.60000000, 0.37500000, 0.00297964
0.30000000, -0.60000000, 0.30000000, -0.00064285
0.37500000, -0.60000000, 0.22500000, -0.00438427
0.45000000, -0.60000000, 0.15000000, -0.00706350
0.52500000, -0.60000000, 0.07500000, -0.00733548
0.60000000, -0.60000000, 0.00000000, -0.00227337
0.60000000, -0.52500000, -0.07500000, -0.00117769
0.60000000, -0.45000000, -0.15000000, -0.00092213
0.60000000, -0.37500000, -0.22500000, -0.00073530
0.60000000, -0.30000000, -0.30000000, -0.00053782
0.60000000, -0.22500000, -0.37500000, -0.00035749
0.60000000, -0.15000000, -0.45000000, -0.00018620
0.60000000, -0.07500000, -0.52500000, -0.00006007
0.65000000, 0.00000000, -0.65000000, 0.00002278
0.56875000, 0.08125000, -0.65000000, -0.00000639
0.48750000, 0.16250000, -0.65000000, -0.00007940
0.40625000, 0.24375000, -0.65000000, -0.00017504
0.32500000, 0.32500000, -0.65000000, -0.00027000
0.24375000, 0.40625000, -0.65000000, -0.00035152
0.16250000, 0.48750000, -0.65000000, -0.00041456
0.08125000, 0.56875000, -0.65000000, -0.00050674
0.00000000, 0.65000000, -0.65000000, -0.00098707
-0.08125000, 0.65000000, -0.56875000, -0.00414453
-0.16250000, 0.65000000, -0.48750000, -0.00417812
-0.24375000, 0.65000000, -0.40625000, -0.00265054
-0.32500000, 0.65000000, -0.32500000, -0.00044408
-0.40625000, 0.65000000, -0.24375000, 0.00169553
-0.48750000, 0.65000000, -0.16250000, 0.00309449
-0.56875000, 0.65000000, -0.08125000, 0.00309638
-0.65000000, 0.65000000, 0.00000000, 0.00065350
-0.65000000, 0.56875000, 0.08125000, 0.00035737
-0.65000000, 0.48750000, 0.16250000, 0.00031638
-0.65000000, 0.40625000, 0.24375000, 0.00028633
-0.65000000, 0.32500000, 0.32500000, 0.00023329
-0.65000000, 0.24375000, 0.40625000, 0.00015907
-0.65000000, 0.16250000, 0.48750000, 0.00007794
-0.65000000, 0.08125000, 0.56875000, 0.00001003
-0.65000000, 0.00000000, 0.65000000, -0.00001938
-0.56875000, -0.08125000, 0.65000000, 0.00001003
-0.48750000, -0.16250000, 0.65000000, 0.00007794
-0.40625000, -0.24375000, 0.65000000, 0.00015907
-0.32500000, -0.32500000, 0.65000000, 0.00023329
-0.24375000, -0.40625000, 0.65000000, 0.00028633
-0.16250000, -0.48750000, 0.65000000, 0.00031638
-0.08125000, -0.56875000, 0.65000000, 0.00035737
0.00000000, -0.65000000, 0.65000000, 0.00065350
0.08125000, -0.65000000, 0.56875000, 0.00309638
0.16250000, -0.65000000, 0.48750000, 0.00309449
0.24375000, -0.65000000, 0.40625000, 0.00169553
0.32500000, -0.65000000, 0.32500000, -0.00044408
0.40625000, -0.65000000, 0.24375000, -0.00265054
0.48750000, -0.65000000, 0.16250000, -0.00417812
0.56875000, -0.65000000, 0.08125000, -0.00414453
0.65000000, -0.65000000, 0.00000000, -0.00098707
0.65000000, -0.56875000, -0.08125000, -0.00050674
0.65000000, -0.48750000, -0.16250000, -0.00041456
0.65000000, -0.40625000, -0.24375000, -0.00035152
0.65000000, -0.32500000, -0.32500000, -0.00027000
0.65000000, -0.24375000, -0.40625000, -0.00017504
0.65000000, -0.16250000, -0.48750000, -0.00007940
0.65000000, -0.08125000, -0.56875000, -0.00000639
0.70000000, 0.00000000, -0.70000000, 0.00001251
0.61250000, 0.08750000, -0.70000000, 0.00000316
0.52500000, 0.17500000, -0.70000000, -0.00003399
0.43750000, 0.26250000, -0.70000000, -0.00008108
0.35000000, 0.35000000, -0.70000000, -0.00012783
0.26250000, 0.43750000, -0.70000000, -0.00015987
0.17500000, 0.52500000, -0.70000000, -0.00017990
0.08750000, 0.61250000, -0.70000000, -0.00020912
0.00000000, 0.70000000, -0.70000000, -0.00041624
-0.08750000, 0.70000000, -0.61250000, -0.00220207
-0.17500000, 0.70000000, -0.52500000, -0.00232028
-0.26250000, 0.70000000, -0.43750000, -0.00151892
-0.35000000, 0.70000000, -0.35000000, -0.00028101
-0.43750000, 0.70000000, -0.26250000, 0.00092171
-0.52500000, 0.70000000, -0.17500000, 0.00166715
-0.61250000, 0.70000000, -0.08750000, 0.00161288
-0.70000000, 0.70000000, 0.00000000, 0.00027798
-0.70000000, 0.61250000, 0.08750000, 0.00015100
-0.70000000, 0.52500000, 0.17500000, 0.00014149
-0.70000000, 0.43750000, 0.26250000, 0.00013444
-0.70000000, 0.35000000, 0.35000000, 0.00011407
-0.70000000, 0.26250000, 0.43750000, 0.00007673
-0.70000000, 0.17500000, 0.52500000, 0.00003568
-0.70000000, 0.08750000, 0.61250000, 0.00000028
-0.70000000, 0.00000000, 0.70000000, -0.00001056
-0.61250000, -0.08750000, 0.70000000, 0.00000028
-0.52500000, -0.17500000, 0.70000000, 0.00003568
-0.43750000, -0.26250000, 0.70000000, 0.00007673
-0.35000000, -0.35000000, 0.70000000, 0.00011407
-0.26250000, -0.43750000, 0.70000000, 0.00013444
-0.17500000, -0.52500000, 0.70000000, 0.00014149
-0.08750000, -0.61250000, 0.70000000, 0.00015100
0.00000000, -0.70000000, 0.70000000, 0.00027798
0.08750000, -0.70000000, 0.61250000, 0.00161288
0.17500000, -0.70000000, 0.52500000, 0.00166715
0.26250000, -0.70000000, 0.43750000, 0.00092171
0.35000000, -0.70000000, 0.35000000, -0.00028101
0.43750000, -0.70000000, 0.26250000, -0.00151892
0.52500000, -0.70000000, 0.17500000, -0.00232028
0.61250000, -0.70000000, 0.08750000, -0.00220207
0.70000000, -0.70000000, 0.00000000, -0.00041624
0.70000000, -0.61250000, -0.08750000, -0.00020912
0.70000000, -0.52500000, -0.17500000, -0.00017990
0.70000000, -0.43750000, -0.26250000, -0.00015987
0.70000000, -0.35000000, -0.35000000, -0.00012783
0.70000000, -0.26250000, -0.43750000, -0.00008108
0.70000000, -0.17500000, -0.52500000, -0.00003399
0.70000000, -0.08750000, -0.61250000, 0.00000316
0.75000000, 0.00000000, -0.75000000, -0.00001163
0.65625000, 0.09375000, -0.75000000, -0.00001539
0.56250000, 0.18750000, -0.75000000, -0.00002540
0.46875000, 0.28125000, -0.75000000, -0.00003952
0.37500000, 0.37500000, -0.75000000, -0.00005596
0.28125000, 0.46875000, -0.75000000, -0.00007596
0.18750000, 0.56250000, -0.75000000, -0.00009314
0.09375000, 0.65625000, -0.75000000, -0.00010671
0.00000000, 0.75000000, -0.75000000, -0.00021362
-0.09375000, 0.75000000, -0.65625000, -0.00112740
-0.18750000, 0.75000000, -0.56250000, -0.00122562
-0.28125000, 0.75000000, -0.46875000, -0.00084088
-0.37500000, 0.75000000, -0.37500000, -0.00015948
-0.46875000, 0.75000000, -0.28125000, 0.00050302
-0.56250000, 0.75000000, -0.18750000, 0.00086881
-0.65625000, 0.75000000, -0.09375000, 0.00082409
-0.75000000, 0.75000000, 0.00000000, 0.00015832
-0.75000000, 0.65625000, 0.09375000, 0.00008035
-0.75000000, 0.56250000, 0.18750000, 0.00007419
-0.75000000, 0.46875000, 0.28125000, 0.00006478
-0.75000000, 0.37500000, 0.37500000, 0.00005128
-0.75000000, 0.28125000, 0.46875000, 0.00003873
-0.75000000, 0.18750000, 0.56250000, 0.00002551
-0.75000000, 0.09375000, 0.65625000, 0.00001529
-0.75000000, 0.00000000, 0.75000000, 0.00001077
-0.65625000, -0.09375000, 0.75000000, 0.00001529
-0.56250000, -0.18750000, 0.75000000, 0.00002551
-0.46875000, -0.28125000, 0.75000000, 0.00003873
-0.37500000, -0.37500000, 0.75000000, 0.00005128
-0.28125000, -0.46875000, 0.75000000, 0.00006478
-0.18750000, -0.56250000, 0.75000000, 0.00007419
-0.09375000, -0.65625000, 0.75000000, 0.00008035
0.00000000, -0.75000000, 0.75000000, 0.00015832
0.09375000, -0.75000000, 0.65625000, 0.00082409
0.18750000, -0.75000000, 0.56250000, 0.00086881
0.28125000, -0.75000000, 0.46875000, 0.00050302
0.37500000, -0.75000000, 0.37500000, -0.00015948
0.46875000, -0.75000000, 0.28125000, -0.00084088
0.56250000, -0.75000000, 0.18750000, -0.00122562
0.65625000, -0.75000000, 0.09375000, -0.00112740
0.75000000, -0.75000000, 0.00000000, -0.00021362
0.75000000, -0.65625000, -0.09375000, -0.00010671
0.75000000, -0.56250000, -0.18750000, -0.00009314
0.75000000, -0.46875000, -0.28125000, -0.00007596
0.75000000, -0.37500000, -0.37500000, -0.00005596
0.75000000, -0.28125000, -0.46875000, -0.00003952
0.75000000, -0.18750000, -0.56250000, -0.00002540
0.75000000, -0.09375000, -0.65625000, -0.00001539
0.80000000, 0.00000000, -0.80000000, -0.00001158
0.70000000, 0.10000000, -0.80000000, -0.00001595
0.60000000, 0.20000000, -0.80000000, -0.00001589
0.50000000, 0.30000000, -0.80000000, -0.00001775
0.40000000, 0.40000000, -0.80000000, -0.00002088
0.30000000, 0.50000000, -0.80000000, -0.00003261
0.20000000, 0.60000000, -0.80000000, -0.00004366
0.10000000, 0.70000000, -0.80000000, -0.00004961
0.00000000, 0.80000000, -0.80000000, -0.00009365
-0.10000000, 0.80000000, -0.70000000, -0.00050955
-0.20000000, 0.80000000, -0.60000000, -0.00057263
-0.30000000, 0.80000000, -0.50000000, -0.00040969
-0.40000000, 0.80000000, -0.40000000, -0.00008063
-0.50000000, 0.80000000, -0.30000000, 0.00024058
-0.60000000, 0.80000000, -0.20000000, 0.00040107
-0.70000000, 0.80000000, -0.10000000, 0.00037152
-0.80000000, 0.80000000, 0.00000000, 0.00007330
-0.80000000, 0.70000000, 0.10000000, 0.00003799
-0.80000000, 0.60000000, 0.20000000, 0.00003470
-0.80000000, 0.50000000, 0.30000000, 0.00002781
-0.80000000, 0.40000000, 0.40000000, 0.00001963
-0.80000000, 0.30000000, 0.50000000, 0.00001773
-0.80000000, 0.20000000, 0.60000000, 0.00001544
-0.80000000, 0.10000000, 0.70000000, 0.00001481
-0.80000000, 0.00000000, 0.80000000, 0.00001055
-0.70000000, -0.10000000, 0.80000000, 0.00001481
-0.60000000, -0.20000000, 0.80000000, 0.00001544
-0.50000000, -0.30000000, 0.80000000, 0.00001773
-0.40000000, -0.40000000, 0.80000000, 0.00001963
-0.30000000, -0.50000000, 0.80000000, 0.00002781
-0.20000000, -0.60000000, 0.80000000, 0.00003470
-0.10000000, -0.70000000, 0.80000000, 0.00003799
0.00000000, -0.80000000, 0.80000000, 0.00007330
0.10000000, -0.80000000, 0.70000000, 0.00037152
0.20000000, -0.80000000, 0.60000000, 0.00040107
0.30000000, -0.80000000, 0.50000000, 0.00024058
0.40000000, -0.80000000, 0.40000000, -0.00008063
0.50000000, -0.80000000, 0.30000000, -0.00040969
0.60000000, -0.80000000, 0.20000000, -0.00057263
0.70000000, -0.80000000, 0.10000000, -0.00050955
0.80000000, -0.80000000, 0.00000000, -0.00009365
0.80000000, -0.70000000, -0.10000000, -0.00004961
0.80000000, -0.60000000, -0.20000000, -0.00004366
0.80000000, -0.50000000, -0.30000000, -0.00003261
0.80000000, -0.40000000, -0.40000000, -0.00002088
0.80000000, -0.30000000, -0.50000000, -0.00001775
0.80000000, -0.20000000, -0.60000000, -0.00001589
0.80000000, -0.10000000, -0.70000000, -0.00001595
0.85000000, 0.00000000, -0.85000000, 0.00000905
0.74375000, 0.10625000, -0.85000000, 0.00000652
0.63750000, 0.21250000, -0.85000000, 0.00000243
0.53125000, 0.31875000, -0.85000000, -0.00000243
0.42500000, 0.42500000, -0.85000000, -0.00000563
0.31875000, 0.53125000, -0.85000000, -0.00000393
0.21250000, 0.63750000, -0.85000000, 0.00000116
0.10625000, 0.74375000, -0.85000000, 0.00000457
0.00000000, 0.85000000, -0.85000000, 0.00001285
-0.10625000, 0.85000000, -0.74375000, -0.00014160
-0.21250000, 0.85000000, -0.63750000, -0.00018238
-0.31875000, 0.85000000, -0.53125000, -0.00012973
-0.42500000, 0.85000000, -0.42500000, -0.00003629
-0.53125000, 0.85000000, -0.31875000, 0.00005789
-0.63750000, 0.85000000, -0.21250000, 0.00011408
-0.74375000, 0.85000000, -0.10625000, 0.00009136
-0.85000000, 0.85000000, 0.00000000, -0.00001682
-0.85000000, 0.74375000, 0.10625000, -0.00000410
-0.85000000, 0.63750000, 0.21250000, -0.00000041
-0.85000000, 0.53125000, 0.31875000, 0.00000385
-0.85000000, 0.42500000, 0.42500000, 0.00000544
-0.85000000, 0.31875000, 0.53125000, 0.00000255
-0.85000000, 0.21250000, 0.63750000, -0.00000160
-0.85000000, 0.10625000, 0.74375000, -0.00000563
-0.85000000, 0.00000000, 0.85000000, -0.00000813
-0.74375000, -0.10625000, 0.85000000, -0.00000563
-0.63750000, -0.21250000, 0.85000000, -0.00000160
-0.53125000, -0.31875000, 0.85000000, 0.00000255
-0.42500000, -0.42500000, 0.85000000, 0.00000544
-0.31875000, -0.53125000, 0.85000000, 0.00000385
-0.21250000, -0.63750000, 0.85000000, -0.00000041
-0.10625000, -0.74375000, 0.85000000, -0.00000410
0.00000000, -0.85000000, 0.85000000, -0.00001682
0.10625000, -0.85000000, 0.74375000, 0.00009136
0.21250000, -0.85000000, 0.63750000, 0.00011408
0.31875000, -0.85000000, 0.53125000, 0.00005789
0.42500000, -0.85000000, 0.42500000, -0.00003629
0.53125000, -0.85000000, 0.31875000, -0.00012973
0.63750000, -0.85000000, 0.21250000, -0.00018238
0.74375000, -0.85000000, 0.10625000, -0.00014160
0.85000000, -0.85000000, 0.00000000, 0.00001285
0.85000000, -0.74375000, -0.10625000, 0.00000457
0.85000000, -0.63750000, -0.21250000, 0.00000116
0.85000000, -0.53125000, -0.31875000, -0.00000393
0.85000000, -0.42500000, -0.42500000, -0.00000563
0.85000000, -0.31875000, -0.53125000, -0.00000243
0.85000000, -0.21250000, -0.63750000, 0.00000243
0.85000000, -0.10625000, -0.74375000, 0.00000652
0.90000000, 0.00000000, -0.90000000, 0.00000737
0.78750000, 0.11250000, -0.90000000, 0.00000850
0.67500000, 0.22500000, -0.90000000, 0.00000494
0.56250000, 0.33750000, -0.90000000, 0.00000132
0.45000000, 0.45000000, -0.90000000, -0.00000139
0.33750000, 0.56250000, -0.90000000, 0.00000222
0.22500000, 0.67500000, -0.90000000, 0.00000755
0.11250000, 0.78750000, -0.90000000, 0.00001033
0.00000000, 0.90000000, -0.90000000, 0.00001696
-0.11250000, 0.90000000, -0.78750000, -0.00001996
-0.22500000, 0.90000000, -0.67500000, -0.00003542
-0.33750000, 0.90000000, -0.56250000, -0.00002487
-0.45000000, 0.90000000, -0.45000000, -0.00001209
-0.56250000, 0.90000000, -0.33750000, 0.00000250
-0.67500000, 0.90000000, -0.22500000, 0.00001566
-0.78750000, 0.90000000, -0.11250000, 0.00000679
-0.90000000, 0.90000000, 0.00000000, -0.00001696
-0.90000000, 0.78750000, 0.11250000, -0.00000817
-0.90000000, 0.67500000, 0.22500000, -0.00000559
-0.90000000, 0.56250000, 0.33750000, -0.00000152
-0.90000000, 0.45000000, 0.45000000, 0.00000129
-0.90000000, 0.33750000, 0.56250000, -0.00000124
-0.90000000, 0.22500000, 0.67500000, -0.00000424
-0.90000000, 0.11250000, 0.78750000, -0.00000751
-0.90000000, 0.00000000, 0.90000000, -0.00000664
-0.78750000, -0.11250000, 0.90000000, -0.00000751
-0.67500000, -0.22500000, 0.90000000, -0.00000424
-0.56250000, -0.33750000, 0.90000000, -0.00000124
-0.45000000, -0.45000000, 0.90000000, 0.00000129
-0.33750000, -0.56250000, 0.90000000, -0.00000152
-0.22500000, -0.67500000, 0.90000000, -0.00000559
-0.11250000, -0.78750000, 0.90000000, -0.00000817
0.00000000, -0.90000000, 0.90000000, -0.00001696
0.11250000, -0.90000000, 0.78750000, 0.00000679
0.22500000, -0.90000000, 0.67500000, 0.00001566
0.33750000, -0.90000000, 0.56250000, 0.00000250
0.45000000, -0.90000000, 0.45000000, -0.00001209
0.56250000, -0.90000000, 0.33750000, -0.00002487
0.67500000, -0.90000000, 0.22500000, -0.00003542
0.78750000, -0.90000000, 0.11250000, -0.00001996
0.90000000, -0.90000000, 0.00000000, 0.00001696
0.90000000, -0.78750000, -0.11250000, 0.00001033
0.90000000, -0.67500000, -0.22500000, 0.00000755
0.90000000, -0.56250000, -0.33750000, 0.00000222
0.90000000, -0.45000000, -0.45000000, -0.00000139
0.90000000, -0.33750000, -0.56250000, 0.00000132
0.90000000, -0.22500000, -0.67500000, 0.00000494
0.90000000, -0.11250000, -0.78750000, 0.00000850
0.95000000, 0.00000000, -0.95000000, -0.00000894
0.83125000, 0.11875000, -0.95000000, -0.00000826
0.71250000, 0.23750000, -0.95000000, -0.00000532
0.59375000, 0.35625000, -0.95000000, -0.00000240
0.47500000, 0.47500000, -0.95000000, -0.00000070
0.35625000, 0.59375000, -0.95000000, -0.00000450
0.23750000, 0.71250000, -0.95000000, -0.00001017
0.11875000, 0.83125000, -0.95000000, -0.00001354
0.00000000, 0.95000000, -0.95000000, -0.00002913
-0.11875000, 0.95000000, -0.83125000, -0.00003445
-0.23750000, 0.95000000, -0.71250000, -0.00002977
-0.35625000, 0.95000000, -0.59375000, -0.00002617
-0.47500000, 0.95000000, -0.47500000, -0.00000066
-0.59375000, 0.95000000, -0.35625000, 0.00002350
-0.71250000, 0.95000000, -0.23750000, 0.00002681
-0.83125000, 0.95000000, -0.11875000, 0.00003114
-0.95000000, 0.95000000, 0.00000000, 0.00002756
-0.95000000, 0.83125000, 0.11875000, 0.00001082
-0.95000000, 0.71250000, 0.23750000, 0.00000778
-0.95000000, 0.59375000, 0.35625000, 0.00000354
-0.95000000, 0.47500000, 0.47500000, 0.00000064
-0.95000000, 0.35625000, 0.59375000, 0.00000235
-0.95000000, 0.23750000, 0.71250000, 0.00000468
-0.95000000, 0.11875000, 0.83125000, 0.00000737
-0.95000000, 0.00000000, 0.95000000, 0.00000807
-0.83125000, -0.11875000, 0.95000000, 0.00000737
-0.71250000, -0.23750000, 0.95000000, 0.00000468
-0.59375000, -0.35625000, 0.95000000, 0.00000235
-0.47500000, -0.47500000, 0.95000000, 0.00000064
-0.35625000, -0.59375000, 0.95000000, 0.00000354
-0.23750000, -0.71250000, 0.95000000, 0.00000778
-0.11875000, -0.83125000, 0.95000000, 0.00001082
0.00000000, -0.95000000, 0.95000000, 0.00002756
0.11875000, -0.95000000, 0.83125000, 0.00003114
0.23750000, -0.95000000, 0.71250000, 0.00002681
0.35625000, -0.95000000, 0.59375000, 0.00002350
0.47500000, -0.95000000, 0.47500000, -0.00000066
0.59375000, -0.95000000, 0.35625000, -0.00002617
0.71250000, -0.95000000, 0.23750000, -0.00002977
0.83125000, -0.95000000, 0.11875000, -0.00003445
0.95000000, -0.95000000, 0.00000000, -0.00002913
0.95000000, -0.83125000, -0.11875000, -0.00001354
0.95000000, -0.71250000, -0.23750000, -0.00001017
0.95000000, -0.59375000, -0.35625000, -0.00000450
0.95000000, -0.47500000, -0.47500000, -0.00000070
0.95000000, -0.35625000, -0.59375000, -0.00000240
0.95000000, -0.23750000, -0.71250000, -0.00000532
0.95000000, -0.11875000, -0.83125000, -0.00000826
1.00000000, 0.00000000, -1.00000000, 0.00000000
0.87500000, 0.12500000, -1.00000000, 0.00000000
0.75000000, 0.25000000, -1.00000000, 0.00000000
0.62500000, 0.37500000, -1.00000000, 0.00000000
0.50000000, 0.50000000, -1.00000000, 0.00000000
0.37500000, 0.62500000, -1.00000000, 0.00000000
0.25000000, 0.75000000, -1.00000000, 0.00000000
0.12500000, 0.87500000, -1.00000000, 0.00000000
0.00000000, 1.00000000, -1.00000000, 0.00000000
-0.12500000, 1.00000000, -0.87500000, 0.00000000
-0.25000000, 1.00000000, -0.75000000, 0.00000000
-0.37500000, 1.00000000, -0.62500000, 0.00000000
-0.50000000, 1.00000000, -0.50000000, 0.00000000
-0.62500000, 1.00000000, -0.37500000, 0.00000000
-0.75000000, 1.00000000, -0.25000000, 0.00000000
-0.87500000, 1.00000000, -0.12500000, 0.00000000
-1.00000000, 1.00000000, 0.00000000, 0.00000000
-1.00000000, 0.87500000, 0.12500000, 0.00000000
-1.00000000, 0.75000000, 0.25000000, 0.00000000
-1.00000000, 0.62500000, 0.37500000, 0.00000000
-1.00000000, 0.50000000, 0.50000000, 0.00000000
-1.00000000, 0.37500000, 0.62500000, 0.00000000
-1.00000000, 0.25000000, 0.75000000, 0.00000000
-1.00000000, 0.12500000, 0.87500000, 0.00000000
-1.00000000, 0.00000000, 1.00000000, 0.00000000
-0.87500000, -0.12500000, 1.00000000, 0.00000000
-0.75000000, -0.25000000, 1.00000000, 0.00000000
-0.62500000, -0.37500000, 1.00000000, 0.00000000
-0.50000000, -0.50000000, 1.00000000, 0.00000000
-0.37500000, -0.62500000, 1.00000000, 0.00000000
-0.25000000, -0.75000000, 1.00000000, 0.00000000
-0.12500000, -0.87500000, 1.00000000, 0.00000000
0.00000000, -1.00000000, 1.00000000, 0.00000000
0.12500000, -1.00000000, 0.87500000, 0.00000000
0.25000000, -1.00000000, 0.75000000, 0.00000000
0.37500000, -1.00000000, 0.62500000, 0.00000000
0.50000000, -1.00000000, 0.50000000, 0.00000000
0.62500000, -1.00000000, 0.37500000, 0.00000000
0.75000000, -1.00000000, 0.25000000, 0.00000000
0.87500000, -1.00000000, 0.12500000, 0.00000000
1.00000000, -1.00000000, 0.00000000, 0.00000000
1.00000000, -0.87500000, -0.12500000, 0.00000000
1.00000000, -0.75000000, -0.25000000, 0.00000000
1.00000000, -0.62500000, -0.37500000, 0.00000000
1.00000000, -0.50000000, -0.50000000, 0.00000000
1.00000000, -0.37500000, -0.62500000, 0.00000000
1.00000000, -0.25000000, -0.75000000, 0.00000000
1.00000000, -0.12500000, -0.87500000, 0.00000000
