0.01000000, 0.00000000, -0.01000000, 0.00264754
0.00000000, 0.01000000, -0.01000000, 0.00623498
-0.00125000, 0.01000000, -0.00875000, 0.11200594
-0.00250000, 0.01000000, -0.00750000, 0.18725246
-0.00375000, 0.01000000, -0.00625000, 0.23209715
-0.00500000, 0.01000000, -0.00500000, 0.24653944
-0.00625000, 0.01000000, -0.00375000, 0.23060523
-0.00750000, 0.01000000, -0.00250000, 0.18425527
-0.00875000, 0.01000000, -0.00125000, 0.10750158
-0.01000000, 0.01000000, 0.00000000, 0.00020508
-0.01000000, 0.00875000, 0.00125000, 0.00039247
-0.01000000, 0.00750000, 0.00250000, 0.00065505
-0.01000000, 0.00625000, 0.00375000, 0.00103685
-0.01000000, 0.00500000, 0.00500000, 0.00129348
-0.01000000, 0.00375000, 0.00625000, 0.00167383
-0.01000000, 0.00250000, 0.00750000, 0.00188037
-0.01000000, 0.00125000, 0.00875000, 0.00227509
-0.01000000, 0.00000000, 0.01000000, 0.00264754
0.00000000, -0.01000000, 0.01000000, 0.00623498
0.00125000, -0.01000000, 0.00875000, 0.11200594
0.00250000, -0.01000000, 0.00750000, 0.18725246
0.00375000, -0.01000000, 0.00625000, 0.23209715
0.00500000, -0.01000000, 0.00500000, 0.24653944
0.00625000, -0.01000000, 0.00375000, 0.23060523
0.00750000, -0.01000000, 0.00250000, 0.18425527
0.00875000, -0.01000000, 0.00125000, 0.10750158
0.01000000, -0.01000000, 0.00000000, 0.00020508
0.01000000, -0.00875000, -0.00125000, 0.00039247
0.01000000, -0.00750000, -0.00250000, 0.00065505
0.01000000, -0.00625000, -0.00375000, 0.00103685
0.01000000, -0.00500000, -0.00500000, 0.00129348
0.01000000, -0.00375000, -0.00625000, 0.00167383
0.01000000, -0.00250000, -0.00750000, 0.00188037
0.01000000, -0.00125000, -0.00875000, 0.00227509
0.02000000, 0.00000000, -0.02000000, 0.00417583
0.01750000, 0.00250000, -0.02000000, 0.00445668
0.01500000, 0.00500000, -0.02000000, 0.00506002
0.01250000, 0.00750000, -0.02000000, 0.00533621
0.01000000, 0.01000000, -0.02000000, 0.00610205
0.00750000, 0.01250000, -0.02000000, 0.00640475
0.00500000, 0.01500000, -0.02000000, 0.00676144
0.00250000, 0.01750000, -0.02000000, 0.00698430
0.00000000, 0.02000000, -0.02000000, 0.00692830
-0.00250000, 0.02000000, -0.01750000, 0.05914723
-0.00500000, 0.02000000, -0.01500000, 0.09626688
-0.00750000, 0.02000000, -0.01250000, 0.11824558
-0.01000000, 0.02000000, -0.01000000, 0.12503751
-0.01250000, 0.02000000, -0.00750000, 0.11668498
-0.01500000, 0.02000000, -0.00500000, 0.09316295
-0.01750000, 0.02000000, -0.00250000, 0.05446603
-0.02000000, 0.02000000, 0.00000000, 0.00063305
-0.02000000, 0.01750000, 0.00250000, 0.00119921
-0.02000000, 0.01500000, 0.00500000, 0.00164189
-0.02000000, 0.01250000, 0.00750000, 0.00214485
-0.02000000, 0.01000000, 0.01000000, 0.00252135
-0.02000000, 0.00750000, 0.01250000, 0.00298657
-0.02000000, 0.00500000, 0.01500000, 0.00339727
-0.02000000, 0.00250000, 0.01750000, 0.00378343
-0.02000000, 0.00000000, 0.02000000, 0.00417583
-0.01750000, -0.00250000, 0.02000000, 0.00445668
-0.01500000, -0.00500000, 0.02000000, 0.00506002
-0.01250000, -0.00750000, 0.02000000, 0.00533621
-0.01000000, -0.01000000, 0.02000000, 0.00610205
-0.00750000, -0.01250000, 0.02000000, 0.00640475
-0.00500000, -0.01500000, 0.02000000, 0.00676144
-0.00250000, -0.01750000, 0.02000000, 0.00698430
0.00000000, -0.02000000, 0.02000000, 0.00692830
0.00250000, -0.02000000, 0.01750000, 0.05914723
0.00500000, -0.02000000, 0.01500000, 0.09626688
0.00750000, -0.02000000, 0.01250000, 0.11824558
0.01000000, -0.02000000, 0.01000000, 0.12503751
0.01250000, -0.02000000, 0.00750000, 0.11668498
0.01500000, -0.02000000, 0.00500000, 0.09316295
0.01750000, -0.02000000, 0.00250000, 0.05446603
0.02000000, -0.02000000, 0.00000000, 0.00063305
0.02000000, -0.01750000, -0.00250000, 0.00119921
0.02000000, -0.01500000, -0.00500000, 0.00164189
0.02000000, -0.01250000, -0.00750000, 0.00214485
0.02000000, -0.01000000, -0.01000000, 0.00252135
0.02000000, -0.00750000, -0.01250000, 0.00298657
0.02000000, -0.00500000, -0.01500000, 0.00339727
0.02000000, -0.00250000, -0.01750000, 0.00378343
0.03000000, 0.00000000, -0.03000000, 0.00503193
0.02625000, 0.00375000, -0.03000000, 0.00536191
0.02250000, 0.00750000, -0.03000000, 0.00597484
0.01875000, 0.01125000, -0.03000000, 0.00639951
0.01500000, 0.01500000, -0.03000000, 0.00694747
0.01125000, 0.01875000, -0.03000000, 0.00746742
0.00750000, 0.02250000, -0.03000000, 0.00786636
0.00375000, 0.02625000, -0.03000000, 0.00806001
0.00000000, 0.03000000, -0.03000000, 0.00771708
-0.00375000, 0.03000000, -0.02625000, 0.04189903
-0.00750000, 0.03000000, -0.02250000, 0.06623559
-0.01125000, 0.03000000, -0.01875000, 0.08058372
-0.01500000, 0.03000000, -0.01500000, 0.08486834
-0.01875000, 0.03000000, -0.01125000, 0.07909270
-0.02250000, 0.03000000, -0.00750000, 0.06326445
-0.02625000, 0.03000000, -0.00375000, 0.03740172
-0.03000000, 0.03000000, 0.00000000, 0.00161341
-0.03000000, 0.02625000, 0.00375000, 0.00227495
-0.03000000, 0.02250000, 0.00750000, 0.00270873
-0.03000000, 0.01875000, 0.01125000, 0.00316002
-0.03000000, 0.01500000, 0.01500000, 0.00355345
-0.03000000, 0.01125000, 0.01875000, 0.00391669
-0.03000000, 0.00750000, 0.02250000, 0.00429848
-0.03000000, 0.00375000, 0.02625000, 0.00467174
-0.03000000, 0.00000000, 0.03000000, 0.00503193
-0.02625000, -0.00375000, 0.03000000, 0.00536191
-0.02250000, -0.00750000, 0.03000000, 0.00597484
-0.01875000, -0.01125000, 0.03000000, 0.00639951
-0.01500000, -0.01500000, 0.03000000, 0.00694747
-0.01125000, -0.01875000, 0.03000000, 0.00746742
-0.00750000, -0.02250000, 0.03000000, 0.00786636
-0.00375000, -0.02625000, 0.03000000, 0.00806001
0.00000000, -0.03000000, 0.03000000, 0.00771708
0.00375000, -0.03000000, 0.02625000, 0.04189903
0.00750000, -0.03000000, 0.02250000, 0.06623559
0.01125000, -0.03000000, 0.01875000, 0.08058372
0.01500000, -0.03000000, 0.01500000, 0.08486834
0.01875000, -0.03000000, 0.01125000, 0.07909270
0.02250000, -0.03000000, 0.00750000, 0.06326445
0.02625000, -0.03000000, 0.00375000, 0.03740172
0.03000000, -0.03000000, 0.00000000, 0.00161341
0.03000000, -0.02625000, -0.00375000, 0.00227495
0.03000000, -0.02250000, -0.00750000, 0.00270873
0.03000000, -0.01875000, -0.01125000, 0.00316002
0.03000000, -0.01500000, -0.01500000, 0.00355345
0.03000000, -0.01125000, -0.01875000, 0.00391669
0.03000000, -0.00750000, -0.02250000, 0.00429848
0.03000000, -0.00375000, -0.02625000, 0.00467174
0.04000000, 0.00000000, -0.04000000, 0.00558975
0.03500000, 0.00500000, -0.04000000, 0.00593308
0.03000000, 0.01000000, -0.04000000, 0.00647791
0.02500000, 0.01500000, -0.04000000, 0.00706000
0.02000000, 0.02000000, -0.04000000, 0.00767271
0.01500000, 0.02500000, -0.04000000, 0.00822689
0.01000000, 0.03000000, -0.04000000, 0.00867557
0.00500000, 0.03500000, -0.04000000, 0.00886189
0.00000000, 0.04000000, -0.04000000, 0.00837669
-0.00500000, 0.04000000, -0.03500000, 0.03350416
-0.01000000, 0.04000000, -0.03000000, 0.05147319
-0.01500000, 0.04000000, -0.02500000, 0.06201380
-0.02000000, 0.04000000, -0.02000000, 0.06507367
-0.02500000, 0.04000000, -0.01500000, 0.06063858
-0.03000000, 0.04000000, -0.01000000, 0.04871224
-0.03500000, 0.04000000, -0.00500000, 0.02932688
-0.04000000, 0.04000000, 0.00000000, 0.00264901
-0.04000000, 0.03500000, 0.00500000, 0.00330584
-0.04000000, 0.03000000, 0.01000000, 0.00371868
-0.04000000, 0.02500000, 0.01500000, 0.00405270
-0.04000000, 0.02000000, 0.02000000, 0.00435680
-0.04000000, 0.01500000, 0.02500000, 0.00464671
-0.04000000, 0.01000000, 0.03000000, 0.00494300
-0.04000000, 0.00500000, 0.03500000, 0.00526928
-0.04000000, 0.00000000, 0.04000000, 0.00558975
-0.03500000, -0.00500000, 0.04000000, 0.00593308
-0.03000000, -0.01000000, 0.04000000, 0.00647791
-0.02500000, -0.01500000, 0.04000000, 0.00706000
-0.02000000, -0.02000000, 0.04000000, 0.00767271
-0.01500000, -0.02500000, 0.04000000, 0.00822689
-0.01000000, -0.03000000, 0.04000000, 0.00867557
-0.00500000, -0.03500000, 0.04000000, 0.00886189
0.00000000, -0.04000000, 0.04000000, 0.00837669
0.00500000, -0.04000000, 0.03500000, 0.03350416
0.01000000, -0.04000000, 0.03000000, 0.05147319
0.01500000, -0.04000000, 0.02500000, 0.06201380
0.02000000, -0.04000000, 0.02000000, 0.06507367
0.02500000, -0.04000000, 0.01500000, 0.06063858
0.03000000, -0.04000000, 0.01000000, 0.04871224
0.03500000, -0.04000000, 0.00500000, 0.02932688
0.04000000, -0.04000000, 0.00000000, 0.00264901
0.04000000, -0.03500000, -0.00500000, 0.00330584
0.04000000, -0.03000000, -0.01000000, 0.00371868
0.04000000, -0.02500000, -0.01500000, 0.00405270
0.04000000, -0.02000000, -0.02000000, 0.00435680
0.04000000, -0.01500000, -0.02500000, 0.00464671
0.04000000, -0.01000000, -0.03000000, 0.00494300
0.04000000, -0.00500000, -0.03500000, 0.00526928
0.05000000, 0.00000000, -0.05000000, 0.00597973
0.04375000, 0.00625000, -0.05000000, 0.00633391
0.03750000, 0.01250000, -0.05000000, 0.00690405
0.03125000, 0.01875000, -0.05000000, 0.00754091
0.02500000, 0.02500000, -0.05000000, 0.00821500
0.01875000, 0.03125000, -0.05000000, 0.00885715
0.01250000, 0.03750000, -0.05000000, 0.00935447
0.00625000, 0.04375000, -0.05000000, 0.00955892
0.00000000, 0.05000000, -0.05000000, 0.00894585
-0.00625000, 0.05000000, -0.04375000, 0.02861900
-0.01250000, 0.05000000, -0.03750000, 0.04276451
-0.01875000, 0.05000000, -0.03125000, 0.05104911
-0.02500000, 0.05000000, -0.02500000, 0.05340202
-0.03125000, 0.05000000, -0.01875000, 0.04980703
-0.03750000, 0.05000000, -0.01250000, 0.04026997
-0.04375000, 0.05000000, -0.00625000, 0.02482596
-0.05000000, 0.05000000, 0.00000000, 0.00368010
-0.05000000, 0.04375000, 0.00625000, 0.00427800
-0.05000000, 0.03750000, 0.01250000, 0.00459880
-0.05000000, 0.03125000, 0.01875000, 0.00482946
-0.05000000, 0.02500000, 0.02500000, 0.00503387
-0.05000000, 0.01875000, 0.03125000, 0.00522367
-0.05000000, 0.01250000, 0.03750000, 0.00543601
-0.05000000, 0.00625000, 0.04375000, 0.00570169
-0.05000000, 0.00000000, 0.05000000, 0.00597973
-0.04375000, -0.00625000, 0.05000000, 0.00633391
-0.03750000, -0.01250000, 0.05000000, 0.00690405
-0.03125000, -0.01875000, 0.05000000, 0.00754091
-0.02500000, -0.02500000, 0.05000000, 0.00821500
-0.01875000, -0.03125000, 0.05000000, 0.00885715
-0.01250000, -0.03750000, 0.05000000, 0.00935447
-0.00625000, -0.04375000, 0.05000000, 0.00955892
0.00000000, -0.05000000, 0.05000000, 0.00894585
0.00625000, -0.05000000, 0.04375000, 0.02861900
0.01250000, -0.05000000, 0.03750000, 0.04276451
0.01875000, -0.05000000, 0.03125000, 0.05104911
0.02500000, -0.05000000, 0.02500000, 0.05340202
0.03125000, -0.05000000, 0.01875000, 0.04980703
0.03750000, -0.05000000, 0.01250000, 0.04026997
0.04375000, -0.05000000, 0.00625000, 0.02482596
0.05000000, -0.05000000, 0.00000000, 0.00368010
0.05000000, -0.04375000, -0.00625000, 0.00427800
0.05000000, -0.03750000, -0.01250000, 0.00459880
0.05000000, -0.03125000, -0.01875000, 0.00482946
0.05000000, -0.02500000, -0.02500000, 0.00503387
0.05000000, -0.01875000, -0.03125000, 0.00522367
0.05000000, -0.01250000, -0.03750000, 0.00543601
0.05000000, -0.00625000, -0.04375000, 0.00570169
0.06000000, 0.00000000, -0.06000000, 0.00626676
0.05250000, 0.00750000, -0.06000000, 0.00664573
0.04500000, 0.01500000, -0.06000000, 0.00724929
0.03750000, 0.02250000, -0.06000000, 0.00794855
0.03000000, 0.03000000, -0.06000000, 0.00867907
0.02250000, 0.03750000, -0.06000000, 0.00935103
0.01500000, 0.04500000, -0.06000000, 0.00988077
0.00750000, 0.05250000, -0.06000000, 0.01009930
0.00000000, 0.06000000, -0.06000000, 0.00944259
-0.00750000, 0.06000000, -0.05250000, 0.02545742
-0.01500000, 0.06000000, -0.04500000, 0.03706987
-0.02250000, 0.06000000, -0.03750000, 0.04386701
-0.03000000, 0.06000000, -0.03000000, 0.04577293
-0.03750000, 0.06000000, -0.02250000, 0.04277001
-0.04500000, 0.06000000, -0.01500000, 0.03486282
-0.05250000, 0.06000000, -0.00750000, 0.02208948
-0.06000000, 0.06000000, 0.00000000, 0.00468557
-0.06000000, 0.05250000, 0.00750000, 0.00518125
-0.06000000, 0.04500000, 0.01500000, 0.00538674
-0.06000000, 0.03750000, 0.02250000, 0.00550711
-0.06000000, 0.03000000, 0.03000000, 0.00560392
-0.06000000, 0.02250000, 0.03750000, 0.00570136
-0.06000000, 0.01500000, 0.04500000, 0.00583483
-0.06000000, 0.00750000, 0.05250000, 0.00602611
-0.06000000, 0.00000000, 0.06000000, 0.00626676
-0.05250000, -0.00750000, 0.06000000, 0.00664573
-0.04500000, -0.01500000, 0.06000000, 0.00724929
-0.03750000, -0.02250000, 0.06000000, 0.00794855
-0.03000000, -0.03000000, 0.06000000, 0.00867907
-0.02250000, -0.03750000, 0.06000000, 0.00935103
-0.01500000, -0.04500000, 0.06000000, 0.00988077
-0.00750000, -0.05250000, 0.06000000, 0.01009930
0.00000000, -0.06000000, 0.06000000, 0.00944259
0.00750000, -0.06000000, 0.05250000, 0.02545742
0.01500000, -0.06000000, 0.04500000, 0.03706987
0.02250000, -0.06000000, 0.03750000, 0.04386701
0.03000000, -0.06000000, 0.03000000, 0.04577293
0.03750000, -0.06000000, 0.02250000, 0.04277001
0.04500000, -0.06000000, 0.01500000, 0.03486282
0.05250000, -0.06000000, 0.00750000, 0.02208948
0.06000000, -0.06000000, 0.00000000, 0.00468557
0.06000000, -0.05250000, -0.00750000, 0.00518125
0.06000000, -0.04500000, -0.01500000, 0.00538674
0.06000000, -0.03750000, -0.02250000, 0.00550711
0.06000000, -0.03000000, -0.03000000, 0.00560392
0.06000000, -0.02250000, -0.03750000, 0.00570136
0.06000000, -0.01500000, -0.04500000, 0.00583483
0.06000000, -0.00750000, -0.05250000, 0.00602611
0.07000000, 0.00000000, -0.07000000, 0.00648723
0.06125000, 0.00875000, -0.07000000, 0.00690108
0.05250000, 0.01750000, -0.07000000, 0.00752246
0.04375000, 0.02625000, -0.07000000, 0.00827781
0.03500000, 0.03500000, -0.07000000, 0.00908139
0.02625000, 0.04375000, -0.07000000, 0.00982390
0.01750000, 0.05250000, -0.07000000, 0.01041951
0.00875000, 0.06125000, -0.07000000, 0.01065966
0.00000000, 0.07000000, -0.07000000, 0.00990027
-0.00875000, 0.07000000, -0.06125000, 0.02327378
-0.01750000, 0.07000000, -0.05250000, 0.03308538
-0.02625000, 0.07000000, -0.04375000, 0.03882776
-0.03500000, 0.07000000, -0.03500000, 0.04043300
-0.04375000, 0.07000000, -0.02625000, 0.03787926
-0.05250000, 0.07000000, -0.01750000, 0.03116918
-0.06125000, 0.07000000, -0.00875000, 0.02034481
-0.07000000, 0.07000000, 0.00000000, 0.00566528
-0.07000000, 0.06125000, 0.00875000, 0.00602787
-0.07000000, 0.05250000, 0.01750000, 0.00611811
-0.07000000, 0.04375000, 0.02625000, 0.00611583
-0.07000000, 0.03500000, 0.03500000, 0.00610211
-0.07000000, 0.02625000, 0.04375000, 0.00610348
-0.07000000, 0.01750000, 0.05250000, 0.00615320
-0.07000000, 0.00875000, 0.06125000, 0.00627239
-0.07000000, 0.00000000, 0.07000000, 0.00648723
-0.06125000, -0.00875000, 0.07000000, 0.00690108
-0.05250000, -0.01750000, 0.07000000, 0.00752246
-0.04375000, -0.02625000, 0.07000000, 0.00827781
-0.03500000, -0.03500000, 0.07000000, 0.00908139
-0.02625000, -0.04375000, 0.07000000, 0.00982390
-0.01750000, -0.05250000, 0.07000000, 0.01041951
-0.00875000, -0.06125000, 0.07000000, 0.01065966
0.00000000, -0.07000000, 0.07000000, 0.00990027
0.00875000, -0.07000000, 0.06125000, 0.02327378
0.01750000, -0.07000000, 0.05250000, 0.03308538
0.02625000, -0.07000000, 0.04375000, 0.03882776
0.03500000, -0.07000000, 0.03500000, 0.04043300
0.04375000, -0.07000000, 0.02625000, 0.03787926
0.05250000, -0.07000000, 0.01750000, 0.03116918
0.06125000, -0.07000000, 0.00875000, 0.02034481
0.07000000, -0.07000000, 0.00000000, 0.00566528
0.07000000, -0.06125000, -0.00875000, 0.00602787
0.07000000, -0.05250000, -0.01750000, 0.00611811
0.07000000, -0.04375000, -0.02625000, 0.00611583
0.07000000, -0.03500000, -0.03500000, 0.00610211
0.07000000, -0.02625000, -0.04375000, 0.00610348
0.07000000, -0.01750000, -0.05250000, 0.00615320
0.07000000, -0.00875000, -0.06125000, 0.00627239
0.08000000, 0.00000000, -0.08000000, 0.00666760
0.07000000, 0.01000000, -0.08000000, 0.00710851
0.06000000, 0.02000000, -0.08000000, 0.00776166
0.05000000, 0.03000000, -0.08000000, 0.00857364
0.04000000, 0.04000000, -0.08000000, 0.00944679
0.03000000, 0.05000000, -0.08000000, 0.01027296
0.02000000, 0.06000000, -0.08000000, 0.01093222
0.01000000, 0.07000000, -0.08000000, 0.01119752
0.00000000, 0.08000000, -0.08000000, 0.01033098
-0.01000000, 0.08000000, -0.07000000, 0.02170946
-0.02000000, 0.08000000, -0.06000000, 0.03016864
-0.03000000, 0.08000000, -0.05000000, 0.03512808
-0.04000000, 0.08000000, -0.04000000, 0.03652281
-0.05000000, 0.08000000, -0.03000000, 0.03432554
-0.06000000, 0.08000000, -0.02000000, 0.02853857
-0.07000000, 0.08000000, -0.01000000, 0.01920755
-0.08000000, 0.08000000, 0.00000000, 0.00661009
-0.08000000, 0.07000000, 0.01000000, 0.00683195
-0.08000000, 0.06000000, 0.02000000, 0.00679498
-0.08000000, 0.05000000, 0.03000000, 0.00666570
-0.08000000, 0.04000000, 0.04000000, 0.00654315
-0.08000000, 0.03000000, 0.05000000, 0.00644798
-0.08000000, 0.02000000, 0.06000000, 0.00641729
-0.08000000, 0.01000000, 0.07000000, 0.00647541
-0.08000000, 0.00000000, 0.08000000, 0.00666760
-0.07000000, -0.01000000, 0.08000000, 0.00710851
-0.06000000, -0.02000000, 0.08000000, 0.00776166
-0.05000000, -0.03000000, 0.08000000, 0.00857364
-0.04000000, -0.04000000, 0.08000000, 0.00944679
-0.03000000, -0.05000000, 0.08000000, 0.01027296
-0.02000000, -0.06000000, 0.08000000, 0.01093222
-0.01000000, -0.07000000, 0.08000000, 0.01119752
0.00000000, -0.08000000, 0.08000000, 0.01033098
0.01000000, -0.08000000, 0.07000000, 0.02170946
0.02000000, -0.08000000, 0.06000000, 0.03016864
0.03000000, -0.08000000, 0.05000000, 0.03512808
0.04000000, -0.08000000, 0.04000000, 0.03652281
0.05000000, -0.08000000, 0.03000000, 0.03432554
0.06000000, -0.08000000, 0.02000000, 0.02853857
0.07000000, -0.08000000, 0.01000000, 0.01920755
0.08000000, -0.08000000, 0.00000000, 0.00661009
0.08000000, -0.07000000, -0.01000000, 0.00683195
0.08000000, -0.06000000, -0.02000000, 0.00679498
0.08000000, -0.05000000, -0.03000000, 0.00666570
0.08000000, -0.04000000, -0.04000000, 0.00654315
0.08000000, -0.03000000, -0.05000000, 0.00644798
0.08000000, -0.02000000, -0.06000000, 0.00641729
0.08000000, -0.01000000, -0.07000000, 0.00647541
0.09000000, 0.00000000, -0.09000000, 0.00682217
0.07875000, 0.01125000, -0.09000000, 0.00728209
0.06750000, 0.02250000, -0.09000000, 0.00798714
0.05625000, 0.03375000, -0.09000000, 0.00886269
0.04500000, 0.04500000, -0.09000000, 0.00979764
0.03375000, 0.05625000, -0.09000000, 0.01068786
0.02250000, 0.06750000, -0.09000000, 0.01139136
0.01125000, 0.07875000, -0.09000000, 0.01167718
0.00000000, 0.09000000, -0.09000000, 0.01073902
-0.01125000, 0.09000000, -0.07875000, 0.02055822
-0.02250000, 0.09000000, -0.06750000, 0.02796216
-0.03375000, 0.09000000, -0.05625000, 0.03232081
-0.04500000, 0.09000000, -0.04500000, 0.03356309
-0.05625000, 0.09000000, -0.03375000, 0.03165775
-0.06750000, 0.09000000, -0.02250000, 0.02660795
-0.07875000, 0.09000000, -0.01125000, 0.01846178
-0.09000000, 0.09000000, 0.00000000, 0.00751315
-0.09000000, 0.07875000, 0.01125000, 0.00759453
-0.09000000, 0.06750000, 0.02250000, 0.00741811
-0.09000000, 0.05625000, 0.03375000, 0.00716341
-0.09000000, 0.04500000, 0.04500000, 0.00693461
-0.09000000, 0.03375000, 0.05625000, 0.00674843
-0.09000000, 0.02250000, 0.06750000, 0.00664540
-0.09000000, 0.01125000, 0.07875000, 0.00665235
-0.09000000, 0.00000000, 0.09000000, 0.00682217
-0.07875000, -0.01125000, 0.09000000, 0.00728209
-0.06750000, -0.02250000, 0.09000000, 0.00798714
-0.05625000, -0.03375000, 0.09000000, 0.00886269
-0.04500000, -0.04500000, 0.09000000, 0.00979764
-0.03375000, -0.05625000, 0.09000000, 0.01068786
-0.02250000, -0.06750000, 0.09000000, 0.01139136
-0.01125000, -0.07875000, 0.09000000, 0.01167718
0.00000000, -0.09000000, 0.09000000, 0.01073902
0.01125000, -0.09000000, 0.07875000, 0.02055822
0.02250000, -0.09000000, 0.06750000, 0.02796216
0.03375000, -0.09000000, 0.05625000, 0.03232081
0.04500000, -0.09000000, 0.04500000, 0.03356309
0.05625000, -0.09000000, 0.03375000, 0.03165775
0.06750000, -0.09000000, 0.02250000, 0.02660795
0.07875000, -0.09000000, 0.01125000, 0.01846178
0.09000000, -0.09000000, 0.00000000, 0.00751315
0.09000000, -0.07875000, -0.01125000, 0.00759453
0.09000000, -0.06750000, -0.02250000, 0.00741811
0.09000000, -0.05625000, -0.03375000, 0.00716341
0.09000000, -0.04500000, -0.04500000, 0.00693461
0.09000000, -0.03375000, -0.05625000, 0.00674843
0.09000000, -0.02250000, -0.06750000, 0.00664540
0.09000000, -0.01125000, -0.07875000, 0.00665235
0.10000000, 0.00000000, -0.10000000, 0.00695753
0.08750000, 0.01250000, -0.10000000, 0.00743791
0.07500000, 0.02500000, -0.10000000, 0.00820451
0.06250000, 0.03750000, -0.10000000, 0.00914776
0.05000000, 0.05000000, -0.10000000, 0.01014490
0.03750000, 0.06250000, -0.10000000, 0.01108522
0.02500000, 0.07500000, -0.10000000, 0.01182526
0.01250000, 0.08750000, -0.10000000, 0.01212554
0.00000000, 0.10000000, -0.10000000, 0.01112926
-0.01250000, 0.10000000, -0.08750000, 0.01969055
-0.02500000, 0.10000000, -0.07500000, 0.02624842
-0.03750000, 0.10000000, -0.06250000, 0.03013244
-0.05000000, 0.10000000, -0.05000000, 0.03126056
-0.06250000, 0.10000000, -0.03750000, 0.02960004
-0.07500000, 0.10000000, -0.02500000, 0.02515524
-0.08750000, 0.10000000, -0.01250000, 0.01797576
-0.10000000, 0.10000000, 0.00000000, 0.00837138
-0.10000000, 0.08750000, 0.01250000, 0.00831126
-0.10000000, 0.07500000, 0.02500000, 0.00799201
-0.10000000, 0.06250000, 0.03750000, 0.00761572
-0.10000000, 0.05000000, 0.05000000, 0.00728356
-0.10000000, 0.03750000, 0.06250000, 0.00701260
-0.10000000, 0.02500000, 0.07500000, 0.00684406
-0.10000000, 0.01250000, 0.08750000, 0.00680649
-0.10000000, 0.00000000, 0.10000000, 0.00695753
-0.08750000, -0.01250000, 0.10000000, 0.00743791
-0.07500000, -0.02500000, 0.10000000, 0.00820451
-0.06250000, -0.03750000, 0.10000000, 0.00914776
-0.05000000, -0.05000000, 0.10000000, 0.01014490
-0.03750000, -0.06250000, 0.10000000, 0.01108522
-0.02500000, -0.07500000, 0.10000000, 0.01182526
-0.01250000, -0.08750000, 0.10000000, 0.01212554
0.00000000, -0.10000000, 0.10000000, 0.01112926
0.01250000, -0.10000000, 0.08750000, 0.01969055
0.02500000, -0.10000000, 0.07500000, 0.02624842
0.03750000, -0.10000000, 0.06250000, 0.03013244
0.05000000, -0.10000000, 0.05000000, 0.03126056
0.06250000, -0.10000000, 0.03750000, 0.02960004
0.07500000, -0.10000000, 0.02500000, 0.02515524
0.08750000, -0.10000000, 0.01250000, 0.01797576
0.10000000, -0.10000000, 0.00000000, 0.00837138
0.10000000, -0.08750000, -0.01250000, 0.00831126
0.10000000, -0.07500000, -0.02500000, 0.00799201
0.10000000, -0.06250000, -0.03750000, 0.00761572
0.10000000, -0.05000000, -0.05000000, 0.00728356
0.10000000, -0.03750000, -0.06250000, 0.00701260
0.10000000, -0.02500000, -0.07500000, 0.00684406
0.10000000, -0.01250000, -0.08750000, 0.00680649
0.15000000, 0.00000000, -0.15000000, 0.00742774
0.13125000, 0.01875000, -0.15000000, 0.00812769
0.11250000, 0.03750000, -0.15000000, 0.00920924
0.09375000, 0.05625000, -0.15000000, 0.01049417
0.07500000, 0.07500000, -0.15000000, 0.01184683
0.05625000, 0.09375000, -0.15000000, 0.01310098
0.03750000, 0.11250000, -0.15000000, 0.01406941
0.01875000, 0.13125000, -0.15000000, 0.01440217
0.00000000, 0.15000000, -0.15000000, 0.01288886
-0.01875000, 0.15000000, -0.13125000, 0.01752839
-0.03750000, 0.15000000, -0.11250000, 0.02153507
-0.05625000, 0.15000000, -0.09375000, 0.02401445
-0.07500000, 0.15000000, -0.07500000, 0.02483600
-0.09375000, 0.15000000, -0.05625000, 0.02396548
-0.11250000, 0.15000000, -0.03750000, 0.02141402
-0.13125000, 0.15000000, -0.01875000, 0.01724996
-0.15000000, 0.15000000, 0.00000000, 0.01187044
-0.15000000, 0.13125000, 0.01875000, 0.01115363
-0.15000000, 0.11250000, 0.03750000, 0.01020942
-0.15000000, 0.09375000, 0.05625000, 0.00930828
-0.15000000, 0.07500000, 0.07500000, 0.00853226
-0.15000000, 0.05625000, 0.09375000, 0.00790757
-0.15000000, 0.03750000, 0.11250000, 0.00747734
-0.15000000, 0.01875000, 0.13125000, 0.00728454
-0.15000000, 0.00000000, 0.15000000, 0.00742774
-0.13125000, -0.01875000, 0.15000000, 0.00812769
-0.11250000, -0.03750000, 0.15000000, 0.00920924
-0.09375000, -0.05625000, 0.15000000, 0.01049417
-0.07500000, -0.07500000, 0.15000000, 0.01184683
-0.05625000, -0.09375000, 0.15000000, 0.01310098
-0.03750000, -0.11250000, 0.15000000, 0.01406941
-0.01875000, -0.13125000, 0.15000000, 0.01440217
0.00000000, -0.15000000, 0.15000000, 0.01288886
0.01875000, -0.15000000, 0.13125000, 0.01752839
0.03750000, -0.15000000, 0.11250000, 0.02153507
0.05625000, -0.15000000, 0.09375000, 0.02401445
0.07500000, -0.15000000, 0.07500000, 0.02483600
0.09375000, -0.15000000, 0.05625000, 0.02396548
0.11250000, -0.15000000, 0.03750000, 0.02141402
0.13125000, -0.15000000, 0.01875000, 0.01724996
0.15000000, -0.15000000, 0.00000000, 0.01187044
0.15000000, -0.13125000, -0.01875000, 0.01115363
0.15000000, -0.11250000, -0.03750000, 0.01020942
0.15000000, -0.09375000, -0.05625000, 0.00930828
0.15000000, -0.07500000, -0.07500000, 0.00853226
0.15000000, -0.05625000, -0.09375000, 0.00790757
0.15000000, -0.03750000, -0.11250000, 0.00747734
0.15000000, -0.01875000, -0.13125000, 0.00728454
0.20000000, 0.00000000, -0.20000000, 0.00747686
0.17500000, 0.02500000, -0.20000000, 0.00850163
0.15000000, 0.05000000, -0.20000000, 0.00995565
0.12500000, 0.07500000, -0.20000000, 0.01160153
0.10000000, 0.10000000, -0.20000000, 0.01326900
0.07500000, 0.12500000, -0.20000000, 0.01477315
0.05000000, 0.15000000, -0.20000000, 0.01588834
0.02500000, 0.17500000, -0.20000000, 0.01619354
0.00000000, 0.20000000, -0.20000000, 0.01417054
-0.02500000, 0.20000000, -0.17500000, 0.01675854
-0.05000000, 0.20000000, -0.15000000, 0.01949978
-0.07500000, 0.20000000, -0.12500000, 0.02128106
-0.10000000, 0.20000000, -0.10000000, 0.02192285
-0.12500000, 0.20000000, -0.07500000, 0.02138717
-0.15000000, 0.20000000, -0.05000000, 0.01970468
-0.17500000, 0.20000000, -0.02500000, 0.01698810
-0.20000000, 0.20000000, 0.00000000, 0.01376244
-0.20000000, 0.17500000, 0.02500000, 0.01269088
-0.20000000, 0.15000000, 0.05000000, 0.01134900
-0.20000000, 0.12500000, 0.07500000, 0.01010965
-0.20000000, 0.10000000, 0.10000000, 0.00904718
-0.20000000, 0.07500000, 0.12500000, 0.00820190
-0.20000000, 0.05000000, 0.15000000, 0.00761558
-0.20000000, 0.02500000, 0.17500000, 0.00733690
-0.20000000, 0.00000000, 0.20000000, 0.00747686
-0.17500000, -0.02500000, 0.20000000, 0.00850163
-0.15000000, -0.05000000, 0.20000000, 0.00995565
-0.12500000, -0.07500000, 0.20000000, 0.01160153
-0.10000000, -0.10000000, 0.20000000, 0.01326900
-0.07500000, -0.12500000, 0.20000000, 0.01477315
-0.05000000, -0.15000000, 0.20000000, 0.01588834
-0.02500000, -0.17500000, 0.20000000, 0.01619354
0.00000000, -0.20000000, 0.20000000, 0.01417054
0.02500000, -0.20000000, 0.17500000, 0.01675854
0.05000000, -0.20000000, 0.15000000, 0.01949978
0.07500000, -0.20000000, 0.12500000, 0.02128106
0.10000000, -0.20000000, 0.10000000, 0.02192285
0.12500000, -0.20000000, 0.07500000, 0.02138717
0.15000000, -0.20000000, 0.05000000, 0.01970468
0.17500000, -0.20000000, 0.02500000, 0.01698810
0.20000000, -0.20000000, 0.00000000, 0.01376244
0.20000000, -0.17500000, -0.02500000, 0.01269088
0.20000000, -0.15000000, -0.05000000, 0.01134900
0.20000000, -0.12500000, -0.07500000, 0.01010965
0.20000000, -0.10000000, -0.10000000, 0.00904718
0.20000000, -0.07500000, -0.12500000, 0.00820190
0.20000000, -0.05000000, -0.15000000, 0.00761558
0.20000000, -0.02500000, -0.17500000, 0.00733690
0.25000000, 0.00000000, -0.25000000, 0.00688109
0.21875000, 0.03125000, -0.25000000, 0.00826847
0.18750000, 0.06250000, -0.25000000, 0.01004729
0.15625000, 0.09375000, -0.25000000, 0.01198094
0.12500000, 0.12500000, -0.25000000, 0.01390913
0.09375000, 0.15625000, -0.25000000, 0.01561821
0.06250000, 0.18750000, -0.25000000, 0.01686313
0.03125000, 0.21875000, -0.25000000, 0.01713142
0.00000000, 0.25000000, -0.25000000, 0.01462754
-0.03125000, 0.25000000, -0.21875000, 0.01606202
-0.06250000, 0.25000000, -0.18750000, 0.01814034
-0.09375000, 0.25000000, -0.15625000, 0.01951918
-0.12500000, 0.25000000, -0.12500000, 0.01997949
-0.15625000, 0.25000000, -0.09375000, 0.01949356
-0.18750000, 0.25000000, -0.06250000, 0.01812056
-0.21875000, 0.25000000, -0.03125000, 0.01603494
-0.25000000, 0.25000000, 0.00000000, 0.01394395
-0.25000000, 0.21875000, 0.03125000, 0.01287795
-0.25000000, 0.18750000, 0.06250000, 0.01142389
-0.25000000, 0.15625000, 0.09375000, 0.01004309
-0.25000000, 0.12500000, 0.12500000, 0.00884490
-0.25000000, 0.09375000, 0.15625000, 0.00787859
-0.25000000, 0.06250000, 0.18750000, 0.00719059
-0.25000000, 0.03125000, 0.21875000, 0.00682361
-0.25000000, 0.00000000, 0.25000000, 0.00688109
-0.21875000, -0.03125000, 0.25000000, 0.00826847
-0.18750000, -0.06250000, 0.25000000, 0.01004729
-0.15625000, -0.09375000, 0.25000000, 0.01198094
-0.12500000, -0.12500000, 0.25000000, 0.01390913
-0.09375000, -0.15625000, 0.25000000, 0.01561821
-0.06250000, -0.18750000, 0.25000000, 0.01686313
-0.03125000, -0.21875000, 0.25000000, 0.01713142
0.00000000, -0.25000000, 0.25000000, 0.01462754
0.03125000, -0.25000000, 0.21875000, 0.01606202
0.06250000, -0.25000000, 0.18750000, 0.01814034
0.09375000, -0.25000000, 0.15625000, 0.01951918
0.12500000, -0.25000000, 0.12500000, 0.01997949
0.15625000, -0.25000000, 0.09375000, 0.01949356
0.18750000, -0.25000000, 0.06250000, 0.01812056
0.21875000, -0.25000000, 0.03125000, 0.01603494
0.25000000, -0.25000000, 0.00000000, 0.01394395
0.25000000, -0.21875000, -0.03125000, 0.01287795
0.25000000, -0.18750000, -0.06250000, 0.01142389
0.25000000, -0.15625000, -0.09375000, 0.01004309
0.25000000, -0.12500000, -0.12500000, 0.00884490
0.25000000, -0.09375000, -0.15625000, 0.00787859
0.25000000, -0.06250000, -0.18750000, 0.00719059
0.25000000, -0.03125000, -0.21875000, 0.00682361
0.30000000, 0.00000000, -0.30000000, 0.00564471
0.26250000, 0.03750000, -0.30000000, 0.00729252
0.22500000, 0.07500000, -0.30000000, 0.00927682
0.18750000, 0.11250000, -0.30000000, 0.01137077
0.15000000, 0.15000000, -0.30000000, 0.01341244
0.11250000, 0.18750000, -0.30000000, 0.01519978
0.07500000, 0.22500000, -0.30000000, 0.01647897
0.03750000, 0.26250000, -0.30000000, 0.01671858
0.00000000, 0.30000000, -0.30000000, 0.01399473
-0.03750000, 0.30000000, -0.26250000, 0.01491913
-0.07500000, 0.30000000, -0.22500000, 0.01672425
-0.11250000, 0.30000000, -0.18750000, 0.01789458
-0.15000000, 0.30000000, -0.15000000, 0.01818189
-0.18750000, 0.30000000, -0.11250000, 0.01757377
-0.22500000, 0.30000000, -0.07500000, 0.01616524
-0.26250000, 0.30000000, -0.03750000, 0.01421545
-0.30000000, 0.30000000, 0.00000000, 0.01265228
-0.30000000, 0.26250000, 0.03750000, 0.01189517
-0.30000000, 0.22500000, 0.07500000, 0.01054025
-0.30000000, 0.18750000, 0.11250000, 0.00918426
-0.30000000, 0.15000000, 0.15000000, 0.00797471
-0.30000000, 0.11250000, 0.18750000, 0.00697118
-0.30000000, 0.07500000, 0.22500000, 0.00622055
-0.30000000, 0.03750000, 0.26250000, 0.00575372
-0.30000000, 0.00000000, 0.30000000, 0.00564471
-0.26250000, -0.03750000, 0.30000000, 0.00729252
-0.22500000, -0.07500000, 0.30000000, 0.00927682
-0.18750000, -0.11250000, 0.30000000, 0.01137077
-0.15000000, -0.15000000, 0.30000000, 0.01341244
-0.11250000, -0.18750000, 0.30000000, 0.01519978
-0.07500000, -0.22500000, 0.30000000, 0.01647897
-0.03750000, -0.26250000, 0.30000000, 0.01671858
0.00000000, -0.30000000, 0.30000000, 0.01399473
0.03750000, -0.30000000, 0.26250000, 0.01491913
0.07500000, -0.30000000, 0.22500000, 0.01672425
0.11250000, -0.30000000, 0.18750000, 0.01789458
0.15000000, -0.30000000, 0.15000000, 0.01818189
0.18750000, -0.30000000, 0.11250000, 0.01757377
0.22500000, -0.30000000, 0.07500000, 0.01616524
0.26250000, -0.30000000, 0.03750000, 0.01421545
0.30000000, -0.30000000, 0.00000000, 0.01265228
0.30000000, -0.26250000, -0.03750000, 0.01189517
0.30000000, -0.22500000, -0.07500000, 0.01054025
0.30000000, -0.18750000, -0.11250000, 0.00918426
0.30000000, -0.15000000, -0.15000000, 0.00797471
0.30000000, -0.11250000, -0.18750000, 0.00697118
0.30000000, -0.07500000, -0.22500000, 0.00622055
0.30000000, -0.03750000, -0.26250000, 0.00575372
0.35000000, 0.00000000, -0.35000000, 0.00404978
0.30625000, 0.04375000, -0.35000000, 0.00574839
0.26250000, 0.08750000, -0.35000000, 0.00774418
0.21875000, 0.13125000, -0.35000000, 0.00981003
0.17500000, 0.17500000, -0.35000000, 0.01179116
0.13125000, 0.21875000, -0.35000000, 0.01350064
0.08750000, 0.26250000, -0.35000000, 0.01471414
0.04375000, 0.30625000, -0.35000000, 0.01492450
0.00000000, 0.35000000, -0.35000000, 0.01226182
-0.04375000, 0.35000000, -0.30625000, 0.01314054
-0.08750000, 0.35000000, -0.26250000, 0.01494510
-0.13125000, 0.35000000, -0.21875000, 0.01606531
-0.17500000, 0.35000000, -0.17500000, 0.01622272
-0.21875000, 0.35000000, -0.13125000, 0.01542087
-0.26250000, 0.35000000, -0.08750000, 0.01380637
-0.30625000, 0.35000000, -0.04375000, 0.01174243
-0.35000000, 0.35000000, 0.00000000, 0.01037746
-0.35000000, 0.30625000, 0.04375000, 0.01006026
-0.35000000, 0.26250000, 0.08750000, 0.00893791
-0.35000000, 0.21875000, 0.13125000, 0.00772578
-0.35000000, 0.17500000, 0.17500000, 0.00660169
-0.35000000, 0.13125000, 0.21875000, 0.00563463
-0.35000000, 0.08750000, 0.26250000, 0.00487023
-0.35000000, 0.04375000, 0.30625000, 0.00432748
-0.35000000, 0.00000000, 0.35000000, 0.00404978
-0.30625000, -0.04375000, 0.35000000, 0.00574839
-0.26250000, -0.08750000, 0.35000000, 0.00774418
-0.21875000, -0.13125000, 0.35000000, 0.00981003
-0.17500000, -0.17500000, 0.35000000, 0.01179116
-0.13125000, -0.21875000, 0.35000000, 0.01350064
-0.08750000, -0.26250000, 0.35000000, 0.01471414
-0.04375000, -0.30625000, 0.35000000, 0.01492450
0.00000000, -0.35000000, 0.35000000, 0.01226182
0.04375000, -0.35000000, 0.30625000, 0.01314054
0.08750000, -0.35000000, 0.26250000, 0.01494510
0.13125000, -0.35000000, 0.21875000, 0.01606531
0.17500000, -0.35000000, 0.17500000, 0.01622272
0.21875000, -0.35000000, 0.13125000, 0.01542087
0.26250000, -0.35000000, 0.08750000, 0.01380637
0.30625000, -0.35000000, 0.04375000, 0.01174243
0.35000000, -0.35000000, 0.00000000, 0.01037746
0.35000000, -0.30625000, -0.04375000, 0.01006026
0.35000000, -0.26250000, -0.08750000, 0.00893791
0.35000000, -0.21875000, -0.13125000, 0.00772578
0.35000000, -0.17500000, -0.17500000, 0.00660169
0.35000000, -0.13125000, -0.21875000, 0.00563463
0.35000000, -0.08750000, -0.26250000, 0.00487023
0.35000000, -0.04375000, -0.30625000, 0.00432748
0.40000000, 0.00000000, -0.40000000, 0.00250139
0.35000000, 0.05000000, -0.40000000, 0.00401613
0.30000000, 0.10000000, -0.40000000, 0.00579733
0.25000000, 0.15000000, -0.40000000, 0.00762828
0.20000000, 0.20000000, -0.40000000, 0.00938040
0.15000000, 0.25000000, -0.40000000, 0.01088195
0.10000000, 0.30000000, -0.40000000, 0.01194894
0.05000000, 0.35000000, -0.40000000, 0.01212446
0.00000000, 0.40000000, -0.40000000, 0.00973120
-0.05000000, 0.40000000, -0.35000000, 0.01080630
-0.10000000, 0.40000000, -0.30000000, 0.01275835
-0.15000000, 0.40000000, -0.25000000, 0.01394464
-0.20000000, 0.40000000, -0.20000000, 0.01403908
-0.25000000, 0.40000000, -0.15000000, 0.01305449
-0.30000000, 0.40000000, -0.10000000, 0.01120855
-0.35000000, 0.40000000, -0.05000000, 0.00898246
-0.40000000, 0.40000000, 0.00000000, 0.00769453
-0.40000000, 0.35000000, 0.05000000, 0.00777730
-0.40000000, 0.30000000, 0.10000000, 0.00694743
-0.40000000, 0.25000000, 0.15000000, 0.00595157
-0.40000000, 0.20000000, 0.20000000, 0.00498553
-0.40000000, 0.15000000, 0.25000000, 0.00412156
-0.40000000, 0.10000000, 0.30000000, 0.00340889
-0.40000000, 0.05000000, 0.35000000, 0.00285962
-0.40000000, 0.00000000, 0.40000000, 0.00250139
-0.35000000, -0.05000000, 0.40000000, 0.00401613
-0.30000000, -0.10000000, 0.40000000, 0.00579733
-0.25000000, -0.15000000, 0.40000000, 0.00762828
-0.20000000, -0.20000000, 0.40000000, 0.00938040
-0.15000000, -0.25000000, 0.40000000, 0.01088195
-0.10000000, -0.30000000, 0.40000000, 0.01194894
-0.05000000, -0.35000000, 0.40000000, 0.01212446
0.00000000, -0.40000000, 0.40000000, 0.00973120
0.05000000, -0.40000000, 0.35000000, 0.01080630
0.10000000, -0.40000000, 0.30000000, 0.01275835
0.15000000, -0.40000000, 0.25000000, 0.01394464
0.20000000, -0.40000000, 0.20000000, 0.01403908
0.25000000, -0.40000000, 0.15000000, 0.01305449
0.30000000, -0.40000000, 0.10000000, 0.01120855
0.35000000, -0.40000000, 0.05000000, 0.00898246
0.40000000, -0.40000000, 0.00000000, 0.00769453
0.40000000, -0.35000000, -0.05000000, 0.00777730
0.40000000, -0.30000000, -0.10000000, 0.00694743
0.40000000, -0.25000000, -0.15000000, 0.00595157
0.40000000, -0.20000000, -0.20000000, 0.00498553
0.40000000, -0.15000000, -0.25000000, 0.00412156
0.40000000, -0.10000000, -0.30000000, 0.00340889
0.40000000, -0.05000000, -0.35000000, 0.00285962
0.45000000, 0.00000000, -0.45000000, 0.00130656
0.39375000, 0.05625000, -0.45000000, 0.00246654
0.33750000, 0.11250000, -0.45000000, 0.00386513
0.28125000, 0.16875000, -0.45000000, 0.00531090
0.22500000, 0.22500000, -0.45000000, 0.00669779
0.16875000, 0.28125000, -0.45000000, 0.00788655
0.11250000, 0.33750000, -0.45000000, 0.00873111
0.05625000, 0.39375000, -0.45000000, 0.00886415
0.00000000, 0.45000000, -0.45000000, 0.00691424
-0.05625000, 0.45000000, -0.39375000, 0.00819659
-0.11250000, 0.45000000, -0.33750000, 0.01030135
-0.16875000, 0.45000000, -0.28125000, 0.01160657
-0.22500000, 0.45000000, -0.22500000, 0.01170523
-0.28125000, 0.45000000, -0.16875000, 0.01060349
-0.33750000, 0.45000000, -0.11250000, 0.00860381
-0.39375000, 0.45000000, -0.05625000, 0.00631173
-0.45000000, 0.45000000, 0.00000000, 0.00511931
-0.45000000, 0.39375000, 0.05625000, 0.00546363
-0.45000000, 0.33750000, 0.11250000, 0.00491700
-0.45000000, 0.28125000, 0.16875000, 0.00416769
-0.45000000, 0.22500000, 0.22500000, 0.00340519
-0.45000000, 0.16875000, 0.28125000, 0.00270123
-0.45000000, 0.11250000, 0.33750000, 0.00210826
-0.45000000, 0.05625000, 0.39375000, 0.00163625
-0.45000000, 0.00000000, 0.45000000, 0.00130656
-0.39375000, -0.05625000, 0.45000000, 0.00246654
-0.33750000, -0.11250000, 0.45000000, 0.00386513
-0.28125000, -0.16875000, 0.45000000, 0.00531090
-0.22500000, -0.22500000, 0.45000000, 0.00669779
-0.16875000, -0.28125000, 0.45000000, 0.00788655
-0.11250000, -0.33750000, 0.45000000, 0.00873111
-0.05625000, -0.39375000, 0.45000000, 0.00886415
0.00000000, -0.45000000, 0.45000000, 0.00691424
0.05625000, -0.45000000, 0.39375000, 0.00819659
0.11250000, -0.45000000, 0.33750000, 0.01030135
0.16875000, -0.45000000, 0.28125000, 0.01160657
0.22500000, -0.45000000, 0.22500000, 0.01170523
0.28125000, -0.45000000, 0.16875000, 0.01060349
0.33750000, -0.45000000, 0.11250000, 0.00860381
0.39375000, -0.45000000, 0.05625000, 0.00631173
0.45000000, -0.45000000, 0.00000000, 0.00511931
0.45000000, -0.39375000, -0.05625000, 0.00546363
0.45000000, -0.33750000, -0.11250000, 0.00491700
0.45000000, -0.28125000, -0.16875000, 0.00416769
0.45000000, -0.22500000, -0.22500000, 0.00340519
0.45000000, -0.16875000, -0.28125000, 0.00270123
0.45000000, -0.11250000, -0.33750000, 0.00210826
0.45000000, -0.05625000, -0.39375000, 0.00163625
0.50000000, 0.00000000, -0.50000000, 0.00056240
0.43750000, 0.06250000, -0.50000000, 0.00131753
0.37500000, 0.12500000, -0.50000000, 0.00227560
0.31250000, 0.18750000, -0.50000000, 0.00328184
0.25000000, 0.25000000, -0.50000000, 0.00424635
0.18750000, 0.31250000, -0.50000000, 0.00507382
0.12500000, 0.37500000, -0.50000000, 0.00565915
0.06250000, 0.43750000, -0.50000000, 0.00574675
0.00000000, 0.50000000, -0.50000000, 0.00433277
-0.06250000, 0.50000000, -0.43750000, 0.00566182
-0.12500000, 0.50000000, -0.37500000, 0.00779990
-0.18750000, 0.50000000, -0.31250000, 0.00920257
-0.25000000, 0.50000000, -0.25000000, 0.00935007
-0.31250000, 0.50000000, -0.18750000, 0.00822181
-0.37500000, 0.50000000, -0.12500000, 0.00620628
-0.43750000, 0.50000000, -0.06250000, 0.00402188
-0.50000000, 0.50000000, 0.00000000, 0.00301051
-0.50000000, 0.43750000, 0.06250000, 0.00345248
-0.50000000, 0.37500000, 0.12500000, 0.00313620
-0.50000000, 0.31250000, 0.18750000, 0.00262556
-0.50000000, 0.25000000, 0.25000000, 0.00207926
-0.50000000, 0.18750000, 0.31250000, 0.00156590
-0.50000000, 0.12500000, 0.37500000, 0.00113492
-0.50000000, 0.06250000, 0.43750000, 0.00079549
-0.50000000, 0.00000000, 0.50000000, 0.00056240
-0.43750000, -0.06250000, 0.50000000, 0.00131753
-0.37500000, -0.12500000, 0.50000000, 0.00227560
-0.31250000, -0.18750000, 0.50000000, 0.00328184
-0.25000000, -0.25000000, 0.50000000, 0.00424635
-0.18750000, -0.31250000, 0.50000000, 0.00507382
-0.12500000, -0.37500000, 0.50000000, 0.00565915
-0.06250000, -0.43750000, 0.50000000, 0.00574675
0.00000000, -0.50000000, 0.50000000, 0.00433277
0.06250000, -0.50000000, 0.43750000, 0.00566182
0.12500000, -0.50000000, 0.37500000, 0.00779990
0.18750000, -0.50000000, 0.31250000, 0.00920257
0.25000000, -0.50000000, 0.25000000, 0.00935007
0.31250000, -0.50000000, 0.18750000, 0.00822181
0.37500000, -0.50000000, 0.12500000, 0.00620628
0.43750000, -0.50000000, 0.06250000, 0.00402188
0.50000000, -0.50000000, 0.00000000, 0.00301051
0.50000000, -0.43750000, -0.06250000, 0.00345248
0.50000000, -0.37500000, -0.12500000, 0.00313620
0.50000000, -0.31250000, -0.18750000, 0.00262556
0.50000000, -0.25000000, -0.25000000, 0.00207926
0.50000000, -0.18750000, -0.31250000, 0.00156590
0.50000000, -0.12500000, -0.37500000, 0.00113492
0.50000000, -0.06250000, -0.43750000, 0.00079549
0.55000000, 0.00000000, -0.55000000, 0.00019236
0.48125000, 0.06875000, -0.55000000, 0.00060461
0.41250000, 0.13750000, -0.55000000, 0.00116804
0.34375000, 0.20625000, -0.55000000, 0.00177292
0.27500000, 0.27500000, -0.55000000, 0.00235258
0.20625000, 0.34375000, -0.55000000, 0.00284953
0.13750000, 0.41250000, -0.55000000, 0.00320140
0.06875000, 0.48125000, -0.55000000, 0.00325010
0.00000000, 0.55000000, -0.55000000, 0.00234110
-0.06875000, 0.55000000, -0.48125000, 0.00350158
-0.13750000, 0.55000000, -0.41250000, 0.00548780
-0.20625000, 0.55000000, -0.34375000, 0.00690363
-0.27500000, 0.55000000, -0.27500000, 0.00711139
-0.34375000, 0.55000000, -0.20625000, 0.00604732
-0.41250000, 0.55000000, -0.13750000, 0.00417086
-0.48125000, 0.55000000, -0.06875000, 0.00227426
-0.55000000, 0.55000000, 0.00000000, 0.00152488
-0.55000000, 0.48125000, 0.06875000, 0.00193068
-0.55000000, 0.41250000, 0.13750000, 0.00177720
-0.55000000, 0.34375000, 0.20625000, 0.00146706
-0.55000000, 0.27500000, 0.27500000, 0.00111690
-0.55000000, 0.20625000, 0.34375000, 0.00078711
-0.55000000, 0.13750000, 0.41250000, 0.00051865
-0.55000000, 0.06875000, 0.48125000, 0.00031845
-0.55000000, 0.00000000, 0.55000000, 0.00019236
-0.48125000, -0.06875000, 0.55000000, 0.00060461
-0.41250000, -0.13750000, 0.55000000, 0.00116804
-0.34375000, -0.20625000, 0.55000000, 0.00177292
-0.27500000, -0.27500000, 0.55000000, 0.00235258
-0.20625000, -0.34375000, 0.55000000, 0.00284953
-0.13750000, -0.41250000, 0.55000000, 0.00320140
-0.06875000, -0.48125000, 0.55000000, 0.00325010
0.00000000, -0.55000000, 0.55000000, 0.00234110
0.06875000, -0.55000000, 0.48125000, 0.00350158
0.13750000, -0.55000000, 0.41250000, 0.00548780
0.20625000, -0.55000000, 0.34375000, 0.00690363
0.27500000, -0.55000000, 0.27500000, 0.00711139
0.34375000, -0.55000000, 0.20625000, 0.00604732
0.41250000, -0.55000000, 0.13750000, 0.00417086
0.48125000, -0.55000000, 0.06875000, 0.00227426
0.55000000, -0.55000000, 0.00000000, 0.00152488
0.55000000, -0.48125000, -0.06875000, 0.00193068
0.55000000, -0.41250000, -0.13750000, 0.00177720
0.55000000, -0.34375000, -0.20625000, 0.00146706
0.55000000, -0.27500000, -0.27500000, 0.00111690
0.55000000, -0.20625000, -0.34375000, 0.00078711
0.55000000, -0.13750000, -0.41250000, 0.00051865
0.55000000, -0.06875000, -0.48125000, 0.00031845
0.60000000, 0.00000000, -0.60000000, 0.00005077
0.52500000, 0.07500000, -0.60000000, 0.00023634
0.45000000, 0.15000000, -0.60000000, 0.00051275
0.37500000, 0.22500000, -0.60000000, 0.00081606
0.30000000, 0.30000000, -0.60000000, 0.00111058
0.22500000, 0.37500000, -0.60000000, 0.00136376
0.15000000, 0.45000000, -0.60000000, 0.00154793
0.07500000, 0.52500000, -0.60000000, 0.00157100
0.00000000, 0.60000000, -0.60000000, 0.00105056
-0.07500000, 0.60000000, -0.52500000, 0.00188919
-0.15000000, 0.60000000, -0.45000000, 0.00354844
-0.22500000, 0.60000000, -0.37500000, 0.00486233
-0.30000000, 0.60000000, -0.30000000, 0.00511243
-0.37500000, 0.60000000, -0.22500000, 0.00418552
-0.45000000, 0.60000000, -0.15000000, 0.00258013
-0.52500000, 0.60000000, -0.07500000, 0.00109691
-0.60000000, 0.60000000, 0.00000000, 0.00063505
-0.60000000, 0.52500000, 0.07500000, 0.00093212
-0.60000000, 0.45000000, 0.15000000, 0.00087748
-0.60000000, 0.37500000, 0.22500000, 0.00071325
-0.60000000, 0.30000000, 0.30000000, 0.00051583
-0.60000000, 0.22500000, 0.37500000, 0.00033180
-0.60000000, 0.15000000, 0.45000000, 0.00019179
-0.60000000, 0.07500000, 0.52500000, 0.00009884
-0.60000000, 0.00000000, 0.60000000, 0.00005077
-0.52500000, -0.07500000, 0.60000000, 0.00023634
-0.45000000, -0.15000000, 0.60000000, 0.00051275
-0.37500000, -0.22500000, 0.60000000, 0.00081606
-0.30000000, -0.30000000, 0.60000000, 0.00111058
-0.22500000, -0.37500000, 0.60000000, 0.00136376
-0.15000000, -0.45000000, 0.60000000, 0.00154793
-0.07500000, -0.52500000, 0.60000000, 0.00157100
0.00000000, -0.60000000, 0.60000000, 0.00105056
0.07500000, -0.60000000, 0.52500000, 0.00188919
0.15000000, -0.60000000, 0.45000000, 0.00354844
0.22500000, -0.60000000, 0.37500000, 0.00486233
0.30000000, -0.60000000, 0.30000000, 0.00511243
0.37500000, -0.60000000, 0.22500000, 0.00418552
0.45000000, -0.60000000, 0.15000000, 0.00258013
0.52500000, -0.60000000, 0.07500000, 0.00109691
0.60000000, -0.60000000, 0.00000000, 0.00063505
0.60000000, -0.52500000, -0.07500000, 0.00093212
0.60000000, -0.45000000, -0.15000000, 0.00087748
0.60000000, -0.37500000, -0.22500000, 0.00071325
0.60000000, -0.30000000, -0.30000000, 0.00051583
0.60000000, -0.22500000, -0.37500000, 0.00033180
0.60000000, -0.15000000, -0.45000000, 0.00019179
0.60000000, -0.07500000, -0.52500000, 0.00009884
0.65000000, 0.00000000, -0.65000000, 0.00001108
0.56875000, 0.08125000, -0.65000000, 0.00007907
0.48750000, 0.16250000, -0.65000000, 0.00018750
0.40625000, 0.24375000, -0.65000000, 0.00030779
0.32500000, 0.32500000, -0.65000000, 0.00042837
0.24375000, 0.40625000, -0.65000000, 0.00053387
0.16250000, 0.48750000, -0.65000000, 0.00061672
0.08125000, 0.56875000, -0.65000000, 0.00062708
0.00000000, 0.65000000, -0.65000000, 0.00036533
-0.08125000, 0.65000000, -0.56875000, 0.00085050
-0.16250000, 0.65000000, -0.48750000, 0.00207928
-0.24375000, 0.65000000, -0.40625000, 0.00318507
-0.32500000, 0.65000000, -0.32500000, 0.00344323
-0.40625000, 0.65000000, -0.24375000, 0.00269882
-0.48750000, 0.65000000, -0.16250000, 0.00144513
-0.56875000, 0.65000000, -0.08125000, 0.00041327
-0.65000000, 0.65000000, 0.00000000, 0.00019678
-0.65000000, 0.56875000, 0.08125000, 0.00037495
-0.65000000, 0.48750000, 0.16250000, 0.00036802
-0.65000000, 0.40625000, 0.24375000, 0.00029447
-0.65000000, 0.32500000, 0.32500000, 0.00019828
-0.65000000, 0.24375000, 0.40625000, 0.00011040
-0.65000000, 0.16250000, 0.48750000, 0.00005143
-0.65000000, 0.08125000, 0.56875000, 0.00002046
-0.65000000, 0.00000000, 0.65000000, 0.00001108
-0.56875000, -0.08125000, 0.65000000, 0.00007907
-0.48750000, -0.16250000, 0.65000000, 0.00018750
-0.40625000, -0.24375000, 0.65000000, 0.00030779
-0.32500000, -0.32500000, 0.65000000, 0.00042837
-0.24375000, -0.40625000, 0.65000000, 0.00053387
-0.16250000, -0.48750000, 0.65000000, 0.00061672
-0.08125000, -0.56875000, 0.65000000, 0.00062708
0.00000000, -0.65000000, 0.65000000, 0.00036533
0.08125000, -0.65000000, 0.56875000, 0.00085050
0.16250000, -0.65000000, 0.48750000, 0.00207928
0.24375000, -0.65000000, 0.40625000, 0.00318507
0.32500000, -0.65000000, 0.32500000, 0.00344323
0.40625000, -0.65000000, 0.24375000, 0.00269882
0.48750000, -0.65000000, 0.16250000, 0.00144513
0.56875000, -0.65000000, 0.08125000, 0.00041327
0.65000000, -0.65000000, 0.00000000, 0.00019678
0.65000000, -0.56875000, -0.08125000, 0.00037495
0.65000000, -0.48750000, -0.16250000, 0.00036802
0.65000000, -0.40625000, -0.24375000, 0.00029447
0.65000000, -0.32500000, -0.32500000, 0.00019828
0.65000000, -0.24375000, -0.40625000, 0.00011040
0.65000000, -0.16250000, -0.48750000, 0.00005143
0.65000000, -0.08125000, -0.56875000, 0.00002046
0.70000000, 0.00000000, -0.70000000, 0.00000194
0.61250000, 0.08750000, -0.70000000, 0.00002248
0.52500000, 0.17500000, -0.70000000, 0.00005546
0.43750000, 0.26250000, -0.70000000, 0.00009096
0.35000000, 0.35000000, -0.70000000, 0.00012513
0.26250000, 0.43750000, -0.70000000, 0.00015612
0.17500000, 0.52500000, -0.70000000, 0.00018432
0.08750000, 0.61250000, -0.70000000, 0.00018975
0.00000000, 0.70000000, -0.70000000, 0.00008382
-0.08750000, 0.70000000, -0.61250000, 0.00029106
-0.17500000, 0.70000000, -0.52500000, 0.00108323
-0.26250000, 0.70000000, -0.43750000, 0.00191585
-0.35000000, 0.70000000, -0.35000000, 0.00214637
-0.43750000, 0.70000000, -0.26250000, 0.00159965
-0.52500000, 0.70000000, -0.17500000, 0.00071590
-0.61250000, 0.70000000, -0.08750000, 0.00008848
-0.70000000, 0.70000000, 0.00000000, 0.00003188
-0.70000000, 0.61250000, 0.08750000, 0.00012026
-0.70000000, 0.52500000, 0.17500000, 0.00012743
-0.70000000, 0.43750000, 0.26250000, 0.00010076
-0.70000000, 0.35000000, 0.35000000, 0.00006069
-0.70000000, 0.26250000, 0.43750000, 0.00002540
-0.70000000, 0.17500000, 0.52500000, 0.00000657
-0.70000000, 0.08750000, 0.61250000, 0.00000100
-0.70000000, 0.00000000, 0.70000000, 0.00000194
-0.61250000, -0.08750000, 0.70000000, 0.00002248
-0.52500000, -0.17500000, 0.70000000, 0.00005546
-0.43750000, -0.26250000, 0.70000000, 0.00009096
-0.35000000, -0.35000000, 0.70000000, 0.00012513
-0.26250000, -0.43750000, 0.70000000, 0.00015612
-0.17500000, -0.52500000, 0.70000000, 0.00018432
-0.08750000, -0.61250000, 0.70000000, 0.00018975
0.00000000, -0.70000000, 0.70000000, 0.00008382
0.08750000, -0.70000000, 0.61250000, 0.00029106
0.17500000, -0.70000000, 0.52500000, 0.00108323
0.26250000, -0.70000000, 0.43750000, 0.00191585
0.35000000, -0.70000000, 0.35000000, 0.00214637
0.43750000, -0.70000000, 0.26250000, 0.00159965
0.52500000, -0.70000000, 0.17500000, 0.00071590
0.61250000, -0.70000000, 0.08750000, 0.00008848
0.70000000, -0.70000000, 0.00000000, 0.00003188
0.70000000, -0.61250000, -0.08750000, 0.00012026
0.70000000, -0.52500000, -0.17500000, 0.00012743
0.70000000, -0.43750000, -0.26250000, 0.00010076
0.70000000, -0.35000000, -0.35000000, 0.00006069
0.70000000, -0.26250000, -0.43750000, 0.00002540
0.70000000, -0.17500000, -0.52500000, 0.00000657
0.70000000, -0.08750000, -0.61250000, 0.00000100
0.75000000, 0.00000000, -0.75000000, -0.00000095
0.65625000, 0.09375000, -0.75000000, 0.00000423
0.56250000, 0.18750000, -0.75000000, 0.00001300
0.46875000, 0.28125000, -0.75000000, 0.00002111
0.37500000, 0.37500000, -0.75000000, 0.00002306
0.28125000, 0.46875000, -0.75000000, 0.00002438
0.18750000, 0.56250000, -0.75000000, 0.00002760
0.09375000, 0.65625000, -0.75000000, 0.00003087
0.00000000, 0.75000000, -0.75000000, 0.00000489
-0.09375000, 0.75000000, -0.65625000, 0.00005466
-0.18750000, 0.75000000, -0.56250000, 0.00048730
-0.28125000, 0.75000000, -0.46875000, 0.00103725
-0.37500000, 0.75000000, -0.37500000, 0.00121462
-0.46875000, 0.75000000, -0.28125000, 0.00085375
-0.56250000, 0.75000000, -0.18750000, 0.00030236
-0.65625000, 0.75000000, -0.09375000, -0.00002194
-0.75000000, 0.75000000, 0.00000000, -0.00000696
-0.75000000, 0.65625000, 0.09375000, 0.00002984
-0.75000000, 0.56250000, 0.18750000, 0.00003576
-0.75000000, 0.46875000, 0.28125000, 0.00002841
-0.75000000, 0.37500000, 0.37500000, 0.00001392
-0.75000000, 0.28125000, 0.46875000, 0.00000220
-0.75000000, 0.18750000, 0.56250000, -0.00000173
-0.75000000, 0.09375000, 0.65625000, -0.00000118
-0.75000000, 0.00000000, 0.75000000, -0.00000095
-0.65625000, -0.09375000, 0.75000000, 0.00000423
-0.56250000, -0.18750000, 0.75000000, 0.00001300
-0.46875000, -0.28125000, 0.75000000, 0.00002111
-0.37500000, -0.37500000, 0.75000000, 0.00002306
-0.28125000, -0.46875000, 0.75000000, 0.00002438
-0.18750000, -0.56250000, 0.75000000, 0.00002760
-0.09375000, -0.65625000, 0.75000000, 0.00003087
0.00000000, -0.75000000, 0.75000000, 0.00000489
0.09375000, -0.75000000, 0.65625000, 0.00005466
0.18750000, -0.75000000, 0.56250000, 0.00048730
0.28125000, -0.75000000, 0.46875000, 0.00103725
0.37500000, -0.75000000, 0.37500000, 0.00121462
0.46875000, -0.75000000, 0.28125000, 0.00085375
0.56250000, -0.75000000, 0.18750000, 0.00030236
0.65625000, -0.75000000, 0.09375000, -0.00002194
0.75000000, -0.75000000, 0.00000000, -0.00000696
0.75000000, -0.65625000, -0.09375000, 0.00002984
0.75000000, -0.56250000, -0.18750000, 0.00003576
0.75000000, -0.46875000, -0.28125000, 0.00002841
0.75000000, -0.37500000, -0.37500000, 0.00001392
0.75000000, -0.28125000, -0.46875000, 0.00000220
0.75000000, -0.18750000, -0.56250000, -0.00000173
0.75000000, -0.09375000, -0.65625000, -0.00000118
0.80000000, 0.00000000, -0.80000000, -0.00000074
0.70000000, 0.10000000, -0.80000000, -0.00000010
0.60000000, 0.20000000, -0.80000000, 0.00000224
0.50000000, 0.30000000, -0.80000000, 0.00000362
0.40000000, 0.40000000, -0.80000000, 0.00000019
0.30000000, 0.50000000, -0.80000000, -0.00000386
0.20000000, 0.60000000, -0.80000000, -0.00000569
0.10000000, 0.70000000, -0.80000000, -0.00000392
0.00000000, 0.80000000, -0.80000000, -0.00000577
-0.10000000, 0.80000000, -0.70000000, -0.00001217
-0.20000000, 0.80000000, -0.60000000, 0.00017965
-0.30000000, 0.80000000, -0.50000000, 0.00048774
-0.40000000, 0.80000000, -0.40000000, 0.00060263
-0.50000000, 0.80000000, -0.30000000, 0.00039550
-0.60000000, 0.80000000, -0.20000000, 0.00010159
-0.70000000, 0.80000000, -0.10000000, -0.00003437
-0.80000000, 0.80000000, 0.00000000, -0.00000739
-0.80000000, 0.70000000, 0.10000000, 0.00000537
-0.80000000, 0.60000000, 0.20000000, 0.00000801
-0.80000000, 0.50000000, 0.30000000, 0.00000665
-0.80000000, 0.40000000, 0.40000000, 0.00000194
-0.80000000, 0.30000000, 0.50000000, -0.00000133
-0.80000000, 0.20000000, 0.60000000, -0.00000147
-0.80000000, 0.10000000, 0.70000000, -0.00000052
-0.80000000, 0.00000000, 0.80000000, -0.00000074
-0.70000000, -0.10000000, 0.80000000, -0.00000010
-0.60000000, -0.20000000, 0.80000000, 0.00000224
-0.50000000, -0.30000000, 0.80000000, 0.00000362
-0.40000000, -0.40000000, 0.80000000, 0.00000019
-0.30000000, -0.50000000, 0.80000000, -0.00000386
-0.20000000, -0.60000000, 0.80000000, -0.00000569
-0.10000000, -0.70000000, 0.80000000, -0.00000392
0.00000000, -0.80000000, 0.80000000, -0.00000577
0.10000000, -0.80000000, 0.70000000, -0.00001217
0.20000000, -0.80000000, 0.60000000, 0.00017965
0.30000000, -0.80000000, 0.50000000, 0.00048774
0.40000000, -0.80000000, 0.40000000, 0.00060263
0.50000000, -0.80000000, 0.30000000, 0.00039550
0.60000000, -0.80000000, 0.20000000, 0.00010159
0.70000000, -0.80000000, 0.10000000, -0.00003437
0.80000000, -0.80000000, 0.00000000, -0.00000739
0.80000000, -0.70000000, -0.10000000, 0.00000537
0.80000000, -0.60000000, -0.20000000, 0.00000801
0.80000000, -0.50000000, -0.30000000, 0.00000665
0.80000000, -0.40000000, -0.40000000, 0.00000194
0.80000000, -0.30000000, -0.50000000, -0.00000133
0.80000000, -0.20000000, -0.60000000, -0.00000147
0.80000000, -0.10000000, -0.70000000, -0.00000052
0.85000000, 0.00000000, -0.85000000, 0.00000089
0.74375000, 0.10625000, -0.85000000, 0.00000070
0.63750000, 0.21250000, -0.85000000, 0.00000006
0.53125000, 0.31875000, -0.85000000, -0.00000149
0.42500000, 0.42500000, -0.85000000, -0.00000195
0.31875000, 0.53125000, -0.85000000, -0.00000215
0.21250000, 0.63750000, -0.85000000, -0.00000015
0.10625000, 0.74375000, -0.85000000, 0.00000066
0.00000000, 0.85000000, -0.85000000, -0.00000457
-0.10625000, 0.85000000, -0.74375000, -0.00001578
-0.21250000, 0.85000000, -0.63750000, 0.00004857
-0.31875000, 0.85000000, -0.53125000, 0.00018595
-0.42500000, 0.85000000, -0.42500000, 0.00024514
-0.53125000, 0.85000000, -0.31875000, 0.00014819
-0.63750000, 0.85000000, -0.21250000, 0.00002297
-0.74375000, 0.85000000, -0.10625000, -0.00001951
-0.85000000, 0.85000000, 0.00000000, -0.00000346
-0.85000000, 0.74375000, 0.10625000, -0.00000065
-0.85000000, 0.63750000, 0.21250000, 0.00000100
-0.85000000, 0.53125000, 0.31875000, 0.00000096
-0.85000000, 0.42500000, 0.42500000, -0.00000025
-0.85000000, 0.31875000, 0.53125000, -0.00000118
-0.85000000, 0.21250000, 0.63750000, -0.00000086
-0.85000000, 0.10625000, 0.74375000, -0.00000002
-0.85000000, 0.00000000, 0.85000000, 0.00000089
-0.74375000, -0.10625000, 0.85000000, 0.00000070
-0.63750000, -0.21250000, 0.85000000, 0.00000006
-0.53125000, -0.31875000, 0.85000000, -0.00000149
-0.42500000, -0.42500000, 0.85000000, -0.00000195
-0.31875000, -0.53125000, 0.85000000, -0.00000215
-0.21250000, -0.63750000, 0.85000000, -0.00000015
-0.10625000, -0.74375000, 0.85000000, 0.00000066
0.00000000, -0.85000000, 0.85000000, -0.00000457
0.10625000, -0.85000000, 0.74375000, -0.00001578
0.21250000, -0.85000000, 0.63750000, 0.00004857
0.31875000, -0.85000000, 0.53125000, 0.00018595
0.42500000, -0.85000000, 0.42500000, 0.00024514
0.53125000, -0.85000000, 0.31875000, 0.00014819
0.63750000, -0.85000000, 0.21250000, 0.00002297
0.74375000, -0.85000000, 0.10625000, -0.00001951
0.85000000, -0.85000000, 0.00000000, -0.00000346
0.85000000, -0.74375000, -0.10625000, -0.00000065
0.85000000, -0.63750000, -0.21250000, 0.00000100
0.85000000, -0.53125000, -0.31875000, 0.00000096
0.85000000, -0.42500000, -0.42500000, -0.00000025
0.85000000, -0.31875000, -0.53125000, -0.00000118
0.85000000, -0.21250000, -0.63750000, -0.00000086
0.85000000, -0.10625000, -0.74375000, -0.00000002
0.90000000, 0.00000000, -0.90000000, 0.00000045
0.78750000, 0.11250000, -0.90000000, 0.00000067
0.67500000, 0.22500000, -0.90000000, 0.00000002
0.56250000, 0.33750000, -0.90000000, -0.00000101
0.45000000, 0.45000000, -0.90000000, -0.00000059
0.33750000, 0.56250000, -0.90000000, 0.00000038
0.22500000, 0.67500000, -0.90000000, 0.00000218
0.11250000, 0.78750000, -0.90000000, 0.00000247
0.00000000, 0.90000000, -0.90000000, -0.00000118
-0.11250000, 0.90000000, -0.78750000, -0.00000644
-0.22500000, 0.90000000, -0.67500000, 0.00000764
-0.33750000, 0.90000000, -0.56250000, 0.00005004
-0.45000000, 0.90000000, -0.45000000, 0.00007127
-0.56250000, 0.90000000, -0.33750000, 0.00003915
-0.67500000, 0.90000000, -0.22500000, 0.00000204
-0.78750000, 0.90000000, -0.11250000, -0.00000637
-0.90000000, 0.90000000, 0.00000000, -0.00000069
-0.90000000, 0.78750000, 0.11250000, -0.00000064
-0.90000000, 0.67500000, 0.22500000, 0.00000009
-0.90000000, 0.56250000, 0.33750000, 0.00000016
-0.90000000, 0.45000000, 0.45000000, -0.00000002
-0.90000000, 0.33750000, 0.56250000, -0.00000035
-0.90000000, 0.22500000, 0.67500000, -0.00000028
-0.90000000, 0.11250000, 0.78750000, -0.00000004
-0.90000000, 0.00000000, 0.90000000, 0.00000045
-0.78750000, -0.11250000, 0.90000000, 0.00000067
-0.67500000, -0.22500000, 0.90000000, 0.00000002
-0.56250000, -0.33750000, 0.90000000, -0.00000101
-0.45000000, -0.45000000, 0.90000000, -0.00000059
-0.33750000, -0.56250000, 0.90000000, 0.00000038
-0.22500000, -0.67500000, 0.90000000, 0.00000218
-0.11250000, -0.78750000, 0.90000000, 0.00000247
0.00000000, -0.90000000, 0.90000000, -0.00000118
0.11250000, -0.90000000, 0.78750000, -0.00000644
0.22500000, -0.90000000, 0.67500000, 0.00000764
0.33750000, -0.90000000, 0.56250000, 0.00005004
0.45000000, -0.90000000, 0.45000000, 0.00007127
0.56250000, -0.90000000, 0.33750000, 0.00003915
0.67500000, -0.90000000, 0.22500000, 0.00000204
0.78750000, -0.90000000, 0.11250000, -0.00000637
0.90000000, -0.90000000, 0.00000000, -0.00000069
0.90000000, -0.78750000, -0.11250000, -0.00000064
0.90000000, -0.67500000, -0.22500000, 0.00000009
0.90000000, -0.56250000, -0.33750000, 0.00000016
0.90000000, -0.45000000, -0.45000000, -0.00000002
0.90000000, -0.33750000, -0.56250000, -0.00000035
0.90000000, -0.22500000, -0.67500000, -0.00000028
0.90000000, -0.11250000, -0.78750000, -0.00000004
0.95000000, 0.00000000, -0.95000000, -0.00000071
0.83125000, 0.11875000, -0.95000000, -0.00000069
0.71250000, 0.23750000, -0.95000000, 0.00000011
0.59375000, 0.35625000, -0.95000000, 0.00000120
0.47500000, 0.47500000, -0.95000000, 0.00000038
0.35625000, 0.59375000, -0.95000000, -0.00000077
0.23750000, 0.71250000, -0.95000000, -0.00000252
0.11875000, 0.83125000, -0.95000000, -0.00000254
0.00000000, 0.95000000, -0.95000000, 0.00000126
-0.11875000, 0.95000000, -0.83125000, -0.00000017
-0.23750000, 0.95000000, -0.71250000, 0.00000085
-0.35625000, 0.95000000, -0.59375000, 0.00000673
-0.47500000, 0.95000000, -0.47500000, 0.00001023
-0.59375000, 0.95000000, -0.35625000, 0.00000534
-0.71250000, 0.95000000, -0.23750000, 0.00000021
-0.83125000, 0.95000000, -0.11875000, -0.00000055
-0.95000000, 0.95000000, 0.00000000, 0.00000042
-0.95000000, 0.83125000, 0.11875000, 0.00000090
-0.95000000, 0.71250000, 0.23750000, 0.00000042
-0.95000000, 0.59375000, 0.35625000, 0.00000038
-0.95000000, 0.47500000, 0.47500000, 0.00000023
-0.95000000, 0.35625000, 0.59375000, 0.00000024
-0.95000000, 0.23750000, 0.71250000, 0.00000016
-0.95000000, 0.11875000, 0.83125000, -0.00000012
-0.95000000, 0.00000000, 0.95000000, -0.00000071
-0.83125000, -0.11875000, 0.95000000, -0.00000069
-0.71250000, -0.23750000, 0.95000000, 0.00000011
-0.59375000, -0.35625000, 0.95000000, 0.00000120
-0.47500000, -0.47500000, 0.95000000, 0.00000038
-0.35625000, -0.59375000, 0.95000000, -0.00000077
-0.23750000, -0.71250000, 0.95000000, -0.00000252
-0.11875000, -0.83125000, 0.95000000, -0.00000254
0.00000000, -0.95000000, 0.95000000, 0.00000126
0.11875000, -0.95000000, 0.83125000, -0.00000017
0.23750000, -0.95000000, 0.71250000, 0.00000085
0.35625000, -0.95000000, 0.59375000, 0.00000673
0.47500000, -0.95000000, 0.47500000, 0.00001023
0.59375000, -0.95000000, 0.35625000, 0.00000534
0.71250000, -0.95000000, 0.23750000, 0.00000021
0.83125000, -0.95000000, 0.11875000, -0.00000055
0.95000000, -0.95000000, 0.00000000, 0.00000042
0.95000000, -0.83125000, -0.11875000, 0.00000090
0.95000000, -0.71250000, -0.23750000, 0.00000042
0.95000000, -0.59375000, -0.35625000, 0.00000038
0.95000000, -0.47500000, -0.47500000, 0.00000023
0.95000000, -0.35625000, -0.59375000, 0.00000024
0.95000000, -0.23750000, -0.71250000, 0.00000016
0.95000000, -0.11875000, -0.83125000, -0.00000012
1.00000000, 0.00000000, -1.00000000, 0.00000000
0.87500000, 0.12500000, -1.00000000, 0.00000000
0.75000000, 0.25000000, -1.00000000, 0.00000000
0.62500000, 0.37500000, -1.00000000, 0.00000000
0.50000000, 0.50000000, -1.00000000, 0.00000000
0.37500000, 0.62500000, -1.00000000, 0.00000000
0.25000000, 0.75000000, -1.00000000, 0.00000000
0.12500000, 0.87500000, -1.00000000, 0.00000000
0.00000000, 1.00000000, -1.00000000, 0.00000000
-0.12500000, 1.00000000, -0.87500000, 0.00000000
-0.25000000, 1.00000000, -0.75000000, 0.00000000
-0.37500000, 1.00000000, -0.62500000, 0.00000000
-0.50000000, 1.00000000, -0.50000000, 0.00000000
-0.62500000, 1.00000000, -0.37500000, 0.00000000
-0.75000000, 1.00000000, -0.25000000, 0.00000000
-0.87500000, 1.00000000, -0.12500000, 0.00000000
-1.00000000, 1.00000000, 0.00000000, 0.00000000
-1.00000000, 0.87500000, 0.12500000, 0.00000000
-1.00000000, 0.75000000, 0.25000000, 0.00000000
-1.00000000, 0.62500000, 0.37500000, 0.00000000
-1.00000000, 0.50000000, 0.50000000, 0.00000000
-1.00000000, 0.37500000, 0.62500000, 0.00000000
-1.00000000, 0.25000000, 0.75000000, 0.00000000
-1.00000000, 0.12500000, 0.87500000, 0.00000000
-1.00000000, 0.00000000, 1.00000000, 0.00000000
-0.87500000, -0.12500000, 1.00000000, 0.00000000
-0.75000000, -0.25000000, 1.00000000, 0.00000000
-0.62500000, -0.37500000, 1.00000000, 0.00000000
-0.50000000, -0.50000000, 1.00000000, 0.00000000
-0.37500000, -0.62500000, 1.00000000, 0.00000000
-0.25000000, -0.75000000, 1.00000000, 0.00000000
-0.12500000, -0.87500000, 1.00000000, 0.00000000
0.00000000, -1.00000000, 1.00000000, 0.00000000
0.12500000, -1.00000000, 0.87500000, 0.00000000
0.25000000, -1.00000000, 0.75000000, 0.00000000
0.37500000, -1.00000000, 0.62500000, 0.00000000
0.50000000, -1.00000000, 0.50000000, 0.00000000
0.62500000, -1.00000000, 0.37500000, 0.00000000
0.75000000, -1.00000000, 0.25000000, 0.00000000
0.87500000, -1.00000000, 0.12500000, 0.00000000
1.00000000, -1.00000000, 0.00000000, 0.00000000
1.00000000, -0.87500000, -0.12500000, 0.00000000
1.00000000, -0.75000000, -0.25000000, 0.00000000
1.00000000, -0.62500000, -0.37500000, 0.00000000
1.00000000, -0.50000000, -0.50000000, 0.00000000
1.00000000, -0.37500000, -0.62500000, 0.00000000
1.00000000, -0.25000000, -0.75000000, 0.00000000
1.00000000, -0.12500000, -0.87500000, 0.00000000
