0.01000000, 0.00000000, -0.01000000, 0.04304923
0.00000000, 0.01000000, -0.01000000, 0.05857777
-0.00125000, 0.01000000, -0.00875000, 0.23338647
-0.00250000, 0.01000000, -0.00750000, 0.35785797
-0.00375000, 0.01000000, -0.00625000, 0.43236479
-0.00500000, 0.01000000, -0.00500000, 0.45495602
-0.00625000, 0.01000000, -0.00375000, 0.42789420
-0.00750000, 0.01000000, -0.00250000, 0.34739006
-0.00875000, 0.01000000, -0.00125000, 0.21805088
-0.01000000, 0.01000000, 0.00000000, 0.03577499
-0.01000000, 0.00875000, 0.00125000, 0.03651267
-0.01000000, 0.00750000, 0.00250000, 0.03660033
-0.01000000, 0.00625000, 0.00375000, 0.03797023
-0.01000000, 0.00500000, 0.00500000, 0.03807195
-0.01000000, 0.00375000, 0.00625000, 0.03997827
-0.01000000, 0.00250000, 0.00750000, 0.03972424
-0.01000000, 0.00125000, 0.00875000, 0.04174829
-0.01000000, 0.00000000, 0.01000000, 0.04304923
0.00000000, -0.01000000, 0.01000000, 0.05857777
0.00125000, -0.01000000, 0.00875000, 0.23338647
0.00250000, -0.01000000, 0.00750000, 0.35785797
0.00375000, -0.01000000, 0.00625000, 0.43236479
0.00500000, -0.01000000, 0.00500000, 0.45495602
0.00625000, -0.01000000, 0.00375000, 0.42789420
0.00750000, -0.01000000, 0.00250000, 0.34739006
0.00875000, -0.01000000, 0.00125000, 0.21805088
0.01000000, -0.01000000, 0.00000000, 0.03577499
0.01000000, -0.00875000, -0.00125000, 0.03651267
0.01000000, -0.00750000, -0.00250000, 0.03660033
0.01000000, -0.00625000, -0.00375000, 0.03797023
0.01000000, -0.00500000, -0.00500000, 0.03807195
0.01000000, -0.00375000, -0.00625000, 0.03997827
0.01000000, -0.00250000, -0.00750000, 0.03972424
0.01000000, -0.00125000, -0.00875000, 0.04174829
0.02000000, 0.00000000, -0.02000000, 0.04050253
0.01750000, 0.00250000, -0.02000000, 0.04325833
0.01500000, 0.00500000, -0.02000000, 0.04705421
0.01250000, 0.00750000, -0.02000000, 0.05032553
0.01000000, 0.01000000, -0.02000000, 0.05446535
0.00750000, 0.01250000, -0.02000000, 0.05731571
0.00500000, 0.01500000, -0.02000000, 0.05965588
0.00250000, 0.01750000, -0.02000000, 0.06054520
0.00000000, 0.02000000, -0.02000000, 0.05790343
-0.00250000, 0.02000000, -0.01750000, 0.14259444
-0.00500000, 0.02000000, -0.01500000, 0.20310099
-0.00750000, 0.02000000, -0.01250000, 0.23919423
-0.01000000, 0.02000000, -0.01000000, 0.24875456
-0.01250000, 0.02000000, -0.00750000, 0.23363563
-0.01500000, 0.02000000, -0.00500000, 0.19264244
-0.01750000, 0.02000000, -0.00250000, 0.12593581
-0.02000000, 0.02000000, 0.00000000, 0.03343058
-0.02000000, 0.01750000, 0.00250000, 0.03413575
-0.02000000, 0.01500000, 0.00500000, 0.03438363
-0.02000000, 0.01250000, 0.00750000, 0.03560429
-0.02000000, 0.01000000, 0.01000000, 0.03582691
-0.02000000, 0.00750000, 0.01250000, 0.03699601
-0.02000000, 0.00500000, 0.01500000, 0.03807085
-0.02000000, 0.00250000, 0.01750000, 0.03917690
-0.02000000, 0.00000000, 0.02000000, 0.04050253
-0.01750000, -0.00250000, 0.02000000, 0.04325833
-0.01500000, -0.00500000, 0.02000000, 0.04705421
-0.01250000, -0.00750000, 0.02000000, 0.05032553
-0.01000000, -0.01000000, 0.02000000, 0.05446535
-0.00750000, -0.01250000, 0.02000000, 0.05731571
-0.00500000, -0.01500000, 0.02000000, 0.05965588
-0.00250000, -0.01750000, 0.02000000, 0.06054520
0.00000000, -0.02000000, 0.02000000, 0.05790343
0.00250000, -0.02000000, 0.01750000, 0.14259444
0.00500000, -0.02000000, 0.01500000, 0.20310099
0.00750000, -0.02000000, 0.01250000, 0.23919423
0.01000000, -0.02000000, 0.01000000, 0.24875456
0.01250000, -0.02000000, 0.00750000, 0.23363563
0.01500000, -0.02000000, 0.00500000, 0.19264244
0.01750000, -0.02000000, 0.00250000, 0.12593581
0.02000000, -0.02000000, 0.00000000, 0.03343058
0.02000000, -0.01750000, -0.00250000, 0.03413575
0.02000000, -0.01500000, -0.00500000, 0.03438363
0.02000000, -0.01250000, -0.00750000, 0.03560429
0.02000000, -0.01000000, -0.01000000, 0.03582691
0.02000000, -0.00750000, -0.01250000, 0.03699601
0.02000000, -0.00500000, -0.01500000, 0.03807085
0.02000000, -0.00250000, -0.01750000, 0.03917690
0.03000000, 0.00000000, -0.03000000, 0.03887655
0.02625000, 0.00375000, -0.03000000, 0.04175981
0.02250000, 0.00750000, -0.03000000, 0.04571911
0.01875000, 0.01125000, -0.03000000, 0.04947695
0.01500000, 0.01500000, -0.03000000, 0.05348110
0.01125000, 0.01875000, -0.03000000, 0.05716081
0.00750000, 0.02250000, -0.03000000, 0.06005801
0.00375000, 0.02625000, -0.03000000, 0.06146763
0.00000000, 0.03000000, -0.03000000, 0.05895922
-0.00375000, 0.03000000, -0.02625000, 0.11323094
-0.00750000, 0.03000000, -0.02250000, 0.15214954
-0.01125000, 0.03000000, -0.01875000, 0.17512247
-0.01500000, 0.03000000, -0.01500000, 0.18093947
-0.01875000, 0.03000000, -0.01125000, 0.16974653
-0.02250000, 0.03000000, -0.00750000, 0.14152285
-0.02625000, 0.03000000, -0.00375000, 0.09618720
-0.03000000, 0.03000000, 0.00000000, 0.03373206
-0.03000000, 0.02625000, 0.00375000, 0.03411716
-0.03000000, 0.02250000, 0.00750000, 0.03411634
-0.03000000, 0.01875000, 0.01125000, 0.03477512
-0.03000000, 0.01500000, 0.01500000, 0.03531236
-0.03000000, 0.01125000, 0.01875000, 0.03587900
-0.03000000, 0.00750000, 0.02250000, 0.03669306
-0.03000000, 0.00375000, 0.02625000, 0.03765276
-0.03000000, 0.00000000, 0.03000000, 0.03887655
-0.02625000, -0.00375000, 0.03000000, 0.04175981
-0.02250000, -0.00750000, 0.03000000, 0.04571911
-0.01875000, -0.01125000, 0.03000000, 0.04947695
-0.01500000, -0.01500000, 0.03000000, 0.05348110
-0.01125000, -0.01875000, 0.03000000, 0.05716081
-0.00750000, -0.02250000, 0.03000000, 0.06005801
-0.00375000, -0.02625000, 0.03000000, 0.06146763
0.00000000, -0.03000000, 0.03000000, 0.05895922
0.00375000, -0.03000000, 0.02625000, 0.11323094
0.00750000, -0.03000000, 0.02250000, 0.15214954
0.01125000, -0.03000000, 0.01875000, 0.17512247
0.01500000, -0.03000000, 0.01500000, 0.18093947
0.01875000, -0.03000000, 0.01125000, 0.16974653
0.02250000, -0.03000000, 0.00750000, 0.14152285
0.02625000, -0.03000000, 0.00375000, 0.09618720
0.03000000, -0.03000000, 0.00000000, 0.03373206
0.03000000, -0.02625000, -0.00375000, 0.03411716
0.03000000, -0.02250000, -0.00750000, 0.03411634
0.03000000, -0.01875000, -0.01125000, 0.03477512
0.03000000, -0.01500000, -0.01500000, 0.03531236
0.03000000, -0.01125000, -0.01875000, 0.03587900
0.03000000, -0.00750000, -0.02250000, 0.03669306
0.03000000, -0.00375000, -0.02625000, 0.03765276
0.04000000, 0.00000000, -0.04000000, 0.03758724
0.03500000, 0.00500000, -0.04000000, 0.04052842
0.03000000, 0.01000000, -0.04000000, 0.04446852
0.02500000, 0.01500000, -0.04000000, 0.04874814
0.02000000, 0.02000000, -0.04000000, 0.05314668
0.01500000, 0.02500000, -0.04000000, 0.05723653
0.01000000, 0.03000000, -0.04000000, 0.06063587
0.00500000, 0.03500000, -0.04000000, 0.06251038
0.00000000, 0.04000000, -0.04000000, 0.06026199
-0.00500000, 0.04000000, -0.03500000, 0.09921343
-0.01000000, 0.04000000, -0.03000000, 0.12759416
-0.01500000, 0.04000000, -0.02500000, 0.14386435
-0.02000000, 0.04000000, -0.02000000, 0.14757146
-0.02500000, 0.04000000, -0.01500000, 0.13857479
-0.03000000, 0.04000000, -0.01000000, 0.11680057
-0.03500000, 0.04000000, -0.00500000, 0.08221910
-0.04000000, 0.04000000, 0.00000000, 0.03482471
-0.04000000, 0.03500000, 0.00500000, 0.03476056
-0.04000000, 0.03000000, 0.01000000, 0.03466645
-0.04000000, 0.02500000, 0.01500000, 0.03468886
-0.04000000, 0.02000000, 0.02000000, 0.03488557
-0.04000000, 0.01500000, 0.02500000, 0.03521819
-0.04000000, 0.01000000, 0.03000000, 0.03574041
-0.04000000, 0.00500000, 0.03500000, 0.03651918
-0.04000000, 0.00000000, 0.04000000, 0.03758724
-0.03500000, -0.00500000, 0.04000000, 0.04052842
-0.03000000, -0.01000000, 0.04000000, 0.04446852
-0.02500000, -0.01500000, 0.04000000, 0.04874814
-0.02000000, -0.02000000, 0.04000000, 0.05314668
-0.01500000, -0.02500000, 0.04000000, 0.05723653
-0.01000000, -0.03000000, 0.04000000, 0.06063587
-0.00500000, -0.03500000, 0.04000000, 0.06251038
0.00000000, -0.04000000, 0.04000000, 0.06026199
0.00500000, -0.04000000, 0.03500000, 0.09921343
0.01000000, -0.04000000, 0.03000000, 0.12759416
0.01500000, -0.04000000, 0.02500000, 0.14386435
0.02000000, -0.04000000, 0.02000000, 0.14757146
0.02500000, -0.04000000, 0.01500000, 0.13857479
0.03000000, -0.04000000, 0.01000000, 0.11680057
0.03500000, -0.04000000, 0.00500000, 0.08221910
0.04000000, -0.04000000, 0.00000000, 0.03482471
0.04000000, -0.03500000, -0.00500000, 0.03476056
0.04000000, -0.03000000, -0.01000000, 0.03466645
0.04000000, -0.02500000, -0.01500000, 0.03468886
0.04000000, -0.02000000, -0.02000000, 0.03488557
0.04000000, -0.01500000, -0.02500000, 0.03521819
0.04000000, -0.01000000, -0.03000000, 0.03574041
0.04000000, -0.00500000, -0.03500000, 0.03651918
0.05000000, 0.00000000, -0.05000000, 0.03646058
0.04375000, 0.00625000, -0.05000000, 0.03946433
0.03750000, 0.01250000, -0.05000000, 0.04356893
0.03125000, 0.01875000, -0.05000000, 0.04814096
0.02500000, 0.02500000, -0.05000000, 0.05290560
0.01875000, 0.03125000, -0.05000000, 0.05747023
0.01250000, 0.03750000, -0.05000000, 0.06132488
0.00625000, 0.04375000, -0.05000000, 0.06364188
0.00000000, 0.05000000, -0.05000000, 0.06158935
-0.00625000, 0.05000000, -0.04375000, 0.09129269
-0.01250000, 0.05000000, -0.03750000, 0.11321415
-0.01875000, 0.05000000, -0.03125000, 0.12565078
-0.02500000, 0.05000000, -0.02500000, 0.12811853
-0.03125000, 0.05000000, -0.01875000, 0.12044966
-0.03750000, 0.05000000, -0.01250000, 0.10262555
-0.04375000, 0.05000000, -0.00625000, 0.07456785
-0.05000000, 0.05000000, 0.00000000, 0.03628649
-0.05000000, 0.04375000, 0.00625000, 0.03572816
-0.05000000, 0.03750000, 0.01250000, 0.03522754
-0.05000000, 0.03125000, 0.01875000, 0.03486163
-0.05000000, 0.02500000, 0.02500000, 0.03470051
-0.05000000, 0.01875000, 0.03125000, 0.03466893
-0.05000000, 0.01250000, 0.03750000, 0.03492299
-0.05000000, 0.00625000, 0.04375000, 0.03549934
-0.05000000, 0.00000000, 0.05000000, 0.03646058
-0.04375000, -0.00625000, 0.05000000, 0.03946433
-0.03750000, -0.01250000, 0.05000000, 0.04356893
-0.03125000, -0.01875000, 0.05000000, 0.04814096
-0.02500000, -0.02500000, 0.05000000, 0.05290560
-0.01875000, -0.03125000, 0.05000000, 0.05747023
-0.01250000, -0.03750000, 0.05000000, 0.06132488
-0.00625000, -0.04375000, 0.05000000, 0.06364188
0.00000000, -0.05000000, 0.05000000, 0.06158935
0.00625000, -0.05000000, 0.04375000, 0.09129269
0.01250000, -0.05000000, 0.03750000, 0.11321415
0.01875000, -0.05000000, 0.03125000, 0.12565078
0.02500000, -0.05000000, 0.02500000, 0.12811853
0.03125000, -0.05000000, 0.01875000, 0.12044966
0.03750000, -0.05000000, 0.01250000, 0.10262555
0.04375000, -0.05000000, 0.00625000, 0.07456785
0.05000000, -0.05000000, 0.00000000, 0.03628649
0.05000000, -0.04375000, -0.00625000, 0.03572816
0.05000000, -0.03750000, -0.01250000, 0.03522754
0.05000000, -0.03125000, -0.01875000, 0.03486163
0.05000000, -0.02500000, -0.02500000, 0.03470051
0.05000000, -0.01875000, -0.03125000, 0.03466893
0.05000000, -0.01250000, -0.03750000, 0.03492299
0.05000000, -0.00625000, -0.04375000, 0.03549934
0.06000000, 0.00000000, -0.06000000, 0.03547970
0.05250000, 0.00750000, -0.06000000, 0.03855555
0.04500000, 0.01500000, -0.06000000, 0.04282989
0.03750000, 0.02250000, -0.06000000, 0.04768790
0.03000000, 0.03000000, -0.06000000, 0.05278576
0.02250000, 0.03750000, -0.06000000, 0.05768231
0.01500000, 0.04500000, -0.06000000, 0.06192284
0.00750000, 0.05250000, -0.06000000, 0.06462821
0.00000000, 0.06000000, -0.06000000, 0.06286800
-0.00750000, 0.06000000, -0.05250000, 0.08629134
-0.01500000, 0.06000000, -0.04500000, 0.10395667
-0.02250000, 0.06000000, -0.03750000, 0.11386687
-0.03000000, 0.06000000, -0.03000000, 0.11555036
-0.03750000, 0.06000000, -0.02250000, 0.10889422
-0.04500000, 0.06000000, -0.01500000, 0.09376574
-0.05250000, 0.06000000, -0.00750000, 0.07013042
-0.06000000, 0.06000000, 0.00000000, 0.03796202
-0.06000000, 0.05250000, 0.00750000, 0.03679293
-0.06000000, 0.04500000, 0.01500000, 0.03583468
-0.06000000, 0.03750000, 0.02250000, 0.03508501
-0.06000000, 0.03000000, 0.03000000, 0.03455904
-0.06000000, 0.02250000, 0.03750000, 0.03428591
-0.06000000, 0.01500000, 0.04500000, 0.03429878
-0.06000000, 0.00750000, 0.05250000, 0.03466696
-0.06000000, 0.00000000, 0.06000000, 0.03547970
-0.05250000, -0.00750000, 0.06000000, 0.03855555
-0.04500000, -0.01500000, 0.06000000, 0.04282989
-0.03750000, -0.02250000, 0.06000000, 0.04768790
-0.03000000, -0.03000000, 0.06000000, 0.05278576
-0.02250000, -0.03750000, 0.06000000, 0.05768231
-0.01500000, -0.04500000, 0.06000000, 0.06192284
-0.00750000, -0.05250000, 0.06000000, 0.06462821
0.00000000, -0.06000000, 0.06000000, 0.06286800
0.00750000, -0.06000000, 0.05250000, 0.08629134
0.01500000, -0.06000000, 0.04500000, 0.10395667
0.02250000, -0.06000000, 0.03750000, 0.11386687
0.03000000, -0.06000000, 0.03000000, 0.11555036
0.03750000, -0.06000000, 0.02250000, 0.10889422
0.04500000, -0.06000000, 0.01500000, 0.09376574
0.05250000, -0.06000000, 0.00750000, 0.07013042
0.06000000, -0.06000000, 0.00000000, 0.03796202
0.06000000, -0.05250000, -0.00750000, 0.03679293
0.06000000, -0.04500000, -0.01500000, 0.03583468
0.06000000, -0.03750000, -0.02250000, 0.03508501
0.06000000, -0.03000000, -0.03000000, 0.03455904
0.06000000, -0.02250000, -0.03750000, 0.03428591
0.06000000, -0.01500000, -0.04500000, 0.03429878
0.06000000, -0.00750000, -0.05250000, 0.03466696
0.07000000, 0.00000000, -0.07000000, 0.03456359
0.06125000, 0.00875000, -0.07000000, 0.03775117
0.05250000, 0.01750000, -0.07000000, 0.04215182
0.04375000, 0.02625000, -0.07000000, 0.04727211
0.03500000, 0.03500000, -0.07000000, 0.05271152
0.02625000, 0.04375000, -0.07000000, 0.05799267
0.01750000, 0.05250000, -0.07000000, 0.06264471
0.00875000, 0.06125000, -0.07000000, 0.06571355
0.00000000, 0.07000000, -0.07000000, 0.06409342
-0.00875000, 0.07000000, -0.06125000, 0.08295242
-0.01750000, 0.07000000, -0.05250000, 0.09765738
-0.02625000, 0.07000000, -0.04375000, 0.10577607
-0.03500000, 0.07000000, -0.03500000, 0.10694282
-0.04375000, 0.07000000, -0.02625000, 0.10100503
-0.05250000, 0.07000000, -0.01750000, 0.08785322
-0.06125000, 0.07000000, -0.00875000, 0.06744318
-0.07000000, 0.07000000, 0.00000000, 0.03972176
-0.07000000, 0.06125000, 0.00875000, 0.03792282
-0.07000000, 0.05250000, 0.01750000, 0.03657250
-0.07000000, 0.04375000, 0.02625000, 0.03541231
-0.07000000, 0.03500000, 0.03500000, 0.03452662
-0.07000000, 0.02625000, 0.04375000, 0.03393602
-0.07000000, 0.01750000, 0.05250000, 0.03368277
-0.07000000, 0.00875000, 0.06125000, 0.03384076
-0.07000000, 0.00000000, 0.07000000, 0.03456359
-0.06125000, -0.00875000, 0.07000000, 0.03775117
-0.05250000, -0.01750000, 0.07000000, 0.04215182
-0.04375000, -0.02625000, 0.07000000, 0.04727211
-0.03500000, -0.03500000, 0.07000000, 0.05271152
-0.02625000, -0.04375000, 0.07000000, 0.05799267
-0.01750000, -0.05250000, 0.07000000, 0.06264471
-0.00875000, -0.06125000, 0.07000000, 0.06571355
0.00000000, -0.07000000, 0.07000000, 0.06409342
0.00875000, -0.07000000, 0.06125000, 0.08295242
0.01750000, -0.07000000, 0.05250000, 0.09765738
0.02625000, -0.07000000, 0.04375000, 0.10577607
0.03500000, -0.07000000, 0.03500000, 0.10694282
0.04375000, -0.07000000, 0.02625000, 0.10100503
0.05250000, -0.07000000, 0.01750000, 0.08785322
0.06125000, -0.07000000, 0.00875000, 0.06744318
0.07000000, -0.07000000, 0.00000000, 0.03972176
0.07000000, -0.06125000, -0.00875000, 0.03792282
0.07000000, -0.05250000, -0.01750000, 0.03657250
0.07000000, -0.04375000, -0.02625000, 0.03541231
0.07000000, -0.03500000, -0.03500000, 0.03452662
0.07000000, -0.02625000, -0.04375000, 0.03393602
0.07000000, -0.01750000, -0.05250000, 0.03368277
0.07000000, -0.00875000, -0.06125000, 0.03384076
0.08000000, 0.00000000, -0.08000000, 0.03373760
0.07000000, 0.01000000, -0.08000000, 0.03701533
0.06000000, 0.02000000, -0.08000000, 0.04155963
0.05000000, 0.03000000, -0.08000000, 0.04692674
0.04000000, 0.04000000, -0.08000000, 0.05268068
0.03000000, 0.05000000, -0.08000000, 0.05834473
0.02000000, 0.06000000, -0.08000000, 0.06337436
0.01000000, 0.07000000, -0.08000000, 0.06677673
0.00000000, 0.08000000, -0.08000000, 0.06524926
-0.01000000, 0.08000000, -0.07000000, 0.08069189
-0.02000000, 0.08000000, -0.06000000, 0.09316093
-0.03000000, 0.08000000, -0.05000000, 0.09996200
-0.04000000, 0.08000000, -0.04000000, 0.10078318
-0.05000000, 0.08000000, -0.03000000, 0.09541456
-0.06000000, 0.08000000, -0.02000000, 0.08379927
-0.07000000, 0.08000000, -0.01000000, 0.06586577
-0.08000000, 0.08000000, 0.00000000, 0.04154210
-0.08000000, 0.07000000, 0.01000000, 0.03914059
-0.08000000, 0.06000000, 0.02000000, 0.03736355
-0.08000000, 0.05000000, 0.03000000, 0.03578667
-0.08000000, 0.04000000, 0.04000000, 0.03455062
-0.08000000, 0.03000000, 0.05000000, 0.03362433
-0.08000000, 0.02000000, 0.06000000, 0.03311486
-0.08000000, 0.01000000, 0.07000000, 0.03308134
-0.08000000, 0.00000000, 0.08000000, 0.03373760
-0.07000000, -0.01000000, 0.08000000, 0.03701533
-0.06000000, -0.02000000, 0.08000000, 0.04155963
-0.05000000, -0.03000000, 0.08000000, 0.04692674
-0.04000000, -0.04000000, 0.08000000, 0.05268068
-0.03000000, -0.05000000, 0.08000000, 0.05834473
-0.02000000, -0.06000000, 0.08000000, 0.06337436
-0.01000000, -0.07000000, 0.08000000, 0.06677673
0.00000000, -0.08000000, 0.08000000, 0.06524926
0.01000000, -0.08000000, 0.07000000, 0.08069189
0.02000000, -0.08000000, 0.06000000, 0.09316093
0.03000000, -0.08000000, 0.05000000, 0.09996200
0.04000000, -0.08000000, 0.04000000, 0.10078318
0.05000000, -0.08000000, 0.03000000, 0.09541456
0.06000000, -0.08000000, 0.02000000, 0.08379927
0.07000000, -0.08000000, 0.01000000, 0.06586577
0.08000000, -0.08000000, 0.00000000, 0.04154210
0.08000000, -0.07000000, -0.01000000, 0.03914059
0.08000000, -0.06000000, -0.02000000, 0.03736355
0.08000000, -0.05000000, -0.03000000, 0.03578667
0.08000000, -0.04000000, -0.04000000, 0.03455062
0.08000000, -0.03000000, -0.05000000, 0.03362433
0.08000000, -0.02000000, -0.06000000, 0.03311486
0.08000000, -0.01000000, -0.07000000, 0.03308134
0.09000000, 0.00000000, -0.09000000, 0.03301287
0.07875000, 0.01125000, -0.09000000, 0.03634335
0.06750000, 0.02250000, -0.09000000, 0.04106073
0.05625000, 0.03375000, -0.09000000, 0.04666958
0.04500000, 0.04500000, -0.09000000, 0.05270422
0.03375000, 0.05625000, -0.09000000, 0.05868755
0.02250000, 0.06750000, -0.09000000, 0.06403176
0.01125000, 0.07875000, -0.09000000, 0.06772616
0.00000000, 0.09000000, -0.09000000, 0.06632219
-0.01125000, 0.09000000, -0.07875000, 0.07913385
-0.02250000, 0.09000000, -0.06750000, 0.08982883
-0.03375000, 0.09000000, -0.05625000, 0.09563562
-0.04500000, 0.09000000, -0.04500000, 0.09622145
-0.05625000, 0.09000000, -0.03375000, 0.09136461
-0.06750000, 0.09000000, -0.02250000, 0.08099645
-0.07875000, 0.09000000, -0.01125000, 0.06504077
-0.09000000, 0.09000000, 0.00000000, 0.04339981
-0.09000000, 0.07875000, 0.01125000, 0.04041667
-0.09000000, 0.06750000, 0.02250000, 0.03815667
-0.09000000, 0.05625000, 0.03375000, 0.03616930
-0.09000000, 0.04500000, 0.04500000, 0.03459000
-0.09000000, 0.03375000, 0.05625000, 0.03337623
-0.09000000, 0.02250000, 0.06750000, 0.03263934
-0.09000000, 0.01125000, 0.07875000, 0.03243905
-0.09000000, 0.00000000, 0.09000000, 0.03301287
-0.07875000, -0.01125000, 0.09000000, 0.03634335
-0.06750000, -0.02250000, 0.09000000, 0.04106073
-0.05625000, -0.03375000, 0.09000000, 0.04666958
-0.04500000, -0.04500000, 0.09000000, 0.05270422
-0.03375000, -0.05625000, 0.09000000, 0.05868755
-0.02250000, -0.06750000, 0.09000000, 0.06403176
-0.01125000, -0.07875000, 0.09000000, 0.06772616
0.00000000, -0.09000000, 0.09000000, 0.06632219
0.01125000, -0.09000000, 0.07875000, 0.07913385
0.02250000, -0.09000000, 0.06750000, 0.08982883
0.03375000, -0.09000000, 0.05625000, 0.09563562
0.04500000, -0.09000000, 0.04500000, 0.09622145
0.05625000, -0.09000000, 0.03375000, 0.09136461
0.06750000, -0.09000000, 0.02250000, 0.08099645
0.07875000, -0.09000000, 0.01125000, 0.06504077
0.09000000, -0.09000000, 0.00000000, 0.04339981
0.09000000, -0.07875000, -0.01125000, 0.04041667
0.09000000, -0.06750000, -0.02250000, 0.03815667
0.09000000, -0.05625000, -0.03375000, 0.03616930
0.09000000, -0.04500000, -0.04500000, 0.03459000
0.09000000, -0.03375000, -0.05625000, 0.03337623
0.09000000, -0.02250000, -0.06750000, 0.03263934
0.09000000, -0.01125000, -0.07875000, 0.03243905
0.10000000, 0.00000000, -0.10000000, 0.03236727
0.08750000, 0.01250000, -0.10000000, 0.03573960
0.07500000, 0.02500000, -0.10000000, 0.04063802
0.06250000, 0.03750000, -0.10000000, 0.04648024
0.05000000, 0.05000000, -0.10000000, 0.05277692
0.03750000, 0.06250000, -0.10000000, 0.05902931
0.02500000, 0.07500000, -0.10000000, 0.06464723
0.01250000, 0.08750000, -0.10000000, 0.06859283
0.00000000, 0.10000000, -0.10000000, 0.06730693
-0.01250000, 0.10000000, -0.08750000, 0.07802040
-0.02500000, 0.10000000, -0.07500000, 0.08729324
-0.03750000, 0.10000000, -0.06250000, 0.09233455
-0.05000000, 0.10000000, -0.05000000, 0.09275957
-0.06250000, 0.10000000, -0.03750000, 0.08836628
-0.07500000, 0.10000000, -0.02500000, 0.07903959
-0.08750000, 0.10000000, -0.01250000, 0.06471172
-0.10000000, 0.10000000, 0.00000000, 0.04525479
-0.10000000, 0.08750000, 0.01250000, 0.04170142
-0.10000000, 0.07500000, 0.02500000, 0.03894391
-0.10000000, 0.06250000, 0.03750000, 0.03655792
-0.10000000, 0.05000000, 0.05000000, 0.03464365
-0.10000000, 0.03750000, 0.06250000, 0.03317885
-0.10000000, 0.02500000, 0.07500000, 0.03223371
-0.10000000, 0.01250000, 0.08750000, 0.03188344
-0.10000000, 0.00000000, 0.10000000, 0.03236727
-0.08750000, -0.01250000, 0.10000000, 0.03573960
-0.07500000, -0.02500000, 0.10000000, 0.04063802
-0.06250000, -0.03750000, 0.10000000, 0.04648024
-0.05000000, -0.05000000, 0.10000000, 0.05277692
-0.03750000, -0.06250000, 0.10000000, 0.05902931
-0.02500000, -0.07500000, 0.10000000, 0.06464723
-0.01250000, -0.08750000, 0.10000000, 0.06859283
0.00000000, -0.10000000, 0.10000000, 0.06730693
0.01250000, -0.10000000, 0.08750000, 0.07802040
0.02500000, -0.10000000, 0.07500000, 0.08729324
0.03750000, -0.10000000, 0.06250000, 0.09233455
0.05000000, -0.10000000, 0.05000000, 0.09275957
0.06250000, -0.10000000, 0.03750000, 0.08836628
0.07500000, -0.10000000, 0.02500000, 0.07903959
0.08750000, -0.10000000, 0.01250000, 0.06471172
0.10000000, -0.10000000, 0.00000000, 0.04525479
0.10000000, -0.08750000, -0.01250000, 0.04170142
0.10000000, -0.07500000, -0.02500000, 0.03894391
0.10000000, -0.06250000, -0.03750000, 0.03655792
0.10000000, -0.05000000, -0.05000000, 0.03464365
0.10000000, -0.03750000, -0.06250000, 0.03317885
0.10000000, -0.02500000, -0.07500000, 0.03223371
0.10000000, -0.01250000, -0.08750000, 0.03188344
0.15000000, 0.00000000, -0.15000000, 0.02978559
0.13125000, 0.01875000, -0.15000000, 0.03354541
0.11250000, 0.03750000, -0.15000000, 0.03919735
0.09375000, 0.05625000, -0.15000000, 0.04600060
0.07500000, 0.07500000, -0.15000000, 0.05341122
0.05625000, 0.09375000, -0.15000000, 0.06081488
0.03750000, 0.11250000, -0.15000000, 0.06751307
0.01875000, 0.13125000, -0.15000000, 0.07224308
0.00000000, 0.15000000, -0.15000000, 0.07073566
-0.01875000, 0.15000000, -0.13125000, 0.07518100
-0.03750000, 0.15000000, -0.11250000, 0.08052410
-0.05625000, 0.15000000, -0.09375000, 0.08356590
-0.07500000, 0.15000000, -0.07500000, 0.08380523
-0.09375000, 0.15000000, -0.05625000, 0.08101903
-0.11250000, 0.15000000, -0.03750000, 0.07512768
-0.13125000, 0.15000000, -0.01875000, 0.06603009
-0.15000000, 0.15000000, 0.00000000, 0.05355894
-0.15000000, 0.13125000, 0.01875000, 0.04747875
-0.15000000, 0.11250000, 0.03750000, 0.04260428
-0.15000000, 0.09375000, 0.05625000, 0.03847565
-0.15000000, 0.07500000, 0.07500000, 0.03508927
-0.15000000, 0.05625000, 0.09375000, 0.03240705
-0.15000000, 0.03750000, 0.11250000, 0.03052280
-0.15000000, 0.01875000, 0.13125000, 0.02953549
-0.15000000, 0.00000000, 0.15000000, 0.02978559
-0.13125000, -0.01875000, 0.15000000, 0.03354541
-0.11250000, -0.03750000, 0.15000000, 0.03919735
-0.09375000, -0.05625000, 0.15000000, 0.04600060
-0.07500000, -0.07500000, 0.15000000, 0.05341122
-0.05625000, -0.09375000, 0.15000000, 0.06081488
-0.03750000, -0.11250000, 0.15000000, 0.06751307
-0.01875000, -0.13125000, 0.15000000, 0.07224308
0.00000000, -0.15000000, 0.15000000, 0.07073566
0.01875000, -0.15000000, 0.13125000, 0.07518100
0.03750000, -0.15000000, 0.11250000, 0.08052410
0.05625000, -0.15000000, 0.09375000, 0.08356590
0.07500000, -0.15000000, 0.07500000, 0.08380523
0.09375000, -0.15000000, 0.05625000, 0.08101903
0.11250000, -0.15000000, 0.03750000, 0.07512768
0.13125000, -0.15000000, 0.01875000, 0.06603009
0.15000000, -0.15000000, 0.00000000, 0.05355894
0.15000000, -0.13125000, -0.01875000, 0.04747875
0.15000000, -0.11250000, -0.03750000, 0.04260428
0.15000000, -0.09375000, -0.05625000, 0.03847565
0.15000000, -0.07500000, -0.07500000, 0.03508927
0.15000000, -0.05625000, -0.09375000, 0.03240705
0.15000000, -0.03750000, -0.11250000, 0.03052280
0.15000000, -0.01875000, -0.13125000, 0.02953549
0.20000000, 0.00000000, -0.20000000, 0.02748180
0.17500000, 0.02500000, -0.20000000, 0.03168777
0.15000000, 0.05000000, -0.20000000, 0.03797023
0.12500000, 0.07500000, -0.20000000, 0.04543858
0.10000000, 0.10000000, -0.20000000, 0.05348129
0.07500000, 0.12500000, -0.20000000, 0.06143619
0.05000000, 0.15000000, -0.20000000, 0.06852841
0.02500000, 0.17500000, -0.20000000, 0.07334235
0.00000000, 0.20000000, -0.20000000, 0.07102672
-0.02500000, 0.20000000, -0.17500000, 0.07289851
-0.05000000, 0.20000000, -0.15000000, 0.07679998
-0.07500000, 0.20000000, -0.12500000, 0.07929032
-0.10000000, 0.20000000, -0.10000000, 0.07977305
-0.12500000, 0.20000000, -0.07500000, 0.07804941
-0.15000000, 0.20000000, -0.05000000, 0.07400726
-0.17500000, 0.20000000, -0.02500000, 0.06762798
-0.20000000, 0.20000000, 0.00000000, 0.05887347
-0.20000000, 0.17500000, 0.02500000, 0.05123137
-0.20000000, 0.15000000, 0.05000000, 0.04487533
-0.20000000, 0.12500000, 0.07500000, 0.03951565
-0.20000000, 0.10000000, 0.10000000, 0.03507024
-0.20000000, 0.07500000, 0.12500000, 0.03156148
-0.20000000, 0.05000000, 0.15000000, 0.02900763
-0.20000000, 0.02500000, 0.17500000, 0.02753475
-0.20000000, 0.00000000, 0.20000000, 0.02748180
-0.17500000, -0.02500000, 0.20000000, 0.03168777
-0.15000000, -0.05000000, 0.20000000, 0.03797023
-0.12500000, -0.07500000, 0.20000000, 0.04543858
-0.10000000, -0.10000000, 0.20000000, 0.05348129
-0.07500000, -0.12500000, 0.20000000, 0.06143619
-0.05000000, -0.15000000, 0.20000000, 0.06852841
-0.02500000, -0.17500000, 0.20000000, 0.07334235
0.00000000, -0.20000000, 0.20000000, 0.07102672
0.02500000, -0.20000000, 0.17500000, 0.07289851
0.05000000, -0.20000000, 0.15000000, 0.07679998
0.07500000, -0.20000000, 0.12500000, 0.07929032
0.10000000, -0.20000000, 0.10000000, 0.07977305
0.12500000, -0.20000000, 0.07500000, 0.07804941
0.15000000, -0.20000000, 0.05000000, 0.07400726
0.17500000, -0.20000000, 0.02500000, 0.06762798
0.20000000, -0.20000000, 0.00000000, 0.05887347
0.20000000, -0.17500000, -0.02500000, 0.05123137
0.20000000, -0.15000000, -0.05000000, 0.04487533
0.20000000, -0.12500000, -0.07500000, 0.03951565
0.20000000, -0.10000000, -0.10000000, 0.03507024
0.20000000, -0.07500000, -0.12500000, 0.03156148
0.20000000, -0.05000000, -0.15000000, 0.02900763
0.20000000, -0.02500000, -0.17500000, 0.02753475
0.25000000, 0.00000000, -0.25000000, 0.02424297
0.21875000, 0.03125000, -0.25000000, 0.02895782
0.18750000, 0.06250000, -0.25000000, 0.03561563
0.15625000, 0.09375000, -0.25000000, 0.04336276
0.12500000, 0.12500000, -0.25000000, 0.05161370
0.09375000, 0.15625000, -0.25000000, 0.05966224
0.06250000, 0.18750000, -0.25000000, 0.06668855
0.03125000, 0.21875000, -0.25000000, 0.07110540
0.00000000, 0.25000000, -0.25000000, 0.06755921
-0.03125000, 0.25000000, -0.21875000, 0.06875415
-0.06250000, 0.25000000, -0.18750000, 0.07257392
-0.09375000, 0.25000000, -0.15625000, 0.07522456
-0.12500000, 0.25000000, -0.12500000, 0.07606082
-0.15625000, 0.25000000, -0.09375000, 0.07488538
-0.18750000, 0.25000000, -0.06250000, 0.07169250
-0.21875000, 0.25000000, -0.03125000, 0.06655504
-0.25000000, 0.25000000, 0.00000000, 0.05979982
-0.25000000, 0.21875000, 0.03125000, 0.05185647
-0.25000000, 0.18750000, 0.06250000, 0.04494021
-0.25000000, 0.15625000, 0.09375000, 0.03895120
-0.25000000, 0.12500000, 0.12500000, 0.03390186
-0.25000000, 0.09375000, 0.15625000, 0.02981027
-0.25000000, 0.06250000, 0.18750000, 0.02674047
-0.25000000, 0.03125000, 0.21875000, 0.02478221
-0.25000000, 0.00000000, 0.25000000, 0.02424297
-0.21875000, -0.03125000, 0.25000000, 0.02895782
-0.18750000, -0.06250000, 0.25000000, 0.03561563
-0.15625000, -0.09375000, 0.25000000, 0.04336276
-0.12500000, -0.12500000, 0.25000000, 0.05161370
-0.09375000, -0.15625000, 0.25000000, 0.05966224
-0.06250000, -0.18750000, 0.25000000, 0.06668855
-0.03125000, -0.21875000, 0.25000000, 0.07110540
0.00000000, -0.25000000, 0.25000000, 0.06755921
0.03125000, -0.25000000, 0.21875000, 0.06875415
0.06250000, -0.25000000, 0.18750000, 0.07257392
0.09375000, -0.25000000, 0.15625000, 0.07522456
0.12500000, -0.25000000, 0.12500000, 0.07606082
0.15625000, -0.25000000, 0.09375000, 0.07488538
0.18750000, -0.25000000, 0.06250000, 0.07169250
0.21875000, -0.25000000, 0.03125000, 0.06655504
0.25000000, -0.25000000, 0.00000000, 0.05979982
0.25000000, -0.21875000, -0.03125000, 0.05185647
0.25000000, -0.18750000, -0.06250000, 0.04494021
0.25000000, -0.15625000, -0.09375000, 0.03895120
0.25000000, -0.12500000, -0.12500000, 0.03390186
0.25000000, -0.09375000, -0.15625000, 0.02981027
0.25000000, -0.06250000, -0.18750000, 0.02674047
0.25000000, -0.03125000, -0.21875000, 0.02478221
0.30000000, 0.00000000, -0.30000000, 0.01973860
0.26250000, 0.03750000, -0.30000000, 0.02476317
0.22500000, 0.07500000, -0.30000000, 0.03147046
0.18750000, 0.11250000, -0.30000000, 0.03908160
0.15000000, 0.15000000, -0.30000000, 0.04703839
0.11250000, 0.18750000, -0.30000000, 0.05467410
0.07500000, 0.22500000, -0.30000000, 0.06116386
0.03750000, 0.26250000, -0.30000000, 0.06488799
0.00000000, 0.30000000, -0.30000000, 0.06030767
-0.03750000, 0.30000000, -0.26250000, 0.06212761
-0.07500000, 0.30000000, -0.22500000, 0.06664319
-0.11250000, 0.30000000, -0.18750000, 0.06986459
-0.15000000, 0.30000000, -0.15000000, 0.07108837
-0.18750000, 0.30000000, -0.11250000, 0.07012993
-0.22500000, 0.30000000, -0.07500000, 0.06703094
-0.26250000, 0.30000000, -0.03750000, 0.06204956
-0.30000000, 0.30000000, 0.00000000, 0.05608069
-0.30000000, 0.26250000, 0.03750000, 0.04906396
-0.30000000, 0.22500000, 0.07500000, 0.04235358
-0.30000000, 0.18750000, 0.11250000, 0.03632125
-0.30000000, 0.15000000, 0.15000000, 0.03110129
-0.30000000, 0.11250000, 0.18750000, 0.02676025
-0.30000000, 0.07500000, 0.22500000, 0.02335795
-0.30000000, 0.03750000, 0.26250000, 0.02094555
-0.30000000, 0.00000000, 0.30000000, 0.01973860
-0.26250000, -0.03750000, 0.30000000, 0.02476317
-0.22500000, -0.07500000, 0.30000000, 0.03147046
-0.18750000, -0.11250000, 0.30000000, 0.03908160
-0.15000000, -0.15000000, 0.30000000, 0.04703839
-0.11250000, -0.18750000, 0.30000000, 0.05467410
-0.07500000, -0.22500000, 0.30000000, 0.06116386
-0.03750000, -0.26250000, 0.30000000, 0.06488799
0.00000000, -0.30000000, 0.30000000, 0.06030767
0.03750000, -0.30000000, 0.26250000, 0.06212761
0.07500000, -0.30000000, 0.22500000, 0.06664319
0.11250000, -0.30000000, 0.18750000, 0.06986459
0.15000000, -0.30000000, 0.15000000, 0.07108837
0.18750000, -0.30000000, 0.11250000, 0.07012993
0.22500000, -0.30000000, 0.07500000, 0.06703094
0.26250000, -0.30000000, 0.03750000, 0.06204956
0.30000000, -0.30000000, 0.00000000, 0.05608069
0.30000000, -0.26250000, -0.03750000, 0.04906396
0.30000000, -0.22500000, -0.07500000, 0.04235358
0.30000000, -0.18750000, -0.11250000, 0.03632125
0.30000000, -0.15000000, -0.15000000, 0.03110129
0.30000000, -0.11250000, -0.18750000, 0.02676025
0.30000000, -0.07500000, -0.22500000, 0.02335795
0.30000000, -0.03750000, -0.26250000, 0.02094555
0.35000000, 0.00000000, -0.35000000, 0.01442025
0.30625000, 0.04375000, -0.35000000, 0.01935275
0.26250000, 0.08750000, -0.35000000, 0.02568322
0.21875000, 0.13125000, -0.35000000, 0.03269795
0.17500000, 0.17500000, -0.35000000, 0.03989714
0.13125000, 0.21875000, -0.35000000, 0.04667054
0.08750000, 0.26250000, -0.35000000, 0.05227475
0.04375000, 0.30625000, -0.35000000, 0.05515800
0.00000000, 0.35000000, -0.35000000, 0.04999078
-0.04375000, 0.35000000, -0.30625000, 0.05315262
-0.08750000, 0.35000000, -0.26250000, 0.05877377
-0.13125000, 0.35000000, -0.21875000, 0.06280080
-0.17500000, 0.35000000, -0.17500000, 0.06441390
-0.21875000, 0.35000000, -0.13125000, 0.06341925
-0.26250000, 0.35000000, -0.08750000, 0.05989541
-0.30625000, 0.35000000, -0.04375000, 0.05435891
-0.35000000, 0.35000000, 0.00000000, 0.04840093
-0.35000000, 0.30625000, 0.04375000, 0.04315757
-0.35000000, 0.26250000, 0.08750000, 0.03727104
-0.35000000, 0.21875000, 0.13125000, 0.03169701
-0.35000000, 0.17500000, 0.17500000, 0.02671011
-0.35000000, 0.13125000, 0.21875000, 0.02244748
-0.35000000, 0.08750000, 0.26250000, 0.01894224
-0.35000000, 0.04375000, 0.30625000, 0.01622752
-0.35000000, 0.00000000, 0.35000000, 0.01442025
-0.30625000, -0.04375000, 0.35000000, 0.01935275
-0.26250000, -0.08750000, 0.35000000, 0.02568322
-0.21875000, -0.13125000, 0.35000000, 0.03269795
-0.17500000, -0.17500000, 0.35000000, 0.03989714
-0.13125000, -0.21875000, 0.35000000, 0.04667054
-0.08750000, -0.26250000, 0.35000000, 0.05227475
-0.04375000, -0.30625000, 0.35000000, 0.05515800
0.00000000, -0.35000000, 0.35000000, 0.04999078
0.04375000, -0.35000000, 0.30625000, 0.05315262
0.08750000, -0.35000000, 0.26250000, 0.05877377
0.13125000, -0.35000000, 0.21875000, 0.06280080
0.17500000, -0.35000000, 0.17500000, 0.06441390
0.21875000, -0.35000000, 0.13125000, 0.06341925
0.26250000, -0.35000000, 0.08750000, 0.05989541
0.30625000, -0.35000000, 0.04375000, 0.05435891
0.35000000, -0.35000000, 0.00000000, 0.04840093
0.35000000, -0.30625000, -0.04375000, 0.04315757
0.35000000, -0.26250000, -0.08750000, 0.03727104
0.35000000, -0.21875000, -0.13125000, 0.03169701
0.35000000, -0.17500000, -0.17500000, 0.02671011
0.35000000, -0.13125000, -0.21875000, 0.02244748
0.35000000, -0.08750000, -0.26250000, 0.01894224
0.35000000, -0.04375000, -0.30625000, 0.01622752
0.40000000, 0.00000000, -0.40000000, 0.00923622
0.35000000, 0.05000000, -0.40000000, 0.01359918
0.30000000, 0.10000000, -0.40000000, 0.01907839
0.25000000, 0.15000000, -0.40000000, 0.02505334
0.20000000, 0.20000000, -0.40000000, 0.03111731
0.15000000, 0.25000000, -0.40000000, 0.03672861
0.10000000, 0.30000000, -0.40000000, 0.04125101
0.05000000, 0.35000000, -0.40000000, 0.04328205
0.00000000, 0.40000000, -0.40000000, 0.03803655
-0.05000000, 0.40000000, -0.35000000, 0.04259200
-0.10000000, 0.40000000, -0.30000000, 0.04935025
-0.15000000, 0.40000000, -0.25000000, 0.05422580
-0.20000000, 0.40000000, -0.20000000, 0.05620268
-0.25000000, 0.40000000, -0.15000000, 0.05499519
-0.30000000, 0.40000000, -0.10000000, 0.05080185
-0.35000000, 0.40000000, -0.05000000, 0.04443372
-0.40000000, 0.40000000, 0.00000000, 0.03819998
-0.40000000, 0.35000000, 0.05000000, 0.03503239
-0.40000000, 0.30000000, 0.10000000, 0.03038295
-0.40000000, 0.25000000, 0.15000000, 0.02564438
-0.40000000, 0.20000000, 0.20000000, 0.02124024
-0.40000000, 0.15000000, 0.25000000, 0.01733342
-0.40000000, 0.10000000, 0.30000000, 0.01400519
-0.40000000, 0.05000000, 0.35000000, 0.01127645
-0.40000000, 0.00000000, 0.40000000, 0.00923622
-0.35000000, -0.05000000, 0.40000000, 0.01359918
-0.30000000, -0.10000000, 0.40000000, 0.01907839
-0.25000000, -0.15000000, 0.40000000, 0.02505334
-0.20000000, -0.20000000, 0.40000000, 0.03111731
-0.15000000, -0.25000000, 0.40000000, 0.03672861
-0.10000000, -0.30000000, 0.40000000, 0.04125101
-0.05000000, -0.35000000, 0.40000000, 0.04328205
0.00000000, -0.40000000, 0.40000000, 0.03803655
0.05000000, -0.40000000, 0.35000000, 0.04259200
0.10000000, -0.40000000, 0.30000000, 0.04935025
0.15000000, -0.40000000, 0.25000000, 0.05422580
0.20000000, -0.40000000, 0.20000000, 0.05620268
0.25000000, -0.40000000, 0.15000000, 0.05499519
0.30000000, -0.40000000, 0.10000000, 0.05080185
0.35000000, -0.40000000, 0.05000000, 0.04443372
0.40000000, -0.40000000, 0.00000000, 0.03819998
0.40000000, -0.35000000, -0.05000000, 0.03503239
0.40000000, -0.30000000, -0.10000000, 0.03038295
0.40000000, -0.25000000, -0.15000000, 0.02564438
0.40000000, -0.20000000, -0.20000000, 0.02124024
0.40000000, -0.15000000, -0.25000000, 0.01733342
0.40000000, -0.10000000, -0.30000000, 0.01400519
0.40000000, -0.05000000, -0.35000000, 0.01127645
0.45000000, 0.00000000, -0.45000000, 0.00508510
0.39375000, 0.05625000, -0.45000000, 0.00847808
0.33750000, 0.11250000, -0.45000000, 0.01275170
0.28125000, 0.16875000, -0.45000000, 0.01738952
0.22500000, 0.22500000, -0.45000000, 0.02206664
0.16875000, 0.28125000, -0.45000000, 0.02634331
0.11250000, 0.33750000, -0.45000000, 0.02969616
0.05625000, 0.39375000, -0.45000000, 0.03097170
0.00000000, 0.45000000, -0.45000000, 0.02622685
-0.05625000, 0.45000000, -0.39375000, 0.03164797
-0.11250000, 0.45000000, -0.33750000, 0.03914472
-0.16875000, 0.45000000, -0.28125000, 0.04468701
-0.22500000, 0.45000000, -0.22500000, 0.04695702
-0.28125000, 0.45000000, -0.16875000, 0.04551189
-0.33750000, 0.45000000, -0.11250000, 0.04069076
-0.39375000, 0.45000000, -0.05625000, 0.03366153
-0.45000000, 0.45000000, 0.00000000, 0.02733131
-0.45000000, 0.39375000, 0.05625000, 0.02601968
-0.45000000, 0.33750000, 0.11250000, 0.02272036
-0.45000000, 0.28125000, 0.16875000, 0.01903231
-0.45000000, 0.22500000, 0.22500000, 0.01545922
-0.45000000, 0.16875000, 0.28125000, 0.01218118
-0.45000000, 0.11250000, 0.33750000, 0.00933002
-0.45000000, 0.05625000, 0.39375000, 0.00693132
-0.45000000, 0.00000000, 0.45000000, 0.00508510
-0.39375000, -0.05625000, 0.45000000, 0.00847808
-0.33750000, -0.11250000, 0.45000000, 0.01275170
-0.28125000, -0.16875000, 0.45000000, 0.01738952
-0.22500000, -0.22500000, 0.45000000, 0.02206664
-0.16875000, -0.28125000, 0.45000000, 0.02634331
-0.11250000, -0.33750000, 0.45000000, 0.02969616
-0.05625000, -0.39375000, 0.45000000, 0.03097170
0.00000000, -0.45000000, 0.45000000, 0.02622685
0.05625000, -0.45000000, 0.39375000, 0.03164797
0.11250000, -0.45000000, 0.33750000, 0.03914472
0.16875000, -0.45000000, 0.28125000, 0.04468701
0.22500000, -0.45000000, 0.22500000, 0.04695702
0.28125000, -0.45000000, 0.16875000, 0.04551189
0.33750000, -0.45000000, 0.11250000, 0.04069076
0.39375000, -0.45000000, 0.05625000, 0.03366153
0.45000000, -0.45000000, 0.00000000, 0.02733131
0.45000000, -0.39375000, -0.05625000, 0.02601968
0.45000000, -0.33750000, -0.11250000, 0.02272036
0.45000000, -0.28125000, -0.16875000, 0.01903231
0.45000000, -0.22500000, -0.22500000, 0.01545922
0.45000000, -0.16875000, -0.28125000, 0.01218118
0.45000000, -0.11250000, -0.33750000, 0.00933002
0.45000000, -0.05625000, -0.39375000, 0.00693132
0.50000000, 0.00000000, -0.50000000, 0.00235169
0.43750000, 0.06250000, -0.50000000, 0.00462122
0.37500000, 0.12500000, -0.50000000, 0.00757637
0.31250000, 0.18750000, -0.50000000, 0.01080613
0.25000000, 0.25000000, -0.50000000, 0.01405069
0.18750000, 0.31250000, -0.50000000, 0.01698953
0.12500000, 0.37500000, -0.50000000, 0.01922714
0.06250000, 0.43750000, -0.50000000, 0.01991710
0.00000000, 0.50000000, -0.50000000, 0.01613578
-0.06250000, 0.50000000, -0.43750000, 0.02156287
-0.12500000, 0.50000000, -0.37500000, 0.02909672
-0.18750000, 0.50000000, -0.31250000, 0.03492703
-0.25000000, 0.50000000, -0.25000000, 0.03736048
-0.31250000, 0.50000000, -0.18750000, 0.03576275
-0.37500000, 0.50000000, -0.12500000, 0.03059574
-0.43750000, 0.50000000, -0.06250000, 0.02342871
-0.50000000, 0.50000000, 0.00000000, 0.01750941
-0.50000000, 0.43750000, 0.06250000, 0.01748971
-0.50000000, 0.37500000, 0.12500000, 0.01540251
-0.50000000, 0.31250000, 0.18750000, 0.01280048
-0.50000000, 0.25000000, 0.25000000, 0.01016656
-0.50000000, 0.18750000, 0.31250000, 0.00770438
-0.50000000, 0.12500000, 0.37500000, 0.00554291
-0.50000000, 0.06250000, 0.43750000, 0.00372611
-0.50000000, 0.00000000, 0.50000000, 0.00235169
-0.43750000, -0.06250000, 0.50000000, 0.00462122
-0.37500000, -0.12500000, 0.50000000, 0.00757637
-0.31250000, -0.18750000, 0.50000000, 0.01080613
-0.25000000, -0.25000000, 0.50000000, 0.01405069
-0.18750000, -0.31250000, 0.50000000, 0.01698953
-0.12500000, -0.37500000, 0.50000000, 0.01922714
-0.06250000, -0.43750000, 0.50000000, 0.01991710
0.00000000, -0.50000000, 0.50000000, 0.01613578
0.06250000, -0.50000000, 0.43750000, 0.02156287
0.12500000, -0.50000000, 0.37500000, 0.02909672
0.18750000, -0.50000000, 0.31250000, 0.03492703
0.25000000, -0.50000000, 0.25000000, 0.03736048
0.31250000, -0.50000000, 0.18750000, 0.03576275
0.37500000, -0.50000000, 0.12500000, 0.03059574
0.43750000, -0.50000000, 0.06250000, 0.02342871
0.50000000, -0.50000000, 0.00000000, 0.01750941
0.50000000, -0.43750000, -0.06250000, 0.01748971
0.50000000, -0.37500000, -0.12500000, 0.01540251
0.50000000, -0.31250000, -0.18750000, 0.01280048
0.50000000, -0.25000000, -0.25000000, 0.01016656
0.50000000, -0.18750000, -0.31250000, 0.00770438
0.50000000, -0.12500000, -0.37500000, 0.00554291
0.50000000, -0.06250000, -0.43750000, 0.00372611
0.55000000, 0.00000000, -0.55000000, 0.00088186
0.48125000, 0.06875000, -0.55000000, 0.00216147
0.41250000, 0.13750000, -0.55000000, 0.00393535
0.34375000, 0.20625000, -0.55000000, 0.00591096
0.27500000, 0.27500000, -0.55000000, 0.00790096
0.20625000, 0.34375000, -0.55000000, 0.00969106
0.13750000, 0.41250000, -0.55000000, 0.01101714
0.06875000, 0.48125000, -0.55000000, 0.01132060
0.00000000, 0.55000000, -0.55000000, 0.00867273
-0.06875000, 0.55000000, -0.48125000, 0.01327344
-0.13750000, 0.55000000, -0.41250000, 0.02008403
-0.20625000, 0.55000000, -0.34375000, 0.02571484
-0.27500000, 0.55000000, -0.27500000, 0.02813362
-0.34375000, 0.55000000, -0.20625000, 0.02650447
-0.41250000, 0.55000000, -0.13750000, 0.02141649
-0.48125000, 0.55000000, -0.06875000, 0.01478916
-0.55000000, 0.55000000, 0.00000000, 0.00985776
-0.55000000, 0.48125000, 0.06875000, 0.01047502
-0.55000000, 0.41250000, 0.13750000, 0.00932742
-0.55000000, 0.34375000, 0.20625000, 0.00768785
-0.55000000, 0.27500000, 0.27500000, 0.00595139
-0.55000000, 0.20625000, 0.34375000, 0.00431723
-0.55000000, 0.13750000, 0.41250000, 0.00288884
-0.55000000, 0.06875000, 0.48125000, 0.00171898
-0.55000000, 0.00000000, 0.55000000, 0.00088186
-0.48125000, -0.06875000, 0.55000000, 0.00216147
-0.41250000, -0.13750000, 0.55000000, 0.00393535
-0.34375000, -0.20625000, 0.55000000, 0.00591096
-0.27500000, -0.27500000, 0.55000000, 0.00790096
-0.20625000, -0.34375000, 0.55000000, 0.00969106
-0.13750000, -0.41250000, 0.55000000, 0.01101714
-0.06875000, -0.48125000, 0.55000000, 0.01132060
0.00000000, -0.55000000, 0.55000000, 0.00867273
0.06875000, -0.55000000, 0.48125000, 0.01327344
0.13750000, -0.55000000, 0.41250000, 0.02008403
0.20625000, -0.55000000, 0.34375000, 0.02571484
0.27500000, -0.55000000, 0.27500000, 0.02813362
0.34375000, -0.55000000, 0.20625000, 0.02650447
0.41250000, -0.55000000, 0.13750000, 0.02141649
0.48125000, -0.55000000, 0.06875000, 0.01478916
0.55000000, -0.55000000, 0.00000000, 0.00985776
0.55000000, -0.48125000, -0.06875000, 0.01047502
0.55000000, -0.41250000, -0.13750000, 0.00932742
0.55000000, -0.34375000, -0.20625000, 0.00768785
0.55000000, -0.27500000, -0.27500000, 0.00595139
0.55000000, -0.20625000, -0.34375000, 0.00431723
0.55000000, -0.13750000, -0.41250000, 0.00288884
0.55000000, -0.06875000, -0.48125000, 0.00171898
0.60000000, 0.00000000, -0.60000000, 0.00025244
0.52500000, 0.07500000, -0.60000000, 0.00084683
0.45000000, 0.15000000, -0.60000000, 0.00174260
0.37500000, 0.22500000, -0.60000000, 0.00277212
0.30000000, 0.30000000, -0.60000000, 0.00382923
0.22500000, 0.37500000, -0.60000000, 0.00478123
0.15000000, 0.45000000, -0.60000000, 0.00547358
0.07500000, 0.52500000, -0.60000000, 0.00557010
0.00000000, 0.60000000, -0.60000000, 0.00394658
-0.07500000, 0.60000000, -0.52500000, 0.00722917
-0.15000000, 0.60000000, -0.45000000, 0.01272943
-0.22500000, 0.60000000, -0.37500000, 0.01768515
-0.30000000, 0.60000000, -0.30000000, 0.01989718
-0.37500000, 0.60000000, -0.22500000, 0.01836406
-0.45000000, 0.60000000, -0.15000000, 0.01379950
-0.52500000, 0.60000000, -0.07500000, 0.00830786
-0.60000000, 0.60000000, 0.00000000, 0.00473888
-0.60000000, 0.52500000, 0.07500000, 0.00546572
-0.60000000, 0.45000000, 0.15000000, 0.00494687
-0.60000000, 0.37500000, 0.22500000, 0.00404388
-0.60000000, 0.30000000, 0.30000000, 0.00304177
-0.60000000, 0.22500000, 0.37500000, 0.00209168
-0.60000000, 0.15000000, 0.45000000, 0.00128238
-0.60000000, 0.07500000, 0.52500000, 0.00065405
-0.60000000, 0.00000000, 0.60000000, 0.00025244
-0.52500000, -0.07500000, 0.60000000, 0.00084683
-0.45000000, -0.15000000, 0.60000000, 0.00174260
-0.37500000, -0.22500000, 0.60000000, 0.00277212
-0.30000000, -0.30000000, 0.60000000, 0.00382923
-0.22500000, -0.37500000, 0.60000000, 0.00478123
-0.15000000, -0.45000000, 0.60000000, 0.00547358
-0.07500000, -0.52500000, 0.60000000, 0.00557010
0.00000000, -0.60000000, 0.60000000, 0.00394658
0.07500000, -0.60000000, 0.52500000, 0.00722917
0.15000000, -0.60000000, 0.45000000, 0.01272943
0.22500000, -0.60000000, 0.37500000, 0.01768515
0.30000000, -0.60000000, 0.30000000, 0.01989718
0.37500000, -0.60000000, 0.22500000, 0.01836406
0.45000000, -0.60000000, 0.15000000, 0.01379950
0.52500000, -0.60000000, 0.07500000, 0.00830786
0.60000000, -0.60000000, 0.00000000, 0.00473888
0.60000000, -0.52500000, -0.07500000, 0.00546572
0.60000000, -0.45000000, -0.15000000, 0.00494687
0.60000000, -0.37500000, -0.22500000, 0.00404388
0.60000000, -0.30000000, -0.30000000, 0.00304177
0.60000000, -0.22500000, -0.37500000, 0.00209168
0.60000000, -0.15000000, -0.45000000, 0.00128238
0.60000000, -0.07500000, -0.52500000, 0.00065405
0.65000000, 0.00000000, -0.65000000, 0.00004967
0.56875000, 0.08125000, -0.65000000, 0.00027047
0.48750000, 0.16250000, -0.65000000, 0.00063352
0.40625000, 0.24375000, -0.65000000, 0.00107090
0.32500000, 0.32500000, -0.65000000, 0.00154058
0.24375000, 0.40625000, -0.65000000, 0.00197179
0.16250000, 0.48750000, -0.65000000, 0.00228472
0.08125000, 0.56875000, -0.65000000, 0.00229965
0.00000000, 0.65000000, -0.65000000, 0.00144793
-0.08125000, 0.65000000, -0.56875000, 0.00337816
-0.16250000, 0.65000000, -0.48750000, 0.00729814
-0.24375000, 0.65000000, -0.40625000, 0.01123286
-0.32500000, 0.65000000, -0.32500000, 0.01307627
-0.40625000, 0.65000000, -0.24375000, 0.01176260
-0.48750000, 0.65000000, -0.16250000, 0.00806704
-0.56875000, 0.65000000, -0.08125000, 0.00404207
-0.65000000, 0.65000000, 0.00000000, 0.00186117
-0.65000000, 0.56875000, 0.08125000, 0.00240642
-0.65000000, 0.48750000, 0.16250000, 0.00223351
-0.65000000, 0.40625000, 0.24375000, 0.00181224
-0.65000000, 0.32500000, 0.32500000, 0.00132027
-0.65000000, 0.24375000, 0.40625000, 0.00084580
-0.65000000, 0.16250000, 0.48750000, 0.00046325
-0.65000000, 0.08125000, 0.56875000, 0.00019058
-0.65000000, 0.00000000, 0.65000000, 0.00004967
-0.56875000, -0.08125000, 0.65000000, 0.00027047
-0.48750000, -0.16250000, 0.65000000, 0.00063352
-0.40625000, -0.24375000, 0.65000000, 0.00107090
-0.32500000, -0.32500000, 0.65000000, 0.00154058
-0.24375000, -0.40625000, 0.65000000, 0.00197179
-0.16250000, -0.48750000, 0.65000000, 0.00228472
-0.08125000, -0.56875000, 0.65000000, 0.00229965
0.00000000, -0.65000000, 0.65000000, 0.00144793
0.08125000, -0.65000000, 0.56875000, 0.00337816
0.16250000, -0.65000000, 0.48750000, 0.00729814
0.24375000, -0.65000000, 0.40625000, 0.01123286
0.32500000, -0.65000000, 0.32500000, 0.01307627
0.40625000, -0.65000000, 0.24375000, 0.01176260
0.48750000, -0.65000000, 0.16250000, 0.00806704
0.56875000, -0.65000000, 0.08125000, 0.00404207
0.65000000, -0.65000000, 0.00000000, 0.00186117
0.65000000, -0.56875000, -0.08125000, 0.00240642
0.65000000, -0.48750000, -0.16250000, 0.00223351
0.65000000, -0.40625000, -0.24375000, 0.00181224
0.65000000, -0.32500000, -0.32500000, 0.00132027
0.65000000, -0.24375000, -0.40625000, 0.00084580
0.65000000, -0.16250000, -0.48750000, 0.00046325
0.65000000, -0.08125000, -0.56875000, 0.00019058
0.70000000, 0.00000000, -0.70000000, 0.00000602
0.61250000, 0.08750000, -0.70000000, 0.00006853
0.52500000, 0.17500000, -0.70000000, 0.00017967
0.43750000, 0.26250000, -0.70000000, 0.00032263
0.35000000, 0.35000000, -0.70000000, 0.00048442
0.26250000, 0.43750000, -0.70000000, 0.00063984
0.17500000, 0.52500000, -0.70000000, 0.00075380
0.08750000, 0.61250000, -0.70000000, 0.00075108
0.00000000, 0.70000000, -0.70000000, 0.00039629
-0.08750000, 0.70000000, -0.61250000, 0.00129134
-0.17500000, 0.70000000, -0.52500000, 0.00370568
-0.26250000, 0.70000000, -0.43750000, 0.00648144
-0.35000000, 0.70000000, -0.35000000, 0.00786170
-0.43750000, 0.70000000, -0.26250000, 0.00685959
-0.52500000, 0.70000000, -0.17500000, 0.00419810
-0.61250000, 0.70000000, -0.08750000, 0.00163782
-0.70000000, 0.70000000, 0.00000000, 0.00056004
-0.70000000, 0.61250000, 0.08750000, 0.00085687
-0.70000000, 0.52500000, 0.17500000, 0.00082325
-0.70000000, 0.43750000, 0.26250000, 0.00066412
-0.70000000, 0.35000000, 0.35000000, 0.00046590
-0.70000000, 0.26250000, 0.43750000, 0.00027432
-0.70000000, 0.17500000, 0.52500000, 0.00013145
-0.70000000, 0.08750000, 0.61250000, 0.00004091
-0.70000000, 0.00000000, 0.70000000, 0.00000602
-0.61250000, -0.08750000, 0.70000000, 0.00006853
-0.52500000, -0.17500000, 0.70000000, 0.00017967
-0.43750000, -0.26250000, 0.70000000, 0.00032263
-0.35000000, -0.35000000, 0.70000000, 0.00048442
-0.26250000, -0.43750000, 0.70000000, 0.00063984
-0.17500000, -0.52500000, 0.70000000, 0.00075380
-0.08750000, -0.61250000, 0.70000000, 0.00075108
0.00000000, -0.70000000, 0.70000000, 0.00039629
0.08750000, -0.70000000, 0.61250000, 0.00129134
0.17500000, -0.70000000, 0.52500000, 0.00370568
0.26250000, -0.70000000, 0.43750000, 0.00648144
0.35000000, -0.70000000, 0.35000000, 0.00786170
0.43750000, -0.70000000, 0.26250000, 0.00685959
0.52500000, -0.70000000, 0.17500000, 0.00419810
0.61250000, -0.70000000, 0.08750000, 0.00163782
0.70000000, -0.70000000, 0.00000000, 0.00056004
0.70000000, -0.61250000, -0.08750000, 0.00085687
0.70000000, -0.52500000, -0.17500000, 0.00082325
0.70000000, -0.43750000, -0.26250000, 0.00066412
0.70000000, -0.35000000, -0.35000000, 0.00046590
0.70000000, -0.26250000, -0.43750000, 0.00027432
0.70000000, -0.17500000, -0.52500000, 0.00013145
0.70000000, -0.08750000, -0.61250000, 0.00004091
0.75000000, 0.00000000, -0.75000000, 0.00000095
0.65625000, 0.09375000, -0.75000000, 0.00001225
0.56250000, 0.18750000, -0.75000000, 0.00003748
0.46875000, 0.28125000, -0.75000000, 0.00007167
0.37500000, 0.37500000, -0.75000000, 0.00010674
0.28125000, 0.46875000, -0.75000000, 0.00014255
0.18750000, 0.56250000, -0.75000000, 0.00016862
0.09375000, 0.65625000, -0.75000000, 0.00016777
0.00000000, 0.75000000, -0.75000000, 0.00007118
-0.09375000, 0.75000000, -0.65625000, 0.00037035
-0.18750000, 0.75000000, -0.56250000, 0.00161465
-0.28125000, 0.75000000, -0.46875000, 0.00331364
-0.37500000, 0.75000000, -0.37500000, 0.00422140
-0.46875000, 0.75000000, -0.28125000, 0.00355657
-0.56250000, 0.75000000, -0.18750000, 0.00189103
-0.65625000, 0.75000000, -0.09375000, 0.00051894
-0.75000000, 0.75000000, 0.00000000, 0.00011987
-0.75000000, 0.65625000, 0.09375000, 0.00023579
-0.75000000, 0.56250000, 0.18750000, 0.00023297
-0.75000000, 0.46875000, 0.28125000, 0.00018713
-0.75000000, 0.37500000, 0.37500000, 0.00012390
-0.75000000, 0.28125000, 0.46875000, 0.00007082
-0.75000000, 0.18750000, 0.56250000, 0.00003345
-0.75000000, 0.09375000, 0.65625000, 0.00001261
-0.75000000, 0.00000000, 0.75000000, 0.00000095
-0.65625000, -0.09375000, 0.75000000, 0.00001225
-0.56250000, -0.18750000, 0.75000000, 0.00003748
-0.46875000, -0.28125000, 0.75000000, 0.00007167
-0.37500000, -0.37500000, 0.75000000, 0.00010674
-0.28125000, -0.46875000, 0.75000000, 0.00014255
-0.18750000, -0.56250000, 0.75000000, 0.00016862
-0.09375000, -0.65625000, 0.75000000, 0.00016777
0.00000000, -0.75000000, 0.75000000, 0.00007118
0.09375000, -0.75000000, 0.65625000, 0.00037035
0.18750000, -0.75000000, 0.56250000, 0.00161465
0.28125000, -0.75000000, 0.46875000, 0.00331364
0.37500000, -0.75000000, 0.37500000, 0.00422140
0.46875000, -0.75000000, 0.28125000, 0.00355657
0.56250000, -0.75000000, 0.18750000, 0.00189103
0.65625000, -0.75000000, 0.09375000, 0.00051894
0.75000000, -0.75000000, 0.00000000, 0.00011987
0.75000000, -0.65625000, -0.09375000, 0.00023579
0.75000000, -0.56250000, -0.18750000, 0.00023297
0.75000000, -0.46875000, -0.28125000, 0.00018713
0.75000000, -0.37500000, -0.37500000, 0.00012390
0.75000000, -0.28125000, -0.46875000, 0.00007082
0.75000000, -0.18750000, -0.56250000, 0.00003345
0.75000000, -0.09375000, -0.65625000, 0.00001261
0.80000000, 0.00000000, -0.80000000, 0.00000025
0.70000000, 0.10000000, -0.80000000, -0.00000013
0.60000000, 0.20000000, -0.80000000, 0.00000410
0.50000000, 0.30000000, -0.80000000, 0.00000912
0.40000000, 0.40000000, -0.80000000, 0.00001084
0.30000000, 0.50000000, -0.80000000, 0.00001272
0.20000000, 0.60000000, -0.80000000, 0.00001472
0.10000000, 0.70000000, -0.80000000, 0.00001582
0.00000000, 0.80000000, -0.80000000, 0.00000354
-0.10000000, 0.80000000, -0.70000000, 0.00006113
-0.20000000, 0.80000000, -0.60000000, 0.00057415
-0.30000000, 0.80000000, -0.50000000, 0.00144182
-0.40000000, 0.80000000, -0.40000000, 0.00194611
-0.50000000, 0.80000000, -0.30000000, 0.00157076
-0.60000000, 0.80000000, -0.20000000, 0.00070052
-0.70000000, 0.80000000, -0.10000000, 0.00010965
-0.80000000, 0.80000000, 0.00000000, 0.00001498
-0.80000000, 0.70000000, 0.10000000, 0.00004719
-0.80000000, 0.60000000, 0.20000000, 0.00004657
-0.80000000, 0.50000000, 0.30000000, 0.00003713
-0.80000000, 0.40000000, 0.40000000, 0.00002155
-0.80000000, 0.30000000, 0.50000000, 0.00001400
-0.80000000, 0.20000000, 0.60000000, 0.00000856
-0.80000000, 0.10000000, 0.70000000, 0.00000614
-0.80000000, 0.00000000, 0.80000000, 0.00000025
-0.70000000, -0.10000000, 0.80000000, -0.00000013
-0.60000000, -0.20000000, 0.80000000, 0.00000410
-0.50000000, -0.30000000, 0.80000000, 0.00000912
-0.40000000, -0.40000000, 0.80000000, 0.00001084
-0.30000000, -0.50000000, 0.80000000, 0.00001272
-0.20000000, -0.60000000, 0.80000000, 0.00001472
-0.10000000, -0.70000000, 0.80000000, 0.00001582
0.00000000, -0.80000000, 0.80000000, 0.00000354
0.10000000, -0.80000000, 0.70000000, 0.00006113
0.20000000, -0.80000000, 0.60000000, 0.00057415
0.30000000, -0.80000000, 0.50000000, 0.00144182
0.40000000, -0.80000000, 0.40000000, 0.00194611
0.50000000, -0.80000000, 0.30000000, 0.00157076
0.60000000, -0.80000000, 0.20000000, 0.00070052
0.70000000, -0.80000000, 0.10000000, 0.00010965
0.80000000, -0.80000000, 0.00000000, 0.00001498
0.80000000, -0.70000000, -0.10000000, 0.00004719
0.80000000, -0.60000000, -0.20000000, 0.00004657
0.80000000, -0.50000000, -0.30000000, 0.00003713
0.80000000, -0.40000000, -0.40000000, 0.00002155
0.80000000, -0.30000000, -0.50000000, 0.00001400
0.80000000, -0.20000000, -0.60000000, 0.00000856
0.80000000, -0.10000000, -0.70000000, 0.00000614
0.85000000, 0.00000000, -0.85000000, -0.00000015
0.74375000, 0.10625000, -0.85000000, -0.00000034
0.63750000, 0.21250000, -0.85000000, -0.00000249
0.53125000, 0.31875000, -0.85000000, -0.00000523
0.42500000, 0.42500000, -0.85000000, -0.00000426
0.31875000, 0.53125000, -0.85000000, -0.00000184
0.21250000, 0.63750000, -0.85000000, 0.00000269
0.10625000, 0.74375000, -0.85000000, 0.00000351
0.00000000, 0.85000000, -0.85000000, -0.00000719
-0.10625000, 0.85000000, -0.74375000, -0.00000742
-0.21250000, 0.85000000, -0.63750000, 0.00015231
-0.31875000, 0.85000000, -0.53125000, 0.00049632
-0.42500000, 0.85000000, -0.42500000, 0.00071611
-0.53125000, 0.85000000, -0.31875000, 0.00054308
-0.63750000, 0.85000000, -0.21250000, 0.00019060
-0.74375000, 0.85000000, -0.10625000, 0.00000155
-0.85000000, 0.85000000, 0.00000000, -0.00000701
-0.85000000, 0.74375000, 0.10625000, 0.00000176
-0.85000000, 0.63750000, 0.21250000, 0.00000572
-0.85000000, 0.53125000, 0.31875000, 0.00000467
-0.85000000, 0.42500000, 0.42500000, 0.00000237
-0.85000000, 0.31875000, 0.53125000, -0.00000239
-0.85000000, 0.21250000, 0.63750000, -0.00000377
-0.85000000, 0.10625000, 0.74375000, -0.00000333
-0.85000000, 0.00000000, 0.85000000, -0.00000015
-0.74375000, -0.10625000, 0.85000000, -0.00000034
-0.63750000, -0.21250000, 0.85000000, -0.00000249
-0.53125000, -0.31875000, 0.85000000, -0.00000523
-0.42500000, -0.42500000, 0.85000000, -0.00000426
-0.31875000, -0.53125000, 0.85000000, -0.00000184
-0.21250000, -0.63750000, 0.85000000, 0.00000269
-0.10625000, -0.74375000, 0.85000000, 0.00000351
0.00000000, -0.85000000, 0.85000000, -0.00000719
0.10625000, -0.85000000, 0.74375000, -0.00000742
0.21250000, -0.85000000, 0.63750000, 0.00015231
0.31875000, -0.85000000, 0.53125000, 0.00049632
0.42500000, -0.85000000, 0.42500000, 0.00071611
0.53125000, -0.85000000, 0.31875000, 0.00054308
0.63750000, -0.85000000, 0.21250000, 0.00019060
0.74375000, -0.85000000, 0.10625000, 0.00000155
0.85000000, -0.85000000, 0.00000000, -0.00000701
0.85000000, -0.74375000, -0.10625000, 0.00000176
0.85000000, -0.63750000, -0.21250000, 0.00000572
0.85000000, -0.53125000, -0.31875000, 0.00000467
0.85000000, -0.42500000, -0.42500000, 0.00000237
0.85000000, -0.31875000, -0.53125000, -0.00000239
0.85000000, -0.21250000, -0.63750000, -0.00000377
0.85000000, -0.10625000, -0.74375000, -0.00000333
0.90000000, 0.00000000, -0.90000000, -0.00000015
0.78750000, 0.11250000, -0.90000000, 0.00000075
0.67500000, 0.22500000, -0.90000000, -0.00000095
0.56250000, 0.33750000, -0.90000000, -0.00000293
0.45000000, 0.45000000, -0.90000000, -0.00000191
0.33750000, 0.56250000, -0.90000000, 0.00000061
0.22500000, 0.67500000, -0.90000000, 0.00000385
0.11250000, 0.78750000, -0.90000000, 0.00000424
0.00000000, 0.90000000, -0.90000000, -0.00000241
-0.11250000, 0.90000000, -0.78750000, -0.00000751
-0.22500000, 0.90000000, -0.67500000, 0.00002457
-0.33750000, 0.90000000, -0.56250000, 0.00011411
-0.45000000, 0.90000000, -0.45000000, 0.00017785
-0.56250000, 0.90000000, -0.33750000, 0.00012455
-0.67500000, 0.90000000, -0.22500000, 0.00003078
-0.78750000, 0.90000000, -0.11250000, -0.00000737
-0.90000000, 0.90000000, 0.00000000, -0.00000417
-0.90000000, 0.78750000, 0.11250000, -0.00000284
-0.90000000, 0.67500000, 0.22500000, 0.00000022
-0.90000000, 0.56250000, 0.33750000, 0.00000049
-0.90000000, 0.45000000, 0.45000000, 0.00000078
-0.90000000, 0.33750000, 0.56250000, -0.00000257
-0.90000000, 0.22500000, 0.67500000, -0.00000336
-0.90000000, 0.11250000, 0.78750000, -0.00000330
-0.90000000, 0.00000000, 0.90000000, -0.00000015
-0.78750000, -0.11250000, 0.90000000, 0.00000075
-0.67500000, -0.22500000, 0.90000000, -0.00000095
-0.56250000, -0.33750000, 0.90000000, -0.00000293
-0.45000000, -0.45000000, 0.90000000, -0.00000191
-0.33750000, -0.56250000, 0.90000000, 0.00000061
-0.22500000, -0.67500000, 0.90000000, 0.00000385
-0.11250000, -0.78750000, 0.90000000, 0.00000424
0.00000000, -0.90000000, 0.90000000, -0.00000241
0.11250000, -0.90000000, 0.78750000, -0.00000751
0.22500000, -0.90000000, 0.67500000, 0.00002457
0.33750000, -0.90000000, 0.56250000, 0.00011411
0.45000000, -0.90000000, 0.45000000, 0.00017785
0.56250000, -0.90000000, 0.33750000, 0.00012455
0.67500000, -0.90000000, 0.22500000, 0.00003078
0.78750000, -0.90000000, 0.11250000, -0.00000737
0.90000000, -0.90000000, 0.00000000, -0.00000417
0.90000000, -0.78750000, -0.11250000, -0.00000284
0.90000000, -0.67500000, -0.22500000, 0.00000022
0.90000000, -0.56250000, -0.33750000, 0.00000049
0.90000000, -0.45000000, -0.45000000, 0.00000078
0.90000000, -0.33750000, -0.56250000, -0.00000257
0.90000000, -0.22500000, -0.67500000, -0.00000336
0.90000000, -0.11250000, -0.78750000, -0.00000330
0.95000000, 0.00000000, -0.95000000, 0.00000008
0.83125000, 0.11875000, -0.95000000, -0.00000047
0.71250000, 0.23750000, -0.95000000, 0.00000133
0.59375000, 0.35625000, -0.95000000, 0.00000321
0.47500000, 0.47500000, -0.95000000, 0.00000174
0.35625000, 0.59375000, -0.95000000, -0.00000064
0.23750000, 0.71250000, -0.95000000, -0.00000372
0.11875000, 0.83125000, -0.95000000, -0.00000367
0.00000000, 0.95000000, -0.95000000, 0.00000378
-0.11875000, 0.95000000, -0.83125000, 0.00000167
-0.23750000, 0.95000000, -0.71250000, 0.00000113
-0.35625000, 0.95000000, -0.59375000, 0.00000940
-0.47500000, 0.95000000, -0.47500000, 0.00001669
-0.59375000, 0.95000000, -0.35625000, 0.00001431
-0.71250000, 0.95000000, -0.23750000, 0.00000486
-0.83125000, 0.95000000, -0.11875000, 0.00000280
-0.95000000, 0.95000000, 0.00000000, 0.00000529
-0.95000000, 0.83125000, 0.11875000, 0.00000332
-0.95000000, 0.71250000, 0.23750000, 0.00000047
-0.95000000, 0.59375000, 0.35625000, 0.00000029
-0.95000000, 0.47500000, 0.47500000, -0.00000015
-0.95000000, 0.35625000, 0.59375000, 0.00000283
-0.95000000, 0.23750000, 0.71250000, 0.00000357
-0.95000000, 0.11875000, 0.83125000, 0.00000328
-0.95000000, 0.00000000, 0.95000000, 0.00000008
-0.83125000, -0.11875000, 0.95000000, -0.00000047
-0.71250000, -0.23750000, 0.95000000, 0.00000133
-0.59375000, -0.35625000, 0.95000000, 0.00000321
-0.47500000, -0.47500000, 0.95000000, 0.00000174
-0.35625000, -0.59375000, 0.95000000, -0.00000064
-0.23750000, -0.71250000, 0.95000000, -0.00000372
-0.11875000, -0.83125000, 0.95000000, -0.00000367
0.00000000, -0.95000000, 0.95000000, 0.00000378
0.11875000, -0.95000000, 0.83125000, 0.00000167
0.23750000, -0.95000000, 0.71250000, 0.00000113
0.35625000, -0.95000000, 0.59375000, 0.00000940
0.47500000, -0.95000000, 0.47500000, 0.00001669
0.59375000, -0.95000000, 0.35625000, 0.00001431
0.71250000, -0.95000000, 0.23750000, 0.00000486
0.83125000, -0.95000000, 0.11875000, 0.00000280
0.95000000, -0.95000000, 0.00000000, 0.00000529
0.95000000, -0.83125000, -0.11875000, 0.00000332
0.95000000, -0.71250000, -0.23750000, 0.00000047
0.95000000, -0.59375000, -0.35625000, 0.00000029
0.95000000, -0.47500000, -0.47500000, -0.00000015
0.95000000, -0.35625000, -0.59375000, 0.00000283
0.95000000, -0.23750000, -0.71250000, 0.00000357
0.95000000, -0.11875000, -0.83125000, 0.00000328
1.00000000, 0.00000000, -1.00000000, 0.00000000
0.87500000, 0.12500000, -1.00000000, 0.00000000
0.75000000, 0.25000000, -1.00000000, 0.00000000
0.62500000, 0.37500000, -1.00000000, 0.00000000
0.50000000, 0.50000000, -1.00000000, 0.00000000
0.37500000, 0.62500000, -1.00000000, 0.00000000
0.25000000, 0.75000000, -1.00000000, 0.00000000
0.12500000, 0.87500000, -1.00000000, 0.00000000
0.00000000, 1.00000000, -1.00000000, 0.00000000
-0.12500000, 1.00000000, -0.87500000, 0.00000000
-0.25000000, 1.00000000, -0.75000000, 0.00000000
-0.37500000, 1.00000000, -0.62500000, 0.00000000
-0.50000000, 1.00000000, -0.50000000, 0.00000000
-0.62500000, 1.00000000, -0.37500000, 0.00000000
-0.75000000, 1.00000000, -0.25000000, 0.00000000
-0.87500000, 1.00000000, -0.12500000, 0.00000000
-1.00000000, 1.00000000, 0.00000000, 0.00000000
-1.00000000, 0.87500000, 0.12500000, 0.00000000
-1.00000000, 0.75000000, 0.25000000, 0.00000000
-1.00000000, 0.62500000, 0.37500000, 0.00000000
-1.00000000, 0.50000000, 0.50000000, 0.00000000
-1.00000000, 0.37500000, 0.62500000, 0.00000000
-1.00000000, 0.25000000, 0.75000000, 0.00000000
-1.00000000, 0.12500000, 0.87500000, 0.00000000
-1.00000000, 0.00000000, 1.00000000, 0.00000000
-0.87500000, -0.12500000, 1.00000000, 0.00000000
-0.75000000, -0.25000000, 1.00000000, 0.00000000
-0.62500000, -0.37500000, 1.00000000, 0.00000000
-0.50000000, -0.50000000, 1.00000000, 0.00000000
-0.37500000, -0.62500000, 1.00000000, 0.00000000
-0.25000000, -0.75000000, 1.00000000, 0.00000000
-0.12500000, -0.87500000, 1.00000000, 0.00000000
0.00000000, -1.00000000, 1.00000000, 0.00000000
0.12500000, -1.00000000, 0.87500000, 0.00000000
0.25000000, -1.00000000, 0.75000000, 0.00000000
0.37500000, -1.00000000, 0.62500000, 0.00000000
0.50000000, -1.00000000, 0.50000000, 0.00000000
0.62500000, -1.00000000, 0.37500000, 0.00000000
0.75000000, -1.00000000, 0.25000000, 0.00000000
0.87500000, -1.00000000, 0.12500000, 0.00000000
1.00000000, -1.00000000, 0.00000000, 0.00000000
1.00000000, -0.87500000, -0.12500000, 0.00000000
1.00000000, -0.75000000, -0.25000000, 0.00000000
1.00000000, -0.62500000, -0.37500000, 0.00000000
1.00000000, -0.50000000, -0.50000000, 0.00000000
1.00000000, -0.37500000, -0.62500000, 0.00000000
1.00000000, -0.25000000, -0.75000000, 0.00000000
1.00000000, -0.12500000, -0.87500000, 0.00000000
