0.01000000, 0.00000000, -0.01000000, 0.03809819
0.00000000, 0.01000000, -0.01000000, 0.04517595
-0.00125000, 0.01000000, -0.00875000, -0.12843964
-0.00250000, 0.01000000, -0.00750000, -0.25193760
-0.00375000, 0.01000000, -0.00625000, -0.32525033
-0.00500000, 0.01000000, -0.00500000, -0.35070327
-0.00625000, 0.01000000, -0.00375000, -0.32571450
-0.00750000, 0.01000000, -0.00250000, -0.25461701
-0.00875000, 0.01000000, -0.00125000, -0.13186002
-0.01000000, 0.01000000, 0.00000000, 0.03894787
-0.01000000, 0.00875000, 0.00125000, 0.03804153
-0.01000000, 0.00750000, 0.00250000, 0.03707988
-0.01000000, 0.00625000, 0.00375000, 0.03735059
-0.01000000, 0.00500000, 0.00500000, 0.03666260
-0.01000000, 0.00375000, 0.00625000, 0.03762958
-0.01000000, 0.00250000, 0.00750000, 0.03676507
-0.01000000, 0.00125000, 0.00875000, 0.03782225
-0.01000000, 0.00000000, 0.01000000, 0.03809819
0.00000000, -0.01000000, 0.01000000, 0.04517595
0.00125000, -0.01000000, 0.00875000, -0.12843964
0.00250000, -0.01000000, 0.00750000, -0.25193760
0.00375000, -0.01000000, 0.00625000, -0.32525033
0.00500000, -0.01000000, 0.00500000, -0.35070327
0.00625000, -0.01000000, 0.00375000, -0.32571450
0.00750000, -0.01000000, 0.00250000, -0.25461701
0.00875000, -0.01000000, 0.00125000, -0.13186002
0.01000000, -0.01000000, 0.00000000, 0.03894787
0.01000000, -0.00875000, -0.00125000, 0.03804153
0.01000000, -0.00750000, -0.00250000, 0.03707988
0.01000000, -0.00625000, -0.00375000, 0.03735059
0.01000000, -0.00500000, -0.00500000, 0.03666260
0.01000000, -0.00375000, -0.00625000, 0.03762958
0.01000000, -0.00250000, -0.00750000, 0.03676507
0.01000000, -0.00125000, -0.00875000, 0.03782225
0.02000000, 0.00000000, -0.02000000, 0.03273544
0.01750000, 0.00250000, -0.02000000, 0.03565039
0.01500000, 0.00500000, -0.02000000, 0.03864448
0.01250000, 0.00750000, -0.02000000, 0.04218599
0.01000000, 0.01000000, -0.02000000, 0.04503334
0.00750000, 0.01250000, -0.02000000, 0.04794706
0.00500000, 0.01500000, -0.02000000, 0.05000529
0.00250000, 0.01750000, -0.02000000, 0.05060983
0.00000000, 0.02000000, -0.02000000, 0.04725587
-0.00250000, 0.02000000, -0.01750000, -0.04200708
-0.00500000, 0.02000000, -0.01500000, -0.10524210
-0.00750000, 0.02000000, -0.01250000, -0.14268181
-0.01000000, 0.02000000, -0.01000000, -0.15670891
-0.01250000, 0.02000000, -0.00750000, -0.14531185
-0.01500000, 0.02000000, -0.00500000, -0.10981108
-0.01750000, 0.02000000, -0.00250000, -0.04997974
-0.02000000, 0.02000000, 0.00000000, 0.03444869
-0.02000000, 0.01750000, 0.00250000, 0.03286267
-0.02000000, 0.01500000, 0.00500000, 0.03178619
-0.02000000, 0.01250000, 0.00750000, 0.03179824
-0.02000000, 0.01000000, 0.01000000, 0.03111939
-0.02000000, 0.00750000, 0.01250000, 0.03131289
-0.02000000, 0.00500000, 0.01500000, 0.03162329
-0.02000000, 0.00250000, 0.01750000, 0.03206383
-0.02000000, 0.00000000, 0.02000000, 0.03273544
-0.01750000, -0.00250000, 0.02000000, 0.03565039
-0.01500000, -0.00500000, 0.02000000, 0.03864448
-0.01250000, -0.00750000, 0.02000000, 0.04218599
-0.01000000, -0.01000000, 0.02000000, 0.04503334
-0.00750000, -0.01250000, 0.02000000, 0.04794706
-0.00500000, -0.01500000, 0.02000000, 0.05000529
-0.00250000, -0.01750000, 0.02000000, 0.05060983
0.00000000, -0.02000000, 0.02000000, 0.04725587
0.00250000, -0.02000000, 0.01750000, -0.04200708
0.00500000, -0.02000000, 0.01500000, -0.10524210
0.00750000, -0.02000000, 0.01250000, -0.14268181
0.01000000, -0.02000000, 0.01000000, -0.15670891
0.01250000, -0.02000000, 0.00750000, -0.14531185
0.01500000, -0.02000000, 0.00500000, -0.10981108
0.01750000, -0.02000000, 0.00250000, -0.04997974
0.02000000, -0.02000000, 0.00000000, 0.03444869
0.02000000, -0.01750000, -0.00250000, 0.03286267
0.02000000, -0.01500000, -0.00500000, 0.03178619
0.02000000, -0.01250000, -0.00750000, 0.03179824
0.02000000, -0.01000000, -0.01000000, 0.03111939
0.02000000, -0.00750000, -0.01250000, 0.03131289
0.02000000, -0.00500000, -0.01500000, 0.03162329
0.02000000, -0.00250000, -0.01750000, 0.03206383
0.03000000, 0.00000000, -0.03000000, 0.02972348
0.02625000, 0.00375000, -0.03000000, 0.03286560
0.02250000, 0.00750000, -0.03000000, 0.03635516
0.01875000, 0.01125000, -0.03000000, 0.04031247
0.01500000, 0.01500000, -0.03000000, 0.04417534
0.01125000, 0.01875000, -0.03000000, 0.04769599
0.00750000, 0.02250000, -0.03000000, 0.05058785
0.00375000, 0.02625000, -0.03000000, 0.05211189
0.00000000, 0.03000000, -0.03000000, 0.04980407
-0.00375000, 0.03000000, -0.02625000, -0.01166645
-0.00750000, 0.03000000, -0.02250000, -0.05522817
-0.01125000, 0.03000000, -0.01875000, -0.08134015
-0.01500000, 0.03000000, -0.01500000, -0.09125382
-0.01875000, 0.03000000, -0.01125000, -0.08484416
-0.02250000, 0.03000000, -0.00750000, -0.06216792
-0.02625000, 0.03000000, -0.00375000, -0.02335723
-0.03000000, 0.03000000, 0.00000000, 0.03158788
-0.03000000, 0.02625000, 0.00375000, 0.02965839
-0.03000000, 0.02250000, 0.00750000, 0.02846880
-0.03000000, 0.01875000, 0.01125000, 0.02811540
-0.03000000, 0.01500000, 0.01500000, 0.02787871
-0.03000000, 0.01125000, 0.01875000, 0.02785975
-0.03000000, 0.00750000, 0.02250000, 0.02817883
-0.03000000, 0.00375000, 0.02625000, 0.02875623
-0.03000000, 0.00000000, 0.03000000, 0.02972348
-0.02625000, -0.00375000, 0.03000000, 0.03286560
-0.02250000, -0.00750000, 0.03000000, 0.03635516
-0.01875000, -0.01125000, 0.03000000, 0.04031247
-0.01500000, -0.01500000, 0.03000000, 0.04417534
-0.01125000, -0.01875000, 0.03000000, 0.04769599
-0.00750000, -0.02250000, 0.03000000, 0.05058785
-0.00375000, -0.02625000, 0.03000000, 0.05211189
0.00000000, -0.03000000, 0.03000000, 0.04980407
0.00375000, -0.03000000, 0.02625000, -0.01166645
0.00750000, -0.03000000, 0.02250000, -0.05522817
0.01125000, -0.03000000, 0.01875000, -0.08134015
0.01500000, -0.03000000, 0.01500000, -0.09125382
0.01875000, -0.03000000, 0.01125000, -0.08484416
0.02250000, -0.03000000, 0.00750000, -0.06216792
0.02625000, -0.03000000, 0.00375000, -0.02335723
0.03000000, -0.03000000, 0.00000000, 0.03158788
0.03000000, -0.02625000, -0.00375000, 0.02965839
0.03000000, -0.02250000, -0.00750000, 0.02846880
0.03000000, -0.01875000, -0.01125000, 0.02811540
0.03000000, -0.01500000, -0.01500000, 0.02787871
0.03000000, -0.01125000, -0.01875000, 0.02785975
0.03000000, -0.00750000, -0.02250000, 0.02817883
0.03000000, -0.00375000, -0.02625000, 0.02875623
0.04000000, 0.00000000, -0.04000000, 0.02766758
0.03500000, 0.00500000, -0.04000000, 0.03107491
0.03000000, 0.01000000, -0.04000000, 0.03509374
0.02500000, 0.01500000, -0.04000000, 0.03948477
0.02000000, 0.02000000, -0.04000000, 0.04394674
0.01500000, 0.02500000, -0.04000000, 0.04815984
0.01000000, 0.03000000, -0.04000000, 0.05172829
0.00500000, 0.03500000, -0.04000000, 0.05395462
0.00000000, 0.04000000, -0.04000000, 0.05226070
-0.00500000, 0.04000000, -0.03500000, 0.00450672
-0.01000000, 0.04000000, -0.03000000, -0.02911234
-0.01500000, 0.04000000, -0.02500000, -0.04986990
-0.02000000, 0.04000000, -0.02000000, -0.05823119
-0.02500000, 0.04000000, -0.01500000, -0.05435509
-0.03000000, 0.04000000, -0.01000000, -0.03835070
-0.03500000, 0.04000000, -0.00500000, -0.01032895
-0.04000000, 0.04000000, 0.00000000, 0.02950503
-0.04000000, 0.03500000, 0.00500000, 0.02733949
-0.04000000, 0.03000000, 0.01000000, 0.02624403
-0.04000000, 0.02500000, 0.01500000, 0.02560838
-0.04000000, 0.02000000, 0.02000000, 0.02535713
-0.04000000, 0.01500000, 0.02500000, 0.02541168
-0.04000000, 0.01000000, 0.03000000, 0.02578771
-0.04000000, 0.00500000, 0.03500000, 0.02650643
-0.04000000, 0.00000000, 0.04000000, 0.02766758
-0.03500000, -0.00500000, 0.04000000, 0.03107491
-0.03000000, -0.01000000, 0.04000000, 0.03509374
-0.02500000, -0.01500000, 0.04000000, 0.03948477
-0.02000000, -0.02000000, 0.04000000, 0.04394674
-0.01500000, -0.02500000, 0.04000000, 0.04815984
-0.01000000, -0.03000000, 0.04000000, 0.05172829
-0.00500000, -0.03500000, 0.04000000, 0.05395462
0.00000000, -0.04000000, 0.04000000, 0.05226070
0.00500000, -0.04000000, 0.03500000, 0.00450672
0.01000000, -0.04000000, 0.03000000, -0.02911234
0.01500000, -0.04000000, 0.02500000, -0.04986990
0.02000000, -0.04000000, 0.02000000, -0.05823119
0.02500000, -0.04000000, 0.01500000, -0.05435509
0.03000000, -0.04000000, 0.01000000, -0.03835070
0.03500000, -0.04000000, 0.00500000, -0.01032895
0.04000000, -0.04000000, 0.00000000, 0.02950503
0.04000000, -0.03500000, -0.00500000, 0.02733949
0.04000000, -0.03000000, -0.01000000, 0.02624403
0.04000000, -0.02500000, -0.01500000, 0.02560838
0.04000000, -0.02000000, -0.02000000, 0.02535713
0.04000000, -0.01500000, -0.02500000, 0.02541168
0.04000000, -0.01000000, -0.03000000, 0.02578771
0.04000000, -0.00500000, -0.03500000, 0.02650643
0.05000000, 0.00000000, -0.05000000, 0.02606754
0.04375000, 0.00625000, -0.05000000, 0.02974476
0.03750000, 0.01250000, -0.05000000, 0.03418098
0.03125000, 0.01875000, -0.05000000, 0.03906276
0.02500000, 0.02500000, -0.05000000, 0.04406946
0.01875000, 0.03125000, -0.05000000, 0.04882101
0.01250000, 0.03750000, -0.05000000, 0.05296984
0.00625000, 0.04375000, -0.05000000, 0.05573536
0.00000000, 0.05000000, -0.05000000, 0.05448847
-0.00625000, 0.05000000, -0.04375000, 0.01486304
-0.01250000, 0.05000000, -0.03750000, -0.01300102
-0.01875000, 0.05000000, -0.03125000, -0.03048261
-0.02500000, 0.05000000, -0.02500000, -0.03805088
-0.03125000, 0.05000000, -0.01875000, -0.03588804
-0.03750000, 0.05000000, -0.01250000, -0.02404792
-0.04375000, 0.05000000, -0.00625000, -0.00269916
-0.05000000, 0.05000000, 0.00000000, 0.02786849
-0.05000000, 0.04375000, 0.00625000, 0.02555516
-0.05000000, 0.03750000, 0.01250000, 0.02437478
-0.05000000, 0.03125000, 0.01875000, 0.02369181
-0.05000000, 0.02500000, 0.02500000, 0.02341752
-0.05000000, 0.01875000, 0.03125000, 0.02345177
-0.05000000, 0.01250000, 0.03750000, 0.02388544
-0.05000000, 0.00625000, 0.04375000, 0.02470734
-0.05000000, 0.00000000, 0.05000000, 0.02606754
-0.04375000, -0.00625000, 0.05000000, 0.02974476
-0.03750000, -0.01250000, 0.05000000, 0.03418098
-0.03125000, -0.01875000, 0.05000000, 0.03906276
-0.02500000, -0.02500000, 0.05000000, 0.04406946
-0.01875000, -0.03125000, 0.05000000, 0.04882101
-0.01250000, -0.03750000, 0.05000000, 0.05296984
-0.00625000, -0.04375000, 0.05000000, 0.05573536
0.00000000, -0.05000000, 0.05000000, 0.05448847
0.00625000, -0.05000000, 0.04375000, 0.01486304
0.01250000, -0.05000000, 0.03750000, -0.01300102
0.01875000, -0.05000000, 0.03125000, -0.03048261
0.02500000, -0.05000000, 0.02500000, -0.03805088
0.03125000, -0.05000000, 0.01875000, -0.03588804
0.03750000, -0.05000000, 0.01250000, -0.02404792
0.04375000, -0.05000000, 0.00625000, -0.00269916
0.05000000, -0.05000000, 0.00000000, 0.02786849
0.05000000, -0.04375000, -0.00625000, 0.02555516
0.05000000, -0.03750000, -0.01250000, 0.02437478
0.05000000, -0.03125000, -0.01875000, 0.02369181
0.05000000, -0.02500000, -0.02500000, 0.02341752
0.05000000, -0.01875000, -0.03125000, 0.02345177
0.05000000, -0.01250000, -0.03750000, 0.02388544
0.05000000, -0.00625000, -0.04375000, 0.02470734
0.06000000, 0.00000000, -0.06000000, 0.02474792
0.05250000, 0.00750000, -0.06000000, 0.02866540
0.04500000, 0.01500000, -0.06000000, 0.03348508
0.03750000, 0.02250000, -0.06000000, 0.03880221
0.03000000, 0.03000000, -0.06000000, 0.04430889
0.02250000, 0.03750000, -0.06000000, 0.04960965
0.01500000, 0.04500000, -0.06000000, 0.05428567
0.00750000, 0.05250000, -0.06000000, 0.05751356
0.00000000, 0.06000000, -0.06000000, 0.05649961
-0.00750000, 0.06000000, -0.05250000, 0.02213857
-0.01500000, 0.06000000, -0.04500000, -0.00192523
-0.02250000, 0.06000000, -0.03750000, -0.01729693
-0.03000000, 0.06000000, -0.03000000, -0.02442120
-0.03750000, 0.06000000, -0.02250000, -0.02341815
-0.04500000, 0.06000000, -0.01500000, -0.01446599
-0.05250000, 0.06000000, -0.00750000, 0.00231742
-0.06000000, 0.06000000, 0.00000000, 0.02654714
-0.06000000, 0.05250000, 0.00750000, 0.02404130
-0.06000000, 0.04500000, 0.01500000, 0.02278239
-0.06000000, 0.03750000, 0.02250000, 0.02206862
-0.06000000, 0.03000000, 0.03000000, 0.02177205
-0.06000000, 0.02250000, 0.03750000, 0.02188165
-0.06000000, 0.01500000, 0.04500000, 0.02236830
-0.06000000, 0.00750000, 0.05250000, 0.02328231
-0.06000000, 0.00000000, 0.06000000, 0.02474792
-0.05250000, -0.00750000, 0.06000000, 0.02866540
-0.04500000, -0.01500000, 0.06000000, 0.03348508
-0.03750000, -0.02250000, 0.06000000, 0.03880221
-0.03000000, -0.03000000, 0.06000000, 0.04430889
-0.02250000, -0.03750000, 0.06000000, 0.04960965
-0.01500000, -0.04500000, 0.06000000, 0.05428567
-0.00750000, -0.05250000, 0.06000000, 0.05751356
0.00000000, -0.06000000, 0.06000000, 0.05649961
0.00750000, -0.06000000, 0.05250000, 0.02213857
0.01500000, -0.06000000, 0.04500000, -0.00192523
0.02250000, -0.06000000, 0.03750000, -0.01729693
0.03000000, -0.06000000, 0.03000000, -0.02442120
0.03750000, -0.06000000, 0.02250000, -0.02341815
0.04500000, -0.06000000, 0.01500000, -0.01446599
0.05250000, -0.06000000, 0.00750000, 0.00231742
0.06000000, -0.06000000, 0.00000000, 0.02654714
0.06000000, -0.05250000, -0.00750000, 0.02404130
0.06000000, -0.04500000, -0.01500000, 0.02278239
0.06000000, -0.03750000, -0.02250000, 0.02206862
0.06000000, -0.03000000, -0.03000000, 0.02177205
0.06000000, -0.02250000, -0.03750000, 0.02188165
0.06000000, -0.01500000, -0.04500000, 0.02236830
0.06000000, -0.00750000, -0.05250000, 0.02328231
0.07000000, 0.00000000, -0.07000000, 0.02354087
0.06125000, 0.00875000, -0.07000000, 0.02771093
0.05250000, 0.01750000, -0.07000000, 0.03290450
0.04375000, 0.02625000, -0.07000000, 0.03864106
0.03500000, 0.03500000, -0.07000000, 0.04458142
0.02625000, 0.04375000, -0.07000000, 0.05033224
0.01750000, 0.05250000, -0.07000000, 0.05542977
0.00875000, 0.06125000, -0.07000000, 0.05904485
0.00000000, 0.07000000, -0.07000000, 0.05827782
-0.00875000, 0.07000000, -0.06125000, 0.02759983
-0.01750000, 0.07000000, -0.05250000, 0.00627191
-0.02625000, 0.07000000, -0.04375000, -0.00764421
-0.03500000, 0.07000000, -0.03500000, -0.01450628
-0.04375000, 0.07000000, -0.02625000, -0.01446861
-0.05250000, 0.07000000, -0.01750000, -0.00767116
-0.06125000, 0.07000000, -0.00875000, 0.00575418
-0.07000000, 0.07000000, 0.00000000, 0.02537685
-0.07000000, 0.06125000, 0.00875000, 0.02273547
-0.07000000, 0.05250000, 0.01750000, 0.02146578
-0.07000000, 0.04375000, 0.02625000, 0.02071127
-0.07000000, 0.03500000, 0.03500000, 0.02039067
-0.07000000, 0.02625000, 0.04375000, 0.02048768
-0.07000000, 0.01750000, 0.05250000, 0.02099041
-0.07000000, 0.00875000, 0.06125000, 0.02196411
-0.07000000, 0.00000000, 0.07000000, 0.02354087
-0.06125000, -0.00875000, 0.07000000, 0.02771093
-0.05250000, -0.01750000, 0.07000000, 0.03290450
-0.04375000, -0.02625000, 0.07000000, 0.03864106
-0.03500000, -0.03500000, 0.07000000, 0.04458142
-0.02625000, -0.04375000, 0.07000000, 0.05033224
-0.01750000, -0.05250000, 0.07000000, 0.05542977
-0.00875000, -0.06125000, 0.07000000, 0.05904485
0.00000000, -0.07000000, 0.07000000, 0.05827782
0.00875000, -0.07000000, 0.06125000, 0.02759983
0.01750000, -0.07000000, 0.05250000, 0.00627191
0.02625000, -0.07000000, 0.04375000, -0.00764421
0.03500000, -0.07000000, 0.03500000, -0.01450628
0.04375000, -0.07000000, 0.02625000, -0.01446861
0.05250000, -0.07000000, 0.01750000, -0.00767116
0.06125000, -0.07000000, 0.00875000, 0.00575418
0.07000000, -0.07000000, 0.00000000, 0.02537685
0.07000000, -0.06125000, -0.00875000, 0.02273547
0.07000000, -0.05250000, -0.01750000, 0.02146578
0.07000000, -0.04375000, -0.02625000, 0.02071127
0.07000000, -0.03500000, -0.03500000, 0.02039067
0.07000000, -0.02625000, -0.04375000, 0.02048768
0.07000000, -0.01750000, -0.05250000, 0.02099041
0.07000000, -0.00875000, -0.06125000, 0.02196411
0.08000000, 0.00000000, -0.08000000, 0.02241549
0.07000000, 0.01000000, -0.08000000, 0.02683719
0.06000000, 0.02000000, -0.08000000, 0.03237382
0.05000000, 0.03000000, -0.08000000, 0.03850057
0.04000000, 0.04000000, -0.08000000, 0.04484462
0.03000000, 0.05000000, -0.08000000, 0.05098486
0.02000000, 0.06000000, -0.08000000, 0.05645939
0.01000000, 0.07000000, -0.08000000, 0.06040048
0.00000000, 0.08000000, -0.08000000, 0.05982846
-0.01000000, 0.08000000, -0.07000000, 0.03189767
-0.02000000, 0.08000000, -0.06000000, 0.01256510
-0.03000000, 0.08000000, -0.05000000, -0.00029185
-0.04000000, 0.08000000, -0.04000000, -0.00699391
-0.05000000, 0.08000000, -0.03000000, -0.00774317
-0.06000000, 0.08000000, -0.02000000, -0.00261292
-0.07000000, 0.08000000, -0.01000000, 0.00823477
-0.08000000, 0.08000000, 0.00000000, 0.02435612
-0.08000000, 0.07000000, 0.01000000, 0.02162794
-0.08000000, 0.06000000, 0.02000000, 0.02032516
-0.08000000, 0.05000000, 0.03000000, 0.01952270
-0.08000000, 0.04000000, 0.04000000, 0.01917294
-0.08000000, 0.03000000, 0.05000000, 0.01922462
-0.08000000, 0.02000000, 0.06000000, 0.01972900
-0.08000000, 0.01000000, 0.07000000, 0.02073611
-0.08000000, 0.00000000, 0.08000000, 0.02241549
-0.07000000, -0.01000000, 0.08000000, 0.02683719
-0.06000000, -0.02000000, 0.08000000, 0.03237382
-0.05000000, -0.03000000, 0.08000000, 0.03850057
-0.04000000, -0.04000000, 0.08000000, 0.04484462
-0.03000000, -0.05000000, 0.08000000, 0.05098486
-0.02000000, -0.06000000, 0.08000000, 0.05645939
-0.01000000, -0.07000000, 0.08000000, 0.06040048
0.00000000, -0.08000000, 0.08000000, 0.05982846
0.01000000, -0.08000000, 0.07000000, 0.03189767
0.02000000, -0.08000000, 0.06000000, 0.01256510
0.03000000, -0.08000000, 0.05000000, -0.00029185
0.04000000, -0.08000000, 0.04000000, -0.00699391
0.05000000, -0.08000000, 0.03000000, -0.00774317
0.06000000, -0.08000000, 0.02000000, -0.00261292
0.07000000, -0.08000000, 0.01000000, 0.00823477
0.08000000, -0.08000000, 0.00000000, 0.02435612
0.08000000, -0.07000000, -0.01000000, 0.02162794
0.08000000, -0.06000000, -0.02000000, 0.02032516
0.08000000, -0.05000000, -0.03000000, 0.01952270
0.08000000, -0.04000000, -0.04000000, 0.01917294
0.08000000, -0.03000000, -0.05000000, 0.01922462
0.08000000, -0.02000000, -0.06000000, 0.01972900
0.08000000, -0.01000000, -0.07000000, 0.02073611
0.09000000, 0.00000000, -0.09000000, 0.02135669
0.07875000, 0.01125000, -0.09000000, 0.02601338
0.06750000, 0.02250000, -0.09000000, 0.03185838
0.05625000, 0.03375000, -0.09000000, 0.03833748
0.04500000, 0.04500000, -0.09000000, 0.04506652
0.03375000, 0.05625000, -0.09000000, 0.05158192
0.02250000, 0.06750000, -0.09000000, 0.05741866
0.01125000, 0.07875000, -0.09000000, 0.06164346
0.00000000, 0.09000000, -0.09000000, 0.06116522
-0.01125000, 0.09000000, -0.07875000, 0.03536517
-0.02250000, 0.09000000, -0.06750000, 0.01751618
-0.03375000, 0.09000000, -0.05625000, 0.00545830
-0.04500000, 0.09000000, -0.04500000, -0.00114870
-0.05625000, 0.09000000, -0.03375000, -0.00250718
-0.06750000, 0.09000000, -0.02250000, 0.00129867
-0.07875000, 0.09000000, -0.01125000, 0.01010953
-0.09000000, 0.09000000, 0.00000000, 0.02346909
-0.09000000, 0.07875000, 0.01125000, 0.02067065
-0.09000000, 0.06750000, 0.02250000, 0.01929135
-0.09000000, 0.05625000, 0.03375000, 0.01843596
-0.09000000, 0.04500000, 0.04500000, 0.01805012
-0.09000000, 0.03375000, 0.05625000, 0.01808275
-0.09000000, 0.02250000, 0.06750000, 0.01858724
-0.09000000, 0.01125000, 0.07875000, 0.01961382
-0.09000000, 0.00000000, 0.09000000, 0.02135669
-0.07875000, -0.01125000, 0.09000000, 0.02601338
-0.06750000, -0.02250000, 0.09000000, 0.03185838
-0.05625000, -0.03375000, 0.09000000, 0.03833748
-0.04500000, -0.04500000, 0.09000000, 0.04506652
-0.03375000, -0.05625000, 0.09000000, 0.05158192
-0.02250000, -0.06750000, 0.09000000, 0.05741866
-0.01125000, -0.07875000, 0.09000000, 0.06164346
0.00000000, -0.09000000, 0.09000000, 0.06116522
0.01125000, -0.09000000, 0.07875000, 0.03536517
0.02250000, -0.09000000, 0.06750000, 0.01751618
0.03375000, -0.09000000, 0.05625000, 0.00545830
0.04500000, -0.09000000, 0.04500000, -0.00114870
0.05625000, -0.09000000, 0.03375000, -0.00250718
0.06750000, -0.09000000, 0.02250000, 0.00129867
0.07875000, -0.09000000, 0.01125000, 0.01010953
0.09000000, -0.09000000, 0.00000000, 0.02346909
0.09000000, -0.07875000, -0.01125000, 0.02067065
0.09000000, -0.06750000, -0.02250000, 0.01929135
0.09000000, -0.05625000, -0.03375000, 0.01843596
0.09000000, -0.04500000, -0.04500000, 0.01805012
0.09000000, -0.03375000, -0.05625000, 0.01808275
0.09000000, -0.02250000, -0.06750000, 0.01858724
0.09000000, -0.01125000, -0.07875000, 0.01961382
0.10000000, 0.00000000, -0.10000000, 0.02033450
0.08750000, 0.01250000, -0.10000000, 0.02520931
0.07500000, 0.02500000, -0.10000000, 0.03133726
0.06250000, 0.03750000, -0.10000000, 0.03813925
0.05000000, 0.05000000, -0.10000000, 0.04522554
0.03750000, 0.06250000, -0.10000000, 0.05210077
0.02500000, 0.07500000, -0.10000000, 0.05827197
0.01250000, 0.08750000, -0.10000000, 0.06274660
0.00000000, 0.10000000, -0.10000000, 0.06229809
-0.01250000, 0.10000000, -0.08750000, 0.03819076
-0.02500000, 0.10000000, -0.07500000, 0.02149921
-0.03750000, 0.10000000, -0.06250000, 0.01006536
-0.05000000, 0.10000000, -0.05000000, 0.00351187
-0.06250000, 0.10000000, -0.03750000, 0.00166410
-0.07500000, 0.10000000, -0.02500000, 0.00438751
-0.08750000, 0.10000000, -0.01250000, 0.01154533
-0.10000000, 0.10000000, 0.00000000, 0.02266680
-0.10000000, 0.08750000, 0.01250000, 0.01980696
-0.10000000, 0.07500000, 0.02500000, 0.01833750
-0.10000000, 0.06250000, 0.03750000, 0.01742745
-0.10000000, 0.05000000, 0.05000000, 0.01700021
-0.10000000, 0.03750000, 0.06250000, 0.01702865
-0.10000000, 0.02500000, 0.07500000, 0.01752689
-0.10000000, 0.01250000, 0.08750000, 0.01856183
-0.10000000, 0.00000000, 0.10000000, 0.02033450
-0.08750000, -0.01250000, 0.10000000, 0.02520931
-0.07500000, -0.02500000, 0.10000000, 0.03133726
-0.06250000, -0.03750000, 0.10000000, 0.03813925
-0.05000000, -0.05000000, 0.10000000, 0.04522554
-0.03750000, -0.06250000, 0.10000000, 0.05210077
-0.02500000, -0.07500000, 0.10000000, 0.05827197
-0.01250000, -0.08750000, 0.10000000, 0.06274660
0.00000000, -0.10000000, 0.10000000, 0.06229809
0.01250000, -0.10000000, 0.08750000, 0.03819076
0.02500000, -0.10000000, 0.07500000, 0.02149921
0.03750000, -0.10000000, 0.06250000, 0.01006536
0.05000000, -0.10000000, 0.05000000, 0.00351187
0.06250000, -0.10000000, 0.03750000, 0.00166410
0.07500000, -0.10000000, 0.02500000, 0.00438751
0.08750000, -0.10000000, 0.01250000, 0.01154533
0.10000000, -0.10000000, 0.00000000, 0.02266680
0.10000000, -0.08750000, -0.01250000, 0.01980696
0.10000000, -0.07500000, -0.02500000, 0.01833750
0.10000000, -0.06250000, -0.03750000, 0.01742745
0.10000000, -0.05000000, -0.05000000, 0.01700021
0.10000000, -0.03750000, -0.06250000, 0.01702865
0.10000000, -0.02500000, -0.07500000, 0.01752689
0.10000000, -0.01250000, -0.08750000, 0.01856183
0.15000000, 0.00000000, -0.15000000, 0.01533746
0.13125000, 0.01875000, -0.15000000, 0.02108254
0.11250000, 0.03750000, -0.15000000, 0.02836137
0.09375000, 0.05625000, -0.15000000, 0.03647413
0.07500000, 0.07500000, -0.15000000, 0.04490353
0.05625000, 0.09375000, -0.15000000, 0.05308672
0.03750000, 0.11250000, -0.15000000, 0.06038848
0.01875000, 0.13125000, -0.15000000, 0.06565969
0.00000000, 0.15000000, -0.15000000, 0.06516378
-0.01875000, 0.15000000, -0.13125000, 0.04615961
-0.03750000, 0.15000000, -0.11250000, 0.03307628
-0.05625000, 0.15000000, -0.09375000, 0.02349180
-0.07500000, 0.15000000, -0.07500000, 0.01700417
-0.09375000, 0.15000000, -0.05625000, 0.01343428
-0.11250000, 0.15000000, -0.03750000, 0.01272215
-0.13125000, 0.15000000, -0.01875000, 0.01474519
-0.15000000, 0.15000000, 0.00000000, 0.01909874
-0.15000000, 0.13125000, 0.01875000, 0.01609150
-0.15000000, 0.11250000, 0.03750000, 0.01433899
-0.15000000, 0.09375000, 0.05625000, 0.01317809
-0.15000000, 0.07500000, 0.07500000, 0.01251618
-0.15000000, 0.05625000, 0.09375000, 0.01231815
-0.15000000, 0.03750000, 0.11250000, 0.01263919
-0.15000000, 0.01875000, 0.13125000, 0.01355540
-0.15000000, 0.00000000, 0.15000000, 0.01533746
-0.13125000, -0.01875000, 0.15000000, 0.02108254
-0.11250000, -0.03750000, 0.15000000, 0.02836137
-0.09375000, -0.05625000, 0.15000000, 0.03647413
-0.07500000, -0.07500000, 0.15000000, 0.04490353
-0.05625000, -0.09375000, 0.15000000, 0.05308672
-0.03750000, -0.11250000, 0.15000000, 0.06038848
-0.01875000, -0.13125000, 0.15000000, 0.06565969
0.00000000, -0.15000000, 0.15000000, 0.06516378
0.01875000, -0.15000000, 0.13125000, 0.04615961
0.03750000, -0.15000000, 0.11250000, 0.03307628
0.05625000, -0.15000000, 0.09375000, 0.02349180
0.07500000, -0.15000000, 0.07500000, 0.01700417
0.09375000, -0.15000000, 0.05625000, 0.01343428
0.11250000, -0.15000000, 0.03750000, 0.01272215
0.13125000, -0.15000000, 0.01875000, 0.01474519
0.15000000, -0.15000000, 0.00000000, 0.01909874
0.15000000, -0.13125000, -0.01875000, 0.01609150
0.15000000, -0.11250000, -0.03750000, 0.01433899
0.15000000, -0.09375000, -0.05625000, 0.01317809
0.15000000, -0.07500000, -0.07500000, 0.01251618
0.15000000, -0.05625000, -0.09375000, 0.01231815
0.15000000, -0.03750000, -0.11250000, 0.01263919
0.15000000, -0.01875000, -0.13125000, 0.01355540
0.20000000, 0.00000000, -0.20000000, 0.01071981
0.17500000, 0.02500000, -0.20000000, 0.01682996
0.15000000, 0.05000000, -0.20000000, 0.02471436
0.12500000, 0.07500000, -0.20000000, 0.03354823
0.10000000, 0.10000000, -0.20000000, 0.04276619
0.07500000, 0.12500000, -0.20000000, 0.05169756
0.05000000, 0.15000000, -0.20000000, 0.05959614
0.02500000, 0.17500000, -0.20000000, 0.06510776
0.00000000, 0.20000000, -0.20000000, 0.06403004
-0.02500000, 0.20000000, -0.17500000, 0.04812043
-0.05000000, 0.20000000, -0.15000000, 0.03711998
-0.07500000, 0.20000000, -0.12500000, 0.02858951
-0.10000000, 0.20000000, -0.10000000, 0.02215473
-0.12500000, 0.20000000, -0.07500000, 0.01773074
-0.15000000, 0.20000000, -0.05000000, 0.01524739
-0.17500000, 0.20000000, -0.02500000, 0.01468804
-0.20000000, 0.20000000, 0.00000000, 0.01578003
-0.20000000, 0.17500000, 0.02500000, 0.01279953
-0.20000000, 0.15000000, 0.05000000, 0.01087924
-0.20000000, 0.12500000, 0.07500000, 0.00954645
-0.20000000, 0.10000000, 0.10000000, 0.00869202
-0.20000000, 0.07500000, 0.12500000, 0.00832710
-0.20000000, 0.05000000, 0.15000000, 0.00844643
-0.20000000, 0.02500000, 0.17500000, 0.00915076
-0.20000000, 0.00000000, 0.20000000, 0.01071981
-0.17500000, -0.02500000, 0.20000000, 0.01682996
-0.15000000, -0.05000000, 0.20000000, 0.02471436
-0.12500000, -0.07500000, 0.20000000, 0.03354823
-0.10000000, -0.10000000, 0.20000000, 0.04276619
-0.07500000, -0.12500000, 0.20000000, 0.05169756
-0.05000000, -0.15000000, 0.20000000, 0.05959614
-0.02500000, -0.17500000, 0.20000000, 0.06510776
0.00000000, -0.20000000, 0.20000000, 0.06403004
0.02500000, -0.20000000, 0.17500000, 0.04812043
0.05000000, -0.20000000, 0.15000000, 0.03711998
0.07500000, -0.20000000, 0.12500000, 0.02858951
0.10000000, -0.20000000, 0.10000000, 0.02215473
0.12500000, -0.20000000, 0.07500000, 0.01773074
0.15000000, -0.20000000, 0.05000000, 0.01524739
0.17500000, -0.20000000, 0.02500000, 0.01468804
0.20000000, -0.20000000, 0.00000000, 0.01578003
0.20000000, -0.17500000, -0.02500000, 0.01279953
0.20000000, -0.15000000, -0.05000000, 0.01087924
0.20000000, -0.12500000, -0.07500000, 0.00954645
0.20000000, -0.10000000, -0.10000000, 0.00869202
0.20000000, -0.07500000, -0.12500000, 0.00832710
0.20000000, -0.05000000, -0.15000000, 0.00844643
0.20000000, -0.02500000, -0.17500000, 0.00915076
0.25000000, 0.00000000, -0.25000000, 0.00678796
0.21875000, 0.03125000, -0.25000000, 0.01273461
0.18750000, 0.06250000, -0.25000000, 0.02064553
0.15625000, 0.09375000, -0.25000000, 0.02963094
0.12500000, 0.12500000, -0.25000000, 0.03903661
0.09375000, 0.15625000, -0.25000000, 0.04814256
0.06250000, 0.18750000, -0.25000000, 0.05609417
0.03125000, 0.21875000, -0.25000000, 0.06142700
0.00000000, 0.25000000, -0.25000000, 0.05965266
-0.03125000, 0.25000000, -0.21875000, 0.04645469
-0.06250000, 0.25000000, -0.18750000, 0.03727122
-0.09375000, 0.25000000, -0.15625000, 0.02967369
-0.12500000, 0.25000000, -0.12500000, 0.02339737
-0.15625000, 0.25000000, -0.09375000, 0.01845114
-0.18750000, 0.25000000, -0.06250000, 0.01493514
-0.21875000, 0.25000000, -0.03125000, 0.01292070
-0.25000000, 0.25000000, 0.00000000, 0.01232549
-0.25000000, 0.21875000, 0.03125000, 0.00962788
-0.25000000, 0.18750000, 0.06250000, 0.00778844
-0.25000000, 0.15625000, 0.09375000, 0.00644352
-0.25000000, 0.12500000, 0.12500000, 0.00552794
-0.25000000, 0.09375000, 0.15625000, 0.00502871
-0.25000000, 0.06250000, 0.18750000, 0.00498346
-0.25000000, 0.03125000, 0.21875000, 0.00547476
-0.25000000, 0.00000000, 0.25000000, 0.00678796
-0.21875000, -0.03125000, 0.25000000, 0.01273461
-0.18750000, -0.06250000, 0.25000000, 0.02064553
-0.15625000, -0.09375000, 0.25000000, 0.02963094
-0.12500000, -0.12500000, 0.25000000, 0.03903661
-0.09375000, -0.15625000, 0.25000000, 0.04814256
-0.06250000, -0.18750000, 0.25000000, 0.05609417
-0.03125000, -0.21875000, 0.25000000, 0.06142700
0.00000000, -0.25000000, 0.25000000, 0.05965266
0.03125000, -0.25000000, 0.21875000, 0.04645469
0.06250000, -0.25000000, 0.18750000, 0.03727122
0.09375000, -0.25000000, 0.15625000, 0.02967369
0.12500000, -0.25000000, 0.12500000, 0.02339737
0.15625000, -0.25000000, 0.09375000, 0.01845114
0.18750000, -0.25000000, 0.06250000, 0.01493514
0.21875000, -0.25000000, 0.03125000, 0.01292070
0.25000000, -0.25000000, 0.00000000, 0.01232549
0.25000000, -0.21875000, -0.03125000, 0.00962788
0.25000000, -0.18750000, -0.06250000, 0.00778844
0.25000000, -0.15625000, -0.09375000, 0.00644352
0.25000000, -0.12500000, -0.12500000, 0.00552794
0.25000000, -0.09375000, -0.15625000, 0.00502871
0.25000000, -0.06250000, -0.18750000, 0.00498346
0.25000000, -0.03125000, -0.21875000, 0.00547476
0.30000000, 0.00000000, -0.30000000, 0.00386605
0.26250000, 0.03750000, -0.30000000, 0.00913726
0.22500000, 0.07500000, -0.30000000, 0.01650104
0.18750000, 0.11250000, -0.30000000, 0.02504698
0.15000000, 0.15000000, -0.30000000, 0.03410034
0.11250000, 0.18750000, -0.30000000, 0.04287930
0.07500000, 0.22500000, -0.30000000, 0.05047884
0.03750000, 0.26250000, -0.30000000, 0.05531981
0.00000000, 0.30000000, -0.30000000, 0.05278432
-0.03750000, 0.30000000, -0.26250000, 0.04236895
-0.07500000, 0.30000000, -0.22500000, 0.03496692
-0.11250000, 0.30000000, -0.18750000, 0.02832757
-0.15000000, 0.30000000, -0.15000000, 0.02234469
-0.18750000, 0.30000000, -0.11250000, 0.01719884
-0.22500000, 0.30000000, -0.07500000, 0.01313396
-0.26250000, 0.30000000, -0.03750000, 0.01036488
-0.30000000, 0.30000000, 0.00000000, 0.00898717
-0.30000000, 0.26250000, 0.03750000, 0.00675714
-0.30000000, 0.22500000, 0.07500000, 0.00515473
-0.30000000, 0.18750000, 0.11250000, 0.00395099
-0.30000000, 0.15000000, 0.15000000, 0.00310441
-0.30000000, 0.11250000, 0.18750000, 0.00261087
-0.30000000, 0.07500000, 0.22500000, 0.00249930
-0.30000000, 0.03750000, 0.26250000, 0.00283436
-0.30000000, 0.00000000, 0.30000000, 0.00386605
-0.26250000, -0.03750000, 0.30000000, 0.00913726
-0.22500000, -0.07500000, 0.30000000, 0.01650104
-0.18750000, -0.11250000, 0.30000000, 0.02504698
-0.15000000, -0.15000000, 0.30000000, 0.03410034
-0.11250000, -0.18750000, 0.30000000, 0.04287930
-0.07500000, -0.22500000, 0.30000000, 0.05047884
-0.03750000, -0.26250000, 0.30000000, 0.05531981
0.00000000, -0.30000000, 0.30000000, 0.05278432
0.03750000, -0.30000000, 0.26250000, 0.04236895
0.07500000, -0.30000000, 0.22500000, 0.03496692
0.11250000, -0.30000000, 0.18750000, 0.02832757
0.15000000, -0.30000000, 0.15000000, 0.02234469
0.18750000, -0.30000000, 0.11250000, 0.01719884
0.22500000, -0.30000000, 0.07500000, 0.01313396
0.26250000, -0.30000000, 0.03750000, 0.01036488
0.30000000, -0.30000000, 0.00000000, 0.00898717
0.30000000, -0.26250000, -0.03750000, 0.00675714
0.30000000, -0.22500000, -0.07500000, 0.00515473
0.30000000, -0.18750000, -0.11250000, 0.00395099
0.30000000, -0.15000000, -0.15000000, 0.00310441
0.30000000, -0.11250000, -0.18750000, 0.00261087
0.30000000, -0.07500000, -0.22500000, 0.00249930
0.30000000, -0.03750000, -0.26250000, 0.00283436
0.35000000, 0.00000000, -0.35000000, 0.00196469
0.30625000, 0.04375000, -0.35000000, 0.00622273
0.26250000, 0.08750000, -0.35000000, 0.01257823
0.21875000, 0.13125000, -0.35000000, 0.02018126
0.17500000, 0.17500000, -0.35000000, 0.02838523
0.13125000, 0.21875000, -0.35000000, 0.03639714
0.08750000, 0.26250000, -0.35000000, 0.04328202
0.04375000, 0.30625000, -0.35000000, 0.04742261
0.00000000, 0.35000000, -0.35000000, 0.04426125
-0.04375000, 0.35000000, -0.30625000, 0.03670756
-0.08750000, 0.35000000, -0.26250000, 0.03111600
-0.13125000, 0.35000000, -0.21875000, 0.02550703
-0.17500000, 0.35000000, -0.17500000, 0.01995585
-0.21875000, 0.35000000, -0.13125000, 0.01486237
-0.26250000, 0.35000000, -0.08750000, 0.01061939
-0.30625000, 0.35000000, -0.04375000, 0.00759984
-0.35000000, 0.35000000, 0.00000000, 0.00601800
-0.35000000, 0.30625000, 0.04375000, 0.00436037
-0.35000000, 0.26250000, 0.08750000, 0.00310059
-0.35000000, 0.21875000, 0.13125000, 0.00214334
-0.35000000, 0.17500000, 0.17500000, 0.00146335
-0.35000000, 0.13125000, 0.21875000, 0.00107833
-0.35000000, 0.08750000, 0.26250000, 0.00097746
-0.35000000, 0.04375000, 0.30625000, 0.00121396
-0.35000000, 0.00000000, 0.35000000, 0.00196469
-0.30625000, -0.04375000, 0.35000000, 0.00622273
-0.26250000, -0.08750000, 0.35000000, 0.01257823
-0.21875000, -0.13125000, 0.35000000, 0.02018126
-0.17500000, -0.17500000, 0.35000000, 0.02838523
-0.13125000, -0.21875000, 0.35000000, 0.03639714
-0.08750000, -0.26250000, 0.35000000, 0.04328202
-0.04375000, -0.30625000, 0.35000000, 0.04742261
0.00000000, -0.35000000, 0.35000000, 0.04426125
0.04375000, -0.35000000, 0.30625000, 0.03670756
0.08750000, -0.35000000, 0.26250000, 0.03111600
0.13125000, -0.35000000, 0.21875000, 0.02550703
0.17500000, -0.35000000, 0.17500000, 0.01995585
0.21875000, -0.35000000, 0.13125000, 0.01486237
0.26250000, -0.35000000, 0.08750000, 0.01061939
0.30625000, -0.35000000, 0.04375000, 0.00759984
0.35000000, -0.35000000, 0.00000000, 0.00601800
0.35000000, -0.30625000, -0.04375000, 0.00436037
0.35000000, -0.26250000, -0.08750000, 0.00310059
0.35000000, -0.21875000, -0.13125000, 0.00214334
0.35000000, -0.17500000, -0.17500000, 0.00146335
0.35000000, -0.13125000, -0.21875000, 0.00107833
0.35000000, -0.08750000, -0.26250000, 0.00097746
0.35000000, -0.04375000, -0.30625000, 0.00121396
0.40000000, 0.00000000, -0.40000000, 0.00087625
0.35000000, 0.05000000, -0.40000000, 0.00402242
0.30000000, 0.10000000, -0.40000000, 0.00910438
0.25000000, 0.15000000, -0.40000000, 0.01542294
0.20000000, 0.20000000, -0.40000000, 0.02238776
0.15000000, 0.25000000, -0.40000000, 0.02926503
0.10000000, 0.30000000, -0.40000000, 0.03513608
0.05000000, 0.35000000, -0.40000000, 0.03846030
0.00000000, 0.40000000, -0.40000000, 0.03499465
-0.05000000, 0.40000000, -0.35000000, 0.03019692
-0.10000000, 0.40000000, -0.30000000, 0.02640004
-0.15000000, 0.40000000, -0.25000000, 0.02187772
-0.20000000, 0.40000000, -0.20000000, 0.01689060
-0.25000000, 0.40000000, -0.15000000, 0.01203485
-0.30000000, 0.40000000, -0.10000000, 0.00792244
-0.35000000, 0.40000000, -0.05000000, 0.00503149
-0.40000000, 0.40000000, 0.00000000, 0.00362327
-0.40000000, 0.35000000, 0.05000000, 0.00253879
-0.40000000, 0.30000000, 0.10000000, 0.00166893
-0.40000000, 0.25000000, 0.15000000, 0.00099655
-0.40000000, 0.20000000, 0.20000000, 0.00052370
-0.40000000, 0.15000000, 0.25000000, 0.00025325
-0.40000000, 0.10000000, 0.30000000, 0.00018980
-0.40000000, 0.05000000, 0.35000000, 0.00035873
-0.40000000, 0.00000000, 0.40000000, 0.00087625
-0.35000000, -0.05000000, 0.40000000, 0.00402242
-0.30000000, -0.10000000, 0.40000000, 0.00910438
-0.25000000, -0.15000000, 0.40000000, 0.01542294
-0.20000000, -0.20000000, 0.40000000, 0.02238776
-0.15000000, -0.25000000, 0.40000000, 0.02926503
-0.10000000, -0.30000000, 0.40000000, 0.03513608
-0.05000000, -0.35000000, 0.40000000, 0.03846030
0.00000000, -0.40000000, 0.40000000, 0.03499465
0.05000000, -0.40000000, 0.35000000, 0.03019692
0.10000000, -0.40000000, 0.30000000, 0.02640004
0.15000000, -0.40000000, 0.25000000, 0.02187772
0.20000000, -0.40000000, 0.20000000, 0.01689060
0.25000000, -0.40000000, 0.15000000, 0.01203485
0.30000000, -0.40000000, 0.10000000, 0.00792244
0.35000000, -0.40000000, 0.05000000, 0.00503149
0.40000000, -0.40000000, 0.00000000, 0.00362327
0.40000000, -0.35000000, -0.05000000, 0.00253879
0.40000000, -0.30000000, -0.10000000, 0.00166893
0.40000000, -0.25000000, -0.15000000, 0.00099655
0.40000000, -0.20000000, -0.20000000, 0.00052370
0.40000000, -0.15000000, -0.25000000, 0.00025325
0.40000000, -0.10000000, -0.30000000, 0.00018980
0.40000000, -0.05000000, -0.35000000, 0.00035873
0.45000000, 0.00000000, -0.45000000, 0.00034596
0.39375000, 0.05625000, -0.45000000, 0.00247285
0.33750000, 0.11250000, -0.45000000, 0.00622574
0.28125000, 0.16875000, -0.45000000, 0.01110082
0.22500000, 0.22500000, -0.45000000, 0.01662255
0.16875000, 0.28125000, -0.45000000, 0.02215353
0.11250000, 0.33750000, -0.45000000, 0.02686006
0.05625000, 0.39375000, -0.45000000, 0.02934769
0.00000000, 0.45000000, -0.45000000, 0.02590040
-0.05625000, 0.45000000, -0.39375000, 0.02351116
-0.11250000, 0.45000000, -0.33750000, 0.02134079
-0.16875000, 0.45000000, -0.28125000, 0.01789571
-0.22500000, 0.45000000, -0.22500000, 0.01358066
-0.28125000, 0.45000000, -0.16875000, 0.00916888
-0.33750000, 0.45000000, -0.11250000, 0.00545412
-0.39375000, 0.45000000, -0.05625000, 0.00296918
-0.45000000, 0.45000000, 0.00000000, 0.00193150
-0.45000000, 0.39375000, 0.05625000, 0.00131116
-0.45000000, 0.33750000, 0.11250000, 0.00078188
-0.45000000, 0.28125000, 0.16875000, 0.00036694
-0.45000000, 0.22500000, 0.22500000, 0.00008294
-0.45000000, 0.16875000, 0.28125000, -0.00008014
-0.45000000, 0.11250000, 0.33750000, -0.00010333
-0.45000000, 0.05625000, 0.39375000, 0.00001551
-0.45000000, 0.00000000, 0.45000000, 0.00034596
-0.39375000, -0.05625000, 0.45000000, 0.00247285
-0.33750000, -0.11250000, 0.45000000, 0.00622574
-0.28125000, -0.16875000, 0.45000000, 0.01110082
-0.22500000, -0.22500000, 0.45000000, 0.01662255
-0.16875000, -0.28125000, 0.45000000, 0.02215353
-0.11250000, -0.33750000, 0.45000000, 0.02686006
-0.05625000, -0.39375000, 0.45000000, 0.02934769
0.00000000, -0.45000000, 0.45000000, 0.02590040
0.05625000, -0.45000000, 0.39375000, 0.02351116
0.11250000, -0.45000000, 0.33750000, 0.02134079
0.16875000, -0.45000000, 0.28125000, 0.01789571
0.22500000, -0.45000000, 0.22500000, 0.01358066
0.28125000, -0.45000000, 0.16875000, 0.00916888
0.33750000, -0.45000000, 0.11250000, 0.00545412
0.39375000, -0.45000000, 0.05625000, 0.00296918
0.45000000, -0.45000000, 0.00000000, 0.00193150
0.45000000, -0.39375000, -0.05625000, 0.00131116
0.45000000, -0.33750000, -0.11250000, 0.00078188
0.45000000, -0.28125000, -0.16875000, 0.00036694
0.45000000, -0.22500000, -0.22500000, 0.00008294
0.45000000, -0.16875000, -0.28125000, -0.00008014
0.45000000, -0.11250000, -0.33750000, -0.00010333
0.45000000, -0.05625000, -0.39375000, 0.00001551
0.50000000, 0.00000000, -0.50000000, 0.00013304
0.43750000, 0.06250000, -0.50000000, 0.00144815
0.37500000, 0.12500000, -0.50000000, 0.00399456
0.31250000, 0.18750000, -0.50000000, 0.00745900
0.25000000, 0.25000000, -0.50000000, 0.01152286
0.18750000, 0.31250000, -0.50000000, 0.01566981
0.12500000, 0.37500000, -0.50000000, 0.01920146
0.06250000, 0.43750000, -0.50000000, 0.02091994
0.00000000, 0.50000000, -0.50000000, 0.01777317
-0.06250000, 0.50000000, -0.43750000, 0.01722972
-0.12500000, 0.50000000, -0.37500000, 0.01638130
-0.18750000, 0.50000000, -0.31250000, 0.01393483
-0.25000000, 0.50000000, -0.25000000, 0.01035895
-0.31250000, 0.50000000, -0.18750000, 0.00657284
-0.37500000, 0.50000000, -0.12500000, 0.00345122
-0.43750000, 0.50000000, -0.06250000, 0.00152646
-0.50000000, 0.50000000, 0.00000000, 0.00089596
-0.50000000, 0.43750000, 0.06250000, 0.00058843
-0.50000000, 0.37500000, 0.12500000, 0.00029979
-0.50000000, 0.31250000, 0.18750000, 0.00007694
-0.50000000, 0.25000000, 0.25000000, -0.00006864
-0.50000000, 0.18750000, 0.31250000, -0.00013701
-0.50000000, 0.12500000, 0.37500000, -0.00013014
-0.50000000, 0.06250000, 0.43750000, -0.00005006
-0.50000000, 0.00000000, 0.50000000, 0.00013304
-0.43750000, -0.06250000, 0.50000000, 0.00144815
-0.37500000, -0.12500000, 0.50000000, 0.00399456
-0.31250000, -0.18750000, 0.50000000, 0.00745900
-0.25000000, -0.25000000, 0.50000000, 0.01152286
-0.18750000, -0.31250000, 0.50000000, 0.01566981
-0.12500000, -0.37500000, 0.50000000, 0.01920146
-0.06250000, -0.43750000, 0.50000000, 0.02091994
0.00000000, -0.50000000, 0.50000000, 0.01777317
0.06250000, -0.50000000, 0.43750000, 0.01722972
0.12500000, -0.50000000, 0.37500000, 0.01638130
0.18750000, -0.50000000, 0.31250000, 0.01393483
0.25000000, -0.50000000, 0.25000000, 0.01035895
0.31250000, -0.50000000, 0.18750000, 0.00657284
0.37500000, -0.50000000, 0.12500000, 0.00345122
0.43750000, -0.50000000, 0.06250000, 0.00152646
0.50000000, -0.50000000, 0.00000000, 0.00089596
0.50000000, -0.43750000, -0.06250000, 0.00058843
0.50000000, -0.37500000, -0.12500000, 0.00029979
0.50000000, -0.31250000, -0.18750000, 0.00007694
0.50000000, -0.25000000, -0.25000000, -0.00006864
0.50000000, -0.18750000, -0.31250000, -0.00013701
0.50000000, -0.12500000, -0.37500000, -0.00013014
0.50000000, -0.06250000, -0.43750000, -0.00005006
0.55000000, 0.00000000, -0.55000000, 0.00005670
0.48125000, 0.06875000, -0.55000000, 0.00080341
0.41250000, 0.13750000, -0.55000000, 0.00238058
0.34375000, 0.20625000, -0.55000000, 0.00462997
0.27500000, 0.27500000, -0.55000000, 0.00737460
0.20625000, 0.34375000, -0.55000000, 0.01024197
0.13750000, 0.41250000, -0.55000000, 0.01268948
0.06875000, 0.48125000, -0.55000000, 0.01376919
0.00000000, 0.55000000, -0.55000000, 0.01116268
-0.06875000, 0.55000000, -0.48125000, 0.01178643
-0.13750000, 0.55000000, -0.41250000, 0.01188504
-0.20625000, 0.55000000, -0.34375000, 0.01030302
-0.27500000, 0.55000000, -0.27500000, 0.00748369
-0.34375000, 0.55000000, -0.20625000, 0.00441421
-0.41250000, 0.55000000, -0.13750000, 0.00197912
-0.48125000, 0.55000000, -0.06875000, 0.00063690
-0.55000000, 0.55000000, 0.00000000, 0.00034230
-0.55000000, 0.48125000, 0.06875000, 0.00021845
-0.55000000, 0.41250000, 0.13750000, 0.00007994
-0.55000000, 0.34375000, 0.20625000, -0.00002152
-0.55000000, 0.27500000, 0.27500000, -0.00008220
-0.55000000, 0.20625000, 0.34375000, -0.00009320
-0.55000000, 0.13750000, 0.41250000, -0.00007509
-0.55000000, 0.06875000, 0.48125000, -0.00002702
-0.55000000, 0.00000000, 0.55000000, 0.00005670
-0.48125000, -0.06875000, 0.55000000, 0.00080341
-0.41250000, -0.13750000, 0.55000000, 0.00238058
-0.34375000, -0.20625000, 0.55000000, 0.00462997
-0.27500000, -0.27500000, 0.55000000, 0.00737460
-0.20625000, -0.34375000, 0.55000000, 0.01024197
-0.13750000, -0.41250000, 0.55000000, 0.01268948
-0.06875000, -0.48125000, 0.55000000, 0.01376919
0.00000000, -0.55000000, 0.55000000, 0.01116268
0.06875000, -0.55000000, 0.48125000, 0.01178643
0.13750000, -0.55000000, 0.41250000, 0.01188504
0.20625000, -0.55000000, 0.34375000, 0.01030302
0.27500000, -0.55000000, 0.27500000, 0.00748369
0.34375000, -0.55000000, 0.20625000, 0.00441421
0.41250000, -0.55000000, 0.13750000, 0.00197912
0.48125000, -0.55000000, 0.06875000, 0.00063690
0.55000000, -0.55000000, 0.00000000, 0.00034230
0.55000000, -0.48125000, -0.06875000, 0.00021845
0.55000000, -0.41250000, -0.13750000, 0.00007994
0.55000000, -0.34375000, -0.20625000, -0.00002152
0.55000000, -0.27500000, -0.27500000, -0.00008220
0.55000000, -0.20625000, -0.34375000, -0.00009320
0.55000000, -0.13750000, -0.41250000, -0.00007509
0.55000000, -0.06875000, -0.48125000, -0.00002702
0.60000000, 0.00000000, -0.60000000, 0.00002269
0.52500000, 0.07500000, -0.60000000, 0.00041488
0.45000000, 0.15000000, -0.60000000, 0.00129865
0.37500000, 0.22500000, -0.60000000, 0.00261947
0.30000000, 0.30000000, -0.60000000, 0.00429222
0.22500000, 0.37500000, -0.60000000, 0.00608949
0.15000000, 0.45000000, -0.60000000, 0.00762466
0.07500000, 0.52500000, -0.60000000, 0.00822738
0.00000000, 0.60000000, -0.60000000, 0.00630312
-0.07500000, 0.60000000, -0.52500000, 0.00743932
-0.15000000, 0.60000000, -0.45000000, 0.00809447
-0.22500000, 0.60000000, -0.37500000, 0.00720037
-0.30000000, 0.60000000, -0.30000000, 0.00510322
-0.37500000, 0.60000000, -0.22500000, 0.00275401
-0.45000000, 0.60000000, -0.15000000, 0.00099853
-0.52500000, 0.60000000, -0.07500000, 0.00016091
-0.60000000, 0.60000000, 0.00000000, 0.00008572
-0.60000000, 0.52500000, 0.07500000, 0.00005625
-0.60000000, 0.45000000, 0.15000000, 0.00000446
-0.60000000, 0.37500000, 0.22500000, -0.00003208
-0.60000000, 0.30000000, 0.30000000, -0.00004933
-0.60000000, 0.22500000, 0.37500000, -0.00004645
-0.60000000, 0.15000000, 0.45000000, -0.00003313
-0.60000000, 0.07500000, 0.52500000, -0.00001058
-0.60000000, 0.00000000, 0.60000000, 0.00002269
-0.52500000, -0.07500000, 0.60000000, 0.00041488
-0.45000000, -0.15000000, 0.60000000, 0.00129865
-0.37500000, -0.22500000, 0.60000000, 0.00261947
-0.30000000, -0.30000000, 0.60000000, 0.00429222
-0.22500000, -0.37500000, 0.60000000, 0.00608949
-0.15000000, -0.45000000, 0.60000000, 0.00762466
-0.07500000, -0.52500000, 0.60000000, 0.00822738
0.00000000, -0.60000000, 0.60000000, 0.00630312
0.07500000, -0.60000000, 0.52500000, 0.00743932
0.15000000, -0.60000000, 0.45000000, 0.00809447
0.22500000, -0.60000000, 0.37500000, 0.00720037
0.30000000, -0.60000000, 0.30000000, 0.00510322
0.37500000, -0.60000000, 0.22500000, 0.00275401
0.45000000, -0.60000000, 0.15000000, 0.00099853
0.52500000, -0.60000000, 0.07500000, 0.00016091
0.60000000, -0.60000000, 0.00000000, 0.00008572
0.60000000, -0.52500000, -0.07500000, 0.00005625
0.60000000, -0.45000000, -0.15000000, 0.00000446
0.60000000, -0.37500000, -0.22500000, -0.00003208
0.60000000, -0.30000000, -0.30000000, -0.00004933
0.60000000, -0.22500000, -0.37500000, -0.00004645
0.60000000, -0.15000000, -0.45000000, -0.00003313
0.60000000, -0.07500000, -0.52500000, -0.00001058
0.65000000, 0.00000000, -0.65000000, 0.00000467
0.56875000, 0.08125000, -0.65000000, 0.00019427
0.48750000, 0.16250000, -0.65000000, 0.00063582
0.40625000, 0.24375000, -0.65000000, 0.00132484
0.32500000, 0.32500000, -0.65000000, 0.00222653
0.24375000, 0.40625000, -0.65000000, 0.00322611
0.16250000, 0.48750000, -0.65000000, 0.00407951
0.08125000, 0.56875000, -0.65000000, 0.00436764
0.00000000, 0.65000000, -0.65000000, 0.00311892
-0.08125000, 0.65000000, -0.56875000, 0.00426322
-0.16250000, 0.65000000, -0.48750000, 0.00511747
-0.24375000, 0.65000000, -0.40625000, 0.00471137
-0.32500000, 0.65000000, -0.32500000, 0.00325548
-0.40625000, 0.65000000, -0.24375000, 0.00157894
-0.48750000, 0.65000000, -0.16250000, 0.00042159
-0.56875000, 0.65000000, -0.08125000, -0.00003795
-0.65000000, 0.65000000, 0.00000000, -0.00000576
-0.65000000, 0.56875000, 0.08125000, 0.00000082
-0.65000000, 0.48750000, 0.16250000, -0.00000930
-0.65000000, 0.40625000, 0.24375000, -0.00001787
-0.65000000, 0.32500000, 0.32500000, -0.00001830
-0.65000000, 0.24375000, 0.40625000, -0.00002087
-0.65000000, 0.16250000, 0.48750000, -0.00001634
-0.65000000, 0.08125000, 0.56875000, -0.00000971
-0.65000000, 0.00000000, 0.65000000, 0.00000467
-0.56875000, -0.08125000, 0.65000000, 0.00019427
-0.48750000, -0.16250000, 0.65000000, 0.00063582
-0.40625000, -0.24375000, 0.65000000, 0.00132484
-0.32500000, -0.32500000, 0.65000000, 0.00222653
-0.24375000, -0.40625000, 0.65000000, 0.00322611
-0.16250000, -0.48750000, 0.65000000, 0.00407951
-0.08125000, -0.56875000, 0.65000000, 0.00436764
0.00000000, -0.65000000, 0.65000000, 0.00311892
0.08125000, -0.65000000, 0.56875000, 0.00426322
0.16250000, -0.65000000, 0.48750000, 0.00511747
0.24375000, -0.65000000, 0.40625000, 0.00471137
0.32500000, -0.65000000, 0.32500000, 0.00325548
0.40625000, -0.65000000, 0.24375000, 0.00157894
0.48750000, -0.65000000, 0.16250000, 0.00042159
0.56875000, -0.65000000, 0.08125000, -0.00003795
0.65000000, -0.65000000, 0.00000000, -0.00000576
0.65000000, -0.56875000, -0.08125000, 0.00000082
0.65000000, -0.48750000, -0.16250000, -0.00000930
0.65000000, -0.40625000, -0.24375000, -0.00001787
0.65000000, -0.32500000, -0.32500000, -0.00001830
0.65000000, -0.24375000, -0.40625000, -0.00002087
0.65000000, -0.16250000, -0.48750000, -0.00001634
0.65000000, -0.08125000, -0.56875000, -0.00000971
0.70000000, 0.00000000, -0.70000000, 0.00000074
0.61250000, 0.08750000, -0.70000000, 0.00008084
0.52500000, 0.17500000, -0.70000000, 0.00027231
0.43750000, 0.26250000, -0.70000000, 0.00058080
0.35000000, 0.35000000, -0.70000000, 0.00100136
0.26250000, 0.43750000, -0.70000000, 0.00148310
0.17500000, 0.52500000, -0.70000000, 0.00189680
0.08750000, 0.61250000, -0.70000000, 0.00200786
0.00000000, 0.70000000, -0.70000000, 0.00130192
-0.08750000, 0.70000000, -0.61250000, 0.00216823
-0.17500000, 0.70000000, -0.52500000, 0.00295044
-0.26250000, 0.70000000, -0.43750000, 0.00283871
-0.35000000, 0.70000000, -0.35000000, 0.00190937
-0.43750000, 0.70000000, -0.26250000, 0.00082160
-0.52500000, 0.70000000, -0.17500000, 0.00013693
-0.61250000, 0.70000000, -0.08750000, -0.00007594
-0.70000000, 0.70000000, 0.00000000, -0.00001626
-0.70000000, 0.61250000, 0.08750000, -0.00000738
-0.70000000, 0.52500000, 0.17500000, -0.00000707
-0.70000000, 0.43750000, 0.26250000, -0.00000746
-0.70000000, 0.35000000, 0.35000000, -0.00000498
-0.70000000, 0.26250000, 0.43750000, -0.00000712
-0.70000000, 0.17500000, 0.52500000, -0.00000610
-0.70000000, 0.08750000, 0.61250000, -0.00000508
-0.70000000, 0.00000000, 0.70000000, 0.00000074
-0.61250000, -0.08750000, 0.70000000, 0.00008084
-0.52500000, -0.17500000, 0.70000000, 0.00027231
-0.43750000, -0.26250000, 0.70000000, 0.00058080
-0.35000000, -0.35000000, 0.70000000, 0.00100136
-0.26250000, -0.43750000, 0.70000000, 0.00148310
-0.17500000, -0.52500000, 0.70000000, 0.00189680
-0.08750000, -0.61250000, 0.70000000, 0.00200786
0.00000000, -0.70000000, 0.70000000, 0.00130192
0.08750000, -0.70000000, 0.61250000, 0.00216823
0.17500000, -0.70000000, 0.52500000, 0.00295044
0.26250000, -0.70000000, 0.43750000, 0.00283871
0.35000000, -0.70000000, 0.35000000, 0.00190937
0.43750000, -0.70000000, 0.26250000, 0.00082160
0.52500000, -0.70000000, 0.17500000, 0.00013693
0.61250000, -0.70000000, 0.08750000, -0.00007594
0.70000000, -0.70000000, 0.00000000, -0.00001626
0.70000000, -0.61250000, -0.08750000, -0.00000738
0.70000000, -0.52500000, -0.17500000, -0.00000707
0.70000000, -0.43750000, -0.26250000, -0.00000746
0.70000000, -0.35000000, -0.35000000, -0.00000498
0.70000000, -0.26250000, -0.43750000, -0.00000712
0.70000000, -0.17500000, -0.52500000, -0.00000610
0.70000000, -0.08750000, -0.61250000, -0.00000508
0.75000000, 0.00000000, -0.75000000, 0.00000391
0.65625000, 0.09375000, -0.75000000, 0.00002987
0.56250000, 0.18750000, -0.75000000, 0.00009832
0.46875000, 0.28125000, -0.75000000, 0.00020975
0.37500000, 0.37500000, -0.75000000, 0.00037466
0.28125000, 0.46875000, -0.75000000, 0.00057008
0.18750000, 0.56250000, -0.75000000, 0.00074206
0.09375000, 0.65625000, -0.75000000, 0.00077297
0.00000000, 0.75000000, -0.75000000, 0.00043236
-0.09375000, 0.75000000, -0.65625000, 0.00094593
-0.18750000, 0.75000000, -0.56250000, 0.00151111
-0.28125000, 0.75000000, -0.46875000, 0.00153750
-0.37500000, 0.75000000, -0.37500000, 0.00100418
-0.46875000, 0.75000000, -0.28125000, 0.00038095
-0.56250000, 0.75000000, -0.18750000, 0.00002724
-0.65625000, 0.75000000, -0.09375000, -0.00004994
-0.75000000, 0.75000000, 0.00000000, -0.00000335
-0.75000000, 0.65625000, 0.09375000, -0.00000206
-0.75000000, 0.56250000, 0.18750000, -0.00000468
-0.75000000, 0.46875000, 0.28125000, -0.00000446
-0.75000000, 0.37500000, 0.37500000, -0.00000353
-0.75000000, 0.28125000, 0.46875000, 0.00000166
-0.75000000, 0.18750000, 0.56250000, 0.00000369
-0.75000000, 0.09375000, 0.65625000, 0.00000482
-0.75000000, 0.00000000, 0.75000000, 0.00000391
-0.65625000, -0.09375000, 0.75000000, 0.00002987
-0.56250000, -0.18750000, 0.75000000, 0.00009832
-0.46875000, -0.28125000, 0.75000000, 0.00020975
-0.37500000, -0.37500000, 0.75000000, 0.00037466
-0.28125000, -0.46875000, 0.75000000, 0.00057008
-0.18750000, -0.56250000, 0.75000000, 0.00074206
-0.09375000, -0.65625000, 0.75000000, 0.00077297
0.00000000, -0.75000000, 0.75000000, 0.00043236
0.09375000, -0.75000000, 0.65625000, 0.00094593
0.18750000, -0.75000000, 0.56250000, 0.00151111
0.28125000, -0.75000000, 0.46875000, 0.00153750
0.37500000, -0.75000000, 0.37500000, 0.00100418
0.46875000, -0.75000000, 0.28125000, 0.00038095
0.56250000, -0.75000000, 0.18750000, 0.00002724
0.65625000, -0.75000000, 0.09375000, -0.00004994
0.75000000, -0.75000000, 0.00000000, -0.00000335
0.75000000, -0.65625000, -0.09375000, -0.00000206
0.75000000, -0.56250000, -0.18750000, -0.00000468
0.75000000, -0.46875000, -0.28125000, -0.00000446
0.75000000, -0.37500000, -0.37500000, -0.00000353
0.75000000, -0.28125000, -0.46875000, 0.00000166
0.75000000, -0.18750000, -0.56250000, 0.00000369
0.75000000, -0.09375000, -0.65625000, 0.00000482
0.80000000, 0.00000000, -0.80000000, 0.00000305
0.70000000, 0.10000000, -0.80000000, 0.00000908
0.60000000, 0.20000000, -0.80000000, 0.00002759
0.50000000, 0.30000000, -0.80000000, 0.00005775
0.40000000, 0.40000000, -0.80000000, 0.00010787
0.30000000, 0.50000000, -0.80000000, 0.00017010
0.20000000, 0.60000000, -0.80000000, 0.00022644
0.10000000, 0.70000000, -0.80000000, 0.00023117
0.00000000, 0.80000000, -0.80000000, 0.00010411
-0.10000000, 0.80000000, -0.70000000, 0.00033479
-0.20000000, 0.80000000, -0.60000000, 0.00066262
-0.30000000, 0.80000000, -0.50000000, 0.00072536
-0.40000000, 0.80000000, -0.40000000, 0.00046049
-0.50000000, 0.80000000, -0.30000000, 0.00015045
-0.60000000, 0.80000000, -0.20000000, -0.00000428
-0.70000000, 0.80000000, -0.10000000, -0.00002428
-0.80000000, 0.80000000, 0.00000000, 0.00000025
-0.80000000, 0.70000000, 0.10000000, 0.00000026
-0.80000000, 0.60000000, 0.20000000, -0.00000254
-0.80000000, 0.50000000, 0.30000000, -0.00000256
-0.80000000, 0.40000000, 0.40000000, -0.00000242
-0.80000000, 0.30000000, 0.50000000, 0.00000312
-0.80000000, 0.20000000, 0.60000000, 0.00000487
-0.80000000, 0.10000000, 0.70000000, 0.00000582
-0.80000000, 0.00000000, 0.80000000, 0.00000305
-0.70000000, -0.10000000, 0.80000000, 0.00000908
-0.60000000, -0.20000000, 0.80000000, 0.00002759
-0.50000000, -0.30000000, 0.80000000, 0.00005775
-0.40000000, -0.40000000, 0.80000000, 0.00010787
-0.30000000, -0.50000000, 0.80000000, 0.00017010
-0.20000000, -0.60000000, 0.80000000, 0.00022644
-0.10000000, -0.70000000, 0.80000000, 0.00023117
0.00000000, -0.80000000, 0.80000000, 0.00010411
0.10000000, -0.80000000, 0.70000000, 0.00033479
0.20000000, -0.80000000, 0.60000000, 0.00066262
0.30000000, -0.80000000, 0.50000000, 0.00072536
0.40000000, -0.80000000, 0.40000000, 0.00046049
0.50000000, -0.80000000, 0.30000000, 0.00015045
0.60000000, -0.80000000, 0.20000000, -0.00000428
0.70000000, -0.80000000, 0.10000000, -0.00002428
0.80000000, -0.80000000, 0.00000000, 0.00000025
0.80000000, -0.70000000, -0.10000000, 0.00000026
0.80000000, -0.60000000, -0.20000000, -0.00000254
0.80000000, -0.50000000, -0.30000000, -0.00000256
0.80000000, -0.40000000, -0.40000000, -0.00000242
0.80000000, -0.30000000, -0.50000000, 0.00000312
0.80000000, -0.20000000, -0.60000000, 0.00000487
0.80000000, -0.10000000, -0.70000000, 0.00000582
0.85000000, 0.00000000, -0.85000000, -0.00000218
0.74375000, 0.10625000, -0.85000000, 0.00000079
0.63750000, 0.21250000, -0.85000000, 0.00000438
0.53125000, 0.31875000, -0.85000000, 0.00001140
0.42500000, 0.42500000, -0.85000000, 0.00001918
0.31875000, 0.53125000, -0.85000000, 0.00003050
0.21250000, 0.63750000, -0.85000000, 0.00003893
0.10625000, 0.74375000, -0.85000000, 0.00003876
0.00000000, 0.85000000, -0.85000000, 0.00001537
-0.10625000, 0.85000000, -0.74375000, 0.00008654
-0.21250000, 0.85000000, -0.63750000, 0.00023452
-0.31875000, 0.85000000, -0.53125000, 0.00028314
-0.42500000, 0.85000000, -0.42500000, 0.00017722
-0.53125000, 0.85000000, -0.31875000, 0.00004479
-0.63750000, 0.85000000, -0.21250000, -0.00001052
-0.74375000, 0.85000000, -0.10625000, -0.00001513
-0.85000000, 0.85000000, 0.00000000, -0.00000554
-0.85000000, 0.74375000, 0.10625000, -0.00000172
-0.85000000, 0.63750000, 0.21250000, 0.00000011
-0.85000000, 0.53125000, 0.31875000, 0.00000050
-0.85000000, 0.42500000, 0.42500000, 0.00000112
-0.85000000, 0.31875000, 0.53125000, -0.00000122
-0.85000000, 0.21250000, 0.63750000, -0.00000209
-0.85000000, 0.10625000, 0.74375000, -0.00000283
-0.85000000, 0.00000000, 0.85000000, -0.00000218
-0.74375000, -0.10625000, 0.85000000, 0.00000079
-0.63750000, -0.21250000, 0.85000000, 0.00000438
-0.53125000, -0.31875000, 0.85000000, 0.00001140
-0.42500000, -0.42500000, 0.85000000, 0.00001918
-0.31875000, -0.53125000, 0.85000000, 0.00003050
-0.21250000, -0.63750000, 0.85000000, 0.00003893
-0.10625000, -0.74375000, 0.85000000, 0.00003876
0.00000000, -0.85000000, 0.85000000, 0.00001537
0.10625000, -0.85000000, 0.74375000, 0.00008654
0.21250000, -0.85000000, 0.63750000, 0.00023452
0.31875000, -0.85000000, 0.53125000, 0.00028314
0.42500000, -0.85000000, 0.42500000, 0.00017722
0.53125000, -0.85000000, 0.31875000, 0.00004479
0.63750000, -0.85000000, 0.21250000, -0.00001052
0.74375000, -0.85000000, 0.10625000, -0.00001513
0.85000000, -0.85000000, 0.00000000, -0.00000554
0.85000000, -0.74375000, -0.10625000, -0.00000172
0.85000000, -0.63750000, -0.21250000, 0.00000011
0.85000000, -0.53125000, -0.31875000, 0.00000050
0.85000000, -0.42500000, -0.42500000, 0.00000112
0.85000000, -0.31875000, -0.53125000, -0.00000122
0.85000000, -0.21250000, -0.63750000, -0.00000209
0.85000000, -0.10625000, -0.74375000, -0.00000283
0.90000000, 0.00000000, -0.90000000, -0.00000178
0.78750000, 0.11250000, -0.90000000, -0.00000058
0.67500000, 0.22500000, -0.90000000, 0.00000000
0.56250000, 0.33750000, -0.90000000, 0.00000152
0.45000000, 0.45000000, -0.90000000, 0.00000092
0.33750000, 0.56250000, -0.90000000, 0.00000061
0.22500000, 0.67500000, -0.90000000, -0.00000078
0.11250000, 0.78750000, -0.90000000, -0.00000107
0.00000000, 0.90000000, -0.90000000, 0.00000018
-0.11250000, 0.90000000, -0.78750000, 0.00001293
-0.22500000, 0.90000000, -0.67500000, 0.00005658
-0.33750000, 0.90000000, -0.56250000, 0.00007709
-0.45000000, 0.90000000, -0.45000000, 0.00004794
-0.56250000, 0.90000000, -0.33750000, 0.00000837
-0.67500000, 0.90000000, -0.22500000, -0.00000528
-0.78750000, 0.90000000, -0.11250000, -0.00000603
-0.90000000, 0.90000000, 0.00000000, -0.00000283
-0.90000000, 0.78750000, 0.11250000, -0.00000118
-0.90000000, 0.67500000, 0.22500000, 0.00000062
-0.90000000, 0.56250000, 0.33750000, 0.00000087
-0.90000000, 0.45000000, 0.45000000, 0.00000125
-0.90000000, 0.33750000, 0.56250000, -0.00000177
-0.90000000, 0.22500000, 0.67500000, -0.00000275
-0.90000000, 0.11250000, 0.78750000, -0.00000342
-0.90000000, 0.00000000, 0.90000000, -0.00000178
-0.78750000, -0.11250000, 0.90000000, -0.00000058
-0.67500000, -0.22500000, 0.90000000, 0.00000000
-0.56250000, -0.33750000, 0.90000000, 0.00000152
-0.45000000, -0.45000000, 0.90000000, 0.00000092
-0.33750000, -0.56250000, 0.90000000, 0.00000061
-0.22500000, -0.67500000, 0.90000000, -0.00000078
-0.11250000, -0.78750000, 0.90000000, -0.00000107
0.00000000, -0.90000000, 0.90000000, 0.00000018
0.11250000, -0.90000000, 0.78750000, 0.00001293
0.22500000, -0.90000000, 0.67500000, 0.00005658
0.33750000, -0.90000000, 0.56250000, 0.00007709
0.45000000, -0.90000000, 0.45000000, 0.00004794
0.56250000, -0.90000000, 0.33750000, 0.00000837
0.67500000, -0.90000000, 0.22500000, -0.00000528
0.78750000, -0.90000000, 0.11250000, -0.00000603
0.90000000, -0.90000000, 0.00000000, -0.00000283
0.90000000, -0.78750000, -0.11250000, -0.00000118
0.90000000, -0.67500000, -0.22500000, 0.00000062
0.90000000, -0.56250000, -0.33750000, 0.00000087
0.90000000, -0.45000000, -0.45000000, 0.00000125
0.90000000, -0.33750000, -0.56250000, -0.00000177
0.90000000, -0.22500000, -0.67500000, -0.00000275
0.90000000, -0.11250000, -0.78750000, -0.00000342
0.95000000, 0.00000000, -0.95000000, 0.00000222
0.83125000, 0.11875000, -0.95000000, 0.00000075
0.71250000, 0.23750000, -0.95000000, 0.00000053
0.59375000, 0.35625000, -0.95000000, -0.00000056
0.47500000, 0.47500000, -0.95000000, 0.00000093
0.35625000, 0.59375000, -0.95000000, 0.00000227
0.23750000, 0.71250000, -0.95000000, 0.00000488
0.11875000, 0.83125000, -0.95000000, 0.00000489
0.00000000, 0.95000000, -0.95000000, -0.00000047
-0.11875000, 0.95000000, -0.83125000, 0.00000073
-0.23750000, 0.95000000, -0.71250000, 0.00000327
-0.35625000, 0.95000000, -0.59375000, 0.00000536
-0.47500000, 0.95000000, -0.47500000, 0.00000188
-0.59375000, 0.95000000, -0.35625000, 0.00000204
-0.71250000, 0.95000000, -0.23750000, 0.00000192
-0.83125000, 0.95000000, -0.11875000, 0.00000339
-0.95000000, 0.95000000, 0.00000000, 0.00000393
-0.95000000, 0.83125000, 0.11875000, 0.00000128
-0.95000000, 0.71250000, 0.23750000, -0.00000060
-0.95000000, 0.59375000, 0.35625000, -0.00000088
-0.95000000, 0.47500000, 0.47500000, -0.00000125
-0.95000000, 0.35625000, 0.59375000, 0.00000166
-0.95000000, 0.23750000, 0.71250000, 0.00000264
-0.95000000, 0.11875000, 0.83125000, 0.00000336
-0.95000000, 0.00000000, 0.95000000, 0.00000222
-0.83125000, -0.11875000, 0.95000000, 0.00000075
-0.71250000, -0.23750000, 0.95000000, 0.00000053
-0.59375000, -0.35625000, 0.95000000, -0.00000056
-0.47500000, -0.47500000, 0.95000000, 0.00000093
-0.35625000, -0.59375000, 0.95000000, 0.00000227
-0.23750000, -0.71250000, 0.95000000, 0.00000488
-0.11875000, -0.83125000, 0.95000000, 0.00000489
0.00000000, -0.95000000, 0.95000000, -0.00000047
0.11875000, -0.95000000, 0.83125000, 0.00000073
0.23750000, -0.95000000, 0.71250000, 0.00000327
0.35625000, -0.95000000, 0.59375000, 0.00000536
0.47500000, -0.95000000, 0.47500000, 0.00000188
0.59375000, -0.95000000, 0.35625000, 0.00000204
0.71250000, -0.95000000, 0.23750000, 0.00000192
0.83125000, -0.95000000, 0.11875000, 0.00000339
0.95000000, -0.95000000, 0.00000000, 0.00000393
0.95000000, -0.83125000, -0.11875000, 0.00000128
0.95000000, -0.71250000, -0.23750000, -0.00000060
0.95000000, -0.59375000, -0.35625000, -0.00000088
0.95000000, -0.47500000, -0.47500000, -0.00000125
0.95000000, -0.35625000, -0.59375000, 0.00000166
0.95000000, -0.23750000, -0.71250000, 0.00000264
0.95000000, -0.11875000, -0.83125000, 0.00000336
1.00000000, 0.00000000, -1.00000000, 0.00000000
0.87500000, 0.12500000, -1.00000000, 0.00000000
0.75000000, 0.25000000, -1.00000000, 0.00000000
0.62500000, 0.37500000, -1.00000000, 0.00000000
0.50000000, 0.50000000, -1.00000000, 0.00000000
0.37500000, 0.62500000, -1.00000000, 0.00000000
0.25000000, 0.75000000, -1.00000000, 0.00000000
0.12500000, 0.87500000, -1.00000000, 0.00000000
0.00000000, 1.00000000, -1.00000000, 0.00000000
-0.12500000, 1.00000000, -0.87500000, 0.00000000
-0.25000000, 1.00000000, -0.75000000, 0.00000000
-0.37500000, 1.00000000, -0.62500000, 0.00000000
-0.50000000, 1.00000000, -0.50000000, 0.00000000
-0.62500000, 1.00000000, -0.37500000, 0.00000000
-0.75000000, 1.00000000, -0.25000000, 0.00000000
-0.87500000, 1.00000000, -0.12500000, 0.00000000
-1.00000000, 1.00000000, 0.00000000, 0.00000000
-1.00000000, 0.87500000, 0.12500000, 0.00000000
-1.00000000, 0.75000000, 0.25000000, 0.00000000
-1.00000000, 0.62500000, 0.37500000, 0.00000000
-1.00000000, 0.50000000, 0.50000000, 0.00000000
-1.00000000, 0.37500000, 0.62500000, 0.00000000
-1.00000000, 0.25000000, 0.75000000, 0.00000000
-1.00000000, 0.12500000, 0.87500000, 0.00000000
-1.00000000, 0.00000000, 1.00000000, 0.00000000
-0.87500000, -0.12500000, 1.00000000, 0.00000000
-0.75000000, -0.25000000, 1.00000000, 0.00000000
-0.62500000, -0.37500000, 1.00000000, 0.00000000
-0.50000000, -0.50000000, 1.00000000, 0.00000000
-0.37500000, -0.62500000, 1.00000000, 0.00000000
-0.25000000, -0.75000000, 1.00000000, 0.00000000
-0.12500000, -0.87500000, 1.00000000, 0.00000000
0.00000000, -1.00000000, 1.00000000, 0.00000000
0.12500000, -1.00000000, 0.87500000, 0.00000000
0.25000000, -1.00000000, 0.75000000, 0.00000000
0.37500000, -1.00000000, 0.62500000, 0.00000000
0.50000000, -1.00000000, 0.50000000, 0.00000000
0.62500000, -1.00000000, 0.37500000, 0.00000000
0.75000000, -1.00000000, 0.25000000, 0.00000000
0.87500000, -1.00000000, 0.12500000, 0.00000000
1.00000000, -1.00000000, 0.00000000, 0.00000000
1.00000000, -0.87500000, -0.12500000, 0.00000000
1.00000000, -0.75000000, -0.25000000, 0.00000000
1.00000000, -0.62500000, -0.37500000, 0.00000000
1.00000000, -0.50000000, -0.50000000, 0.00000000
1.00000000, -0.37500000, -0.62500000, 0.00000000
1.00000000, -0.25000000, -0.75000000, 0.00000000
1.00000000, -0.12500000, -0.87500000, 0.00000000
