0.01000000, 0.00000000, -0.01000000, -0.22043505
0.00000000, 0.01000000, -0.01000000, -0.76884258
-0.00125000, 0.01000000, -0.00875000, -0.84840155
-0.00250000, 0.01000000, -0.00750000, -0.60513014
-0.00375000, 0.01000000, -0.00625000, -0.26878428
-0.00500000, 0.01000000, -0.00500000, 0.11702116
-0.00625000, 0.01000000, -0.00375000, 0.48944002
-0.00750000, 0.01000000, -0.00250000, 0.78460926
-0.00875000, 0.01000000, -0.00125000, 0.96002251
-0.01000000, 0.01000000, 0.00000000, 0.78520215
-0.01000000, 0.00875000, 0.00125000, 0.57487965
-0.01000000, 0.00750000, 0.00250000, 0.48528194
-0.01000000, 0.00625000, 0.00375000, 0.42701694
-0.01000000, 0.00500000, 0.00500000, 0.37423643
-0.01000000, 0.00375000, 0.00625000, 0.33432010
-0.01000000, 0.00250000, 0.00750000, 0.29277903
-0.01000000, 0.00125000, 0.00875000, 0.26334038
-0.01000000, 0.00000000, 0.01000000, 0.23594964
0.00000000, -0.01000000, 0.01000000, 0.78520215
0.00125000, -0.01000000, 0.00875000, 0.96002251
0.00250000, -0.01000000, 0.00750000, 0.78460926
0.00375000, -0.01000000, 0.00625000, 0.48944002
0.00500000, -0.01000000, 0.00500000, 0.11702116
0.00625000, -0.01000000, 0.00375000, -0.26878428
0.00750000, -0.01000000, 0.00250000, -0.60513014
0.00875000, -0.01000000, 0.00125000, -0.84840155
0.01000000, -0.01000000, 0.00000000, -0.76884258
0.01000000, -0.00875000, -0.00125000, -0.55778283
0.01000000, -0.00750000, -0.00250000, -0.46778598
0.01000000, -0.00625000, -0.00375000, -0.41000757
0.01000000, -0.00500000, -0.00500000, -0.35727230
0.01000000, -0.00375000, -0.00625000, -0.31767902
0.01000000, -0.00250000, -0.00750000, -0.27665707
0.01000000, -0.00125000, -0.00875000, -0.24763869
0.02000000, 0.00000000, -0.02000000, -0.08055637
0.01750000, 0.00250000, -0.02000000, -0.09119058
0.01500000, 0.00500000, -0.02000000, -0.10398092
0.01250000, 0.00750000, -0.02000000, -0.11958828
0.01000000, 0.01000000, -0.02000000, -0.13639428
0.00750000, 0.01250000, -0.02000000, -0.15779489
0.00500000, 0.01500000, -0.02000000, -0.18262348
0.00250000, 0.01750000, -0.02000000, -0.21912435
0.00000000, 0.02000000, -0.02000000, -0.30522373
-0.00250000, 0.02000000, -0.01750000, -0.33071706
-0.00500000, 0.02000000, -0.01500000, -0.23265070
-0.00750000, 0.02000000, -0.01250000, -0.08991401
-0.01000000, 0.02000000, -0.01000000, 0.06278101
-0.01250000, 0.02000000, -0.00750000, 0.20872527
-0.01500000, 0.02000000, -0.00500000, 0.33069631
-0.01750000, 0.02000000, -0.00250000, 0.39438754
-0.02000000, 0.02000000, 0.00000000, 0.32104275
-0.02000000, 0.01750000, 0.00250000, 0.23608860
-0.02000000, 0.01500000, 0.00500000, 0.19989882
-0.02000000, 0.01250000, 0.00750000, 0.17524754
-0.02000000, 0.01000000, 0.01000000, 0.15368663
-0.02000000, 0.00750000, 0.01250000, 0.13655861
-0.02000000, 0.00500000, 0.01500000, 0.12078387
-0.02000000, 0.00250000, 0.01750000, 0.10761125
-0.02000000, 0.00000000, 0.02000000, 0.09675568
-0.01750000, -0.00250000, 0.02000000, 0.10761125
-0.01500000, -0.00500000, 0.02000000, 0.12078387
-0.01250000, -0.00750000, 0.02000000, 0.13655861
-0.01000000, -0.01000000, 0.02000000, 0.15368663
-0.00750000, -0.01250000, 0.02000000, 0.17524754
-0.00500000, -0.01500000, 0.02000000, 0.19989882
-0.00250000, -0.01750000, 0.02000000, 0.23608860
0.00000000, -0.02000000, 0.02000000, 0.32104275
0.00250000, -0.02000000, 0.01750000, 0.39438754
0.00500000, -0.02000000, 0.01500000, 0.33069631
0.00750000, -0.02000000, 0.01250000, 0.20872527
0.01000000, -0.02000000, 0.01000000, 0.06278101
0.01250000, -0.02000000, 0.00750000, -0.08991401
0.01500000, -0.02000000, 0.00500000, -0.23265070
0.01750000, -0.02000000, 0.00250000, -0.33071706
0.02000000, -0.02000000, 0.00000000, -0.30522373
0.02000000, -0.01750000, -0.00250000, -0.21912435
0.02000000, -0.01500000, -0.00500000, -0.18262348
0.02000000, -0.01250000, -0.00750000, -0.15779489
0.02000000, -0.01000000, -0.01000000, -0.13639428
0.02000000, -0.00750000, -0.01250000, -0.11958828
0.02000000, -0.00500000, -0.01500000, -0.10398092
0.02000000, -0.00250000, -0.01750000, -0.09119058
0.03000000, 0.00000000, -0.03000000, -0.04181887
0.02625000, 0.00375000, -0.03000000, -0.04812575
0.02250000, 0.00750000, -0.03000000, -0.05596443
0.01875000, 0.01125000, -0.03000000, -0.06560317
0.01500000, 0.01500000, -0.03000000, -0.07653282
0.01125000, 0.01875000, -0.03000000, -0.08941469
0.00750000, 0.02250000, -0.03000000, -0.10517432
0.00375000, 0.02625000, -0.03000000, -0.12815177
0.00000000, 0.03000000, -0.03000000, -0.18172036
-0.00375000, 0.03000000, -0.02625000, -0.19513716
-0.00750000, 0.03000000, -0.02250000, -0.13477735
-0.01125000, 0.03000000, -0.01875000, -0.04840855
-0.01500000, 0.03000000, -0.01500000, 0.04475763
-0.01875000, 0.03000000, -0.01125000, 0.13330105
-0.02250000, 0.03000000, -0.00750000, 0.20577531
-0.02625000, 0.03000000, -0.00375000, 0.24319461
-0.03000000, 0.03000000, 0.00000000, 0.19802120
-0.03000000, 0.02625000, 0.00375000, 0.14576152
-0.03000000, 0.02250000, 0.00750000, 0.12309135
-0.03000000, 0.01875000, 0.01125000, 0.10740403
-0.03000000, 0.01500000, 0.01500000, 0.09433411
-0.03000000, 0.01125000, 0.01875000, 0.08308763
-0.03000000, 0.00750000, 0.02250000, 0.07318504
-0.03000000, 0.00375000, 0.02625000, 0.06496678
-0.03000000, 0.00000000, 0.03000000, 0.05843608
-0.02625000, -0.00375000, 0.03000000, 0.06496678
-0.02250000, -0.00750000, 0.03000000, 0.07318504
-0.01875000, -0.01125000, 0.03000000, 0.08308763
-0.01500000, -0.01500000, 0.03000000, 0.09433411
-0.01125000, -0.01875000, 0.03000000, 0.10740403
-0.00750000, -0.02250000, 0.03000000, 0.12309135
-0.00375000, -0.02625000, 0.03000000, 0.14576152
0.00000000, -0.03000000, 0.03000000, 0.19802120
0.00375000, -0.03000000, 0.02625000, 0.24319461
0.00750000, -0.03000000, 0.02250000, 0.20577531
0.01125000, -0.03000000, 0.01875000, 0.13330105
0.01500000, -0.03000000, 0.01500000, 0.04475763
0.01875000, -0.03000000, 0.01125000, -0.04840855
0.02250000, -0.03000000, 0.00750000, -0.13477735
0.02625000, -0.03000000, 0.00375000, -0.19513716
0.03000000, -0.03000000, 0.00000000, -0.18172036
0.03000000, -0.02625000, -0.00375000, -0.12815177
0.03000000, -0.02250000, -0.00750000, -0.10517432
0.03000000, -0.01875000, -0.01125000, -0.08941469
0.03000000, -0.01500000, -0.01500000, -0.07653282
0.03000000, -0.01125000, -0.01875000, -0.06560317
0.03000000, -0.00750000, -0.02250000, -0.05596443
0.03000000, -0.00375000, -0.02625000, -0.04812575
0.04000000, 0.00000000, -0.04000000, -0.02432351
0.03500000, 0.00500000, -0.04000000, -0.02882713
0.03000000, 0.01000000, -0.04000000, -0.03460343
0.02500000, 0.01500000, -0.04000000, -0.04155799
0.02000000, 0.02000000, -0.04000000, -0.04959263
0.01500000, 0.02500000, -0.04000000, -0.05921863
0.01000000, 0.03000000, -0.04000000, -0.07109959
0.00500000, 0.03500000, -0.04000000, -0.08822452
0.00000000, 0.04000000, -0.04000000, -0.12778850
-0.00500000, 0.04000000, -0.03500000, -0.13690947
-0.01000000, 0.04000000, -0.03000000, -0.09279252
-0.01500000, 0.04000000, -0.02500000, -0.03111902
-0.02000000, 0.04000000, -0.02000000, 0.03581119
-0.02500000, 0.04000000, -0.01500000, 0.09927364
-0.03000000, 0.04000000, -0.01000000, 0.15056117
-0.03500000, 0.04000000, -0.00500000, 0.17747393
-0.04000000, 0.04000000, 0.00000000, 0.14475219
-0.04000000, 0.03500000, 0.00500000, 0.10653752
-0.04000000, 0.03000000, 0.01000000, 0.08973974
-0.04000000, 0.02500000, 0.01500000, 0.07778488
-0.04000000, 0.02000000, 0.02000000, 0.06789323
-0.04000000, 0.01500000, 0.02500000, 0.05947251
-0.04000000, 0.01000000, 0.03000000, 0.05212122
-0.04000000, 0.00500000, 0.03500000, 0.04598698
-0.04000000, 0.00000000, 0.04000000, 0.04125691
-0.03500000, -0.00500000, 0.04000000, 0.04598698
-0.03000000, -0.01000000, 0.04000000, 0.05212122
-0.02500000, -0.01500000, 0.04000000, 0.05947251
-0.02000000, -0.02000000, 0.04000000, 0.06789323
-0.01500000, -0.02500000, 0.04000000, 0.07778488
-0.01000000, -0.03000000, 0.04000000, 0.08973974
-0.00500000, -0.03500000, 0.04000000, 0.10653752
0.00000000, -0.04000000, 0.04000000, 0.14475219
0.00500000, -0.04000000, 0.03500000, 0.17747393
0.01000000, -0.04000000, 0.03000000, 0.15056117
0.01500000, -0.04000000, 0.02500000, 0.09927364
0.02000000, -0.04000000, 0.02000000, 0.03581119
0.02500000, -0.04000000, 0.01500000, -0.03111902
0.03000000, -0.04000000, 0.01000000, -0.09279252
0.03500000, -0.04000000, 0.00500000, -0.13690947
0.04000000, -0.04000000, 0.00000000, -0.12778850
0.04000000, -0.03500000, -0.00500000, -0.08822452
0.04000000, -0.03000000, -0.01000000, -0.07109959
0.04000000, -0.02500000, -0.01500000, -0.05921863
0.04000000, -0.02000000, -0.02000000, -0.04959263
0.04000000, -0.01500000, -0.02500000, -0.04155799
0.04000000, -0.01000000, -0.03000000, -0.03460343
0.04000000, -0.00500000, -0.03500000, -0.02882713
0.05000000, 0.00000000, -0.05000000, -0.01442290
0.04375000, 0.00625000, -0.05000000, -0.01787838
0.03750000, 0.01250000, -0.05000000, -0.02249025
0.03125000, 0.01875000, -0.05000000, -0.02808261
0.02500000, 0.02500000, -0.05000000, -0.03462734
0.01875000, 0.03125000, -0.05000000, -0.04242670
0.01250000, 0.03750000, -0.05000000, -0.05214656
0.00625000, 0.04375000, -0.05000000, -0.06614551
0.00000000, 0.05000000, -0.05000000, -0.09818122
-0.00625000, 0.05000000, -0.04375000, -0.10508657
-0.01250000, 0.05000000, -0.03750000, -0.07034641
-0.01875000, 0.05000000, -0.03125000, -0.02189523
-0.02500000, 0.05000000, -0.02500000, 0.03051916
-0.03125000, 0.05000000, -0.01875000, 0.08016364
-0.03750000, 0.05000000, -0.01250000, 0.12033591
-0.04375000, 0.05000000, -0.00625000, 0.14138965
-0.05000000, 0.05000000, 0.00000000, 0.11585525
-0.05000000, 0.04375000, 0.00625000, 0.08518852
-0.05000000, 0.03750000, 0.01250000, 0.07145124
-0.05000000, 0.03125000, 0.01875000, 0.06156816
-0.05000000, 0.02500000, 0.02500000, 0.05339677
-0.05000000, 0.01875000, 0.03125000, 0.04636775
-0.05000000, 0.01250000, 0.03750000, 0.04030508
-0.05000000, 0.00625000, 0.04375000, 0.03529559
-0.05000000, 0.00000000, 0.05000000, 0.03161259
-0.04375000, -0.00625000, 0.05000000, 0.03529559
-0.03750000, -0.01250000, 0.05000000, 0.04030508
-0.03125000, -0.01875000, 0.05000000, 0.04636775
-0.02500000, -0.02500000, 0.05000000, 0.05339677
-0.01875000, -0.03125000, 0.05000000, 0.06156816
-0.01250000, -0.03750000, 0.05000000, 0.07145124
-0.00625000, -0.04375000, 0.05000000, 0.08518852
0.00000000, -0.05000000, 0.05000000, 0.11585525
0.00625000, -0.05000000, 0.04375000, 0.14138965
0.01250000, -0.05000000, 0.03750000, 0.12033591
0.01875000, -0.05000000, 0.03125000, 0.08016364
0.02500000, -0.05000000, 0.02500000, 0.03051916
0.03125000, -0.05000000, 0.01875000, -0.02189523
0.03750000, -0.05000000, 0.01250000, -0.07034641
0.04375000, -0.05000000, 0.00625000, -0.10508657
0.05000000, -0.05000000, 0.00000000, -0.09818122
0.05000000, -0.04375000, -0.00625000, -0.06614551
0.05000000, -0.03750000, -0.01250000, -0.05214656
0.05000000, -0.03125000, -0.01875000, -0.04242670
0.05000000, -0.02500000, -0.02500000, -0.03462734
0.05000000, -0.01875000, -0.03125000, -0.02808261
0.05000000, -0.01250000, -0.03750000, -0.02249025
0.05000000, -0.00625000, -0.04375000, -0.01787838
0.06000000, 0.00000000, -0.06000000, -0.00820535
0.05250000, 0.00750000, -0.06000000, -0.01105084
0.04500000, 0.01500000, -0.06000000, -0.01487426
0.03750000, 0.02250000, -0.06000000, -0.01956332
0.03000000, 0.03000000, -0.06000000, -0.02508055
0.02250000, 0.03750000, -0.06000000, -0.03182700
0.01500000, 0.04500000, -0.06000000, -0.04024998
0.00750000, 0.05250000, -0.06000000, -0.05234665
0.00000000, 0.06000000, -0.06000000, -0.07980834
-0.00750000, 0.06000000, -0.05250000, -0.08580613
-0.01500000, 0.06000000, -0.04500000, -0.05691882
-0.02250000, 0.06000000, -0.03750000, -0.01668824
-0.03000000, 0.06000000, -0.03000000, 0.02703672
-0.03750000, 0.06000000, -0.02250000, 0.06847735
-0.04500000, 0.06000000, -0.01500000, 0.10185663
-0.05250000, 0.06000000, -0.00750000, 0.11943226
-0.06000000, 0.06000000, 0.00000000, 0.09819385
-0.06000000, 0.05250000, 0.00750000, 0.07205311
-0.06000000, 0.04500000, 0.01500000, 0.06014665
-0.06000000, 0.03750000, 0.02250000, 0.05148476
-0.06000000, 0.03000000, 0.03000000, 0.04428922
-0.06000000, 0.02250000, 0.03750000, 0.03821936
-0.06000000, 0.01500000, 0.04500000, 0.03298911
-0.06000000, 0.00750000, 0.05250000, 0.02871902
-0.06000000, 0.00000000, 0.06000000, 0.02562883
-0.05250000, -0.00750000, 0.06000000, 0.02871902
-0.04500000, -0.01500000, 0.06000000, 0.03298911
-0.03750000, -0.02250000, 0.06000000, 0.03821936
-0.03000000, -0.03000000, 0.06000000, 0.04428922
-0.02250000, -0.03750000, 0.06000000, 0.05148476
-0.01500000, -0.04500000, 0.06000000, 0.06014665
-0.00750000, -0.05250000, 0.06000000, 0.07205311
0.00000000, -0.06000000, 0.06000000, 0.09819385
0.00750000, -0.06000000, 0.05250000, 0.11943226
0.01500000, -0.06000000, 0.04500000, 0.10185663
0.02250000, -0.06000000, 0.03750000, 0.06847735
0.03000000, -0.06000000, 0.03000000, 0.02703672
0.03750000, -0.06000000, 0.02250000, -0.01668824
0.04500000, -0.06000000, 0.01500000, -0.05691882
0.05250000, -0.06000000, 0.00750000, -0.08580613
0.06000000, -0.06000000, 0.00000000, -0.07980834
0.06000000, -0.05250000, -0.00750000, -0.05234665
0.06000000, -0.04500000, -0.01500000, -0.04024998
0.06000000, -0.03750000, -0.02250000, -0.03182700
0.06000000, -0.03000000, -0.03000000, -0.02508055
0.06000000, -0.02250000, -0.03750000, -0.01956332
0.06000000, -0.01500000, -0.04500000, -0.01487426
0.06000000, -0.00750000, -0.05250000, -0.01105084
0.07000000, 0.00000000, -0.07000000, -0.00376913
0.06125000, 0.00875000, -0.07000000, -0.00618138
0.05250000, 0.01750000, -0.07000000, -0.00951454
0.04375000, 0.02625000, -0.07000000, -0.01361644
0.03500000, 0.03500000, -0.07000000, -0.01846669
0.02625000, 0.04375000, -0.07000000, -0.02442071
0.01750000, 0.05250000, -0.07000000, -0.03186851
0.00875000, 0.06125000, -0.07000000, -0.04260379
0.00000000, 0.07000000, -0.07000000, -0.06680206
-0.00875000, 0.07000000, -0.06125000, -0.07231358
-0.01750000, 0.07000000, -0.05250000, -0.04748928
-0.02625000, 0.07000000, -0.04375000, -0.01293704
-0.03500000, 0.07000000, -0.03500000, 0.02458681
-0.04375000, 0.07000000, -0.02625000, 0.06016982
-0.05250000, 0.07000000, -0.01750000, 0.08891266
-0.06125000, 0.07000000, -0.00875000, 0.10414275
-0.07000000, 0.07000000, 0.00000000, 0.08588201
-0.07000000, 0.06125000, 0.00875000, 0.06298136
-0.07000000, 0.05250000, 0.01750000, 0.05238063
-0.07000000, 0.04375000, 0.02625000, 0.04459839
-0.07000000, 0.03500000, 0.03500000, 0.03810138
-0.07000000, 0.02625000, 0.04375000, 0.03260937
-0.07000000, 0.01750000, 0.05250000, 0.02789192
-0.07000000, 0.00875000, 0.06125000, 0.02407059
-0.07000000, 0.00000000, 0.07000000, 0.02139541
-0.06125000, -0.00875000, 0.07000000, 0.02407059
-0.05250000, -0.01750000, 0.07000000, 0.02789192
-0.04375000, -0.02625000, 0.07000000, 0.03260937
-0.03500000, -0.03500000, 0.07000000, 0.03810138
-0.02625000, -0.04375000, 0.07000000, 0.04459839
-0.01750000, -0.05250000, 0.07000000, 0.05238063
-0.00875000, -0.06125000, 0.07000000, 0.06298136
0.00000000, -0.07000000, 0.07000000, 0.08588201
0.00875000, -0.07000000, 0.06125000, 0.10414275
0.01750000, -0.07000000, 0.05250000, 0.08891266
0.02625000, -0.07000000, 0.04375000, 0.06016982
0.03500000, -0.07000000, 0.03500000, 0.02458681
0.04375000, -0.07000000, 0.02625000, -0.01293704
0.05250000, -0.07000000, 0.01750000, -0.04748928
0.06125000, -0.07000000, 0.00875000, -0.07231358
0.07000000, -0.07000000, 0.00000000, -0.06680206
0.07000000, -0.06125000, -0.00875000, -0.04260379
0.07000000, -0.05250000, -0.01750000, -0.03186851
0.07000000, -0.04375000, -0.02625000, -0.02442071
0.07000000, -0.03500000, -0.03500000, -0.01846669
0.07000000, -0.02625000, -0.04375000, -0.01361644
0.07000000, -0.01750000, -0.05250000, -0.00951454
0.07000000, -0.00875000, -0.06125000, -0.00618138
0.08000000, 0.00000000, -0.08000000, -0.00046754
0.07000000, 0.01000000, -0.08000000, -0.00254748
0.06000000, 0.02000000, -0.08000000, -0.00552770
0.05000000, 0.03000000, -0.08000000, -0.00920267
0.04000000, 0.04000000, -0.08000000, -0.01358496
0.03000000, 0.05000000, -0.08000000, -0.01891768
0.02000000, 0.06000000, -0.08000000, -0.02562847
0.01000000, 0.07000000, -0.08000000, -0.03534729
0.00000000, 0.08000000, -0.08000000, -0.05716176
-0.01000000, 0.08000000, -0.07000000, -0.06233292
-0.02000000, 0.08000000, -0.06000000, -0.04056427
-0.03000000, 0.08000000, -0.05000000, -0.01017305
-0.04000000, 0.08000000, -0.04000000, 0.02277475
-0.05000000, 0.08000000, -0.03000000, 0.05404117
-0.06000000, 0.08000000, -0.02000000, 0.07942156
-0.07000000, 0.08000000, -0.01000000, 0.09291955
-0.08000000, 0.08000000, 0.00000000, 0.07691108
-0.08000000, 0.07000000, 0.01000000, 0.05638545
-0.08000000, 0.06000000, 0.02000000, 0.04674003
-0.08000000, 0.05000000, 0.03000000, 0.03960212
-0.08000000, 0.04000000, 0.04000000, 0.03363158
-0.08000000, 0.03000000, 0.05000000, 0.02851789
-0.08000000, 0.02000000, 0.06000000, 0.02415590
-0.08000000, 0.01000000, 0.07000000, 0.02064268
-0.08000000, 0.00000000, 0.08000000, 0.01828775
-0.07000000, -0.01000000, 0.08000000, 0.02064268
-0.06000000, -0.02000000, 0.08000000, 0.02415590
-0.05000000, -0.03000000, 0.08000000, 0.02851789
-0.04000000, -0.04000000, 0.08000000, 0.03363158
-0.03000000, -0.05000000, 0.08000000, 0.03960212
-0.02000000, -0.06000000, 0.08000000, 0.04674003
-0.01000000, -0.07000000, 0.08000000, 0.05638545
0.00000000, -0.08000000, 0.08000000, 0.07691108
0.01000000, -0.08000000, 0.07000000, 0.09291955
0.02000000, -0.08000000, 0.06000000, 0.07942156
0.03000000, -0.08000000, 0.05000000, 0.05404117
0.04000000, -0.08000000, 0.04000000, 0.02277475
0.05000000, -0.08000000, 0.03000000, -0.01017305
0.06000000, -0.08000000, 0.02000000, -0.04056427
0.07000000, -0.08000000, 0.01000000, -0.06233292
0.08000000, -0.08000000, 0.00000000, -0.05716176
0.08000000, -0.07000000, -0.01000000, -0.03534729
0.08000000, -0.06000000, -0.02000000, -0.02562847
0.08000000, -0.05000000, -0.03000000, -0.01891768
0.08000000, -0.04000000, -0.04000000, -0.01358496
0.08000000, -0.03000000, -0.05000000, -0.00920267
0.08000000, -0.02000000, -0.06000000, -0.00552770
0.08000000, -0.01000000, -0.07000000, -0.00254748
0.09000000, 0.00000000, -0.09000000, 0.00202085
0.07875000, 0.01125000, -0.09000000, 0.00018110
0.06750000, 0.02250000, -0.09000000, -0.00248890
0.05625000, 0.03375000, -0.09000000, -0.00580122
0.04500000, 0.04500000, -0.09000000, -0.00978785
0.03375000, 0.05625000, -0.09000000, -0.01465717
0.02250000, 0.06750000, -0.09000000, -0.02082659
0.01125000, 0.07875000, -0.09000000, -0.02977614
0.00000000, 0.09000000, -0.09000000, -0.04984107
-0.01125000, 0.09000000, -0.07875000, -0.05483567
-0.02250000, 0.09000000, -0.06750000, -0.03544959
-0.03375000, 0.09000000, -0.05625000, -0.00822575
-0.04500000, 0.09000000, -0.04500000, 0.02137969
-0.05625000, 0.09000000, -0.03375000, 0.04951471
-0.06750000, 0.09000000, -0.02250000, 0.07236213
-0.07875000, 0.09000000, -0.01125000, 0.08454102
-0.09000000, 0.09000000, 0.00000000, 0.07022493
-0.09000000, 0.07875000, 0.01125000, 0.05143560
-0.09000000, 0.06750000, 0.02250000, 0.04249232
-0.09000000, 0.05625000, 0.03375000, 0.03581833
-0.09000000, 0.04500000, 0.04500000, 0.03023127
-0.09000000, 0.03375000, 0.05625000, 0.02543874
-0.09000000, 0.02250000, 0.06750000, 0.02137278
-0.09000000, 0.01125000, 0.07875000, 0.01811949
-0.09000000, 0.00000000, 0.09000000, 0.01599444
-0.07875000, -0.01125000, 0.09000000, 0.01811949
-0.06750000, -0.02250000, 0.09000000, 0.02137278
-0.05625000, -0.03375000, 0.09000000, 0.02543874
-0.04500000, -0.04500000, 0.09000000, 0.03023127
-0.03375000, -0.05625000, 0.09000000, 0.03581833
-0.02250000, -0.06750000, 0.09000000, 0.04249232
-0.01125000, -0.07875000, 0.09000000, 0.05143560
0.00000000, -0.09000000, 0.09000000, 0.07022493
0.01125000, -0.09000000, 0.07875000, 0.08454102
0.02250000, -0.09000000, 0.06750000, 0.07236213
0.03375000, -0.09000000, 0.05625000, 0.04951471
0.04500000, -0.09000000, 0.04500000, 0.02137969
0.05625000, -0.09000000, 0.03375000, -0.00822575
0.06750000, -0.09000000, 0.02250000, -0.03544959
0.07875000, -0.09000000, 0.01125000, -0.05483567
0.09000000, -0.09000000, 0.00000000, -0.04984107
0.09000000, -0.07875000, -0.01125000, -0.02977614
0.09000000, -0.06750000, -0.02250000, -0.02082659
0.09000000, -0.05625000, -0.03375000, -0.01465717
0.09000000, -0.04500000, -0.04500000, -0.00978785
0.09000000, -0.03375000, -0.05625000, -0.00580122
0.09000000, -0.02250000, -0.06750000, -0.00248890
0.09000000, -0.01125000, -0.07875000, 0.00018110
0.10000000, 0.00000000, -0.10000000, 0.00397214
0.08750000, 0.01250000, -0.10000000, 0.00230560
0.07500000, 0.02500000, -0.10000000, -0.00008707
0.06250000, 0.03750000, -0.10000000, -0.00308262
0.05000000, 0.05000000, -0.10000000, -0.00671270
0.03750000, 0.06250000, -0.10000000, -0.01122069
0.02500000, 0.07500000, -0.10000000, -0.01696087
0.01250000, 0.08750000, -0.10000000, -0.02529462
0.00000000, 0.10000000, -0.10000000, -0.04398854
-0.01250000, 0.10000000, -0.08750000, -0.04895161
-0.02500000, 0.10000000, -0.07500000, -0.03148334
-0.03750000, 0.10000000, -0.06250000, -0.00677003
-0.05000000, 0.10000000, -0.05000000, 0.02027055
-0.06250000, 0.10000000, -0.03750000, 0.04601670
-0.07500000, 0.10000000, -0.02500000, 0.06687129
-0.08750000, 0.10000000, -0.01250000, 0.07800630
-0.10000000, 0.10000000, 0.00000000, 0.06496250
-0.10000000, 0.08750000, 0.01250000, 0.04753380
-0.10000000, 0.07500000, 0.02500000, 0.03914371
-0.10000000, 0.06250000, 0.03750000, 0.03283270
-0.10000000, 0.05000000, 0.05000000, 0.02753881
-0.10000000, 0.03750000, 0.06250000, 0.02303774
-0.10000000, 0.02500000, 0.07500000, 0.01922570
-0.10000000, 0.01250000, 0.08750000, 0.01619785
-0.10000000, 0.00000000, 0.10000000, 0.01423277
-0.08750000, -0.01250000, 0.10000000, 0.01619785
-0.07500000, -0.02500000, 0.10000000, 0.01922570
-0.06250000, -0.03750000, 0.10000000, 0.02303774
-0.05000000, -0.05000000, 0.10000000, 0.02753881
-0.03750000, -0.06250000, 0.10000000, 0.03283270
-0.02500000, -0.07500000, 0.10000000, 0.03914371
-0.01250000, -0.08750000, 0.10000000, 0.04753380
0.00000000, -0.10000000, 0.10000000, 0.06496250
0.01250000, -0.10000000, 0.08750000, 0.07800630
0.02500000, -0.10000000, 0.07500000, 0.06687129
0.03750000, -0.10000000, 0.06250000, 0.04601670
0.05000000, -0.10000000, 0.05000000, 0.02027055
0.06250000, -0.10000000, 0.03750000, -0.00677003
0.07500000, -0.10000000, 0.02500000, -0.03148334
0.08750000, -0.10000000, 0.01250000, -0.04895161
0.10000000, -0.10000000, 0.00000000, -0.04398854
0.10000000, -0.08750000, -0.01250000, -0.02529462
0.10000000, -0.07500000, -0.02500000, -0.01696087
0.10000000, -0.06250000, -0.03750000, -0.01122069
0.10000000, -0.05000000, -0.05000000, -0.00671270
0.10000000, -0.03750000, -0.06250000, -0.00308262
0.10000000, -0.02500000, -0.07500000, -0.00008707
0.10000000, -0.01250000, -0.08750000, 0.00230560
0.15000000, 0.00000000, -0.15000000, 0.01003090
0.13125000, 0.01875000, -0.15000000, 0.00899381
0.11250000, 0.03750000, -0.15000000, 0.00747025
0.09375000, 0.05625000, -0.15000000, 0.00550949
0.07500000, 0.07500000, -0.15000000, 0.00307791
0.05625000, 0.09375000, -0.15000000, -0.00001971
0.03750000, 0.11250000, -0.15000000, -0.00409438
0.01875000, 0.13125000, -0.15000000, -0.01023379
0.00000000, 0.15000000, -0.15000000, -0.02428124
-0.01875000, 0.15000000, -0.13125000, -0.02957083
-0.03750000, 0.15000000, -0.11250000, -0.01831746
-0.05625000, 0.15000000, -0.09375000, -0.00159507
-0.07500000, 0.15000000, -0.07500000, 0.01688498
-0.09375000, 0.15000000, -0.05625000, 0.03460454
-0.11250000, 0.15000000, -0.03750000, 0.04908146
-0.13125000, 0.15000000, -0.01875000, 0.05672922
-0.15000000, 0.15000000, 0.00000000, 0.04734298
-0.15000000, 0.13125000, 0.01875000, 0.03476119
-0.15000000, 0.11250000, 0.03750000, 0.02841554
-0.15000000, 0.09375000, 0.05625000, 0.02352682
-0.15000000, 0.07500000, 0.07500000, 0.01934996
-0.15000000, 0.05625000, 0.09375000, 0.01574074
-0.15000000, 0.03750000, 0.11250000, 0.01268021
-0.15000000, 0.01875000, 0.13125000, 0.01027940
-0.15000000, 0.00000000, 0.15000000, 0.00881172
-0.13125000, -0.01875000, 0.15000000, 0.01027940
-0.11250000, -0.03750000, 0.15000000, 0.01268021
-0.09375000, -0.05625000, 0.15000000, 0.01574074
-0.07500000, -0.07500000, 0.15000000, 0.01934996
-0.05625000, -0.09375000, 0.15000000, 0.02352682
-0.03750000, -0.11250000, 0.15000000, 0.02841554
-0.01875000, -0.13125000, 0.15000000, 0.03476119
0.00000000, -0.15000000, 0.15000000, 0.04734298
0.01875000, -0.15000000, 0.13125000, 0.05672922
0.03750000, -0.15000000, 0.11250000, 0.04908146
0.05625000, -0.15000000, 0.09375000, 0.03460454
0.07500000, -0.15000000, 0.07500000, 0.01688498
0.09375000, -0.15000000, 0.05625000, -0.00159507
0.11250000, -0.15000000, 0.03750000, -0.01831746
0.13125000, -0.15000000, 0.01875000, -0.02957083
0.15000000, -0.15000000, 0.00000000, -0.02428124
0.15000000, -0.13125000, -0.01875000, -0.01023379
0.15000000, -0.11250000, -0.03750000, -0.00409438
0.15000000, -0.09375000, -0.05625000, -0.00001971
0.15000000, -0.07500000, -0.07500000, 0.00307791
0.15000000, -0.05625000, -0.09375000, 0.00550949
0.15000000, -0.03750000, -0.11250000, 0.00747025
0.15000000, -0.01875000, -0.13125000, 0.00899381
0.20000000, 0.00000000, -0.20000000, 0.01244980
0.17500000, 0.02500000, -0.20000000, 0.01193515
0.15000000, 0.05000000, -0.20000000, 0.01113135
0.12500000, 0.07500000, -0.20000000, 0.00999148
0.10000000, 0.10000000, -0.20000000, 0.00846124
0.07500000, 0.12500000, -0.20000000, 0.00631163
0.05000000, 0.15000000, -0.20000000, 0.00330211
0.02500000, 0.17500000, -0.20000000, -0.00145515
0.00000000, 0.20000000, -0.20000000, -0.01287253
-0.02500000, 0.20000000, -0.17500000, -0.01853270
-0.05000000, 0.20000000, -0.15000000, -0.01089108
-0.07500000, 0.20000000, -0.12500000, 0.00117120
-0.10000000, 0.20000000, -0.10000000, 0.01483406
-0.12500000, 0.20000000, -0.07500000, 0.02800070
-0.15000000, 0.20000000, -0.05000000, 0.03860287
-0.17500000, 0.20000000, -0.02500000, 0.04399040
-0.20000000, 0.20000000, 0.00000000, 0.03627397
-0.20000000, 0.17500000, 0.02500000, 0.02675658
-0.20000000, 0.15000000, 0.05000000, 0.02186247
-0.20000000, 0.12500000, 0.07500000, 0.01798968
-0.20000000, 0.10000000, 0.10000000, 0.01462473
-0.20000000, 0.07500000, 0.12500000, 0.01173428
-0.20000000, 0.05000000, 0.15000000, 0.00926294
-0.20000000, 0.02500000, 0.17500000, 0.00731864
-0.20000000, 0.00000000, 0.20000000, 0.00610017
-0.17500000, -0.02500000, 0.20000000, 0.00731864
-0.15000000, -0.05000000, 0.20000000, 0.00926294
-0.12500000, -0.07500000, 0.20000000, 0.01173428
-0.10000000, -0.10000000, 0.20000000, 0.01462473
-0.07500000, -0.12500000, 0.20000000, 0.01798968
-0.05000000, -0.15000000, 0.20000000, 0.02186247
-0.02500000, -0.17500000, 0.20000000, 0.02675658
0.00000000, -0.20000000, 0.20000000, 0.03627397
0.02500000, -0.20000000, 0.17500000, 0.04399040
0.05000000, -0.20000000, 0.15000000, 0.03860287
0.07500000, -0.20000000, 0.12500000, 0.02800070
0.10000000, -0.20000000, 0.10000000, 0.01483406
0.12500000, -0.20000000, 0.07500000, 0.00117120
0.15000000, -0.20000000, 0.05000000, -0.01089108
0.17500000, -0.20000000, 0.02500000, -0.01853270
0.20000000, -0.20000000, 0.00000000, -0.01287253
0.20000000, -0.17500000, -0.02500000, -0.00145515
0.20000000, -0.15000000, -0.05000000, 0.00330211
0.20000000, -0.12500000, -0.07500000, 0.00631163
0.20000000, -0.10000000, -0.10000000, 0.00846124
0.20000000, -0.07500000, -0.12500000, 0.00999148
0.20000000, -0.05000000, -0.15000000, 0.01113135
0.20000000, -0.02500000, -0.17500000, 0.01193515
0.25000000, 0.00000000, -0.25000000, 0.01272733
0.21875000, 0.03125000, -0.25000000, 0.01280864
0.18750000, 0.06250000, -0.25000000, 0.01262068
0.15625000, 0.09375000, -0.25000000, 0.01213703
0.12500000, 0.12500000, -0.25000000, 0.01131751
0.09375000, 0.15625000, -0.25000000, 0.00997288
0.06250000, 0.18750000, -0.25000000, 0.00787203
0.03125000, 0.21875000, -0.25000000, 0.00419713
0.00000000, 0.25000000, -0.25000000, -0.00507500
-0.03125000, 0.25000000, -0.21875000, -0.01067941
-0.06250000, 0.25000000, -0.18750000, -0.00552796
-0.09375000, 0.25000000, -0.15625000, 0.00317082
-0.12500000, 0.25000000, -0.12500000, 0.01303622
-0.15625000, 0.25000000, -0.09375000, 0.02251841
-0.18750000, 0.25000000, -0.06250000, 0.03011032
-0.21875000, 0.25000000, -0.03125000, 0.03362393
-0.25000000, 0.25000000, 0.00000000, 0.02699048
-0.25000000, 0.21875000, 0.03125000, 0.02016227
-0.25000000, 0.18750000, 0.06250000, 0.01657213
-0.25000000, 0.15625000, 0.09375000, 0.01366538
-0.25000000, 0.12500000, 0.12500000, 0.01106735
-0.25000000, 0.09375000, 0.15625000, 0.00876448
-0.25000000, 0.06250000, 0.18750000, 0.00676036
-0.25000000, 0.03125000, 0.21875000, 0.00515537
-0.25000000, 0.00000000, 0.25000000, 0.00413165
-0.21875000, -0.03125000, 0.25000000, 0.00515537
-0.18750000, -0.06250000, 0.25000000, 0.00676036
-0.15625000, -0.09375000, 0.25000000, 0.00876448
-0.12500000, -0.12500000, 0.25000000, 0.01106735
-0.09375000, -0.15625000, 0.25000000, 0.01366538
-0.06250000, -0.18750000, 0.25000000, 0.01657213
-0.03125000, -0.21875000, 0.25000000, 0.02016227
0.00000000, -0.25000000, 0.25000000, 0.02699048
0.03125000, -0.25000000, 0.21875000, 0.03362393
0.06250000, -0.25000000, 0.18750000, 0.03011032
0.09375000, -0.25000000, 0.15625000, 0.02251841
0.12500000, -0.25000000, 0.12500000, 0.01303622
0.15625000, -0.25000000, 0.09375000, 0.00317082
0.18750000, -0.25000000, 0.06250000, -0.00552796
0.21875000, -0.25000000, 0.03125000, -0.01067941
0.25000000, -0.25000000, 0.00000000, -0.00507500
0.25000000, -0.21875000, -0.03125000, 0.00419713
0.25000000, -0.18750000, -0.06250000, 0.00787203
0.25000000, -0.15625000, -0.09375000, 0.00997288
0.25000000, -0.12500000, -0.12500000, 0.01131751
0.25000000, -0.09375000, -0.15625000, 0.01213703
0.25000000, -0.06250000, -0.18750000, 0.01262068
0.25000000, -0.03125000, -0.21875000, 0.01280864
0.30000000, 0.00000000, -0.30000000, 0.01117417
0.26250000, 0.03750000, -0.30000000, 0.01184876
0.22500000, 0.07500000, -0.30000000, 0.01223758
0.18750000, 0.11250000, -0.30000000, 0.01233623
0.15000000, 0.15000000, -0.30000000, 0.01209817
0.11250000, 0.18750000, -0.30000000, 0.01137128
0.07500000, 0.22500000, -0.30000000, 0.00993666
0.03750000, 0.26250000, -0.30000000, 0.00710433
0.00000000, 0.30000000, -0.30000000, -0.00049771
-0.03750000, 0.30000000, -0.26250000, -0.00556794
-0.07500000, 0.30000000, -0.22500000, -0.00207150
-0.11250000, 0.30000000, -0.18750000, 0.00413177
-0.15000000, 0.30000000, -0.15000000, 0.01120950
-0.18750000, 0.30000000, -0.11250000, 0.01793762
-0.22500000, 0.30000000, -0.07500000, 0.02313372
-0.26250000, 0.30000000, -0.03750000, 0.02518085
-0.30000000, 0.30000000, 0.00000000, 0.01944595
-0.30000000, 0.26250000, 0.03750000, 0.01470241
-0.30000000, 0.22500000, 0.07500000, 0.01218488
-0.30000000, 0.18750000, 0.11250000, 0.01007335
-0.30000000, 0.15000000, 0.15000000, 0.00813716
-0.30000000, 0.11250000, 0.18750000, 0.00638086
-0.30000000, 0.07500000, 0.22500000, 0.00483024
-0.30000000, 0.03750000, 0.26250000, 0.00356002
-0.30000000, 0.00000000, 0.30000000, 0.00272427
-0.26250000, -0.03750000, 0.30000000, 0.00356002
-0.22500000, -0.07500000, 0.30000000, 0.00483024
-0.18750000, -0.11250000, 0.30000000, 0.00638086
-0.15000000, -0.15000000, 0.30000000, 0.00813716
-0.11250000, -0.18750000, 0.30000000, 0.01007335
-0.07500000, -0.22500000, 0.30000000, 0.01218488
-0.03750000, -0.26250000, 0.30000000, 0.01470241
0.00000000, -0.30000000, 0.30000000, 0.01944595
0.03750000, -0.30000000, 0.26250000, 0.02518085
0.07500000, -0.30000000, 0.22500000, 0.02313372
0.11250000, -0.30000000, 0.18750000, 0.01793762
0.15000000, -0.30000000, 0.15000000, 0.01120950
0.18750000, -0.30000000, 0.11250000, 0.00413177
0.22500000, -0.30000000, 0.07500000, -0.00207150
0.26250000, -0.30000000, 0.03750000, -0.00556794
0.30000000, -0.30000000, 0.00000000, -0.00049771
0.30000000, -0.26250000, -0.03750000, 0.00710433
0.30000000, -0.22500000, -0.07500000, 0.00993666
0.30000000, -0.18750000, -0.11250000, 0.01137128
0.30000000, -0.15000000, -0.15000000, 0.01209817
0.30000000, -0.11250000, -0.18750000, 0.01233623
0.30000000, -0.07500000, -0.22500000, 0.01223758
0.30000000, -0.03750000, -0.26250000, 0.01184876
0.35000000, 0.00000000, -0.35000000, 0.00853896
0.30625000, 0.04375000, -0.35000000, 0.00963603
0.26250000, 0.08750000, -0.35000000, 0.01047708
0.21875000, 0.13125000, -0.35000000, 0.01102372
0.17500000, 0.17500000, -0.35000000, 0.01123668
0.13125000, 0.21875000, -0.35000000, 0.01095243
0.08750000, 0.26250000, -0.35000000, 0.01001534
0.04375000, 0.30625000, -0.35000000, 0.00786503
0.00000000, 0.35000000, -0.35000000, 0.00174868
-0.04375000, 0.35000000, -0.30625000, -0.00246273
-0.08750000, 0.35000000, -0.26250000, -0.00004255
-0.13125000, 0.35000000, -0.21875000, 0.00433459
-0.17500000, 0.35000000, -0.17500000, 0.00932725
-0.21875000, 0.35000000, -0.13125000, 0.01395970
-0.26250000, 0.35000000, -0.08750000, 0.01729483
-0.30625000, 0.35000000, -0.04375000, 0.01823035
-0.35000000, 0.35000000, 0.00000000, 0.01333400
-0.35000000, 0.30625000, 0.04375000, 0.01022414
-0.35000000, 0.26250000, 0.08750000, 0.00855616
-0.35000000, 0.21875000, 0.13125000, 0.00708993
-0.35000000, 0.17500000, 0.17500000, 0.00570324
-0.35000000, 0.13125000, 0.21875000, 0.00444874
-0.35000000, 0.08750000, 0.26250000, 0.00331676
-0.35000000, 0.04375000, 0.30625000, 0.00237228
-0.35000000, 0.00000000, 0.35000000, 0.00170572
-0.30625000, -0.04375000, 0.35000000, 0.00237228
-0.26250000, -0.08750000, 0.35000000, 0.00331676
-0.21875000, -0.13125000, 0.35000000, 0.00444874
-0.17500000, -0.17500000, 0.35000000, 0.00570324
-0.13125000, -0.21875000, 0.35000000, 0.00708993
-0.08750000, -0.26250000, 0.35000000, 0.00855616
-0.04375000, -0.30625000, 0.35000000, 0.01022414
0.00000000, -0.35000000, 0.35000000, 0.01333400
0.04375000, -0.35000000, 0.30625000, 0.01823035
0.08750000, -0.35000000, 0.26250000, 0.01729483
0.13125000, -0.35000000, 0.21875000, 0.01395970
0.17500000, -0.35000000, 0.17500000, 0.00932725
0.21875000, -0.35000000, 0.13125000, 0.00433459
0.26250000, -0.35000000, 0.08750000, -0.00004255
0.30625000, -0.35000000, 0.04375000, -0.00246273
0.35000000, -0.35000000, 0.00000000, 0.00174868
0.35000000, -0.30625000, -0.04375000, 0.00786503
0.35000000, -0.26250000, -0.08750000, 0.01001534
0.35000000, -0.21875000, -0.13125000, 0.01095243
0.35000000, -0.17500000, -0.17500000, 0.01123668
0.35000000, -0.13125000, -0.21875000, 0.01102372
0.35000000, -0.08750000, -0.26250000, 0.01047708
0.35000000, -0.04375000, -0.30625000, 0.00963603
0.40000000, 0.00000000, -0.40000000, 0.00572909
0.35000000, 0.05000000, -0.40000000, 0.00699393
0.30000000, 0.10000000, -0.40000000, 0.00804105
0.25000000, 0.15000000, -0.40000000, 0.00881571
0.20000000, 0.20000000, -0.40000000, 0.00928720
0.15000000, 0.25000000, -0.40000000, 0.00932096
0.10000000, 0.30000000, -0.40000000, 0.00878778
0.05000000, 0.35000000, -0.40000000, 0.00722461
0.00000000, 0.40000000, -0.40000000, 0.00256484
-0.05000000, 0.40000000, -0.35000000, -0.00058160
-0.10000000, 0.40000000, -0.30000000, 0.00113875
-0.15000000, 0.40000000, -0.25000000, 0.00417389
-0.20000000, 0.40000000, -0.20000000, 0.00746054
-0.25000000, 0.40000000, -0.15000000, 0.01035636
-0.30000000, 0.40000000, -0.10000000, 0.01227566
-0.35000000, 0.40000000, -0.05000000, 0.01241499
-0.40000000, 0.40000000, 0.00000000, 0.00842850
-0.40000000, 0.35000000, 0.05000000, 0.00662388
-0.40000000, 0.30000000, 0.10000000, 0.00561894
-0.40000000, 0.25000000, 0.15000000, 0.00468872
-0.40000000, 0.20000000, 0.20000000, 0.00376675
-0.40000000, 0.15000000, 0.25000000, 0.00290063
-0.40000000, 0.10000000, 0.30000000, 0.00209949
-0.40000000, 0.05000000, 0.35000000, 0.00141951
-0.40000000, 0.00000000, 0.40000000, 0.00093039
-0.35000000, -0.05000000, 0.40000000, 0.00141951
-0.30000000, -0.10000000, 0.40000000, 0.00209949
-0.25000000, -0.15000000, 0.40000000, 0.00290063
-0.20000000, -0.20000000, 0.40000000, 0.00376675
-0.15000000, -0.25000000, 0.40000000, 0.00468872
-0.10000000, -0.30000000, 0.40000000, 0.00561894
-0.05000000, -0.35000000, 0.40000000, 0.00662388
0.00000000, -0.40000000, 0.40000000, 0.00842850
0.05000000, -0.40000000, 0.35000000, 0.01241499
0.10000000, -0.40000000, 0.30000000, 0.01227566
0.15000000, -0.40000000, 0.25000000, 0.01035636
0.20000000, -0.40000000, 0.20000000, 0.00746054
0.25000000, -0.40000000, 0.15000000, 0.00417389
0.30000000, -0.40000000, 0.10000000, 0.00113875
0.35000000, -0.40000000, 0.05000000, -0.00058160
0.40000000, -0.40000000, 0.00000000, 0.00256484
0.40000000, -0.35000000, -0.05000000, 0.00722461
0.40000000, -0.30000000, -0.10000000, 0.00878778
0.40000000, -0.25000000, -0.15000000, 0.00932096
0.40000000, -0.20000000, -0.20000000, 0.00928720
0.40000000, -0.15000000, -0.25000000, 0.00881571
0.40000000, -0.10000000, -0.30000000, 0.00804105
0.40000000, -0.05000000, -0.35000000, 0.00699393
0.45000000, 0.00000000, -0.45000000, 0.00332259
0.39375000, 0.05625000, -0.45000000, 0.00448845
0.33750000, 0.11250000, -0.45000000, 0.00550764
0.28125000, 0.16875000, -0.45000000, 0.00631412
0.22500000, 0.22500000, -0.45000000, 0.00686660
0.16875000, 0.28125000, -0.45000000, 0.00707183
0.11250000, 0.33750000, -0.45000000, 0.00680766
0.05625000, 0.39375000, -0.45000000, 0.00572241
0.00000000, 0.45000000, -0.45000000, 0.00234634
-0.05625000, 0.45000000, -0.39375000, 0.00025324
-0.11250000, 0.45000000, -0.33750000, 0.00155552
-0.16875000, 0.45000000, -0.28125000, 0.00364073
-0.22500000, 0.45000000, -0.22500000, 0.00570616
-0.28125000, 0.45000000, -0.16875000, 0.00735997
-0.33750000, 0.45000000, -0.11250000, 0.00828988
-0.39375000, 0.45000000, -0.05625000, 0.00798082
-0.45000000, 0.45000000, 0.00000000, 0.00493244
-0.45000000, 0.39375000, 0.05625000, 0.00398933
-0.45000000, 0.33750000, 0.11250000, 0.00344007
-0.45000000, 0.28125000, 0.16875000, 0.00289483
-0.45000000, 0.22500000, 0.22500000, 0.00232578
-0.45000000, 0.16875000, 0.28125000, 0.00175623
-0.45000000, 0.11250000, 0.33750000, 0.00122161
-0.45000000, 0.05625000, 0.39375000, 0.00076122
-0.45000000, 0.00000000, 0.45000000, 0.00044171
-0.39375000, -0.05625000, 0.45000000, 0.00076122
-0.33750000, -0.11250000, 0.45000000, 0.00122161
-0.28125000, -0.16875000, 0.45000000, 0.00175623
-0.22500000, -0.22500000, 0.45000000, 0.00232578
-0.16875000, -0.28125000, 0.45000000, 0.00289483
-0.11250000, -0.33750000, 0.45000000, 0.00344007
-0.05625000, -0.39375000, 0.45000000, 0.00398933
0.00000000, -0.45000000, 0.45000000, 0.00493244
0.05625000, -0.45000000, 0.39375000, 0.00798082
0.11250000, -0.45000000, 0.33750000, 0.00828988
0.16875000, -0.45000000, 0.28125000, 0.00735997
0.22500000, -0.45000000, 0.22500000, 0.00570616
0.28125000, -0.45000000, 0.16875000, 0.00364073
0.33750000, -0.45000000, 0.11250000, 0.00155552
0.39375000, -0.45000000, 0.05625000, 0.00025324
0.45000000, -0.45000000, 0.00000000, 0.00234634
0.45000000, -0.39375000, -0.05625000, 0.00572241
0.45000000, -0.33750000, -0.11250000, 0.00680766
0.45000000, -0.28125000, -0.16875000, 0.00707183
0.45000000, -0.22500000, -0.22500000, 0.00686660
0.45000000, -0.16875000, -0.28125000, 0.00631412
0.45000000, -0.11250000, -0.33750000, 0.00550764
0.45000000, -0.05625000, -0.39375000, 0.00448845
0.50000000, 0.00000000, -0.50000000, 0.00160682
0.43750000, 0.06250000, -0.50000000, 0.00248492
0.37500000, 0.12500000, -0.50000000, 0.00331929
0.31250000, 0.18750000, -0.50000000, 0.00401982
0.25000000, 0.25000000, -0.50000000, 0.00452917
0.18750000, 0.31250000, -0.50000000, 0.00476625
0.12500000, 0.37500000, -0.50000000, 0.00463731
0.06250000, 0.43750000, -0.50000000, 0.00391548
0.00000000, 0.50000000, -0.50000000, 0.00158452
-0.06250000, 0.50000000, -0.43750000, 0.00033801
-0.12500000, 0.50000000, -0.37500000, 0.00138480
-0.18750000, 0.50000000, -0.31250000, 0.00282916
-0.25000000, 0.50000000, -0.25000000, 0.00415088
-0.31250000, 0.50000000, -0.18750000, 0.00506776
-0.37500000, 0.50000000, -0.12500000, 0.00539345
-0.43750000, 0.50000000, -0.06250000, 0.00492870
-0.50000000, 0.50000000, 0.00000000, 0.00274102
-0.50000000, 0.43750000, 0.06250000, 0.00225623
-0.50000000, 0.37500000, 0.12500000, 0.00197518
-0.50000000, 0.31250000, 0.18750000, 0.00166496
-0.50000000, 0.25000000, 0.25000000, 0.00132993
-0.50000000, 0.18750000, 0.31250000, 0.00099324
-0.50000000, 0.12500000, 0.37500000, 0.00067536
-0.50000000, 0.06250000, 0.43750000, 0.00040002
-0.50000000, 0.00000000, 0.50000000, 0.00021015
-0.43750000, -0.06250000, 0.50000000, 0.00040002
-0.37500000, -0.12500000, 0.50000000, 0.00067536
-0.31250000, -0.18750000, 0.50000000, 0.00099324
-0.25000000, -0.25000000, 0.50000000, 0.00132993
-0.18750000, -0.31250000, 0.50000000, 0.00166496
-0.12500000, -0.37500000, 0.50000000, 0.00197518
-0.06250000, -0.43750000, 0.50000000, 0.00225623
0.00000000, -0.50000000, 0.50000000, 0.00274102
0.06250000, -0.50000000, 0.43750000, 0.00492870
0.12500000, -0.50000000, 0.37500000, 0.00539345
0.18750000, -0.50000000, 0.31250000, 0.00506776
0.25000000, -0.50000000, 0.25000000, 0.00415088
0.31250000, -0.50000000, 0.18750000, 0.00282916
0.37500000, -0.50000000, 0.12500000, 0.00138480
0.43750000, -0.50000000, 0.06250000, 0.00033801
0.50000000, -0.50000000, 0.00000000, 0.00158452
0.50000000, -0.43750000, -0.06250000, 0.00391548
0.50000000, -0.37500000, -0.12500000, 0.00463731
0.50000000, -0.31250000, -0.18750000, 0.00476625
0.50000000, -0.25000000, -0.25000000, 0.00452917
0.50000000, -0.18750000, -0.31250000, 0.00401982
0.50000000, -0.12500000, -0.37500000, 0.00331929
0.50000000, -0.06250000, -0.43750000, 0.00248492
0.55000000, 0.00000000, -0.55000000, 0.00062561
0.48125000, 0.06875000, -0.55000000, 0.00116453
0.41250000, 0.13750000, -0.55000000, 0.00173957
0.34375000, 0.20625000, -0.55000000, 0.00225145
0.27500000, 0.27500000, -0.55000000, 0.00264279
0.20625000, 0.34375000, -0.55000000, 0.00283559
0.13750000, 0.41250000, -0.55000000, 0.00277348
0.06875000, 0.48125000, -0.55000000, 0.00232574
0.00000000, 0.55000000, -0.55000000, 0.00085071
-0.06875000, 0.55000000, -0.48125000, 0.00018227
-0.13750000, 0.55000000, -0.41250000, 0.00100951
-0.20625000, 0.55000000, -0.34375000, 0.00201511
-0.27500000, 0.55000000, -0.27500000, 0.00285369
-0.34375000, 0.55000000, -0.20625000, 0.00332303
-0.41250000, 0.55000000, -0.13750000, 0.00333050
-0.48125000, 0.55000000, -0.06875000, 0.00287304
-0.55000000, 0.55000000, 0.00000000, 0.00141399
-0.55000000, 0.48125000, 0.06875000, 0.00117955
-0.55000000, 0.41250000, 0.13750000, 0.00104754
-0.55000000, 0.34375000, 0.20625000, 0.00088015
-0.55000000, 0.27500000, 0.27500000, 0.00069402
-0.55000000, 0.20625000, 0.34375000, 0.00051937
-0.55000000, 0.13750000, 0.41250000, 0.00035248
-0.55000000, 0.06875000, 0.48125000, 0.00020908
-0.55000000, 0.00000000, 0.55000000, 0.00010313
-0.48125000, -0.06875000, 0.55000000, 0.00020908
-0.41250000, -0.13750000, 0.55000000, 0.00035248
-0.34375000, -0.20625000, 0.55000000, 0.00051937
-0.27500000, -0.27500000, 0.55000000, 0.00069402
-0.20625000, -0.34375000, 0.55000000, 0.00088015
-0.13750000, -0.41250000, 0.55000000, 0.00104754
-0.06875000, -0.48125000, 0.55000000, 0.00117955
0.00000000, -0.55000000, 0.55000000, 0.00141399
0.06875000, -0.55000000, 0.48125000, 0.00287304
0.13750000, -0.55000000, 0.41250000, 0.00333050
0.20625000, -0.55000000, 0.34375000, 0.00332303
0.27500000, -0.55000000, 0.27500000, 0.00285369
0.34375000, -0.55000000, 0.20625000, 0.00201511
0.41250000, -0.55000000, 0.13750000, 0.00100951
0.48125000, -0.55000000, 0.06875000, 0.00018227
0.55000000, -0.55000000, 0.00000000, 0.00085071
0.55000000, -0.48125000, -0.06875000, 0.00232574
0.55000000, -0.41250000, -0.13750000, 0.00277348
0.55000000, -0.34375000, -0.20625000, 0.00283559
0.55000000, -0.27500000, -0.27500000, 0.00264279
0.55000000, -0.20625000, -0.34375000, 0.00225145
0.55000000, -0.13750000, -0.41250000, 0.00173957
0.55000000, -0.06875000, -0.48125000, 0.00116453
0.60000000, 0.00000000, -0.60000000, 0.00020425
0.52500000, 0.07500000, -0.60000000, 0.00047062
0.45000000, 0.15000000, -0.60000000, 0.00079224
0.37500000, 0.22500000, -0.60000000, 0.00109655
0.30000000, 0.30000000, -0.60000000, 0.00134332
0.22500000, 0.37500000, -0.60000000, 0.00147664
0.15000000, 0.45000000, -0.60000000, 0.00146087
0.07500000, 0.52500000, -0.60000000, 0.00121660
0.00000000, 0.60000000, -0.60000000, 0.00041739
-0.07500000, 0.60000000, -0.52500000, 0.00009747
-0.15000000, 0.60000000, -0.45000000, 0.00069315
-0.22500000, 0.60000000, -0.37500000, 0.00137552
-0.30000000, 0.60000000, -0.30000000, 0.00183901
-0.37500000, 0.60000000, -0.22500000, 0.00199120
-0.45000000, 0.60000000, -0.15000000, 0.00186085
-0.52500000, 0.60000000, -0.07500000, 0.00147714
-0.60000000, 0.60000000, 0.00000000, 0.00059788
-0.60000000, 0.52500000, 0.07500000, 0.00053082
-0.60000000, 0.45000000, 0.15000000, 0.00048444
-0.60000000, 0.37500000, 0.22500000, 0.00041259
-0.60000000, 0.30000000, 0.30000000, 0.00032385
-0.60000000, 0.22500000, 0.37500000, 0.00023792
-0.60000000, 0.15000000, 0.45000000, 0.00015333
-0.60000000, 0.07500000, 0.52500000, 0.00008194
-0.60000000, 0.00000000, 0.60000000, 0.00002867
-0.52500000, -0.07500000, 0.60000000, 0.00008194
-0.45000000, -0.15000000, 0.60000000, 0.00015333
-0.37500000, -0.22500000, 0.60000000, 0.00023792
-0.30000000, -0.30000000, 0.60000000, 0.00032385
-0.22500000, -0.37500000, 0.60000000, 0.00041259
-0.15000000, -0.45000000, 0.60000000, 0.00048444
-0.07500000, -0.52500000, 0.60000000, 0.00053082
0.00000000, -0.60000000, 0.60000000, 0.00059788
0.07500000, -0.60000000, 0.52500000, 0.00147714
0.15000000, -0.60000000, 0.45000000, 0.00186085
0.22500000, -0.60000000, 0.37500000, 0.00199120
0.30000000, -0.60000000, 0.30000000, 0.00183901
0.37500000, -0.60000000, 0.22500000, 0.00137552
0.45000000, -0.60000000, 0.15000000, 0.00069315
0.52500000, -0.60000000, 0.07500000, 0.00009747
0.60000000, -0.60000000, 0.00000000, 0.00041739
0.60000000, -0.52500000, -0.07500000, 0.00121660
0.60000000, -0.45000000, -0.15000000, 0.00146087
0.60000000, -0.37500000, -0.22500000, 0.00147664
0.60000000, -0.30000000, -0.30000000, 0.00134332
0.60000000, -0.22500000, -0.37500000, 0.00109655
0.60000000, -0.15000000, -0.45000000, 0.00079224
0.60000000, -0.07500000, -0.52500000, 0.00047062
0.65000000, 0.00000000, -0.65000000, 0.00007100
0.56875000, 0.08125000, -0.65000000, 0.00017662
0.48750000, 0.16250000, -0.65000000, 0.00031490
0.40625000, 0.24375000, -0.65000000, 0.00045598
0.32500000, 0.32500000, -0.65000000, 0.00057900
0.24375000, 0.40625000, -0.65000000, 0.00066024
0.16250000, 0.48750000, -0.65000000, 0.00067059
0.08125000, 0.56875000, -0.65000000, 0.00055950
0.00000000, 0.65000000, -0.65000000, 0.00020554
-0.08125000, 0.65000000, -0.56875000, 0.00006971
-0.16250000, 0.65000000, -0.48750000, 0.00045368
-0.24375000, 0.65000000, -0.40625000, 0.00089062
-0.32500000, 0.65000000, -0.32500000, 0.00109831
-0.40625000, 0.65000000, -0.24375000, 0.00106667
-0.48750000, 0.65000000, -0.16250000, 0.00090654
-0.56875000, 0.65000000, -0.08125000, 0.00062997
-0.65000000, 0.65000000, 0.00000000, 0.00016787
-0.65000000, 0.56875000, 0.08125000, 0.00018509
-0.65000000, 0.48750000, 0.16250000, 0.00018068
-0.65000000, 0.40625000, 0.24375000, 0.00016375
-0.65000000, 0.32500000, 0.32500000, 0.00013240
-0.65000000, 0.24375000, 0.40625000, 0.00008749
-0.65000000, 0.16250000, 0.48750000, 0.00004256
-0.65000000, 0.08125000, 0.56875000, 0.00000493
-0.65000000, 0.00000000, 0.65000000, -0.00001491
-0.56875000, -0.08125000, 0.65000000, 0.00000493
-0.48750000, -0.16250000, 0.65000000, 0.00004256
-0.40625000, -0.24375000, 0.65000000, 0.00008749
-0.32500000, -0.32500000, 0.65000000, 0.00013240
-0.24375000, -0.40625000, 0.65000000, 0.00016375
-0.16250000, -0.48750000, 0.65000000, 0.00018068
-0.08125000, -0.56875000, 0.65000000, 0.00018509
0.00000000, -0.65000000, 0.65000000, 0.00016787
0.08125000, -0.65000000, 0.56875000, 0.00062997
0.16250000, -0.65000000, 0.48750000, 0.00090654
0.24375000, -0.65000000, 0.40625000, 0.00106667
0.32500000, -0.65000000, 0.32500000, 0.00109831
0.40625000, -0.65000000, 0.24375000, 0.00089062
0.48750000, -0.65000000, 0.16250000, 0.00045368
0.56875000, -0.65000000, 0.08125000, 0.00006971
0.65000000, -0.65000000, 0.00000000, 0.00020554
0.65000000, -0.56875000, -0.08125000, 0.00055950
0.65000000, -0.48750000, -0.16250000, 0.00067059
0.65000000, -0.40625000, -0.24375000, 0.00066024
0.65000000, -0.32500000, -0.32500000, 0.00057900
0.65000000, -0.24375000, -0.40625000, 0.00045598
0.65000000, -0.16250000, -0.48750000, 0.00031490
0.65000000, -0.08125000, -0.56875000, 0.00017662
0.70000000, 0.00000000, -0.70000000, 0.00002067
0.61250000, 0.08750000, -0.70000000, 0.00005581
0.52500000, 0.17500000, -0.70000000, 0.00010166
0.43750000, 0.26250000, -0.70000000, 0.00015369
0.35000000, 0.35000000, -0.70000000, 0.00020154
0.26250000, 0.43750000, -0.70000000, 0.00023886
0.17500000, 0.52500000, -0.70000000, 0.00024649
0.08750000, 0.61250000, -0.70000000, 0.00020240
0.00000000, 0.70000000, -0.70000000, 0.00005922
-0.08750000, 0.70000000, -0.61250000, 0.00000084
-0.17500000, 0.70000000, -0.52500000, 0.00023150
-0.26250000, 0.70000000, -0.43750000, 0.00049269
-0.35000000, 0.70000000, -0.35000000, 0.00059778
-0.43750000, 0.70000000, -0.26250000, 0.00053917
-0.52500000, 0.70000000, -0.17500000, 0.00041126
-0.61250000, 0.70000000, -0.08750000, 0.00025651
-0.70000000, 0.70000000, 0.00000000, 0.00004705
-0.70000000, 0.61250000, 0.08750000, 0.00005669
-0.70000000, 0.52500000, 0.17500000, 0.00005924
-0.70000000, 0.43750000, 0.26250000, 0.00005657
-0.70000000, 0.35000000, 0.35000000, 0.00004734
-0.70000000, 0.26250000, 0.43750000, 0.00002708
-0.70000000, 0.17500000, 0.52500000, 0.00000791
-0.70000000, 0.08750000, 0.61250000, -0.00000807
-0.70000000, 0.00000000, 0.70000000, -0.00001078
-0.61250000, -0.08750000, 0.70000000, -0.00000807
-0.52500000, -0.17500000, 0.70000000, 0.00000791
-0.43750000, -0.26250000, 0.70000000, 0.00002708
-0.35000000, -0.35000000, 0.70000000, 0.00004734
-0.26250000, -0.43750000, 0.70000000, 0.00005657
-0.17500000, -0.52500000, 0.70000000, 0.00005924
-0.08750000, -0.61250000, 0.70000000, 0.00005669
0.00000000, -0.70000000, 0.70000000, 0.00004705
0.08750000, -0.70000000, 0.61250000, 0.00025651
0.17500000, -0.70000000, 0.52500000, 0.00041126
0.26250000, -0.70000000, 0.43750000, 0.00053917
0.35000000, -0.70000000, 0.35000000, 0.00059778
0.43750000, -0.70000000, 0.26250000, 0.00049269
0.52500000, -0.70000000, 0.17500000, 0.00023150
0.61250000, -0.70000000, 0.08750000, 0.00000084
0.70000000, -0.70000000, 0.00000000, 0.00005922
0.70000000, -0.61250000, -0.08750000, 0.00020240
0.70000000, -0.52500000, -0.17500000, 0.00024649
0.70000000, -0.43750000, -0.26250000, 0.00023886
0.70000000, -0.35000000, -0.35000000, 0.00020154
0.70000000, -0.26250000, -0.43750000, 0.00015369
0.70000000, -0.17500000, -0.52500000, 0.00010166
0.70000000, -0.08750000, -0.61250000, 0.00005581
0.75000000, 0.00000000, -0.75000000, -0.00001219
0.65625000, 0.09375000, -0.75000000, -0.00000217
0.56250000, 0.18750000, -0.75000000, 0.00001457
0.46875000, 0.28125000, -0.75000000, 0.00003474
0.37500000, 0.37500000, -0.75000000, 0.00005162
0.28125000, 0.46875000, -0.75000000, 0.00005816
0.18750000, 0.56250000, -0.75000000, 0.00005090
0.09375000, 0.65625000, -0.75000000, 0.00003145
0.00000000, 0.75000000, -0.75000000, -0.00004081
-0.09375000, 0.75000000, -0.65625000, -0.00007686
-0.18750000, 0.75000000, -0.56250000, 0.00005378
-0.28125000, 0.75000000, -0.46875000, 0.00019888
-0.37500000, 0.75000000, -0.37500000, 0.00028882
-0.46875000, 0.75000000, -0.28125000, 0.00028208
-0.56250000, 0.75000000, -0.18750000, 0.00020811
-0.65625000, 0.75000000, -0.09375000, 0.00015078
-0.75000000, 0.75000000, 0.00000000, 0.00006280
-0.75000000, 0.65625000, 0.09375000, 0.00003560
-0.75000000, 0.56250000, 0.18750000, 0.00003059
-0.75000000, 0.46875000, 0.28125000, 0.00002215
-0.75000000, 0.37500000, 0.37500000, 0.00001516
-0.75000000, 0.28125000, 0.46875000, 0.00001341
-0.75000000, 0.18750000, 0.56250000, 0.00001295
-0.75000000, 0.09375000, 0.65625000, 0.00001311
-0.75000000, 0.00000000, 0.75000000, 0.00001359
-0.65625000, -0.09375000, 0.75000000, 0.00001311
-0.56250000, -0.18750000, 0.75000000, 0.00001295
-0.46875000, -0.28125000, 0.75000000, 0.00001341
-0.37500000, -0.37500000, 0.75000000, 0.00001516
-0.28125000, -0.46875000, 0.75000000, 0.00002215
-0.18750000, -0.56250000, 0.75000000, 0.00003059
-0.09375000, -0.65625000, 0.75000000, 0.00003560
0.00000000, -0.75000000, 0.75000000, 0.00006280
0.09375000, -0.75000000, 0.65625000, 0.00015078
0.18750000, -0.75000000, 0.56250000, 0.00020811
0.28125000, -0.75000000, 0.46875000, 0.00028208
0.37500000, -0.75000000, 0.37500000, 0.00028882
0.46875000, -0.75000000, 0.28125000, 0.00019888
0.56250000, -0.75000000, 0.18750000, 0.00005378
0.65625000, -0.75000000, 0.09375000, -0.00007686
0.75000000, -0.75000000, 0.00000000, -0.00004081
0.75000000, -0.65625000, -0.09375000, 0.00003145
0.75000000, -0.56250000, -0.18750000, 0.00005090
0.75000000, -0.46875000, -0.28125000, 0.00005816
0.75000000, -0.37500000, -0.37500000, 0.00005162
0.75000000, -0.28125000, -0.46875000, 0.00003474
0.75000000, -0.18750000, -0.56250000, 0.00001457
0.75000000, -0.09375000, -0.65625000, -0.00000217
0.80000000, 0.00000000, -0.80000000, -0.00001292
0.70000000, 0.10000000, -0.80000000, -0.00001301
0.60000000, 0.20000000, -0.80000000, -0.00000590
0.50000000, 0.30000000, -0.80000000, 0.00000216
0.40000000, 0.40000000, -0.80000000, 0.00000845
0.30000000, 0.50000000, -0.80000000, 0.00000571
0.20000000, 0.60000000, -0.80000000, -0.00000208
0.10000000, 0.70000000, -0.80000000, -0.00000941
0.00000000, 0.80000000, -0.80000000, -0.00003645
-0.10000000, 0.80000000, -0.70000000, -0.00006234
-0.20000000, 0.80000000, -0.60000000, -0.00000641
-0.30000000, 0.80000000, -0.50000000, 0.00006338
-0.40000000, 0.80000000, -0.40000000, 0.00011856
-0.50000000, 0.80000000, -0.30000000, 0.00012570
-0.60000000, 0.80000000, -0.20000000, 0.00009337
-0.70000000, 0.80000000, -0.10000000, 0.00007615
-0.80000000, 0.80000000, 0.00000000, 0.00003882
-0.80000000, 0.70000000, 0.10000000, 0.00002007
-0.80000000, 0.60000000, 0.20000000, 0.00001538
-0.80000000, 0.50000000, 0.30000000, 0.00000846
-0.80000000, 0.40000000, 0.40000000, 0.00000361
-0.80000000, 0.30000000, 0.50000000, 0.00000745
-0.80000000, 0.20000000, 0.60000000, 0.00001137
-0.80000000, 0.10000000, 0.70000000, 0.00001515
-0.80000000, 0.00000000, 0.80000000, 0.00001291
-0.70000000, -0.10000000, 0.80000000, 0.00001515
-0.60000000, -0.20000000, 0.80000000, 0.00001137
-0.50000000, -0.30000000, 0.80000000, 0.00000745
-0.40000000, -0.40000000, 0.80000000, 0.00000361
-0.30000000, -0.50000000, 0.80000000, 0.00000846
-0.20000000, -0.60000000, 0.80000000, 0.00001538
-0.10000000, -0.70000000, 0.80000000, 0.00002007
0.00000000, -0.80000000, 0.80000000, 0.00003882
0.10000000, -0.80000000, 0.70000000, 0.00007615
0.20000000, -0.80000000, 0.60000000, 0.00009337
0.30000000, -0.80000000, 0.50000000, 0.00012570
0.40000000, -0.80000000, 0.40000000, 0.00011856
0.50000000, -0.80000000, 0.30000000, 0.00006338
0.60000000, -0.80000000, 0.20000000, -0.00000641
0.70000000, -0.80000000, 0.10000000, -0.00006234
0.80000000, -0.80000000, 0.00000000, -0.00003645
0.80000000, -0.70000000, -0.10000000, -0.00000941
0.80000000, -0.60000000, -0.20000000, -0.00000208
0.80000000, -0.50000000, -0.30000000, 0.00000571
0.80000000, -0.40000000, -0.40000000, 0.00000845
0.80000000, -0.30000000, -0.50000000, 0.00000216
0.80000000, -0.20000000, -0.60000000, -0.00000590
0.80000000, -0.10000000, -0.70000000, -0.00001301
0.85000000, 0.00000000, -0.85000000, 0.00000983
0.74375000, 0.10625000, -0.85000000, 0.00000695
0.63750000, 0.21250000, -0.85000000, 0.00000435
0.53125000, 0.31875000, -0.85000000, 0.00000194
0.42500000, 0.42500000, -0.85000000, 0.00000154
0.31875000, 0.53125000, -0.85000000, 0.00000441
0.21250000, 0.63750000, -0.85000000, 0.00000949
0.10625000, 0.74375000, -0.85000000, 0.00001233
0.00000000, 0.85000000, -0.85000000, 0.00002886
-0.10625000, 0.85000000, -0.74375000, 0.00001947
-0.21250000, 0.85000000, -0.63750000, 0.00002375
-0.31875000, 0.85000000, -0.53125000, 0.00004631
-0.42500000, 0.85000000, -0.42500000, 0.00003810
-0.53125000, 0.85000000, -0.31875000, 0.00001043
-0.63750000, 0.85000000, -0.21250000, -0.00000352
-0.74375000, 0.85000000, -0.10625000, -0.00002075
-0.85000000, 0.85000000, 0.00000000, -0.00003060
-0.85000000, 0.74375000, 0.10625000, -0.00001061
-0.85000000, 0.63750000, 0.21250000, -0.00000668
-0.85000000, 0.53125000, 0.31875000, -0.00000251
-0.85000000, 0.42500000, 0.42500000, -0.00000057
-0.85000000, 0.31875000, 0.53125000, -0.00000254
-0.85000000, 0.21250000, 0.63750000, -0.00000520
-0.85000000, 0.10625000, 0.74375000, -0.00000768
-0.85000000, 0.00000000, 0.85000000, -0.00000987
-0.74375000, -0.10625000, 0.85000000, -0.00000768
-0.63750000, -0.21250000, 0.85000000, -0.00000520
-0.53125000, -0.31875000, 0.85000000, -0.00000254
-0.42500000, -0.42500000, 0.85000000, -0.00000057
-0.31875000, -0.53125000, 0.85000000, -0.00000251
-0.21250000, -0.63750000, 0.85000000, -0.00000668
-0.10625000, -0.74375000, 0.85000000, -0.00001061
0.00000000, -0.85000000, 0.85000000, -0.00003060
0.10625000, -0.85000000, 0.74375000, -0.00002075
0.21250000, -0.85000000, 0.63750000, -0.00000352
0.31875000, -0.85000000, 0.53125000, 0.00001043
0.42500000, -0.85000000, 0.42500000, 0.00003810
0.53125000, -0.85000000, 0.31875000, 0.00004631
0.63750000, -0.85000000, 0.21250000, 0.00002375
0.74375000, -0.85000000, 0.10625000, 0.00001947
0.85000000, -0.85000000, 0.00000000, 0.00002886
0.85000000, -0.74375000, -0.10625000, 0.00001233
0.85000000, -0.63750000, -0.21250000, 0.00000949
0.85000000, -0.53125000, -0.31875000, 0.00000441
0.85000000, -0.42500000, -0.42500000, 0.00000154
0.85000000, -0.31875000, -0.53125000, 0.00000194
0.85000000, -0.21250000, -0.63750000, 0.00000435
0.85000000, -0.10625000, -0.74375000, 0.00000695
0.90000000, 0.00000000, -0.90000000, 0.00000810
0.78750000, 0.11250000, -0.90000000, 0.00000860
0.67500000, 0.22500000, -0.90000000, 0.00000545
0.56250000, 0.33750000, -0.90000000, 0.00000228
0.45000000, 0.45000000, -0.90000000, 0.00000039
0.33750000, 0.56250000, -0.90000000, 0.00000344
0.22500000, 0.67500000, -0.90000000, 0.00000827
0.11250000, 0.78750000, -0.90000000, 0.00001076
0.00000000, 0.90000000, -0.90000000, 0.00002037
-0.11250000, 0.90000000, -0.78750000, 0.00002322
-0.22500000, 0.90000000, -0.67500000, 0.00001938
-0.33750000, 0.90000000, -0.56250000, 0.00002240
-0.45000000, 0.90000000, -0.45000000, 0.00000798
-0.56250000, 0.90000000, -0.33750000, -0.00001163
-0.67500000, 0.90000000, -0.22500000, -0.00001694
-0.78750000, 0.90000000, -0.11250000, -0.00002478
-0.90000000, 0.90000000, 0.00000000, -0.00002094
-0.90000000, 0.78750000, 0.11250000, -0.00000980
-0.90000000, 0.67500000, 0.22500000, -0.00000672
-0.90000000, 0.56250000, 0.33750000, -0.00000272
-0.90000000, 0.45000000, 0.45000000, -0.00000030
-0.90000000, 0.33750000, 0.56250000, -0.00000327
-0.90000000, 0.22500000, 0.67500000, -0.00000627
-0.90000000, 0.11250000, 0.78750000, -0.00000905
-0.90000000, 0.00000000, 0.90000000, -0.00000802
-0.78750000, -0.11250000, 0.90000000, -0.00000905
-0.67500000, -0.22500000, 0.90000000, -0.00000627
-0.56250000, -0.33750000, 0.90000000, -0.00000327
-0.45000000, -0.45000000, 0.90000000, -0.00000030
-0.33750000, -0.56250000, 0.90000000, -0.00000272
-0.22500000, -0.67500000, 0.90000000, -0.00000672
-0.11250000, -0.78750000, 0.90000000, -0.00000980
0.00000000, -0.90000000, 0.90000000, -0.00002094
0.11250000, -0.90000000, 0.78750000, -0.00002478
0.22500000, -0.90000000, 0.67500000, -0.00001694
0.33750000, -0.90000000, 0.56250000, -0.00001163
0.45000000, -0.90000000, 0.45000000, 0.00000798
0.56250000, -0.90000000, 0.33750000, 0.00002240
0.67500000, -0.90000000, 0.22500000, 0.00001938
0.78750000, -0.90000000, 0.11250000, 0.00002322
0.90000000, -0.90000000, 0.00000000, 0.00002037
0.90000000, -0.78750000, -0.11250000, 0.00001076
0.90000000, -0.67500000, -0.22500000, 0.00000827
0.90000000, -0.56250000, -0.33750000, 0.00000344
0.90000000, -0.45000000, -0.45000000, 0.00000039
0.90000000, -0.33750000, -0.56250000, 0.00000228
0.90000000, -0.22500000, -0.67500000, 0.00000545
0.90000000, -0.11250000, -0.78750000, 0.00000860
0.95000000, 0.00000000, -0.95000000, -0.00000993
0.83125000, 0.11875000, -0.95000000, -0.00000825
0.71250000, 0.23750000, -0.95000000, -0.00000510
0.59375000, 0.35625000, -0.95000000, -0.00000206
0.47500000, 0.47500000, -0.95000000, -0.00000064
0.35625000, 0.59375000, -0.95000000, -0.00000363
0.23750000, 0.71250000, -0.95000000, -0.00000879
0.11875000, 0.83125000, -0.95000000, -0.00001201
0.00000000, 0.95000000, -0.95000000, -0.00002858
-0.11875000, 0.95000000, -0.83125000, -0.00002824
-0.23750000, 0.95000000, -0.71250000, -0.00002023
-0.35625000, 0.95000000, -0.59375000, -0.00001814
-0.47500000, 0.95000000, -0.47500000, 0.00000060
-0.59375000, 0.95000000, -0.35625000, 0.00001948
-0.71250000, 0.95000000, -0.23750000, 0.00002107
-0.83125000, 0.95000000, -0.11875000, 0.00002937
-0.95000000, 0.95000000, 0.00000000, 0.00002976
-0.95000000, 0.83125000, 0.11875000, 0.00001131
-0.95000000, 0.71250000, 0.23750000, 0.00000749
-0.95000000, 0.59375000, 0.35625000, 0.00000319
-0.95000000, 0.47500000, 0.47500000, 0.00000079
-0.95000000, 0.35625000, 0.59375000, 0.00000330
-0.95000000, 0.23750000, 0.71250000, 0.00000614
-0.95000000, 0.11875000, 0.83125000, 0.00000884
-0.95000000, 0.00000000, 0.95000000, 0.00000984
-0.83125000, -0.11875000, 0.95000000, 0.00000884
-0.71250000, -0.23750000, 0.95000000, 0.00000614
-0.59375000, -0.35625000, 0.95000000, 0.00000330
-0.47500000, -0.47500000, 0.95000000, 0.00000079
-0.35625000, -0.59375000, 0.95000000, 0.00000319
-0.23750000, -0.71250000, 0.95000000, 0.00000749
-0.11875000, -0.83125000, 0.95000000, 0.00001131
0.00000000, -0.95000000, 0.95000000, 0.00002976
0.11875000, -0.95000000, 0.83125000, 0.00002937
0.23750000, -0.95000000, 0.71250000, 0.00002107
0.35625000, -0.95000000, 0.59375000, 0.00001948
0.47500000, -0.95000000, 0.47500000, 0.00000060
0.59375000, -0.95000000, 0.35625000, -0.00001814
0.71250000, -0.95000000, 0.23750000, -0.00002023
0.83125000, -0.95000000, 0.11875000, -0.00002824
0.95000000, -0.95000000, 0.00000000, -0.00002858
0.95000000, -0.83125000, -0.11875000, -0.00001201
0.95000000, -0.71250000, -0.23750000, -0.00000879
0.95000000, -0.59375000, -0.35625000, -0.00000363
0.95000000, -0.47500000, -0.47500000, -0.00000064
0.95000000, -0.35625000, -0.59375000, -0.00000206
0.95000000, -0.23750000, -0.71250000, -0.00000510
0.95000000, -0.11875000, -0.83125000, -0.00000825
1.00000000, 0.00000000, -1.00000000, 0.00000000
0.87500000, 0.12500000, -1.00000000, 0.00000000
0.75000000, 0.25000000, -1.00000000, 0.00000000
0.62500000, 0.37500000, -1.00000000, 0.00000000
0.50000000, 0.50000000, -1.00000000, 0.00000000
0.37500000, 0.62500000, -1.00000000, 0.00000000
0.25000000, 0.75000000, -1.00000000, 0.00000000
0.12500000, 0.87500000, -1.00000000, 0.00000000
0.00000000, 1.00000000, -1.00000000, 0.00000000
-0.12500000, 1.00000000, -0.87500000, 0.00000000
-0.25000000, 1.00000000, -0.75000000, 0.00000000
-0.37500000, 1.00000000, -0.62500000, 0.00000000
-0.50000000, 1.00000000, -0.50000000, 0.00000000
-0.62500000, 1.00000000, -0.37500000, 0.00000000
-0.75000000, 1.00000000, -0.25000000, 0.00000000
-0.87500000, 1.00000000, -0.12500000, 0.00000000
-1.00000000, 1.00000000, 0.00000000, 0.00000000
-1.00000000, 0.87500000, 0.12500000, 0.00000000
-1.00000000, 0.75000000, 0.25000000, 0.00000000
-1.00000000, 0.62500000, 0.37500000, 0.00000000
-1.00000000, 0.50000000, 0.50000000, 0.00000000
-1.00000000, 0.37500000, 0.62500000, 0.00000000
-1.00000000, 0.25000000, 0.75000000, 0.00000000
-1.00000000, 0.12500000, 0.87500000, 0.00000000
-1.00000000, 0.00000000, 1.00000000, 0.00000000
-0.87500000, -0.12500000, 1.00000000, 0.00000000
-0.75000000, -0.25000000, 1.00000000, 0.00000000
-0.62500000, -0.37500000, 1.00000000, 0.00000000
-0.50000000, -0.50000000, 1.00000000, 0.00000000
-0.37500000, -0.62500000, 1.00000000, 0.00000000
-0.25000000, -0.75000000, 1.00000000, 0.00000000
-0.12500000, -0.87500000, 1.00000000, 0.00000000
0.00000000, -1.00000000, 1.00000000, 0.00000000
0.12500000, -1.00000000, 0.87500000, 0.00000000
0.25000000, -1.00000000, 0.75000000, 0.00000000
0.37500000, -1.00000000, 0.62500000, 0.00000000
0.50000000, -1.00000000, 0.50000000, 0.00000000
0.62500000, -1.00000000, 0.37500000, 0.00000000
0.75000000, -1.00000000, 0.25000000, 0.00000000
0.87500000, -1.00000000, 0.12500000, 0.00000000
1.00000000, -1.00000000, 0.00000000, 0.00000000
1.00000000, -0.87500000, -0.12500000, 0.00000000
1.00000000, -0.75000000, -0.25000000, 0.00000000
1.00000000, -0.62500000, -0.37500000, 0.00000000
1.00000000, -0.50000000, -0.50000000, 0.00000000
1.00000000, -0.37500000, -0.62500000, 0.00000000
1.00000000, -0.25000000, -0.75000000, 0.00000000
1.00000000, -0.12500000, -0.87500000, 0.00000000
