0.01000000, 0.00000000, -0.01000000, -0.08772526
0.00000000, 0.01000000, -0.01000000, -0.34259582
-0.00125000, 0.01000000, -0.00875000, -0.33180788
-0.00250000, 0.01000000, -0.00750000, -0.19002558
-0.00375000, 0.01000000, -0.00625000, -0.01970854
-0.00500000, 0.01000000, -0.00500000, 0.15993138
-0.00625000, 0.01000000, -0.00375000, 0.32071093
-0.00750000, 0.01000000, -0.00250000, 0.43363887
-0.00875000, 0.01000000, -0.00125000, 0.48034126
-0.01000000, 0.01000000, 0.00000000, 0.35760742
-0.01000000, 0.00875000, 0.00125000, 0.25816917
-0.01000000, 0.00750000, 0.00250000, 0.21563195
-0.01000000, 0.00625000, 0.00375000, 0.18771018
-0.01000000, 0.00500000, 0.00500000, 0.16304657
-0.01000000, 0.00375000, 0.00625000, 0.14429332
-0.01000000, 0.00250000, 0.00750000, 0.12536836
-0.01000000, 0.00125000, 0.00875000, 0.11191486
-0.01000000, 0.00000000, 0.01000000, 0.10002320
0.00000000, -0.01000000, 0.01000000, 0.35760742
0.00125000, -0.01000000, 0.00875000, 0.48034126
0.00250000, -0.01000000, 0.00750000, 0.43363887
0.00375000, -0.01000000, 0.00625000, 0.32071093
0.00500000, -0.01000000, 0.00500000, 0.15993138
0.00625000, -0.01000000, 0.00375000, -0.01970854
0.00750000, -0.01000000, 0.00250000, -0.19002558
0.00875000, -0.01000000, 0.00125000, -0.33180788
0.01000000, -0.01000000, 0.00000000, -0.34259582
0.01000000, -0.00875000, -0.00125000, -0.24302153
0.01000000, -0.00750000, -0.00250000, -0.20042539
0.01000000, -0.00625000, -0.00375000, -0.17356120
0.01000000, -0.00500000, -0.00500000, -0.14907244
0.01000000, -0.00375000, -0.00625000, -0.13093257
0.01000000, -0.00250000, -0.00750000, -0.11253926
0.01000000, -0.00125000, -0.00875000, -0.09960914
0.02000000, 0.00000000, -0.02000000, -0.02670641
0.01750000, 0.00250000, -0.02000000, -0.03167029
0.01500000, 0.00500000, -0.02000000, -0.03800448
0.01250000, 0.00750000, -0.02000000, -0.04632195
0.01000000, 0.01000000, -0.02000000, -0.05551498
0.00750000, 0.01250000, -0.02000000, -0.06753092
0.00500000, 0.01500000, -0.02000000, -0.08203345
0.00250000, 0.01750000, -0.02000000, -0.10328616
0.00000000, 0.02000000, -0.02000000, -0.15232933
-0.00250000, 0.02000000, -0.01750000, -0.14385232
-0.00500000, 0.02000000, -0.01500000, -0.07867857
-0.00750000, 0.02000000, -0.01250000, 0.00332799
-0.01000000, 0.02000000, -0.01000000, 0.08418996
-0.01250000, 0.02000000, -0.00750000, 0.15555860
-0.01500000, 0.02000000, -0.00500000, 0.20867664
-0.01750000, 0.02000000, -0.00250000, 0.22585778
-0.02000000, 0.02000000, 0.00000000, 0.16722840
-0.02000000, 0.01750000, 0.00250000, 0.11840126
-0.02000000, 0.01500000, 0.00500000, 0.09682520
-0.02000000, 0.01250000, 0.00750000, 0.08195321
-0.02000000, 0.01000000, 0.01000000, 0.06942660
-0.02000000, 0.00750000, 0.01250000, 0.05954728
-0.02000000, 0.00500000, 0.01500000, 0.05084573
-0.02000000, 0.00250000, 0.01750000, 0.04396384
-0.02000000, 0.00000000, 0.02000000, 0.03881435
-0.01750000, -0.00250000, 0.02000000, 0.04396384
-0.01500000, -0.00500000, 0.02000000, 0.05084573
-0.01250000, -0.00750000, 0.02000000, 0.05954728
-0.01000000, -0.01000000, 0.02000000, 0.06942660
-0.00750000, -0.01250000, 0.02000000, 0.08195321
-0.00500000, -0.01500000, 0.02000000, 0.09682520
-0.00250000, -0.01750000, 0.02000000, 0.11840126
0.00000000, -0.02000000, 0.02000000, 0.16722840
0.00250000, -0.02000000, 0.01750000, 0.22585778
0.00500000, -0.02000000, 0.01500000, 0.20867664
0.00750000, -0.02000000, 0.01250000, 0.15555860
0.01000000, -0.02000000, 0.01000000, 0.08418996
0.01250000, -0.02000000, 0.00750000, 0.00332799
0.01500000, -0.02000000, 0.00500000, -0.07867857
0.01750000, -0.02000000, 0.00250000, -0.14385232
0.02000000, -0.02000000, 0.00000000, -0.15232933
0.02000000, -0.01750000, -0.00250000, -0.10328616
0.02000000, -0.01500000, -0.00500000, -0.08203345
0.02000000, -0.01250000, -0.00750000, -0.06753092
0.02000000, -0.01000000, -0.01000000, -0.05551498
0.02000000, -0.00750000, -0.01250000, -0.04632195
0.02000000, -0.00500000, -0.01500000, -0.03800448
0.02000000, -0.00250000, -0.01750000, -0.03167029
0.03000000, 0.00000000, -0.03000000, -0.00964985
0.02625000, 0.00375000, -0.03000000, -0.01279672
0.02250000, 0.00750000, -0.03000000, -0.01718855
0.01875000, 0.01125000, -0.03000000, -0.02316032
0.01500000, 0.01500000, -0.03000000, -0.03020135
0.01125000, 0.01875000, -0.03000000, -0.03889579
0.00750000, 0.02250000, -0.03000000, -0.04993289
0.00375000, 0.02625000, -0.03000000, -0.06601461
0.00000000, 0.03000000, -0.03000000, -0.10222570
-0.00375000, 0.03000000, -0.02625000, -0.09697275
-0.00750000, 0.03000000, -0.02250000, -0.05255122
-0.01125000, 0.03000000, -0.01875000, 0.00335310
-0.01500000, 0.03000000, -0.01500000, 0.05940502
-0.01875000, 0.03000000, -0.01125000, 0.10897448
-0.02250000, 0.03000000, -0.00750000, 0.14541207
-0.02625000, 0.03000000, -0.00375000, 0.15754554
-0.03000000, 0.03000000, 0.00000000, 0.11781597
-0.03000000, 0.02625000, 0.00375000, 0.08183634
-0.03000000, 0.02250000, 0.00750000, 0.06528205
-0.03000000, 0.01875000, 0.01125000, 0.05364449
-0.03000000, 0.01500000, 0.01500000, 0.04422863
-0.03000000, 0.01125000, 0.01875000, 0.03646242
-0.03000000, 0.00750000, 0.02250000, 0.02993009
-0.03000000, 0.00375000, 0.02625000, 0.02492218
-0.03000000, 0.00000000, 0.03000000, 0.02149753
-0.02625000, -0.00375000, 0.03000000, 0.02492218
-0.02250000, -0.00750000, 0.03000000, 0.02993009
-0.01875000, -0.01125000, 0.03000000, 0.03646242
-0.01500000, -0.01500000, 0.03000000, 0.04422863
-0.01125000, -0.01875000, 0.03000000, 0.05364449
-0.00750000, -0.02250000, 0.03000000, 0.06528205
-0.00375000, -0.02625000, 0.03000000, 0.08183634
0.00000000, -0.03000000, 0.03000000, 0.11781597
0.00375000, -0.03000000, 0.02625000, 0.15754554
0.00750000, -0.03000000, 0.02250000, 0.14541207
0.01125000, -0.03000000, 0.01875000, 0.10897448
0.01500000, -0.03000000, 0.01500000, 0.05940502
0.01875000, -0.03000000, 0.01125000, 0.00335310
0.02250000, -0.03000000, 0.00750000, -0.05255122
0.02625000, -0.03000000, 0.00375000, -0.09697275
0.03000000, -0.03000000, 0.00000000, -0.10222570
0.03000000, -0.02625000, -0.00375000, -0.06601461
0.03000000, -0.02250000, -0.00750000, -0.04993289
0.03000000, -0.01875000, -0.01125000, -0.03889579
0.03000000, -0.01500000, -0.01500000, -0.03020135
0.03000000, -0.01125000, -0.01875000, -0.02316032
0.03000000, -0.00750000, -0.02250000, -0.01718855
0.03000000, -0.00375000, -0.02625000, -0.01279672
0.04000000, 0.00000000, -0.04000000, -0.00204341
0.03500000, 0.00500000, -0.04000000, -0.00442687
0.03000000, 0.01000000, -0.04000000, -0.00809205
0.02500000, 0.01500000, -0.04000000, -0.01292767
0.02000000, 0.02000000, -0.04000000, -0.01887449
0.01500000, 0.02500000, -0.04000000, -0.02635266
0.01000000, 0.03000000, -0.04000000, -0.03589739
0.00500000, 0.03500000, -0.04000000, -0.04977239
0.00000000, 0.04000000, -0.04000000, -0.08042581
-0.00500000, 0.04000000, -0.03500000, -0.07741057
-0.01000000, 0.04000000, -0.03000000, -0.04206218
-0.01500000, 0.04000000, -0.02500000, 0.00222096
-0.02000000, 0.04000000, -0.02000000, 0.04731185
-0.02500000, 0.04000000, -0.01500000, 0.08747283
-0.03000000, 0.04000000, -0.01000000, 0.11697974
-0.03500000, 0.04000000, -0.00500000, 0.12778440
-0.04000000, 0.04000000, 0.00000000, 0.09680153
-0.04000000, 0.03500000, 0.00500000, 0.06629530
-0.04000000, 0.03000000, 0.01000000, 0.05181517
-0.04000000, 0.02500000, 0.01500000, 0.04143156
-0.04000000, 0.02000000, 0.02000000, 0.03305759
-0.04000000, 0.01500000, 0.02500000, 0.02622280
-0.04000000, 0.01000000, 0.03000000, 0.02060352
-0.04000000, 0.00500000, 0.03500000, 0.01630080
-0.04000000, 0.00000000, 0.04000000, 0.01356843
-0.03500000, -0.00500000, 0.04000000, 0.01630080
-0.03000000, -0.01000000, 0.04000000, 0.02060352
-0.02500000, -0.01500000, 0.04000000, 0.02622280
-0.02000000, -0.02000000, 0.04000000, 0.03305759
-0.01500000, -0.02500000, 0.04000000, 0.04143156
-0.01000000, -0.03000000, 0.04000000, 0.05181517
-0.00500000, -0.03500000, 0.04000000, 0.06629530
0.00000000, -0.04000000, 0.04000000, 0.09680153
0.00500000, -0.04000000, 0.03500000, 0.12778440
0.01000000, -0.04000000, 0.03000000, 0.11697974
0.01500000, -0.04000000, 0.02500000, 0.08747283
0.02000000, -0.04000000, 0.02000000, 0.04731185
0.02500000, -0.04000000, 0.01500000, 0.00222096
0.03000000, -0.04000000, 0.01000000, -0.04206218
0.03500000, -0.04000000, 0.00500000, -0.07741057
0.04000000, -0.04000000, 0.00000000, -0.08042581
0.04000000, -0.03500000, -0.00500000, -0.04977239
0.04000000, -0.03000000, -0.01000000, -0.03589739
0.04000000, -0.02500000, -0.01500000, -0.02635266
0.04000000, -0.02000000, -0.02000000, -0.01887449
0.04000000, -0.01500000, -0.02500000, -0.01292767
0.04000000, -0.01000000, -0.03000000, -0.00809205
0.04000000, -0.00500000, -0.03500000, -0.00442687
0.05000000, 0.00000000, -0.05000000, 0.00211419
0.04375000, 0.00625000, -0.05000000, 0.00018212
0.03750000, 0.01250000, -0.05000000, -0.00302869
0.03125000, 0.01875000, -0.05000000, -0.00732696
0.02500000, 0.02500000, -0.05000000, -0.01269682
0.01875000, 0.03125000, -0.05000000, -0.01945839
0.01250000, 0.03750000, -0.05000000, -0.02816583
0.00625000, 0.04375000, -0.05000000, -0.04079976
0.00000000, 0.05000000, -0.05000000, -0.06837135
-0.00625000, 0.05000000, -0.04375000, -0.06674162
-0.01250000, 0.05000000, -0.03750000, -0.03672588
-0.01875000, 0.05000000, -0.03125000, 0.00132028
-0.02500000, 0.05000000, -0.02500000, 0.04027702
-0.03125000, 0.05000000, -0.01875000, 0.07522250
-0.03750000, 0.05000000, -0.01250000, 0.10126112
-0.04375000, 0.05000000, -0.00625000, 0.11135751
-0.05000000, 0.05000000, 0.00000000, 0.08554216
-0.05000000, 0.04375000, 0.00625000, 0.05801515
-0.05000000, 0.03750000, 0.01250000, 0.04458930
-0.05000000, 0.03125000, 0.01875000, 0.03484632
-0.05000000, 0.02500000, 0.02500000, 0.02698407
-0.05000000, 0.01875000, 0.03125000, 0.02055128
-0.05000000, 0.01250000, 0.03750000, 0.01532465
-0.05000000, 0.00625000, 0.04375000, 0.01138462
-0.05000000, 0.00000000, 0.05000000, 0.00904131
-0.04375000, -0.00625000, 0.05000000, 0.01138462
-0.03750000, -0.01250000, 0.05000000, 0.01532465
-0.03125000, -0.01875000, 0.05000000, 0.02055128
-0.02500000, -0.02500000, 0.05000000, 0.02698407
-0.01875000, -0.03125000, 0.05000000, 0.03484632
-0.01250000, -0.03750000, 0.05000000, 0.04458930
-0.00625000, -0.04375000, 0.05000000, 0.05801515
0.00000000, -0.05000000, 0.05000000, 0.08554216
0.00625000, -0.05000000, 0.04375000, 0.11135751
0.01250000, -0.05000000, 0.03750000, 0.10126112
0.01875000, -0.05000000, 0.03125000, 0.07522250
0.02500000, -0.05000000, 0.02500000, 0.04027702
0.03125000, -0.05000000, 0.01875000, 0.00132028
0.03750000, -0.05000000, 0.01250000, -0.03672588
0.04375000, -0.05000000, 0.00625000, -0.06674162
0.05000000, -0.05000000, 0.00000000, -0.06837135
0.05000000, -0.04375000, -0.00625000, -0.04079976
0.05000000, -0.03750000, -0.01250000, -0.02816583
0.05000000, -0.03125000, -0.01875000, -0.01945839
0.05000000, -0.02500000, -0.02500000, -0.01269682
0.05000000, -0.01875000, -0.03125000, -0.00732696
0.05000000, -0.01250000, -0.03750000, -0.00302869
0.05000000, -0.00625000, -0.04375000, 0.00018212
0.06000000, 0.00000000, -0.06000000, 0.00457447
0.05250000, 0.00750000, -0.06000000, 0.00292562
0.04500000, 0.01500000, -0.06000000, 0.00004961
0.03750000, 0.02250000, -0.06000000, -0.00388520
0.03000000, 0.03000000, -0.06000000, -0.00884714
0.02250000, 0.03750000, -0.06000000, -0.01519629
0.01500000, 0.04500000, -0.06000000, -0.02337564
0.00750000, 0.05250000, -0.06000000, -0.03518842
0.00000000, 0.06000000, -0.06000000, -0.06075111
-0.00750000, 0.06000000, -0.05250000, -0.06026562
-0.01500000, 0.06000000, -0.04500000, -0.03363240
-0.02250000, 0.06000000, -0.03750000, 0.00047440
-0.03000000, 0.06000000, -0.03000000, 0.03574133
-0.03750000, 0.06000000, -0.02250000, 0.06761363
-0.04500000, 0.06000000, -0.01500000, 0.09154233
-0.05250000, 0.06000000, -0.00750000, 0.10130914
-0.06000000, 0.06000000, 0.00000000, 0.07869920
-0.06000000, 0.05250000, 0.00750000, 0.05300775
-0.06000000, 0.04500000, 0.01500000, 0.04021166
-0.06000000, 0.03750000, 0.02250000, 0.03081704
-0.06000000, 0.03000000, 0.03000000, 0.02320431
-0.06000000, 0.02250000, 0.03750000, 0.01702770
-0.06000000, 0.01500000, 0.04500000, 0.01202816
-0.06000000, 0.00750000, 0.05250000, 0.00831862
-0.06000000, 0.00000000, 0.06000000, 0.00619117
-0.05250000, -0.00750000, 0.06000000, 0.00831862
-0.04500000, -0.01500000, 0.06000000, 0.01202816
-0.03750000, -0.02250000, 0.06000000, 0.01702770
-0.03000000, -0.03000000, 0.06000000, 0.02320431
-0.02250000, -0.03750000, 0.06000000, 0.03081704
-0.01500000, -0.04500000, 0.06000000, 0.04021166
-0.00750000, -0.05250000, 0.06000000, 0.05300775
0.00000000, -0.06000000, 0.06000000, 0.07869920
0.00750000, -0.06000000, 0.05250000, 0.10130914
0.01500000, -0.06000000, 0.04500000, 0.09154233
0.02250000, -0.06000000, 0.03750000, 0.06761363
0.03000000, -0.06000000, 0.03000000, 0.03574133
0.03750000, -0.06000000, 0.02250000, 0.00047440
0.04500000, -0.06000000, 0.01500000, -0.03363240
0.05250000, -0.06000000, 0.00750000, -0.06026562
0.06000000, -0.06000000, 0.00000000, -0.06075111
0.06000000, -0.05250000, -0.00750000, -0.03518842
0.06000000, -0.04500000, -0.01500000, -0.02337564
0.06000000, -0.03750000, -0.02250000, -0.01519629
0.06000000, -0.03000000, -0.03000000, -0.00884714
0.06000000, -0.02250000, -0.03750000, -0.00388520
0.06000000, -0.01500000, -0.04500000, 0.00004961
0.06000000, -0.00750000, -0.05250000, 0.00292562
0.07000000, 0.00000000, -0.07000000, 0.00619613
0.06125000, 0.00875000, -0.07000000, 0.00475488
0.05250000, 0.01750000, -0.07000000, 0.00208642
0.04375000, 0.02625000, -0.07000000, -0.00158965
0.03500000, 0.03500000, -0.07000000, -0.00625937
0.02625000, 0.04375000, -0.07000000, -0.01225105
0.01750000, 0.05250000, -0.07000000, -0.01997281
0.00875000, 0.06125000, -0.07000000, -0.03114343
0.00000000, 0.07000000, -0.07000000, -0.05517327
-0.00875000, 0.07000000, -0.06125000, -0.05554235
-0.01750000, 0.07000000, -0.05250000, -0.03126276
-0.02625000, 0.07000000, -0.04375000, 0.00006470
-0.03500000, 0.07000000, -0.03500000, 0.03262109
-0.04375000, 0.07000000, -0.02625000, 0.06221366
-0.05250000, 0.07000000, -0.01750000, 0.08466388
-0.06125000, 0.07000000, -0.00875000, 0.09423548
-0.07000000, 0.07000000, 0.00000000, 0.07387465
-0.07000000, 0.06125000, 0.00875000, 0.04957354
-0.07000000, 0.05250000, 0.01750000, 0.03723659
-0.07000000, 0.04375000, 0.02625000, 0.02809724
-0.07000000, 0.03500000, 0.03500000, 0.02065807
-0.07000000, 0.02625000, 0.04375000, 0.01460965
-0.07000000, 0.01750000, 0.05250000, 0.00973562
-0.07000000, 0.00875000, 0.06125000, 0.00614411
-0.07000000, 0.00000000, 0.07000000, 0.00416314
-0.06125000, -0.00875000, 0.07000000, 0.00614411
-0.05250000, -0.01750000, 0.07000000, 0.00973562
-0.04375000, -0.02625000, 0.07000000, 0.01460965
-0.03500000, -0.03500000, 0.07000000, 0.02065807
-0.02625000, -0.04375000, 0.07000000, 0.02809724
-0.01750000, -0.05250000, 0.07000000, 0.03723659
-0.00875000, -0.06125000, 0.07000000, 0.04957354
0.00000000, -0.07000000, 0.07000000, 0.07387465
0.00875000, -0.07000000, 0.06125000, 0.09423548
0.01750000, -0.07000000, 0.05250000, 0.08466388
0.02625000, -0.07000000, 0.04375000, 0.06221366
0.03500000, -0.07000000, 0.03500000, 0.03262109
0.04375000, -0.07000000, 0.02625000, 0.00006470
0.05250000, -0.07000000, 0.01750000, -0.03126276
0.06125000, -0.07000000, 0.00875000, -0.05554235
0.07000000, -0.07000000, 0.00000000, -0.05517327
0.07000000, -0.06125000, -0.00875000, -0.03114343
0.07000000, -0.05250000, -0.01750000, -0.01997281
0.07000000, -0.04375000, -0.02625000, -0.01225105
0.07000000, -0.03500000, -0.03500000, -0.00625937
0.07000000, -0.02625000, -0.04375000, -0.00158965
0.07000000, -0.01750000, -0.05250000, 0.00208642
0.07000000, -0.00875000, -0.06125000, 0.00475488
0.08000000, 0.00000000, -0.08000000, 0.00730231
0.07000000, 0.01000000, -0.08000000, 0.00601863
0.06000000, 0.02000000, -0.08000000, 0.00350827
0.05000000, 0.03000000, -0.08000000, 0.00003631
0.04000000, 0.04000000, -0.08000000, -0.00440431
0.03000000, 0.05000000, -0.08000000, -0.01007974
0.02000000, 0.06000000, -0.08000000, -0.01741131
0.01000000, 0.07000000, -0.08000000, -0.02804077
0.00000000, 0.08000000, -0.08000000, -0.05085771
-0.01000000, 0.08000000, -0.07000000, -0.05184302
-0.02000000, 0.08000000, -0.06000000, -0.02936630
-0.03000000, 0.08000000, -0.05000000, -0.00012177
-0.04000000, 0.08000000, -0.04000000, 0.03037763
-0.05000000, 0.08000000, -0.03000000, 0.05823172
-0.06000000, 0.08000000, -0.02000000, 0.07956931
-0.07000000, 0.08000000, -0.01000000, 0.08895059
-0.08000000, 0.08000000, 0.00000000, 0.07029103
-0.08000000, 0.07000000, 0.01000000, 0.04706322
-0.08000000, 0.06000000, 0.02000000, 0.03507946
-0.08000000, 0.05000000, 0.03000000, 0.02613239
-0.08000000, 0.04000000, 0.04000000, 0.01882428
-0.08000000, 0.03000000, 0.05000000, 0.01284700
-0.08000000, 0.02000000, 0.06000000, 0.00805056
-0.08000000, 0.01000000, 0.07000000, 0.00453033
-0.08000000, 0.00000000, 0.08000000, 0.00265712
-0.07000000, -0.01000000, 0.08000000, 0.00453033
-0.06000000, -0.02000000, 0.08000000, 0.00805056
-0.05000000, -0.03000000, 0.08000000, 0.01284700
-0.04000000, -0.04000000, 0.08000000, 0.01882428
-0.03000000, -0.05000000, 0.08000000, 0.02613239
-0.02000000, -0.06000000, 0.08000000, 0.03507946
-0.01000000, -0.07000000, 0.08000000, 0.04706322
0.00000000, -0.08000000, 0.08000000, 0.07029103
0.01000000, -0.08000000, 0.07000000, 0.08895059
0.02000000, -0.08000000, 0.06000000, 0.07956931
0.03000000, -0.08000000, 0.05000000, 0.05823172
0.04000000, -0.08000000, 0.04000000, 0.03037763
0.05000000, -0.08000000, 0.03000000, -0.00012177
0.06000000, -0.08000000, 0.02000000, -0.02936630
0.07000000, -0.08000000, 0.01000000, -0.05184302
0.08000000, -0.08000000, 0.00000000, -0.05085771
0.08000000, -0.07000000, -0.01000000, -0.02804077
0.08000000, -0.06000000, -0.02000000, -0.01741131
0.08000000, -0.05000000, -0.03000000, -0.01007974
0.08000000, -0.04000000, -0.04000000, -0.00440431
0.08000000, -0.03000000, -0.05000000, 0.00003631
0.08000000, -0.02000000, -0.06000000, 0.00350827
0.08000000, -0.01000000, -0.07000000, 0.00601863
0.09000000, 0.00000000, -0.09000000, 0.00805356
0.07875000, 0.01125000, -0.09000000, 0.00688543
0.06750000, 0.02250000, -0.09000000, 0.00452899
0.05625000, 0.03375000, -0.09000000, 0.00124115
0.04500000, 0.04500000, -0.09000000, -0.00298955
0.03375000, 0.05625000, -0.09000000, -0.00840406
0.02250000, 0.06750000, -0.09000000, -0.01541222
0.01125000, 0.07875000, -0.09000000, -0.02556756
0.00000000, 0.09000000, -0.09000000, -0.04739477
-0.01125000, 0.09000000, -0.07875000, -0.04888452
-0.02250000, 0.09000000, -0.06750000, -0.02786300
-0.03375000, 0.09000000, -0.05625000, -0.00024723
-0.04500000, 0.09000000, -0.04500000, 0.02871122
-0.05625000, 0.09000000, -0.03375000, 0.05527403
-0.06750000, 0.09000000, -0.02250000, 0.07573268
-0.07875000, 0.09000000, -0.01125000, 0.08491260
-0.09000000, 0.09000000, 0.00000000, 0.06753970
-0.09000000, 0.07875000, 0.01125000, 0.04513895
-0.09000000, 0.06750000, 0.02250000, 0.03343694
-0.09000000, 0.05625000, 0.03375000, 0.02463351
-0.09000000, 0.04500000, 0.04500000, 0.01742045
-0.09000000, 0.03375000, 0.05625000, 0.01151153
-0.09000000, 0.02250000, 0.06750000, 0.00677978
-0.09000000, 0.01125000, 0.07875000, 0.00332487
-0.09000000, 0.00000000, 0.09000000, 0.00152482
-0.07875000, -0.01125000, 0.09000000, 0.00332487
-0.06750000, -0.02250000, 0.09000000, 0.00677978
-0.05625000, -0.03375000, 0.09000000, 0.01151153
-0.04500000, -0.04500000, 0.09000000, 0.01742045
-0.03375000, -0.05625000, 0.09000000, 0.02463351
-0.02250000, -0.06750000, 0.09000000, 0.03343694
-0.01125000, -0.07875000, 0.09000000, 0.04513895
0.00000000, -0.09000000, 0.09000000, 0.06753970
0.01125000, -0.09000000, 0.07875000, 0.08491260
0.02250000, -0.09000000, 0.06750000, 0.07573268
0.03375000, -0.09000000, 0.05625000, 0.05527403
0.04500000, -0.09000000, 0.04500000, 0.02871122
0.05625000, -0.09000000, 0.03375000, -0.00024723
0.06750000, -0.09000000, 0.02250000, -0.02786300
0.07875000, -0.09000000, 0.01125000, -0.04888452
0.09000000, -0.09000000, 0.00000000, -0.04739477
0.09000000, -0.07875000, -0.01125000, -0.02556756
0.09000000, -0.06750000, -0.02250000, -0.01541222
0.09000000, -0.05625000, -0.03375000, -0.00840406
0.09000000, -0.04500000, -0.04500000, -0.00298955
0.09000000, -0.03375000, -0.05625000, 0.00124115
0.09000000, -0.02250000, -0.06750000, 0.00452899
0.09000000, -0.01125000, -0.07875000, 0.00688543
0.10000000, 0.00000000, -0.10000000, 0.00857741
0.08750000, 0.01250000, -0.10000000, 0.00749598
0.07500000, 0.02500000, -0.10000000, 0.00528860
0.06250000, 0.03750000, -0.10000000, 0.00217362
0.05000000, 0.05000000, -0.10000000, -0.00185124
0.03750000, 0.06250000, -0.10000000, -0.00703609
0.02500000, 0.07500000, -0.10000000, -0.01375172
0.01250000, 0.08750000, -0.10000000, -0.02347199
0.00000000, 0.10000000, -0.10000000, -0.04443743
-0.01250000, 0.10000000, -0.08750000, -0.04638647
-0.02500000, 0.10000000, -0.07500000, -0.02657686
-0.03750000, 0.10000000, -0.06250000, -0.00029427
-0.05000000, 0.10000000, -0.05000000, 0.02744207
-0.06250000, 0.10000000, -0.03750000, 0.05298431
-0.07500000, 0.10000000, -0.02500000, 0.07270630
-0.08750000, 0.10000000, -0.01250000, 0.08167616
-0.10000000, 0.10000000, 0.00000000, 0.06527149
-0.10000000, 0.08750000, 0.01250000, 0.04355957
-0.10000000, 0.07500000, 0.02500000, 0.03210327
-0.10000000, 0.06250000, 0.03750000, 0.02342376
-0.10000000, 0.05000000, 0.05000000, 0.01628978
-0.10000000, 0.03750000, 0.06250000, 0.01045529
-0.10000000, 0.02500000, 0.07500000, 0.00578380
-0.10000000, 0.01250000, 0.08750000, 0.00239168
-0.10000000, 0.00000000, 0.10000000, 0.00064001
-0.08750000, -0.01250000, 0.10000000, 0.00239168
-0.07500000, -0.02500000, 0.10000000, 0.00578380
-0.06250000, -0.03750000, 0.10000000, 0.01045529
-0.05000000, -0.05000000, 0.10000000, 0.01628978
-0.03750000, -0.06250000, 0.10000000, 0.02342376
-0.02500000, -0.07500000, 0.10000000, 0.03210327
-0.01250000, -0.08750000, 0.10000000, 0.04355957
0.00000000, -0.10000000, 0.10000000, 0.06527149
0.01250000, -0.10000000, 0.08750000, 0.08167616
0.02500000, -0.10000000, 0.07500000, 0.07270630
0.03750000, -0.10000000, 0.06250000, 0.05298431
0.05000000, -0.10000000, 0.05000000, 0.02744207
0.06250000, -0.10000000, 0.03750000, -0.00029427
0.07500000, -0.10000000, 0.02500000, -0.02657686
0.08750000, -0.10000000, 0.01250000, -0.04638647
0.10000000, -0.10000000, 0.00000000, -0.04443743
0.10000000, -0.08750000, -0.01250000, -0.02347199
0.10000000, -0.07500000, -0.02500000, -0.01375172
0.10000000, -0.06250000, -0.03750000, -0.00703609
0.10000000, -0.05000000, -0.05000000, -0.00185124
0.10000000, -0.03750000, -0.06250000, 0.00217362
0.10000000, -0.02500000, -0.07500000, 0.00528860
0.10000000, -0.01250000, -0.08750000, 0.00749598
0.15000000, 0.00000000, -0.15000000, 0.00996358
0.13125000, 0.01875000, -0.15000000, 0.00917103
0.11250000, 0.03750000, -0.15000000, 0.00750939
0.09375000, 0.05625000, -0.15000000, 0.00513891
0.07500000, 0.07500000, -0.15000000, 0.00207174
0.05625000, 0.09375000, -0.15000000, -0.00190721
0.03750000, 0.11250000, -0.15000000, -0.00712178
0.01875000, 0.13125000, -0.15000000, -0.01484121
0.00000000, 0.15000000, -0.15000000, -0.03224463
-0.01875000, 0.15000000, -0.13125000, -0.03606883
-0.03750000, 0.15000000, -0.11250000, -0.02053284
-0.05625000, 0.15000000, -0.09375000, 0.00102950
-0.07500000, 0.15000000, -0.07500000, 0.02415256
-0.09375000, 0.15000000, -0.05625000, 0.04566669
-0.11250000, 0.15000000, -0.03750000, 0.06243323
-0.13125000, 0.15000000, -0.01875000, 0.07009416
-0.15000000, 0.15000000, 0.00000000, 0.05610913
-0.15000000, 0.13125000, 0.01875000, 0.03726443
-0.15000000, 0.11250000, 0.03750000, 0.02698988
-0.15000000, 0.09375000, 0.05625000, 0.01904253
-0.15000000, 0.07500000, 0.07500000, 0.01242849
-0.15000000, 0.05625000, 0.09375000, 0.00696225
-0.15000000, 0.03750000, 0.11250000, 0.00257034
-0.15000000, 0.01875000, 0.13125000, -0.00060588
-0.15000000, 0.00000000, 0.15000000, -0.00219822
-0.13125000, -0.01875000, 0.15000000, -0.00060588
-0.11250000, -0.03750000, 0.15000000, 0.00257034
-0.09375000, -0.05625000, 0.15000000, 0.00696225
-0.07500000, -0.07500000, 0.15000000, 0.01242849
-0.05625000, -0.09375000, 0.15000000, 0.01904253
-0.03750000, -0.11250000, 0.15000000, 0.02698988
-0.01875000, -0.13125000, 0.15000000, 0.03726443
0.00000000, -0.15000000, 0.15000000, 0.05610913
0.01875000, -0.15000000, 0.13125000, 0.07009416
0.03750000, -0.15000000, 0.11250000, 0.06243323
0.05625000, -0.15000000, 0.09375000, 0.04566669
0.07500000, -0.15000000, 0.07500000, 0.02415256
0.09375000, -0.15000000, 0.05625000, 0.00102950
0.11250000, -0.15000000, 0.03750000, -0.02053284
0.13125000, -0.15000000, 0.01875000, -0.03606883
0.15000000, -0.15000000, 0.00000000, -0.03224463
0.15000000, -0.13125000, -0.01875000, -0.01484121
0.15000000, -0.11250000, -0.03750000, -0.00712178
0.15000000, -0.09375000, -0.05625000, -0.00190721
0.15000000, -0.07500000, -0.07500000, 0.00207174
0.15000000, -0.05625000, -0.09375000, 0.00513891
0.15000000, -0.03750000, -0.11250000, 0.00750939
0.15000000, -0.01875000, -0.13125000, 0.00917103
0.20000000, 0.00000000, -0.20000000, 0.01064670
0.17500000, 0.02500000, -0.20000000, 0.01008838
0.15000000, 0.05000000, -0.20000000, 0.00897475
0.12500000, 0.07500000, -0.20000000, 0.00737434
0.10000000, 0.10000000, -0.20000000, 0.00528944
0.07500000, 0.12500000, -0.20000000, 0.00250352
0.05000000, 0.15000000, -0.20000000, -0.00126295
0.02500000, 0.17500000, -0.20000000, -0.00712966
0.00000000, 0.20000000, -0.20000000, -0.02167961
-0.02500000, 0.20000000, -0.17500000, -0.02720170
-0.05000000, 0.20000000, -0.15000000, -0.01484580
-0.07500000, 0.20000000, -0.12500000, 0.00321126
-0.10000000, 0.20000000, -0.10000000, 0.02289661
-0.12500000, 0.20000000, -0.07500000, 0.04123766
-0.15000000, 0.20000000, -0.05000000, 0.05529955
-0.17500000, 0.20000000, -0.02500000, 0.06117762
-0.20000000, 0.20000000, 0.00000000, 0.04764733
-0.20000000, 0.17500000, 0.02500000, 0.03119258
-0.20000000, 0.15000000, 0.05000000, 0.02220010
-0.20000000, 0.12500000, 0.07500000, 0.01518608
-0.20000000, 0.10000000, 0.10000000, 0.00930711
-0.20000000, 0.07500000, 0.12500000, 0.00444079
-0.20000000, 0.05000000, 0.15000000, 0.00050817
-0.20000000, 0.02500000, 0.17500000, -0.00233895
-0.20000000, 0.00000000, 0.20000000, -0.00377386
-0.17500000, -0.02500000, 0.20000000, -0.00233895
-0.15000000, -0.05000000, 0.20000000, 0.00050817
-0.12500000, -0.07500000, 0.20000000, 0.00444079
-0.10000000, -0.10000000, 0.20000000, 0.00930711
-0.07500000, -0.12500000, 0.20000000, 0.01518608
-0.05000000, -0.15000000, 0.20000000, 0.02220010
-0.02500000, -0.17500000, 0.20000000, 0.03119258
0.00000000, -0.20000000, 0.20000000, 0.04764733
0.02500000, -0.20000000, 0.17500000, 0.06117762
0.05000000, -0.20000000, 0.15000000, 0.05529955
0.07500000, -0.20000000, 0.12500000, 0.04123766
0.10000000, -0.20000000, 0.10000000, 0.02289661
0.12500000, -0.20000000, 0.07500000, 0.00321126
0.15000000, -0.20000000, 0.05000000, -0.01484580
0.17500000, -0.20000000, 0.02500000, -0.02720170
0.20000000, -0.20000000, 0.00000000, -0.02167961
0.20000000, -0.17500000, -0.02500000, -0.00712966
0.20000000, -0.15000000, -0.05000000, -0.00126295
0.20000000, -0.12500000, -0.07500000, 0.00250352
0.20000000, -0.10000000, -0.10000000, 0.00528944
0.20000000, -0.07500000, -0.12500000, 0.00737434
0.20000000, -0.05000000, -0.15000000, 0.00897475
0.20000000, -0.02500000, -0.17500000, 0.01008838
0.25000000, 0.00000000, -0.25000000, 0.01083723
0.21875000, 0.03125000, -0.25000000, 0.01065259
0.18750000, 0.06250000, -0.25000000, 0.01013335
0.15625000, 0.09375000, -0.25000000, 0.00933070
0.12500000, 0.12500000, -0.25000000, 0.00825076
0.09375000, 0.15625000, -0.25000000, 0.00669440
0.06250000, 0.18750000, -0.25000000, 0.00439809
0.03125000, 0.21875000, -0.25000000, 0.00027708
0.00000000, 0.25000000, -0.25000000, -0.01166923
-0.03125000, 0.25000000, -0.21875000, -0.01857371
-0.06250000, 0.25000000, -0.18750000, -0.00896605
-0.09375000, 0.25000000, -0.15625000, 0.00586764
-0.12500000, 0.25000000, -0.12500000, 0.02208544
-0.15625000, 0.25000000, -0.09375000, 0.03705465
-0.18750000, 0.25000000, -0.06250000, 0.04821130
-0.21875000, 0.25000000, -0.03125000, 0.05196751
-0.25000000, 0.25000000, 0.00000000, 0.03828626
-0.25000000, 0.21875000, 0.03125000, 0.02441214
-0.25000000, 0.18750000, 0.06250000, 0.01691582
-0.25000000, 0.15625000, 0.09375000, 0.01109357
-0.25000000, 0.12500000, 0.12500000, 0.00619530
-0.25000000, 0.09375000, 0.15625000, 0.00211991
-0.25000000, 0.06250000, 0.18750000, -0.00118136
-0.25000000, 0.03125000, 0.21875000, -0.00356788
-0.25000000, 0.00000000, 0.25000000, -0.00473071
-0.21875000, -0.03125000, 0.25000000, -0.00356788
-0.18750000, -0.06250000, 0.25000000, -0.00118136
-0.15625000, -0.09375000, 0.25000000, 0.00211991
-0.12500000, -0.12500000, 0.25000000, 0.00619530
-0.09375000, -0.15625000, 0.25000000, 0.01109357
-0.06250000, -0.18750000, 0.25000000, 0.01691582
-0.03125000, -0.21875000, 0.25000000, 0.02441214
0.00000000, -0.25000000, 0.25000000, 0.03828626
0.03125000, -0.25000000, 0.21875000, 0.05196751
0.06250000, -0.25000000, 0.18750000, 0.04821130
0.09375000, -0.25000000, 0.15625000, 0.03705465
0.12500000, -0.25000000, 0.12500000, 0.02208544
0.15625000, -0.25000000, 0.09375000, 0.00586764
0.18750000, -0.25000000, 0.06250000, -0.00896605
0.21875000, -0.25000000, 0.03125000, -0.01857371
0.25000000, -0.25000000, 0.00000000, -0.01166923
0.25000000, -0.21875000, -0.03125000, 0.00027708
0.25000000, -0.18750000, -0.06250000, 0.00439809
0.25000000, -0.15625000, -0.09375000, 0.00669440
0.25000000, -0.12500000, -0.12500000, 0.00825076
0.25000000, -0.09375000, -0.15625000, 0.00933070
0.25000000, -0.06250000, -0.18750000, 0.01013335
0.25000000, -0.03125000, -0.21875000, 0.01065259
0.30000000, 0.00000000, -0.30000000, 0.00995414
0.26250000, 0.03750000, -0.30000000, 0.01032923
0.22500000, 0.07500000, -0.30000000, 0.01049613
0.18750000, 0.11250000, -0.30000000, 0.01051276
0.15000000, 0.15000000, -0.30000000, 0.01038377
0.11250000, 0.18750000, -0.30000000, 0.00993372
0.07500000, 0.22500000, -0.30000000, 0.00892032
0.03750000, 0.26250000, -0.30000000, 0.00632579
0.00000000, 0.30000000, -0.30000000, -0.00335481
-0.03750000, 0.30000000, -0.26250000, -0.01094242
-0.07500000, 0.30000000, -0.22500000, -0.00360126
-0.11250000, 0.30000000, -0.18750000, 0.00823868
-0.15000000, 0.30000000, -0.15000000, 0.02111975
-0.18750000, 0.30000000, -0.11250000, 0.03273425
-0.22500000, 0.30000000, -0.07500000, 0.04086983
-0.26250000, 0.30000000, -0.03750000, 0.04246320
-0.30000000, 0.30000000, 0.00000000, 0.02876697
-0.30000000, 0.26250000, 0.03750000, 0.01750684
-0.30000000, 0.22500000, 0.07500000, 0.01160267
-0.30000000, 0.18750000, 0.11250000, 0.00707399
-0.30000000, 0.15000000, 0.15000000, 0.00328028
-0.30000000, 0.11250000, 0.18750000, 0.00014715
-0.30000000, 0.07500000, 0.22500000, -0.00236589
-0.30000000, 0.03750000, 0.26250000, -0.00413267
-0.30000000, 0.00000000, 0.30000000, -0.00486804
-0.26250000, -0.03750000, 0.30000000, -0.00413267
-0.22500000, -0.07500000, 0.30000000, -0.00236589
-0.18750000, -0.11250000, 0.30000000, 0.00014715
-0.15000000, -0.15000000, 0.30000000, 0.00328028
-0.11250000, -0.18750000, 0.30000000, 0.00707399
-0.07500000, -0.22500000, 0.30000000, 0.01160267
-0.03750000, -0.26250000, 0.30000000, 0.01750684
0.00000000, -0.30000000, 0.30000000, 0.02876697
0.03750000, -0.30000000, 0.26250000, 0.04246320
0.07500000, -0.30000000, 0.22500000, 0.04086983
0.11250000, -0.30000000, 0.18750000, 0.03273425
0.15000000, -0.30000000, 0.15000000, 0.02111975
0.18750000, -0.30000000, 0.11250000, 0.00823868
0.22500000, -0.30000000, 0.07500000, -0.00360126
0.26250000, -0.30000000, 0.03750000, -0.01094242
0.30000000, -0.30000000, 0.00000000, -0.00335481
0.30000000, -0.26250000, -0.03750000, 0.00632579
0.30000000, -0.22500000, -0.07500000, 0.00892032
0.30000000, -0.18750000, -0.11250000, 0.00993372
0.30000000, -0.15000000, -0.15000000, 0.01038377
0.30000000, -0.11250000, -0.18750000, 0.01051276
0.30000000, -0.07500000, -0.22500000, 0.01049613
0.30000000, -0.03750000, -0.26250000, 0.01032923
0.35000000, 0.00000000, -0.35000000, 0.00788473
0.30625000, 0.04375000, -0.35000000, 0.00883836
0.26250000, 0.08750000, -0.35000000, 0.00966641
0.21875000, 0.13125000, -0.35000000, 0.01040720
0.17500000, 0.17500000, -0.35000000, 0.01107582
0.13125000, 0.21875000, -0.35000000, 0.01149722
0.08750000, 0.26250000, -0.35000000, 0.01147815
0.04375000, 0.30625000, -0.35000000, 0.01008697
0.00000000, 0.35000000, -0.35000000, 0.00238184
-0.04375000, 0.35000000, -0.30625000, -0.00492163
-0.08750000, 0.35000000, -0.26250000, 0.00076055
-0.13125000, 0.35000000, -0.21875000, 0.00996523
-0.17500000, 0.35000000, -0.17500000, 0.01971796
-0.21875000, 0.35000000, -0.13125000, 0.02809466
-0.26250000, 0.35000000, -0.08750000, 0.03331294
-0.30625000, 0.35000000, -0.04375000, 0.03300225
-0.35000000, 0.35000000, 0.00000000, 0.01990790
-0.35000000, 0.30625000, 0.04375000, 0.01123754
-0.35000000, 0.26250000, 0.08750000, 0.00689092
-0.35000000, 0.21875000, 0.13125000, 0.00363879
-0.35000000, 0.17500000, 0.17500000, 0.00096089
-0.35000000, 0.13125000, 0.21875000, -0.00118113
-0.35000000, 0.08750000, 0.26250000, -0.00284248
-0.35000000, 0.04375000, 0.30625000, -0.00390703
-0.35000000, 0.00000000, 0.35000000, -0.00414528
-0.30625000, -0.04375000, 0.35000000, -0.00390703
-0.26250000, -0.08750000, 0.35000000, -0.00284248
-0.21875000, -0.13125000, 0.35000000, -0.00118113
-0.17500000, -0.17500000, 0.35000000, 0.00096089
-0.13125000, -0.21875000, 0.35000000, 0.00363879
-0.08750000, -0.26250000, 0.35000000, 0.00689092
-0.04375000, -0.30625000, 0.35000000, 0.01123754
0.00000000, -0.35000000, 0.35000000, 0.01990790
0.04375000, -0.35000000, 0.30625000, 0.03300225
0.08750000, -0.35000000, 0.26250000, 0.03331294
0.13125000, -0.35000000, 0.21875000, 0.02809466
0.17500000, -0.35000000, 0.17500000, 0.01971796
0.21875000, -0.35000000, 0.13125000, 0.00996523
0.26250000, -0.35000000, 0.08750000, 0.00076055
0.30625000, -0.35000000, 0.04375000, -0.00492163
0.35000000, -0.35000000, 0.00000000, 0.00238184
0.35000000, -0.30625000, -0.04375000, 0.01008697
0.35000000, -0.26250000, -0.08750000, 0.01147815
0.35000000, -0.21875000, -0.13125000, 0.01149722
0.35000000, -0.17500000, -0.17500000, 0.01107582
0.35000000, -0.13125000, -0.21875000, 0.01040720
0.35000000, -0.08750000, -0.26250000, 0.00966641
0.35000000, -0.04375000, -0.30625000, 0.00883836
0.40000000, 0.00000000, -0.40000000, 0.00524717
0.35000000, 0.05000000, -0.40000000, 0.00653104
0.30000000, 0.10000000, -0.40000000, 0.00776836
0.25000000, 0.15000000, -0.40000000, 0.00896377
0.20000000, 0.20000000, -0.40000000, 0.01013432
0.15000000, 0.25000000, -0.40000000, 0.01111633
0.10000000, 0.30000000, -0.40000000, 0.01174158
0.05000000, 0.35000000, -0.40000000, 0.01117217
0.00000000, 0.40000000, -0.40000000, 0.00519905
-0.05000000, 0.40000000, -0.35000000, -0.00084736
-0.10000000, 0.40000000, -0.30000000, 0.00382557
-0.15000000, 0.40000000, -0.25000000, 0.01087390
-0.20000000, 0.40000000, -0.20000000, 0.01778515
-0.25000000, 0.40000000, -0.15000000, 0.02314910
-0.30000000, 0.40000000, -0.10000000, 0.02579731
-0.35000000, 0.40000000, -0.05000000, 0.02410455
-0.40000000, 0.40000000, 0.00000000, 0.01248087
-0.40000000, 0.35000000, 0.05000000, 0.00625229
-0.40000000, 0.30000000, 0.10000000, 0.00329939
-0.40000000, 0.25000000, 0.15000000, 0.00119270
-0.40000000, 0.20000000, 0.20000000, -0.00047367
-0.40000000, 0.15000000, 0.25000000, -0.00173297
-0.40000000, 0.10000000, 0.30000000, -0.00263153
-0.40000000, 0.05000000, 0.35000000, -0.00308065
-0.40000000, 0.00000000, 0.40000000, -0.00291825
-0.35000000, -0.05000000, 0.40000000, -0.00308065
-0.30000000, -0.10000000, 0.40000000, -0.00263153
-0.25000000, -0.15000000, 0.40000000, -0.00173297
-0.20000000, -0.20000000, 0.40000000, -0.00047367
-0.15000000, -0.25000000, 0.40000000, 0.00119270
-0.10000000, -0.30000000, 0.40000000, 0.00329939
-0.05000000, -0.35000000, 0.40000000, 0.00625229
0.00000000, -0.40000000, 0.40000000, 0.01248087
0.05000000, -0.40000000, 0.35000000, 0.02410455
0.10000000, -0.40000000, 0.30000000, 0.02579731
0.15000000, -0.40000000, 0.25000000, 0.02314910
0.20000000, -0.40000000, 0.20000000, 0.01778515
0.25000000, -0.40000000, 0.15000000, 0.01087390
0.30000000, -0.40000000, 0.10000000, 0.00382557
0.35000000, -0.40000000, 0.05000000, -0.00084736
0.40000000, -0.40000000, 0.00000000, 0.00519905
0.40000000, -0.35000000, -0.05000000, 0.01117217
0.40000000, -0.30000000, -0.10000000, 0.01174158
0.40000000, -0.25000000, -0.15000000, 0.01111633
0.40000000, -0.20000000, -0.20000000, 0.01013432
0.40000000, -0.15000000, -0.25000000, 0.00896377
0.40000000, -0.10000000, -0.30000000, 0.00776836
0.40000000, -0.05000000, -0.35000000, 0.00653104
0.45000000, 0.00000000, -0.45000000, 0.00285051
0.39375000, 0.05625000, -0.45000000, 0.00408370
0.33750000, 0.11250000, -0.45000000, 0.00536782
0.28125000, 0.16875000, -0.45000000, 0.00666278
0.22500000, 0.22500000, -0.45000000, 0.00796579
0.16875000, 0.28125000, -0.45000000, 0.00913348
0.11250000, 0.33750000, -0.45000000, 0.01000626
0.05625000, 0.39375000, -0.45000000, 0.00988499
0.00000000, 0.45000000, -0.45000000, 0.00540218
-0.05625000, 0.45000000, -0.39375000, 0.00115650
-0.11250000, 0.45000000, -0.33750000, 0.00533161
-0.16875000, 0.45000000, -0.28125000, 0.01076616
-0.22500000, 0.45000000, -0.22500000, 0.01537006
-0.28125000, 0.45000000, -0.16875000, 0.01824971
-0.33750000, 0.45000000, -0.11250000, 0.01890457
-0.39375000, 0.45000000, -0.05625000, 0.01650208
-0.45000000, 0.45000000, 0.00000000, 0.00707074
-0.45000000, 0.39375000, 0.05625000, 0.00290167
-0.45000000, 0.33750000, 0.11250000, 0.00106450
-0.45000000, 0.28125000, 0.16875000, -0.00014740
-0.45000000, 0.22500000, 0.22500000, -0.00102986
-0.45000000, 0.16875000, 0.28125000, -0.00162355
-0.45000000, 0.11250000, 0.33750000, -0.00196520
-0.45000000, 0.05625000, 0.39375000, -0.00200672
-0.45000000, 0.00000000, 0.45000000, -0.00166234
-0.39375000, -0.05625000, 0.45000000, -0.00200672
-0.33750000, -0.11250000, 0.45000000, -0.00196520
-0.28125000, -0.16875000, 0.45000000, -0.00162355
-0.22500000, -0.22500000, 0.45000000, -0.00102986
-0.16875000, -0.28125000, 0.45000000, -0.00014740
-0.11250000, -0.33750000, 0.45000000, 0.00106450
-0.05625000, -0.39375000, 0.45000000, 0.00290167
0.00000000, -0.45000000, 0.45000000, 0.00707074
0.05625000, -0.45000000, 0.39375000, 0.01650208
0.11250000, -0.45000000, 0.33750000, 0.01890457
0.16875000, -0.45000000, 0.28125000, 0.01824971
0.22500000, -0.45000000, 0.22500000, 0.01537006
0.28125000, -0.45000000, 0.16875000, 0.01076616
0.33750000, -0.45000000, 0.11250000, 0.00533161
0.39375000, -0.45000000, 0.05625000, 0.00115650
0.45000000, -0.45000000, 0.00000000, 0.00540218
0.45000000, -0.39375000, -0.05625000, 0.00988499
0.45000000, -0.33750000, -0.11250000, 0.01000626
0.45000000, -0.28125000, -0.16875000, 0.00913348
0.45000000, -0.22500000, -0.22500000, 0.00796579
0.45000000, -0.16875000, -0.28125000, 0.00666278
0.45000000, -0.11250000, -0.33750000, 0.00536782
0.45000000, -0.05625000, -0.39375000, 0.00408370
0.50000000, 0.00000000, -0.50000000, 0.00120564
0.43750000, 0.06250000, -0.50000000, 0.00210340
0.37500000, 0.12500000, -0.50000000, 0.00313439
0.31250000, 0.18750000, -0.50000000, 0.00422389
0.25000000, 0.25000000, -0.50000000, 0.00534561
0.18750000, 0.31250000, -0.50000000, 0.00637439
0.12500000, 0.37500000, -0.50000000, 0.00717126
0.06250000, 0.43750000, -0.50000000, 0.00721613
0.00000000, 0.50000000, -0.50000000, 0.00401716
-0.06250000, 0.50000000, -0.43750000, 0.00151060
-0.12500000, 0.50000000, -0.37500000, 0.00539737
-0.18750000, 0.50000000, -0.31250000, 0.00969633
-0.25000000, 0.50000000, -0.25000000, 0.01262991
-0.31250000, 0.50000000, -0.18750000, 0.01372131
-0.37500000, 0.50000000, -0.12500000, 0.01307472
-0.43750000, 0.50000000, -0.06250000, 0.01059390
-0.50000000, 0.50000000, 0.00000000, 0.00365689
-0.50000000, 0.43750000, 0.06250000, 0.00105910
-0.50000000, 0.37500000, 0.12500000, 0.00001942
-0.50000000, 0.31250000, 0.18750000, -0.00059171
-0.50000000, 0.25000000, 0.25000000, -0.00096999
-0.50000000, 0.18750000, 0.31250000, -0.00115270
-0.50000000, 0.12500000, 0.37500000, -0.00118332
-0.50000000, 0.06250000, 0.43750000, -0.00104839
-0.50000000, 0.00000000, 0.50000000, -0.00073061
-0.43750000, -0.06250000, 0.50000000, -0.00104839
-0.37500000, -0.12500000, 0.50000000, -0.00118332
-0.31250000, -0.18750000, 0.50000000, -0.00115270
-0.25000000, -0.25000000, 0.50000000, -0.00096999
-0.18750000, -0.31250000, 0.50000000, -0.00059171
-0.12500000, -0.37500000, 0.50000000, 0.00001942
-0.06250000, -0.43750000, 0.50000000, 0.00105910
0.00000000, -0.50000000, 0.50000000, 0.00365689
0.06250000, -0.50000000, 0.43750000, 0.01059390
0.12500000, -0.50000000, 0.37500000, 0.01307472
0.18750000, -0.50000000, 0.31250000, 0.01372131
0.25000000, -0.50000000, 0.25000000, 0.01262991
0.31250000, -0.50000000, 0.18750000, 0.00969633
0.37500000, -0.50000000, 0.12500000, 0.00539737
0.43750000, -0.50000000, 0.06250000, 0.00151060
0.50000000, -0.50000000, 0.00000000, 0.00401716
0.50000000, -0.43750000, -0.06250000, 0.00721613
0.50000000, -0.37500000, -0.12500000, 0.00717126
0.50000000, -0.31250000, -0.18750000, 0.00637439
0.50000000, -0.25000000, -0.25000000, 0.00534561
0.50000000, -0.18750000, -0.31250000, 0.00422389
0.50000000, -0.12500000, -0.37500000, 0.00313439
0.50000000, -0.06250000, -0.43750000, 0.00210340
0.55000000, 0.00000000, -0.55000000, 0.00036861
0.48125000, 0.06875000, -0.55000000, 0.00086131
0.41250000, 0.13750000, -0.55000000, 0.00150738
0.34375000, 0.20625000, -0.55000000, 0.00223446
0.27500000, 0.27500000, -0.55000000, 0.00301071
0.20625000, 0.34375000, -0.55000000, 0.00373366
0.13750000, 0.41250000, -0.55000000, 0.00429809
0.06875000, 0.48125000, -0.55000000, 0.00435774
0.00000000, 0.55000000, -0.55000000, 0.00226251
-0.06875000, 0.55000000, -0.48125000, 0.00101108
-0.13750000, 0.55000000, -0.41250000, 0.00451782
-0.20625000, 0.55000000, -0.34375000, 0.00799036
-0.27500000, 0.55000000, -0.27500000, 0.00978988
-0.34375000, 0.55000000, -0.20625000, 0.00974142
-0.41250000, 0.55000000, -0.13750000, 0.00845083
-0.48125000, 0.55000000, -0.06875000, 0.00633109
-0.55000000, 0.55000000, 0.00000000, 0.00173900
-0.55000000, 0.48125000, 0.06875000, 0.00026452
-0.55000000, 0.41250000, 0.13750000, -0.00026185
-0.55000000, 0.34375000, 0.20625000, -0.00052373
-0.55000000, 0.27500000, 0.27500000, -0.00063909
-0.55000000, 0.20625000, 0.34375000, -0.00063570
-0.55000000, 0.13750000, 0.41250000, -0.00056111
-0.55000000, 0.06875000, 0.48125000, -0.00042044
-0.55000000, 0.00000000, 0.55000000, -0.00023042
-0.48125000, -0.06875000, 0.55000000, -0.00042044
-0.41250000, -0.13750000, 0.55000000, -0.00056111
-0.34375000, -0.20625000, 0.55000000, -0.00063570
-0.27500000, -0.27500000, 0.55000000, -0.00063909
-0.20625000, -0.34375000, 0.55000000, -0.00052373
-0.13750000, -0.41250000, 0.55000000, -0.00026185
-0.06875000, -0.48125000, 0.55000000, 0.00026452
0.00000000, -0.55000000, 0.55000000, 0.00173900
0.06875000, -0.55000000, 0.48125000, 0.00633109
0.13750000, -0.55000000, 0.41250000, 0.00845083
0.20625000, -0.55000000, 0.34375000, 0.00974142
0.27500000, -0.55000000, 0.27500000, 0.00978988
0.34375000, -0.55000000, 0.20625000, 0.00799036
0.41250000, -0.55000000, 0.13750000, 0.00451782
0.48125000, -0.55000000, 0.06875000, 0.00101108
0.55000000, -0.55000000, 0.00000000, 0.00226251
0.55000000, -0.48125000, -0.06875000, 0.00435774
0.55000000, -0.41250000, -0.13750000, 0.00429809
0.55000000, -0.34375000, -0.20625000, 0.00373366
0.55000000, -0.27500000, -0.27500000, 0.00301071
0.55000000, -0.20625000, -0.34375000, 0.00223446
0.55000000, -0.13750000, -0.41250000, 0.00150738
0.55000000, -0.06875000, -0.48125000, 0.00086131
0.60000000, 0.00000000, -0.60000000, 0.00008100
0.52500000, 0.07500000, -0.60000000, 0.00027177
0.45000000, 0.15000000, -0.60000000, 0.00057228
0.37500000, 0.22500000, -0.60000000, 0.00094585
0.30000000, 0.30000000, -0.60000000, 0.00137348
0.22500000, 0.37500000, -0.60000000, 0.00178630
0.15000000, 0.45000000, -0.60000000, 0.00211248
0.07500000, 0.52500000, -0.60000000, 0.00214151
0.00000000, 0.60000000, -0.60000000, 0.00093552
-0.07500000, 0.60000000, -0.52500000, 0.00036138
-0.15000000, 0.60000000, -0.45000000, 0.00325652
-0.22500000, 0.60000000, -0.37500000, 0.00603609
-0.30000000, 0.60000000, -0.30000000, 0.00709316
-0.37500000, 0.60000000, -0.22500000, 0.00643589
-0.45000000, 0.60000000, -0.15000000, 0.00501719
-0.52500000, 0.60000000, -0.07500000, 0.00346220
-0.60000000, 0.60000000, 0.00000000, 0.00074936
-0.60000000, 0.52500000, 0.07500000, 0.00002190
-0.60000000, 0.45000000, 0.15000000, -0.00020799
-0.60000000, 0.37500000, 0.22500000, -0.00029502
-0.60000000, 0.30000000, 0.30000000, -0.00030587
-0.60000000, 0.22500000, 0.37500000, -0.00026281
-0.60000000, 0.15000000, 0.45000000, -0.00019953
-0.60000000, 0.07500000, 0.52500000, -0.00012560
-0.60000000, 0.00000000, 0.60000000, -0.00005441
-0.52500000, -0.07500000, 0.60000000, -0.00012560
-0.45000000, -0.15000000, 0.60000000, -0.00019953
-0.37500000, -0.22500000, 0.60000000, -0.00026281
-0.30000000, -0.30000000, 0.60000000, -0.00030587
-0.22500000, -0.37500000, 0.60000000, -0.00029502
-0.15000000, -0.45000000, 0.60000000, -0.00020799
-0.07500000, -0.52500000, 0.60000000, 0.00002190
0.00000000, -0.60000000, 0.60000000, 0.00074936
0.07500000, -0.60000000, 0.52500000, 0.00346220
0.15000000, -0.60000000, 0.45000000, 0.00501719
0.22500000, -0.60000000, 0.37500000, 0.00643589
0.30000000, -0.60000000, 0.30000000, 0.00709316
0.37500000, -0.60000000, 0.22500000, 0.00603609
0.45000000, -0.60000000, 0.15000000, 0.00325652
0.52500000, -0.60000000, 0.07500000, 0.00036138
0.60000000, -0.60000000, 0.00000000, 0.00093552
0.60000000, -0.52500000, -0.07500000, 0.00214151
0.60000000, -0.45000000, -0.15000000, 0.00211248
0.60000000, -0.37500000, -0.22500000, 0.00178630
0.60000000, -0.30000000, -0.30000000, 0.00137348
0.60000000, -0.22500000, -0.37500000, 0.00094585
0.60000000, -0.15000000, -0.45000000, 0.00057228
0.60000000, -0.07500000, -0.52500000, 0.00027177
0.65000000, 0.00000000, -0.65000000, 0.00002530
0.56875000, 0.08125000, -0.65000000, 0.00006858
0.48750000, 0.16250000, -0.65000000, 0.00015816
0.40625000, 0.24375000, -0.65000000, 0.00029386
0.32500000, 0.32500000, -0.65000000, 0.00047271
0.24375000, 0.40625000, -0.65000000, 0.00066144
0.16250000, 0.48750000, -0.65000000, 0.00081531
0.08125000, 0.56875000, -0.65000000, 0.00082020
0.00000000, 0.65000000, -0.65000000, 0.00023247
-0.08125000, 0.65000000, -0.56875000, -0.00008629
-0.16250000, 0.65000000, -0.48750000, 0.00202191
-0.24375000, 0.65000000, -0.40625000, 0.00414020
-0.32500000, 0.65000000, -0.32500000, 0.00474876
-0.40625000, 0.65000000, -0.24375000, 0.00390807
-0.48750000, 0.65000000, -0.16250000, 0.00269130
-0.56875000, 0.65000000, -0.08125000, 0.00170944
-0.65000000, 0.65000000, 0.00000000, 0.00028943
-0.65000000, 0.56875000, 0.08125000, -0.00000896
-0.65000000, 0.48750000, 0.16250000, -0.00009092
-0.65000000, 0.40625000, 0.24375000, -0.00010802
-0.65000000, 0.32500000, 0.32500000, -0.00009518
-0.65000000, 0.24375000, 0.40625000, -0.00007079
-0.65000000, 0.16250000, 0.48750000, -0.00004762
-0.65000000, 0.08125000, 0.56875000, -0.00003196
-0.65000000, 0.00000000, 0.65000000, -0.00002096
-0.56875000, -0.08125000, 0.65000000, -0.00003196
-0.48750000, -0.16250000, 0.65000000, -0.00004762
-0.40625000, -0.24375000, 0.65000000, -0.00007079
-0.32500000, -0.32500000, 0.65000000, -0.00009518
-0.24375000, -0.40625000, 0.65000000, -0.00010802
-0.16250000, -0.48750000, 0.65000000, -0.00009092
-0.08125000, -0.56875000, 0.65000000, -0.00000896
0.00000000, -0.65000000, 0.65000000, 0.00028943
0.08125000, -0.65000000, 0.56875000, 0.00170944
0.16250000, -0.65000000, 0.48750000, 0.00269130
0.24375000, -0.65000000, 0.40625000, 0.00390807
0.32500000, -0.65000000, 0.32500000, 0.00474876
0.40625000, -0.65000000, 0.24375000, 0.00414020
0.48750000, -0.65000000, 0.16250000, 0.00202191
0.56875000, -0.65000000, 0.08125000, -0.00008629
0.65000000, -0.65000000, 0.00000000, 0.00023247
0.65000000, -0.56875000, -0.08125000, 0.00082020
0.65000000, -0.48750000, -0.16250000, 0.00081531
0.65000000, -0.40625000, -0.24375000, 0.00066144
0.65000000, -0.32500000, -0.32500000, 0.00047271
0.65000000, -0.24375000, -0.40625000, 0.00029386
0.65000000, -0.16250000, -0.48750000, 0.00015816
0.65000000, -0.08125000, -0.56875000, 0.00006858
0.70000000, 0.00000000, -0.70000000, 0.00000846
0.61250000, 0.08750000, -0.70000000, 0.00001280
0.52500000, 0.17500000, -0.70000000, 0.00002366
0.43750000, 0.26250000, -0.70000000, 0.00005278
0.35000000, 0.35000000, -0.70000000, 0.00010427
0.26250000, 0.43750000, -0.70000000, 0.00016810
0.17500000, 0.52500000, -0.70000000, 0.00022195
0.08750000, 0.61250000, -0.70000000, 0.00021842
0.00000000, 0.70000000, -0.70000000, -0.00002292
-0.08750000, 0.70000000, -0.61250000, -0.00027421
-0.17500000, 0.70000000, -0.52500000, 0.00104045
-0.26250000, 0.70000000, -0.43750000, 0.00251865
-0.35000000, 0.70000000, -0.35000000, 0.00289113
-0.43750000, 0.70000000, -0.26250000, 0.00216667
-0.52500000, 0.70000000, -0.17500000, 0.00130002
-0.61250000, 0.70000000, -0.08750000, 0.00077755
-0.70000000, 0.70000000, 0.00000000, 0.00011762
-0.70000000, 0.61250000, 0.08750000, 0.00000819
-0.70000000, 0.52500000, 0.17500000, -0.00001537
-0.70000000, 0.43750000, 0.26250000, -0.00001642
-0.70000000, 0.35000000, 0.35000000, -0.00000920
-0.70000000, 0.26250000, 0.43750000, -0.00000366
-0.70000000, 0.17500000, 0.52500000, -0.00000241
-0.70000000, 0.08750000, 0.61250000, -0.00000658
-0.70000000, 0.00000000, 0.70000000, -0.00000788
-0.61250000, -0.08750000, 0.70000000, -0.00000658
-0.52500000, -0.17500000, 0.70000000, -0.00000241
-0.43750000, -0.26250000, 0.70000000, -0.00000366
-0.35000000, -0.35000000, 0.70000000, -0.00000920
-0.26250000, -0.43750000, 0.70000000, -0.00001642
-0.17500000, -0.52500000, 0.70000000, -0.00001537
-0.08750000, -0.61250000, 0.70000000, 0.00000819
0.00000000, -0.70000000, 0.70000000, 0.00011762
0.08750000, -0.70000000, 0.61250000, 0.00077755
0.17500000, -0.70000000, 0.52500000, 0.00130002
0.26250000, -0.70000000, 0.43750000, 0.00216667
0.35000000, -0.70000000, 0.35000000, 0.00289113
0.43750000, -0.70000000, 0.26250000, 0.00251865
0.52500000, -0.70000000, 0.17500000, 0.00104045
0.61250000, -0.70000000, 0.08750000, -0.00027421
0.70000000, -0.70000000, 0.00000000, -0.00002292
0.70000000, -0.61250000, -0.08750000, 0.00021842
0.70000000, -0.52500000, -0.17500000, 0.00022195
0.70000000, -0.43750000, -0.26250000, 0.00016810
0.70000000, -0.35000000, -0.35000000, 0.00010427
0.70000000, -0.26250000, -0.43750000, 0.00005278
0.70000000, -0.17500000, -0.52500000, 0.00002366
0.70000000, -0.08750000, -0.61250000, 0.00001280
0.75000000, 0.00000000, -0.75000000, -0.00001063
0.65625000, 0.09375000, -0.75000000, -0.00000745
0.56250000, 0.18750000, -0.75000000, -0.00000601
0.46875000, 0.28125000, -0.75000000, -0.00000241
0.37500000, 0.37500000, -0.75000000, 0.00000639
0.28125000, 0.46875000, -0.75000000, 0.00001785
0.18750000, 0.56250000, -0.75000000, 0.00002625
0.09375000, 0.65625000, -0.75000000, 0.00002281
0.00000000, 0.75000000, -0.75000000, -0.00006581
-0.09375000, 0.75000000, -0.65625000, -0.00026767
-0.18750000, 0.75000000, -0.56250000, 0.00040848
-0.28125000, 0.75000000, -0.46875000, 0.00131565
-0.37500000, 0.75000000, -0.37500000, 0.00156240
-0.46875000, 0.75000000, -0.28125000, 0.00108376
-0.56250000, 0.75000000, -0.18750000, 0.00056942
-0.65625000, 0.75000000, -0.09375000, 0.00034382
-0.75000000, 0.75000000, 0.00000000, 0.00006679
-0.75000000, 0.65625000, 0.09375000, 0.00001807
-0.75000000, 0.56250000, 0.18750000, 0.00001085
-0.75000000, 0.46875000, 0.28125000, 0.00000795
-0.75000000, 0.37500000, 0.37500000, 0.00000716
-0.75000000, 0.28125000, 0.46875000, 0.00000849
-0.75000000, 0.18750000, 0.56250000, 0.00000789
-0.75000000, 0.09375000, 0.65625000, 0.00000734
-0.75000000, 0.00000000, 0.75000000, 0.00000872
-0.65625000, -0.09375000, 0.75000000, 0.00000734
-0.56250000, -0.18750000, 0.75000000, 0.00000789
-0.46875000, -0.28125000, 0.75000000, 0.00000849
-0.37500000, -0.37500000, 0.75000000, 0.00000716
-0.28125000, -0.46875000, 0.75000000, 0.00000795
-0.18750000, -0.56250000, 0.75000000, 0.00001085
-0.09375000, -0.65625000, 0.75000000, 0.00001807
0.00000000, -0.75000000, 0.75000000, 0.00006679
0.09375000, -0.75000000, 0.65625000, 0.00034382
0.18750000, -0.75000000, 0.56250000, 0.00056942
0.28125000, -0.75000000, 0.46875000, 0.00108376
0.37500000, -0.75000000, 0.37500000, 0.00156240
0.46875000, -0.75000000, 0.28125000, 0.00131565
0.56250000, -0.75000000, 0.18750000, 0.00040848
0.65625000, -0.75000000, 0.09375000, -0.00026767
0.75000000, -0.75000000, 0.00000000, -0.00006581
0.75000000, -0.65625000, -0.09375000, 0.00002281
0.75000000, -0.56250000, -0.18750000, 0.00002625
0.75000000, -0.46875000, -0.28125000, 0.00001785
0.75000000, -0.37500000, -0.37500000, 0.00000639
0.75000000, -0.28125000, -0.46875000, -0.00000241
0.75000000, -0.18750000, -0.56250000, -0.00000601
0.75000000, -0.09375000, -0.65625000, -0.00000745
0.80000000, 0.00000000, -0.80000000, -0.00000907
0.70000000, 0.10000000, -0.80000000, -0.00000876
0.60000000, 0.20000000, -0.80000000, -0.00000737
0.50000000, 0.30000000, -0.80000000, -0.00000703
0.40000000, 0.40000000, -0.80000000, -0.00000635
0.30000000, 0.50000000, -0.80000000, -0.00000720
0.20000000, 0.60000000, -0.80000000, -0.00000884
0.10000000, 0.70000000, -0.80000000, -0.00000992
0.00000000, 0.80000000, -0.80000000, -0.00003624
-0.10000000, 0.80000000, -0.70000000, -0.00015607
-0.20000000, 0.80000000, -0.60000000, 0.00011267
-0.30000000, 0.80000000, -0.50000000, 0.00057632
-0.40000000, 0.80000000, -0.40000000, 0.00071988
-0.50000000, 0.80000000, -0.30000000, 0.00046023
-0.60000000, 0.80000000, -0.20000000, 0.00021169
-0.70000000, 0.80000000, -0.10000000, 0.00013373
-0.80000000, 0.80000000, 0.00000000, 0.00002976
-0.80000000, 0.70000000, 0.10000000, 0.00001139
-0.80000000, 0.60000000, 0.20000000, 0.00000931
-0.80000000, 0.50000000, 0.30000000, 0.00000685
-0.80000000, 0.40000000, 0.40000000, 0.00000490
-0.80000000, 0.30000000, 0.50000000, 0.00000633
-0.80000000, 0.20000000, 0.60000000, 0.00000686
-0.80000000, 0.10000000, 0.70000000, 0.00000816
-0.80000000, 0.00000000, 0.80000000, 0.00000799
-0.70000000, -0.10000000, 0.80000000, 0.00000816
-0.60000000, -0.20000000, 0.80000000, 0.00000686
-0.50000000, -0.30000000, 0.80000000, 0.00000633
-0.40000000, -0.40000000, 0.80000000, 0.00000490
-0.30000000, -0.50000000, 0.80000000, 0.00000685
-0.20000000, -0.60000000, 0.80000000, 0.00000931
-0.10000000, -0.70000000, 0.80000000, 0.00001139
0.00000000, -0.80000000, 0.80000000, 0.00002976
0.10000000, -0.80000000, 0.70000000, 0.00013373
0.20000000, -0.80000000, 0.60000000, 0.00021169
0.30000000, -0.80000000, 0.50000000, 0.00046023
0.40000000, -0.80000000, 0.40000000, 0.00071988
0.50000000, -0.80000000, 0.30000000, 0.00057632
0.60000000, -0.80000000, 0.20000000, 0.00011267
0.70000000, -0.80000000, 0.10000000, -0.00015607
0.80000000, -0.80000000, 0.00000000, -0.00003624
0.80000000, -0.70000000, -0.10000000, -0.00000992
0.80000000, -0.60000000, -0.20000000, -0.00000884
0.80000000, -0.50000000, -0.30000000, -0.00000720
0.80000000, -0.40000000, -0.40000000, -0.00000635
0.80000000, -0.30000000, -0.50000000, -0.00000703
0.80000000, -0.20000000, -0.60000000, -0.00000737
0.80000000, -0.10000000, -0.70000000, -0.00000876
0.85000000, 0.00000000, -0.85000000, 0.00000813
0.74375000, 0.10625000, -0.85000000, 0.00000384
0.63750000, 0.21250000, -0.85000000, -0.00000125
0.53125000, 0.31875000, -0.85000000, -0.00000551
0.42500000, 0.42500000, -0.85000000, -0.00000699
0.31875000, 0.53125000, -0.85000000, -0.00000567
0.21250000, 0.63750000, -0.85000000, -0.00000270
0.10625000, 0.74375000, -0.85000000, -0.00000189
0.00000000, 0.85000000, -0.85000000, 0.00000094
-0.10625000, 0.85000000, -0.74375000, -0.00004031
-0.21250000, 0.85000000, -0.63750000, 0.00003252
-0.31875000, 0.85000000, -0.53125000, 0.00021254
-0.42500000, 0.85000000, -0.42500000, 0.00026229
-0.53125000, 0.85000000, -0.31875000, 0.00013667
-0.63750000, 0.85000000, -0.21250000, 0.00004339
-0.74375000, 0.85000000, -0.10625000, 0.00001883
-0.85000000, 0.85000000, 0.00000000, -0.00000936
-0.85000000, 0.74375000, 0.10625000, -0.00000102
-0.85000000, 0.63750000, 0.21250000, 0.00000077
-0.85000000, 0.53125000, 0.31875000, 0.00000268
-0.85000000, 0.42500000, 0.42500000, 0.00000360
-0.85000000, 0.31875000, 0.53125000, 0.00000225
-0.85000000, 0.21250000, 0.63750000, -0.00000006
-0.85000000, 0.10625000, 0.74375000, -0.00000347
-0.85000000, 0.00000000, 0.85000000, -0.00000669
-0.74375000, -0.10625000, 0.85000000, -0.00000347
-0.63750000, -0.21250000, 0.85000000, -0.00000006
-0.53125000, -0.31875000, 0.85000000, 0.00000225
-0.42500000, -0.42500000, 0.85000000, 0.00000360
-0.31875000, -0.53125000, 0.85000000, 0.00000268
-0.21250000, -0.63750000, 0.85000000, 0.00000077
-0.10625000, -0.74375000, 0.85000000, -0.00000102
0.00000000, -0.85000000, 0.85000000, -0.00000936
0.10625000, -0.85000000, 0.74375000, 0.00001883
0.21250000, -0.85000000, 0.63750000, 0.00004339
0.31875000, -0.85000000, 0.53125000, 0.00013667
0.42500000, -0.85000000, 0.42500000, 0.00026229
0.53125000, -0.85000000, 0.31875000, 0.00021254
0.63750000, -0.85000000, 0.21250000, 0.00003252
0.74375000, -0.85000000, 0.10625000, -0.00004031
0.85000000, -0.85000000, 0.00000000, 0.00000094
0.85000000, -0.74375000, -0.10625000, -0.00000189
0.85000000, -0.63750000, -0.21250000, -0.00000270
0.85000000, -0.53125000, -0.31875000, -0.00000567
0.85000000, -0.42500000, -0.42500000, -0.00000699
0.85000000, -0.31875000, -0.53125000, -0.00000551
0.85000000, -0.21250000, -0.63750000, -0.00000125
0.85000000, -0.10625000, -0.74375000, 0.00000384
0.90000000, 0.00000000, -0.90000000, 0.00000548
0.78750000, 0.11250000, -0.90000000, 0.00000468
0.67500000, 0.22500000, -0.90000000, 0.00000168
0.56250000, 0.33750000, -0.90000000, -0.00000090
0.45000000, 0.45000000, -0.90000000, -0.00000200
0.33750000, 0.56250000, -0.90000000, -0.00000047
0.22500000, 0.67500000, -0.90000000, 0.00000202
0.11250000, 0.78750000, -0.90000000, 0.00000256
0.00000000, 0.90000000, -0.90000000, 0.00000585
-0.11250000, 0.90000000, -0.78750000, -0.00000227
-0.22500000, 0.90000000, -0.67500000, 0.00000958
-0.33750000, 0.90000000, -0.56250000, 0.00005454
-0.45000000, 0.90000000, -0.45000000, 0.00006396
-0.56250000, 0.90000000, -0.33750000, 0.00002296
-0.67500000, 0.90000000, -0.22500000, -0.00000045
-0.78750000, 0.90000000, -0.11250000, -0.00000586
-0.90000000, 0.90000000, 0.00000000, -0.00000815
-0.90000000, 0.78750000, 0.11250000, -0.00000256
-0.90000000, 0.67500000, 0.22500000, -0.00000141
-0.90000000, 0.56250000, 0.33750000, 0.00000017
-0.90000000, 0.45000000, 0.45000000, 0.00000113
-0.90000000, 0.33750000, 0.56250000, -0.00000044
-0.90000000, 0.22500000, 0.67500000, -0.00000216
-0.90000000, 0.11250000, 0.78750000, -0.00000442
-0.90000000, 0.00000000, 0.90000000, -0.00000489
-0.78750000, -0.11250000, 0.90000000, -0.00000442
-0.67500000, -0.22500000, 0.90000000, -0.00000216
-0.56250000, -0.33750000, 0.90000000, -0.00000044
-0.45000000, -0.45000000, 0.90000000, 0.00000113
-0.33750000, -0.56250000, 0.90000000, 0.00000017
-0.22500000, -0.67500000, 0.90000000, -0.00000141
-0.11250000, -0.78750000, 0.90000000, -0.00000256
0.00000000, -0.90000000, 0.90000000, -0.00000815
0.11250000, -0.90000000, 0.78750000, -0.00000586
0.22500000, -0.90000000, 0.67500000, -0.00000045
0.33750000, -0.90000000, 0.56250000, 0.00002296
0.45000000, -0.90000000, 0.45000000, 0.00006396
0.56250000, -0.90000000, 0.33750000, 0.00005454
0.67500000, -0.90000000, 0.22500000, 0.00000958
0.78750000, -0.90000000, 0.11250000, -0.00000227
0.90000000, -0.90000000, 0.00000000, 0.00000585
0.90000000, -0.78750000, -0.11250000, 0.00000256
0.90000000, -0.67500000, -0.22500000, 0.00000202
0.90000000, -0.56250000, -0.33750000, -0.00000047
0.90000000, -0.45000000, -0.45000000, -0.00000200
0.90000000, -0.33750000, -0.56250000, -0.00000090
0.90000000, -0.22500000, -0.67500000, 0.00000168
0.90000000, -0.11250000, -0.78750000, 0.00000468
0.95000000, 0.00000000, -0.95000000, -0.00000743
0.83125000, 0.11875000, -0.95000000, -0.00000499
0.71250000, 0.23750000, -0.95000000, -0.00000131
0.59375000, 0.35625000, -0.95000000, 0.00000157
0.47500000, 0.47500000, -0.95000000, 0.00000267
0.35625000, 0.59375000, -0.95000000, 0.00000144
0.23750000, 0.71250000, -0.95000000, -0.00000097
0.11875000, 0.83125000, -0.95000000, -0.00000160
0.00000000, 0.95000000, -0.95000000, -0.00000822
-0.11875000, 0.95000000, -0.83125000, -0.00001313
-0.23750000, 0.95000000, -0.71250000, -0.00001061
-0.35625000, 0.95000000, -0.59375000, -0.00000517
-0.47500000, 0.95000000, -0.47500000, 0.00000622
-0.59375000, 0.95000000, -0.35625000, 0.00001235
-0.71250000, 0.95000000, -0.23750000, 0.00001115
-0.83125000, 0.95000000, -0.11875000, 0.00001399
-0.95000000, 0.95000000, 0.00000000, 0.00001234
-0.95000000, 0.83125000, 0.11875000, 0.00000296
-0.95000000, 0.71250000, 0.23750000, 0.00000145
-0.95000000, 0.59375000, 0.35625000, -0.00000029
-0.95000000, 0.47500000, 0.47500000, -0.00000129
-0.95000000, 0.35625000, 0.59375000, 0.00000010
-0.95000000, 0.23750000, 0.71250000, 0.00000188
-0.95000000, 0.11875000, 0.83125000, 0.00000451
-0.95000000, 0.00000000, 0.95000000, 0.00000638
-0.83125000, -0.11875000, 0.95000000, 0.00000451
-0.71250000, -0.23750000, 0.95000000, 0.00000188
-0.59375000, -0.35625000, 0.95000000, 0.00000010
-0.47500000, -0.47500000, 0.95000000, -0.00000129
-0.35625000, -0.59375000, 0.95000000, -0.00000029
-0.23750000, -0.71250000, 0.95000000, 0.00000145
-0.11875000, -0.83125000, 0.95000000, 0.00000296
0.00000000, -0.95000000, 0.95000000, 0.00001234
0.11875000, -0.95000000, 0.83125000, 0.00001399
0.23750000, -0.95000000, 0.71250000, 0.00001115
0.35625000, -0.95000000, 0.59375000, 0.00001235
0.47500000, -0.95000000, 0.47500000, 0.00000622
0.59375000, -0.95000000, 0.35625000, -0.00000517
0.71250000, -0.95000000, 0.23750000, -0.00001061
0.83125000, -0.95000000, 0.11875000, -0.00001313
0.95000000, -0.95000000, 0.00000000, -0.00000822
0.95000000, -0.83125000, -0.11875000, -0.00000160
0.95000000, -0.71250000, -0.23750000, -0.00000097
0.95000000, -0.59375000, -0.35625000, 0.00000144
0.95000000, -0.47500000, -0.47500000, 0.00000267
0.95000000, -0.35625000, -0.59375000, 0.00000157
0.95000000, -0.23750000, -0.71250000, -0.00000131
0.95000000, -0.11875000, -0.83125000, -0.00000499
1.00000000, 0.00000000, -1.00000000, 0.00000000
0.87500000, 0.12500000, -1.00000000, 0.00000000
0.75000000, 0.25000000, -1.00000000, 0.00000000
0.62500000, 0.37500000, -1.00000000, 0.00000000
0.50000000, 0.50000000, -1.00000000, 0.00000000
0.37500000, 0.62500000, -1.00000000, 0.00000000
0.25000000, 0.75000000, -1.00000000, 0.00000000
0.12500000, 0.87500000, -1.00000000, 0.00000000
0.00000000, 1.00000000, -1.00000000, 0.00000000
-0.12500000, 1.00000000, -0.87500000, 0.00000000
-0.25000000, 1.00000000, -0.75000000, 0.00000000
-0.37500000, 1.00000000, -0.62500000, 0.00000000
-0.50000000, 1.00000000, -0.50000000, 0.00000000
-0.62500000, 1.00000000, -0.37500000, 0.00000000
-0.75000000, 1.00000000, -0.25000000, 0.00000000
-0.87500000, 1.00000000, -0.12500000, 0.00000000
-1.00000000, 1.00000000, 0.00000000, 0.00000000
-1.00000000, 0.87500000, 0.12500000, 0.00000000
-1.00000000, 0.75000000, 0.25000000, 0.00000000
-1.00000000, 0.62500000, 0.37500000, 0.00000000
-1.00000000, 0.50000000, 0.50000000, 0.00000000
-1.00000000, 0.37500000, 0.62500000, 0.00000000
-1.00000000, 0.25000000, 0.75000000, 0.00000000
-1.00000000, 0.12500000, 0.87500000, 0.00000000
-1.00000000, 0.00000000, 1.00000000, 0.00000000
-0.87500000, -0.12500000, 1.00000000, 0.00000000
-0.75000000, -0.25000000, 1.00000000, 0.00000000
-0.62500000, -0.37500000, 1.00000000, 0.00000000
-0.50000000, -0.50000000, 1.00000000, 0.00000000
-0.37500000, -0.62500000, 1.00000000, 0.00000000
-0.25000000, -0.75000000, 1.00000000, 0.00000000
-0.12500000, -0.87500000, 1.00000000, 0.00000000
0.00000000, -1.00000000, 1.00000000, 0.00000000
0.12500000, -1.00000000, 0.87500000, 0.00000000
0.25000000, -1.00000000, 0.75000000, 0.00000000
0.37500000, -1.00000000, 0.62500000, 0.00000000
0.50000000, -1.00000000, 0.50000000, 0.00000000
0.62500000, -1.00000000, 0.37500000, 0.00000000
0.75000000, -1.00000000, 0.25000000, 0.00000000
0.87500000, -1.00000000, 0.12500000, 0.00000000
1.00000000, -1.00000000, 0.00000000, 0.00000000
1.00000000, -0.87500000, -0.12500000, 0.00000000
1.00000000, -0.75000000, -0.25000000, 0.00000000
1.00000000, -0.62500000, -0.37500000, 0.00000000
1.00000000, -0.50000000, -0.50000000, 0.00000000
1.00000000, -0.37500000, -0.62500000, 0.00000000
1.00000000, -0.25000000, -0.75000000, 0.00000000
1.00000000, -0.12500000, -0.87500000, 0.00000000
