0.01000000, 0.00000000, -0.01000000, -0.03577951
0.00000000, 0.01000000, -0.01000000, -0.04287257
-0.00125000, 0.01000000, -0.00875000, 0.00873834
-0.00250000, 0.01000000, -0.00750000, 0.04540366
-0.00375000, 0.01000000, -0.00625000, 0.06698533
-0.00500000, 0.01000000, -0.00500000, 0.07531190
-0.00625000, 0.01000000, -0.00375000, 0.06830619
-0.00750000, 0.01000000, -0.00250000, 0.04944846
-0.00875000, 0.01000000, -0.00125000, 0.01442792
-0.01000000, 0.01000000, 0.00000000, -0.03321249
-0.01000000, 0.00875000, 0.00125000, -0.03364001
-0.01000000, 0.00750000, 0.00250000, -0.03327743
-0.01000000, 0.00625000, 0.00375000, -0.03388754
-0.01000000, 0.00500000, 0.00500000, -0.03353388
-0.01000000, 0.00375000, 0.00625000, -0.03465067
-0.01000000, 0.00250000, 0.00750000, -0.03405215
-0.01000000, 0.00125000, 0.00875000, -0.03524356
-0.01000000, 0.00000000, 0.01000000, -0.03577951
0.00000000, -0.01000000, 0.01000000, -0.04287257
0.00125000, -0.01000000, 0.00875000, 0.00873834
0.00250000, -0.01000000, 0.00750000, 0.04540366
0.00375000, -0.01000000, 0.00625000, 0.06698533
0.00500000, -0.01000000, 0.00500000, 0.07531190
0.00625000, -0.01000000, 0.00375000, 0.06830619
0.00750000, -0.01000000, 0.00250000, 0.04944846
0.00875000, -0.01000000, 0.00125000, 0.01442792
0.01000000, -0.01000000, 0.00000000, -0.03321249
0.01000000, -0.00875000, -0.00125000, -0.03364001
0.01000000, -0.00750000, -0.00250000, -0.03327743
0.01000000, -0.00625000, -0.00375000, -0.03388754
0.01000000, -0.00500000, -0.00500000, -0.03353388
0.01000000, -0.00375000, -0.00625000, -0.03465067
0.01000000, -0.00250000, -0.00750000, -0.03405215
0.01000000, -0.00125000, -0.00875000, -0.03524356
0.02000000, 0.00000000, -0.02000000, -0.03077135
0.01750000, 0.00250000, -0.02000000, -0.03282912
0.01500000, 0.00500000, -0.02000000, -0.03517818
0.01250000, 0.00750000, -0.02000000, -0.03767191
0.01000000, 0.01000000, -0.02000000, -0.03996094
0.00750000, 0.01250000, -0.02000000, -0.04194815
0.00500000, 0.01500000, -0.02000000, -0.04331426
0.00250000, 0.01750000, -0.02000000, -0.04354689
0.00000000, 0.02000000, -0.02000000, -0.04095051
-0.00250000, 0.02000000, -0.01750000, -0.01422417
-0.00500000, 0.02000000, -0.01500000, 0.00452129
-0.00750000, 0.02000000, -0.01250000, 0.01539981
-0.01000000, 0.02000000, -0.01000000, 0.02031939
-0.01250000, 0.02000000, -0.00750000, 0.01761481
-0.01500000, 0.02000000, -0.00500000, 0.00835646
-0.01750000, 0.02000000, -0.00250000, -0.00762800
-0.02000000, 0.02000000, 0.00000000, -0.03021671
-0.02000000, 0.01750000, 0.00250000, -0.02989952
-0.02000000, 0.01500000, 0.00500000, -0.02935842
-0.02000000, 0.01250000, 0.00750000, -0.02963384
-0.02000000, 0.01000000, 0.01000000, -0.02919713
-0.02000000, 0.00750000, 0.01250000, -0.02949777
-0.02000000, 0.00500000, 0.01500000, -0.02981314
-0.02000000, 0.00250000, 0.01750000, -0.03020101
-0.02000000, 0.00000000, 0.02000000, -0.03077135
-0.01750000, -0.00250000, 0.02000000, -0.03282912
-0.01500000, -0.00500000, 0.02000000, -0.03517818
-0.01250000, -0.00750000, 0.02000000, -0.03767191
-0.01000000, -0.01000000, 0.02000000, -0.03996094
-0.00750000, -0.01250000, 0.02000000, -0.04194815
-0.00500000, -0.01500000, 0.02000000, -0.04331426
-0.00250000, -0.01750000, 0.02000000, -0.04354689
0.00000000, -0.02000000, 0.02000000, -0.04095051
0.00250000, -0.02000000, 0.01750000, -0.01422417
0.00500000, -0.02000000, 0.01500000, 0.00452129
0.00750000, -0.02000000, 0.01250000, 0.01539981
0.01000000, -0.02000000, 0.01000000, 0.02031939
0.01250000, -0.02000000, 0.00750000, 0.01761481
0.01500000, -0.02000000, 0.00500000, 0.00835646
0.01750000, -0.02000000, 0.00250000, -0.00762800
0.02000000, -0.02000000, 0.00000000, -0.03021671
0.02000000, -0.01750000, -0.00250000, -0.02989952
0.02000000, -0.01500000, -0.00500000, -0.02935842
0.02000000, -0.01250000, -0.00750000, -0.02963384
0.02000000, -0.01000000, -0.01000000, -0.02919713
0.02000000, -0.00750000, -0.01250000, -0.02949777
0.02000000, -0.00500000, -0.01500000, -0.02981314
0.02000000, -0.00250000, -0.01750000, -0.03020101
0.03000000, 0.00000000, -0.03000000, -0.02793467
0.02625000, 0.00375000, -0.03000000, -0.03001664
0.02250000, 0.00750000, -0.03000000, -0.03250089
0.01875000, 0.01125000, -0.03000000, -0.03514072
0.01500000, 0.01500000, -0.03000000, -0.03772657
0.01125000, 0.01875000, -0.03000000, -0.04002021
0.00750000, 0.02250000, -0.03000000, -0.04177553
0.00375000, 0.02625000, -0.03000000, -0.04248817
0.00000000, 0.03000000, -0.03000000, -0.04050334
-0.00375000, 0.03000000, -0.02625000, -0.02207386
-0.00750000, 0.03000000, -0.02250000, -0.00918820
-0.01125000, 0.03000000, -0.01875000, -0.00158844
-0.01500000, 0.03000000, -0.01500000, 0.00171942
-0.01875000, 0.03000000, -0.01125000, 0.00060071
-0.02250000, 0.03000000, -0.00750000, -0.00491151
-0.02625000, 0.03000000, -0.00375000, -0.01471488
-0.03000000, 0.03000000, 0.00000000, -0.02862595
-0.03000000, 0.02625000, 0.00375000, -0.02785244
-0.03000000, 0.02250000, 0.00750000, -0.02712854
-0.03000000, 0.01875000, 0.01125000, -0.02701791
-0.03000000, 0.01500000, 0.01500000, -0.02689425
-0.03000000, 0.01125000, 0.01875000, -0.02685448
-0.03000000, 0.00750000, 0.02250000, -0.02701693
-0.03000000, 0.00375000, 0.02625000, -0.02733959
-0.03000000, 0.00000000, 0.03000000, -0.02793467
-0.02625000, -0.00375000, 0.03000000, -0.03001664
-0.02250000, -0.00750000, 0.03000000, -0.03250089
-0.01875000, -0.01125000, 0.03000000, -0.03514072
-0.01500000, -0.01500000, 0.03000000, -0.03772657
-0.01125000, -0.01875000, 0.03000000, -0.04002021
-0.00750000, -0.02250000, 0.03000000, -0.04177553
-0.00375000, -0.02625000, 0.03000000, -0.04248817
0.00000000, -0.03000000, 0.03000000, -0.04050334
0.00375000, -0.03000000, 0.02625000, -0.02207386
0.00750000, -0.03000000, 0.02250000, -0.00918820
0.01125000, -0.03000000, 0.01875000, -0.00158844
0.01500000, -0.03000000, 0.01500000, 0.00171942
0.01875000, -0.03000000, 0.01125000, 0.00060071
0.02250000, -0.03000000, 0.00750000, -0.00491151
0.02625000, -0.03000000, 0.00375000, -0.01471488
0.03000000, -0.03000000, 0.00000000, -0.02862595
0.03000000, -0.02625000, -0.00375000, -0.02785244
0.03000000, -0.02250000, -0.00750000, -0.02712854
0.03000000, -0.01875000, -0.01125000, -0.02701791
0.03000000, -0.01500000, -0.01500000, -0.02689425
0.03000000, -0.01125000, -0.01875000, -0.02685448
0.03000000, -0.00750000, -0.02250000, -0.02701693
0.03000000, -0.00375000, -0.02625000, -0.02733959
0.04000000, 0.00000000, -0.04000000, -0.02599066
0.03500000, 0.00500000, -0.04000000, -0.02811279
0.03000000, 0.01000000, -0.04000000, -0.03072605
0.02500000, 0.01500000, -0.04000000, -0.03354030
0.02000000, 0.02000000, -0.04000000, -0.03635547
0.01500000, 0.02500000, -0.04000000, -0.03894158
0.01000000, 0.03000000, -0.04000000, -0.04102727
0.00500000, 0.03500000, -0.04000000, -0.04213003
0.00000000, 0.04000000, -0.04000000, -0.04058198
-0.00500000, 0.04000000, -0.03500000, -0.02624573
-0.01000000, 0.04000000, -0.03000000, -0.01647182
-0.01500000, 0.04000000, -0.02500000, -0.01035056
-0.02000000, 0.04000000, -0.02000000, -0.00755807
-0.02500000, 0.04000000, -0.01500000, -0.00799150
-0.03000000, 0.04000000, -0.01000000, -0.01157777
-0.03500000, 0.04000000, -0.00500000, -0.01823342
-0.04000000, 0.04000000, 0.00000000, -0.02766738
-0.04000000, 0.03500000, 0.00500000, -0.02651064
-0.04000000, 0.03000000, 0.01000000, -0.02579104
-0.04000000, 0.02500000, 0.01500000, -0.02533174
-0.04000000, 0.02000000, 0.02000000, -0.02509680
-0.04000000, 0.01500000, 0.02500000, -0.02502056
-0.04000000, 0.01000000, 0.03000000, -0.02511770
-0.04000000, 0.00500000, 0.03500000, -0.02540723
-0.04000000, 0.00000000, 0.04000000, -0.02599066
-0.03500000, -0.00500000, 0.04000000, -0.02811279
-0.03000000, -0.01000000, 0.04000000, -0.03072605
-0.02500000, -0.01500000, 0.04000000, -0.03354030
-0.02000000, -0.02000000, 0.04000000, -0.03635547
-0.01500000, -0.02500000, 0.04000000, -0.03894158
-0.01000000, -0.03000000, 0.04000000, -0.04102727
-0.00500000, -0.03500000, 0.04000000, -0.04213003
0.00000000, -0.04000000, 0.04000000, -0.04058198
0.00500000, -0.04000000, 0.03500000, -0.02624573
0.01000000, -0.04000000, 0.03000000, -0.01647182
0.01500000, -0.04000000, 0.02500000, -0.01035056
0.02000000, -0.04000000, 0.02000000, -0.00755807
0.02500000, -0.04000000, 0.01500000, -0.00799150
0.03000000, -0.04000000, 0.01000000, -0.01157777
0.03500000, -0.04000000, 0.00500000, -0.01823342
0.04000000, -0.04000000, 0.00000000, -0.02766738
0.04000000, -0.03500000, -0.00500000, -0.02651064
0.04000000, -0.03000000, -0.01000000, -0.02579104
0.04000000, -0.02500000, -0.01500000, -0.02533174
0.04000000, -0.02000000, -0.02000000, -0.02509680
0.04000000, -0.01500000, -0.02500000, -0.02502056
0.04000000, -0.01000000, -0.03000000, -0.02511770
0.04000000, -0.00500000, -0.03500000, -0.02540723
0.05000000, 0.00000000, -0.05000000, -0.02452774
0.04375000, 0.00625000, -0.05000000, -0.02670454
0.03750000, 0.01250000, -0.05000000, -0.02943733
0.03125000, 0.01875000, -0.05000000, -0.03242387
0.02500000, 0.02500000, -0.05000000, -0.03545590
0.01875000, 0.03125000, -0.05000000, -0.03829297
0.01250000, 0.03750000, -0.05000000, -0.04067433
0.00625000, 0.04375000, -0.05000000, -0.04209993
0.00000000, 0.05000000, -0.05000000, -0.04090047
-0.00625000, 0.05000000, -0.04375000, -0.02897769
-0.01250000, 0.05000000, -0.03750000, -0.02092741
-0.01875000, 0.05000000, -0.03125000, -0.01580016
-0.02500000, 0.05000000, -0.02500000, -0.01327567
-0.03125000, 0.05000000, -0.01875000, -0.01322934
-0.03750000, 0.05000000, -0.01250000, -0.01563609
-0.04375000, 0.05000000, -0.00625000, -0.02036119
-0.05000000, 0.05000000, 0.00000000, -0.02705738
-0.05000000, 0.04375000, 0.00625000, -0.02558494
-0.05000000, 0.03750000, 0.01250000, -0.02469755
-0.05000000, 0.03125000, 0.01875000, -0.02410702
-0.05000000, 0.02500000, 0.02500000, -0.02376650
-0.05000000, 0.01875000, 0.03125000, -0.02358120
-0.05000000, 0.01250000, 0.03750000, -0.02363491
-0.05000000, 0.00625000, 0.04375000, -0.02390170
-0.05000000, 0.00000000, 0.05000000, -0.02452774
-0.04375000, -0.00625000, 0.05000000, -0.02670454
-0.03750000, -0.01250000, 0.05000000, -0.02943733
-0.03125000, -0.01875000, 0.05000000, -0.03242387
-0.02500000, -0.02500000, 0.05000000, -0.03545590
-0.01875000, -0.03125000, 0.05000000, -0.03829297
-0.01250000, -0.03750000, 0.05000000, -0.04067433
-0.00625000, -0.04375000, 0.05000000, -0.04209993
0.00000000, -0.05000000, 0.05000000, -0.04090047
0.00625000, -0.05000000, 0.04375000, -0.02897769
0.01250000, -0.05000000, 0.03750000, -0.02092741
0.01875000, -0.05000000, 0.03125000, -0.01580016
0.02500000, -0.05000000, 0.02500000, -0.01327567
0.03125000, -0.05000000, 0.01875000, -0.01322934
0.03750000, -0.05000000, 0.01250000, -0.01563609
0.04375000, -0.05000000, 0.00625000, -0.02036119
0.05000000, -0.05000000, 0.00000000, -0.02705738
0.05000000, -0.04375000, -0.00625000, -0.02558494
0.05000000, -0.03750000, -0.01250000, -0.02469755
0.05000000, -0.03125000, -0.01875000, -0.02410702
0.05000000, -0.02500000, -0.02500000, -0.02376650
0.05000000, -0.01875000, -0.03125000, -0.02358120
0.05000000, -0.01250000, -0.03750000, -0.02363491
0.05000000, -0.00625000, -0.04375000, -0.02390170
0.06000000, 0.00000000, -0.06000000, -0.02339427
0.05250000, 0.00750000, -0.06000000, -0.02561549
0.04500000, 0.01500000, -0.06000000, -0.02846479
0.03750000, 0.02250000, -0.06000000, -0.03160996
0.03000000, 0.03000000, -0.06000000, -0.03484657
0.02250000, 0.03750000, -0.06000000, -0.03792652
0.01500000, 0.04500000, -0.06000000, -0.04057801
0.00750000, 0.05250000, -0.06000000, -0.04228853
0.00000000, 0.06000000, -0.06000000, -0.04135432
-0.00750000, 0.06000000, -0.05250000, -0.03093713
-0.01500000, 0.06000000, -0.04500000, -0.02402968
-0.02250000, 0.06000000, -0.03750000, -0.01954239
-0.03000000, 0.06000000, -0.03000000, -0.01717523
-0.03750000, 0.06000000, -0.02250000, -0.01685767
-0.04500000, 0.06000000, -0.01500000, -0.01845881
-0.05250000, 0.06000000, -0.00750000, -0.02188144
-0.06000000, 0.06000000, 0.00000000, -0.02668935
-0.06000000, 0.05250000, 0.00750000, -0.02487430
-0.06000000, 0.04500000, 0.01500000, -0.02381580
-0.06000000, 0.03750000, 0.02250000, -0.02311455
-0.06000000, 0.03000000, 0.03000000, -0.02267647
-0.06000000, 0.02250000, 0.03750000, -0.02248640
-0.06000000, 0.01500000, 0.04500000, -0.02251235
-0.06000000, 0.00750000, 0.05250000, -0.02277815
-0.06000000, 0.00000000, 0.06000000, -0.02339427
-0.05250000, -0.00750000, 0.06000000, -0.02561549
-0.04500000, -0.01500000, 0.06000000, -0.02846479
-0.03750000, -0.02250000, 0.06000000, -0.03160996
-0.03000000, -0.03000000, 0.06000000, -0.03484657
-0.02250000, -0.03750000, 0.06000000, -0.03792652
-0.01500000, -0.04500000, 0.06000000, -0.04057801
-0.00750000, -0.05250000, 0.06000000, -0.04228853
0.00000000, -0.06000000, 0.06000000, -0.04135432
0.00750000, -0.06000000, 0.05250000, -0.03093713
0.01500000, -0.06000000, 0.04500000, -0.02402968
0.02250000, -0.06000000, 0.03750000, -0.01954239
0.03000000, -0.06000000, 0.03000000, -0.01717523
0.03750000, -0.06000000, 0.02250000, -0.01685767
0.04500000, -0.06000000, 0.01500000, -0.01845881
0.05250000, -0.06000000, 0.00750000, -0.02188144
0.06000000, -0.06000000, 0.00000000, -0.02668935
0.06000000, -0.05250000, -0.00750000, -0.02487430
0.06000000, -0.04500000, -0.01500000, -0.02381580
0.06000000, -0.03750000, -0.02250000, -0.02311455
0.06000000, -0.03000000, -0.03000000, -0.02267647
0.06000000, -0.02250000, -0.03750000, -0.02248640
0.06000000, -0.01500000, -0.04500000, -0.02251235
0.06000000, -0.00750000, -0.05250000, -0.02277815
0.07000000, 0.00000000, -0.07000000, -0.02244547
0.06125000, 0.00875000, -0.07000000, -0.02473244
0.05250000, 0.01750000, -0.07000000, -0.02769519
0.04375000, 0.02625000, -0.07000000, -0.03099761
0.03500000, 0.03500000, -0.07000000, -0.03442011
0.02625000, 0.04375000, -0.07000000, -0.03771678
0.01750000, 0.05250000, -0.07000000, -0.04060028
0.00875000, 0.06125000, -0.07000000, -0.04256066
0.00000000, 0.07000000, -0.07000000, -0.04186610
-0.00875000, 0.07000000, -0.06125000, -0.03246932
-0.01750000, 0.07000000, -0.05250000, -0.02641378
-0.02625000, 0.07000000, -0.04375000, -0.02236244
-0.03500000, 0.07000000, -0.03500000, -0.02009881
-0.04375000, 0.07000000, -0.02625000, -0.01952153
-0.05250000, 0.07000000, -0.01750000, -0.02052503
-0.06125000, 0.07000000, -0.00875000, -0.02299689
-0.07000000, 0.07000000, 0.00000000, -0.02643654
-0.07000000, 0.06125000, 0.00875000, -0.02432452
-0.07000000, 0.05250000, 0.01750000, -0.02316125
-0.07000000, 0.04375000, 0.02625000, -0.02234694
-0.07000000, 0.03500000, 0.03500000, -0.02182340
-0.07000000, 0.02625000, 0.04375000, -0.02156287
-0.07000000, 0.01750000, 0.05250000, -0.02154578
-0.07000000, 0.00875000, 0.06125000, -0.02180479
-0.07000000, 0.00000000, 0.07000000, -0.02244547
-0.06125000, -0.00875000, 0.07000000, -0.02473244
-0.05250000, -0.01750000, 0.07000000, -0.02769519
-0.04375000, -0.02625000, 0.07000000, -0.03099761
-0.03500000, -0.03500000, 0.07000000, -0.03442011
-0.02625000, -0.04375000, 0.07000000, -0.03771678
-0.01750000, -0.05250000, 0.07000000, -0.04060028
-0.00875000, -0.06125000, 0.07000000, -0.04256066
0.00000000, -0.07000000, 0.07000000, -0.04186610
0.00875000, -0.07000000, 0.06125000, -0.03246932
0.01750000, -0.07000000, 0.05250000, -0.02641378
0.02625000, -0.07000000, 0.04375000, -0.02236244
0.03500000, -0.07000000, 0.03500000, -0.02009881
0.04375000, -0.07000000, 0.02625000, -0.01952153
0.05250000, -0.07000000, 0.01750000, -0.02052503
0.06125000, -0.07000000, 0.00875000, -0.02299689
0.07000000, -0.07000000, 0.00000000, -0.02643654
0.07000000, -0.06125000, -0.00875000, -0.02432452
0.07000000, -0.05250000, -0.01750000, -0.02316125
0.07000000, -0.04375000, -0.02625000, -0.02234694
0.07000000, -0.03500000, -0.03500000, -0.02182340
0.07000000, -0.02625000, -0.04375000, -0.02156287
0.07000000, -0.01750000, -0.05250000, -0.02154578
0.07000000, -0.00875000, -0.06125000, -0.02180479
0.08000000, 0.00000000, -0.08000000, -0.02165590
0.07000000, 0.01000000, -0.08000000, -0.02400801
0.06000000, 0.02000000, -0.08000000, -0.02707762
0.05000000, 0.03000000, -0.08000000, -0.03052752
0.04000000, 0.04000000, -0.08000000, -0.03412378
0.03000000, 0.05000000, -0.08000000, -0.03761468
0.02000000, 0.06000000, -0.08000000, -0.04070773
0.01000000, 0.07000000, -0.08000000, -0.04288556
0.00000000, 0.08000000, -0.08000000, -0.04239264
-0.01000000, 0.08000000, -0.07000000, -0.03375966
-0.02000000, 0.08000000, -0.06000000, -0.02830780
-0.03000000, 0.08000000, -0.05000000, -0.02457401
-0.04000000, 0.08000000, -0.04000000, -0.02238438
-0.05000000, 0.08000000, -0.03000000, -0.02159247
-0.06000000, 0.08000000, -0.02000000, -0.02214280
-0.07000000, 0.08000000, -0.01000000, -0.02389129
-0.08000000, 0.08000000, 0.00000000, -0.02629299
-0.08000000, 0.07000000, 0.01000000, -0.02393097
-0.08000000, 0.06000000, 0.02000000, -0.02265424
-0.08000000, 0.05000000, 0.03000000, -0.02173069
-0.08000000, 0.04000000, 0.04000000, -0.02112889
-0.08000000, 0.03000000, 0.05000000, -0.02078116
-0.08000000, 0.02000000, 0.06000000, -0.02072407
-0.08000000, 0.01000000, 0.07000000, -0.02097271
-0.08000000, 0.00000000, 0.08000000, -0.02165590
-0.07000000, -0.01000000, 0.08000000, -0.02400801
-0.06000000, -0.02000000, 0.08000000, -0.02707762
-0.05000000, -0.03000000, 0.08000000, -0.03052752
-0.04000000, -0.04000000, 0.08000000, -0.03412378
-0.03000000, -0.05000000, 0.08000000, -0.03761468
-0.02000000, -0.06000000, 0.08000000, -0.04070773
-0.01000000, -0.07000000, 0.08000000, -0.04288556
0.00000000, -0.08000000, 0.08000000, -0.04239264
0.01000000, -0.08000000, 0.07000000, -0.03375966
0.02000000, -0.08000000, 0.06000000, -0.02830780
0.03000000, -0.08000000, 0.05000000, -0.02457401
0.04000000, -0.08000000, 0.04000000, -0.02238438
0.05000000, -0.08000000, 0.03000000, -0.02159247
0.06000000, -0.08000000, 0.02000000, -0.02214280
0.07000000, -0.08000000, 0.01000000, -0.02389129
0.08000000, -0.08000000, 0.00000000, -0.02629299
0.08000000, -0.07000000, -0.01000000, -0.02393097
0.08000000, -0.06000000, -0.02000000, -0.02265424
0.08000000, -0.05000000, -0.03000000, -0.02173069
0.08000000, -0.04000000, -0.04000000, -0.02112889
0.08000000, -0.03000000, -0.05000000, -0.02078116
0.08000000, -0.02000000, -0.06000000, -0.02072407
0.08000000, -0.01000000, -0.07000000, -0.02097271
0.09000000, 0.00000000, -0.09000000, -0.02100519
0.07875000, 0.01125000, -0.09000000, -0.02340909
0.06750000, 0.02250000, -0.09000000, -0.02657823
0.05625000, 0.03375000, -0.09000000, -0.03016221
0.04500000, 0.04500000, -0.09000000, -0.03392214
0.03375000, 0.05625000, -0.09000000, -0.03759260
0.02250000, 0.06750000, -0.09000000, -0.04087986
0.01125000, 0.07875000, -0.09000000, -0.04324785
0.00000000, 0.09000000, -0.09000000, -0.04290975
-0.01125000, 0.09000000, -0.07875000, -0.03487515
-0.02250000, 0.09000000, -0.06750000, -0.02984280
-0.03375000, 0.09000000, -0.05625000, -0.02635114
-0.04500000, 0.09000000, -0.04500000, -0.02421424
-0.05625000, 0.09000000, -0.03375000, -0.02328120
-0.06750000, 0.09000000, -0.02250000, -0.02348365
-0.07875000, 0.09000000, -0.01125000, -0.02466960
-0.09000000, 0.09000000, 0.00000000, -0.02624909
-0.09000000, 0.07875000, 0.01125000, -0.02366287
-0.09000000, 0.06750000, 0.02250000, -0.02224394
-0.09000000, 0.05625000, 0.03375000, -0.02121655
-0.09000000, 0.04500000, 0.04500000, -0.02053907
-0.09000000, 0.03375000, 0.05625000, -0.02013932
-0.09000000, 0.02250000, 0.06750000, -0.02005408
-0.09000000, 0.01125000, 0.07875000, -0.02029557
-0.09000000, 0.00000000, 0.09000000, -0.02100519
-0.07875000, -0.01125000, 0.09000000, -0.02340909
-0.06750000, -0.02250000, 0.09000000, -0.02657823
-0.05625000, -0.03375000, 0.09000000, -0.03016221
-0.04500000, -0.04500000, 0.09000000, -0.03392214
-0.03375000, -0.05625000, 0.09000000, -0.03759260
-0.02250000, -0.06750000, 0.09000000, -0.04087986
-0.01125000, -0.07875000, 0.09000000, -0.04324785
0.00000000, -0.09000000, 0.09000000, -0.04290975
0.01125000, -0.09000000, 0.07875000, -0.03487515
0.02250000, -0.09000000, 0.06750000, -0.02984280
0.03375000, -0.09000000, 0.05625000, -0.02635114
0.04500000, -0.09000000, 0.04500000, -0.02421424
0.05625000, -0.09000000, 0.03375000, -0.02328120
0.06750000, -0.09000000, 0.02250000, -0.02348365
0.07875000, -0.09000000, 0.01125000, -0.02466960
0.09000000, -0.09000000, 0.00000000, -0.02624909
0.09000000, -0.07875000, -0.01125000, -0.02366287
0.09000000, -0.06750000, -0.02250000, -0.02224394
0.09000000, -0.05625000, -0.03375000, -0.02121655
0.09000000, -0.04500000, -0.04500000, -0.02053907
0.09000000, -0.03375000, -0.05625000, -0.02013932
0.09000000, -0.02250000, -0.06750000, -0.02005408
0.09000000, -0.01125000, -0.07875000, -0.02029557
0.10000000, 0.00000000, -0.10000000, -0.02045670
0.08750000, 0.01250000, -0.10000000, -0.02290476
0.07500000, 0.02500000, -0.10000000, -0.02616700
0.06250000, 0.03750000, -0.10000000, -0.02987436
0.05000000, 0.05000000, -0.10000000, -0.03378540
0.03750000, 0.06250000, -0.10000000, -0.03762170
0.02500000, 0.07500000, -0.10000000, -0.04108431
0.01250000, 0.08750000, -0.10000000, -0.04361820
0.00000000, 0.10000000, -0.10000000, -0.04339848
-0.01250000, 0.10000000, -0.08750000, -0.03583549
-0.02500000, 0.10000000, -0.07500000, -0.03111747
-0.03750000, 0.10000000, -0.06250000, -0.02781885
-0.05000000, 0.10000000, -0.05000000, -0.02572066
-0.06250000, 0.10000000, -0.03750000, -0.02469266
-0.07500000, 0.10000000, -0.02500000, -0.02462057
-0.08750000, 0.10000000, -0.01250000, -0.02535911
-0.10000000, 0.10000000, 0.00000000, -0.02627128
-0.10000000, 0.08750000, 0.01250000, -0.02348026
-0.10000000, 0.07500000, 0.02500000, -0.02191437
-0.10000000, 0.06250000, 0.03750000, -0.02078955
-0.10000000, 0.05000000, 0.05000000, -0.02003899
-0.10000000, 0.03750000, 0.06250000, -0.01960970
-0.10000000, 0.02500000, 0.07500000, -0.01950057
-0.10000000, 0.01250000, 0.08750000, -0.01973652
-0.10000000, 0.00000000, 0.10000000, -0.02045670
-0.08750000, -0.01250000, 0.10000000, -0.02290476
-0.07500000, -0.02500000, 0.10000000, -0.02616700
-0.06250000, -0.03750000, 0.10000000, -0.02987436
-0.05000000, -0.05000000, 0.10000000, -0.03378540
-0.03750000, -0.06250000, 0.10000000, -0.03762170
-0.02500000, -0.07500000, 0.10000000, -0.04108431
-0.01250000, -0.08750000, 0.10000000, -0.04361820
0.00000000, -0.10000000, 0.10000000, -0.04339848
0.01250000, -0.10000000, 0.08750000, -0.03583549
0.02500000, -0.10000000, 0.07500000, -0.03111747
0.03750000, -0.10000000, 0.06250000, -0.02781885
0.05000000, -0.10000000, 0.05000000, -0.02572066
0.06250000, -0.10000000, 0.03750000, -0.02469266
0.07500000, -0.10000000, 0.02500000, -0.02462057
0.08750000, -0.10000000, 0.01250000, -0.02535911
0.10000000, -0.10000000, 0.00000000, -0.02627128
0.10000000, -0.08750000, -0.01250000, -0.02348026
0.10000000, -0.07500000, -0.02500000, -0.02191437
0.10000000, -0.06250000, -0.03750000, -0.02078955
0.10000000, -0.05000000, -0.05000000, -0.02003899
0.10000000, -0.03750000, -0.06250000, -0.01960970
0.10000000, -0.02500000, -0.07500000, -0.01950057
0.10000000, -0.01250000, -0.08750000, -0.01973652
0.15000000, 0.00000000, -0.15000000, -0.01855048
0.13125000, 0.01875000, -0.15000000, -0.02119861
0.11250000, 0.03750000, -0.15000000, -0.02482352
0.09375000, 0.05625000, -0.15000000, -0.02900789
0.07500000, 0.07500000, -0.15000000, -0.03345753
0.05625000, 0.09375000, -0.15000000, -0.03786768
0.03750000, 0.11250000, -0.15000000, -0.04188741
0.01875000, 0.13125000, -0.15000000, -0.04491040
0.00000000, 0.15000000, -0.15000000, -0.04494310
-0.01875000, 0.15000000, -0.13125000, -0.03876257
-0.03750000, 0.15000000, -0.11250000, -0.03509976
-0.05625000, 0.15000000, -0.09375000, -0.03243402
-0.07500000, 0.15000000, -0.07500000, -0.03050243
-0.09375000, 0.15000000, -0.05625000, -0.02915201
-0.11250000, 0.15000000, -0.03750000, -0.02829518
-0.13125000, 0.15000000, -0.01875000, -0.02773478
-0.15000000, 0.15000000, 0.00000000, -0.02670570
-0.15000000, 0.13125000, 0.01875000, -0.02321226
-0.15000000, 0.11250000, 0.03750000, -0.02113745
-0.15000000, 0.09375000, 0.05625000, -0.01963133
-0.15000000, 0.07500000, 0.07500000, -0.01857144
-0.15000000, 0.05625000, 0.09375000, -0.01788774
-0.15000000, 0.03750000, 0.11250000, -0.01760962
-0.15000000, 0.01875000, 0.13125000, -0.01777068
-0.15000000, 0.00000000, 0.15000000, -0.01855048
-0.13125000, -0.01875000, 0.15000000, -0.02119861
-0.11250000, -0.03750000, 0.15000000, -0.02482352
-0.09375000, -0.05625000, 0.15000000, -0.02900789
-0.07500000, -0.07500000, 0.15000000, -0.03345753
-0.05625000, -0.09375000, 0.15000000, -0.03786768
-0.03750000, -0.11250000, 0.15000000, -0.04188741
-0.01875000, -0.13125000, 0.15000000, -0.04491040
0.00000000, -0.15000000, 0.15000000, -0.04494310
0.01875000, -0.15000000, 0.13125000, -0.03876257
0.03750000, -0.15000000, 0.11250000, -0.03509976
0.05625000, -0.15000000, 0.09375000, -0.03243402
0.07500000, -0.15000000, 0.07500000, -0.03050243
0.09375000, -0.15000000, 0.05625000, -0.02915201
0.11250000, -0.15000000, 0.03750000, -0.02829518
0.13125000, -0.15000000, 0.01875000, -0.02773478
0.15000000, -0.15000000, 0.00000000, -0.02670570
0.15000000, -0.13125000, -0.01875000, -0.02321226
0.15000000, -0.11250000, -0.03750000, -0.02113745
0.15000000, -0.09375000, -0.05625000, -0.01963133
0.15000000, -0.07500000, -0.07500000, -0.01857144
0.15000000, -0.05625000, -0.09375000, -0.01788774
0.15000000, -0.03750000, -0.11250000, -0.01760962
0.15000000, -0.01875000, -0.13125000, -0.01777068
0.20000000, 0.00000000, -0.20000000, -0.01724255
0.17500000, 0.02500000, -0.20000000, -0.01999895
0.15000000, 0.05000000, -0.20000000, -0.02380157
0.12500000, 0.07500000, -0.20000000, -0.02818792
0.10000000, 0.10000000, -0.20000000, -0.03284930
0.07500000, 0.12500000, -0.20000000, -0.03744349
0.05000000, 0.15000000, -0.20000000, -0.04158628
0.02500000, 0.17500000, -0.20000000, -0.04459633
0.00000000, 0.20000000, -0.20000000, -0.04432222
-0.02500000, 0.20000000, -0.17500000, -0.03918339
-0.05000000, 0.20000000, -0.15000000, -0.03625978
-0.07500000, 0.20000000, -0.12500000, -0.03409108
-0.10000000, 0.20000000, -0.10000000, -0.03240118
-0.12500000, 0.20000000, -0.07500000, -0.03107080
-0.15000000, 0.20000000, -0.05000000, -0.02995448
-0.17500000, 0.20000000, -0.02500000, -0.02887188
-0.20000000, 0.20000000, 0.00000000, -0.02702256
-0.20000000, 0.17500000, 0.02500000, -0.02328246
-0.20000000, 0.15000000, 0.05000000, -0.02092365
-0.20000000, 0.12500000, 0.07500000, -0.01918192
-0.20000000, 0.10000000, 0.10000000, -0.01789555
-0.20000000, 0.07500000, 0.12500000, -0.01704333
-0.20000000, 0.05000000, 0.15000000, -0.01659440
-0.20000000, 0.02500000, 0.17500000, -0.01660620
-0.20000000, 0.00000000, 0.20000000, -0.01724255
-0.17500000, -0.02500000, 0.20000000, -0.01999895
-0.15000000, -0.05000000, 0.20000000, -0.02380157
-0.12500000, -0.07500000, 0.20000000, -0.02818792
-0.10000000, -0.10000000, 0.20000000, -0.03284930
-0.07500000, -0.12500000, 0.20000000, -0.03744349
-0.05000000, -0.15000000, 0.20000000, -0.04158628
-0.02500000, -0.17500000, 0.20000000, -0.04459633
0.00000000, -0.20000000, 0.20000000, -0.04432222
0.02500000, -0.20000000, 0.17500000, -0.03918339
0.05000000, -0.20000000, 0.15000000, -0.03625978
0.07500000, -0.20000000, 0.12500000, -0.03409108
0.10000000, -0.20000000, 0.10000000, -0.03240118
0.12500000, -0.20000000, 0.07500000, -0.03107080
0.15000000, -0.20000000, 0.05000000, -0.02995448
0.17500000, -0.20000000, 0.02500000, -0.02887188
0.20000000, -0.20000000, 0.00000000, -0.02702256
0.20000000, -0.17500000, -0.02500000, -0.02328246
0.20000000, -0.15000000, -0.05000000, -0.02092365
0.20000000, -0.12500000, -0.07500000, -0.01918192
0.20000000, -0.10000000, -0.10000000, -0.01789555
0.20000000, -0.07500000, -0.12500000, -0.01704333
0.20000000, -0.05000000, -0.15000000, -0.01659440
0.20000000, -0.02500000, -0.17500000, -0.01660620
0.25000000, 0.00000000, -0.25000000, -0.01554951
0.21875000, 0.03125000, -0.25000000, -0.01840822
0.18750000, 0.06250000, -0.25000000, -0.02223432
0.15625000, 0.09375000, -0.25000000, -0.02659353
0.12500000, 0.12500000, -0.25000000, -0.03116716
0.09375000, 0.15625000, -0.25000000, -0.03560635
0.06250000, 0.18750000, -0.25000000, -0.03949260
0.03125000, 0.21875000, -0.25000000, -0.04210370
0.00000000, 0.25000000, -0.25000000, -0.04118935
-0.03125000, 0.25000000, -0.21875000, -0.03729247
-0.06250000, 0.25000000, -0.18750000, -0.03525763
-0.09375000, 0.25000000, -0.15625000, -0.03368211
-0.12500000, 0.25000000, -0.12500000, -0.03233935
-0.15625000, 0.25000000, -0.09375000, -0.03111483
-0.18750000, 0.25000000, -0.06250000, -0.02992490
-0.21875000, 0.25000000, -0.03125000, -0.02858112
-0.25000000, 0.25000000, 0.00000000, -0.02634757
-0.25000000, 0.21875000, 0.03125000, -0.02282985
-0.25000000, 0.18750000, 0.06250000, -0.02049807
-0.25000000, 0.15625000, 0.09375000, -0.01867770
-0.25000000, 0.12500000, 0.12500000, -0.01725914
-0.25000000, 0.09375000, 0.15625000, -0.01620766
-0.25000000, 0.06250000, 0.18750000, -0.01553333
-0.25000000, 0.03125000, 0.21875000, -0.01526895
-0.25000000, 0.00000000, 0.25000000, -0.01554951
-0.21875000, -0.03125000, 0.25000000, -0.01840822
-0.18750000, -0.06250000, 0.25000000, -0.02223432
-0.15625000, -0.09375000, 0.25000000, -0.02659353
-0.12500000, -0.12500000, 0.25000000, -0.03116716
-0.09375000, -0.15625000, 0.25000000, -0.03560635
-0.06250000, -0.18750000, 0.25000000, -0.03949260
-0.03125000, -0.21875000, 0.25000000, -0.04210370
0.00000000, -0.25000000, 0.25000000, -0.04118935
0.03125000, -0.25000000, 0.21875000, -0.03729247
0.06250000, -0.25000000, 0.18750000, -0.03525763
0.09375000, -0.25000000, 0.15625000, -0.03368211
0.12500000, -0.25000000, 0.12500000, -0.03233935
0.15625000, -0.25000000, 0.09375000, -0.03111483
0.18750000, -0.25000000, 0.06250000, -0.02992490
0.21875000, -0.25000000, 0.03125000, -0.02858112
0.25000000, -0.25000000, 0.00000000, -0.02634757
0.25000000, -0.21875000, -0.03125000, -0.02282985
0.25000000, -0.18750000, -0.06250000, -0.02049807
0.25000000, -0.15625000, -0.09375000, -0.01867770
0.25000000, -0.12500000, -0.12500000, -0.01725914
0.25000000, -0.09375000, -0.15625000, -0.01620766
0.25000000, -0.06250000, -0.18750000, -0.01553333
0.25000000, -0.03125000, -0.21875000, -0.01526895
0.30000000, 0.00000000, -0.30000000, -0.01304517
0.26250000, 0.03750000, -0.30000000, -0.01596260
0.22500000, 0.07500000, -0.30000000, -0.01967709
0.18750000, 0.11250000, -0.30000000, -0.02380876
0.15000000, 0.15000000, -0.30000000, -0.02806381
0.11250000, 0.18750000, -0.30000000, -0.03209467
0.07500000, 0.22500000, -0.30000000, -0.03547977
0.03750000, 0.26250000, -0.30000000, -0.03746853
0.00000000, 0.30000000, -0.30000000, -0.03580261
-0.03750000, 0.30000000, -0.26250000, -0.03345626
-0.07500000, 0.30000000, -0.22500000, -0.03243895
-0.11250000, 0.30000000, -0.18750000, -0.03154965
-0.15000000, 0.30000000, -0.15000000, -0.03063023
-0.18750000, 0.30000000, -0.11250000, -0.02960079
-0.22500000, 0.30000000, -0.07500000, -0.02838528
-0.26250000, 0.30000000, -0.03750000, -0.02682420
-0.30000000, 0.30000000, 0.00000000, -0.02431010
-0.30000000, 0.26250000, 0.03750000, -0.02139650
-0.30000000, 0.22500000, 0.07500000, -0.01929106
-0.30000000, 0.18750000, 0.11250000, -0.01753487
-0.30000000, 0.15000000, 0.15000000, -0.01606545
-0.30000000, 0.11250000, 0.18750000, -0.01487254
-0.30000000, 0.07500000, 0.22500000, -0.01395742
-0.30000000, 0.03750000, 0.26250000, -0.01332504
-0.30000000, 0.00000000, 0.30000000, -0.01304517
-0.26250000, -0.03750000, 0.30000000, -0.01596260
-0.22500000, -0.07500000, 0.30000000, -0.01967709
-0.18750000, -0.11250000, 0.30000000, -0.02380876
-0.15000000, -0.15000000, 0.30000000, -0.02806381
-0.11250000, -0.18750000, 0.30000000, -0.03209467
-0.07500000, -0.22500000, 0.30000000, -0.03547977
-0.03750000, -0.26250000, 0.30000000, -0.03746853
0.00000000, -0.30000000, 0.30000000, -0.03580261
0.03750000, -0.30000000, 0.26250000, -0.03345626
0.07500000, -0.30000000, 0.22500000, -0.03243895
0.11250000, -0.30000000, 0.18750000, -0.03154965
0.15000000, -0.30000000, 0.15000000, -0.03063023
0.18750000, -0.30000000, 0.11250000, -0.02960079
0.22500000, -0.30000000, 0.07500000, -0.02838528
0.26250000, -0.30000000, 0.03750000, -0.02682420
0.30000000, -0.30000000, 0.00000000, -0.02431010
0.30000000, -0.26250000, -0.03750000, -0.02139650
0.30000000, -0.22500000, -0.07500000, -0.01929106
0.30000000, -0.18750000, -0.11250000, -0.01753487
0.30000000, -0.15000000, -0.15000000, -0.01606545
0.30000000, -0.11250000, -0.18750000, -0.01487254
0.30000000, -0.07500000, -0.22500000, -0.01395742
0.30000000, -0.03750000, -0.26250000, -0.01332504
0.35000000, 0.00000000, -0.35000000, -0.00980171
0.30625000, 0.04375000, -0.35000000, -0.01265175
0.26250000, 0.08750000, -0.35000000, -0.01610903
0.21875000, 0.13125000, -0.35000000, -0.01984624
0.17500000, 0.17500000, -0.35000000, -0.02360881
0.13125000, 0.21875000, -0.35000000, -0.02707092
0.08750000, 0.26250000, -0.35000000, -0.02982833
0.04375000, 0.30625000, -0.35000000, -0.03114692
0.00000000, 0.35000000, -0.35000000, -0.02887803
-0.04375000, 0.35000000, -0.30625000, -0.02821163
-0.08750000, 0.35000000, -0.26250000, -0.02826737
-0.13125000, 0.35000000, -0.21875000, -0.02810852
-0.17500000, 0.35000000, -0.17500000, -0.02763128
-0.21875000, 0.35000000, -0.13125000, -0.02679875
-0.26250000, 0.35000000, -0.08750000, -0.02552300
-0.30625000, 0.35000000, -0.04375000, -0.02369514
-0.35000000, 0.35000000, 0.00000000, -0.02087936
-0.35000000, 0.30625000, 0.04375000, -0.01880740
-0.35000000, 0.26250000, 0.08750000, -0.01707735
-0.35000000, 0.21875000, 0.13125000, -0.01549998
-0.35000000, 0.17500000, 0.17500000, -0.01406461
-0.35000000, 0.13125000, 0.21875000, -0.01279795
-0.35000000, 0.08750000, 0.26250000, -0.01166738
-0.35000000, 0.04375000, 0.30625000, -0.01066657
-0.35000000, 0.00000000, 0.35000000, -0.00980171
-0.30625000, -0.04375000, 0.35000000, -0.01265175
-0.26250000, -0.08750000, 0.35000000, -0.01610903
-0.21875000, -0.13125000, 0.35000000, -0.01984624
-0.17500000, -0.17500000, 0.35000000, -0.02360881
-0.13125000, -0.21875000, 0.35000000, -0.02707092
-0.08750000, -0.26250000, 0.35000000, -0.02982833
-0.04375000, -0.30625000, 0.35000000, -0.03114692
0.00000000, -0.35000000, 0.35000000, -0.02887803
0.04375000, -0.35000000, 0.30625000, -0.02821163
0.08750000, -0.35000000, 0.26250000, -0.02826737
0.13125000, -0.35000000, 0.21875000, -0.02810852
0.17500000, -0.35000000, 0.17500000, -0.02763128
0.21875000, -0.35000000, 0.13125000, -0.02679875
0.26250000, -0.35000000, 0.08750000, -0.02552300
0.30625000, -0.35000000, 0.04375000, -0.02369514
0.35000000, -0.35000000, 0.00000000, -0.02087936
0.35000000, -0.30625000, -0.04375000, -0.01880740
0.35000000, -0.26250000, -0.08750000, -0.01707735
0.35000000, -0.21875000, -0.13125000, -0.01549998
0.35000000, -0.17500000, -0.17500000, -0.01406461
0.35000000, -0.13125000, -0.21875000, -0.01279795
0.35000000, -0.08750000, -0.26250000, -0.01166738
0.35000000, -0.04375000, -0.30625000, -0.01066657
0.40000000, 0.00000000, -0.40000000, -0.00639807
0.35000000, 0.05000000, -0.40000000, -0.00895165
0.30000000, 0.10000000, -0.40000000, -0.01196585
0.25000000, 0.15000000, -0.40000000, -0.01515383
0.20000000, 0.20000000, -0.40000000, -0.01829117
0.15000000, 0.25000000, -0.40000000, -0.02109419
0.10000000, 0.30000000, -0.40000000, -0.02319292
0.05000000, 0.35000000, -0.40000000, -0.02392950
0.00000000, 0.40000000, -0.40000000, -0.02140547
-0.05000000, 0.40000000, -0.35000000, -0.02224484
-0.10000000, 0.40000000, -0.30000000, -0.02330117
-0.15000000, 0.40000000, -0.25000000, -0.02383270
-0.20000000, 0.40000000, -0.20000000, -0.02376149
-0.25000000, 0.40000000, -0.15000000, -0.02305187
-0.30000000, 0.40000000, -0.10000000, -0.02166157
-0.35000000, 0.40000000, -0.05000000, -0.01952969
-0.40000000, 0.40000000, 0.00000000, -0.01643767
-0.40000000, 0.35000000, 0.05000000, -0.01525371
-0.40000000, 0.30000000, 0.10000000, -0.01398911
-0.40000000, 0.25000000, 0.15000000, -0.01267465
-0.40000000, 0.20000000, 0.20000000, -0.01136501
-0.40000000, 0.15000000, 0.25000000, -0.01008758
-0.40000000, 0.10000000, 0.30000000, -0.00883787
-0.40000000, 0.05000000, 0.35000000, -0.00760472
-0.40000000, 0.00000000, 0.40000000, -0.00639807
-0.35000000, -0.05000000, 0.40000000, -0.00895165
-0.30000000, -0.10000000, 0.40000000, -0.01196585
-0.25000000, -0.15000000, 0.40000000, -0.01515383
-0.20000000, -0.20000000, 0.40000000, -0.01829117
-0.15000000, -0.25000000, 0.40000000, -0.02109419
-0.10000000, -0.30000000, 0.40000000, -0.02319292
-0.05000000, -0.35000000, 0.40000000, -0.02392950
0.00000000, -0.40000000, 0.40000000, -0.02140547
0.05000000, -0.40000000, 0.35000000, -0.02224484
0.10000000, -0.40000000, 0.30000000, -0.02330117
0.15000000, -0.40000000, 0.25000000, -0.02383270
0.20000000, -0.40000000, 0.20000000, -0.02376149
0.25000000, -0.40000000, 0.15000000, -0.02305187
0.30000000, -0.40000000, 0.10000000, -0.02166157
0.35000000, -0.40000000, 0.05000000, -0.01952969
0.40000000, -0.40000000, 0.00000000, -0.01643767
0.40000000, -0.35000000, -0.05000000, -0.01525371
0.40000000, -0.30000000, -0.10000000, -0.01398911
0.40000000, -0.25000000, -0.15000000, -0.01267465
0.40000000, -0.20000000, -0.20000000, -0.01136501
0.40000000, -0.15000000, -0.25000000, -0.01008758
0.40000000, -0.10000000, -0.30000000, -0.00883787
0.40000000, -0.05000000, -0.35000000, -0.00760472
0.45000000, 0.00000000, -0.45000000, -0.00354318
0.39375000, 0.05625000, -0.45000000, -0.00555360
0.33750000, 0.11250000, -0.45000000, -0.00794125
0.28125000, 0.16875000, -0.45000000, -0.01044734
0.22500000, 0.22500000, -0.45000000, -0.01287756
0.16875000, 0.28125000, -0.45000000, -0.01499415
0.11250000, 0.33750000, -0.45000000, -0.01648294
0.05625000, 0.39375000, -0.45000000, -0.01679989
0.00000000, 0.45000000, -0.45000000, -0.01441429
-0.05625000, 0.45000000, -0.39375000, -0.01630105
-0.11250000, 0.45000000, -0.33750000, -0.01810032
-0.16875000, 0.45000000, -0.28125000, -0.01918197
-0.22500000, 0.45000000, -0.22500000, -0.01943517
-0.28125000, 0.45000000, -0.16875000, -0.01880295
-0.33750000, 0.45000000, -0.11250000, -0.01728847
-0.39375000, 0.45000000, -0.05625000, -0.01491511
-0.45000000, 0.45000000, 0.00000000, -0.01171080
-0.45000000, 0.39375000, 0.05625000, -0.01126165
-0.45000000, 0.33750000, 0.11250000, -0.01044345
-0.45000000, 0.28125000, 0.16875000, -0.00943599
-0.45000000, 0.22500000, 0.22500000, -0.00833556
-0.45000000, 0.16875000, 0.28125000, -0.00717141
-0.45000000, 0.11250000, 0.33750000, -0.00597405
-0.45000000, 0.05625000, 0.39375000, -0.00474659
-0.45000000, 0.00000000, 0.45000000, -0.00354318
-0.39375000, -0.05625000, 0.45000000, -0.00555360
-0.33750000, -0.11250000, 0.45000000, -0.00794125
-0.28125000, -0.16875000, 0.45000000, -0.01044734
-0.22500000, -0.22500000, 0.45000000, -0.01287756
-0.16875000, -0.28125000, 0.45000000, -0.01499415
-0.11250000, -0.33750000, 0.45000000, -0.01648294
-0.05625000, -0.39375000, 0.45000000, -0.01679989
0.00000000, -0.45000000, 0.45000000, -0.01441429
0.05625000, -0.45000000, 0.39375000, -0.01630105
0.11250000, -0.45000000, 0.33750000, -0.01810032
0.16875000, -0.45000000, 0.28125000, -0.01918197
0.22500000, -0.45000000, 0.22500000, -0.01943517
0.28125000, -0.45000000, 0.16875000, -0.01880295
0.33750000, -0.45000000, 0.11250000, -0.01728847
0.39375000, -0.45000000, 0.05625000, -0.01491511
0.45000000, -0.45000000, 0.00000000, -0.01171080
0.45000000, -0.39375000, -0.05625000, -0.01126165
0.45000000, -0.33750000, -0.11250000, -0.01044345
0.45000000, -0.28125000, -0.16875000, -0.00943599
0.45000000, -0.22500000, -0.22500000, -0.00833556
0.45000000, -0.16875000, -0.28125000, -0.00717141
0.45000000, -0.11250000, -0.33750000, -0.00597405
0.45000000, -0.05625000, -0.39375000, -0.00474659
0.50000000, 0.00000000, -0.50000000, -0.00162161
0.43750000, 0.06250000, -0.50000000, -0.00296778
0.37500000, 0.12500000, -0.50000000, -0.00463639
0.31250000, 0.18750000, -0.50000000, -0.00640542
0.25000000, 0.25000000, -0.50000000, -0.00811983
0.18750000, 0.31250000, -0.50000000, -0.00958733
0.12500000, 0.37500000, -0.50000000, -0.01056374
0.06250000, 0.43750000, -0.50000000, -0.01063508
0.00000000, 0.50000000, -0.50000000, -0.00869376
-0.06250000, 0.50000000, -0.43750000, -0.01101509
-0.12500000, 0.50000000, -0.37500000, -0.01317698
-0.18750000, 0.50000000, -0.31250000, -0.01459730
-0.25000000, 0.50000000, -0.25000000, -0.01506579
-0.31250000, 0.50000000, -0.18750000, -0.01449627
-0.37500000, 0.50000000, -0.12500000, -0.01291226
-0.43750000, 0.50000000, -0.06250000, -0.01047309
-0.50000000, 0.50000000, 0.00000000, -0.00744678
-0.50000000, 0.43750000, 0.06250000, -0.00746369
-0.50000000, 0.37500000, 0.12500000, -0.00699641
-0.50000000, 0.31250000, 0.18750000, -0.00629542
-0.50000000, 0.25000000, 0.25000000, -0.00546023
-0.50000000, 0.18750000, 0.31250000, -0.00453906
-0.50000000, 0.12500000, 0.37500000, -0.00356241
-0.50000000, 0.06250000, 0.43750000, -0.00256185
-0.50000000, 0.00000000, 0.50000000, -0.00162161
-0.43750000, -0.06250000, 0.50000000, -0.00296778
-0.37500000, -0.12500000, 0.50000000, -0.00463639
-0.31250000, -0.18750000, 0.50000000, -0.00640542
-0.25000000, -0.25000000, 0.50000000, -0.00811983
-0.18750000, -0.31250000, 0.50000000, -0.00958733
-0.12500000, -0.37500000, 0.50000000, -0.01056374
-0.06250000, -0.43750000, 0.50000000, -0.01063508
0.00000000, -0.50000000, 0.50000000, -0.00869376
0.06250000, -0.50000000, 0.43750000, -0.01101509
0.12500000, -0.50000000, 0.37500000, -0.01317698
0.18750000, -0.50000000, 0.31250000, -0.01459730
0.25000000, -0.50000000, 0.25000000, -0.01506579
0.31250000, -0.50000000, 0.18750000, -0.01449627
0.37500000, -0.50000000, 0.12500000, -0.01291226
0.43750000, -0.50000000, 0.06250000, -0.01047309
0.50000000, -0.50000000, 0.00000000, -0.00744678
0.50000000, -0.43750000, -0.06250000, -0.00746369
0.50000000, -0.37500000, -0.12500000, -0.00699641
0.50000000, -0.31250000, -0.18750000, -0.00629542
0.50000000, -0.25000000, -0.25000000, -0.00546023
0.50000000, -0.18750000, -0.31250000, -0.00453906
0.50000000, -0.12500000, -0.37500000, -0.00356241
0.50000000, -0.06250000, -0.43750000, -0.00256185
0.55000000, 0.00000000, -0.55000000, -0.00058961
0.48125000, 0.06875000, -0.55000000, -0.00133406
0.41250000, 0.13750000, -0.55000000, -0.00233266
0.34375000, 0.20625000, -0.55000000, -0.00342501
0.27500000, 0.27500000, -0.55000000, -0.00450009
0.20625000, 0.34375000, -0.55000000, -0.00541553
0.13750000, 0.41250000, -0.55000000, -0.00599679
0.06875000, 0.48125000, -0.55000000, -0.00596214
0.00000000, 0.55000000, -0.55000000, -0.00460830
-0.06875000, 0.55000000, -0.48125000, -0.00679029
-0.13750000, 0.55000000, -0.41250000, -0.00892888
-0.20625000, 0.55000000, -0.34375000, -0.01045372
-0.27500000, 0.55000000, -0.27500000, -0.01102302
-0.34375000, 0.55000000, -0.20625000, -0.01050403
-0.41250000, 0.55000000, -0.13750000, -0.00895444
-0.48125000, 0.55000000, -0.06875000, -0.00668431
-0.55000000, 0.55000000, 0.00000000, -0.00414551
-0.55000000, 0.48125000, 0.06875000, -0.00436064
-0.55000000, 0.41250000, 0.13750000, -0.00413237
-0.55000000, 0.34375000, 0.20625000, -0.00369809
-0.55000000, 0.27500000, 0.27500000, -0.00313970
-0.55000000, 0.20625000, 0.34375000, -0.00251384
-0.55000000, 0.13750000, 0.41250000, -0.00184197
-0.55000000, 0.06875000, 0.48125000, -0.00117307
-0.55000000, 0.00000000, 0.55000000, -0.00058961
-0.48125000, -0.06875000, 0.55000000, -0.00133406
-0.41250000, -0.13750000, 0.55000000, -0.00233266
-0.34375000, -0.20625000, 0.55000000, -0.00342501
-0.27500000, -0.27500000, 0.55000000, -0.00450009
-0.20625000, -0.34375000, 0.55000000, -0.00541553
-0.13750000, -0.41250000, 0.55000000, -0.00599679
-0.06875000, -0.48125000, 0.55000000, -0.00596214
0.00000000, -0.55000000, 0.55000000, -0.00460830
0.06875000, -0.55000000, 0.48125000, -0.00679029
0.13750000, -0.55000000, 0.41250000, -0.00892888
0.20625000, -0.55000000, 0.34375000, -0.01045372
0.27500000, -0.55000000, 0.27500000, -0.01102302
0.34375000, -0.55000000, 0.20625000, -0.01050403
0.41250000, -0.55000000, 0.13750000, -0.00895444
0.48125000, -0.55000000, 0.06875000, -0.00668431
0.55000000, -0.55000000, 0.00000000, -0.00414551
0.55000000, -0.48125000, -0.06875000, -0.00436064
0.55000000, -0.41250000, -0.13750000, -0.00413237
0.55000000, -0.34375000, -0.20625000, -0.00369809
0.55000000, -0.27500000, -0.27500000, -0.00313970
0.55000000, -0.20625000, -0.34375000, -0.00251384
0.55000000, -0.13750000, -0.41250000, -0.00184197
0.55000000, -0.06875000, -0.48125000, -0.00117307
0.60000000, 0.00000000, -0.60000000, -0.00015982
0.52500000, 0.07500000, -0.60000000, -0.00048720
0.45000000, 0.15000000, -0.60000000, -0.00098026
0.37500000, 0.22500000, -0.60000000, -0.00155259
0.30000000, 0.30000000, -0.60000000, -0.00213428
0.22500000, 0.37500000, -0.60000000, -0.00263494
0.15000000, 0.45000000, -0.60000000, -0.00293994
0.07500000, 0.52500000, -0.60000000, -0.00288491
0.00000000, 0.60000000, -0.60000000, -0.00209104
-0.07500000, 0.60000000, -0.52500000, -0.00376362
-0.15000000, 0.60000000, -0.45000000, -0.00558083
-0.22500000, 0.60000000, -0.37500000, -0.00699898
-0.30000000, 0.60000000, -0.30000000, -0.00756807
-0.37500000, 0.60000000, -0.22500000, -0.00709632
-0.45000000, 0.60000000, -0.15000000, -0.00570381
-0.52500000, 0.60000000, -0.07500000, -0.00381613
-0.60000000, 0.60000000, 0.00000000, -0.00196324
-0.60000000, 0.52500000, 0.07500000, -0.00218858
-0.60000000, 0.45000000, 0.15000000, -0.00210227
-0.60000000, 0.37500000, 0.22500000, -0.00186948
-0.60000000, 0.30000000, 0.30000000, -0.00155111
-0.60000000, 0.22500000, 0.37500000, -0.00118602
-0.60000000, 0.15000000, 0.45000000, -0.00080100
-0.60000000, 0.07500000, 0.52500000, -0.00043845
-0.60000000, 0.00000000, 0.60000000, -0.00015982
-0.52500000, -0.07500000, 0.60000000, -0.00048720
-0.45000000, -0.15000000, 0.60000000, -0.00098026
-0.37500000, -0.22500000, 0.60000000, -0.00155259
-0.30000000, -0.30000000, 0.60000000, -0.00213428
-0.22500000, -0.37500000, 0.60000000, -0.00263494
-0.15000000, -0.45000000, 0.60000000, -0.00293994
-0.07500000, -0.52500000, 0.60000000, -0.00288491
0.00000000, -0.60000000, 0.60000000, -0.00209104
0.07500000, -0.60000000, 0.52500000, -0.00376362
0.15000000, -0.60000000, 0.45000000, -0.00558083
0.22500000, -0.60000000, 0.37500000, -0.00699898
0.30000000, -0.60000000, 0.30000000, -0.00756807
0.37500000, -0.60000000, 0.22500000, -0.00709632
0.45000000, -0.60000000, 0.15000000, -0.00570381
0.52500000, -0.60000000, 0.07500000, -0.00381613
0.60000000, -0.60000000, 0.00000000, -0.00196324
0.60000000, -0.52500000, -0.07500000, -0.00218858
0.60000000, -0.45000000, -0.15000000, -0.00210227
0.60000000, -0.37500000, -0.22500000, -0.00186948
0.60000000, -0.30000000, -0.30000000, -0.00155111
0.60000000, -0.22500000, -0.37500000, -0.00118602
0.60000000, -0.15000000, -0.45000000, -0.00080100
0.60000000, -0.07500000, -0.52500000, -0.00043845
0.65000000, 0.00000000, -0.65000000, -0.00002961
0.56875000, 0.08125000, -0.65000000, -0.00013785
0.48750000, 0.16250000, -0.65000000, -0.00032819
0.40625000, 0.24375000, -0.65000000, -0.00057207
0.32500000, 0.32500000, -0.65000000, -0.00083371
0.24375000, 0.40625000, -0.65000000, -0.00106608
0.16250000, 0.48750000, -0.65000000, -0.00120233
0.08125000, 0.56875000, -0.65000000, -0.00116311
0.00000000, 0.65000000, -0.65000000, -0.00078432
-0.08125000, 0.65000000, -0.56875000, -0.00184111
-0.16250000, 0.65000000, -0.48750000, -0.00317518
-0.24375000, 0.65000000, -0.40625000, -0.00433426
-0.32500000, 0.65000000, -0.32500000, -0.00482821
-0.40625000, 0.65000000, -0.24375000, -0.00442376
-0.48750000, 0.65000000, -0.16250000, -0.00329347
-0.56875000, 0.65000000, -0.08125000, -0.00191198
-0.65000000, 0.65000000, 0.00000000, -0.00076152
-0.65000000, 0.56875000, 0.08125000, -0.00091001
-0.65000000, 0.48750000, 0.16250000, -0.00089074
-0.65000000, 0.40625000, 0.24375000, -0.00078717
-0.65000000, 0.32500000, 0.32500000, -0.00063903
-0.65000000, 0.24375000, 0.40625000, -0.00045961
-0.65000000, 0.16250000, 0.48750000, -0.00028056
-0.65000000, 0.08125000, 0.56875000, -0.00012508
-0.65000000, 0.00000000, 0.65000000, -0.00002961
-0.56875000, -0.08125000, 0.65000000, -0.00013785
-0.48750000, -0.16250000, 0.65000000, -0.00032819
-0.40625000, -0.24375000, 0.65000000, -0.00057207
-0.32500000, -0.32500000, 0.65000000, -0.00083371
-0.24375000, -0.40625000, 0.65000000, -0.00106608
-0.16250000, -0.48750000, 0.65000000, -0.00120233
-0.08125000, -0.56875000, 0.65000000, -0.00116311
0.00000000, -0.65000000, 0.65000000, -0.00078432
0.08125000, -0.65000000, 0.56875000, -0.00184111
0.16250000, -0.65000000, 0.48750000, -0.00317518
0.24375000, -0.65000000, 0.40625000, -0.00433426
0.32500000, -0.65000000, 0.32500000, -0.00482821
0.40625000, -0.65000000, 0.24375000, -0.00442376
0.48750000, -0.65000000, 0.16250000, -0.00329347
0.56875000, -0.65000000, 0.08125000, -0.00191198
0.65000000, -0.65000000, 0.00000000, -0.00076152
0.65000000, -0.56875000, -0.08125000, -0.00091001
0.65000000, -0.48750000, -0.16250000, -0.00089074
0.65000000, -0.40625000, -0.24375000, -0.00078717
0.65000000, -0.32500000, -0.32500000, -0.00063903
0.65000000, -0.24375000, -0.40625000, -0.00045961
0.65000000, -0.16250000, -0.48750000, -0.00028056
0.65000000, -0.08125000, -0.56875000, -0.00012508
0.70000000, 0.00000000, -0.70000000, -0.00000359
0.61250000, 0.08750000, -0.70000000, -0.00002879
0.52500000, 0.17500000, -0.70000000, -0.00008229
0.43750000, 0.26250000, -0.70000000, -0.00016142
0.35000000, 0.35000000, -0.70000000, -0.00025534
0.26250000, 0.43750000, -0.70000000, -0.00034360
0.17500000, 0.52500000, -0.70000000, -0.00039451
0.08750000, 0.61250000, -0.70000000, -0.00037577
0.00000000, 0.70000000, -0.70000000, -0.00023509
-0.08750000, 0.70000000, -0.61250000, -0.00077813
-0.17500000, 0.70000000, -0.52500000, -0.00161158
-0.26250000, 0.70000000, -0.43750000, -0.00244002
-0.35000000, 0.70000000, -0.35000000, -0.00281636
-0.43750000, 0.70000000, -0.26250000, -0.00250978
-0.52500000, 0.70000000, -0.17500000, -0.00169710
-0.61250000, 0.70000000, -0.08750000, -0.00082601
-0.70000000, 0.70000000, 0.00000000, -0.00023569
-0.70000000, 0.61250000, 0.08750000, -0.00030021
-0.70000000, 0.52500000, 0.17500000, -0.00029895
-0.70000000, 0.43750000, 0.26250000, -0.00026284
-0.70000000, 0.35000000, 0.35000000, -0.00020990
-0.70000000, 0.26250000, 0.43750000, -0.00014287
-0.70000000, 0.17500000, 0.52500000, -0.00007902
-0.70000000, 0.08750000, 0.61250000, -0.00002758
-0.70000000, 0.00000000, 0.70000000, -0.00000359
-0.61250000, -0.08750000, 0.70000000, -0.00002879
-0.52500000, -0.17500000, 0.70000000, -0.00008229
-0.43750000, -0.26250000, 0.70000000, -0.00016142
-0.35000000, -0.35000000, 0.70000000, -0.00025534
-0.26250000, -0.43750000, 0.70000000, -0.00034360
-0.17500000, -0.52500000, 0.70000000, -0.00039451
-0.08750000, -0.61250000, 0.70000000, -0.00037577
0.00000000, -0.70000000, 0.70000000, -0.00023509
0.08750000, -0.70000000, 0.61250000, -0.00077813
0.17500000, -0.70000000, 0.52500000, -0.00161158
0.26250000, -0.70000000, 0.43750000, -0.00244002
0.35000000, -0.70000000, 0.35000000, -0.00281636
0.43750000, -0.70000000, 0.26250000, -0.00250978
0.52500000, -0.70000000, 0.17500000, -0.00169710
0.61250000, -0.70000000, 0.08750000, -0.00082601
0.70000000, -0.70000000, 0.00000000, -0.00023569
0.70000000, -0.61250000, -0.08750000, -0.00030021
0.70000000, -0.52500000, -0.17500000, -0.00029895
0.70000000, -0.43750000, -0.26250000, -0.00026284
0.70000000, -0.35000000, -0.35000000, -0.00020990
0.70000000, -0.26250000, -0.43750000, -0.00014287
0.70000000, -0.17500000, -0.52500000, -0.00007902
0.70000000, -0.08750000, -0.61250000, -0.00002758
0.75000000, 0.00000000, -0.75000000, 0.00000017
0.65625000, 0.09375000, -0.75000000, -0.00000398
0.56250000, 0.18750000, -0.75000000, -0.00001466
0.46875000, 0.28125000, -0.75000000, -0.00003219
0.37500000, 0.37500000, -0.75000000, -0.00005869
0.28125000, 0.46875000, -0.75000000, -0.00008567
0.18750000, 0.56250000, -0.75000000, -0.00010250
0.09375000, 0.65625000, -0.75000000, -0.00009647
0.00000000, 0.75000000, -0.75000000, -0.00005726
-0.09375000, 0.75000000, -0.65625000, -0.00027826
-0.18750000, 0.75000000, -0.56250000, -0.00070824
-0.28125000, 0.75000000, -0.46875000, -0.00121679
-0.37500000, 0.75000000, -0.37500000, -0.00146577
-0.46875000, 0.75000000, -0.28125000, -0.00126788
-0.56250000, 0.75000000, -0.18750000, -0.00076320
-0.65625000, 0.75000000, -0.09375000, -0.00030436
-0.75000000, 0.75000000, 0.00000000, -0.00006277
-0.75000000, 0.65625000, 0.09375000, -0.00007694
-0.75000000, 0.56250000, 0.18750000, -0.00007369
-0.75000000, 0.46875000, 0.28125000, -0.00006436
-0.75000000, 0.37500000, 0.37500000, -0.00005081
-0.75000000, 0.28125000, 0.46875000, -0.00003875
-0.75000000, 0.18750000, 0.56250000, -0.00002342
-0.75000000, 0.09375000, 0.65625000, -0.00000996
-0.75000000, 0.00000000, 0.75000000, 0.00000017
-0.65625000, -0.09375000, 0.75000000, -0.00000398
-0.56250000, -0.18750000, 0.75000000, -0.00001466
-0.46875000, -0.28125000, 0.75000000, -0.00003219
-0.37500000, -0.37500000, 0.75000000, -0.00005869
-0.28125000, -0.46875000, 0.75000000, -0.00008567
-0.18750000, -0.56250000, 0.75000000, -0.00010250
-0.09375000, -0.65625000, 0.75000000, -0.00009647
0.00000000, -0.75000000, 0.75000000, -0.00005726
0.09375000, -0.75000000, 0.65625000, -0.00027826
0.18750000, -0.75000000, 0.56250000, -0.00070824
0.28125000, -0.75000000, 0.46875000, -0.00121679
0.37500000, -0.75000000, 0.37500000, -0.00146577
0.46875000, -0.75000000, 0.28125000, -0.00126788
0.56250000, -0.75000000, 0.18750000, -0.00076320
0.65625000, -0.75000000, 0.09375000, -0.00030436
0.75000000, -0.75000000, 0.00000000, -0.00006277
0.75000000, -0.65625000, -0.09375000, -0.00007694
0.75000000, -0.56250000, -0.18750000, -0.00007369
0.75000000, -0.46875000, -0.28125000, -0.00006436
0.75000000, -0.37500000, -0.37500000, -0.00005081
0.75000000, -0.28125000, -0.46875000, -0.00003875
0.75000000, -0.18750000, -0.56250000, -0.00002342
0.75000000, -0.09375000, -0.65625000, -0.00000996
0.80000000, 0.00000000, -0.80000000, 0.00000045
0.70000000, 0.10000000, -0.80000000, 0.00000056
0.60000000, 0.20000000, -0.80000000, -0.00000055
0.50000000, 0.30000000, -0.80000000, -0.00000246
0.40000000, 0.40000000, -0.80000000, -0.00000844
0.30000000, 0.50000000, -0.80000000, -0.00001541
0.20000000, 0.60000000, -0.80000000, -0.00002050
0.10000000, 0.70000000, -0.80000000, -0.00001938
0.00000000, 0.80000000, -0.80000000, -0.00001171
-0.10000000, 0.80000000, -0.70000000, -0.00008189
-0.20000000, 0.80000000, -0.60000000, -0.00025879
-0.30000000, 0.80000000, -0.50000000, -0.00051837
-0.40000000, 0.80000000, -0.40000000, -0.00065698
-0.50000000, 0.80000000, -0.30000000, -0.00054683
-0.60000000, 0.80000000, -0.20000000, -0.00028574
-0.70000000, 0.80000000, -0.10000000, -0.00009215
-0.80000000, 0.80000000, 0.00000000, -0.00001484
-0.80000000, 0.70000000, 0.10000000, -0.00001492
-0.80000000, 0.60000000, 0.20000000, -0.00001145
-0.80000000, 0.50000000, 0.30000000, -0.00000960
-0.80000000, 0.40000000, 0.40000000, -0.00000734
-0.80000000, 0.30000000, 0.50000000, -0.00000959
-0.80000000, 0.20000000, 0.60000000, -0.00000766
-0.80000000, 0.10000000, 0.70000000, -0.00000495
-0.80000000, 0.00000000, 0.80000000, 0.00000045
-0.70000000, -0.10000000, 0.80000000, 0.00000056
-0.60000000, -0.20000000, 0.80000000, -0.00000055
-0.50000000, -0.30000000, 0.80000000, -0.00000246
-0.40000000, -0.40000000, 0.80000000, -0.00000844
-0.30000000, -0.50000000, 0.80000000, -0.00001541
-0.20000000, -0.60000000, 0.80000000, -0.00002050
-0.10000000, -0.70000000, 0.80000000, -0.00001938
0.00000000, -0.80000000, 0.80000000, -0.00001171
0.10000000, -0.80000000, 0.70000000, -0.00008189
0.20000000, -0.80000000, 0.60000000, -0.00025879
0.30000000, -0.80000000, 0.50000000, -0.00051837
0.40000000, -0.80000000, 0.40000000, -0.00065698
0.50000000, -0.80000000, 0.30000000, -0.00054683
0.60000000, -0.80000000, 0.20000000, -0.00028574
0.70000000, -0.80000000, 0.10000000, -0.00009215
0.80000000, -0.80000000, 0.00000000, -0.00001484
0.80000000, -0.70000000, -0.10000000, -0.00001492
0.80000000, -0.60000000, -0.20000000, -0.00001145
0.80000000, -0.50000000, -0.30000000, -0.00000960
0.80000000, -0.40000000, -0.40000000, -0.00000734
0.80000000, -0.30000000, -0.50000000, -0.00000959
0.80000000, -0.20000000, -0.60000000, -0.00000766
0.80000000, -0.10000000, -0.70000000, -0.00000495
0.85000000, 0.00000000, -0.85000000, -0.00000051
0.74375000, 0.10625000, -0.85000000, 0.00000057
0.63750000, 0.21250000, -0.85000000, 0.00000259
0.53125000, 0.31875000, -0.85000000, 0.00000320
0.42500000, 0.42500000, -0.85000000, 0.00000309
0.31875000, 0.53125000, -0.85000000, 0.00000181
0.21250000, 0.63750000, -0.85000000, 0.00000161
0.10625000, 0.74375000, -0.85000000, 0.00000163
0.00000000, 0.85000000, -0.85000000, 0.00000053
-0.10625000, 0.85000000, -0.74375000, -0.00001749
-0.21250000, 0.85000000, -0.63750000, -0.00007461
-0.31875000, 0.85000000, -0.53125000, -0.00017828
-0.42500000, 0.85000000, -0.42500000, -0.00023902
-0.53125000, 0.85000000, -0.31875000, -0.00018438
-0.63750000, 0.85000000, -0.21250000, -0.00007871
-0.74375000, 0.85000000, -0.10625000, -0.00001671
-0.85000000, 0.85000000, 0.00000000, 0.00000341
-0.85000000, 0.74375000, 0.10625000, 0.00000146
-0.85000000, 0.63750000, 0.21250000, 0.00000009
-0.85000000, 0.53125000, 0.31875000, 0.00000022
-0.85000000, 0.42500000, 0.42500000, -0.00000016
-0.85000000, 0.31875000, 0.53125000, 0.00000212
-0.85000000, 0.21250000, 0.63750000, 0.00000277
-0.85000000, 0.10625000, 0.74375000, 0.00000224
-0.85000000, 0.00000000, 0.85000000, -0.00000051
-0.74375000, -0.10625000, 0.85000000, 0.00000057
-0.63750000, -0.21250000, 0.85000000, 0.00000259
-0.53125000, -0.31875000, 0.85000000, 0.00000320
-0.42500000, -0.42500000, 0.85000000, 0.00000309
-0.31875000, -0.53125000, 0.85000000, 0.00000181
-0.21250000, -0.63750000, 0.85000000, 0.00000161
-0.10625000, -0.74375000, 0.85000000, 0.00000163
0.00000000, -0.85000000, 0.85000000, 0.00000053
0.10625000, -0.85000000, 0.74375000, -0.00001749
0.21250000, -0.85000000, 0.63750000, -0.00007461
0.31875000, -0.85000000, 0.53125000, -0.00017828
0.42500000, -0.85000000, 0.42500000, -0.00023902
0.53125000, -0.85000000, 0.31875000, -0.00018438
0.63750000, -0.85000000, 0.21250000, -0.00007871
0.74375000, -0.85000000, 0.10625000, -0.00001671
0.85000000, -0.85000000, 0.00000000, 0.00000341
0.85000000, -0.74375000, -0.10625000, 0.00000146
0.85000000, -0.63750000, -0.21250000, 0.00000009
0.85000000, -0.53125000, -0.31875000, 0.00000022
0.85000000, -0.42500000, -0.42500000, -0.00000016
0.85000000, -0.31875000, -0.53125000, 0.00000212
0.85000000, -0.21250000, -0.63750000, 0.00000277
0.85000000, -0.10625000, -0.74375000, 0.00000224
0.90000000, 0.00000000, -0.90000000, -0.00000021
0.78750000, 0.11250000, -0.90000000, -0.00000022
0.67500000, 0.22500000, -0.90000000, 0.00000070
0.56250000, 0.33750000, -0.90000000, 0.00000100
0.45000000, 0.45000000, -0.90000000, 0.00000157
0.33750000, 0.56250000, -0.90000000, 0.00000165
0.22500000, 0.67500000, -0.90000000, 0.00000223
0.11250000, 0.78750000, -0.90000000, 0.00000219
0.00000000, 0.90000000, -0.90000000, 0.00000070
-0.11250000, 0.90000000, -0.78750000, -0.00000182
-0.22500000, 0.90000000, -0.67500000, -0.00001432
-0.33750000, 0.90000000, -0.56250000, -0.00004170
-0.45000000, 0.90000000, -0.45000000, -0.00005951
-0.56250000, 0.90000000, -0.33750000, -0.00004126
-0.67500000, 0.90000000, -0.22500000, -0.00001293
-0.78750000, 0.90000000, -0.11250000, -0.00000005
-0.90000000, 0.90000000, 0.00000000, 0.00000254
-0.90000000, 0.78750000, 0.11250000, 0.00000189
-0.90000000, 0.67500000, 0.22500000, 0.00000025
-0.90000000, 0.56250000, 0.33750000, 0.00000007
-0.90000000, 0.45000000, 0.45000000, -0.00000047
-0.90000000, 0.33750000, 0.56250000, 0.00000207
-0.90000000, 0.22500000, 0.67500000, 0.00000255
-0.90000000, 0.11250000, 0.78750000, 0.00000232
-0.90000000, 0.00000000, 0.90000000, -0.00000021
-0.78750000, -0.11250000, 0.90000000, -0.00000022
-0.67500000, -0.22500000, 0.90000000, 0.00000070
-0.56250000, -0.33750000, 0.90000000, 0.00000100
-0.45000000, -0.45000000, 0.90000000, 0.00000157
-0.33750000, -0.56250000, 0.90000000, 0.00000165
-0.22500000, -0.67500000, 0.90000000, 0.00000223
-0.11250000, -0.78750000, 0.90000000, 0.00000219
0.00000000, -0.90000000, 0.90000000, 0.00000070
0.11250000, -0.90000000, 0.78750000, -0.00000182
0.22500000, -0.90000000, 0.67500000, -0.00001432
0.33750000, -0.90000000, 0.56250000, -0.00004170
0.45000000, -0.90000000, 0.45000000, -0.00005951
0.56250000, -0.90000000, 0.33750000, -0.00004126
0.67500000, -0.90000000, 0.22500000, -0.00001293
0.78750000, -0.90000000, 0.11250000, -0.00000005
0.90000000, -0.90000000, 0.00000000, 0.00000254
0.90000000, -0.78750000, -0.11250000, 0.00000189
0.90000000, -0.67500000, -0.22500000, 0.00000025
0.90000000, -0.56250000, -0.33750000, 0.00000007
0.90000000, -0.45000000, -0.45000000, -0.00000047
0.90000000, -0.33750000, -0.56250000, 0.00000207
0.90000000, -0.22500000, -0.67500000, 0.00000255
0.90000000, -0.11250000, -0.78750000, 0.00000232
0.95000000, 0.00000000, -0.95000000, 0.00000049
0.83125000, 0.11875000, -0.95000000, 0.00000016
0.71250000, 0.23750000, -0.95000000, -0.00000117
0.59375000, 0.35625000, -0.95000000, -0.00000159
0.47500000, 0.47500000, -0.95000000, -0.00000234
0.35625000, 0.59375000, -0.95000000, -0.00000263
0.23750000, 0.71250000, -0.95000000, -0.00000336
0.11875000, 0.83125000, -0.95000000, -0.00000332
0.00000000, 0.95000000, -0.95000000, -0.00000186
-0.11875000, 0.95000000, -0.83125000, -0.00000110
-0.23750000, 0.95000000, -0.71250000, 0.00000020
-0.35625000, 0.95000000, -0.59375000, -0.00000185
-0.47500000, 0.95000000, -0.47500000, -0.00000382
-0.59375000, 0.95000000, -0.35625000, -0.00000540
-0.71250000, 0.95000000, -0.23750000, -0.00000315
-0.83125000, 0.95000000, -0.11875000, -0.00000329
-0.95000000, 0.95000000, 0.00000000, -0.00000463
-0.95000000, 0.83125000, 0.11875000, -0.00000264
-0.95000000, 0.71250000, 0.23750000, -0.00000082
-0.95000000, 0.59375000, 0.35625000, -0.00000065
-0.95000000, 0.47500000, 0.47500000, -0.00000024
-0.95000000, 0.35625000, 0.59375000, -0.00000272
-0.95000000, 0.23750000, 0.71250000, -0.00000299
-0.95000000, 0.11875000, 0.83125000, -0.00000226
-0.95000000, 0.00000000, 0.95000000, 0.00000049
-0.83125000, -0.11875000, 0.95000000, 0.00000016
-0.71250000, -0.23750000, 0.95000000, -0.00000117
-0.59375000, -0.35625000, 0.95000000, -0.00000159
-0.47500000, -0.47500000, 0.95000000, -0.00000234
-0.35625000, -0.59375000, 0.95000000, -0.00000263
-0.23750000, -0.71250000, 0.95000000, -0.00000336
-0.11875000, -0.83125000, 0.95000000, -0.00000332
0.00000000, -0.95000000, 0.95000000, -0.00000186
0.11875000, -0.95000000, 0.83125000, -0.00000110
0.23750000, -0.95000000, 0.71250000, 0.00000020
0.35625000, -0.95000000, 0.59375000, -0.00000185
0.47500000, -0.95000000, 0.47500000, -0.00000382
0.59375000, -0.95000000, 0.35625000, -0.00000540
0.71250000, -0.95000000, 0.23750000, -0.00000315
0.83125000, -0.95000000, 0.11875000, -0.00000329
0.95000000, -0.95000000, 0.00000000, -0.00000463
0.95000000, -0.83125000, -0.11875000, -0.00000264
0.95000000, -0.71250000, -0.23750000, -0.00000082
0.95000000, -0.59375000, -0.35625000, -0.00000065
0.95000000, -0.47500000, -0.47500000, -0.00000024
0.95000000, -0.35625000, -0.59375000, -0.00000272
0.95000000, -0.23750000, -0.71250000, -0.00000299
0.95000000, -0.11875000, -0.83125000, -0.00000226
1.00000000, 0.00000000, -1.00000000, 0.00000000
0.87500000, 0.12500000, -1.00000000, 0.00000000
0.75000000, 0.25000000, -1.00000000, 0.00000000
0.62500000, 0.37500000, -1.00000000, 0.00000000
0.50000000, 0.50000000, -1.00000000, 0.00000000
0.37500000, 0.62500000, -1.00000000, 0.00000000
0.25000000, 0.75000000, -1.00000000, 0.00000000
0.12500000, 0.87500000, -1.00000000, 0.00000000
0.00000000, 1.00000000, -1.00000000, 0.00000000
-0.12500000, 1.00000000, -0.87500000, 0.00000000
-0.25000000, 1.00000000, -0.75000000, 0.00000000
-0.37500000, 1.00000000, -0.62500000, 0.00000000
-0.50000000, 1.00000000, -0.50000000, 0.00000000
-0.62500000, 1.00000000, -0.37500000, 0.00000000
-0.75000000, 1.00000000, -0.25000000, 0.00000000
-0.87500000, 1.00000000, -0.12500000, 0.00000000
-1.00000000, 1.00000000, 0.00000000, 0.00000000
-1.00000000, 0.87500000, 0.12500000, 0.00000000
-1.00000000, 0.75000000, 0.25000000, 0.00000000
-1.00000000, 0.62500000, 0.37500000, 0.00000000
-1.00000000, 0.50000000, 0.50000000, 0.00000000
-1.00000000, 0.37500000, 0.62500000, 0.00000000
-1.00000000, 0.25000000, 0.75000000, 0.00000000
-1.00000000, 0.12500000, 0.87500000, 0.00000000
-1.00000000, 0.00000000, 1.00000000, 0.00000000
-0.87500000, -0.12500000, 1.00000000, 0.00000000
-0.75000000, -0.25000000, 1.00000000, 0.00000000
-0.62500000, -0.37500000, 1.00000000, 0.00000000
-0.50000000, -0.50000000, 1.00000000, 0.00000000
-0.37500000, -0.62500000, 1.00000000, 0.00000000
-0.25000000, -0.75000000, 1.00000000, 0.00000000
-0.12500000, -0.87500000, 1.00000000, 0.00000000
0.00000000, -1.00000000, 1.00000000, 0.00000000
0.12500000, -1.00000000, 0.87500000, 0.00000000
0.25000000, -1.00000000, 0.75000000, 0.00000000
0.37500000, -1.00000000, 0.62500000, 0.00000000
0.50000000, -1.00000000, 0.50000000, 0.00000000
0.62500000, -1.00000000, 0.37500000, 0.00000000
0.75000000, -1.00000000, 0.25000000, 0.00000000
0.87500000, -1.00000000, 0.12500000, 0.00000000
1.00000000, -1.00000000, 0.00000000, 0.00000000
1.00000000, -0.87500000, -0.12500000, 0.00000000
1.00000000, -0.75000000, -0.25000000, 0.00000000
1.00000000, -0.62500000, -0.37500000, 0.00000000
1.00000000, -0.50000000, -0.50000000, 0.00000000
1.00000000, -0.37500000, -0.62500000, 0.00000000
1.00000000, -0.25000000, -0.75000000, 0.00000000
1.00000000, -0.12500000, -0.87500000, 0.00000000
