0.01000000, 0.00000000, -0.01000000, -0.02486865
0.00000000, 0.01000000, -0.01000000, -0.02716139
-0.00125000, 0.01000000, -0.00875000, 0.13094003
-0.00250000, 0.01000000, -0.00750000, 0.24380714
-0.00375000, 0.01000000, -0.00625000, 0.31113020
-0.00500000, 0.01000000, -0.00500000, 0.33392859
-0.00625000, 0.01000000, -0.00375000, 0.31101772
-0.00750000, 0.01000000, -0.00250000, 0.24428703
-0.00875000, 0.01000000, -0.00125000, 0.13145308
-0.01000000, 0.01000000, 0.00000000, -0.02565138
-0.01000000, 0.00875000, 0.00125000, -0.02543040
-0.01000000, 0.00750000, 0.00250000, -0.02499233
-0.01000000, 0.00625000, 0.00375000, -0.02506145
-0.01000000, 0.00500000, 0.00500000, -0.02469433
-0.01000000, 0.00375000, 0.00625000, -0.02506739
-0.01000000, 0.00250000, 0.00750000, -0.02456817
-0.01000000, 0.00125000, 0.00875000, -0.02492143
-0.01000000, 0.00000000, 0.01000000, -0.02486865
0.00000000, -0.01000000, 0.01000000, -0.02716139
0.00125000, -0.01000000, 0.00875000, 0.13094003
0.00250000, -0.01000000, 0.00750000, 0.24380714
0.00375000, -0.01000000, 0.00625000, 0.31113020
0.00500000, -0.01000000, 0.00500000, 0.33392859
0.00625000, -0.01000000, 0.00375000, 0.31101772
0.00750000, -0.01000000, 0.00250000, 0.24428703
0.00875000, -0.01000000, 0.00125000, 0.13145308
0.01000000, -0.01000000, 0.00000000, -0.02565138
0.01000000, -0.00875000, -0.00125000, -0.02543040
0.01000000, -0.00750000, -0.00250000, -0.02499233
0.01000000, -0.00625000, -0.00375000, -0.02506145
0.01000000, -0.00500000, -0.00500000, -0.02469433
0.01000000, -0.00375000, -0.00625000, -0.02506739
0.01000000, -0.00250000, -0.00750000, -0.02456817
0.01000000, -0.00125000, -0.00875000, -0.02492143
0.02000000, 0.00000000, -0.02000000, -0.02228471
0.01750000, 0.00250000, -0.02000000, -0.02307320
0.01500000, 0.00500000, -0.02000000, -0.02378527
0.01250000, 0.00750000, -0.02000000, -0.02487686
0.01000000, 0.01000000, -0.02000000, -0.02557836
0.00750000, 0.01250000, -0.02000000, -0.02653337
0.00500000, 0.01500000, -0.02000000, -0.02719014
0.00250000, 0.01750000, -0.02000000, -0.02743020
0.00000000, 0.02000000, -0.02000000, -0.02651688
-0.00250000, 0.02000000, -0.01750000, 0.05359823
-0.00500000, 0.02000000, -0.01500000, 0.11061627
-0.00750000, 0.02000000, -0.01250000, 0.14440396
-0.01000000, 0.02000000, -0.01000000, 0.15605804
-0.01250000, 0.02000000, -0.00750000, 0.14459100
-0.01500000, 0.02000000, -0.00500000, 0.11063307
-0.01750000, 0.02000000, -0.00250000, 0.05406524
-0.02000000, 0.02000000, 0.00000000, -0.02500732
-0.02000000, 0.01750000, 0.00250000, -0.02429708
-0.02000000, 0.01500000, 0.00500000, -0.02357730
-0.02000000, 0.01250000, 0.00750000, -0.02333689
-0.02000000, 0.01000000, 0.01000000, -0.02270866
-0.02000000, 0.00750000, 0.01250000, -0.02253809
-0.02000000, 0.00500000, 0.01500000, -0.02241447
-0.02000000, 0.00250000, 0.01750000, -0.02234840
-0.02000000, 0.00000000, 0.02000000, -0.02228471
-0.01750000, -0.00250000, 0.02000000, -0.02307320
-0.01500000, -0.00500000, 0.02000000, -0.02378527
-0.01250000, -0.00750000, 0.02000000, -0.02487686
-0.01000000, -0.01000000, 0.02000000, -0.02557836
-0.00750000, -0.01250000, 0.02000000, -0.02653337
-0.00500000, -0.01500000, 0.02000000, -0.02719014
-0.00250000, -0.01750000, 0.02000000, -0.02743020
0.00000000, -0.02000000, 0.02000000, -0.02651688
0.00250000, -0.02000000, 0.01750000, 0.05359823
0.00500000, -0.02000000, 0.01500000, 0.11061627
0.00750000, -0.02000000, 0.01250000, 0.14440396
0.01000000, -0.02000000, 0.01000000, 0.15605804
0.01250000, -0.02000000, 0.00750000, 0.14459100
0.01500000, -0.02000000, 0.00500000, 0.11063307
0.01750000, -0.02000000, 0.00250000, 0.05406524
0.02000000, -0.02000000, 0.00000000, -0.02500732
0.02000000, -0.01750000, -0.00250000, -0.02429708
0.02000000, -0.01500000, -0.00500000, -0.02357730
0.02000000, -0.01250000, -0.00750000, -0.02333689
0.02000000, -0.01000000, -0.01000000, -0.02270866
0.02000000, -0.00750000, -0.01250000, -0.02253809
0.02000000, -0.00500000, -0.01500000, -0.02241447
0.02000000, -0.00250000, -0.01750000, -0.02234840
0.03000000, 0.00000000, -0.03000000, -0.02067513
0.02625000, 0.00375000, -0.03000000, -0.02145662
0.02250000, 0.00750000, -0.03000000, -0.02230964
0.01875000, 0.01125000, -0.03000000, -0.02345945
0.01500000, 0.01500000, -0.03000000, -0.02457414
0.01125000, 0.01875000, -0.03000000, -0.02563122
0.00750000, 0.02250000, -0.03000000, -0.02656889
0.00375000, 0.02625000, -0.03000000, -0.02716680
0.00000000, 0.03000000, -0.03000000, -0.02673588
-0.00375000, 0.03000000, -0.02625000, 0.02748697
-0.00750000, 0.03000000, -0.02250000, 0.06603284
-0.01125000, 0.03000000, -0.01875000, 0.08884697
-0.01500000, 0.03000000, -0.01500000, 0.09651694
-0.01875000, 0.03000000, -0.01125000, 0.08894669
-0.02250000, 0.03000000, -0.00750000, 0.06615739
-0.02625000, 0.03000000, -0.00375000, 0.02821636
-0.03000000, 0.03000000, 0.00000000, -0.02471518
-0.03000000, 0.02625000, 0.00375000, -0.02354679
-0.03000000, 0.02250000, 0.00750000, -0.02258976
-0.03000000, 0.01875000, 0.01125000, -0.02207247
-0.03000000, 0.01500000, 0.01500000, -0.02157542
-0.03000000, 0.01125000, 0.01875000, -0.02115951
-0.03000000, 0.00750000, 0.02250000, -0.02084847
-0.03000000, 0.00375000, 0.02625000, -0.02070937
-0.03000000, 0.00000000, 0.03000000, -0.02067513
-0.02625000, -0.00375000, 0.03000000, -0.02145662
-0.02250000, -0.00750000, 0.03000000, -0.02230964
-0.01875000, -0.01125000, 0.03000000, -0.02345945
-0.01500000, -0.01500000, 0.03000000, -0.02457414
-0.01125000, -0.01875000, 0.03000000, -0.02563122
-0.00750000, -0.02250000, 0.03000000, -0.02656889
-0.00375000, -0.02625000, 0.03000000, -0.02716680
0.00000000, -0.03000000, 0.03000000, -0.02673588
0.00375000, -0.03000000, 0.02625000, 0.02748697
0.00750000, -0.03000000, 0.02250000, 0.06603284
0.01125000, -0.03000000, 0.01875000, 0.08884697
0.01500000, -0.03000000, 0.01500000, 0.09651694
0.01875000, -0.03000000, 0.01125000, 0.08894669
0.02250000, -0.03000000, 0.00750000, 0.06615739
0.02625000, -0.03000000, 0.00375000, 0.02821636
0.03000000, -0.03000000, 0.00000000, -0.02471518
0.03000000, -0.02625000, -0.00375000, -0.02354679
0.03000000, -0.02250000, -0.00750000, -0.02258976
0.03000000, -0.01875000, -0.01125000, -0.02207247
0.03000000, -0.01500000, -0.01500000, -0.02157542
0.03000000, -0.01125000, -0.01875000, -0.02115951
0.03000000, -0.00750000, -0.02250000, -0.02084847
0.03000000, -0.00375000, -0.02625000, -0.02070937
0.04000000, 0.00000000, -0.04000000, -0.01954464
0.03500000, 0.00500000, -0.04000000, -0.02036111
0.03000000, 0.01000000, -0.04000000, -0.02140121
0.02500000, 0.01500000, -0.04000000, -0.02263631
0.02000000, 0.02000000, -0.04000000, -0.02395832
0.01500000, 0.02500000, -0.04000000, -0.02529912
0.01000000, 0.03000000, -0.04000000, -0.02653621
0.00500000, 0.03500000, -0.04000000, -0.02749244
0.00000000, 0.04000000, -0.04000000, -0.02745550
-0.00500000, 0.04000000, -0.03500000, 0.01397937
-0.01000000, 0.04000000, -0.03000000, 0.04326988
-0.01500000, 0.04000000, -0.02500000, 0.06076985
-0.02000000, 0.04000000, -0.02000000, 0.06665201
-0.02500000, 0.04000000, -0.01500000, 0.06096875
-0.03000000, 0.04000000, -0.01000000, 0.04377697
-0.03500000, 0.04000000, -0.00500000, 0.01514904
-0.04000000, 0.04000000, 0.00000000, -0.02465181
-0.04000000, 0.03500000, 0.00500000, -0.02304729
-0.04000000, 0.03000000, 0.01000000, -0.02197372
-0.04000000, 0.02500000, 0.01500000, -0.02117223
-0.04000000, 0.02000000, 0.02000000, -0.02056277
-0.04000000, 0.01500000, 0.02500000, -0.02009821
-0.04000000, 0.01000000, 0.03000000, -0.01976522
-0.04000000, 0.00500000, 0.03500000, -0.01955696
-0.04000000, 0.00000000, 0.04000000, -0.01954464
-0.03500000, -0.00500000, 0.04000000, -0.02036111
-0.03000000, -0.01000000, 0.04000000, -0.02140121
-0.02500000, -0.01500000, 0.04000000, -0.02263631
-0.02000000, -0.02000000, 0.04000000, -0.02395832
-0.01500000, -0.02500000, 0.04000000, -0.02529912
-0.01000000, -0.03000000, 0.04000000, -0.02653621
-0.00500000, -0.03500000, 0.04000000, -0.02749244
0.00000000, -0.04000000, 0.04000000, -0.02745550
0.00500000, -0.04000000, 0.03500000, 0.01397937
0.01000000, -0.04000000, 0.03000000, 0.04326988
0.01500000, -0.04000000, 0.02500000, 0.06076985
0.02000000, -0.04000000, 0.02000000, 0.06665201
0.02500000, -0.04000000, 0.01500000, 0.06096875
0.03000000, -0.04000000, 0.01000000, 0.04377697
0.03500000, -0.04000000, 0.00500000, 0.01514904
0.04000000, -0.04000000, 0.00000000, -0.02465181
0.04000000, -0.03500000, -0.00500000, -0.02304729
0.04000000, -0.03000000, -0.01000000, -0.02197372
0.04000000, -0.02500000, -0.01500000, -0.02117223
0.04000000, -0.02000000, -0.02000000, -0.02056277
0.04000000, -0.01500000, -0.02500000, -0.02009821
0.04000000, -0.01000000, -0.03000000, -0.01976522
0.04000000, -0.00500000, -0.03500000, -0.01955696
0.05000000, 0.00000000, -0.05000000, -0.01871754
0.04375000, 0.00625000, -0.05000000, -0.01959002
0.03750000, 0.01250000, -0.05000000, -0.02075938
0.03125000, 0.01875000, -0.05000000, -0.02216397
0.02500000, 0.02500000, -0.05000000, -0.02370411
0.01875000, 0.03125000, -0.05000000, -0.02528552
0.01250000, 0.03750000, -0.05000000, -0.02682820
0.00625000, 0.04375000, -0.05000000, -0.02813262
0.00000000, 0.05000000, -0.05000000, -0.02850207
-0.00625000, 0.05000000, -0.04375000, 0.00536690
-0.01250000, 0.05000000, -0.03750000, 0.02926294
-0.01875000, 0.05000000, -0.03125000, 0.04356367
-0.02500000, 0.05000000, -0.02500000, 0.04843548
-0.03125000, 0.05000000, -0.01875000, 0.04395607
-0.03750000, 0.05000000, -0.01250000, 0.03015259
-0.04375000, 0.05000000, -0.00625000, 0.00714332
-0.05000000, 0.05000000, 0.00000000, -0.02471959
-0.05000000, 0.04375000, 0.00625000, -0.02272769
-0.05000000, 0.03750000, 0.01250000, -0.02144619
-0.05000000, 0.03125000, 0.01875000, -0.02049571
-0.05000000, 0.02500000, 0.02500000, -0.01978323
-0.05000000, 0.01875000, 0.03125000, -0.01923294
-0.05000000, 0.01250000, 0.03750000, -0.01888354
-0.05000000, 0.00625000, 0.04375000, -0.01865812
-0.05000000, 0.00000000, 0.05000000, -0.01871754
-0.04375000, -0.00625000, 0.05000000, -0.01959002
-0.03750000, -0.01250000, 0.05000000, -0.02075938
-0.03125000, -0.01875000, 0.05000000, -0.02216397
-0.02500000, -0.02500000, 0.05000000, -0.02370411
-0.01875000, -0.03125000, 0.05000000, -0.02528552
-0.01250000, -0.03750000, 0.05000000, -0.02682820
-0.00625000, -0.04375000, 0.05000000, -0.02813262
0.00000000, -0.05000000, 0.05000000, -0.02850207
0.00625000, -0.05000000, 0.04375000, 0.00536690
0.01250000, -0.05000000, 0.03750000, 0.02926294
0.01875000, -0.05000000, 0.03125000, 0.04356367
0.02500000, -0.05000000, 0.02500000, 0.04843548
0.03125000, -0.05000000, 0.01875000, 0.04395607
0.03750000, -0.05000000, 0.01250000, 0.03015259
0.04375000, -0.05000000, 0.00625000, 0.00714332
0.05000000, -0.05000000, 0.00000000, -0.02471959
0.05000000, -0.04375000, -0.00625000, -0.02272769
0.05000000, -0.03750000, -0.01250000, -0.02144619
0.05000000, -0.03125000, -0.01875000, -0.02049571
0.05000000, -0.02500000, -0.02500000, -0.01978323
0.05000000, -0.01875000, -0.03125000, -0.01923294
0.05000000, -0.01250000, -0.03750000, -0.01888354
0.05000000, -0.00625000, -0.04375000, -0.01865812
0.06000000, 0.00000000, -0.06000000, -0.01811928
0.05250000, 0.00750000, -0.06000000, -0.01904433
0.04500000, 0.01500000, -0.06000000, -0.02034142
0.03750000, 0.02250000, -0.06000000, -0.02191654
0.03000000, 0.03000000, -0.06000000, -0.02368672
0.02250000, 0.03750000, -0.06000000, -0.02556561
0.01500000, 0.04500000, -0.06000000, -0.02743736
0.00750000, 0.05250000, -0.06000000, -0.02909562
0.00000000, 0.06000000, -0.06000000, -0.02980905
-0.00750000, 0.06000000, -0.05250000, -0.00084239
-0.01500000, 0.06000000, -0.04500000, 0.01952584
-0.02250000, 0.06000000, -0.03750000, 0.03175212
-0.03000000, 0.06000000, -0.03000000, 0.03600343
-0.03750000, 0.06000000, -0.02250000, 0.03232604
-0.04500000, 0.06000000, -0.01500000, 0.02081638
-0.05250000, 0.06000000, -0.00750000, 0.00158480
-0.06000000, 0.06000000, 0.00000000, -0.02490392
-0.06000000, 0.05250000, 0.00750000, -0.02250924
-0.06000000, 0.04500000, 0.01500000, -0.02102215
-0.06000000, 0.03750000, 0.02250000, -0.01993543
-0.06000000, 0.03000000, 0.03000000, -0.01913010
-0.06000000, 0.02250000, 0.03750000, -0.01857160
-0.06000000, 0.01500000, 0.04500000, -0.01820552
-0.06000000, 0.00750000, 0.05250000, -0.01802340
-0.06000000, 0.00000000, 0.06000000, -0.01811928
-0.05250000, -0.00750000, 0.06000000, -0.01904433
-0.04500000, -0.01500000, 0.06000000, -0.02034142
-0.03750000, -0.02250000, 0.06000000, -0.02191654
-0.03000000, -0.03000000, 0.06000000, -0.02368672
-0.02250000, -0.03750000, 0.06000000, -0.02556561
-0.01500000, -0.04500000, 0.06000000, -0.02743736
-0.00750000, -0.05250000, 0.06000000, -0.02909562
0.00000000, -0.06000000, 0.06000000, -0.02980905
0.00750000, -0.06000000, 0.05250000, -0.00084239
0.01500000, -0.06000000, 0.04500000, 0.01952584
0.02250000, -0.06000000, 0.03750000, 0.03175212
0.03000000, -0.06000000, 0.03000000, 0.03600343
0.03750000, -0.06000000, 0.02250000, 0.03232604
0.04500000, -0.06000000, 0.01500000, 0.02081638
0.05250000, -0.06000000, 0.00750000, 0.00158480
0.06000000, -0.06000000, 0.00000000, -0.02490392
0.06000000, -0.05250000, -0.00750000, -0.02250924
0.06000000, -0.04500000, -0.01500000, -0.02102215
0.06000000, -0.03750000, -0.02250000, -0.01993543
0.06000000, -0.03000000, -0.03000000, -0.01913010
0.06000000, -0.02250000, -0.03750000, -0.01857160
0.06000000, -0.01500000, -0.04500000, -0.01820552
0.06000000, -0.00750000, -0.05250000, -0.01802340
0.07000000, 0.00000000, -0.07000000, -0.01767642
0.06125000, 0.00875000, -0.07000000, -0.01866025
0.05250000, 0.01750000, -0.07000000, -0.02010604
0.04375000, 0.02625000, -0.07000000, -0.02186695
0.03500000, 0.03500000, -0.07000000, -0.02386623
0.02625000, 0.04375000, -0.07000000, -0.02601901
0.01750000, 0.05250000, -0.07000000, -0.02820168
0.00875000, 0.06125000, -0.07000000, -0.03021842
0.00000000, 0.07000000, -0.07000000, -0.03132325
-0.00875000, 0.07000000, -0.06125000, -0.00575165
-0.01750000, 0.07000000, -0.05250000, 0.01212537
-0.02625000, 0.07000000, -0.04375000, 0.02292981
-0.03500000, 0.07000000, -0.03500000, 0.02678197
-0.04375000, 0.07000000, -0.02625000, 0.02374909
-0.05250000, 0.07000000, -0.01750000, 0.01392214
-0.06125000, 0.07000000, -0.00875000, -0.00256986
-0.07000000, 0.07000000, 0.00000000, -0.02516614
-0.07000000, 0.06125000, 0.00875000, -0.02238659
-0.07000000, 0.05250000, 0.01750000, -0.02072632
-0.07000000, 0.04375000, 0.02625000, -0.01951238
-0.07000000, 0.03500000, 0.03500000, -0.01862811
-0.07000000, 0.02625000, 0.04375000, -0.01802410
-0.07000000, 0.01750000, 0.05250000, -0.01765455
-0.07000000, 0.00875000, 0.06125000, -0.01752354
-0.07000000, 0.00000000, 0.07000000, -0.01767642
-0.06125000, -0.00875000, 0.07000000, -0.01866025
-0.05250000, -0.01750000, 0.07000000, -0.02010604
-0.04375000, -0.02625000, 0.07000000, -0.02186695
-0.03500000, -0.03500000, 0.07000000, -0.02386623
-0.02625000, -0.04375000, 0.07000000, -0.02601901
-0.01750000, -0.05250000, 0.07000000, -0.02820168
-0.00875000, -0.06125000, 0.07000000, -0.03021842
0.00000000, -0.07000000, 0.07000000, -0.03132325
0.00875000, -0.07000000, 0.06125000, -0.00575165
0.01750000, -0.07000000, 0.05250000, 0.01212537
0.02625000, -0.07000000, 0.04375000, 0.02292981
0.03500000, -0.07000000, 0.03500000, 0.02678197
0.04375000, -0.07000000, 0.02625000, 0.02374909
0.05250000, -0.07000000, 0.01750000, 0.01392214
0.06125000, -0.07000000, 0.00875000, -0.00256986
0.07000000, -0.07000000, 0.00000000, -0.02516614
0.07000000, -0.06125000, -0.00875000, -0.02238659
0.07000000, -0.05250000, -0.01750000, -0.02072632
0.07000000, -0.04375000, -0.02625000, -0.01951238
0.07000000, -0.03500000, -0.03500000, -0.01862811
0.07000000, -0.02625000, -0.04375000, -0.01802410
0.07000000, -0.01750000, -0.05250000, -0.01765455
0.07000000, -0.00875000, -0.06125000, -0.01752354
0.08000000, 0.00000000, -0.08000000, -0.01736656
0.07000000, 0.01000000, -0.08000000, -0.01841801
0.06000000, 0.02000000, -0.08000000, -0.02000919
0.05000000, 0.03000000, -0.08000000, -0.02196115
0.04000000, 0.04000000, -0.08000000, -0.02419593
0.03000000, 0.05000000, -0.08000000, -0.02661503
0.02000000, 0.06000000, -0.08000000, -0.02911243
0.01000000, 0.07000000, -0.08000000, -0.03148986
0.00000000, 0.08000000, -0.08000000, -0.03299705
-0.01000000, 0.08000000, -0.07000000, -0.00991017
-0.02000000, 0.08000000, -0.06000000, 0.00616548
-0.03000000, 0.08000000, -0.05000000, 0.01595134
-0.04000000, 0.08000000, -0.04000000, 0.01954276
-0.05000000, 0.08000000, -0.03000000, 0.01704050
-0.06000000, 0.08000000, -0.02000000, 0.00851140
-0.07000000, 0.08000000, -0.01000000, -0.00588499
-0.08000000, 0.08000000, 0.00000000, -0.02549867
-0.08000000, 0.07000000, 0.01000000, -0.02235872
-0.08000000, 0.06000000, 0.02000000, -0.02052514
-0.08000000, 0.05000000, 0.03000000, -0.01919284
-0.08000000, 0.04000000, 0.04000000, -0.01823774
-0.08000000, 0.03000000, 0.05000000, -0.01758129
-0.08000000, 0.02000000, 0.06000000, -0.01721725
-0.08000000, 0.01000000, 0.07000000, -0.01713089
-0.08000000, 0.00000000, 0.08000000, -0.01736656
-0.07000000, -0.01000000, 0.08000000, -0.01841801
-0.06000000, -0.02000000, 0.08000000, -0.02000919
-0.05000000, -0.03000000, 0.08000000, -0.02196115
-0.04000000, -0.04000000, 0.08000000, -0.02419593
-0.03000000, -0.05000000, 0.08000000, -0.02661503
-0.02000000, -0.06000000, 0.08000000, -0.02911243
-0.01000000, -0.07000000, 0.08000000, -0.03148986
0.00000000, -0.08000000, 0.08000000, -0.03299705
0.01000000, -0.08000000, 0.07000000, -0.00991017
0.02000000, -0.08000000, 0.06000000, 0.00616548
0.03000000, -0.08000000, 0.05000000, 0.01595134
0.04000000, -0.08000000, 0.04000000, 0.01954276
0.05000000, -0.08000000, 0.03000000, 0.01704050
0.06000000, -0.08000000, 0.02000000, 0.00851140
0.07000000, -0.08000000, 0.01000000, -0.00588499
0.08000000, -0.08000000, 0.00000000, -0.02549867
0.08000000, -0.07000000, -0.01000000, -0.02235872
0.08000000, -0.06000000, -0.02000000, -0.02052514
0.08000000, -0.05000000, -0.03000000, -0.01919284
0.08000000, -0.04000000, -0.04000000, -0.01823774
0.08000000, -0.03000000, -0.05000000, -0.01758129
0.08000000, -0.02000000, -0.06000000, -0.01721725
0.08000000, -0.01000000, -0.07000000, -0.01713089
0.09000000, 0.00000000, -0.09000000, -0.01717257
0.07875000, 0.01125000, -0.09000000, -0.01829700
0.06750000, 0.02250000, -0.09000000, -0.02002183
0.05625000, 0.03375000, -0.09000000, -0.02216193
0.04500000, 0.04500000, -0.09000000, -0.02463890
0.03375000, 0.05625000, -0.09000000, -0.02734173
0.02250000, 0.06750000, -0.09000000, -0.03017060
0.01125000, 0.07875000, -0.09000000, -0.03291281
0.00000000, 0.09000000, -0.09000000, -0.03479982
-0.01125000, 0.09000000, -0.07875000, -0.01359521
-0.02250000, 0.09000000, -0.06750000, 0.00115340
-0.03375000, 0.09000000, -0.05625000, 0.01018777
-0.04500000, 0.09000000, -0.04500000, 0.01361424
-0.05625000, 0.09000000, -0.03375000, 0.01154310
-0.06750000, 0.09000000, -0.02250000, 0.00405341
-0.07875000, 0.09000000, -0.01125000, -0.00867593
-0.09000000, 0.09000000, 0.00000000, -0.02590041
-0.09000000, 0.07875000, 0.01125000, -0.02241414
-0.09000000, 0.06750000, 0.02250000, -0.02039854
-0.09000000, 0.05625000, 0.03375000, -0.01895164
-0.09000000, 0.04500000, 0.04500000, -0.01792939
-0.09000000, 0.03375000, 0.05625000, -0.01724597
-0.09000000, 0.02250000, 0.06750000, -0.01689158
-0.09000000, 0.01125000, 0.07875000, -0.01684847
-0.09000000, 0.00000000, 0.09000000, -0.01717257
-0.07875000, -0.01125000, 0.09000000, -0.01829700
-0.06750000, -0.02250000, 0.09000000, -0.02002183
-0.05625000, -0.03375000, 0.09000000, -0.02216193
-0.04500000, -0.04500000, 0.09000000, -0.02463890
-0.03375000, -0.05625000, 0.09000000, -0.02734173
-0.02250000, -0.06750000, 0.09000000, -0.03017060
-0.01125000, -0.07875000, 0.09000000, -0.03291281
0.00000000, -0.09000000, 0.09000000, -0.03479982
0.01125000, -0.09000000, 0.07875000, -0.01359521
0.02250000, -0.09000000, 0.06750000, 0.00115340
0.03375000, -0.09000000, 0.05625000, 0.01018777
0.04500000, -0.09000000, 0.04500000, 0.01361424
0.05625000, -0.09000000, 0.03375000, 0.01154310
0.06750000, -0.09000000, 0.02250000, 0.00405341
0.07875000, -0.09000000, 0.01125000, -0.00867593
0.09000000, -0.09000000, 0.00000000, -0.02590041
0.09000000, -0.07875000, -0.01125000, -0.02241414
0.09000000, -0.06750000, -0.02250000, -0.02039854
0.09000000, -0.05625000, -0.03375000, -0.01895164
0.09000000, -0.04500000, -0.04500000, -0.01792939
0.09000000, -0.03375000, -0.05625000, -0.01724597
0.09000000, -0.02250000, -0.06750000, -0.01689158
0.09000000, -0.01125000, -0.07875000, -0.01684847
0.10000000, 0.00000000, -0.10000000, -0.01707099
0.08750000, 0.01250000, -0.10000000, -0.01827007
0.07500000, 0.02500000, -0.10000000, -0.02012338
0.06250000, 0.03750000, -0.10000000, -0.02245042
0.05000000, 0.05000000, -0.10000000, -0.02517105
0.03750000, 0.06250000, -0.10000000, -0.02817081
0.02500000, 0.07500000, -0.10000000, -0.03133962
0.01250000, 0.08750000, -0.10000000, -0.03445175
0.00000000, 0.10000000, -0.10000000, -0.03670926
-0.01250000, 0.10000000, -0.08750000, -0.01695798
-0.02500000, 0.10000000, -0.07500000, -0.00321756
-0.03750000, 0.10000000, -0.06250000, 0.00525139
-0.05000000, 0.10000000, -0.05000000, 0.00858137
-0.06250000, 0.10000000, -0.03750000, 0.00687589
-0.07500000, 0.10000000, -0.02500000, 0.00024788
-0.08750000, 0.10000000, -0.01250000, -0.01111268
-0.10000000, 0.10000000, 0.00000000, -0.02636473
-0.10000000, 0.08750000, 0.01250000, -0.02254163
-0.10000000, 0.07500000, 0.02500000, -0.02034396
-0.10000000, 0.06250000, 0.03750000, -0.01878510
-0.10000000, 0.05000000, 0.05000000, -0.01769838
-0.10000000, 0.03750000, 0.06250000, -0.01700393
-0.10000000, 0.02500000, 0.07500000, -0.01666021
-0.10000000, 0.01250000, 0.08750000, -0.01666171
-0.10000000, 0.00000000, 0.10000000, -0.01707099
-0.08750000, -0.01250000, 0.10000000, -0.01827007
-0.07500000, -0.02500000, 0.10000000, -0.02012338
-0.06250000, -0.03750000, 0.10000000, -0.02245042
-0.05000000, -0.05000000, 0.10000000, -0.02517105
-0.03750000, -0.06250000, 0.10000000, -0.02817081
-0.02500000, -0.07500000, 0.10000000, -0.03133962
-0.01250000, -0.08750000, 0.10000000, -0.03445175
0.00000000, -0.10000000, 0.10000000, -0.03670926
0.01250000, -0.10000000, 0.08750000, -0.01695798
0.02500000, -0.10000000, 0.07500000, -0.00321756
0.03750000, -0.10000000, 0.06250000, 0.00525139
0.05000000, -0.10000000, 0.05000000, 0.00858137
0.06250000, -0.10000000, 0.03750000, 0.00687589
0.07500000, -0.10000000, 0.02500000, 0.00024788
0.08750000, -0.10000000, 0.01250000, -0.01111268
0.10000000, -0.10000000, 0.00000000, -0.02636473
0.10000000, -0.08750000, -0.01250000, -0.02254163
0.10000000, -0.07500000, -0.02500000, -0.02034396
0.10000000, -0.06250000, -0.03750000, -0.01878510
0.10000000, -0.05000000, -0.05000000, -0.01769838
0.10000000, -0.03750000, -0.06250000, -0.01700393
0.10000000, -0.02500000, -0.07500000, -0.01666021
0.10000000, -0.01250000, -0.08750000, -0.01666171
0.15000000, 0.00000000, -0.15000000, -0.01735093
0.13125000, 0.01875000, -0.15000000, -0.01890325
0.11250000, 0.03750000, -0.15000000, -0.02140877
0.09375000, 0.05625000, -0.15000000, -0.02466659
0.07500000, 0.07500000, -0.15000000, -0.02855749
0.05625000, 0.09375000, -0.15000000, -0.03296569
0.03750000, 0.11250000, -0.15000000, -0.03777066
0.01875000, 0.13125000, -0.15000000, -0.04274212
0.00000000, 0.15000000, -0.15000000, -0.04702692
-0.01875000, 0.15000000, -0.13125000, -0.03124772
-0.03750000, 0.15000000, -0.11250000, -0.02024331
-0.05625000, 0.15000000, -0.09375000, -0.01316083
-0.07500000, 0.15000000, -0.07500000, -0.00981222
-0.09375000, 0.15000000, -0.05625000, -0.01005348
-0.11250000, 0.15000000, -0.03750000, -0.01374729
-0.13125000, 0.15000000, -0.01875000, -0.02060059
-0.15000000, 0.15000000, 0.00000000, -0.02935525
-0.15000000, 0.13125000, 0.01875000, -0.02405001
-0.15000000, 0.11250000, 0.03750000, -0.02103882
-0.15000000, 0.09375000, 0.05625000, -0.01896987
-0.15000000, 0.07500000, 0.07500000, -0.01757469
-0.15000000, 0.05625000, 0.09375000, -0.01673208
-0.15000000, 0.03750000, 0.11250000, -0.01640639
-0.15000000, 0.01875000, 0.13125000, -0.01658486
-0.15000000, 0.00000000, 0.15000000, -0.01735093
-0.13125000, -0.01875000, 0.15000000, -0.01890325
-0.11250000, -0.03750000, 0.15000000, -0.02140877
-0.09375000, -0.05625000, 0.15000000, -0.02466659
-0.07500000, -0.07500000, 0.15000000, -0.02855749
-0.05625000, -0.09375000, 0.15000000, -0.03296569
-0.03750000, -0.11250000, 0.15000000, -0.03777066
-0.01875000, -0.13125000, 0.15000000, -0.04274212
0.00000000, -0.15000000, 0.15000000, -0.04702692
0.01875000, -0.15000000, 0.13125000, -0.03124772
0.03750000, -0.15000000, 0.11250000, -0.02024331
0.05625000, -0.15000000, 0.09375000, -0.01316083
0.07500000, -0.15000000, 0.07500000, -0.00981222
0.09375000, -0.15000000, 0.05625000, -0.01005348
0.11250000, -0.15000000, 0.03750000, -0.01374729
0.13125000, -0.15000000, 0.01875000, -0.02060059
0.15000000, -0.15000000, 0.00000000, -0.02935525
0.15000000, -0.13125000, -0.01875000, -0.02405001
0.15000000, -0.11250000, -0.03750000, -0.02103882
0.15000000, -0.09375000, -0.05625000, -0.01896987
0.15000000, -0.07500000, -0.07500000, -0.01757469
0.15000000, -0.05625000, -0.09375000, -0.01673208
0.15000000, -0.03750000, -0.11250000, -0.01640639
0.15000000, -0.01875000, -0.13125000, -0.01658486
0.20000000, 0.00000000, -0.20000000, -0.01786704
0.17500000, 0.02500000, -0.20000000, -0.01977775
0.15000000, 0.05000000, -0.20000000, -0.02285627
0.12500000, 0.07500000, -0.20000000, -0.02690729
0.10000000, 0.10000000, -0.20000000, -0.03181890
0.07500000, 0.12500000, -0.20000000, -0.03747022
0.05000000, 0.15000000, -0.20000000, -0.04373286
0.02500000, 0.17500000, -0.20000000, -0.05036189
0.00000000, 0.20000000, -0.20000000, -0.05652708
-0.02500000, 0.20000000, -0.17500000, -0.04298804
-0.05000000, 0.20000000, -0.15000000, -0.03331237
-0.07500000, 0.20000000, -0.12500000, -0.02676621
-0.10000000, 0.20000000, -0.10000000, -0.02316090
-0.12500000, 0.20000000, -0.07500000, -0.02236294
-0.15000000, 0.20000000, -0.05000000, -0.02416813
-0.17500000, 0.20000000, -0.02500000, -0.02821305
-0.20000000, 0.20000000, 0.00000000, -0.03289288
-0.20000000, 0.17500000, 0.02500000, -0.02646210
-0.20000000, 0.15000000, 0.05000000, -0.02274168
-0.20000000, 0.12500000, 0.07500000, -0.02017913
-0.20000000, 0.10000000, 0.10000000, -0.01843395
-0.20000000, 0.07500000, 0.12500000, -0.01738695
-0.20000000, 0.05000000, 0.15000000, -0.01693800
-0.20000000, 0.02500000, 0.17500000, -0.01707937
-0.20000000, 0.00000000, 0.20000000, -0.01786704
-0.17500000, -0.02500000, 0.20000000, -0.01977775
-0.15000000, -0.05000000, 0.20000000, -0.02285627
-0.12500000, -0.07500000, 0.20000000, -0.02690729
-0.10000000, -0.10000000, 0.20000000, -0.03181890
-0.07500000, -0.12500000, 0.20000000, -0.03747022
-0.05000000, -0.15000000, 0.20000000, -0.04373286
-0.02500000, -0.17500000, 0.20000000, -0.05036189
0.00000000, -0.20000000, 0.20000000, -0.05652708
0.02500000, -0.20000000, 0.17500000, -0.04298804
0.05000000, -0.20000000, 0.15000000, -0.03331237
0.07500000, -0.20000000, 0.12500000, -0.02676621
0.10000000, -0.20000000, 0.10000000, -0.02316090
0.12500000, -0.20000000, 0.07500000, -0.02236294
0.15000000, -0.20000000, 0.05000000, -0.02416813
0.17500000, -0.20000000, 0.02500000, -0.02821305
0.20000000, -0.20000000, 0.00000000, -0.03289288
0.20000000, -0.17500000, -0.02500000, -0.02646210
0.20000000, -0.15000000, -0.05000000, -0.02274168
0.20000000, -0.12500000, -0.07500000, -0.02017913
0.20000000, -0.10000000, -0.10000000, -0.01843395
0.20000000, -0.07500000, -0.12500000, -0.01738695
0.20000000, -0.05000000, -0.15000000, -0.01693800
0.20000000, -0.02500000, -0.17500000, -0.01707937
0.25000000, 0.00000000, -0.25000000, -0.01740317
0.21875000, 0.03125000, -0.25000000, -0.01972053
0.18750000, 0.06250000, -0.25000000, -0.02330243
0.15625000, 0.09375000, -0.25000000, -0.02797436
0.12500000, 0.12500000, -0.25000000, -0.03362920
0.09375000, 0.15625000, -0.25000000, -0.04015965
0.06250000, 0.18750000, -0.25000000, -0.04743446
0.03125000, 0.21875000, -0.25000000, -0.05522171
0.00000000, 0.25000000, -0.25000000, -0.06280329
-0.03125000, 0.25000000, -0.21875000, -0.05180478
-0.06250000, 0.25000000, -0.18750000, -0.04356803
-0.09375000, 0.25000000, -0.15625000, -0.03763412
-0.12500000, 0.25000000, -0.12500000, -0.03392294
-0.15625000, 0.25000000, -0.09375000, -0.03232316
-0.18750000, 0.25000000, -0.06250000, -0.03264972
-0.21875000, 0.25000000, -0.03125000, -0.03447617
-0.25000000, 0.25000000, 0.00000000, -0.03598849
-0.25000000, 0.21875000, 0.03125000, -0.02883810
-0.25000000, 0.18750000, 0.06250000, -0.02456944
-0.25000000, 0.15625000, 0.09375000, -0.02154055
-0.25000000, 0.12500000, 0.12500000, -0.01939778
-0.25000000, 0.09375000, 0.15625000, -0.01798965
-0.25000000, 0.06250000, 0.18750000, -0.01721469
-0.25000000, 0.03125000, 0.21875000, -0.01701627
-0.25000000, 0.00000000, 0.25000000, -0.01740317
-0.21875000, -0.03125000, 0.25000000, -0.01972053
-0.18750000, -0.06250000, 0.25000000, -0.02330243
-0.15625000, -0.09375000, 0.25000000, -0.02797436
-0.12500000, -0.12500000, 0.25000000, -0.03362920
-0.09375000, -0.15625000, 0.25000000, -0.04015965
-0.06250000, -0.18750000, 0.25000000, -0.04743446
-0.03125000, -0.21875000, 0.25000000, -0.05522171
0.00000000, -0.25000000, 0.25000000, -0.06280329
0.03125000, -0.25000000, 0.21875000, -0.05180478
0.06250000, -0.25000000, 0.18750000, -0.04356803
0.09375000, -0.25000000, 0.15625000, -0.03763412
0.12500000, -0.25000000, 0.12500000, -0.03392294
0.15625000, -0.25000000, 0.09375000, -0.03232316
0.18750000, -0.25000000, 0.06250000, -0.03264972
0.21875000, -0.25000000, 0.03125000, -0.03447617
0.25000000, -0.25000000, 0.00000000, -0.03598849
0.25000000, -0.21875000, -0.03125000, -0.02883810
0.25000000, -0.18750000, -0.06250000, -0.02456944
0.25000000, -0.15625000, -0.09375000, -0.02154055
0.25000000, -0.12500000, -0.12500000, -0.01939778
0.25000000, -0.09375000, -0.15625000, -0.01798965
0.25000000, -0.06250000, -0.18750000, -0.01721469
0.25000000, -0.03125000, -0.21875000, -0.01701627
0.30000000, 0.00000000, -0.30000000, -0.01544592
0.26250000, 0.03750000, -0.30000000, -0.01816320
0.22500000, 0.07500000, -0.30000000, -0.02211145
0.18750000, 0.11250000, -0.30000000, -0.02715294
0.15000000, 0.15000000, -0.30000000, -0.03320760
0.11250000, 0.18750000, -0.30000000, -0.04017204
0.07500000, 0.22500000, -0.30000000, -0.04790109
0.03750000, 0.26250000, -0.30000000, -0.05612970
0.00000000, 0.30000000, -0.30000000, -0.06423494
-0.03750000, 0.30000000, -0.26250000, -0.05677161
-0.07500000, 0.30000000, -0.22500000, -0.05058656
-0.11250000, 0.30000000, -0.18750000, -0.04571324
-0.15000000, 0.30000000, -0.15000000, -0.04222582
-0.18750000, 0.30000000, -0.11250000, -0.04008003
-0.22500000, 0.30000000, -0.07500000, -0.03911079
-0.26250000, 0.30000000, -0.03750000, -0.03887997
-0.30000000, 0.30000000, 0.00000000, -0.03752202
-0.30000000, 0.26250000, 0.03750000, -0.03014356
-0.30000000, 0.22500000, 0.07500000, -0.02553573
-0.30000000, 0.18750000, 0.11250000, -0.02213838
-0.30000000, 0.15000000, 0.15000000, -0.01960930
-0.30000000, 0.11250000, 0.18750000, -0.01779198
-0.30000000, 0.07500000, 0.22500000, -0.01655159
-0.30000000, 0.03750000, 0.26250000, -0.01578645
-0.30000000, 0.00000000, 0.30000000, -0.01544592
-0.26250000, -0.03750000, 0.30000000, -0.01816320
-0.22500000, -0.07500000, 0.30000000, -0.02211145
-0.18750000, -0.11250000, 0.30000000, -0.02715294
-0.15000000, -0.15000000, 0.30000000, -0.03320760
-0.11250000, -0.18750000, 0.30000000, -0.04017204
-0.07500000, -0.22500000, 0.30000000, -0.04790109
-0.03750000, -0.26250000, 0.30000000, -0.05612970
0.00000000, -0.30000000, 0.30000000, -0.06423494
0.03750000, -0.30000000, 0.26250000, -0.05677161
0.07500000, -0.30000000, 0.22500000, -0.05058656
0.11250000, -0.30000000, 0.18750000, -0.04571324
0.15000000, -0.30000000, 0.15000000, -0.04222582
0.18750000, -0.30000000, 0.11250000, -0.04008003
0.22500000, -0.30000000, 0.07500000, -0.03911079
0.26250000, -0.30000000, 0.03750000, -0.03887997
0.30000000, -0.30000000, 0.00000000, -0.03752202
0.30000000, -0.26250000, -0.03750000, -0.03014356
0.30000000, -0.22500000, -0.07500000, -0.02553573
0.30000000, -0.18750000, -0.11250000, -0.02213838
0.30000000, -0.15000000, -0.15000000, -0.01960930
0.30000000, -0.11250000, -0.18750000, -0.01779198
0.30000000, -0.07500000, -0.22500000, -0.01655159
0.30000000, -0.03750000, -0.26250000, -0.01578645
0.35000000, 0.00000000, -0.35000000, -0.01221093
0.30625000, 0.04375000, -0.35000000, -0.01516945
0.26250000, 0.08750000, -0.35000000, -0.01925123
0.21875000, 0.13125000, -0.35000000, -0.02435025
0.17500000, 0.17500000, -0.35000000, -0.03040599
0.13125000, 0.21875000, -0.35000000, -0.03731846
0.08750000, 0.26250000, -0.35000000, -0.04489639
0.04375000, 0.30625000, -0.35000000, -0.05280469
0.00000000, 0.35000000, -0.35000000, -0.06041782
-0.04375000, 0.35000000, -0.30625000, -0.05733044
-0.08750000, 0.35000000, -0.26250000, -0.05390132
-0.13125000, 0.35000000, -0.21875000, -0.05064178
-0.17500000, 0.35000000, -0.17500000, -0.04774493
-0.21875000, 0.35000000, -0.13125000, -0.04524931
-0.26250000, 0.35000000, -0.08750000, -0.04302968
-0.30625000, 0.35000000, -0.04375000, -0.04072022
-0.35000000, 0.35000000, 0.00000000, -0.03660620
-0.35000000, 0.30625000, 0.04375000, -0.02955723
-0.35000000, 0.26250000, 0.08750000, -0.02492448
-0.35000000, 0.21875000, 0.13125000, -0.02135861
-0.35000000, 0.17500000, 0.17500000, -0.01856383
-0.35000000, 0.13125000, 0.21875000, -0.01639994
-0.35000000, 0.08750000, 0.26250000, -0.01469249
-0.35000000, 0.04375000, 0.30625000, -0.01332484
-0.35000000, 0.00000000, 0.35000000, -0.01221093
-0.30625000, -0.04375000, 0.35000000, -0.01516945
-0.26250000, -0.08750000, 0.35000000, -0.01925123
-0.21875000, -0.13125000, 0.35000000, -0.02435025
-0.17500000, -0.17500000, 0.35000000, -0.03040599
-0.13125000, -0.21875000, 0.35000000, -0.03731846
-0.08750000, -0.26250000, 0.35000000, -0.04489639
-0.04375000, -0.30625000, 0.35000000, -0.05280469
0.00000000, -0.35000000, 0.35000000, -0.06041782
0.04375000, -0.35000000, 0.30625000, -0.05733044
0.08750000, -0.35000000, 0.26250000, -0.05390132
0.13125000, -0.35000000, 0.21875000, -0.05064178
0.17500000, -0.35000000, 0.17500000, -0.04774493
0.21875000, -0.35000000, 0.13125000, -0.04524931
0.26250000, -0.35000000, 0.08750000, -0.04302968
0.30625000, -0.35000000, 0.04375000, -0.04072022
0.35000000, -0.35000000, 0.00000000, -0.03660620
0.35000000, -0.30625000, -0.04375000, -0.02955723
0.35000000, -0.26250000, -0.08750000, -0.02492448
0.35000000, -0.21875000, -0.13125000, -0.02135861
0.35000000, -0.17500000, -0.17500000, -0.01856383
0.35000000, -0.13125000, -0.21875000, -0.01639994
0.35000000, -0.08750000, -0.26250000, -0.01469249
0.35000000, -0.04375000, -0.30625000, -0.01332484
0.40000000, 0.00000000, -0.40000000, -0.00846162
0.35000000, 0.05000000, -0.40000000, -0.01133967
0.30000000, 0.10000000, -0.40000000, -0.01523043
0.25000000, 0.15000000, -0.40000000, -0.02003036
0.20000000, 0.20000000, -0.40000000, -0.02567161
0.15000000, 0.25000000, -0.40000000, -0.03204693
0.10000000, 0.30000000, -0.40000000, -0.03891322
0.05000000, 0.35000000, -0.40000000, -0.04585128
0.00000000, 0.40000000, -0.40000000, -0.05214442
-0.05000000, 0.40000000, -0.35000000, -0.05362007
-0.10000000, 0.40000000, -0.30000000, -0.05341212
-0.15000000, 0.40000000, -0.25000000, -0.05220980
-0.20000000, 0.40000000, -0.20000000, -0.05020140
-0.25000000, 0.40000000, -0.15000000, -0.04745914
-0.30000000, 0.40000000, -0.10000000, -0.04397383
-0.35000000, 0.40000000, -0.05000000, -0.03956902
-0.40000000, 0.40000000, 0.00000000, -0.03292557
-0.40000000, 0.35000000, 0.05000000, -0.02677184
-0.40000000, 0.30000000, 0.10000000, -0.02249965
-0.40000000, 0.25000000, 0.15000000, -0.01905226
-0.40000000, 0.20000000, 0.20000000, -0.01621659
-0.40000000, 0.15000000, 0.25000000, -0.01386880
-0.40000000, 0.10000000, 0.30000000, -0.01185817
-0.40000000, 0.05000000, 0.35000000, -0.01007504
-0.40000000, 0.00000000, 0.40000000, -0.00846162
-0.35000000, -0.05000000, 0.40000000, -0.01133967
-0.30000000, -0.10000000, 0.40000000, -0.01523043
-0.25000000, -0.15000000, 0.40000000, -0.02003036
-0.20000000, -0.20000000, 0.40000000, -0.02567161
-0.15000000, -0.25000000, 0.40000000, -0.03204693
-0.10000000, -0.30000000, 0.40000000, -0.03891322
-0.05000000, -0.35000000, 0.40000000, -0.04585128
0.00000000, -0.40000000, 0.40000000, -0.05214442
0.05000000, -0.40000000, 0.35000000, -0.05362007
0.10000000, -0.40000000, 0.30000000, -0.05341212
0.15000000, -0.40000000, 0.25000000, -0.05220980
0.20000000, -0.40000000, 0.20000000, -0.05020140
0.25000000, -0.40000000, 0.15000000, -0.04745914
0.30000000, -0.40000000, 0.10000000, -0.04397383
0.35000000, -0.40000000, 0.05000000, -0.03956902
0.40000000, -0.40000000, 0.00000000, -0.03292557
0.40000000, -0.35000000, -0.05000000, -0.02677184
0.40000000, -0.30000000, -0.10000000, -0.02249965
0.40000000, -0.25000000, -0.15000000, -0.01905226
0.40000000, -0.20000000, -0.20000000, -0.01621659
0.40000000, -0.15000000, -0.25000000, -0.01386880
0.40000000, -0.10000000, -0.30000000, -0.01185817
0.40000000, -0.05000000, -0.35000000, -0.01007504
0.45000000, 0.00000000, -0.45000000, -0.00506814
0.39375000, 0.05625000, -0.45000000, -0.00750867
0.33750000, 0.11250000, -0.45000000, -0.01085629
0.28125000, 0.16875000, -0.45000000, -0.01499963
0.22500000, 0.22500000, -0.45000000, -0.01985911
0.16875000, 0.28125000, -0.45000000, -0.02530500
0.11250000, 0.33750000, -0.45000000, -0.03105045
0.05625000, 0.39375000, -0.45000000, -0.03659209
0.00000000, 0.45000000, -0.45000000, -0.04108810
-0.05625000, 0.45000000, -0.39375000, -0.04648021
-0.11250000, 0.45000000, -0.33750000, -0.04947302
-0.16875000, 0.45000000, -0.28125000, -0.05050471
-0.22500000, 0.45000000, -0.22500000, -0.04953989
-0.28125000, 0.45000000, -0.16875000, -0.04661141
-0.33750000, 0.45000000, -0.11250000, -0.04188603
-0.39375000, 0.45000000, -0.05625000, -0.03555415
-0.45000000, 0.45000000, 0.00000000, -0.02694867
-0.45000000, 0.39375000, 0.05625000, -0.02212699
-0.45000000, 0.33750000, 0.11250000, -0.01855794
-0.45000000, 0.28125000, 0.16875000, -0.01552815
-0.45000000, 0.22500000, 0.22500000, -0.01292367
-0.45000000, 0.16875000, 0.28125000, -0.01065599
-0.45000000, 0.11250000, 0.33750000, -0.00862473
-0.45000000, 0.05625000, 0.39375000, -0.00675901
-0.45000000, 0.00000000, 0.45000000, -0.00506814
-0.39375000, -0.05625000, 0.45000000, -0.00750867
-0.33750000, -0.11250000, 0.45000000, -0.01085629
-0.28125000, -0.16875000, 0.45000000, -0.01499963
-0.22500000, -0.22500000, 0.45000000, -0.01985911
-0.16875000, -0.28125000, 0.45000000, -0.02530500
-0.11250000, -0.33750000, 0.45000000, -0.03105045
-0.05625000, -0.39375000, 0.45000000, -0.03659209
0.00000000, -0.45000000, 0.45000000, -0.04108810
0.05625000, -0.45000000, 0.39375000, -0.04648021
0.11250000, -0.45000000, 0.33750000, -0.04947302
0.16875000, -0.45000000, 0.28125000, -0.05050471
0.22500000, -0.45000000, 0.22500000, -0.04953989
0.28125000, -0.45000000, 0.16875000, -0.04661141
0.33750000, -0.45000000, 0.11250000, -0.04188603
0.39375000, -0.45000000, 0.05625000, -0.03555415
0.45000000, -0.45000000, 0.00000000, -0.02694867
0.45000000, -0.39375000, -0.05625000, -0.02212699
0.45000000, -0.33750000, -0.11250000, -0.01855794
0.45000000, -0.28125000, -0.16875000, -0.01552815
0.45000000, -0.22500000, -0.22500000, -0.01292367
0.45000000, -0.16875000, -0.28125000, -0.01065599
0.45000000, -0.11250000, -0.33750000, -0.00862473
0.45000000, -0.05625000, -0.39375000, -0.00675901
0.50000000, 0.00000000, -0.50000000, -0.00257793
0.43750000, 0.06250000, -0.50000000, -0.00435184
0.37500000, 0.12500000, -0.50000000, -0.00690143
0.31250000, 0.18750000, -0.50000000, -0.01012867
0.25000000, 0.25000000, -0.50000000, -0.01395720
0.18750000, 0.31250000, -0.50000000, -0.01823648
0.12500000, 0.37500000, -0.50000000, -0.02265145
0.06250000, 0.43750000, -0.50000000, -0.02664882
0.00000000, 0.50000000, -0.50000000, -0.02931240
-0.06250000, 0.50000000, -0.43750000, -0.03724513
-0.12500000, 0.50000000, -0.37500000, -0.04286832
-0.18750000, 0.50000000, -0.31250000, -0.04597084
-0.25000000, 0.50000000, -0.25000000, -0.04603385
-0.31250000, 0.50000000, -0.18750000, -0.04296328
-0.37500000, 0.50000000, -0.12500000, -0.03715900
-0.43750000, 0.50000000, -0.06250000, -0.02938128
-0.50000000, 0.50000000, 0.00000000, -0.01981097
-0.50000000, 0.43750000, 0.06250000, -0.01649194
-0.50000000, 0.37500000, 0.12500000, -0.01382391
-0.50000000, 0.31250000, 0.18750000, -0.01143268
-0.50000000, 0.25000000, 0.25000000, -0.00929515
-0.50000000, 0.18750000, 0.31250000, -0.00737495
-0.50000000, 0.12500000, 0.37500000, -0.00561029
-0.50000000, 0.06250000, 0.43750000, -0.00398908
-0.50000000, 0.00000000, 0.50000000, -0.00257793
-0.43750000, -0.06250000, 0.50000000, -0.00435184
-0.37500000, -0.12500000, 0.50000000, -0.00690143
-0.31250000, -0.18750000, 0.50000000, -0.01012867
-0.25000000, -0.25000000, 0.50000000, -0.01395720
-0.18750000, -0.31250000, 0.50000000, -0.01823648
-0.12500000, -0.37500000, 0.50000000, -0.02265145
-0.06250000, -0.43750000, 0.50000000, -0.02664882
0.00000000, -0.50000000, 0.50000000, -0.02931240
0.06250000, -0.50000000, 0.43750000, -0.03724513
0.12500000, -0.50000000, 0.37500000, -0.04286832
0.18750000, -0.50000000, 0.31250000, -0.04597084
0.25000000, -0.50000000, 0.25000000, -0.04603385
0.31250000, -0.50000000, 0.18750000, -0.04296328
0.37500000, -0.50000000, 0.12500000, -0.03715900
0.43750000, -0.50000000, 0.06250000, -0.02938128
0.50000000, -0.50000000, 0.00000000, -0.01981097
0.50000000, -0.43750000, -0.06250000, -0.01649194
0.50000000, -0.37500000, -0.12500000, -0.01382391
0.50000000, -0.31250000, -0.18750000, -0.01143268
0.50000000, -0.25000000, -0.25000000, -0.00929515
0.50000000, -0.18750000, -0.31250000, -0.00737495
0.50000000, -0.12500000, -0.37500000, -0.00561029
0.50000000, -0.06250000, -0.43750000, -0.00398908
0.55000000, 0.00000000, -0.55000000, -0.00108390
0.48125000, 0.06875000, -0.55000000, -0.00216796
0.41250000, 0.13750000, -0.55000000, -0.00385455
0.34375000, 0.20625000, -0.55000000, -0.00608674
0.27500000, 0.27500000, -0.55000000, -0.00880597
0.20625000, 0.34375000, -0.55000000, -0.01186168
0.13750000, 0.41250000, -0.55000000, -0.01494028
0.06875000, 0.48125000, -0.55000000, -0.01750789
0.00000000, 0.55000000, -0.55000000, -0.01869494
-0.06875000, 0.55000000, -0.48125000, -0.02743004
-0.13750000, 0.55000000, -0.41250000, -0.03467183
-0.20625000, 0.55000000, -0.34375000, -0.03935603
-0.27500000, 0.55000000, -0.27500000, -0.04027691
-0.34375000, 0.55000000, -0.20625000, -0.03711833
-0.41250000, 0.55000000, -0.13750000, -0.03058854
-0.48125000, 0.55000000, -0.06875000, -0.02216043
-0.55000000, 0.55000000, 0.00000000, -0.01288205
-0.55000000, 0.48125000, 0.06875000, -0.01093141
-0.55000000, 0.41250000, 0.13750000, -0.00917437
-0.55000000, 0.34375000, 0.20625000, -0.00750404
-0.55000000, 0.27500000, 0.27500000, -0.00596002
-0.55000000, 0.20625000, 0.34375000, -0.00454535
-0.55000000, 0.13750000, 0.41250000, -0.00322933
-0.55000000, 0.06875000, 0.48125000, -0.00204565
-0.55000000, 0.00000000, 0.55000000, -0.00108390
-0.48125000, -0.06875000, 0.55000000, -0.00216796
-0.41250000, -0.13750000, 0.55000000, -0.00385455
-0.34375000, -0.20625000, 0.55000000, -0.00608674
-0.27500000, -0.27500000, 0.55000000, -0.00880597
-0.20625000, -0.34375000, 0.55000000, -0.01186168
-0.13750000, -0.41250000, 0.55000000, -0.01494028
-0.06875000, -0.48125000, 0.55000000, -0.01750789
0.00000000, -0.55000000, 0.55000000, -0.01869494
0.06875000, -0.55000000, 0.48125000, -0.02743004
0.13750000, -0.55000000, 0.41250000, -0.03467183
0.20625000, -0.55000000, 0.34375000, -0.03935603
0.27500000, -0.55000000, 0.27500000, -0.04027691
0.34375000, -0.55000000, 0.20625000, -0.03711833
0.41250000, -0.55000000, 0.13750000, -0.03058854
0.48125000, -0.55000000, 0.06875000, -0.02216043
0.55000000, -0.55000000, 0.00000000, -0.01288205
0.55000000, -0.48125000, -0.06875000, -0.01093141
0.55000000, -0.41250000, -0.13750000, -0.00917437
0.55000000, -0.34375000, -0.20625000, -0.00750404
0.55000000, -0.27500000, -0.27500000, -0.00596002
0.55000000, -0.20625000, -0.34375000, -0.00454535
0.55000000, -0.13750000, -0.41250000, -0.00322933
0.55000000, -0.06875000, -0.48125000, -0.00204565
0.60000000, 0.00000000, -0.60000000, -0.00036133
0.52500000, 0.07500000, -0.60000000, -0.00090092
0.45000000, 0.15000000, -0.60000000, -0.00184685
0.37500000, 0.22500000, -0.60000000, -0.00319153
0.30000000, 0.30000000, -0.60000000, -0.00490134
0.22500000, 0.37500000, -0.60000000, -0.00685007
0.15000000, 0.45000000, -0.60000000, -0.00876344
0.07500000, 0.52500000, -0.60000000, -0.01019896
0.00000000, 0.60000000, -0.60000000, -0.01046062
-0.07500000, 0.60000000, -0.52500000, -0.01839523
-0.15000000, 0.60000000, -0.45000000, -0.02603732
-0.22500000, 0.60000000, -0.37500000, -0.03158138
-0.30000000, 0.60000000, -0.30000000, -0.03308338
-0.37500000, 0.60000000, -0.22500000, -0.02993951
-0.45000000, 0.60000000, -0.15000000, -0.02321737
-0.52500000, 0.60000000, -0.07500000, -0.01509730
-0.60000000, 0.60000000, 0.00000000, -0.00725830
-0.60000000, 0.52500000, 0.07500000, -0.00632200
-0.60000000, 0.45000000, 0.15000000, -0.00532389
-0.60000000, 0.37500000, 0.22500000, -0.00431209
-0.60000000, 0.30000000, 0.30000000, -0.00335138
-0.60000000, 0.22500000, 0.37500000, -0.00245389
-0.60000000, 0.15000000, 0.45000000, -0.00161888
-0.60000000, 0.07500000, 0.52500000, -0.00089401
-0.60000000, 0.00000000, 0.60000000, -0.00036133
-0.52500000, -0.07500000, 0.60000000, -0.00090092
-0.45000000, -0.15000000, 0.60000000, -0.00184685
-0.37500000, -0.22500000, 0.60000000, -0.00319153
-0.30000000, -0.30000000, 0.60000000, -0.00490134
-0.22500000, -0.37500000, 0.60000000, -0.00685007
-0.15000000, -0.45000000, 0.60000000, -0.00876344
-0.07500000, -0.52500000, 0.60000000, -0.01019896
0.00000000, -0.60000000, 0.60000000, -0.01046062
0.07500000, -0.60000000, 0.52500000, -0.01839523
0.15000000, -0.60000000, 0.45000000, -0.02603732
0.22500000, -0.60000000, 0.37500000, -0.03158138
0.30000000, -0.60000000, 0.30000000, -0.03308338
0.37500000, -0.60000000, 0.22500000, -0.02993951
0.45000000, -0.60000000, 0.15000000, -0.02321737
0.52500000, -0.60000000, 0.07500000, -0.01509730
0.60000000, -0.60000000, 0.00000000, -0.00725830
0.60000000, -0.52500000, -0.07500000, -0.00632200
0.60000000, -0.45000000, -0.15000000, -0.00532389
0.60000000, -0.37500000, -0.22500000, -0.00431209
0.60000000, -0.30000000, -0.30000000, -0.00335138
0.60000000, -0.22500000, -0.37500000, -0.00245389
0.60000000, -0.15000000, -0.45000000, -0.00161888
0.60000000, -0.07500000, -0.52500000, -0.00089401
0.65000000, 0.00000000, -0.65000000, -0.00009012
0.56875000, 0.08125000, -0.65000000, -0.00029691
0.48750000, 0.16250000, -0.65000000, -0.00072961
0.40625000, 0.24375000, -0.65000000, -0.00141457
0.32500000, 0.32500000, -0.65000000, -0.00234430
0.24375000, 0.40625000, -0.65000000, -0.00343010
0.16250000, 0.48750000, -0.65000000, -0.00446535
0.08125000, 0.56875000, -0.65000000, -0.00513798
0.00000000, 0.65000000, -0.65000000, -0.00499173
-0.08125000, 0.65000000, -0.56875000, -0.01107960
-0.16250000, 0.65000000, -0.48750000, -0.01799166
-0.24375000, 0.65000000, -0.40625000, -0.02359185
-0.32500000, 0.65000000, -0.32500000, -0.02535338
-0.40625000, 0.65000000, -0.24375000, -0.02239230
-0.48750000, 0.65000000, -0.16250000, -0.01609859
-0.56875000, 0.65000000, -0.08125000, -0.00916029
-0.65000000, 0.65000000, 0.00000000, -0.00344101
-0.65000000, 0.56875000, 0.08125000, -0.00310137
-0.65000000, 0.48750000, 0.16250000, -0.00262524
-0.65000000, 0.40625000, 0.24375000, -0.00211002
-0.65000000, 0.32500000, 0.32500000, -0.00161290
-0.65000000, 0.24375000, 0.40625000, -0.00113546
-0.65000000, 0.16250000, 0.48750000, -0.00069322
-0.65000000, 0.08125000, 0.56875000, -0.00032515
-0.65000000, 0.00000000, 0.65000000, -0.00009012
-0.56875000, -0.08125000, 0.65000000, -0.00029691
-0.48750000, -0.16250000, 0.65000000, -0.00072961
-0.40625000, -0.24375000, 0.65000000, -0.00141457
-0.32500000, -0.32500000, 0.65000000, -0.00234430
-0.24375000, -0.40625000, 0.65000000, -0.00343010
-0.16250000, -0.48750000, 0.65000000, -0.00446535
-0.08125000, -0.56875000, 0.65000000, -0.00513798
0.00000000, -0.65000000, 0.65000000, -0.00499173
0.08125000, -0.65000000, 0.56875000, -0.01107960
0.16250000, -0.65000000, 0.48750000, -0.01799166
0.24375000, -0.65000000, 0.40625000, -0.02359185
0.32500000, -0.65000000, 0.32500000, -0.02535338
0.40625000, -0.65000000, 0.24375000, -0.02239230
0.48750000, -0.65000000, 0.16250000, -0.01609859
0.56875000, -0.65000000, 0.08125000, -0.00916029
0.65000000, -0.65000000, 0.00000000, -0.00344101
0.65000000, -0.56875000, -0.08125000, -0.00310137
0.65000000, -0.48750000, -0.16250000, -0.00262524
0.65000000, -0.40625000, -0.24375000, -0.00211002
0.65000000, -0.32500000, -0.32500000, -0.00161290
0.65000000, -0.24375000, -0.40625000, -0.00113546
0.65000000, -0.16250000, -0.48750000, -0.00069322
0.65000000, -0.08125000, -0.56875000, -0.00032515
0.70000000, 0.00000000, -0.70000000, -0.00001567
0.61250000, 0.08750000, -0.70000000, -0.00007098
0.52500000, 0.17500000, -0.70000000, -0.00022103
0.43750000, 0.26250000, -0.70000000, -0.00050117
0.35000000, 0.35000000, -0.70000000, -0.00092494
0.26250000, 0.43750000, -0.70000000, -0.00144001
0.17500000, 0.52500000, -0.70000000, -0.00191364
0.08750000, 0.61250000, -0.70000000, -0.00216031
0.00000000, 0.70000000, -0.70000000, -0.00194625
-0.08750000, 0.70000000, -0.61250000, -0.00587542
-0.17500000, 0.70000000, -0.52500000, -0.01127886
-0.26250000, 0.70000000, -0.43750000, -0.01622047
-0.35000000, 0.70000000, -0.35000000, -0.01793747
-0.43750000, 0.70000000, -0.26250000, -0.01536097
-0.52500000, 0.70000000, -0.17500000, -0.01005865
-0.61250000, 0.70000000, -0.08750000, -0.00485552
-0.70000000, 0.70000000, 0.00000000, -0.00131667
-0.70000000, 0.61250000, 0.08750000, -0.00123586
-0.70000000, 0.52500000, 0.17500000, -0.00104985
-0.70000000, 0.43750000, 0.26250000, -0.00083999
-0.70000000, 0.35000000, 0.35000000, -0.00063966
-0.70000000, 0.26250000, 0.43750000, -0.00044034
-0.70000000, 0.17500000, 0.52500000, -0.00025104
-0.70000000, 0.08750000, 0.61250000, -0.00009828
-0.70000000, 0.00000000, 0.70000000, -0.00001567
-0.61250000, -0.08750000, 0.70000000, -0.00007098
-0.52500000, -0.17500000, 0.70000000, -0.00022103
-0.43750000, -0.26250000, 0.70000000, -0.00050117
-0.35000000, -0.35000000, 0.70000000, -0.00092494
-0.26250000, -0.43750000, 0.70000000, -0.00144001
-0.17500000, -0.52500000, 0.70000000, -0.00191364
-0.08750000, -0.61250000, 0.70000000, -0.00216031
0.00000000, -0.70000000, 0.70000000, -0.00194625
0.08750000, -0.70000000, 0.61250000, -0.00587542
0.17500000, -0.70000000, 0.52500000, -0.01127886
0.26250000, -0.70000000, 0.43750000, -0.01622047
0.35000000, -0.70000000, 0.35000000, -0.01793747
0.43750000, -0.70000000, 0.26250000, -0.01536097
0.52500000, -0.70000000, 0.17500000, -0.01005865
0.61250000, -0.70000000, 0.08750000, -0.00485552
0.70000000, -0.70000000, 0.00000000, -0.00131667
0.70000000, -0.61250000, -0.08750000, -0.00123586
0.70000000, -0.52500000, -0.17500000, -0.00104985
0.70000000, -0.43750000, -0.26250000, -0.00083999
0.70000000, -0.35000000, -0.35000000, -0.00063966
0.70000000, -0.26250000, -0.43750000, -0.00044034
0.70000000, -0.17500000, -0.52500000, -0.00025104
0.70000000, -0.08750000, -0.61250000, -0.00009828
0.75000000, 0.00000000, -0.75000000, -0.00000105
0.65625000, 0.09375000, -0.75000000, -0.00001005
0.56250000, 0.18750000, -0.75000000, -0.00004281
0.46875000, 0.28125000, -0.75000000, -0.00012577
0.37500000, 0.37500000, -0.75000000, -0.00028113
0.28125000, 0.46875000, -0.75000000, -0.00048342
0.18750000, 0.56250000, -0.75000000, -0.00066024
0.09375000, 0.65625000, -0.75000000, -0.00072131
0.00000000, 0.75000000, -0.75000000, -0.00058237
-0.09375000, 0.75000000, -0.65625000, -0.00266637
-0.18750000, 0.75000000, -0.56250000, -0.00627720
-0.28125000, 0.75000000, -0.46875000, -0.01007965
-0.37500000, 0.75000000, -0.37500000, -0.01151743
-0.46875000, 0.75000000, -0.28125000, -0.00949565
-0.56250000, 0.75000000, -0.18750000, -0.00554549
-0.65625000, 0.75000000, -0.09375000, -0.00218981
-0.75000000, 0.75000000, 0.00000000, -0.00038597
-0.75000000, 0.65625000, 0.09375000, -0.00037392
-0.75000000, 0.56250000, 0.18750000, -0.00031360
-0.75000000, 0.46875000, 0.28125000, -0.00025066
-0.75000000, 0.37500000, 0.37500000, -0.00019680
-0.75000000, 0.28125000, 0.46875000, -0.00014186
-0.75000000, 0.18750000, 0.56250000, -0.00007920
-0.75000000, 0.09375000, 0.65625000, -0.00002736
-0.75000000, 0.00000000, 0.75000000, -0.00000105
-0.65625000, -0.09375000, 0.75000000, -0.00001005
-0.56250000, -0.18750000, 0.75000000, -0.00004281
-0.46875000, -0.28125000, 0.75000000, -0.00012577
-0.37500000, -0.37500000, 0.75000000, -0.00028113
-0.28125000, -0.46875000, 0.75000000, -0.00048342
-0.18750000, -0.56250000, 0.75000000, -0.00066024
-0.09375000, -0.65625000, 0.75000000, -0.00072131
0.00000000, -0.75000000, 0.75000000, -0.00058237
0.09375000, -0.75000000, 0.65625000, -0.00266637
0.18750000, -0.75000000, 0.56250000, -0.00627720
0.28125000, -0.75000000, 0.46875000, -0.01007965
0.37500000, -0.75000000, 0.37500000, -0.01151743
0.46875000, -0.75000000, 0.28125000, -0.00949565
0.56250000, -0.75000000, 0.18750000, -0.00554549
0.65625000, -0.75000000, 0.09375000, -0.00218981
0.75000000, -0.75000000, 0.00000000, -0.00038597
0.75000000, -0.65625000, -0.09375000, -0.00037392
0.75000000, -0.56250000, -0.18750000, -0.00031360
0.75000000, -0.46875000, -0.28125000, -0.00025066
0.75000000, -0.37500000, -0.37500000, -0.00019680
0.75000000, -0.28125000, -0.46875000, -0.00014186
0.75000000, -0.18750000, -0.56250000, -0.00007920
0.75000000, -0.09375000, -0.65625000, -0.00002736
0.80000000, 0.00000000, -0.80000000, 0.00000088
0.70000000, 0.10000000, -0.80000000, 0.00000048
0.60000000, 0.20000000, -0.80000000, -0.00000000
0.50000000, 0.30000000, -0.80000000, -0.00001374
0.40000000, 0.40000000, -0.80000000, -0.00005709
0.30000000, 0.50000000, -0.80000000, -0.00012077
0.20000000, 0.60000000, -0.80000000, -0.00017170
0.10000000, 0.70000000, -0.80000000, -0.00017764
0.00000000, 0.80000000, -0.80000000, -0.00012422
-0.10000000, 0.80000000, -0.70000000, -0.00099501
-0.20000000, 0.80000000, -0.60000000, -0.00299680
-0.30000000, 0.80000000, -0.50000000, -0.00549254
-0.40000000, 0.80000000, -0.40000000, -0.00651935
-0.50000000, 0.80000000, -0.30000000, -0.00513141
-0.60000000, 0.80000000, -0.20000000, -0.00260617
-0.70000000, 0.80000000, -0.10000000, -0.00081021
-0.80000000, 0.80000000, 0.00000000, -0.00008241
-0.80000000, 0.70000000, 0.10000000, -0.00007702
-0.80000000, 0.60000000, 0.20000000, -0.00005907
-0.80000000, 0.50000000, 0.30000000, -0.00004698
-0.80000000, 0.40000000, 0.40000000, -0.00004271
-0.80000000, 0.30000000, 0.50000000, -0.00003756
-0.80000000, 0.20000000, 0.60000000, -0.00002199
-0.80000000, 0.10000000, 0.70000000, -0.00000742
-0.80000000, 0.00000000, 0.80000000, 0.00000088
-0.70000000, -0.10000000, 0.80000000, 0.00000048
-0.60000000, -0.20000000, 0.80000000, -0.00000000
-0.50000000, -0.30000000, 0.80000000, -0.00001374
-0.40000000, -0.40000000, 0.80000000, -0.00005709
-0.30000000, -0.50000000, 0.80000000, -0.00012077
-0.20000000, -0.60000000, 0.80000000, -0.00017170
-0.10000000, -0.70000000, 0.80000000, -0.00017764
0.00000000, -0.80000000, 0.80000000, -0.00012422
0.10000000, -0.80000000, 0.70000000, -0.00099501
0.20000000, -0.80000000, 0.60000000, -0.00299680
0.30000000, -0.80000000, 0.50000000, -0.00549254
0.40000000, -0.80000000, 0.40000000, -0.00651935
0.50000000, -0.80000000, 0.30000000, -0.00513141
0.60000000, -0.80000000, 0.20000000, -0.00260617
0.70000000, -0.80000000, 0.10000000, -0.00081021
0.80000000, -0.80000000, 0.00000000, -0.00008241
0.80000000, -0.70000000, -0.10000000, -0.00007702
0.80000000, -0.60000000, -0.20000000, -0.00005907
0.80000000, -0.50000000, -0.30000000, -0.00004698
0.80000000, -0.40000000, -0.40000000, -0.00004271
0.80000000, -0.30000000, -0.50000000, -0.00003756
0.80000000, -0.20000000, -0.60000000, -0.00002199
0.80000000, -0.10000000, -0.70000000, -0.00000742
0.85000000, 0.00000000, -0.85000000, -0.00000037
0.74375000, 0.10625000, -0.85000000, 0.00000148
0.63750000, 0.21250000, -0.85000000, 0.00000450
0.53125000, 0.31875000, -0.85000000, 0.00000434
0.42500000, 0.42500000, -0.85000000, -0.00000390
0.31875000, 0.53125000, -0.85000000, -0.00001848
0.21250000, 0.63750000, -0.85000000, -0.00002765
0.10625000, 0.74375000, -0.85000000, -0.00002627
0.00000000, 0.85000000, -0.85000000, -0.00001809
-0.10625000, 0.85000000, -0.74375000, -0.00028817
-0.21250000, 0.85000000, -0.63750000, -0.00115533
-0.31875000, 0.85000000, -0.53125000, -0.00248083
-0.42500000, 0.85000000, -0.42500000, -0.00307876
-0.53125000, 0.85000000, -0.31875000, -0.00228962
-0.63750000, 0.85000000, -0.21250000, -0.00098088
-0.74375000, 0.85000000, -0.10625000, -0.00023274
-0.85000000, 0.85000000, 0.00000000, -0.00000988
-0.85000000, 0.74375000, 0.10625000, -0.00000797
-0.85000000, 0.63750000, 0.21250000, -0.00000363
-0.85000000, 0.53125000, 0.31875000, -0.00000253
-0.85000000, 0.42500000, 0.42500000, -0.00000579
-0.85000000, 0.31875000, 0.53125000, -0.00000555
-0.85000000, 0.21250000, 0.63750000, -0.00000248
-0.85000000, 0.10625000, 0.74375000, 0.00000014
-0.85000000, 0.00000000, 0.85000000, -0.00000037
-0.74375000, -0.10625000, 0.85000000, 0.00000148
-0.63750000, -0.21250000, 0.85000000, 0.00000450
-0.53125000, -0.31875000, 0.85000000, 0.00000434
-0.42500000, -0.42500000, 0.85000000, -0.00000390
-0.31875000, -0.53125000, 0.85000000, -0.00001848
-0.21250000, -0.63750000, 0.85000000, -0.00002765
-0.10625000, -0.74375000, 0.85000000, -0.00002627
0.00000000, -0.85000000, 0.85000000, -0.00001809
0.10625000, -0.85000000, 0.74375000, -0.00028817
0.21250000, -0.85000000, 0.63750000, -0.00115533
0.31875000, -0.85000000, 0.53125000, -0.00248083
0.42500000, -0.85000000, 0.42500000, -0.00307876
0.53125000, -0.85000000, 0.31875000, -0.00228962
0.63750000, -0.85000000, 0.21250000, -0.00098088
0.74375000, -0.85000000, 0.10625000, -0.00023274
0.85000000, -0.85000000, 0.00000000, -0.00000988
0.85000000, -0.74375000, -0.10625000, -0.00000797
0.85000000, -0.63750000, -0.21250000, -0.00000363
0.85000000, -0.53125000, -0.31875000, -0.00000253
0.85000000, -0.42500000, -0.42500000, -0.00000579
0.85000000, -0.31875000, -0.53125000, -0.00000555
0.85000000, -0.21250000, -0.63750000, -0.00000248
0.85000000, -0.10625000, -0.74375000, 0.00000014
0.90000000, 0.00000000, -0.90000000, -0.00000063
0.78750000, 0.11250000, -0.90000000, 0.00000053
0.67500000, 0.22500000, -0.90000000, 0.00000164
0.56250000, 0.33750000, -0.90000000, 0.00000206
0.45000000, 0.45000000, -0.90000000, 0.00000135
0.33750000, 0.56250000, -0.90000000, -0.00000035
0.22500000, 0.67500000, -0.90000000, -0.00000054
0.11250000, 0.78750000, -0.90000000, 0.00000017
0.00000000, 0.90000000, -0.90000000, -0.00000058
-0.11250000, 0.90000000, -0.78750000, -0.00005713
-0.22500000, 0.90000000, -0.67500000, -0.00031478
-0.33750000, 0.90000000, -0.56250000, -0.00081776
-0.45000000, 0.90000000, -0.45000000, -0.00106948
-0.56250000, 0.90000000, -0.33750000, -0.00074369
-0.67500000, 0.90000000, -0.22500000, -0.00025911
-0.78750000, 0.90000000, -0.11250000, -0.00004605
-0.90000000, 0.90000000, 0.00000000, 0.00000116
-0.90000000, 0.78750000, 0.11250000, 0.00000085
-0.90000000, 0.67500000, 0.22500000, 0.00000117
-0.90000000, 0.56250000, 0.33750000, 0.00000101
-0.90000000, 0.45000000, 0.45000000, -0.00000049
-0.90000000, 0.33750000, 0.56250000, 0.00000045
-0.90000000, 0.22500000, 0.67500000, 0.00000089
-0.90000000, 0.11250000, 0.78750000, 0.00000096
-0.90000000, 0.00000000, 0.90000000, -0.00000063
-0.78750000, -0.11250000, 0.90000000, 0.00000053
-0.67500000, -0.22500000, 0.90000000, 0.00000164
-0.56250000, -0.33750000, 0.90000000, 0.00000206
-0.45000000, -0.45000000, 0.90000000, 0.00000135
-0.33750000, -0.56250000, 0.90000000, -0.00000035
-0.22500000, -0.67500000, 0.90000000, -0.00000054
-0.11250000, -0.78750000, 0.90000000, 0.00000017
0.00000000, -0.90000000, 0.90000000, -0.00000058
0.11250000, -0.90000000, 0.78750000, -0.00005713
0.22500000, -0.90000000, 0.67500000, -0.00031478
0.33750000, -0.90000000, 0.56250000, -0.00081776
0.45000000, -0.90000000, 0.45000000, -0.00106948
0.56250000, -0.90000000, 0.33750000, -0.00074369
0.67500000, -0.90000000, 0.22500000, -0.00025911
0.78750000, -0.90000000, 0.11250000, -0.00004605
0.90000000, -0.90000000, 0.00000000, 0.00000116
0.90000000, -0.78750000, -0.11250000, 0.00000085
0.90000000, -0.67500000, -0.22500000, 0.00000117
0.90000000, -0.56250000, -0.33750000, 0.00000101
0.90000000, -0.45000000, -0.45000000, -0.00000049
0.90000000, -0.33750000, -0.56250000, 0.00000045
0.90000000, -0.22500000, -0.67500000, 0.00000089
0.90000000, -0.11250000, -0.78750000, 0.00000096
0.95000000, 0.00000000, -0.95000000, 0.00000068
0.83125000, 0.11875000, -0.95000000, -0.00000030
0.71250000, 0.23750000, -0.95000000, -0.00000068
0.59375000, 0.35625000, -0.95000000, -0.00000016
0.47500000, 0.47500000, -0.95000000, -0.00000050
0.35625000, 0.59375000, -0.95000000, -0.00000124
0.23750000, 0.71250000, -0.95000000, -0.00000206
0.11875000, 0.83125000, -0.95000000, -0.00000179
0.00000000, 0.95000000, -0.95000000, -0.00000028
-0.11875000, 0.95000000, -0.83125000, -0.00000419
-0.23750000, 0.95000000, -0.71250000, -0.00003902
-0.35625000, 0.95000000, -0.59375000, -0.00013095
-0.47500000, 0.95000000, -0.47500000, -0.00018267
-0.59375000, 0.95000000, -0.35625000, -0.00011891
-0.71250000, 0.95000000, -0.23750000, -0.00003262
-0.83125000, 0.95000000, -0.11875000, -0.00000444
-0.95000000, 0.95000000, 0.00000000, -0.00000270
-0.95000000, 0.83125000, 0.11875000, -0.00000082
-0.95000000, 0.71250000, 0.23750000, 0.00000006
-0.95000000, 0.59375000, 0.35625000, 0.00000013
-0.95000000, 0.47500000, 0.47500000, -0.00000004
-0.95000000, 0.35625000, 0.59375000, -0.00000179
-0.95000000, 0.23750000, 0.71250000, -0.00000165
-0.95000000, 0.11875000, 0.83125000, -0.00000097
-0.95000000, 0.00000000, 0.95000000, 0.00000068
-0.83125000, -0.11875000, 0.95000000, -0.00000030
-0.71250000, -0.23750000, 0.95000000, -0.00000068
-0.59375000, -0.35625000, 0.95000000, -0.00000016
-0.47500000, -0.47500000, 0.95000000, -0.00000050
-0.35625000, -0.59375000, 0.95000000, -0.00000124
-0.23750000, -0.71250000, 0.95000000, -0.00000206
-0.11875000, -0.83125000, 0.95000000, -0.00000179
0.00000000, -0.95000000, 0.95000000, -0.00000028
0.11875000, -0.95000000, 0.83125000, -0.00000419
0.23750000, -0.95000000, 0.71250000, -0.00003902
0.35625000, -0.95000000, 0.59375000, -0.00013095
0.47500000, -0.95000000, 0.47500000, -0.00018267
0.59375000, -0.95000000, 0.35625000, -0.00011891
0.71250000, -0.95000000, 0.23750000, -0.00003262
0.83125000, -0.95000000, 0.11875000, -0.00000444
0.95000000, -0.95000000, 0.00000000, -0.00000270
0.95000000, -0.83125000, -0.11875000, -0.00000082
0.95000000, -0.71250000, -0.23750000, 0.00000006
0.95000000, -0.59375000, -0.35625000, 0.00000013
0.95000000, -0.47500000, -0.47500000, -0.00000004
0.95000000, -0.35625000, -0.59375000, -0.00000179
0.95000000, -0.23750000, -0.71250000, -0.00000165
0.95000000, -0.11875000, -0.83125000, -0.00000097
1.00000000, 0.00000000, -1.00000000, 0.00000000
0.87500000, 0.12500000, -1.00000000, 0.00000000
0.75000000, 0.25000000, -1.00000000, 0.00000000
0.62500000, 0.37500000, -1.00000000, 0.00000000
0.50000000, 0.50000000, -1.00000000, 0.00000000
0.37500000, 0.62500000, -1.00000000, 0.00000000
0.25000000, 0.75000000, -1.00000000, 0.00000000
0.12500000, 0.87500000, -1.00000000, 0.00000000
0.00000000, 1.00000000, -1.00000000, 0.00000000
-0.12500000, 1.00000000, -0.87500000, 0.00000000
-0.25000000, 1.00000000, -0.75000000, 0.00000000
-0.37500000, 1.00000000, -0.62500000, 0.00000000
-0.50000000, 1.00000000, -0.50000000, 0.00000000
-0.62500000, 1.00000000, -0.37500000, 0.00000000
-0.75000000, 1.00000000, -0.25000000, 0.00000000
-0.87500000, 1.00000000, -0.12500000, 0.00000000
-1.00000000, 1.00000000, 0.00000000, 0.00000000
-1.00000000, 0.87500000, 0.12500000, 0.00000000
-1.00000000, 0.75000000, 0.25000000, 0.00000000
-1.00000000, 0.62500000, 0.37500000, 0.00000000
-1.00000000, 0.50000000, 0.50000000, 0.00000000
-1.00000000, 0.37500000, 0.62500000, 0.00000000
-1.00000000, 0.25000000, 0.75000000, 0.00000000
-1.00000000, 0.12500000, 0.87500000, 0.00000000
-1.00000000, 0.00000000, 1.00000000, 0.00000000
-0.87500000, -0.12500000, 1.00000000, 0.00000000
-0.75000000, -0.25000000, 1.00000000, 0.00000000
-0.62500000, -0.37500000, 1.00000000, 0.00000000
-0.50000000, -0.50000000, 1.00000000, 0.00000000
-0.37500000, -0.62500000, 1.00000000, 0.00000000
-0.25000000, -0.75000000, 1.00000000, 0.00000000
-0.12500000, -0.87500000, 1.00000000, 0.00000000
0.00000000, -1.00000000, 1.00000000, 0.00000000
0.12500000, -1.00000000, 0.87500000, 0.00000000
0.25000000, -1.00000000, 0.75000000, 0.00000000
0.37500000, -1.00000000, 0.62500000, 0.00000000
0.50000000, -1.00000000, 0.50000000, 0.00000000
0.62500000, -1.00000000, 0.37500000, 0.00000000
0.75000000, -1.00000000, 0.25000000, 0.00000000
0.87500000, -1.00000000, 0.12500000, 0.00000000
1.00000000, -1.00000000, 0.00000000, 0.00000000
1.00000000, -0.87500000, -0.12500000, 0.00000000
1.00000000, -0.75000000, -0.25000000, 0.00000000
1.00000000, -0.62500000, -0.37500000, 0.00000000
1.00000000, -0.50000000, -0.50000000, 0.00000000
1.00000000, -0.37500000, -0.62500000, 0.00000000
1.00000000, -0.25000000, -0.75000000, 0.00000000
1.00000000, -0.12500000, -0.87500000, 0.00000000
