0.01000000, 0.00000000, -0.01000000, -0.02902555
0.00000000, 0.01000000, -0.01000000, -0.03295441
-0.00125000, 0.01000000, -0.00875000, 0.03155288
-0.00250000, 0.01000000, -0.00750000, 0.07760098
-0.00375000, 0.01000000, -0.00625000, 0.10489287
-0.00500000, 0.01000000, -0.00500000, 0.11456578
-0.00625000, 0.01000000, -0.00375000, 0.10530417
-0.00750000, 0.01000000, -0.00250000, 0.07922140
-0.00875000, 0.01000000, -0.00125000, 0.03379913
-0.01000000, 0.01000000, 0.00000000, -0.02876525
-0.01000000, 0.00875000, 0.00125000, -0.02886489
-0.01000000, 0.00750000, 0.00250000, -0.02849001
-0.01000000, 0.00625000, 0.00375000, -0.02868393
-0.01000000, 0.00500000, 0.00500000, -0.02833485
-0.01000000, 0.00375000, 0.00625000, -0.02885381
-0.01000000, 0.00250000, 0.00750000, -0.02834391
-0.01000000, 0.00125000, 0.00875000, -0.02888810
-0.01000000, 0.00000000, 0.01000000, -0.02902555
0.00000000, -0.01000000, 0.01000000, -0.03295441
0.00125000, -0.01000000, 0.00875000, 0.03155288
0.00250000, -0.01000000, 0.00750000, 0.07760098
0.00375000, -0.01000000, 0.00625000, 0.10489287
0.00500000, -0.01000000, 0.00500000, 0.11456578
0.00625000, -0.01000000, 0.00375000, 0.10530417
0.00750000, -0.01000000, 0.00250000, 0.07922140
0.00875000, -0.01000000, 0.00125000, 0.03379913
0.01000000, -0.01000000, 0.00000000, -0.02876525
0.01000000, -0.00875000, -0.00125000, -0.02886489
0.01000000, -0.00750000, -0.00250000, -0.02849001
0.01000000, -0.00625000, -0.00375000, -0.02868393
0.01000000, -0.00500000, -0.00500000, -0.02833485
0.01000000, -0.00375000, -0.00625000, -0.02885381
0.01000000, -0.00250000, -0.00750000, -0.02834391
0.01000000, -0.00125000, -0.00875000, -0.02888810
0.02000000, 0.00000000, -0.02000000, -0.02616915
0.01750000, 0.00250000, -0.02000000, -0.02700303
0.01500000, 0.00500000, -0.02000000, -0.02802654
0.01250000, 0.00750000, -0.02000000, -0.02926957
0.01000000, 0.01000000, -0.02000000, -0.03043374
0.00750000, 0.01250000, -0.02000000, -0.03162155
0.00500000, 0.01500000, -0.02000000, -0.03258648
0.00250000, 0.01750000, -0.02000000, -0.03312292
0.00000000, 0.02000000, -0.02000000, -0.03249116
-0.00250000, 0.02000000, -0.01750000, 0.00083865
-0.00500000, 0.02000000, -0.01500000, 0.02449168
-0.00750000, 0.02000000, -0.01250000, 0.03835272
-0.01000000, 0.02000000, -0.01000000, 0.04363308
-0.01250000, 0.02000000, -0.00750000, 0.03923299
-0.01500000, 0.02000000, -0.00500000, 0.02586333
-0.01750000, 0.02000000, -0.00250000, 0.00340873
-0.02000000, 0.02000000, 0.00000000, -0.02790597
-0.02000000, 0.01750000, 0.00250000, -0.02745366
-0.02000000, 0.01500000, 0.00500000, -0.02681982
-0.02000000, 0.01250000, 0.00750000, -0.02670470
-0.02000000, 0.01000000, 0.01000000, -0.02612939
-0.02000000, 0.00750000, 0.01250000, -0.02607317
-0.02000000, 0.00500000, 0.01500000, -0.02603159
-0.02000000, 0.00250000, 0.01750000, -0.02606208
-0.02000000, 0.00000000, 0.02000000, -0.02616915
-0.01750000, -0.00250000, 0.02000000, -0.02700303
-0.01500000, -0.00500000, 0.02000000, -0.02802654
-0.01250000, -0.00750000, 0.02000000, -0.02926957
-0.01000000, -0.01000000, 0.02000000, -0.03043374
-0.00750000, -0.01250000, 0.02000000, -0.03162155
-0.00500000, -0.01500000, 0.02000000, -0.03258648
-0.00250000, -0.01750000, 0.02000000, -0.03312292
0.00000000, -0.02000000, 0.02000000, -0.03249116
0.00250000, -0.02000000, 0.01750000, 0.00083865
0.00500000, -0.02000000, 0.01500000, 0.02449168
0.00750000, -0.02000000, 0.01250000, 0.03835272
0.01000000, -0.02000000, 0.01000000, 0.04363308
0.01250000, -0.02000000, 0.00750000, 0.03923299
0.01500000, -0.02000000, 0.00500000, 0.02586333
0.01750000, -0.02000000, 0.00250000, 0.00340873
0.02000000, -0.02000000, 0.00000000, -0.02790597
0.02000000, -0.01750000, -0.00250000, -0.02745366
0.02000000, -0.01500000, -0.00500000, -0.02681982
0.02000000, -0.01250000, -0.00750000, -0.02670470
0.02000000, -0.01000000, -0.01000000, -0.02612939
0.02000000, -0.00750000, -0.01250000, -0.02607317
0.02000000, -0.00500000, -0.01500000, -0.02603159
0.02000000, -0.00250000, -0.01750000, -0.02606208
0.03000000, 0.00000000, -0.03000000, -0.02443334
0.02625000, 0.00375000, -0.03000000, -0.02529486
0.02250000, 0.00750000, -0.03000000, -0.02645811
0.01875000, 0.01125000, -0.03000000, -0.02785441
0.01500000, 0.01500000, -0.03000000, -0.02932036
0.01125000, 0.01875000, -0.03000000, -0.03076545
0.00750000, 0.02250000, -0.03000000, -0.03208495
0.00375000, 0.02625000, -0.03000000, -0.03304888
0.00000000, 0.03000000, -0.03000000, -0.03293055
-0.00375000, 0.03000000, -0.02625000, -0.00994171
-0.00750000, 0.03000000, -0.02250000, 0.00635454
-0.01125000, 0.03000000, -0.01875000, 0.01593610
-0.01500000, 0.03000000, -0.01500000, 0.01945411
-0.01875000, 0.03000000, -0.01125000, 0.01679922
-0.02250000, 0.03000000, -0.00750000, 0.00799128
-0.02625000, 0.03000000, -0.00375000, -0.00689049
-0.03000000, 0.03000000, 0.00000000, -0.02760069
-0.03000000, 0.02625000, 0.00375000, -0.02669078
-0.03000000, 0.02250000, 0.00750000, -0.02581899
-0.03000000, 0.01875000, 0.01125000, -0.02540333
-0.03000000, 0.01500000, 0.01500000, -0.02498043
-0.03000000, 0.01125000, 0.01875000, -0.02462975
-0.03000000, 0.00750000, 0.02250000, -0.02439836
-0.03000000, 0.00375000, 0.02625000, -0.02433263
-0.03000000, 0.00000000, 0.03000000, -0.02443334
-0.02625000, -0.00375000, 0.03000000, -0.02529486
-0.02250000, -0.00750000, 0.03000000, -0.02645811
-0.01875000, -0.01125000, 0.03000000, -0.02785441
-0.01500000, -0.01500000, 0.03000000, -0.02932036
-0.01125000, -0.01875000, 0.03000000, -0.03076545
-0.00750000, -0.02250000, 0.03000000, -0.03208495
-0.00375000, -0.02625000, 0.03000000, -0.03304888
0.00000000, -0.03000000, 0.03000000, -0.03293055
0.00375000, -0.03000000, 0.02625000, -0.00994171
0.00750000, -0.03000000, 0.02250000, 0.00635454
0.01125000, -0.03000000, 0.01875000, 0.01593610
0.01500000, -0.03000000, 0.01500000, 0.01945411
0.01875000, -0.03000000, 0.01125000, 0.01679922
0.02250000, -0.03000000, 0.00750000, 0.00799128
0.02625000, -0.03000000, 0.00375000, -0.00689049
0.03000000, -0.03000000, 0.00000000, -0.02760069
0.03000000, -0.02625000, -0.00375000, -0.02669078
0.03000000, -0.02250000, -0.00750000, -0.02581899
0.03000000, -0.01875000, -0.01125000, -0.02540333
0.03000000, -0.01500000, -0.01500000, -0.02498043
0.03000000, -0.01125000, -0.01875000, -0.02462975
0.03000000, -0.00750000, -0.02250000, -0.02439836
0.03000000, -0.00375000, -0.02625000, -0.02433263
0.04000000, 0.00000000, -0.04000000, -0.02320111
0.03500000, 0.00500000, -0.04000000, -0.02410683
0.03000000, 0.01000000, -0.04000000, -0.02541402
0.02500000, 0.01500000, -0.04000000, -0.02697424
0.02000000, 0.02000000, -0.04000000, -0.02867893
0.01500000, 0.02500000, -0.04000000, -0.03043249
0.01000000, 0.03000000, -0.04000000, -0.03210347
0.00500000, 0.03500000, -0.04000000, -0.03348112
0.00000000, 0.04000000, -0.04000000, -0.03382017
-0.00500000, 0.04000000, -0.03500000, -0.01590407
-0.01000000, 0.04000000, -0.03000000, -0.00337014
-0.01500000, 0.04000000, -0.02500000, 0.00422531
-0.02000000, 0.04000000, -0.02000000, 0.00707015
-0.02500000, 0.04000000, -0.01500000, 0.00521983
-0.03000000, 0.04000000, -0.01000000, -0.00126789
-0.03500000, 0.04000000, -0.00500000, -0.01231946
-0.04000000, 0.04000000, 0.00000000, -0.02761913
-0.04000000, 0.03500000, 0.00500000, -0.02626930
-0.04000000, 0.03000000, 0.01000000, -0.02528806
-0.04000000, 0.02500000, 0.01500000, -0.02455158
-0.04000000, 0.02000000, 0.02000000, -0.02399267
-0.04000000, 0.01500000, 0.02500000, -0.02357012
-0.04000000, 0.01000000, 0.03000000, -0.02327676
-0.04000000, 0.00500000, 0.03500000, -0.02312147
-0.04000000, 0.00000000, 0.04000000, -0.02320111
-0.03500000, -0.00500000, 0.04000000, -0.02410683
-0.03000000, -0.01000000, 0.04000000, -0.02541402
-0.02500000, -0.01500000, 0.04000000, -0.02697424
-0.02000000, -0.02000000, 0.04000000, -0.02867893
-0.01500000, -0.02500000, 0.04000000, -0.03043249
-0.01000000, -0.03000000, 0.04000000, -0.03210347
-0.00500000, -0.03500000, 0.04000000, -0.03348112
0.00000000, -0.04000000, 0.04000000, -0.03382017
0.00500000, -0.04000000, 0.03500000, -0.01590407
0.01000000, -0.04000000, 0.03000000, -0.00337014
0.01500000, -0.04000000, 0.02500000, 0.00422531
0.02000000, -0.04000000, 0.02000000, 0.00707015
0.02500000, -0.04000000, 0.01500000, 0.00521983
0.03000000, -0.04000000, 0.01000000, -0.00126789
0.03500000, -0.04000000, 0.00500000, -0.01231946
0.04000000, -0.04000000, 0.00000000, -0.02761913
0.04000000, -0.03500000, -0.00500000, -0.02626930
0.04000000, -0.03000000, -0.01000000, -0.02528806
0.04000000, -0.02500000, -0.01500000, -0.02455158
0.04000000, -0.02000000, -0.02000000, -0.02399267
0.04000000, -0.01500000, -0.02500000, -0.02357012
0.04000000, -0.01000000, -0.03000000, -0.02327676
0.04000000, -0.00500000, -0.03500000, -0.02312147
0.05000000, 0.00000000, -0.05000000, -0.02227439
0.04375000, 0.00625000, -0.05000000, -0.02323432
0.03750000, 0.01250000, -0.05000000, -0.02466806
0.03125000, 0.01875000, -0.05000000, -0.02641330
0.02500000, 0.02500000, -0.05000000, -0.02836063
0.01875000, 0.03125000, -0.05000000, -0.03040569
0.01250000, 0.03750000, -0.05000000, -0.03242964
0.00625000, 0.04375000, -0.05000000, -0.03421073
0.00000000, 0.05000000, -0.05000000, -0.03499622
-0.00625000, 0.05000000, -0.04375000, -0.02005025
-0.01250000, 0.05000000, -0.03750000, -0.00963412
-0.01875000, 0.05000000, -0.03125000, -0.00326990
-0.02500000, 0.05000000, -0.02500000, -0.00077782
-0.03125000, 0.05000000, -0.01875000, -0.00207618
-0.03750000, 0.05000000, -0.01250000, -0.00714270
-0.04375000, 0.05000000, -0.00625000, -0.01585994
-0.05000000, 0.05000000, 0.00000000, -0.02784569
-0.05000000, 0.04375000, 0.00625000, -0.02608948
-0.05000000, 0.03750000, 0.01250000, -0.02487833
-0.05000000, 0.03125000, 0.01875000, -0.02396206
-0.05000000, 0.02500000, 0.02500000, -0.02326801
-0.05000000, 0.01875000, 0.03125000, -0.02272252
-0.05000000, 0.01250000, 0.03750000, -0.02237227
-0.05000000, 0.00625000, 0.04375000, -0.02216633
-0.05000000, 0.00000000, 0.05000000, -0.02227439
-0.04375000, -0.00625000, 0.05000000, -0.02323432
-0.03750000, -0.01250000, 0.05000000, -0.02466806
-0.03125000, -0.01875000, 0.05000000, -0.02641330
-0.02500000, -0.02500000, 0.05000000, -0.02836063
-0.01875000, -0.03125000, 0.05000000, -0.03040569
-0.01250000, -0.03750000, 0.05000000, -0.03242964
-0.00625000, -0.04375000, 0.05000000, -0.03421073
0.00000000, -0.05000000, 0.05000000, -0.03499622
0.00625000, -0.05000000, 0.04375000, -0.02005025
0.01250000, -0.05000000, 0.03750000, -0.00963412
0.01875000, -0.05000000, 0.03125000, -0.00326990
0.02500000, -0.05000000, 0.02500000, -0.00077782
0.03125000, -0.05000000, 0.01875000, -0.00207618
0.03750000, -0.05000000, 0.01250000, -0.00714270
0.04375000, -0.05000000, 0.00625000, -0.01585994
0.05000000, -0.05000000, 0.00000000, -0.02784569
0.05000000, -0.04375000, -0.00625000, -0.02608948
0.05000000, -0.03750000, -0.01250000, -0.02487833
0.05000000, -0.03125000, -0.01875000, -0.02396206
0.05000000, -0.02500000, -0.02500000, -0.02326801
0.05000000, -0.01875000, -0.03125000, -0.02272252
0.05000000, -0.01250000, -0.03750000, -0.02237227
0.05000000, -0.00625000, -0.04375000, -0.02216633
0.06000000, 0.00000000, -0.06000000, -0.02158039
0.05250000, 0.00750000, -0.06000000, -0.02258780
0.04500000, 0.01500000, -0.06000000, -0.02414699
0.03750000, 0.02250000, -0.06000000, -0.02607470
0.03000000, 0.03000000, -0.06000000, -0.02826890
0.02250000, 0.03750000, -0.06000000, -0.03062327
0.01500000, 0.04500000, -0.06000000, -0.03300771
0.00750000, 0.05250000, -0.06000000, -0.03519119
0.00000000, 0.06000000, -0.06000000, -0.03639704
-0.00750000, 0.06000000, -0.05250000, -0.02330891
-0.01500000, 0.06000000, -0.04500000, -0.01425814
-0.02250000, 0.06000000, -0.03750000, -0.00867543
-0.03000000, 0.06000000, -0.03000000, -0.00638114
-0.03750000, 0.06000000, -0.02250000, -0.00732829
-0.04500000, 0.06000000, -0.01500000, -0.01142077
-0.05250000, 0.06000000, -0.00750000, -0.01855391
-0.06000000, 0.06000000, 0.00000000, -0.02825073
-0.06000000, 0.05250000, 0.00750000, -0.02605603
-0.06000000, 0.04500000, 0.01500000, -0.02460014
-0.06000000, 0.03750000, 0.02250000, -0.02351025
-0.06000000, 0.03000000, 0.03000000, -0.02268274
-0.06000000, 0.02250000, 0.03750000, -0.02209007
-0.06000000, 0.01500000, 0.04500000, -0.02168713
-0.06000000, 0.00750000, 0.05250000, -0.02147787
-0.06000000, 0.00000000, 0.06000000, -0.02158039
-0.05250000, -0.00750000, 0.06000000, -0.02258780
-0.04500000, -0.01500000, 0.06000000, -0.02414699
-0.03750000, -0.02250000, 0.06000000, -0.02607470
-0.03000000, -0.03000000, 0.06000000, -0.02826890
-0.02250000, -0.03750000, 0.06000000, -0.03062327
-0.01500000, -0.04500000, 0.06000000, -0.03300771
-0.00750000, -0.05250000, 0.06000000, -0.03519119
0.00000000, -0.06000000, 0.06000000, -0.03639704
0.00750000, -0.06000000, 0.05250000, -0.02330891
0.01500000, -0.06000000, 0.04500000, -0.01425814
0.02250000, -0.06000000, 0.03750000, -0.00867543
0.03000000, -0.06000000, 0.03000000, -0.00638114
0.03750000, -0.06000000, 0.02250000, -0.00732829
0.04500000, -0.06000000, 0.01500000, -0.01142077
0.05250000, -0.06000000, 0.00750000, -0.01855391
0.06000000, -0.06000000, 0.00000000, -0.02825073
0.06000000, -0.05250000, -0.00750000, -0.02605603
0.06000000, -0.04500000, -0.01500000, -0.02460014
0.06000000, -0.03750000, -0.02250000, -0.02351025
0.06000000, -0.03000000, -0.03000000, -0.02268274
0.06000000, -0.02250000, -0.03750000, -0.02209007
0.06000000, -0.01500000, -0.04500000, -0.02168713
0.06000000, -0.00750000, -0.05250000, -0.02147787
0.07000000, 0.00000000, -0.07000000, -0.02104267
0.06125000, 0.00875000, -0.07000000, -0.02210417
0.05250000, 0.01750000, -0.07000000, -0.02379447
0.04375000, 0.02625000, -0.07000000, -0.02591129
0.03500000, 0.03500000, -0.07000000, -0.02835204
0.02625000, 0.04375000, -0.07000000, -0.03100944
0.01750000, 0.05250000, -0.07000000, -0.03374631
0.00875000, 0.06125000, -0.07000000, -0.03633372
0.00000000, 0.07000000, -0.07000000, -0.03797524
-0.00875000, 0.07000000, -0.06125000, -0.02612478
-0.01750000, 0.07000000, -0.05250000, -0.01804206
-0.02625000, 0.07000000, -0.04375000, -0.01297355
-0.03500000, 0.07000000, -0.03500000, -0.01079260
-0.04375000, 0.07000000, -0.02625000, -0.01143001
-0.05250000, 0.07000000, -0.01750000, -0.01479723
-0.06125000, 0.07000000, -0.00875000, -0.02077337
-0.07000000, 0.07000000, 0.00000000, -0.02880066
-0.07000000, 0.06125000, 0.00875000, -0.02616633
-0.07000000, 0.05250000, 0.01750000, -0.02449104
-0.07000000, 0.04375000, 0.02625000, -0.02322205
-0.07000000, 0.03500000, 0.03500000, -0.02226611
-0.07000000, 0.02625000, 0.04375000, -0.02158053
-0.07000000, 0.01750000, 0.05250000, -0.02112778
-0.07000000, 0.00875000, 0.06125000, -0.02091964
-0.07000000, 0.00000000, 0.07000000, -0.02104267
-0.06125000, -0.00875000, 0.07000000, -0.02210417
-0.05250000, -0.01750000, 0.07000000, -0.02379447
-0.04375000, -0.02625000, 0.07000000, -0.02591129
-0.03500000, -0.03500000, 0.07000000, -0.02835204
-0.02625000, -0.04375000, 0.07000000, -0.03100944
-0.01750000, -0.05250000, 0.07000000, -0.03374631
-0.00875000, -0.06125000, 0.07000000, -0.03633372
0.00000000, -0.07000000, 0.07000000, -0.03797524
0.00875000, -0.07000000, 0.06125000, -0.02612478
0.01750000, -0.07000000, 0.05250000, -0.01804206
0.02625000, -0.07000000, 0.04375000, -0.01297355
0.03500000, -0.07000000, 0.03500000, -0.01079260
0.04375000, -0.07000000, 0.02625000, -0.01143001
0.05250000, -0.07000000, 0.01750000, -0.01479723
0.06125000, -0.07000000, 0.00875000, -0.02077337
0.07000000, -0.07000000, 0.00000000, -0.02880066
0.07000000, -0.06125000, -0.00875000, -0.02616633
0.07000000, -0.05250000, -0.01750000, -0.02449104
0.07000000, -0.04375000, -0.02625000, -0.02322205
0.07000000, -0.03500000, -0.03500000, -0.02226611
0.07000000, -0.02625000, -0.04375000, -0.02158053
0.07000000, -0.01750000, -0.05250000, -0.02112778
0.07000000, -0.00875000, -0.06125000, -0.02091964
0.08000000, 0.00000000, -0.08000000, -0.02064574
0.07000000, 0.01000000, -0.08000000, -0.02176088
0.06000000, 0.02000000, -0.08000000, -0.02357877
0.05000000, 0.03000000, -0.08000000, -0.02588503
0.04000000, 0.04000000, -0.08000000, -0.02857318
0.03000000, 0.05000000, -0.08000000, -0.03152980
0.02000000, 0.06000000, -0.08000000, -0.03461928
0.01000000, 0.07000000, -0.08000000, -0.03760992
0.00000000, 0.08000000, -0.08000000, -0.03968759
-0.01000000, 0.08000000, -0.07000000, -0.02872562
-0.02000000, 0.08000000, -0.06000000, -0.02131941
-0.03000000, 0.08000000, -0.05000000, -0.01660576
-0.04000000, 0.08000000, -0.04000000, -0.01448827
-0.05000000, 0.08000000, -0.03000000, -0.01486205
-0.06000000, 0.08000000, -0.02000000, -0.01766638
-0.07000000, 0.08000000, -0.01000000, -0.02275097
-0.08000000, 0.08000000, 0.00000000, -0.02947786
-0.08000000, 0.07000000, 0.01000000, -0.02641475
-0.08000000, 0.06000000, 0.02000000, -0.02450678
-0.08000000, 0.05000000, 0.03000000, -0.02305766
-0.08000000, 0.04000000, 0.04000000, -0.02197506
-0.08000000, 0.03000000, 0.05000000, -0.02118390
-0.08000000, 0.02000000, 0.06000000, -0.02068673
-0.08000000, 0.01000000, 0.07000000, -0.02047680
-0.08000000, 0.00000000, 0.08000000, -0.02064574
-0.07000000, -0.01000000, 0.08000000, -0.02176088
-0.06000000, -0.02000000, 0.08000000, -0.02357877
-0.05000000, -0.03000000, 0.08000000, -0.02588503
-0.04000000, -0.04000000, 0.08000000, -0.02857318
-0.03000000, -0.05000000, 0.08000000, -0.03152980
-0.02000000, -0.06000000, 0.08000000, -0.03461928
-0.01000000, -0.07000000, 0.08000000, -0.03760992
0.00000000, -0.08000000, 0.08000000, -0.03968759
0.01000000, -0.08000000, 0.07000000, -0.02872562
0.02000000, -0.08000000, 0.06000000, -0.02131941
0.03000000, -0.08000000, 0.05000000, -0.01660576
0.04000000, -0.08000000, 0.04000000, -0.01448827
0.05000000, -0.08000000, 0.03000000, -0.01486205
0.06000000, -0.08000000, 0.02000000, -0.01766638
0.07000000, -0.08000000, 0.01000000, -0.02275097
0.08000000, -0.08000000, 0.00000000, -0.02947786
0.08000000, -0.07000000, -0.01000000, -0.02641475
0.08000000, -0.06000000, -0.02000000, -0.02450678
0.08000000, -0.05000000, -0.03000000, -0.02305766
0.08000000, -0.04000000, -0.04000000, -0.02197506
0.08000000, -0.03000000, -0.05000000, -0.02118390
0.08000000, -0.02000000, -0.06000000, -0.02068673
0.08000000, -0.01000000, -0.07000000, -0.02047680
0.09000000, 0.00000000, -0.09000000, -0.02037806
0.07875000, 0.01125000, -0.09000000, -0.02154089
0.06750000, 0.02250000, -0.09000000, -0.02347886
0.05625000, 0.03375000, -0.09000000, -0.02597012
0.04500000, 0.04500000, -0.09000000, -0.02890570
0.03375000, 0.05625000, -0.09000000, -0.03216430
0.02250000, 0.06750000, -0.09000000, -0.03561078
0.01125000, 0.07875000, -0.09000000, -0.03900374
0.00000000, 0.09000000, -0.09000000, -0.04150710
-0.01125000, 0.09000000, -0.07875000, -0.03120800
-0.02250000, 0.09000000, -0.06750000, -0.02427133
-0.03375000, 0.09000000, -0.05625000, -0.01981176
-0.04500000, 0.09000000, -0.04500000, -0.01772405
-0.05625000, 0.09000000, -0.03375000, -0.01789350
-0.06750000, 0.09000000, -0.02250000, -0.02024750
-0.07875000, 0.09000000, -0.01125000, -0.02461714
-0.09000000, 0.09000000, 0.00000000, -0.03027423
-0.09000000, 0.07875000, 0.01125000, -0.02678415
-0.09000000, 0.06750000, 0.02250000, -0.02462017
-0.09000000, 0.05625000, 0.03375000, -0.02298842
-0.09000000, 0.04500000, 0.04500000, -0.02177781
-0.09000000, 0.03375000, 0.05625000, -0.02090488
-0.09000000, 0.02250000, 0.06750000, -0.02036937
-0.09000000, 0.01125000, 0.07875000, -0.02016035
-0.09000000, 0.00000000, 0.09000000, -0.02037806
-0.07875000, -0.01125000, 0.09000000, -0.02154089
-0.06750000, -0.02250000, 0.09000000, -0.02347886
-0.05625000, -0.03375000, 0.09000000, -0.02597012
-0.04500000, -0.04500000, 0.09000000, -0.02890570
-0.03375000, -0.05625000, 0.09000000, -0.03216430
-0.02250000, -0.06750000, 0.09000000, -0.03561078
-0.01125000, -0.07875000, 0.09000000, -0.03900374
0.00000000, -0.09000000, 0.09000000, -0.04150710
0.01125000, -0.09000000, 0.07875000, -0.03120800
0.02250000, -0.09000000, 0.06750000, -0.02427133
0.03375000, -0.09000000, 0.05625000, -0.01981176
0.04500000, -0.09000000, 0.04500000, -0.01772405
0.05625000, -0.09000000, 0.03375000, -0.01789350
0.06750000, -0.09000000, 0.02250000, -0.02024750
0.07875000, -0.09000000, 0.01125000, -0.02461714
0.09000000, -0.09000000, 0.00000000, -0.03027423
0.09000000, -0.07875000, -0.01125000, -0.02678415
0.09000000, -0.06750000, -0.02250000, -0.02462017
0.09000000, -0.05625000, -0.03375000, -0.02298842
0.09000000, -0.04500000, -0.04500000, -0.02177781
0.09000000, -0.03375000, -0.05625000, -0.02090488
0.09000000, -0.02250000, -0.06750000, -0.02036937
0.09000000, -0.01125000, -0.07875000, -0.02016035
0.10000000, 0.00000000, -0.10000000, -0.02021728
0.08750000, 0.01250000, -0.10000000, -0.02142296
0.07500000, 0.02500000, -0.10000000, -0.02347551
0.06250000, 0.03750000, -0.10000000, -0.02614802
0.05000000, 0.05000000, -0.10000000, -0.02932864
0.03750000, 0.06250000, -0.10000000, -0.03289057
0.02500000, 0.07500000, -0.10000000, -0.03669460
0.01250000, 0.08750000, -0.10000000, -0.04048939
0.00000000, 0.10000000, -0.10000000, -0.04341444
-0.01250000, 0.10000000, -0.08750000, -0.03361316
-0.02500000, 0.10000000, -0.07500000, -0.02701731
-0.03750000, 0.10000000, -0.06250000, -0.02274483
-0.05000000, 0.10000000, -0.05000000, -0.02066446
-0.06250000, 0.10000000, -0.03750000, -0.02066934
-0.07500000, 0.10000000, -0.02500000, -0.02265120
-0.08750000, 0.10000000, -0.01250000, -0.02643045
-0.10000000, 0.10000000, 0.00000000, -0.03118460
-0.10000000, 0.08750000, 0.01250000, -0.02726235
-0.10000000, 0.07500000, 0.02500000, -0.02483032
-0.10000000, 0.06250000, 0.03750000, -0.02301236
-0.10000000, 0.05000000, 0.05000000, -0.02167151
-0.10000000, 0.03750000, 0.06250000, -0.02073128
-0.10000000, 0.02500000, 0.07500000, -0.02015935
-0.10000000, 0.01250000, 0.08750000, -0.01995436
-0.10000000, 0.00000000, 0.10000000, -0.02021728
-0.08750000, -0.01250000, 0.10000000, -0.02142296
-0.07500000, -0.02500000, 0.10000000, -0.02347551
-0.06250000, -0.03750000, 0.10000000, -0.02614802
-0.05000000, -0.05000000, 0.10000000, -0.02932864
-0.03750000, -0.06250000, 0.10000000, -0.03289057
-0.02500000, -0.07500000, 0.10000000, -0.03669460
-0.01250000, -0.08750000, 0.10000000, -0.04048939
0.00000000, -0.10000000, 0.10000000, -0.04341444
0.01250000, -0.10000000, 0.08750000, -0.03361316
0.02500000, -0.10000000, 0.07500000, -0.02701731
0.03750000, -0.10000000, 0.06250000, -0.02274483
0.05000000, -0.10000000, 0.05000000, -0.02066446
0.06250000, -0.10000000, 0.03750000, -0.02066934
0.07500000, -0.10000000, 0.02500000, -0.02265120
0.08750000, -0.10000000, 0.01250000, -0.02643045
0.10000000, -0.10000000, 0.00000000, -0.03118460
0.10000000, -0.08750000, -0.01250000, -0.02726235
0.10000000, -0.07500000, -0.02500000, -0.02483032
0.10000000, -0.06250000, -0.03750000, -0.02301236
0.10000000, -0.05000000, -0.05000000, -0.02167151
0.10000000, -0.03750000, -0.06250000, -0.02073128
0.10000000, -0.02500000, -0.07500000, -0.02015935
0.10000000, -0.01250000, -0.08750000, -0.01995436
0.15000000, 0.00000000, -0.15000000, -0.02043509
0.13125000, 0.01875000, -0.15000000, -0.02180764
0.11250000, 0.03750000, -0.15000000, -0.02437868
0.09375000, 0.05625000, -0.15000000, -0.02789698
0.07500000, 0.07500000, -0.15000000, -0.03221641
0.05625000, 0.09375000, -0.15000000, -0.03720081
0.03750000, 0.11250000, -0.15000000, -0.04269768
0.01875000, 0.13125000, -0.15000000, -0.04844488
0.00000000, 0.15000000, -0.15000000, -0.05351314
-0.01875000, 0.15000000, -0.13125000, -0.04504331
-0.03750000, 0.15000000, -0.11250000, -0.03941046
-0.05625000, 0.15000000, -0.09375000, -0.03562452
-0.07500000, 0.15000000, -0.07500000, -0.03349753
-0.09375000, 0.15000000, -0.05625000, -0.03288338
-0.11250000, 0.15000000, -0.03750000, -0.03364873
-0.13125000, 0.15000000, -0.01875000, -0.03550478
-0.15000000, 0.15000000, 0.00000000, -0.03719081
-0.15000000, 0.13125000, 0.01875000, -0.03107204
-0.15000000, 0.11250000, 0.03750000, -0.02726009
-0.15000000, 0.09375000, 0.05625000, -0.02446188
-0.15000000, 0.07500000, 0.07500000, -0.02242181
-0.15000000, 0.05625000, 0.09375000, -0.02101268
-0.15000000, 0.03750000, 0.11250000, -0.02019954
-0.15000000, 0.01875000, 0.13125000, -0.01996972
-0.15000000, 0.00000000, 0.15000000, -0.02043509
-0.13125000, -0.01875000, 0.15000000, -0.02180764
-0.11250000, -0.03750000, 0.15000000, -0.02437868
-0.09375000, -0.05625000, 0.15000000, -0.02789698
-0.07500000, -0.07500000, 0.15000000, -0.03221641
-0.05625000, -0.09375000, 0.15000000, -0.03720081
-0.03750000, -0.11250000, 0.15000000, -0.04269768
-0.01875000, -0.13125000, 0.15000000, -0.04844488
0.00000000, -0.15000000, 0.15000000, -0.05351314
0.01875000, -0.15000000, 0.13125000, -0.04504331
0.03750000, -0.15000000, 0.11250000, -0.03941046
0.05625000, -0.15000000, 0.09375000, -0.03562452
0.07500000, -0.15000000, 0.07500000, -0.03349753
0.09375000, -0.15000000, 0.05625000, -0.03288338
0.11250000, -0.15000000, 0.03750000, -0.03364873
0.13125000, -0.15000000, 0.01875000, -0.03550478
0.15000000, -0.15000000, 0.00000000, -0.03719081
0.15000000, -0.13125000, -0.01875000, -0.03107204
0.15000000, -0.11250000, -0.03750000, -0.02726009
0.15000000, -0.09375000, -0.05625000, -0.02446188
0.15000000, -0.07500000, -0.07500000, -0.02242181
0.15000000, -0.05625000, -0.09375000, -0.02101268
0.15000000, -0.03750000, -0.11250000, -0.02019954
0.15000000, -0.01875000, -0.13125000, -0.01996972
0.20000000, 0.00000000, -0.20000000, -0.02125364
0.17500000, 0.02500000, -0.20000000, -0.02275400
0.15000000, 0.05000000, -0.20000000, -0.02571943
0.12500000, 0.07500000, -0.20000000, -0.02988996
0.10000000, 0.10000000, -0.20000000, -0.03511696
0.07500000, 0.12500000, -0.20000000, -0.04125854
0.05000000, 0.15000000, -0.20000000, -0.04816326
0.02500000, 0.17500000, -0.20000000, -0.05556290
0.00000000, 0.20000000, -0.20000000, -0.06253277
-0.02500000, 0.20000000, -0.17500000, -0.05531085
-0.05000000, 0.20000000, -0.15000000, -0.05048684
-0.07500000, 0.20000000, -0.12500000, -0.04717297
-0.10000000, 0.20000000, -0.10000000, -0.04517108
-0.12500000, 0.20000000, -0.07500000, -0.04434198
-0.15000000, 0.20000000, -0.05000000, -0.04447354
-0.17500000, 0.20000000, -0.02500000, -0.04518280
-0.20000000, 0.20000000, 0.00000000, -0.04477518
-0.20000000, 0.17500000, 0.02500000, -0.03652496
-0.20000000, 0.15000000, 0.05000000, -0.03126073
-0.20000000, 0.12500000, 0.07500000, -0.02739107
-0.20000000, 0.10000000, 0.10000000, -0.02454563
-0.20000000, 0.07500000, 0.12500000, -0.02258119
-0.20000000, 0.05000000, 0.15000000, -0.02137909
-0.20000000, 0.02500000, 0.17500000, -0.02091679
-0.20000000, 0.00000000, 0.20000000, -0.02125364
-0.17500000, -0.02500000, 0.20000000, -0.02275400
-0.15000000, -0.05000000, 0.20000000, -0.02571943
-0.12500000, -0.07500000, 0.20000000, -0.02988996
-0.10000000, -0.10000000, 0.20000000, -0.03511696
-0.07500000, -0.12500000, 0.20000000, -0.04125854
-0.05000000, -0.15000000, 0.20000000, -0.04816326
-0.02500000, -0.17500000, 0.20000000, -0.05556290
0.00000000, -0.20000000, 0.20000000, -0.06253277
0.02500000, -0.20000000, 0.17500000, -0.05531085
0.05000000, -0.20000000, 0.15000000, -0.05048684
0.07500000, -0.20000000, 0.12500000, -0.04717297
0.10000000, -0.20000000, 0.10000000, -0.04517108
0.12500000, -0.20000000, 0.07500000, -0.04434198
0.15000000, -0.20000000, 0.05000000, -0.04447354
0.17500000, -0.20000000, 0.02500000, -0.04518280
0.20000000, -0.20000000, 0.00000000, -0.04477518
0.20000000, -0.17500000, -0.02500000, -0.03652496
0.20000000, -0.15000000, -0.05000000, -0.03126073
0.20000000, -0.12500000, -0.07500000, -0.02739107
0.20000000, -0.10000000, -0.10000000, -0.02454563
0.20000000, -0.07500000, -0.12500000, -0.02258119
0.20000000, -0.05000000, -0.15000000, -0.02137909
0.20000000, -0.02500000, -0.17500000, -0.02091679
0.25000000, 0.00000000, -0.25000000, -0.02114122
0.21875000, 0.03125000, -0.25000000, -0.02286960
0.18750000, 0.06250000, -0.25000000, -0.02614992
0.15625000, 0.09375000, -0.25000000, -0.03076186
0.12500000, 0.12500000, -0.25000000, -0.03657128
0.09375000, 0.15625000, -0.25000000, -0.04345331
0.06250000, 0.18750000, -0.25000000, -0.05126086
0.03125000, 0.21875000, -0.25000000, -0.05973946
0.00000000, 0.25000000, -0.25000000, -0.06803821
-0.03125000, 0.25000000, -0.21875000, -0.06304862
-0.06250000, 0.25000000, -0.18750000, -0.05973903
-0.09375000, 0.25000000, -0.15625000, -0.05740666
-0.12500000, 0.25000000, -0.12500000, -0.05593073
-0.15625000, 0.25000000, -0.09375000, -0.05517218
-0.18750000, 0.25000000, -0.06250000, -0.05491506
-0.21875000, 0.25000000, -0.03125000, -0.05466637
-0.25000000, 0.25000000, 0.00000000, -0.05239243
-0.25000000, 0.21875000, 0.03125000, -0.04231988
-0.25000000, 0.18750000, 0.06250000, -0.03571124
-0.25000000, 0.15625000, 0.09375000, -0.03074731
-0.25000000, 0.12500000, 0.12500000, -0.02700969
-0.25000000, 0.09375000, 0.15625000, -0.02429729
-0.25000000, 0.06250000, 0.18750000, -0.02246558
-0.25000000, 0.03125000, 0.21875000, -0.02142055
-0.25000000, 0.00000000, 0.25000000, -0.02114122
-0.21875000, -0.03125000, 0.25000000, -0.02286960
-0.18750000, -0.06250000, 0.25000000, -0.02614992
-0.15625000, -0.09375000, 0.25000000, -0.03076186
-0.12500000, -0.12500000, 0.25000000, -0.03657128
-0.09375000, -0.15625000, 0.25000000, -0.04345331
-0.06250000, -0.18750000, 0.25000000, -0.05126086
-0.03125000, -0.21875000, 0.25000000, -0.05973946
0.00000000, -0.25000000, 0.25000000, -0.06803821
0.03125000, -0.25000000, 0.21875000, -0.06304862
0.06250000, -0.25000000, 0.18750000, -0.05973903
0.09375000, -0.25000000, 0.15625000, -0.05740666
0.12500000, -0.25000000, 0.12500000, -0.05593073
0.15625000, -0.25000000, 0.09375000, -0.05517218
0.18750000, -0.25000000, 0.06250000, -0.05491506
0.21875000, -0.25000000, 0.03125000, -0.05466637
0.25000000, -0.25000000, 0.00000000, -0.05239243
0.25000000, -0.21875000, -0.03125000, -0.04231988
0.25000000, -0.18750000, -0.06250000, -0.03571124
0.25000000, -0.15625000, -0.09375000, -0.03074731
0.25000000, -0.12500000, -0.12500000, -0.02700969
0.25000000, -0.09375000, -0.15625000, -0.02429729
0.25000000, -0.06250000, -0.18750000, -0.02246558
0.25000000, -0.03125000, -0.21875000, -0.02142055
0.30000000, 0.00000000, -0.30000000, -0.01922693
0.26250000, 0.03750000, -0.30000000, -0.02129574
0.22500000, 0.07500000, -0.30000000, -0.02480890
0.18750000, 0.11250000, -0.30000000, -0.02961921
0.15000000, 0.15000000, -0.30000000, -0.03563666
0.11250000, 0.18750000, -0.30000000, -0.04276124
0.07500000, 0.22500000, -0.30000000, -0.05085067
0.03750000, 0.26250000, -0.30000000, -0.05964349
0.00000000, 0.30000000, -0.30000000, -0.06837135
-0.03750000, 0.30000000, -0.26250000, -0.06692328
-0.07500000, 0.30000000, -0.22500000, -0.06607164
-0.11250000, 0.30000000, -0.18750000, -0.06544410
-0.15000000, 0.30000000, -0.15000000, -0.06499138
-0.18750000, 0.30000000, -0.11250000, -0.06457466
-0.22500000, 0.30000000, -0.07500000, -0.06392925
-0.26250000, 0.30000000, -0.03750000, -0.06246834
-0.30000000, 0.30000000, 0.00000000, -0.05796486
-0.30000000, 0.26250000, 0.03750000, -0.04675232
-0.30000000, 0.22500000, 0.07500000, -0.03909772
-0.30000000, 0.18750000, 0.11250000, -0.03318216
-0.30000000, 0.15000000, 0.15000000, -0.02857867
-0.30000000, 0.11250000, 0.18750000, -0.02506511
-0.30000000, 0.07500000, 0.22500000, -0.02243782
-0.30000000, 0.03750000, 0.26250000, -0.02053034
-0.30000000, 0.00000000, 0.30000000, -0.01922693
-0.26250000, -0.03750000, 0.30000000, -0.02129574
-0.22500000, -0.07500000, 0.30000000, -0.02480890
-0.18750000, -0.11250000, 0.30000000, -0.02961921
-0.15000000, -0.15000000, 0.30000000, -0.03563666
-0.11250000, -0.18750000, 0.30000000, -0.04276124
-0.07500000, -0.22500000, 0.30000000, -0.05085067
-0.03750000, -0.26250000, 0.30000000, -0.05964349
0.00000000, -0.30000000, 0.30000000, -0.06837135
0.03750000, -0.30000000, 0.26250000, -0.06692328
0.07500000, -0.30000000, 0.22500000, -0.06607164
0.11250000, -0.30000000, 0.18750000, -0.06544410
0.15000000, -0.30000000, 0.15000000, -0.06499138
0.18750000, -0.30000000, 0.11250000, -0.06457466
0.22500000, -0.30000000, 0.07500000, -0.06392925
0.26250000, -0.30000000, 0.03750000, -0.06246834
0.30000000, -0.30000000, 0.00000000, -0.05796486
0.30000000, -0.26250000, -0.03750000, -0.04675232
0.30000000, -0.22500000, -0.07500000, -0.03909772
0.30000000, -0.18750000, -0.11250000, -0.03318216
0.30000000, -0.15000000, -0.15000000, -0.02857867
0.30000000, -0.11250000, -0.18750000, -0.02506511
0.30000000, -0.07500000, -0.22500000, -0.02243782
0.30000000, -0.03750000, -0.26250000, -0.02053034
0.35000000, 0.00000000, -0.35000000, -0.01553394
0.30625000, 0.04375000, -0.35000000, -0.01792977
0.26250000, 0.08750000, -0.35000000, -0.02153224
0.21875000, 0.13125000, -0.35000000, -0.02626846
0.17500000, 0.17500000, -0.35000000, -0.03209947
0.13125000, 0.21875000, -0.35000000, -0.03895465
0.08750000, 0.26250000, -0.35000000, -0.04668621
0.04375000, 0.30625000, -0.35000000, -0.05500524
0.00000000, 0.35000000, -0.35000000, -0.06318202
-0.04375000, 0.35000000, -0.30625000, -0.06617001
-0.08750000, 0.35000000, -0.26250000, -0.06862402
-0.13125000, 0.35000000, -0.21875000, -0.07041522
-0.17500000, 0.35000000, -0.17500000, -0.07143950
-0.21875000, 0.35000000, -0.13125000, -0.07148796
-0.26250000, 0.35000000, -0.08750000, -0.07019674
-0.30625000, 0.35000000, -0.04375000, -0.06694345
-0.35000000, 0.35000000, 0.00000000, -0.05959743
-0.35000000, 0.30625000, 0.04375000, -0.04823865
-0.35000000, 0.26250000, 0.08750000, -0.04009094
-0.35000000, 0.21875000, 0.13125000, -0.03357050
-0.35000000, 0.17500000, 0.17500000, -0.02831070
-0.35000000, 0.13125000, 0.21875000, -0.02410732
-0.35000000, 0.08750000, 0.26250000, -0.02070237
-0.35000000, 0.04375000, 0.30625000, -0.01789903
-0.35000000, 0.00000000, 0.35000000, -0.01553394
-0.30625000, -0.04375000, 0.35000000, -0.01792977
-0.26250000, -0.08750000, 0.35000000, -0.02153224
-0.21875000, -0.13125000, 0.35000000, -0.02626846
-0.17500000, -0.17500000, 0.35000000, -0.03209947
-0.13125000, -0.21875000, 0.35000000, -0.03895465
-0.08750000, -0.26250000, 0.35000000, -0.04668621
-0.04375000, -0.30625000, 0.35000000, -0.05500524
0.00000000, -0.35000000, 0.35000000, -0.06318202
0.04375000, -0.35000000, 0.30625000, -0.06617001
0.08750000, -0.35000000, 0.26250000, -0.06862402
0.13125000, -0.35000000, 0.21875000, -0.07041522
0.17500000, -0.35000000, 0.17500000, -0.07143950
0.21875000, -0.35000000, 0.13125000, -0.07148796
0.26250000, -0.35000000, 0.08750000, -0.07019674
0.30625000, -0.35000000, 0.04375000, -0.06694345
0.35000000, -0.35000000, 0.00000000, -0.05959743
0.35000000, -0.30625000, -0.04375000, -0.04823865
0.35000000, -0.26250000, -0.08750000, -0.04009094
0.35000000, -0.21875000, -0.13125000, -0.03357050
0.35000000, -0.17500000, -0.17500000, -0.02831070
0.35000000, -0.13125000, -0.21875000, -0.02410732
0.35000000, -0.08750000, -0.26250000, -0.02070237
0.35000000, -0.04375000, -0.30625000, -0.01789903
0.40000000, 0.00000000, -0.40000000, -0.01092466
0.35000000, 0.05000000, -0.40000000, -0.01342006
0.30000000, 0.10000000, -0.40000000, -0.01686496
0.25000000, 0.15000000, -0.40000000, -0.02122470
0.20000000, 0.20000000, -0.40000000, -0.02649027
0.15000000, 0.25000000, -0.40000000, -0.03261277
0.10000000, 0.30000000, -0.40000000, -0.03943218
0.05000000, 0.35000000, -0.40000000, -0.04662426
0.00000000, 0.40000000, -0.40000000, -0.05345081
-0.05000000, 0.40000000, -0.35000000, -0.06088653
-0.10000000, 0.40000000, -0.30000000, -0.06706486
-0.15000000, 0.40000000, -0.25000000, -0.07174997
-0.20000000, 0.40000000, -0.20000000, -0.07453670
-0.25000000, 0.40000000, -0.15000000, -0.07497261
-0.30000000, 0.40000000, -0.10000000, -0.07259229
-0.35000000, 0.40000000, -0.05000000, -0.06686942
-0.40000000, 0.40000000, 0.00000000, -0.05621630
-0.40000000, 0.35000000, 0.05000000, -0.04584595
-0.40000000, 0.30000000, 0.10000000, -0.03794284
-0.40000000, 0.25000000, 0.15000000, -0.03134786
-0.40000000, 0.20000000, 0.20000000, -0.02583394
-0.40000000, 0.15000000, 0.25000000, -0.02123337
-0.40000000, 0.10000000, 0.30000000, -0.01732167
-0.40000000, 0.05000000, 0.35000000, -0.01392108
-0.40000000, 0.00000000, 0.40000000, -0.01092466
-0.35000000, -0.05000000, 0.40000000, -0.01342006
-0.30000000, -0.10000000, 0.40000000, -0.01686496
-0.25000000, -0.15000000, 0.40000000, -0.02122470
-0.20000000, -0.20000000, 0.40000000, -0.02649027
-0.15000000, -0.25000000, 0.40000000, -0.03261277
-0.10000000, -0.30000000, 0.40000000, -0.03943218
-0.05000000, -0.35000000, 0.40000000, -0.04662426
0.00000000, -0.40000000, 0.40000000, -0.05345081
0.05000000, -0.40000000, 0.35000000, -0.06088653
0.10000000, -0.40000000, 0.30000000, -0.06706486
0.15000000, -0.40000000, 0.25000000, -0.07174997
0.20000000, -0.40000000, 0.20000000, -0.07453670
0.25000000, -0.40000000, 0.15000000, -0.07497261
0.30000000, -0.40000000, 0.10000000, -0.07259229
0.35000000, -0.40000000, 0.05000000, -0.06686942
0.40000000, -0.40000000, 0.00000000, -0.05621630
0.40000000, -0.35000000, -0.05000000, -0.04584595
0.40000000, -0.30000000, -0.10000000, -0.03794284
0.40000000, -0.25000000, -0.15000000, -0.03134786
0.40000000, -0.20000000, -0.20000000, -0.02583394
0.40000000, -0.15000000, -0.25000000, -0.02123337
0.40000000, -0.10000000, -0.30000000, -0.01732167
0.40000000, -0.05000000, -0.35000000, -0.01392108
0.45000000, 0.00000000, -0.45000000, -0.00657292
0.39375000, 0.05625000, -0.45000000, -0.00880776
0.33750000, 0.11250000, -0.45000000, -0.01178555
0.28125000, 0.16875000, -0.45000000, -0.01547061
0.22500000, 0.22500000, -0.45000000, -0.01986068
0.16875000, 0.28125000, -0.45000000, -0.02490902
0.11250000, 0.33750000, -0.45000000, -0.03044167
0.05625000, 0.39375000, -0.45000000, -0.03610085
0.00000000, 0.45000000, -0.45000000, -0.04112957
-0.05625000, 0.45000000, -0.39375000, -0.05201855
-0.11250000, 0.45000000, -0.33750000, -0.06166293
-0.16875000, 0.45000000, -0.28125000, -0.06930390
-0.22500000, 0.45000000, -0.22500000, -0.07388561
-0.28125000, 0.45000000, -0.16875000, -0.07449298
-0.33750000, 0.45000000, -0.11250000, -0.07055257
-0.39375000, 0.45000000, -0.05625000, -0.06190387
-0.45000000, 0.45000000, 0.00000000, -0.04807096
-0.45000000, 0.39375000, 0.05625000, -0.03966344
-0.45000000, 0.33750000, 0.11250000, -0.03273626
-0.45000000, 0.28125000, 0.16875000, -0.02667704
-0.45000000, 0.22500000, 0.22500000, -0.02143792
-0.45000000, 0.16875000, 0.28125000, -0.01692462
-0.45000000, 0.11250000, 0.33750000, -0.01299501
-0.45000000, 0.05625000, 0.39375000, -0.00954231
-0.45000000, 0.00000000, 0.45000000, -0.00657292
-0.39375000, -0.05625000, 0.45000000, -0.00880776
-0.33750000, -0.11250000, 0.45000000, -0.01178555
-0.28125000, -0.16875000, 0.45000000, -0.01547061
-0.22500000, -0.22500000, 0.45000000, -0.01986068
-0.16875000, -0.28125000, 0.45000000, -0.02490902
-0.11250000, -0.33750000, 0.45000000, -0.03044167
-0.05625000, -0.39375000, 0.45000000, -0.03610085
0.00000000, -0.45000000, 0.45000000, -0.04112957
0.05625000, -0.45000000, 0.39375000, -0.05201855
0.11250000, -0.45000000, 0.33750000, -0.06166293
0.16875000, -0.45000000, 0.28125000, -0.06930390
0.22500000, -0.45000000, 0.22500000, -0.07388561
0.28125000, -0.45000000, 0.16875000, -0.07449298
0.33750000, -0.45000000, 0.11250000, -0.07055257
0.39375000, -0.45000000, 0.05625000, -0.06190387
0.45000000, -0.45000000, 0.00000000, -0.04807096
0.45000000, -0.39375000, -0.05625000, -0.03966344
0.45000000, -0.33750000, -0.11250000, -0.03273626
0.45000000, -0.28125000, -0.16875000, -0.02667704
0.45000000, -0.22500000, -0.22500000, -0.02143792
0.45000000, -0.16875000, -0.28125000, -0.01692462
0.45000000, -0.11250000, -0.33750000, -0.01299501
0.45000000, -0.05625000, -0.39375000, -0.00954231
0.50000000, 0.00000000, -0.50000000, -0.00331011
0.43750000, 0.06250000, -0.50000000, -0.00498746
0.37500000, 0.12500000, -0.50000000, -0.00725018
0.31250000, 0.18750000, -0.50000000, -0.01005331
0.25000000, 0.25000000, -0.50000000, -0.01338977
0.18750000, 0.31250000, -0.50000000, -0.01720019
0.12500000, 0.37500000, -0.50000000, -0.02129939
0.06250000, 0.43750000, -0.50000000, -0.02531690
0.00000000, 0.50000000, -0.50000000, -0.02852000
-0.06250000, 0.50000000, -0.43750000, -0.04109187
-0.12500000, 0.50000000, -0.37500000, -0.05324637
-0.18750000, 0.50000000, -0.31250000, -0.06341885
-0.25000000, 0.50000000, -0.25000000, -0.06954962
-0.31250000, 0.50000000, -0.18750000, -0.07003594
-0.37500000, 0.50000000, -0.12500000, -0.06423759
-0.43750000, 0.50000000, -0.06250000, -0.05276438
-0.50000000, 0.50000000, 0.00000000, -0.03680758
-0.50000000, 0.43750000, 0.06250000, -0.03086981
-0.50000000, 0.37500000, 0.12500000, -0.02543929
-0.50000000, 0.31250000, 0.18750000, -0.02043934
-0.50000000, 0.25000000, 0.25000000, -0.01598525
-0.50000000, 0.18750000, 0.31250000, -0.01207949
-0.50000000, 0.12500000, 0.37500000, -0.00865719
-0.50000000, 0.06250000, 0.43750000, -0.00570277
-0.50000000, 0.00000000, 0.50000000, -0.00331011
-0.43750000, -0.06250000, 0.50000000, -0.00498746
-0.37500000, -0.12500000, 0.50000000, -0.00725018
-0.31250000, -0.18750000, 0.50000000, -0.01005331
-0.25000000, -0.25000000, 0.50000000, -0.01338977
-0.18750000, -0.31250000, 0.50000000, -0.01720019
-0.12500000, -0.37500000, 0.50000000, -0.02129939
-0.06250000, -0.43750000, 0.50000000, -0.02531690
0.00000000, -0.50000000, 0.50000000, -0.02852000
0.06250000, -0.50000000, 0.43750000, -0.04109187
0.12500000, -0.50000000, 0.37500000, -0.05324637
0.18750000, -0.50000000, 0.31250000, -0.06341885
0.25000000, -0.50000000, 0.25000000, -0.06954962
0.31250000, -0.50000000, 0.18750000, -0.07003594
0.37500000, -0.50000000, 0.12500000, -0.06423759
0.43750000, -0.50000000, 0.06250000, -0.05276438
0.50000000, -0.50000000, 0.00000000, -0.03680758
0.50000000, -0.43750000, -0.06250000, -0.03086981
0.50000000, -0.37500000, -0.12500000, -0.02543929
0.50000000, -0.31250000, -0.18750000, -0.02043934
0.50000000, -0.25000000, -0.25000000, -0.01598525
0.50000000, -0.18750000, -0.31250000, -0.01207949
0.50000000, -0.12500000, -0.37500000, -0.00865719
0.50000000, -0.06250000, -0.43750000, -0.00570277
0.55000000, 0.00000000, -0.55000000, -0.00134773
0.48125000, 0.06875000, -0.55000000, -0.00237518
0.41250000, 0.13750000, -0.55000000, -0.00384555
0.34375000, 0.20625000, -0.55000000, -0.00572449
0.27500000, 0.27500000, -0.55000000, -0.00800090
0.20625000, 0.34375000, -0.55000000, -0.01060331
0.13750000, 0.41250000, -0.55000000, -0.01334514
0.06875000, 0.48125000, -0.55000000, -0.01588221
0.00000000, 0.55000000, -0.55000000, -0.01758280
-0.06875000, 0.55000000, -0.48125000, -0.02981814
-0.13750000, 0.55000000, -0.41250000, -0.04303056
-0.20625000, 0.55000000, -0.34375000, -0.05486647
-0.27500000, 0.55000000, -0.27500000, -0.06205709
-0.34375000, 0.55000000, -0.20625000, -0.06213553
-0.41250000, 0.55000000, -0.13750000, -0.05453800
-0.48125000, 0.55000000, -0.06875000, -0.04107614
-0.55000000, 0.55000000, 0.00000000, -0.02486914
-0.55000000, 0.48125000, 0.06875000, -0.02131701
-0.55000000, 0.41250000, 0.13750000, -0.01756257
-0.55000000, 0.34375000, 0.20625000, -0.01390692
-0.55000000, 0.27500000, 0.27500000, -0.01056782
-0.55000000, 0.20625000, 0.34375000, -0.00761916
-0.55000000, 0.13750000, 0.41250000, -0.00505580
-0.55000000, 0.06875000, 0.48125000, -0.00292611
-0.55000000, 0.00000000, 0.55000000, -0.00134773
-0.48125000, -0.06875000, 0.55000000, -0.00237518
-0.41250000, -0.13750000, 0.55000000, -0.00384555
-0.34375000, -0.20625000, 0.55000000, -0.00572449
-0.27500000, -0.27500000, 0.55000000, -0.00800090
-0.20625000, -0.34375000, 0.55000000, -0.01060331
-0.13750000, -0.41250000, 0.55000000, -0.01334514
-0.06875000, -0.48125000, 0.55000000, -0.01588221
0.00000000, -0.55000000, 0.55000000, -0.01758280
0.06875000, -0.55000000, 0.48125000, -0.02981814
0.13750000, -0.55000000, 0.41250000, -0.04303056
0.20625000, -0.55000000, 0.34375000, -0.05486647
0.27500000, -0.55000000, 0.27500000, -0.06205709
0.34375000, -0.55000000, 0.20625000, -0.06213553
0.41250000, -0.55000000, 0.13750000, -0.05453800
0.48125000, -0.55000000, 0.06875000, -0.04107614
0.55000000, -0.55000000, 0.00000000, -0.02486914
0.55000000, -0.48125000, -0.06875000, -0.02131701
0.55000000, -0.41250000, -0.13750000, -0.01756257
0.55000000, -0.34375000, -0.20625000, -0.01390692
0.55000000, -0.27500000, -0.27500000, -0.01056782
0.55000000, -0.20625000, -0.34375000, -0.00761916
0.55000000, -0.13750000, -0.41250000, -0.00505580
0.55000000, -0.06875000, -0.48125000, -0.00292611
0.60000000, 0.00000000, -0.60000000, -0.00041884
0.52500000, 0.07500000, -0.60000000, -0.00090826
0.45000000, 0.15000000, -0.60000000, -0.00169525
0.37500000, 0.22500000, -0.60000000, -0.00277637
0.30000000, 0.30000000, -0.60000000, -0.00414524
0.22500000, 0.37500000, -0.60000000, -0.00573014
0.15000000, 0.45000000, -0.60000000, -0.00735931
0.07500000, 0.52500000, -0.60000000, -0.00875371
0.00000000, 0.60000000, -0.60000000, -0.00944936
-0.07500000, 0.60000000, -0.52500000, -0.01968899
-0.15000000, 0.60000000, -0.45000000, -0.03236103
-0.22500000, 0.60000000, -0.37500000, -0.04470146
-0.30000000, 0.60000000, -0.30000000, -0.05230444
-0.37500000, 0.60000000, -0.22500000, -0.05179812
-0.45000000, 0.60000000, -0.15000000, -0.04290200
-0.52500000, 0.60000000, -0.07500000, -0.02889893
-0.60000000, 0.60000000, 0.00000000, -0.01453196
-0.60000000, 0.52500000, 0.07500000, -0.01281717
-0.60000000, 0.45000000, 0.15000000, -0.01057298
-0.60000000, 0.37500000, 0.22500000, -0.00824883
-0.60000000, 0.30000000, 0.30000000, -0.00608461
-0.60000000, 0.22500000, 0.37500000, -0.00417003
-0.60000000, 0.15000000, 0.45000000, -0.00253990
-0.60000000, 0.07500000, 0.52500000, -0.00125855
-0.60000000, 0.00000000, 0.60000000, -0.00041884
-0.52500000, -0.07500000, 0.60000000, -0.00090826
-0.45000000, -0.15000000, 0.60000000, -0.00169525
-0.37500000, -0.22500000, 0.60000000, -0.00277637
-0.30000000, -0.30000000, 0.60000000, -0.00414524
-0.22500000, -0.37500000, 0.60000000, -0.00573014
-0.15000000, -0.45000000, 0.60000000, -0.00735931
-0.07500000, -0.52500000, 0.60000000, -0.00875371
0.00000000, -0.60000000, 0.60000000, -0.00944936
0.07500000, -0.60000000, 0.52500000, -0.01968899
0.15000000, -0.60000000, 0.45000000, -0.03236103
0.22500000, -0.60000000, 0.37500000, -0.04470146
0.30000000, -0.60000000, 0.30000000, -0.05230444
0.37500000, -0.60000000, 0.22500000, -0.05179812
0.45000000, -0.60000000, 0.15000000, -0.04290200
0.52500000, -0.60000000, 0.07500000, -0.02889893
0.60000000, -0.60000000, 0.00000000, -0.01453196
0.60000000, -0.52500000, -0.07500000, -0.01281717
0.60000000, -0.45000000, -0.15000000, -0.01057298
0.60000000, -0.37500000, -0.22500000, -0.00824883
0.60000000, -0.30000000, -0.30000000, -0.00608461
0.60000000, -0.22500000, -0.37500000, -0.00417003
0.60000000, -0.15000000, -0.45000000, -0.00253990
0.60000000, -0.07500000, -0.52500000, -0.00125855
0.65000000, 0.00000000, -0.65000000, -0.00009056
0.56875000, 0.08125000, -0.65000000, -0.00025287
0.48750000, 0.16250000, -0.65000000, -0.00057656
0.40625000, 0.24375000, -0.65000000, -0.00108927
0.32500000, 0.32500000, -0.65000000, -0.00179826
0.24375000, 0.40625000, -0.65000000, -0.00264431
0.16250000, 0.48750000, -0.65000000, -0.00348653
0.08125000, 0.56875000, -0.65000000, -0.00413067
0.00000000, 0.65000000, -0.65000000, -0.00430084
-0.08125000, 0.65000000, -0.56875000, -0.01167387
-0.16250000, 0.65000000, -0.48750000, -0.02245236
-0.24375000, 0.65000000, -0.40625000, -0.03407840
-0.32500000, 0.65000000, -0.32500000, -0.04140341
-0.40625000, 0.65000000, -0.24375000, -0.04031777
-0.48750000, 0.65000000, -0.16250000, -0.03099701
-0.56875000, 0.65000000, -0.08125000, -0.01811100
-0.65000000, 0.65000000, 0.00000000, -0.00712732
-0.65000000, 0.56875000, 0.08125000, -0.00652350
-0.65000000, 0.48750000, 0.16250000, -0.00539584
-0.65000000, 0.40625000, 0.24375000, -0.00414755
-0.65000000, 0.32500000, 0.32500000, -0.00297199
-0.65000000, 0.24375000, 0.40625000, -0.00193189
-0.65000000, 0.16250000, 0.48750000, -0.00107182
-0.65000000, 0.08125000, 0.56875000, -0.00044029
-0.65000000, 0.00000000, 0.65000000, -0.00009056
-0.56875000, -0.08125000, 0.65000000, -0.00025287
-0.48750000, -0.16250000, 0.65000000, -0.00057656
-0.40625000, -0.24375000, 0.65000000, -0.00108927
-0.32500000, -0.32500000, 0.65000000, -0.00179826
-0.24375000, -0.40625000, 0.65000000, -0.00264431
-0.16250000, -0.48750000, 0.65000000, -0.00348653
-0.08125000, -0.56875000, 0.65000000, -0.00413067
0.00000000, -0.65000000, 0.65000000, -0.00430084
0.08125000, -0.65000000, 0.56875000, -0.01167387
0.16250000, -0.65000000, 0.48750000, -0.02245236
0.24375000, -0.65000000, 0.40625000, -0.03407840
0.32500000, -0.65000000, 0.32500000, -0.04140341
0.40625000, -0.65000000, 0.24375000, -0.04031777
0.48750000, -0.65000000, 0.16250000, -0.03099701
0.56875000, -0.65000000, 0.08125000, -0.01811100
0.65000000, -0.65000000, 0.00000000, -0.00712732
0.65000000, -0.56875000, -0.08125000, -0.00652350
0.65000000, -0.48750000, -0.16250000, -0.00539584
0.65000000, -0.40625000, -0.24375000, -0.00414755
0.65000000, -0.32500000, -0.32500000, -0.00297199
0.65000000, -0.24375000, -0.40625000, -0.00193189
0.65000000, -0.16250000, -0.48750000, -0.00107182
0.65000000, -0.08125000, -0.56875000, -0.00044029
0.70000000, 0.00000000, -0.70000000, -0.00001139
0.61250000, 0.08750000, -0.70000000, -0.00003712
0.52500000, 0.17500000, -0.70000000, -0.00012242
0.43750000, 0.26250000, -0.70000000, -0.00030774
0.35000000, 0.35000000, -0.70000000, -0.00061535
0.26250000, 0.43750000, -0.70000000, -0.00100472
0.17500000, 0.52500000, -0.70000000, -0.00137445
0.08750000, 0.61250000, -0.70000000, -0.00161005
0.00000000, 0.70000000, -0.70000000, -0.00159144
-0.08750000, 0.70000000, -0.61250000, -0.00610250
-0.17500000, 0.70000000, -0.52500000, -0.01418687
-0.26250000, 0.70000000, -0.43750000, -0.02406975
-0.35000000, 0.70000000, -0.35000000, -0.03050434
-0.43750000, 0.70000000, -0.26250000, -0.02902340
-0.52500000, 0.70000000, -0.17500000, -0.02031330
-0.61250000, 0.70000000, -0.08750000, -0.00990679
-0.70000000, 0.70000000, 0.00000000, -0.00280304
-0.70000000, 0.61250000, 0.08750000, -0.00268857
-0.70000000, 0.52500000, 0.17500000, -0.00222979
-0.70000000, 0.43750000, 0.26250000, -0.00168958
-0.70000000, 0.35000000, 0.35000000, -0.00118300
-0.70000000, 0.26250000, 0.43750000, -0.00073649
-0.70000000, 0.17500000, 0.52500000, -0.00037434
-0.70000000, 0.08750000, 0.61250000, -0.00012509
-0.70000000, 0.00000000, 0.70000000, -0.00001139
-0.61250000, -0.08750000, 0.70000000, -0.00003712
-0.52500000, -0.17500000, 0.70000000, -0.00012242
-0.43750000, -0.26250000, 0.70000000, -0.00030774
-0.35000000, -0.35000000, 0.70000000, -0.00061535
-0.26250000, -0.43750000, 0.70000000, -0.00100472
-0.17500000, -0.52500000, 0.70000000, -0.00137445
-0.08750000, -0.61250000, 0.70000000, -0.00161005
0.00000000, -0.70000000, 0.70000000, -0.00159144
0.08750000, -0.70000000, 0.61250000, -0.00610250
0.17500000, -0.70000000, 0.52500000, -0.01418687
0.26250000, -0.70000000, 0.43750000, -0.02406975
0.35000000, -0.70000000, 0.35000000, -0.03050434
0.43750000, -0.70000000, 0.26250000, -0.02902340
0.52500000, -0.70000000, 0.17500000, -0.02031330
0.61250000, -0.70000000, 0.08750000, -0.00990679
0.70000000, -0.70000000, 0.00000000, -0.00280304
0.70000000, -0.61250000, -0.08750000, -0.00268857
0.70000000, -0.52500000, -0.17500000, -0.00222979
0.70000000, -0.43750000, -0.26250000, -0.00168958
0.70000000, -0.35000000, -0.35000000, -0.00118300
0.70000000, -0.26250000, -0.43750000, -0.00073649
0.70000000, -0.17500000, -0.52500000, -0.00037434
0.70000000, -0.08750000, -0.61250000, -0.00012509
0.75000000, 0.00000000, -0.75000000, 0.00000138
0.65625000, 0.09375000, -0.75000000, 0.00000548
0.56250000, 0.18750000, -0.75000000, 0.00000359
0.46875000, 0.28125000, -0.75000000, -0.00003746
0.37500000, 0.37500000, -0.75000000, -0.00014621
0.28125000, 0.46875000, -0.75000000, -0.00029982
0.18750000, 0.56250000, -0.75000000, -0.00043462
0.09375000, 0.65625000, -0.75000000, -0.00049523
0.00000000, 0.75000000, -0.75000000, -0.00045519
-0.09375000, 0.75000000, -0.65625000, -0.00274443
-0.18750000, 0.75000000, -0.56250000, -0.00800787
-0.28125000, 0.75000000, -0.46875000, -0.01550960
-0.37500000, 0.75000000, -0.37500000, -0.02062015
-0.46875000, 0.75000000, -0.28125000, -0.01903331
-0.56250000, 0.75000000, -0.18750000, -0.01184810
-0.65625000, 0.75000000, -0.09375000, -0.00459567
-0.75000000, 0.75000000, 0.00000000, -0.00082734
-0.75000000, 0.65625000, 0.09375000, -0.00083596
-0.75000000, 0.56250000, 0.18750000, -0.00069013
-0.75000000, 0.46875000, 0.28125000, -0.00051614
-0.75000000, 0.37500000, 0.37500000, -0.00036090
-0.75000000, 0.28125000, 0.46875000, -0.00022711
-0.75000000, 0.18750000, 0.56250000, -0.00011210
-0.75000000, 0.09375000, 0.65625000, -0.00003346
-0.75000000, 0.00000000, 0.75000000, 0.00000138
-0.65625000, -0.09375000, 0.75000000, 0.00000548
-0.56250000, -0.18750000, 0.75000000, 0.00000359
-0.46875000, -0.28125000, 0.75000000, -0.00003746
-0.37500000, -0.37500000, 0.75000000, -0.00014621
-0.28125000, -0.46875000, 0.75000000, -0.00029982
-0.18750000, -0.56250000, 0.75000000, -0.00043462
-0.09375000, -0.65625000, 0.75000000, -0.00049523
0.00000000, -0.75000000, 0.75000000, -0.00045519
0.09375000, -0.75000000, 0.65625000, -0.00274443
0.18750000, -0.75000000, 0.56250000, -0.00800787
0.28125000, -0.75000000, 0.46875000, -0.01550960
0.37500000, -0.75000000, 0.37500000, -0.02062015
0.46875000, -0.75000000, 0.28125000, -0.01903331
0.56250000, -0.75000000, 0.18750000, -0.01184810
0.65625000, -0.75000000, 0.09375000, -0.00459567
0.75000000, -0.75000000, 0.00000000, -0.00082734
0.75000000, -0.65625000, -0.09375000, -0.00083596
0.75000000, -0.56250000, -0.18750000, -0.00069013
0.75000000, -0.46875000, -0.28125000, -0.00051614
0.75000000, -0.37500000, -0.37500000, -0.00036090
0.75000000, -0.28125000, -0.46875000, -0.00022711
0.75000000, -0.18750000, -0.56250000, -0.00011210
0.75000000, -0.09375000, -0.65625000, -0.00003346
0.80000000, 0.00000000, -0.80000000, 0.00000234
0.70000000, 0.10000000, -0.80000000, 0.00000585
0.60000000, 0.20000000, -0.80000000, 0.00001709
0.50000000, 0.30000000, -0.80000000, 0.00001839
0.40000000, 0.40000000, -0.80000000, -0.00001252
0.30000000, 0.50000000, -0.80000000, -0.00006547
0.20000000, 0.60000000, -0.80000000, -0.00010571
0.10000000, 0.70000000, -0.80000000, -0.00011325
0.00000000, 0.80000000, -0.80000000, -0.00009650
-0.10000000, 0.80000000, -0.70000000, -0.00102909
-0.20000000, 0.80000000, -0.60000000, -0.00391851
-0.30000000, 0.80000000, -0.50000000, -0.00888814
-0.40000000, 0.80000000, -0.40000000, -0.01248186
-0.50000000, 0.80000000, -0.30000000, -0.01108369
-0.60000000, 0.80000000, -0.20000000, -0.00596642
-0.70000000, 0.80000000, -0.10000000, -0.00173728
-0.80000000, 0.80000000, 0.00000000, -0.00017102
-0.80000000, 0.70000000, 0.10000000, -0.00017673
-0.80000000, 0.60000000, 0.20000000, -0.00013967
-0.80000000, 0.50000000, 0.30000000, -0.00010245
-0.80000000, 0.40000000, 0.40000000, -0.00007700
-0.80000000, 0.30000000, 0.50000000, -0.00005601
-0.80000000, 0.20000000, 0.60000000, -0.00002951
-0.80000000, 0.10000000, 0.70000000, -0.00000906
-0.80000000, 0.00000000, 0.80000000, 0.00000234
-0.70000000, -0.10000000, 0.80000000, 0.00000585
-0.60000000, -0.20000000, 0.80000000, 0.00001709
-0.50000000, -0.30000000, 0.80000000, 0.00001839
-0.40000000, -0.40000000, 0.80000000, -0.00001252
-0.30000000, -0.50000000, 0.80000000, -0.00006547
-0.20000000, -0.60000000, 0.80000000, -0.00010571
-0.10000000, -0.70000000, 0.80000000, -0.00011325
0.00000000, -0.80000000, 0.80000000, -0.00009650
0.10000000, -0.80000000, 0.70000000, -0.00102909
0.20000000, -0.80000000, 0.60000000, -0.00391851
0.30000000, -0.80000000, 0.50000000, -0.00888814
0.40000000, -0.80000000, 0.40000000, -0.01248186
0.50000000, -0.80000000, 0.30000000, -0.01108369
0.60000000, -0.80000000, 0.20000000, -0.00596642
0.70000000, -0.80000000, 0.10000000, -0.00173728
0.80000000, -0.80000000, 0.00000000, -0.00017102
0.80000000, -0.70000000, -0.10000000, -0.00017673
0.80000000, -0.60000000, -0.20000000, -0.00013967
0.80000000, -0.50000000, -0.30000000, -0.00010245
0.80000000, -0.40000000, -0.40000000, -0.00007700
0.80000000, -0.30000000, -0.50000000, -0.00005601
0.80000000, -0.20000000, -0.60000000, -0.00002951
0.80000000, -0.10000000, -0.70000000, -0.00000906
0.85000000, 0.00000000, -0.85000000, -0.00000098
0.74375000, 0.10625000, -0.85000000, 0.00000270
0.63750000, 0.21250000, -0.85000000, 0.00001030
0.53125000, 0.31875000, -0.85000000, 0.00001580
0.42500000, 0.42500000, -0.85000000, 0.00000898
0.31875000, 0.53125000, -0.85000000, -0.00000703
0.21250000, 0.63750000, -0.85000000, -0.00001620
0.10625000, 0.74375000, -0.85000000, -0.00001491
0.00000000, 0.85000000, -0.85000000, -0.00001303
-0.10625000, 0.85000000, -0.74375000, -0.00030919
-0.21250000, 0.85000000, -0.63750000, -0.00157798
-0.31875000, 0.85000000, -0.53125000, -0.00432055
-0.42500000, 0.85000000, -0.42500000, -0.00645992
-0.53125000, 0.85000000, -0.31875000, -0.00546344
-0.63750000, 0.85000000, -0.21250000, -0.00245807
-0.74375000, 0.85000000, -0.10625000, -0.00050658
-0.85000000, 0.85000000, 0.00000000, -0.00002391
-0.85000000, 0.74375000, 0.10625000, -0.00002309
-0.85000000, 0.63750000, 0.21250000, -0.00001495
-0.85000000, 0.53125000, 0.31875000, -0.00000913
-0.85000000, 0.42500000, 0.42500000, -0.00000959
-0.85000000, 0.31875000, 0.53125000, -0.00000700
-0.85000000, 0.21250000, 0.63750000, -0.00000185
-0.85000000, 0.10625000, 0.74375000, 0.00000098
-0.85000000, 0.00000000, 0.85000000, -0.00000098
-0.74375000, -0.10625000, 0.85000000, 0.00000270
-0.63750000, -0.21250000, 0.85000000, 0.00001030
-0.53125000, -0.31875000, 0.85000000, 0.00001580
-0.42500000, -0.42500000, 0.85000000, 0.00000898
-0.31875000, -0.53125000, 0.85000000, -0.00000703
-0.21250000, -0.63750000, 0.85000000, -0.00001620
-0.10625000, -0.74375000, 0.85000000, -0.00001491
0.00000000, -0.85000000, 0.85000000, -0.00001303
0.10625000, -0.85000000, 0.74375000, -0.00030919
0.21250000, -0.85000000, 0.63750000, -0.00157798
0.31875000, -0.85000000, 0.53125000, -0.00432055
0.42500000, -0.85000000, 0.42500000, -0.00645992
0.53125000, -0.85000000, 0.31875000, -0.00546344
0.63750000, -0.85000000, 0.21250000, -0.00245807
0.74375000, -0.85000000, 0.10625000, -0.00050658
0.85000000, -0.85000000, 0.00000000, -0.00002391
0.85000000, -0.74375000, -0.10625000, -0.00002309
0.85000000, -0.63750000, -0.21250000, -0.00001495
0.85000000, -0.53125000, -0.31875000, -0.00000913
0.85000000, -0.42500000, -0.42500000, -0.00000959
0.85000000, -0.31875000, -0.53125000, -0.00000700
0.85000000, -0.21250000, -0.63750000, -0.00000185
0.85000000, -0.10625000, -0.74375000, 0.00000098
0.90000000, 0.00000000, -0.90000000, -0.00000144
0.78750000, 0.11250000, -0.90000000, 0.00000045
0.67500000, 0.22500000, -0.90000000, 0.00000314
0.56250000, 0.33750000, -0.90000000, 0.00000552
0.45000000, 0.45000000, -0.90000000, 0.00000458
0.33750000, 0.56250000, -0.90000000, 0.00000091
0.22500000, 0.67500000, -0.90000000, -0.00000030
0.11250000, 0.78750000, -0.90000000, 0.00000067
0.00000000, 0.90000000, -0.90000000, 0.00000018
-0.11250000, 0.90000000, -0.78750000, -0.00006848
-0.22500000, 0.90000000, -0.67500000, -0.00046706
-0.33750000, 0.90000000, -0.56250000, -0.00160115
-0.45000000, 0.90000000, -0.45000000, -0.00257207
-0.56250000, 0.90000000, -0.33750000, -0.00205048
-0.67500000, 0.90000000, -0.22500000, -0.00074028
-0.78750000, 0.90000000, -0.11250000, -0.00010175
-0.90000000, 0.90000000, 0.00000000, 0.00000035
-0.90000000, 0.78750000, 0.11250000, -0.00000037
-0.90000000, 0.67500000, 0.22500000, 0.00000051
-0.90000000, 0.56250000, 0.33750000, 0.00000128
-0.90000000, 0.45000000, 0.45000000, -0.00000012
-0.90000000, 0.33750000, 0.56250000, 0.00000107
-0.90000000, 0.22500000, 0.67500000, 0.00000188
-0.90000000, 0.11250000, 0.78750000, 0.00000147
-0.90000000, 0.00000000, 0.90000000, -0.00000144
-0.78750000, -0.11250000, 0.90000000, 0.00000045
-0.67500000, -0.22500000, 0.90000000, 0.00000314
-0.56250000, -0.33750000, 0.90000000, 0.00000552
-0.45000000, -0.45000000, 0.90000000, 0.00000458
-0.33750000, -0.56250000, 0.90000000, 0.00000091
-0.22500000, -0.67500000, 0.90000000, -0.00000030
-0.11250000, -0.78750000, 0.90000000, 0.00000067
0.00000000, -0.90000000, 0.90000000, 0.00000018
0.11250000, -0.90000000, 0.78750000, -0.00006848
0.22500000, -0.90000000, 0.67500000, -0.00046706
0.33750000, -0.90000000, 0.56250000, -0.00160115
0.45000000, -0.90000000, 0.45000000, -0.00257207
0.56250000, -0.90000000, 0.33750000, -0.00205048
0.67500000, -0.90000000, 0.22500000, -0.00074028
0.78750000, -0.90000000, 0.11250000, -0.00010175
0.90000000, -0.90000000, 0.00000000, 0.00000035
0.90000000, -0.78750000, -0.11250000, -0.00000037
0.90000000, -0.67500000, -0.22500000, 0.00000051
0.90000000, -0.56250000, -0.33750000, 0.00000128
0.90000000, -0.45000000, -0.45000000, -0.00000012
0.90000000, -0.33750000, -0.56250000, 0.00000107
0.90000000, -0.22500000, -0.67500000, 0.00000188
0.90000000, -0.11250000, -0.78750000, 0.00000147
0.95000000, 0.00000000, -0.95000000, 0.00000156
0.83125000, 0.11875000, -0.95000000, -0.00000002
0.71250000, 0.23750000, -0.95000000, -0.00000088
0.59375000, 0.35625000, -0.95000000, -0.00000077
0.47500000, 0.47500000, -0.95000000, -0.00000120
0.35625000, 0.59375000, -0.95000000, -0.00000195
0.23750000, 0.71250000, -0.95000000, -0.00000255
0.11875000, 0.83125000, -0.95000000, -0.00000256
0.00000000, 0.95000000, -0.95000000, -0.00000259
-0.11875000, 0.95000000, -0.83125000, -0.00000788
-0.23750000, 0.95000000, -0.71250000, -0.00007094
-0.35625000, 0.95000000, -0.59375000, -0.00032303
-0.47500000, 0.95000000, -0.47500000, -0.00056427
-0.59375000, 0.95000000, -0.35625000, -0.00042109
-0.71250000, 0.95000000, -0.23750000, -0.00011644
-0.83125000, 0.95000000, -0.11875000, -0.00000822
-0.95000000, 0.95000000, 0.00000000, -0.00000174
-0.95000000, 0.83125000, 0.11875000, 0.00000040
-0.95000000, 0.71250000, 0.23750000, 0.00000114
-0.95000000, 0.59375000, 0.35625000, 0.00000038
-0.95000000, 0.47500000, 0.47500000, -0.00000072
-0.95000000, 0.35625000, 0.59375000, -0.00000317
-0.95000000, 0.23750000, 0.71250000, -0.00000307
-0.95000000, 0.11875000, 0.83125000, -0.00000157
-0.95000000, 0.00000000, 0.95000000, 0.00000156
-0.83125000, -0.11875000, 0.95000000, -0.00000002
-0.71250000, -0.23750000, 0.95000000, -0.00000088
-0.59375000, -0.35625000, 0.95000000, -0.00000077
-0.47500000, -0.47500000, 0.95000000, -0.00000120
-0.35625000, -0.59375000, 0.95000000, -0.00000195
-0.23750000, -0.71250000, 0.95000000, -0.00000255
-0.11875000, -0.83125000, 0.95000000, -0.00000256
0.00000000, -0.95000000, 0.95000000, -0.00000259
0.11875000, -0.95000000, 0.83125000, -0.00000788
0.23750000, -0.95000000, 0.71250000, -0.00007094
0.35625000, -0.95000000, 0.59375000, -0.00032303
0.47500000, -0.95000000, 0.47500000, -0.00056427
0.59375000, -0.95000000, 0.35625000, -0.00042109
0.71250000, -0.95000000, 0.23750000, -0.00011644
0.83125000, -0.95000000, 0.11875000, -0.00000822
0.95000000, -0.95000000, 0.00000000, -0.00000174
0.95000000, -0.83125000, -0.11875000, 0.00000040
0.95000000, -0.71250000, -0.23750000, 0.00000114
0.95000000, -0.59375000, -0.35625000, 0.00000038
0.95000000, -0.47500000, -0.47500000, -0.00000072
0.95000000, -0.35625000, -0.59375000, -0.00000317
0.95000000, -0.23750000, -0.71250000, -0.00000307
0.95000000, -0.11875000, -0.83125000, -0.00000157
1.00000000, 0.00000000, -1.00000000, 0.00000000
0.87500000, 0.12500000, -1.00000000, 0.00000000
0.75000000, 0.25000000, -1.00000000, 0.00000000
0.62500000, 0.37500000, -1.00000000, 0.00000000
0.50000000, 0.50000000, -1.00000000, 0.00000000
0.37500000, 0.62500000, -1.00000000, 0.00000000
0.25000000, 0.75000000, -1.00000000, 0.00000000
0.12500000, 0.87500000, -1.00000000, 0.00000000
0.00000000, 1.00000000, -1.00000000, 0.00000000
-0.12500000, 1.00000000, -0.87500000, 0.00000000
-0.25000000, 1.00000000, -0.75000000, 0.00000000
-0.37500000, 1.00000000, -0.62500000, 0.00000000
-0.50000000, 1.00000000, -0.50000000, 0.00000000
-0.62500000, 1.00000000, -0.37500000, 0.00000000
-0.75000000, 1.00000000, -0.25000000, 0.00000000
-0.87500000, 1.00000000, -0.12500000, 0.00000000
-1.00000000, 1.00000000, 0.00000000, 0.00000000
-1.00000000, 0.87500000, 0.12500000, 0.00000000
-1.00000000, 0.75000000, 0.25000000, 0.00000000
-1.00000000, 0.62500000, 0.37500000, 0.00000000
-1.00000000, 0.50000000, 0.50000000, 0.00000000
-1.00000000, 0.37500000, 0.62500000, 0.00000000
-1.00000000, 0.25000000, 0.75000000, 0.00000000
-1.00000000, 0.12500000, 0.87500000, 0.00000000
-1.00000000, 0.00000000, 1.00000000, 0.00000000
-0.87500000, -0.12500000, 1.00000000, 0.00000000
-0.75000000, -0.25000000, 1.00000000, 0.00000000
-0.62500000, -0.37500000, 1.00000000, 0.00000000
-0.50000000, -0.50000000, 1.00000000, 0.00000000
-0.37500000, -0.62500000, 1.00000000, 0.00000000
-0.25000000, -0.75000000, 1.00000000, 0.00000000
-0.12500000, -0.87500000, 1.00000000, 0.00000000
0.00000000, -1.00000000, 1.00000000, 0.00000000
0.12500000, -1.00000000, 0.87500000, 0.00000000
0.25000000, -1.00000000, 0.75000000, 0.00000000
0.37500000, -1.00000000, 0.62500000, 0.00000000
0.50000000, -1.00000000, 0.50000000, 0.00000000
0.62500000, -1.00000000, 0.37500000, 0.00000000
0.75000000, -1.00000000, 0.25000000, 0.00000000
0.87500000, -1.00000000, 0.12500000, 0.00000000
1.00000000, -1.00000000, 0.00000000, 0.00000000
1.00000000, -0.87500000, -0.12500000, 0.00000000
1.00000000, -0.75000000, -0.25000000, 0.00000000
1.00000000, -0.62500000, -0.37500000, 0.00000000
1.00000000, -0.50000000, -0.50000000, 0.00000000
1.00000000, -0.37500000, -0.62500000, 0.00000000
1.00000000, -0.25000000, -0.75000000, 0.00000000
1.00000000, -0.12500000, -0.87500000, 0.00000000
