0.01000000, 0.00000000, -0.01000000, -0.73028028
0.00000000, 0.01000000, -0.01000000, -2.18166208
-0.00125000, 0.01000000, -0.00875000, -2.34634042
-0.00250000, 0.01000000, -0.00750000, -1.67682731
-0.00375000, 0.01000000, -0.00625000, -0.63518804
-0.00500000, 0.01000000, -0.00500000, 0.47342998
-0.00625000, 0.01000000, -0.00375000, 1.64823365
-0.00750000, 0.01000000, -0.00250000, 2.50290561
-0.00875000, 0.01000000, -0.00125000, 3.10633254
-0.01000000, 0.01000000, 0.00000000, 2.54991150
-0.01000000, 0.00875000, 0.00125000, 1.73515654
-0.01000000, 0.00750000, 0.00250000, 1.39757514
-0.01000000, 0.00625000, 0.00375000, 1.19626212
-0.01000000, 0.00500000, 0.00500000, 1.03376448
-0.01000000, 0.00375000, 0.00625000, 0.93595874
-0.01000000, 0.00250000, 0.00750000, 0.82551360
-0.01000000, 0.00125000, 0.00875000, 0.77500856
-0.01000000, 0.00000000, 0.01000000, 0.73028028
0.00000000, -0.01000000, 0.01000000, 2.18166208
0.00125000, -0.01000000, 0.00875000, 2.34634042
0.00250000, -0.01000000, 0.00750000, 1.67682731
0.00375000, -0.01000000, 0.00625000, 0.63518804
0.00500000, -0.01000000, 0.00500000, -0.47342998
0.00625000, -0.01000000, 0.00375000, -1.64823365
0.00750000, -0.01000000, 0.00250000, -2.50290561
0.00875000, -0.01000000, 0.00125000, -3.10633254
0.01000000, -0.01000000, 0.00000000, -2.54991150
0.01000000, -0.00875000, -0.00125000, -1.73515654
0.01000000, -0.00750000, -0.00250000, -1.39757514
0.01000000, -0.00625000, -0.00375000, -1.19626212
0.01000000, -0.00500000, -0.00500000, -1.03376448
0.01000000, -0.00375000, -0.00625000, -0.93595874
0.01000000, -0.00250000, -0.00750000, -0.82551360
0.01000000, -0.00125000, -0.00875000, -0.77500856
0.02000000, 0.00000000, -0.02000000, -0.28904748
0.01750000, 0.00250000, -0.02000000, -0.33104587
0.01500000, 0.00500000, -0.02000000, -0.37808996
0.01250000, 0.00750000, -0.02000000, -0.42983624
0.01000000, 0.01000000, -0.02000000, -0.47668558
0.00750000, 0.01250000, -0.02000000, -0.52603662
0.00500000, 0.01500000, -0.02000000, -0.57470298
0.00250000, 0.01750000, -0.02000000, -0.63507545
0.00000000, 0.02000000, -0.02000000, -0.79601312
-0.00250000, 0.02000000, -0.01750000, -0.84430432
-0.00500000, 0.02000000, -0.01500000, -0.57266468
-0.00750000, 0.02000000, -0.01250000, -0.15885003
-0.01000000, 0.02000000, -0.01000000, 0.27144963
-0.01250000, 0.02000000, -0.00750000, 0.71298498
-0.01500000, 0.02000000, -0.00500000, 1.07553911
-0.01750000, 0.02000000, -0.00250000, 1.27915466
-0.02000000, 0.02000000, 0.00000000, 1.05835748
-0.02000000, 0.01750000, 0.00250000, 0.72171098
-0.02000000, 0.01500000, 0.00500000, 0.58041531
-0.02000000, 0.01250000, 0.00750000, 0.49463853
-0.02000000, 0.01000000, 0.01000000, 0.42390373
-0.02000000, 0.00750000, 0.01250000, 0.37574890
-0.02000000, 0.00500000, 0.01500000, 0.33700830
-0.02000000, 0.00250000, 0.01750000, 0.30765948
-0.02000000, 0.00000000, 0.02000000, 0.28904748
-0.01750000, -0.00250000, 0.02000000, 0.33104587
-0.01500000, -0.00500000, 0.02000000, 0.37808996
-0.01250000, -0.00750000, 0.02000000, 0.42983624
-0.01000000, -0.01000000, 0.02000000, 0.47668558
-0.00750000, -0.01250000, 0.02000000, 0.52603662
-0.00500000, -0.01500000, 0.02000000, 0.57470298
-0.00250000, -0.01750000, 0.02000000, 0.63507545
0.00000000, -0.02000000, 0.02000000, 0.79601312
0.00250000, -0.02000000, 0.01750000, 0.84430432
0.00500000, -0.02000000, 0.01500000, 0.57266468
0.00750000, -0.02000000, 0.01250000, 0.15885003
0.01000000, -0.02000000, 0.01000000, -0.27144963
0.01250000, -0.02000000, 0.00750000, -0.71298498
0.01500000, -0.02000000, 0.00500000, -1.07553911
0.01750000, -0.02000000, 0.00250000, -1.27915466
0.02000000, -0.02000000, 0.00000000, -1.05835748
0.02000000, -0.01750000, -0.00250000, -0.72171098
0.02000000, -0.01500000, -0.00500000, -0.58041531
0.02000000, -0.01250000, -0.00750000, -0.49463853
0.02000000, -0.01000000, -0.01000000, -0.42390373
0.02000000, -0.00750000, -0.01250000, -0.37574890
0.02000000, -0.00500000, -0.01500000, -0.33700830
0.02000000, -0.00250000, -0.01750000, -0.30765948
0.03000000, 0.00000000, -0.03000000, -0.16487333
0.02625000, 0.00375000, -0.03000000, -0.18838897
0.02250000, 0.00750000, -0.03000000, -0.21423796
0.01875000, 0.01125000, -0.03000000, -0.24208625
0.01500000, 0.01500000, -0.03000000, -0.26797110
0.01125000, 0.01875000, -0.03000000, -0.29283980
0.00750000, 0.02250000, -0.03000000, -0.31729203
0.00375000, 0.02625000, -0.03000000, -0.34842563
0.00000000, 0.03000000, -0.03000000, -0.43894303
-0.00375000, 0.03000000, -0.02625000, -0.45896953
-0.00750000, 0.03000000, -0.02250000, -0.29505661
-0.01125000, 0.03000000, -0.01875000, -0.05153545
-0.01500000, 0.03000000, -0.01500000, 0.21292436
-0.01875000, 0.03000000, -0.01125000, 0.46796691
-0.02250000, 0.03000000, -0.00750000, 0.67970711
-0.02625000, 0.03000000, -0.00375000, 0.79585564
-0.03000000, 0.03000000, 0.00000000, 0.65870398
-0.03000000, 0.02625000, 0.00375000, 0.44883707
-0.03000000, 0.02250000, 0.00750000, 0.35838965
-0.03000000, 0.01875000, 0.01125000, 0.30127212
-0.03000000, 0.01500000, 0.01500000, 0.25764865
-0.03000000, 0.01125000, 0.01875000, 0.22401303
-0.03000000, 0.00750000, 0.02250000, 0.19755816
-0.03000000, 0.00375000, 0.02625000, 0.17733967
-0.03000000, 0.00000000, 0.03000000, 0.16487333
-0.02625000, -0.00375000, 0.03000000, 0.18838897
-0.02250000, -0.00750000, 0.03000000, 0.21423796
-0.01875000, -0.01125000, 0.03000000, 0.24208625
-0.01500000, -0.01500000, 0.03000000, 0.26797110
-0.01125000, -0.01875000, 0.03000000, 0.29283980
-0.00750000, -0.02250000, 0.03000000, 0.31729203
-0.00375000, -0.02625000, 0.03000000, 0.34842563
0.00000000, -0.03000000, 0.03000000, 0.43894303
0.00375000, -0.03000000, 0.02625000, 0.45896953
0.00750000, -0.03000000, 0.02250000, 0.29505661
0.01125000, -0.03000000, 0.01875000, 0.05153545
0.01500000, -0.03000000, 0.01500000, -0.21292436
0.01875000, -0.03000000, 0.01125000, -0.46796691
0.02250000, -0.03000000, 0.00750000, -0.67970711
0.02625000, -0.03000000, 0.00375000, -0.79585564
0.03000000, -0.03000000, 0.00000000, -0.65870398
0.03000000, -0.02625000, -0.00375000, -0.44883707
0.03000000, -0.02250000, -0.00750000, -0.35838965
0.03000000, -0.01875000, -0.01125000, -0.30127212
0.03000000, -0.01500000, -0.01500000, -0.25764865
0.03000000, -0.01125000, -0.01875000, -0.22401303
0.03000000, -0.00750000, -0.02250000, -0.19755816
0.03000000, -0.00375000, -0.02625000, -0.17733967
0.04000000, 0.00000000, -0.04000000, -0.10724204
0.03500000, 0.00500000, -0.04000000, -0.12263472
0.03000000, 0.01000000, -0.04000000, -0.13994859
0.02500000, 0.01500000, -0.04000000, -0.15752518
0.02000000, 0.02000000, -0.04000000, -0.17389964
0.01500000, 0.02500000, -0.04000000, -0.18969885
0.01000000, 0.03000000, -0.04000000, -0.20480880
0.00500000, 0.03500000, -0.04000000, -0.22488707
0.00000000, 0.04000000, -0.04000000, -0.28685227
-0.00500000, 0.04000000, -0.03500000, -0.29668790
-0.01000000, 0.04000000, -0.03000000, -0.17661025
-0.01500000, 0.04000000, -0.02500000, -0.00708166
-0.02000000, 0.04000000, -0.02000000, 0.17915311
-0.02500000, 0.04000000, -0.01500000, 0.35850188
-0.03000000, 0.04000000, -0.01000000, 0.50580853
-0.03500000, 0.04000000, -0.00500000, 0.58482105
-0.04000000, 0.04000000, 0.00000000, 0.48228154
-0.04000000, 0.03500000, 0.00500000, 0.32712114
-0.04000000, 0.03000000, 0.01000000, 0.25945258
-0.04000000, 0.02500000, 0.01500000, 0.21469063
-0.04000000, 0.02000000, 0.02000000, 0.18092892
-0.04000000, 0.01500000, 0.02500000, 0.15489709
-0.04000000, 0.01000000, 0.03000000, 0.13399209
-0.04000000, 0.00500000, 0.03500000, 0.11786930
-0.04000000, 0.00000000, 0.04000000, 0.10724204
-0.03500000, -0.00500000, 0.04000000, 0.12263472
-0.03000000, -0.01000000, 0.04000000, 0.13994859
-0.02500000, -0.01500000, 0.04000000, 0.15752518
-0.02000000, -0.02000000, 0.04000000, 0.17389964
-0.01500000, -0.02500000, 0.04000000, 0.18969885
-0.01000000, -0.03000000, 0.04000000, 0.20480880
-0.00500000, -0.03500000, 0.04000000, 0.22488707
0.00000000, -0.04000000, 0.04000000, 0.28685227
0.00500000, -0.04000000, 0.03500000, 0.29668790
0.01000000, -0.04000000, 0.03000000, 0.17661025
0.01500000, -0.04000000, 0.02500000, 0.00708166
0.02000000, -0.04000000, 0.02000000, -0.17915311
0.02500000, -0.04000000, 0.01500000, -0.35850188
0.03000000, -0.04000000, 0.01000000, -0.50580853
0.03500000, -0.04000000, 0.00500000, -0.58482105
0.04000000, -0.04000000, 0.00000000, -0.48228154
0.04000000, -0.03500000, -0.00500000, -0.32712114
0.04000000, -0.03000000, -0.01000000, -0.25945258
0.04000000, -0.02500000, -0.01500000, -0.21469063
0.04000000, -0.02000000, -0.02000000, -0.18092892
0.04000000, -0.01500000, -0.02500000, -0.15489709
0.04000000, -0.01000000, -0.03000000, -0.13399209
0.04000000, -0.00500000, -0.03500000, -0.11786930
0.05000000, 0.00000000, -0.05000000, -0.07356137
0.04375000, 0.00625000, -0.05000000, -0.08459350
0.03750000, 0.01250000, -0.05000000, -0.09694427
0.03125000, 0.01875000, -0.05000000, -0.10940981
0.02500000, 0.02500000, -0.05000000, -0.12091144
0.01875000, 0.03125000, -0.05000000, -0.13177635
0.01250000, 0.03750000, -0.05000000, -0.14246348
0.00625000, 0.04375000, -0.05000000, -0.15718733
0.00000000, 0.05000000, -0.05000000, -0.20504954
-0.00625000, 0.05000000, -0.04375000, -0.21031831
-0.01250000, 0.05000000, -0.03750000, -0.11633335
-0.01875000, 0.05000000, -0.03125000, 0.01502266
-0.02500000, 0.05000000, -0.02500000, 0.15887775
-0.03125000, 0.05000000, -0.01875000, 0.29581922
-0.03750000, 0.05000000, -0.01250000, 0.40828356
-0.04375000, 0.05000000, -0.00625000, 0.46705684
-0.05000000, 0.05000000, 0.00000000, 0.38452822
-0.05000000, 0.04375000, 0.00625000, 0.25906101
-0.05000000, 0.03750000, 0.01250000, 0.20324598
-0.05000000, 0.03125000, 0.01875000, 0.16587436
-0.05000000, 0.02500000, 0.02500000, 0.13737792
-0.05000000, 0.01875000, 0.03125000, 0.11489616
-0.05000000, 0.01250000, 0.03750000, 0.09688903
-0.05000000, 0.00625000, 0.04375000, 0.08273780
-0.05000000, 0.00000000, 0.05000000, 0.07356137
-0.04375000, -0.00625000, 0.05000000, 0.08459350
-0.03750000, -0.01250000, 0.05000000, 0.09694427
-0.03125000, -0.01875000, 0.05000000, 0.10940981
-0.02500000, -0.02500000, 0.05000000, 0.12091144
-0.01875000, -0.03125000, 0.05000000, 0.13177635
-0.01250000, -0.03750000, 0.05000000, 0.14246348
-0.00625000, -0.04375000, 0.05000000, 0.15718733
0.00000000, -0.05000000, 0.05000000, 0.20504954
0.00625000, -0.05000000, 0.04375000, 0.21031831
0.01250000, -0.05000000, 0.03750000, 0.11633335
0.01875000, -0.05000000, 0.03125000, -0.01502266
0.02500000, -0.05000000, 0.02500000, -0.15887775
0.03125000, -0.05000000, 0.01875000, -0.29581922
0.03750000, -0.05000000, 0.01250000, -0.40828356
0.04375000, -0.05000000, 0.00625000, -0.46705684
0.05000000, -0.05000000, 0.00000000, -0.38452822
0.05000000, -0.04375000, -0.00625000, -0.25906101
0.05000000, -0.03750000, -0.01250000, -0.20324598
0.05000000, -0.03125000, -0.01875000, -0.16587436
0.05000000, -0.02500000, -0.02500000, -0.13737792
0.05000000, -0.01875000, -0.03125000, -0.11489616
0.05000000, -0.01250000, -0.03750000, -0.09688903
0.05000000, -0.00625000, -0.04375000, -0.08273780
0.06000000, 0.00000000, -0.06000000, -0.05174531
0.05250000, 0.00750000, -0.06000000, -0.05958208
0.04500000, 0.01500000, -0.06000000, -0.06874365
0.03750000, 0.02250000, -0.06000000, -0.07792120
0.03000000, 0.03000000, -0.06000000, -0.08655991
0.02250000, 0.03750000, -0.06000000, -0.09495888
0.01500000, 0.04500000, -0.06000000, -0.10337937
0.00750000, 0.05250000, -0.06000000, -0.11528716
0.00000000, 0.06000000, -0.06000000, -0.15456730
-0.00750000, 0.06000000, -0.05250000, -0.15826817
-0.01500000, 0.06000000, -0.04500000, -0.08099171
-0.02250000, 0.06000000, -0.03750000, 0.02635690
-0.03000000, 0.06000000, -0.03000000, 0.14364524
-0.03750000, 0.06000000, -0.02250000, 0.25682652
-0.04500000, 0.06000000, -0.01500000, 0.34824950
-0.05250000, 0.06000000, -0.00750000, 0.39536902
-0.06000000, 0.06000000, 0.00000000, 0.32407466
-0.06000000, 0.05250000, 0.00750000, 0.21565486
-0.06000000, 0.04500000, 0.01500000, 0.16698918
-0.06000000, 0.03750000, 0.02250000, 0.13414998
-0.06000000, 0.03000000, 0.03000000, 0.10891435
-0.06000000, 0.02250000, 0.03750000, 0.08946703
-0.06000000, 0.01500000, 0.04500000, 0.07345621
-0.06000000, 0.00750000, 0.05250000, 0.06081079
-0.06000000, 0.00000000, 0.06000000, 0.05174531
-0.05250000, -0.00750000, 0.06000000, 0.05958208
-0.04500000, -0.01500000, 0.06000000, 0.06874365
-0.03750000, -0.02250000, 0.06000000, 0.07792120
-0.03000000, -0.03000000, 0.06000000, 0.08655991
-0.02250000, -0.03750000, 0.06000000, 0.09495888
-0.01500000, -0.04500000, 0.06000000, 0.10337937
-0.00750000, -0.05250000, 0.06000000, 0.11528716
0.00000000, -0.06000000, 0.06000000, 0.15456730
0.00750000, -0.06000000, 0.05250000, 0.15826817
0.01500000, -0.06000000, 0.04500000, 0.08099171
0.02250000, -0.06000000, 0.03750000, -0.02635690
0.03000000, -0.06000000, 0.03000000, -0.14364524
0.03750000, -0.06000000, 0.02250000, -0.25682652
0.04500000, -0.06000000, 0.01500000, -0.34824950
0.05250000, -0.06000000, 0.00750000, -0.39536902
0.06000000, -0.06000000, 0.00000000, -0.32407466
0.06000000, -0.05250000, -0.00750000, -0.21565486
0.06000000, -0.04500000, -0.01500000, -0.16698918
0.06000000, -0.03750000, -0.02250000, -0.13414998
0.06000000, -0.03000000, -0.03000000, -0.10891435
0.06000000, -0.02250000, -0.03750000, -0.08946703
0.06000000, -0.01500000, -0.04500000, -0.07345621
0.06000000, -0.00750000, -0.05250000, -0.06081079
0.07000000, 0.00000000, -0.07000000, -0.03565760
0.06125000, 0.00875000, -0.07000000, -0.04149010
0.05250000, 0.01750000, -0.07000000, -0.04854623
0.04375000, 0.02625000, -0.07000000, -0.05556104
0.03500000, 0.03500000, -0.07000000, -0.06205902
0.02625000, 0.04375000, -0.07000000, -0.06860688
0.01750000, 0.05250000, -0.07000000, -0.07527296
0.00875000, 0.06125000, -0.07000000, -0.08548557
0.00000000, 0.07000000, -0.07000000, -0.11997844
-0.00875000, 0.07000000, -0.06125000, -0.12360426
-0.01750000, 0.07000000, -0.05250000, -0.05722812
-0.02625000, 0.07000000, -0.04375000, 0.03397130
-0.03500000, 0.07000000, -0.03500000, 0.13326573
-0.04375000, 0.07000000, -0.02625000, 0.22828420
-0.05250000, 0.07000000, -0.01750000, 0.30486584
-0.06125000, 0.07000000, -0.00875000, 0.34332314
-0.07000000, 0.07000000, 0.00000000, 0.28003669
-0.07000000, 0.06125000, 0.00875000, 0.18497668
-0.07000000, 0.05250000, 0.01750000, 0.14160082
-0.07000000, 0.04375000, 0.02625000, 0.11194353
-0.07000000, 0.03500000, 0.03500000, 0.08902957
-0.07000000, 0.02625000, 0.04375000, 0.07104482
-0.07000000, 0.01750000, 0.05250000, 0.05621618
-0.07000000, 0.00875000, 0.06125000, 0.04437451
-0.07000000, 0.00000000, 0.07000000, 0.03565760
-0.06125000, -0.00875000, 0.07000000, 0.04149010
-0.05250000, -0.01750000, 0.07000000, 0.04854623
-0.04375000, -0.02625000, 0.07000000, 0.05556104
-0.03500000, -0.03500000, 0.07000000, 0.06205902
-0.02625000, -0.04375000, 0.07000000, 0.06860688
-0.01750000, -0.05250000, 0.07000000, 0.07527296
-0.00875000, -0.06125000, 0.07000000, 0.08548557
0.00000000, -0.07000000, 0.07000000, 0.11997844
0.00875000, -0.07000000, 0.06125000, 0.12360426
0.01750000, -0.07000000, 0.05250000, 0.05722812
0.02625000, -0.07000000, 0.04375000, -0.03397130
0.03500000, -0.07000000, 0.03500000, -0.13326573
0.04375000, -0.07000000, 0.02625000, -0.22828420
0.05250000, -0.07000000, 0.01750000, -0.30486584
0.06125000, -0.07000000, 0.00875000, -0.34332314
0.07000000, -0.07000000, 0.00000000, -0.28003669
0.07000000, -0.06125000, -0.00875000, -0.18497668
0.07000000, -0.05250000, -0.01750000, -0.14160082
0.07000000, -0.04375000, -0.02625000, -0.11194353
0.07000000, -0.03500000, -0.03500000, -0.08902957
0.07000000, -0.02625000, -0.04375000, -0.07104482
0.07000000, -0.01750000, -0.05250000, -0.05621618
0.07000000, -0.00875000, -0.06125000, -0.04437451
0.08000000, 0.00000000, -0.08000000, -0.02336152
0.07000000, 0.01000000, -0.08000000, -0.02777578
0.06000000, 0.02000000, -0.08000000, -0.03319173
0.05000000, 0.03000000, -0.08000000, -0.03858191
0.04000000, 0.04000000, -0.08000000, -0.04350261
0.03000000, 0.05000000, -0.08000000, -0.04855595
0.02000000, 0.06000000, -0.08000000, -0.05399379
0.01000000, 0.07000000, -0.08000000, -0.06306730
0.00000000, 0.08000000, -0.08000000, -0.09456396
-0.01000000, 0.08000000, -0.07000000, -0.09849752
-0.02000000, 0.08000000, -0.06000000, -0.04040204
-0.03000000, 0.08000000, -0.05000000, 0.03898417
-0.04000000, 0.08000000, -0.04000000, 0.12533137
-0.05000000, 0.08000000, -0.03000000, 0.20661511
-0.06000000, 0.08000000, -0.02000000, 0.27238405
-0.07000000, 0.08000000, -0.01000000, 0.30441648
-0.08000000, 0.08000000, 0.00000000, 0.24741188
-0.08000000, 0.07000000, 0.01000000, 0.16227658
-0.08000000, 0.06000000, 0.02000000, 0.12274694
-0.08000000, 0.05000000, 0.03000000, 0.09544572
-0.08000000, 0.04000000, 0.04000000, 0.07421214
-0.08000000, 0.03000000, 0.05000000, 0.05706481
-0.08000000, 0.02000000, 0.06000000, 0.04302090
-0.08000000, 0.01000000, 0.07000000, 0.03163094
-0.08000000, 0.00000000, 0.08000000, 0.02336152
-0.07000000, -0.01000000, 0.08000000, 0.02777578
-0.06000000, -0.02000000, 0.08000000, 0.03319173
-0.05000000, -0.03000000, 0.08000000, 0.03858191
-0.04000000, -0.04000000, 0.08000000, 0.04350261
-0.03000000, -0.05000000, 0.08000000, 0.04855595
-0.02000000, -0.06000000, 0.08000000, 0.05399379
-0.01000000, -0.07000000, 0.08000000, 0.06306730
0.00000000, -0.08000000, 0.08000000, 0.09456396
0.01000000, -0.08000000, 0.07000000, 0.09849752
0.02000000, -0.08000000, 0.06000000, 0.04040204
0.03000000, -0.08000000, 0.05000000, -0.03898417
0.04000000, -0.08000000, 0.04000000, -0.12533137
0.05000000, -0.08000000, 0.03000000, -0.20661511
0.06000000, -0.08000000, 0.02000000, -0.27238405
0.07000000, -0.08000000, 0.01000000, -0.30441648
0.08000000, -0.08000000, 0.00000000, -0.24741188
0.08000000, -0.07000000, -0.01000000, -0.16227658
0.08000000, -0.06000000, -0.02000000, -0.12274694
0.08000000, -0.05000000, -0.03000000, -0.09544572
0.08000000, -0.04000000, -0.04000000, -0.07421214
0.08000000, -0.03000000, -0.05000000, -0.05706481
0.08000000, -0.02000000, -0.06000000, -0.04302090
0.08000000, -0.01000000, -0.07000000, -0.03163094
0.09000000, 0.00000000, -0.09000000, -0.01388256
0.07875000, 0.01125000, -0.09000000, -0.01702279
0.06750000, 0.02250000, -0.09000000, -0.02100110
0.05625000, 0.03375000, -0.09000000, -0.02499731
0.04500000, 0.04500000, -0.09000000, -0.02876632
0.03375000, 0.05625000, -0.09000000, -0.03275402
0.02250000, 0.06750000, -0.09000000, -0.03746670
0.01125000, 0.07875000, -0.09000000, -0.04575897
0.00000000, 0.09000000, -0.09000000, -0.07493287
-0.01125000, 0.09000000, -0.07875000, -0.07926850
-0.02250000, 0.09000000, -0.06750000, -0.02815543
-0.03375000, 0.09000000, -0.05625000, 0.04194806
-0.04500000, 0.09000000, -0.04500000, 0.11837116
-0.05625000, 0.09000000, -0.03375000, 0.19027446
-0.06750000, 0.09000000, -0.02250000, 0.24818087
-0.07875000, 0.09000000, -0.01125000, 0.27578688
-0.09000000, 0.09000000, 0.00000000, 0.22337270
-0.09000000, 0.07875000, 0.01125000, 0.14489034
-0.09000000, 0.06750000, 0.02250000, 0.10808904
-0.09000000, 0.05625000, 0.03375000, 0.08256070
-0.09000000, 0.04500000, 0.04500000, 0.06256447
-0.09000000, 0.03375000, 0.05625000, 0.04637114
-0.09000000, 0.02250000, 0.06750000, 0.03300937
-0.09000000, 0.01125000, 0.07875000, 0.02204149
-0.09000000, 0.00000000, 0.09000000, 0.01388256
-0.07875000, -0.01125000, 0.09000000, 0.01702279
-0.06750000, -0.02250000, 0.09000000, 0.02100110
-0.05625000, -0.03375000, 0.09000000, 0.02499731
-0.04500000, -0.04500000, 0.09000000, 0.02876632
-0.03375000, -0.05625000, 0.09000000, 0.03275402
-0.02250000, -0.06750000, 0.09000000, 0.03746670
-0.01125000, -0.07875000, 0.09000000, 0.04575897
0.00000000, -0.09000000, 0.09000000, 0.07493287
0.01125000, -0.09000000, 0.07875000, 0.07926850
0.02250000, -0.09000000, 0.06750000, 0.02815543
0.03375000, -0.09000000, 0.05625000, -0.04194806
0.04500000, -0.09000000, 0.04500000, -0.11837116
0.05625000, -0.09000000, 0.03375000, -0.19027446
0.06750000, -0.09000000, 0.02250000, -0.24818087
0.07875000, -0.09000000, 0.01125000, -0.27578688
0.09000000, -0.09000000, 0.00000000, -0.22337270
0.09000000, -0.07875000, -0.01125000, -0.14489034
0.09000000, -0.06750000, -0.02250000, -0.10808904
0.09000000, -0.05625000, -0.03375000, -0.08256070
0.09000000, -0.04500000, -0.04500000, -0.06256447
0.09000000, -0.03375000, -0.05625000, -0.04637114
0.09000000, -0.02250000, -0.06750000, -0.03300937
0.09000000, -0.01125000, -0.07875000, -0.02204149
0.10000000, 0.00000000, -0.10000000, -0.00629010
0.08750000, 0.01250000, -0.10000000, -0.00825573
0.07500000, 0.02500000, -0.10000000, -0.01096008
0.06250000, 0.03750000, -0.10000000, -0.01373197
0.05000000, 0.05000000, -0.10000000, -0.01655191
0.03750000, 0.06250000, -0.10000000, -0.01976902
0.02500000, 0.07500000, -0.10000000, -0.02398321
0.01250000, 0.08750000, -0.10000000, -0.03173764
0.00000000, 0.10000000, -0.10000000, -0.05909700
-0.01250000, 0.10000000, -0.08750000, -0.06400400
-0.02500000, 0.10000000, -0.07500000, -0.01879635
-0.03750000, 0.10000000, -0.06250000, 0.04380469
-0.05000000, 0.10000000, -0.05000000, 0.11224908
-0.06250000, 0.10000000, -0.03750000, 0.17742398
-0.07500000, 0.10000000, -0.02500000, 0.22930205
-0.08750000, 0.10000000, -0.01250000, 0.25367668
-0.10000000, 0.10000000, 0.00000000, 0.20455074
-0.10000000, 0.08750000, 0.01250000, 0.13095057
-0.10000000, 0.07500000, 0.02500000, 0.09625507
-0.10000000, 0.06250000, 0.03750000, 0.07212739
-0.10000000, 0.05000000, 0.05000000, 0.05311892
-0.10000000, 0.03750000, 0.06250000, 0.03792828
-0.10000000, 0.02500000, 0.07500000, 0.02517386
-0.10000000, 0.01250000, 0.08750000, 0.01461260
-0.10000000, 0.00000000, 0.10000000, 0.00629010
-0.08750000, -0.01250000, 0.10000000, 0.00825573
-0.07500000, -0.02500000, 0.10000000, 0.01096008
-0.06250000, -0.03750000, 0.10000000, 0.01373197
-0.05000000, -0.05000000, 0.10000000, 0.01655191
-0.03750000, -0.06250000, 0.10000000, 0.01976902
-0.02500000, -0.07500000, 0.10000000, 0.02398321
-0.01250000, -0.08750000, 0.10000000, 0.03173764
0.00000000, -0.10000000, 0.10000000, 0.05909700
0.01250000, -0.10000000, 0.08750000, 0.06400400
0.02500000, -0.10000000, 0.07500000, 0.01879635
0.03750000, -0.10000000, 0.06250000, -0.04380469
0.05000000, -0.10000000, 0.05000000, -0.11224908
0.06250000, -0.10000000, 0.03750000, -0.17742398
0.07500000, -0.10000000, 0.02500000, -0.22930205
0.08750000, -0.10000000, 0.01250000, -0.25367668
0.10000000, -0.10000000, 0.00000000, -0.20455074
0.10000000, -0.08750000, -0.01250000, -0.13095057
0.10000000, -0.07500000, -0.02500000, -0.09625507
0.10000000, -0.06250000, -0.03750000, -0.07212739
0.10000000, -0.05000000, -0.05000000, -0.05311892
0.10000000, -0.03750000, -0.06250000, -0.03792828
0.10000000, -0.02500000, -0.07500000, -0.02517386
0.10000000, -0.01250000, -0.08750000, -0.01461260
0.15000000, 0.00000000, -0.15000000, 0.01846305
0.13125000, 0.01875000, -0.15000000, 0.02047164
0.11250000, 0.03750000, -0.15000000, 0.02237252
0.09375000, 0.05625000, -0.15000000, 0.02399114
0.07500000, 0.07500000, -0.15000000, 0.02525442
0.05625000, 0.09375000, -0.15000000, 0.02531158
0.03750000, 0.11250000, -0.15000000, 0.02352242
0.01875000, 0.13125000, -0.15000000, 0.01706728
0.00000000, 0.15000000, -0.15000000, -0.00755511
-0.01875000, 0.15000000, -0.13125000, -0.01740319
-0.03750000, 0.15000000, -0.11250000, 0.00963855
-0.05625000, 0.15000000, -0.09375000, 0.04926288
-0.07500000, 0.15000000, -0.07500000, 0.09294794
-0.09375000, 0.15000000, -0.05625000, 0.13366428
-0.11250000, 0.15000000, -0.03750000, 0.16576594
-0.13125000, 0.15000000, -0.01875000, 0.17867190
-0.15000000, 0.15000000, 0.00000000, 0.14035669
-0.15000000, 0.13125000, 0.01875000, 0.08587484
-0.15000000, 0.11250000, 0.03750000, 0.05892071
-0.15000000, 0.09375000, 0.05625000, 0.03960724
-0.15000000, 0.07500000, 0.07500000, 0.02410908
-0.15000000, 0.05625000, 0.09375000, 0.01107046
-0.15000000, 0.03750000, 0.11250000, -0.00013772
-0.15000000, 0.01875000, 0.13125000, -0.00996559
-0.15000000, 0.00000000, 0.15000000, -0.01846305
-0.13125000, -0.01875000, 0.15000000, -0.02047164
-0.11250000, -0.03750000, 0.15000000, -0.02237252
-0.09375000, -0.05625000, 0.15000000, -0.02399114
-0.07500000, -0.07500000, 0.15000000, -0.02525442
-0.05625000, -0.09375000, 0.15000000, -0.02531158
-0.03750000, -0.11250000, 0.15000000, -0.02352242
-0.01875000, -0.13125000, 0.15000000, -0.01706728
0.00000000, -0.15000000, 0.15000000, 0.00755511
0.01875000, -0.15000000, 0.13125000, 0.01740319
0.03750000, -0.15000000, 0.11250000, -0.00963855
0.05625000, -0.15000000, 0.09375000, -0.04926288
0.07500000, -0.15000000, 0.07500000, -0.09294794
0.09375000, -0.15000000, 0.05625000, -0.13366428
0.11250000, -0.15000000, 0.03750000, -0.16576594
0.13125000, -0.15000000, 0.01875000, -0.17867190
0.15000000, -0.15000000, 0.00000000, -0.14035669
0.15000000, -0.13125000, -0.01875000, -0.08587484
0.15000000, -0.11250000, -0.03750000, -0.05892071
0.15000000, -0.09375000, -0.05625000, -0.03960724
0.15000000, -0.07500000, -0.07500000, -0.02410908
0.15000000, -0.05625000, -0.09375000, -0.01107046
0.15000000, -0.03750000, -0.11250000, 0.00013772
0.15000000, -0.01875000, -0.13125000, 0.00996559
0.20000000, 0.00000000, -0.20000000, 0.03033801
0.17500000, 0.02500000, -0.20000000, 0.03586626
0.15000000, 0.05000000, -0.20000000, 0.04148210
0.12500000, 0.07500000, -0.20000000, 0.04666163
0.10000000, 0.10000000, -0.20000000, 0.05079834
0.07500000, 0.12500000, -0.20000000, 0.05309283
0.05000000, 0.15000000, -0.20000000, 0.05246042
0.02500000, 0.17500000, -0.20000000, 0.04626815
0.00000000, 0.20000000, -0.20000000, 0.02187350
-0.02500000, 0.20000000, -0.17500000, 0.00806439
-0.05000000, 0.20000000, -0.15000000, 0.02381064
-0.07500000, 0.20000000, -0.12500000, 0.04967800
-0.10000000, 0.20000000, -0.10000000, 0.07907753
-0.12500000, 0.20000000, -0.07500000, 0.10758466
-0.15000000, 0.20000000, -0.05000000, 0.12908842
-0.17500000, 0.20000000, -0.02500000, 0.13636412
-0.20000000, 0.20000000, 0.00000000, 0.10428972
-0.20000000, 0.17500000, 0.02500000, 0.06017921
-0.20000000, 0.15000000, 0.05000000, 0.03804585
-0.20000000, 0.12500000, 0.07500000, 0.02192798
-0.20000000, 0.10000000, 0.10000000, 0.00868132
-0.20000000, 0.07500000, 0.12500000, -0.00234999
-0.20000000, 0.05000000, 0.15000000, -0.01231730
-0.20000000, 0.02500000, 0.17500000, -0.02142102
-0.20000000, 0.00000000, 0.20000000, -0.03033801
-0.17500000, -0.02500000, 0.20000000, -0.03586626
-0.15000000, -0.05000000, 0.20000000, -0.04148210
-0.12500000, -0.07500000, 0.20000000, -0.04666163
-0.10000000, -0.10000000, 0.20000000, -0.05079834
-0.07500000, -0.12500000, 0.20000000, -0.05309283
-0.05000000, -0.15000000, 0.20000000, -0.05246042
-0.02500000, -0.17500000, 0.20000000, -0.04626815
0.00000000, -0.20000000, 0.20000000, -0.02187350
0.02500000, -0.20000000, 0.17500000, -0.00806439
0.05000000, -0.20000000, 0.15000000, -0.02381064
0.07500000, -0.20000000, 0.12500000, -0.04967800
0.10000000, -0.20000000, 0.10000000, -0.07907753
0.12500000, -0.20000000, 0.07500000, -0.10758466
0.15000000, -0.20000000, 0.05000000, -0.12908842
0.17500000, -0.20000000, 0.02500000, -0.13636412
0.20000000, -0.20000000, 0.00000000, -0.10428972
0.20000000, -0.17500000, -0.02500000, -0.06017921
0.20000000, -0.15000000, -0.05000000, -0.03804585
0.20000000, -0.12500000, -0.07500000, -0.02192798
0.20000000, -0.10000000, -0.10000000, -0.00868132
0.20000000, -0.07500000, -0.12500000, 0.00234999
0.20000000, -0.05000000, -0.15000000, 0.01231730
0.20000000, -0.02500000, -0.17500000, 0.02142102
0.25000000, 0.00000000, -0.25000000, 0.03547246
0.21875000, 0.03125000, -0.25000000, 0.04374433
0.18750000, 0.06250000, -0.25000000, 0.05225233
0.15625000, 0.09375000, -0.25000000, 0.06007059
0.12500000, 0.12500000, -0.25000000, 0.06662258
0.09375000, 0.15625000, -0.25000000, 0.07065762
0.06250000, 0.18750000, -0.25000000, 0.07105186
0.03125000, 0.21875000, -0.25000000, 0.06457461
0.00000000, 0.25000000, -0.25000000, 0.03879938
-0.03125000, 0.25000000, -0.21875000, 0.02277874
-0.06250000, 0.25000000, -0.18750000, 0.03162478
-0.09375000, 0.25000000, -0.15625000, 0.04851930
-0.12500000, 0.25000000, -0.12500000, 0.06797732
-0.15625000, 0.25000000, -0.09375000, 0.08602445
-0.18750000, 0.25000000, -0.06250000, 0.09939441
-0.21875000, 0.25000000, -0.03125000, 0.10201471
-0.25000000, 0.25000000, 0.00000000, 0.07527408
-0.25000000, 0.21875000, 0.03125000, 0.04182050
-0.25000000, 0.18750000, 0.06250000, 0.02414834
-0.25000000, 0.15625000, 0.09375000, 0.01087688
-0.25000000, 0.12500000, 0.12500000, -0.00024476
-0.25000000, 0.09375000, 0.15625000, -0.00999802
-0.25000000, 0.06250000, 0.18750000, -0.01886550
-0.25000000, 0.03125000, 0.21875000, -0.02721048
-0.25000000, 0.00000000, 0.25000000, -0.03547246
-0.21875000, -0.03125000, 0.25000000, -0.04374433
-0.18750000, -0.06250000, 0.25000000, -0.05225233
-0.15625000, -0.09375000, 0.25000000, -0.06007059
-0.12500000, -0.12500000, 0.25000000, -0.06662258
-0.09375000, -0.15625000, 0.25000000, -0.07065762
-0.06250000, -0.18750000, 0.25000000, -0.07105186
-0.03125000, -0.21875000, 0.25000000, -0.06457461
0.00000000, -0.25000000, 0.25000000, -0.03879938
0.03125000, -0.25000000, 0.21875000, -0.02277874
0.06250000, -0.25000000, 0.18750000, -0.03162478
0.09375000, -0.25000000, 0.15625000, -0.04851930
0.12500000, -0.25000000, 0.12500000, -0.06797732
0.15625000, -0.25000000, 0.09375000, -0.08602445
0.18750000, -0.25000000, 0.06250000, -0.09939441
0.21875000, -0.25000000, 0.03125000, -0.10201471
0.25000000, -0.25000000, 0.00000000, -0.07527408
0.25000000, -0.21875000, -0.03125000, -0.04182050
0.25000000, -0.18750000, -0.06250000, -0.02414834
0.25000000, -0.15625000, -0.09375000, -0.01087688
0.25000000, -0.12500000, -0.12500000, 0.00024476
0.25000000, -0.09375000, -0.15625000, 0.00999802
0.25000000, -0.06250000, -0.18750000, 0.01886550
0.25000000, -0.03125000, -0.21875000, 0.02721048
0.30000000, 0.00000000, -0.30000000, 0.03464076
0.26250000, 0.03750000, -0.30000000, 0.04511862
0.22500000, 0.07500000, -0.30000000, 0.05573255
0.18750000, 0.11250000, -0.30000000, 0.06545179
0.15000000, 0.15000000, -0.30000000, 0.07344402
0.11250000, 0.18750000, -0.30000000, 0.07849799
0.07500000, 0.22500000, -0.30000000, 0.07915207
0.03750000, 0.26250000, -0.30000000, 0.07222728
0.00000000, 0.30000000, -0.30000000, 0.04566526
-0.03750000, 0.30000000, -0.26250000, 0.02979309
-0.07500000, 0.30000000, -0.22500000, 0.03418506
-0.11250000, 0.30000000, -0.18750000, 0.04455790
-0.15000000, 0.30000000, -0.15000000, 0.05685592
-0.18750000, 0.30000000, -0.11250000, 0.06813033
-0.22500000, 0.30000000, -0.07500000, 0.07584545
-0.26250000, 0.30000000, -0.03750000, 0.07571111
-0.30000000, 0.30000000, 0.00000000, 0.05392450
-0.30000000, 0.26250000, 0.03750000, 0.02851504
-0.30000000, 0.22500000, 0.07500000, 0.01464624
-0.30000000, 0.18750000, 0.11250000, 0.00396519
-0.30000000, 0.15000000, 0.15000000, -0.00519421
-0.30000000, 0.11250000, 0.18750000, -0.01329716
-0.30000000, 0.07500000, 0.22500000, -0.02073279
-0.30000000, 0.03750000, 0.26250000, -0.02774183
-0.30000000, 0.00000000, 0.30000000, -0.03464076
-0.26250000, -0.03750000, 0.30000000, -0.04511862
-0.22500000, -0.07500000, 0.30000000, -0.05573255
-0.18750000, -0.11250000, 0.30000000, -0.06545179
-0.15000000, -0.15000000, 0.30000000, -0.07344402
-0.11250000, -0.18750000, 0.30000000, -0.07849799
-0.07500000, -0.22500000, 0.30000000, -0.07915207
-0.03750000, -0.26250000, 0.30000000, -0.07222728
0.00000000, -0.30000000, 0.30000000, -0.04566526
0.03750000, -0.30000000, 0.26250000, -0.02979309
0.07500000, -0.30000000, 0.22500000, -0.03418506
0.11250000, -0.30000000, 0.18750000, -0.04455790
0.15000000, -0.30000000, 0.15000000, -0.05685592
0.18750000, -0.30000000, 0.11250000, -0.06813033
0.22500000, -0.30000000, 0.07500000, -0.07584545
0.26250000, -0.30000000, 0.03750000, -0.07571111
0.30000000, -0.30000000, 0.00000000, -0.05392450
0.30000000, -0.26250000, -0.03750000, -0.02851504
0.30000000, -0.22500000, -0.07500000, -0.01464624
0.30000000, -0.18750000, -0.11250000, -0.00396519
0.30000000, -0.15000000, -0.15000000, 0.00519421
0.30000000, -0.11250000, -0.18750000, 0.01329716
0.30000000, -0.07500000, -0.22500000, 0.02073279
0.30000000, -0.03750000, -0.26250000, 0.02774183
0.35000000, 0.00000000, -0.35000000, 0.02955792
0.30625000, 0.04375000, -0.35000000, 0.04123348
0.26250000, 0.08750000, -0.35000000, 0.05295965
0.21875000, 0.13125000, -0.35000000, 0.06363299
0.17500000, 0.17500000, -0.35000000, 0.07222749
0.13125000, 0.21875000, -0.35000000, 0.07756093
0.08750000, 0.26250000, -0.35000000, 0.07809349
0.04375000, 0.30625000, -0.35000000, 0.07081700
0.00000000, 0.35000000, -0.35000000, 0.04459196
-0.04375000, 0.35000000, -0.30625000, 0.03087881
-0.08750000, 0.35000000, -0.26250000, 0.03273334
-0.13125000, 0.35000000, -0.21875000, 0.03870781
-0.17500000, 0.35000000, -0.17500000, 0.04586318
-0.21875000, 0.35000000, -0.13125000, 0.05268127
-0.26250000, 0.35000000, -0.08750000, 0.05648627
-0.30625000, 0.35000000, -0.04375000, 0.05474506
-0.35000000, 0.35000000, 0.00000000, 0.03725088
-0.35000000, 0.30625000, 0.04375000, 0.01866485
-0.35000000, 0.26250000, 0.08750000, 0.00820430
-0.35000000, 0.21875000, 0.13125000, -0.00006769
-0.35000000, 0.17500000, 0.17500000, -0.00728362
-0.35000000, 0.13125000, 0.21875000, -0.01347796
-0.35000000, 0.08750000, 0.26250000, -0.01920404
-0.35000000, 0.04375000, 0.30625000, -0.02443968
-0.35000000, 0.00000000, 0.35000000, -0.02955792
-0.30625000, -0.04375000, 0.35000000, -0.04123348
-0.26250000, -0.08750000, 0.35000000, -0.05295965
-0.21875000, -0.13125000, 0.35000000, -0.06363299
-0.17500000, -0.17500000, 0.35000000, -0.07222749
-0.13125000, -0.21875000, 0.35000000, -0.07756093
-0.08750000, -0.26250000, 0.35000000, -0.07809349
-0.04375000, -0.30625000, 0.35000000, -0.07081700
0.00000000, -0.35000000, 0.35000000, -0.04459196
0.04375000, -0.35000000, 0.30625000, -0.03087881
0.08750000, -0.35000000, 0.26250000, -0.03273334
0.13125000, -0.35000000, 0.21875000, -0.03870781
0.17500000, -0.35000000, 0.17500000, -0.04586318
0.21875000, -0.35000000, 0.13125000, -0.05268127
0.26250000, -0.35000000, 0.08750000, -0.05648627
0.30625000, -0.35000000, 0.04375000, -0.05474506
0.35000000, -0.35000000, 0.00000000, -0.03725088
0.35000000, -0.30625000, -0.04375000, -0.01866485
0.35000000, -0.26250000, -0.08750000, -0.00820430
0.35000000, -0.21875000, -0.13125000, 0.00006769
0.35000000, -0.17500000, -0.17500000, 0.00728362
0.35000000, -0.13125000, -0.21875000, 0.01347796
0.35000000, -0.08750000, -0.26250000, 0.01920404
0.35000000, -0.04375000, -0.30625000, 0.02443968
0.40000000, 0.00000000, -0.40000000, 0.02247240
0.35000000, 0.05000000, -0.40000000, 0.03390394
0.30000000, 0.10000000, -0.40000000, 0.04554449
0.25000000, 0.15000000, -0.40000000, 0.05608723
0.20000000, 0.20000000, -0.40000000, 0.06460994
0.15000000, 0.25000000, -0.40000000, 0.06977487
0.10000000, 0.30000000, -0.40000000, 0.07022512
0.05000000, 0.35000000, -0.40000000, 0.06297588
0.00000000, 0.40000000, -0.40000000, 0.03820380
-0.05000000, 0.40000000, -0.35000000, 0.02773247
-0.10000000, 0.40000000, -0.30000000, 0.02875084
-0.15000000, 0.40000000, -0.25000000, 0.03219651
-0.20000000, 0.40000000, -0.20000000, 0.03589643
-0.25000000, 0.40000000, -0.15000000, 0.03869108
-0.30000000, 0.40000000, -0.10000000, 0.03952809
-0.35000000, 0.40000000, -0.05000000, 0.03655708
-0.40000000, 0.40000000, 0.00000000, 0.02323635
-0.40000000, 0.35000000, 0.05000000, 0.01134174
-0.40000000, 0.30000000, 0.10000000, 0.00403735
-0.40000000, 0.25000000, 0.15000000, -0.00199565
-0.40000000, 0.20000000, 0.20000000, -0.00729112
-0.40000000, 0.15000000, 0.25000000, -0.01192120
-0.40000000, 0.10000000, 0.30000000, -0.01600154
-0.40000000, 0.05000000, 0.35000000, -0.01950253
-0.40000000, 0.00000000, 0.40000000, -0.02247240
-0.35000000, -0.05000000, 0.40000000, -0.03390394
-0.30000000, -0.10000000, 0.40000000, -0.04554449
-0.25000000, -0.15000000, 0.40000000, -0.05608723
-0.20000000, -0.20000000, 0.40000000, -0.06460994
-0.15000000, -0.25000000, 0.40000000, -0.06977487
-0.10000000, -0.30000000, 0.40000000, -0.07022512
-0.05000000, -0.35000000, 0.40000000, -0.06297588
0.00000000, -0.40000000, 0.40000000, -0.03820380
0.05000000, -0.40000000, 0.35000000, -0.02773247
0.10000000, -0.40000000, 0.30000000, -0.02875084
0.15000000, -0.40000000, 0.25000000, -0.03219651
0.20000000, -0.40000000, 0.20000000, -0.03589643
0.25000000, -0.40000000, 0.15000000, -0.03869108
0.30000000, -0.40000000, 0.10000000, -0.03952809
0.35000000, -0.40000000, 0.05000000, -0.03655708
0.40000000, -0.40000000, 0.00000000, -0.02323635
0.40000000, -0.35000000, -0.05000000, -0.01134174
0.40000000, -0.30000000, -0.10000000, -0.00403735
0.40000000, -0.25000000, -0.15000000, 0.00199565
0.40000000, -0.20000000, -0.20000000, 0.00729112
0.40000000, -0.15000000, -0.25000000, 0.01192120
0.40000000, -0.10000000, -0.30000000, 0.01600154
0.40000000, -0.05000000, -0.35000000, 0.01950253
0.45000000, 0.00000000, -0.45000000, 0.01503526
0.39375000, 0.05625000, -0.45000000, 0.02504309
0.33750000, 0.11250000, -0.45000000, 0.03550983
0.28125000, 0.16875000, -0.45000000, 0.04503606
0.22500000, 0.22500000, -0.45000000, 0.05274574
0.16875000, 0.28125000, -0.45000000, 0.05734654
0.11250000, 0.33750000, -0.45000000, 0.05760656
0.05625000, 0.39375000, -0.45000000, 0.05090368
0.00000000, 0.45000000, -0.45000000, 0.02914169
-0.05625000, 0.45000000, -0.39375000, 0.02220433
-0.11250000, 0.45000000, -0.33750000, 0.02322561
-0.16875000, 0.45000000, -0.28125000, 0.02522370
-0.22500000, 0.45000000, -0.22500000, 0.02681434
-0.28125000, 0.45000000, -0.16875000, 0.02707950
-0.33750000, 0.45000000, -0.11250000, 0.02615089
-0.39375000, 0.45000000, -0.05625000, 0.02284577
-0.45000000, 0.45000000, 0.00000000, 0.01339366
-0.45000000, 0.39375000, 0.05625000, 0.00639973
-0.45000000, 0.33750000, 0.11250000, 0.00163029
-0.45000000, 0.28125000, 0.16875000, -0.00248613
-0.45000000, 0.22500000, 0.22500000, -0.00610492
-0.45000000, 0.16875000, 0.28125000, -0.00932450
-0.45000000, 0.11250000, 0.33750000, -0.01193137
-0.45000000, 0.05625000, 0.39375000, -0.01390223
-0.45000000, 0.00000000, 0.45000000, -0.01503526
-0.39375000, -0.05625000, 0.45000000, -0.02504309
-0.33750000, -0.11250000, 0.45000000, -0.03550983
-0.28125000, -0.16875000, 0.45000000, -0.04503606
-0.22500000, -0.22500000, 0.45000000, -0.05274574
-0.16875000, -0.28125000, 0.45000000, -0.05734654
-0.11250000, -0.33750000, 0.45000000, -0.05760656
-0.05625000, -0.39375000, 0.45000000, -0.05090368
0.00000000, -0.45000000, 0.45000000, -0.02914169
0.05625000, -0.45000000, 0.39375000, -0.02220433
0.11250000, -0.45000000, 0.33750000, -0.02322561
0.16875000, -0.45000000, 0.28125000, -0.02522370
0.22500000, -0.45000000, 0.22500000, -0.02681434
0.28125000, -0.45000000, 0.16875000, -0.02707950
0.33750000, -0.45000000, 0.11250000, -0.02615089
0.39375000, -0.45000000, 0.05625000, -0.02284577
0.45000000, -0.45000000, 0.00000000, -0.01339366
0.45000000, -0.39375000, -0.05625000, -0.00639973
0.45000000, -0.33750000, -0.11250000, -0.00163029
0.45000000, -0.28125000, -0.16875000, 0.00248613
0.45000000, -0.22500000, -0.22500000, 0.00610492
0.45000000, -0.16875000, -0.28125000, 0.00932450
0.45000000, -0.11250000, -0.33750000, 0.01193137
0.45000000, -0.05625000, -0.39375000, 0.01390223
0.50000000, 0.00000000, -0.50000000, 0.00863136
0.43750000, 0.06250000, -0.50000000, 0.01649583
0.37500000, 0.12500000, -0.50000000, 0.02501725
0.31250000, 0.18750000, -0.50000000, 0.03290594
0.25000000, 0.25000000, -0.50000000, 0.03921058
0.18750000, 0.31250000, -0.50000000, 0.04291574
0.12500000, 0.37500000, -0.50000000, 0.04287279
0.06250000, 0.43750000, -0.50000000, 0.03717608
0.00000000, 0.50000000, -0.50000000, 0.01977117
-0.06250000, 0.50000000, -0.43750000, 0.01599189
-0.12500000, 0.50000000, -0.37500000, 0.01716436
-0.18750000, 0.50000000, -0.31250000, 0.01830493
-0.25000000, 0.50000000, -0.25000000, 0.01874118
-0.31250000, 0.50000000, -0.18750000, 0.01827137
-0.37500000, 0.50000000, -0.12500000, 0.01676476
-0.43750000, 0.50000000, -0.06250000, 0.01401705
-0.50000000, 0.50000000, 0.00000000, 0.00768399
-0.50000000, 0.43750000, 0.06250000, 0.00342226
-0.50000000, 0.37500000, 0.12500000, 0.00044564
-0.50000000, 0.31250000, 0.18750000, -0.00217478
-0.50000000, 0.25000000, 0.25000000, -0.00448098
-0.50000000, 0.18750000, 0.31250000, -0.00636446
-0.50000000, 0.12500000, 0.37500000, -0.00776184
-0.50000000, 0.06250000, 0.43750000, -0.00854520
-0.50000000, 0.00000000, 0.50000000, -0.00863136
-0.43750000, -0.06250000, 0.50000000, -0.01649583
-0.37500000, -0.12500000, 0.50000000, -0.02501725
-0.31250000, -0.18750000, 0.50000000, -0.03290594
-0.25000000, -0.25000000, 0.50000000, -0.03921058
-0.18750000, -0.31250000, 0.50000000, -0.04291574
-0.12500000, -0.37500000, 0.50000000, -0.04287279
-0.06250000, -0.43750000, 0.50000000, -0.03717608
0.00000000, -0.50000000, 0.50000000, -0.01977117
0.06250000, -0.50000000, 0.43750000, -0.01599189
0.12500000, -0.50000000, 0.37500000, -0.01716436
0.18750000, -0.50000000, 0.31250000, -0.01830493
0.25000000, -0.50000000, 0.25000000, -0.01874118
0.31250000, -0.50000000, 0.18750000, -0.01827137
0.37500000, -0.50000000, 0.12500000, -0.01676476
0.43750000, -0.50000000, 0.06250000, -0.01401705
0.50000000, -0.50000000, 0.00000000, -0.00768399
0.50000000, -0.43750000, -0.06250000, -0.00342226
0.50000000, -0.37500000, -0.12500000, -0.00044564
0.50000000, -0.31250000, -0.18750000, 0.00217478
0.50000000, -0.25000000, -0.25000000, 0.00448098
0.50000000, -0.18750000, -0.31250000, 0.00636446
0.50000000, -0.12500000, -0.37500000, 0.00776184
0.50000000, -0.06250000, -0.43750000, 0.00854520
0.55000000, 0.00000000, -0.55000000, 0.00418193
0.48125000, 0.06875000, -0.55000000, 0.00962084
0.41250000, 0.13750000, -0.55000000, 0.01583709
0.34375000, 0.20625000, -0.55000000, 0.02173715
0.27500000, 0.27500000, -0.55000000, 0.02641914
0.20625000, 0.34375000, -0.55000000, 0.02911375
0.13750000, 0.41250000, -0.55000000, 0.02888042
0.06875000, 0.48125000, -0.55000000, 0.02446581
0.00000000, 0.55000000, -0.55000000, 0.01183016
-0.06875000, 0.55000000, -0.48125000, 0.01034056
-0.13750000, 0.55000000, -0.41250000, 0.01160083
-0.20625000, 0.55000000, -0.34375000, 0.01234493
-0.27500000, 0.55000000, -0.27500000, 0.01224894
-0.34375000, 0.55000000, -0.20625000, 0.01165963
-0.41250000, 0.55000000, -0.13750000, 0.01018681
-0.48125000, 0.55000000, -0.06875000, 0.00818616
-0.55000000, 0.55000000, 0.00000000, 0.00417414
-0.55000000, 0.48125000, 0.06875000, 0.00168181
-0.55000000, 0.41250000, 0.13750000, -0.00003761
-0.55000000, 0.34375000, 0.20625000, -0.00156539
-0.55000000, 0.27500000, 0.27500000, -0.00290045
-0.55000000, 0.20625000, 0.34375000, -0.00380197
-0.55000000, 0.13750000, 0.41250000, -0.00438467
-0.55000000, 0.06875000, 0.48125000, -0.00447820
-0.55000000, 0.00000000, 0.55000000, -0.00418193
-0.48125000, -0.06875000, 0.55000000, -0.00962084
-0.41250000, -0.13750000, 0.55000000, -0.01583709
-0.34375000, -0.20625000, 0.55000000, -0.02173715
-0.27500000, -0.27500000, 0.55000000, -0.02641914
-0.20625000, -0.34375000, 0.55000000, -0.02911375
-0.13750000, -0.41250000, 0.55000000, -0.02888042
-0.06875000, -0.48125000, 0.55000000, -0.02446581
0.00000000, -0.55000000, 0.55000000, -0.01183016
0.06875000, -0.55000000, 0.48125000, -0.01034056
0.13750000, -0.55000000, 0.41250000, -0.01160083
0.20625000, -0.55000000, 0.34375000, -0.01234493
0.27500000, -0.55000000, 0.27500000, -0.01224894
0.34375000, -0.55000000, 0.20625000, -0.01165963
0.41250000, -0.55000000, 0.13750000, -0.01018681
0.48125000, -0.55000000, 0.06875000, -0.00818616
0.55000000, -0.55000000, 0.00000000, -0.00417414
0.55000000, -0.48125000, -0.06875000, -0.00168181
0.55000000, -0.41250000, -0.13750000, 0.00003761
0.55000000, -0.34375000, -0.20625000, 0.00156539
0.55000000, -0.27500000, -0.27500000, 0.00290045
0.55000000, -0.20625000, -0.34375000, 0.00380197
0.55000000, -0.13750000, -0.41250000, 0.00438467
0.55000000, -0.06875000, -0.48125000, 0.00447820
0.60000000, 0.00000000, -0.60000000, 0.00173675
0.52500000, 0.07500000, -0.60000000, 0.00493734
0.45000000, 0.15000000, -0.60000000, 0.00892681
0.37500000, 0.22500000, -0.60000000, 0.01282593
0.30000000, 0.30000000, -0.60000000, 0.01599167
0.22500000, 0.37500000, -0.60000000, 0.01777630
0.15000000, 0.45000000, -0.60000000, 0.01756141
0.07500000, 0.52500000, -0.60000000, 0.01448232
0.00000000, 0.60000000, -0.60000000, 0.00615214
-0.07500000, 0.60000000, -0.52500000, 0.00593605
-0.15000000, 0.60000000, -0.45000000, 0.00718170
-0.22500000, 0.60000000, -0.37500000, 0.00783088
-0.30000000, 0.60000000, -0.30000000, 0.00757760
-0.37500000, 0.60000000, -0.22500000, 0.00670000
-0.45000000, 0.60000000, -0.15000000, 0.00540674
-0.52500000, 0.60000000, -0.07500000, 0.00392157
-0.60000000, 0.60000000, 0.00000000, 0.00162347
-0.60000000, 0.52500000, 0.07500000, 0.00065132
-0.60000000, 0.45000000, 0.15000000, -0.00018005
-0.60000000, 0.37500000, 0.22500000, -0.00096409
-0.60000000, 0.30000000, 0.30000000, -0.00162621
-0.60000000, 0.22500000, 0.37500000, -0.00204410
-0.60000000, 0.15000000, 0.45000000, -0.00222176
-0.60000000, 0.07500000, 0.52500000, -0.00209457
-0.60000000, 0.00000000, 0.60000000, -0.00173675
-0.52500000, -0.07500000, 0.60000000, -0.00493734
-0.45000000, -0.15000000, 0.60000000, -0.00892681
-0.37500000, -0.22500000, 0.60000000, -0.01282593
-0.30000000, -0.30000000, 0.60000000, -0.01599167
-0.22500000, -0.37500000, 0.60000000, -0.01777630
-0.15000000, -0.45000000, 0.60000000, -0.01756141
-0.07500000, -0.52500000, 0.60000000, -0.01448232
0.00000000, -0.60000000, 0.60000000, -0.00615214
0.07500000, -0.60000000, 0.52500000, -0.00593605
0.15000000, -0.60000000, 0.45000000, -0.00718170
0.22500000, -0.60000000, 0.37500000, -0.00783088
0.30000000, -0.60000000, 0.30000000, -0.00757760
0.37500000, -0.60000000, 0.22500000, -0.00670000
0.45000000, -0.60000000, 0.15000000, -0.00540674
0.52500000, -0.60000000, 0.07500000, -0.00392157
0.60000000, -0.60000000, 0.00000000, -0.00162347
0.60000000, -0.52500000, -0.07500000, -0.00065132
0.60000000, -0.45000000, -0.15000000, 0.00018005
0.60000000, -0.37500000, -0.22500000, 0.00096409
0.60000000, -0.30000000, -0.30000000, 0.00162621
0.60000000, -0.22500000, -0.37500000, 0.00204410
0.60000000, -0.15000000, -0.45000000, 0.00222176
0.60000000, -0.07500000, -0.52500000, 0.00209457
0.65000000, 0.00000000, -0.65000000, 0.00064802
0.56875000, 0.08125000, -0.65000000, 0.00220402
0.48750000, 0.16250000, -0.65000000, 0.00440385
0.40625000, 0.24375000, -0.65000000, 0.00663512
0.32500000, 0.32500000, -0.65000000, 0.00854288
0.24375000, 0.40625000, -0.65000000, 0.00960939
0.16250000, 0.48750000, -0.65000000, 0.00949138
0.08125000, 0.56875000, -0.65000000, 0.00759984
0.00000000, 0.65000000, -0.65000000, 0.00271266
-0.08125000, 0.65000000, -0.56875000, 0.00296013
-0.16250000, 0.65000000, -0.48750000, 0.00402691
-0.24375000, 0.65000000, -0.40625000, 0.00461202
-0.32500000, 0.65000000, -0.32500000, 0.00439045
-0.40625000, 0.65000000, -0.24375000, 0.00335382
-0.48750000, 0.65000000, -0.16250000, 0.00232644
-0.56875000, 0.65000000, -0.08125000, 0.00126984
-0.65000000, 0.65000000, 0.00000000, 0.00017596
-0.65000000, 0.56875000, 0.08125000, 0.00013765
-0.65000000, 0.48750000, 0.16250000, -0.00016457
-0.65000000, 0.40625000, 0.24375000, -0.00050421
-0.65000000, 0.32500000, 0.32500000, -0.00076909
-0.65000000, 0.24375000, 0.40625000, -0.00100617
-0.65000000, 0.16250000, 0.48750000, -0.00104634
-0.65000000, 0.08125000, 0.56875000, -0.00094173
-0.65000000, 0.00000000, 0.65000000, -0.00064802
-0.56875000, -0.08125000, 0.65000000, -0.00220402
-0.48750000, -0.16250000, 0.65000000, -0.00440385
-0.40625000, -0.24375000, 0.65000000, -0.00663512
-0.32500000, -0.32500000, 0.65000000, -0.00854288
-0.24375000, -0.40625000, 0.65000000, -0.00960939
-0.16250000, -0.48750000, 0.65000000, -0.00949138
-0.08125000, -0.56875000, 0.65000000, -0.00759984
0.00000000, -0.65000000, 0.65000000, -0.00271266
0.08125000, -0.65000000, 0.56875000, -0.00296013
0.16250000, -0.65000000, 0.48750000, -0.00402691
0.24375000, -0.65000000, 0.40625000, -0.00461202
0.32500000, -0.65000000, 0.32500000, -0.00439045
0.40625000, -0.65000000, 0.24375000, -0.00335382
0.48750000, -0.65000000, 0.16250000, -0.00232644
0.56875000, -0.65000000, 0.08125000, -0.00126984
0.65000000, -0.65000000, 0.00000000, -0.00017596
0.65000000, -0.56875000, -0.08125000, -0.00013765
0.65000000, -0.48750000, -0.16250000, 0.00016457
0.65000000, -0.40625000, -0.24375000, 0.00050421
0.65000000, -0.32500000, -0.32500000, 0.00076909
0.65000000, -0.24375000, -0.40625000, 0.00100617
0.65000000, -0.16250000, -0.48750000, 0.00104634
0.65000000, -0.08125000, -0.56875000, 0.00094173
0.70000000, 0.00000000, -0.70000000, 0.00018652
0.61250000, 0.08750000, -0.70000000, 0.00082301
0.52500000, 0.17500000, -0.70000000, 0.00183763
0.43750000, 0.26250000, -0.70000000, 0.00293002
0.35000000, 0.35000000, -0.70000000, 0.00389219
0.26250000, 0.43750000, -0.70000000, 0.00443486
0.17500000, 0.52500000, -0.70000000, 0.00434976
0.08750000, 0.61250000, -0.70000000, 0.00336020
0.00000000, 0.70000000, -0.70000000, 0.00096710
-0.08750000, 0.70000000, -0.61250000, 0.00123746
-0.17500000, 0.70000000, -0.52500000, 0.00195835
-0.26250000, 0.70000000, -0.43750000, 0.00235417
-0.35000000, 0.70000000, -0.35000000, 0.00222002
-0.43750000, 0.70000000, -0.26250000, 0.00155974
-0.52500000, 0.70000000, -0.17500000, 0.00093463
-0.61250000, 0.70000000, -0.08750000, 0.00040550
-0.70000000, 0.70000000, 0.00000000, 0.00000168
-0.70000000, 0.61250000, 0.08750000, 0.00002069
-0.70000000, 0.52500000, 0.17500000, -0.00008534
-0.70000000, 0.43750000, 0.26250000, -0.00021310
-0.70000000, 0.35000000, 0.35000000, -0.00030609
-0.70000000, 0.26250000, 0.43750000, -0.00040734
-0.70000000, 0.17500000, 0.52500000, -0.00040576
-0.70000000, 0.08750000, 0.61250000, -0.00034521
-0.70000000, 0.00000000, 0.70000000, -0.00018652
-0.61250000, -0.08750000, 0.70000000, -0.00082301
-0.52500000, -0.17500000, 0.70000000, -0.00183763
-0.43750000, -0.26250000, 0.70000000, -0.00293002
-0.35000000, -0.35000000, 0.70000000, -0.00389219
-0.26250000, -0.43750000, 0.70000000, -0.00443486
-0.17500000, -0.52500000, 0.70000000, -0.00434976
-0.08750000, -0.61250000, 0.70000000, -0.00336020
0.00000000, -0.70000000, 0.70000000, -0.00096710
0.08750000, -0.70000000, 0.61250000, -0.00123746
0.17500000, -0.70000000, 0.52500000, -0.00195835
0.26250000, -0.70000000, 0.43750000, -0.00235417
0.35000000, -0.70000000, 0.35000000, -0.00222002
0.43750000, -0.70000000, 0.26250000, -0.00155974
0.52500000, -0.70000000, 0.17500000, -0.00093463
0.61250000, -0.70000000, 0.08750000, -0.00040550
0.70000000, -0.70000000, 0.00000000, -0.00000168
0.70000000, -0.61250000, -0.08750000, -0.00002069
0.70000000, -0.52500000, -0.17500000, 0.00008534
0.70000000, -0.43750000, -0.26250000, 0.00021310
0.70000000, -0.35000000, -0.35000000, 0.00030609
0.70000000, -0.26250000, -0.43750000, 0.00040734
0.70000000, -0.17500000, -0.52500000, 0.00040576
0.70000000, -0.08750000, -0.61250000, 0.00034521
0.75000000, 0.00000000, -0.75000000, -0.00001995
0.65625000, 0.09375000, -0.75000000, 0.00022789
0.56250000, 0.18750000, -0.75000000, 0.00060876
0.46875000, 0.28125000, -0.75000000, 0.00106241
0.37500000, 0.37500000, -0.75000000, 0.00142591
0.28125000, 0.46875000, -0.75000000, 0.00163294
0.18750000, 0.56250000, -0.75000000, 0.00153385
0.09375000, 0.65625000, -0.75000000, 0.00111454
0.00000000, 0.75000000, -0.75000000, 0.00025034
-0.09375000, 0.75000000, -0.65625000, 0.00041136
-0.18750000, 0.75000000, -0.56250000, 0.00075911
-0.28125000, 0.75000000, -0.46875000, 0.00092523
-0.37500000, 0.75000000, -0.37500000, 0.00086200
-0.46875000, 0.75000000, -0.28125000, 0.00078713
-0.56250000, 0.75000000, -0.18750000, 0.00056274
-0.65625000, 0.75000000, -0.09375000, 0.00048959
-0.75000000, 0.75000000, 0.00000000, 0.00034361
-0.75000000, 0.65625000, 0.09375000, 0.00006559
-0.75000000, 0.56250000, 0.18750000, -0.00001597
-0.75000000, 0.46875000, 0.28125000, -0.00006687
-0.75000000, 0.37500000, 0.37500000, -0.00011123
-0.75000000, 0.28125000, 0.46875000, -0.00008020
-0.75000000, 0.18750000, 0.56250000, -0.00005483
-0.75000000, 0.09375000, 0.65625000, 0.00000034
-0.75000000, 0.00000000, 0.75000000, 0.00001995
-0.65625000, -0.09375000, 0.75000000, -0.00022789
-0.56250000, -0.18750000, 0.75000000, -0.00060876
-0.46875000, -0.28125000, 0.75000000, -0.00106241
-0.37500000, -0.37500000, 0.75000000, -0.00142591
-0.28125000, -0.46875000, 0.75000000, -0.00163294
-0.18750000, -0.56250000, 0.75000000, -0.00153385
-0.09375000, -0.65625000, 0.75000000, -0.00111454
0.00000000, -0.75000000, 0.75000000, -0.00025034
0.09375000, -0.75000000, 0.65625000, -0.00041136
0.18750000, -0.75000000, 0.56250000, -0.00075911
0.28125000, -0.75000000, 0.46875000, -0.00092523
0.37500000, -0.75000000, 0.37500000, -0.00086200
0.46875000, -0.75000000, 0.28125000, -0.00078713
0.56250000, -0.75000000, 0.18750000, -0.00056274
0.65625000, -0.75000000, 0.09375000, -0.00048959
0.75000000, -0.75000000, 0.00000000, -0.00034361
0.75000000, -0.65625000, -0.09375000, -0.00006559
0.75000000, -0.56250000, -0.18750000, 0.00001597
0.75000000, -0.46875000, -0.28125000, 0.00006687
0.75000000, -0.37500000, -0.37500000, 0.00011123
0.75000000, -0.28125000, -0.46875000, 0.00008020
0.75000000, -0.18750000, -0.56250000, 0.00005483
0.75000000, -0.09375000, -0.65625000, -0.00000034
0.80000000, 0.00000000, -0.80000000, -0.00004294
0.70000000, 0.10000000, -0.80000000, 0.00003840
0.60000000, 0.20000000, -0.80000000, 0.00014918
0.50000000, 0.30000000, -0.80000000, 0.00029514
0.40000000, 0.40000000, -0.80000000, 0.00039261
0.30000000, 0.50000000, -0.80000000, 0.00044454
0.20000000, 0.60000000, -0.80000000, 0.00038277
0.10000000, 0.70000000, -0.80000000, 0.00024802
0.00000000, 0.80000000, -0.80000000, 0.00003609
-0.10000000, 0.80000000, -0.70000000, 0.00010259
-0.20000000, 0.80000000, -0.60000000, 0.00022358
-0.30000000, 0.80000000, -0.50000000, 0.00028210
-0.40000000, 0.80000000, -0.40000000, 0.00025742
-0.50000000, 0.80000000, -0.30000000, 0.00033864
-0.60000000, 0.80000000, -0.20000000, 0.00029608
-0.70000000, 0.80000000, -0.10000000, 0.00033176
-0.80000000, 0.80000000, 0.00000000, 0.00023793
-0.80000000, 0.70000000, 0.10000000, 0.00004469
-0.80000000, 0.60000000, 0.20000000, 0.00000044
-0.80000000, 0.50000000, 0.30000000, -0.00001752
-0.80000000, 0.40000000, 0.40000000, -0.00003676
-0.80000000, 0.30000000, 0.50000000, 0.00001603
-0.80000000, 0.20000000, 0.60000000, 0.00003887
-0.80000000, 0.10000000, 0.70000000, 0.00007333
-0.80000000, 0.00000000, 0.80000000, 0.00004294
-0.70000000, -0.10000000, 0.80000000, -0.00003840
-0.60000000, -0.20000000, 0.80000000, -0.00014918
-0.50000000, -0.30000000, 0.80000000, -0.00029514
-0.40000000, -0.40000000, 0.80000000, -0.00039261
-0.30000000, -0.50000000, 0.80000000, -0.00044454
-0.20000000, -0.60000000, 0.80000000, -0.00038277
-0.10000000, -0.70000000, 0.80000000, -0.00024802
0.00000000, -0.80000000, 0.80000000, -0.00003609
0.10000000, -0.80000000, 0.70000000, -0.00010259
0.20000000, -0.80000000, 0.60000000, -0.00022358
0.30000000, -0.80000000, 0.50000000, -0.00028210
0.40000000, -0.80000000, 0.40000000, -0.00025742
0.50000000, -0.80000000, 0.30000000, -0.00033864
0.60000000, -0.80000000, 0.20000000, -0.00029608
0.70000000, -0.80000000, 0.10000000, -0.00033176
0.80000000, -0.80000000, 0.00000000, -0.00023793
0.80000000, -0.70000000, -0.10000000, -0.00004469
0.80000000, -0.60000000, -0.20000000, -0.00000044
0.80000000, -0.50000000, -0.30000000, 0.00001752
0.80000000, -0.40000000, -0.40000000, 0.00003676
0.80000000, -0.30000000, -0.50000000, -0.00001603
0.80000000, -0.20000000, -0.60000000, -0.00003887
0.80000000, -0.10000000, -0.70000000, -0.00007333
0.85000000, 0.00000000, -0.85000000, 0.00003350
0.74375000, 0.10625000, -0.85000000, 0.00001692
0.63750000, 0.21250000, -0.85000000, 0.00003471
0.53125000, 0.31875000, -0.85000000, 0.00005064
0.42500000, 0.42500000, -0.85000000, 0.00009074
0.31875000, 0.53125000, -0.85000000, 0.00011038
0.21250000, 0.63750000, -0.85000000, 0.00012831
0.10625000, 0.74375000, -0.85000000, 0.00009686
0.00000000, 0.85000000, -0.85000000, 0.00000542
-0.10625000, 0.85000000, -0.74375000, 0.00001932
-0.21250000, 0.85000000, -0.63750000, 0.00007867
-0.31875000, 0.85000000, -0.53125000, 0.00014526
-0.42500000, 0.85000000, -0.42500000, 0.00013860
-0.53125000, 0.85000000, -0.31875000, -0.00002191
-0.63750000, 0.85000000, -0.21250000, -0.00008629
-0.74375000, 0.85000000, -0.10625000, -0.00018310
-0.85000000, 0.85000000, 0.00000000, -0.00022336
-0.85000000, 0.74375000, 0.10625000, -0.00004219
-0.85000000, 0.63750000, 0.21250000, -0.00001464
-0.85000000, 0.53125000, 0.31875000, -0.00000915
-0.85000000, 0.42500000, 0.42500000, 0.00000006
-0.85000000, 0.31875000, 0.53125000, -0.00002490
-0.85000000, 0.21250000, 0.63750000, -0.00002954
-0.85000000, 0.10625000, 0.74375000, -0.00004208
-0.85000000, 0.00000000, 0.85000000, -0.00003350
-0.74375000, -0.10625000, 0.85000000, -0.00001692
-0.63750000, -0.21250000, 0.85000000, -0.00003471
-0.53125000, -0.31875000, 0.85000000, -0.00005064
-0.42500000, -0.42500000, 0.85000000, -0.00009074
-0.31875000, -0.53125000, 0.85000000, -0.00011038
-0.21250000, -0.63750000, 0.85000000, -0.00012831
-0.10625000, -0.74375000, 0.85000000, -0.00009686
0.00000000, -0.85000000, 0.85000000, -0.00000542
0.10625000, -0.85000000, 0.74375000, -0.00001932
0.21250000, -0.85000000, 0.63750000, -0.00007867
0.31875000, -0.85000000, 0.53125000, -0.00014526
0.42500000, -0.85000000, 0.42500000, -0.00013860
0.53125000, -0.85000000, 0.31875000, 0.00002191
0.63750000, -0.85000000, 0.21250000, 0.00008629
0.74375000, -0.85000000, 0.10625000, 0.00018310
0.85000000, -0.85000000, 0.00000000, 0.00022336
0.85000000, -0.74375000, -0.10625000, 0.00004219
0.85000000, -0.63750000, -0.21250000, 0.00001464
0.85000000, -0.53125000, -0.31875000, 0.00000915
0.85000000, -0.42500000, -0.42500000, -0.00000006
0.85000000, -0.31875000, -0.53125000, 0.00002490
0.85000000, -0.21250000, -0.63750000, 0.00002954
0.85000000, -0.10625000, -0.74375000, 0.00004208
0.90000000, 0.00000000, -0.90000000, 0.00002872
0.78750000, 0.11250000, -0.90000000, 0.00001052
0.67500000, 0.22500000, -0.90000000, 0.00000831
0.56250000, 0.33750000, -0.90000000, 0.00000102
0.45000000, 0.45000000, -0.90000000, 0.00001721
0.33750000, 0.56250000, -0.90000000, 0.00002752
0.22500000, 0.67500000, -0.90000000, 0.00004961
0.11250000, 0.78750000, -0.90000000, 0.00004505
0.00000000, 0.90000000, -0.90000000, 0.00000484
-0.11250000, 0.90000000, -0.78750000, 0.00000126
-0.22500000, 0.90000000, -0.67500000, 0.00002666
-0.33750000, 0.90000000, -0.56250000, 0.00005888
-0.45000000, 0.90000000, -0.45000000, 0.00005918
-0.56250000, 0.90000000, -0.33750000, -0.00006245
-0.67500000, 0.90000000, -0.22500000, -0.00010551
-0.78750000, 0.90000000, -0.11250000, -0.00016912
-0.90000000, 0.90000000, 0.00000000, -0.00014129
-0.90000000, 0.78750000, 0.11250000, -0.00002864
-0.90000000, 0.67500000, 0.22500000, -0.00000716
-0.90000000, 0.56250000, 0.33750000, -0.00000196
-0.90000000, 0.45000000, 0.45000000, 0.00000624
-0.90000000, 0.33750000, 0.56250000, -0.00002556
-0.90000000, 0.22500000, 0.67500000, -0.00003540
-0.90000000, 0.11250000, 0.78750000, -0.00005105
-0.90000000, 0.00000000, 0.90000000, -0.00002872
-0.78750000, -0.11250000, 0.90000000, -0.00001052
-0.67500000, -0.22500000, 0.90000000, -0.00000831
-0.56250000, -0.33750000, 0.90000000, -0.00000102
-0.45000000, -0.45000000, 0.90000000, -0.00001721
-0.33750000, -0.56250000, 0.90000000, -0.00002752
-0.22500000, -0.67500000, 0.90000000, -0.00004961
-0.11250000, -0.78750000, 0.90000000, -0.00004505
0.00000000, -0.90000000, 0.90000000, -0.00000484
0.11250000, -0.90000000, 0.78750000, -0.00000126
0.22500000, -0.90000000, 0.67500000, -0.00002666
0.33750000, -0.90000000, 0.56250000, -0.00005888
0.45000000, -0.90000000, 0.45000000, -0.00005918
0.56250000, -0.90000000, 0.33750000, 0.00006245
0.67500000, -0.90000000, 0.22500000, 0.00010551
0.78750000, -0.90000000, 0.11250000, 0.00016912
0.90000000, -0.90000000, 0.00000000, 0.00014129
0.90000000, -0.78750000, -0.11250000, 0.00002864
0.90000000, -0.67500000, -0.22500000, 0.00000716
0.90000000, -0.56250000, -0.33750000, 0.00000196
0.90000000, -0.45000000, -0.45000000, -0.00000624
0.90000000, -0.33750000, -0.56250000, 0.00002556
0.90000000, -0.22500000, -0.67500000, 0.00003540
0.90000000, -0.11250000, -0.78750000, 0.00005105
0.95000000, 0.00000000, -0.95000000, -0.00003443
0.83125000, 0.11875000, -0.95000000, -0.00000991
0.71250000, 0.23750000, -0.95000000, -0.00000722
0.59375000, 0.35625000, -0.95000000, 0.00000230
0.47500000, 0.47500000, -0.95000000, -0.00001297
0.35625000, 0.59375000, -0.95000000, -0.00002128
0.23750000, 0.71250000, -0.95000000, -0.00004562
0.11875000, 0.83125000, -0.95000000, -0.00004399
0.00000000, 0.95000000, -0.95000000, -0.00000275
-0.11875000, 0.95000000, -0.83125000, -0.00000187
-0.23750000, 0.95000000, -0.71250000, -0.00002102
-0.35625000, 0.95000000, -0.59375000, -0.00005172
-0.47500000, 0.95000000, -0.47500000, -0.00005190
-0.59375000, 0.95000000, -0.35625000, 0.00007862
-0.71250000, 0.95000000, -0.23750000, 0.00011788
-0.83125000, 0.95000000, -0.11875000, 0.00019476
-0.95000000, 0.95000000, 0.00000000, 0.00020918
-0.95000000, 0.83125000, 0.11875000, 0.00003839
-0.95000000, 0.71250000, 0.23750000, 0.00001076
-0.95000000, 0.59375000, 0.35625000, 0.00000393
-0.95000000, 0.47500000, 0.47500000, -0.00000549
-0.95000000, 0.35625000, 0.59375000, 0.00002433
-0.95000000, 0.23750000, 0.71250000, 0.00003277
-0.95000000, 0.11875000, 0.83125000, 0.00004836
-0.95000000, 0.00000000, 0.95000000, 0.00003443
-0.83125000, -0.11875000, 0.95000000, 0.00000991
-0.71250000, -0.23750000, 0.95000000, 0.00000722
-0.59375000, -0.35625000, 0.95000000, -0.00000230
-0.47500000, -0.47500000, 0.95000000, 0.00001297
-0.35625000, -0.59375000, 0.95000000, 0.00002128
-0.23750000, -0.71250000, 0.95000000, 0.00004562
-0.11875000, -0.83125000, 0.95000000, 0.00004399
0.00000000, -0.95000000, 0.95000000, 0.00000275
0.11875000, -0.95000000, 0.83125000, 0.00000187
0.23750000, -0.95000000, 0.71250000, 0.00002102
0.35625000, -0.95000000, 0.59375000, 0.00005172
0.47500000, -0.95000000, 0.47500000, 0.00005190
0.59375000, -0.95000000, 0.35625000, -0.00007862
0.71250000, -0.95000000, 0.23750000, -0.00011788
0.83125000, -0.95000000, 0.11875000, -0.00019476
0.95000000, -0.95000000, 0.00000000, -0.00020918
0.95000000, -0.83125000, -0.11875000, -0.00003839
0.95000000, -0.71250000, -0.23750000, -0.00001076
0.95000000, -0.59375000, -0.35625000, -0.00000393
0.95000000, -0.47500000, -0.47500000, 0.00000549
0.95000000, -0.35625000, -0.59375000, -0.00002433
0.95000000, -0.23750000, -0.71250000, -0.00003277
0.95000000, -0.11875000, -0.83125000, -0.00004836
1.00000000, 0.00000000, -1.00000000, 0.00000000
0.87500000, 0.12500000, -1.00000000, 0.00000000
0.75000000, 0.25000000, -1.00000000, 0.00000000
0.62500000, 0.37500000, -1.00000000, 0.00000000
0.50000000, 0.50000000, -1.00000000, 0.00000000
0.37500000, 0.62500000, -1.00000000, 0.00000000
0.25000000, 0.75000000, -1.00000000, 0.00000000
0.12500000, 0.87500000, -1.00000000, 0.00000000
0.00000000, 1.00000000, -1.00000000, 0.00000000
-0.12500000, 1.00000000, -0.87500000, 0.00000000
-0.25000000, 1.00000000, -0.75000000, 0.00000000
-0.37500000, 1.00000000, -0.62500000, 0.00000000
-0.50000000, 1.00000000, -0.50000000, 0.00000000
-0.62500000, 1.00000000, -0.37500000, 0.00000000
-0.75000000, 1.00000000, -0.25000000, 0.00000000
-0.87500000, 1.00000000, -0.12500000, 0.00000000
-1.00000000, 1.00000000, 0.00000000, 0.00000000
-1.00000000, 0.87500000, 0.12500000, 0.00000000
-1.00000000, 0.75000000, 0.25000000, 0.00000000
-1.00000000, 0.62500000, 0.37500000, 0.00000000
-1.00000000, 0.50000000, 0.50000000, 0.00000000
-1.00000000, 0.37500000, 0.62500000, 0.00000000
-1.00000000, 0.25000000, 0.75000000, 0.00000000
-1.00000000, 0.12500000, 0.87500000, 0.00000000
-1.00000000, 0.00000000, 1.00000000, 0.00000000
-0.87500000, -0.12500000, 1.00000000, 0.00000000
-0.75000000, -0.25000000, 1.00000000, 0.00000000
-0.62500000, -0.37500000, 1.00000000, 0.00000000
-0.50000000, -0.50000000, 1.00000000, 0.00000000
-0.37500000, -0.62500000, 1.00000000, 0.00000000
-0.25000000, -0.75000000, 1.00000000, 0.00000000
-0.12500000, -0.87500000, 1.00000000, 0.00000000
0.00000000, -1.00000000, 1.00000000, 0.00000000
0.12500000, -1.00000000, 0.87500000, 0.00000000
0.25000000, -1.00000000, 0.75000000, 0.00000000
0.37500000, -1.00000000, 0.62500000, 0.00000000
0.50000000, -1.00000000, 0.50000000, 0.00000000
0.62500000, -1.00000000, 0.37500000, 0.00000000
0.75000000, -1.00000000, 0.25000000, 0.00000000
0.87500000, -1.00000000, 0.12500000, 0.00000000
1.00000000, -1.00000000, 0.00000000, 0.00000000
1.00000000, -0.87500000, -0.12500000, 0.00000000
1.00000000, -0.75000000, -0.25000000, 0.00000000
1.00000000, -0.62500000, -0.37500000, 0.00000000
1.00000000, -0.50000000, -0.50000000, 0.00000000
1.00000000, -0.37500000, -0.62500000, 0.00000000
1.00000000, -0.25000000, -0.75000000, 0.00000000
1.00000000, -0.12500000, -0.87500000, 0.00000000
