0.01000000, 0.00000000, -0.01000000, 0.00000000
0.00000000, 0.01000000, -0.01000000, 0.01134816
-0.00125000, 0.01000000, -0.00875000, 0.05857190
-0.00250000, 0.01000000, -0.00750000, 0.06839023
-0.00375000, 0.01000000, -0.00625000, 0.08984313
-0.00500000, 0.01000000, -0.00500000, 0.08318634
-0.00625000, 0.01000000, -0.00375000, 0.09036254
-0.00750000, 0.01000000, -0.00250000, 0.06805141
-0.00875000, 0.01000000, -0.00125000, 0.05832874
-0.01000000, 0.01000000, 0.00000000, 0.00851132
-0.01000000, 0.00875000, 0.00125000, -0.03122910
-0.01000000, 0.00750000, 0.00250000, -0.04328445
-0.01000000, 0.00625000, 0.00375000, -0.04589038
-0.01000000, 0.00500000, 0.00500000, -0.04156890
-0.01000000, 0.00375000, 0.00625000, -0.03188705
-0.01000000, 0.00250000, 0.00750000, -0.02370200
-0.01000000, 0.00125000, 0.00875000, -0.01114118
-0.01000000, 0.00000000, 0.01000000, 0.00000000
0.00000000, -0.01000000, 0.01000000, -0.00851132
0.00125000, -0.01000000, 0.00875000, -0.05832874
0.00250000, -0.01000000, 0.00750000, -0.06805141
0.00375000, -0.01000000, 0.00625000, -0.09036254
0.00500000, -0.01000000, 0.00500000, -0.08318634
0.00625000, -0.01000000, 0.00375000, -0.08984313
0.00750000, -0.01000000, 0.00250000, -0.06839023
0.00875000, -0.01000000, 0.00125000, -0.05857190
0.01000000, -0.01000000, 0.00000000, -0.01134816
0.01000000, -0.00875000, -0.00125000, 0.02455014
0.01000000, -0.00750000, -0.00250000, 0.03542724
0.01000000, -0.00625000, -0.00375000, 0.03727733
0.01000000, -0.00500000, -0.00500000, 0.03391852
0.01000000, -0.00375000, -0.00625000, 0.02607757
0.01000000, -0.00250000, -0.00750000, 0.01908062
0.01000000, -0.00125000, -0.00875000, 0.00884185
0.02000000, 0.00000000, -0.02000000, -0.00000000
0.01750000, 0.00250000, -0.02000000, -0.00409161
0.01500000, 0.00500000, -0.02000000, -0.00842120
0.01250000, 0.00750000, -0.02000000, -0.01276274
0.01000000, 0.01000000, -0.02000000, -0.01640966
0.00750000, 0.01250000, -0.02000000, -0.01862744
0.00500000, 0.01500000, -0.02000000, -0.01925390
0.00250000, 0.01750000, -0.02000000, -0.01580609
0.00000000, 0.02000000, -0.02000000, -0.00109016
-0.00250000, 0.02000000, -0.01750000, 0.02039420
-0.00500000, 0.02000000, -0.01500000, 0.02922791
-0.00750000, 0.02000000, -0.01250000, 0.03574617
-0.01000000, 0.02000000, -0.01000000, 0.03476939
-0.01250000, 0.02000000, -0.00750000, 0.03527829
-0.01500000, 0.02000000, -0.00500000, 0.02883334
-0.01750000, 0.02000000, -0.00250000, 0.01893568
-0.02000000, 0.02000000, 0.00000000, -0.00526755
-0.02000000, 0.01750000, 0.00250000, -0.02363737
-0.02000000, 0.01500000, 0.00500000, -0.02829826
-0.02000000, 0.01250000, 0.00750000, -0.02703609
-0.02000000, 0.01000000, 0.01000000, -0.02405120
-0.02000000, 0.00750000, 0.01250000, -0.01893845
-0.02000000, 0.00500000, 0.01500000, -0.01245766
-0.02000000, 0.00250000, 0.01750000, -0.00620279
-0.02000000, 0.00000000, 0.02000000, -0.00000000
-0.01750000, -0.00250000, 0.02000000, 0.00620279
-0.01500000, -0.00500000, 0.02000000, 0.01245766
-0.01250000, -0.00750000, 0.02000000, 0.01893845
-0.01000000, -0.01000000, 0.02000000, 0.02405120
-0.00750000, -0.01250000, 0.02000000, 0.02703609
-0.00500000, -0.01500000, 0.02000000, 0.02829826
-0.00250000, -0.01750000, 0.02000000, 0.02363737
0.00000000, -0.02000000, 0.02000000, 0.00526755
0.00250000, -0.02000000, 0.01750000, -0.01893568
0.00500000, -0.02000000, 0.01500000, -0.02883334
0.00750000, -0.02000000, 0.01250000, -0.03527829
0.01000000, -0.02000000, 0.01000000, -0.03476939
0.01250000, -0.02000000, 0.00750000, -0.03574617
0.01500000, -0.02000000, 0.00500000, -0.02922791
0.01750000, -0.02000000, 0.00250000, -0.02039420
0.02000000, -0.02000000, 0.00000000, 0.00109016
0.02000000, -0.01750000, -0.00250000, 0.01580609
0.02000000, -0.01500000, -0.00500000, 0.01925390
0.02000000, -0.01250000, -0.00750000, 0.01862744
0.02000000, -0.01000000, -0.01000000, 0.01640966
0.02000000, -0.00750000, -0.01250000, 0.01276274
0.02000000, -0.00500000, -0.01500000, 0.00842120
0.02000000, -0.00250000, -0.01750000, 0.00409161
0.03000000, 0.00000000, -0.03000000, 0.00000000
0.02625000, 0.00375000, -0.03000000, -0.00308697
0.02250000, 0.00750000, -0.03000000, -0.00638520
0.01875000, 0.01125000, -0.03000000, -0.00975278
0.01500000, 0.01500000, -0.03000000, -0.01282760
0.01125000, 0.01875000, -0.03000000, -0.01522008
0.00750000, 0.02250000, -0.03000000, -0.01650856
0.00375000, 0.02625000, -0.03000000, -0.01536401
0.00000000, 0.03000000, -0.03000000, -0.00695296
-0.00375000, 0.03000000, -0.02625000, 0.00794884
-0.00750000, 0.03000000, -0.02250000, 0.01426223
-0.01125000, 0.03000000, -0.01875000, 0.01830826
-0.01500000, 0.03000000, -0.01500000, 0.01932876
-0.01875000, 0.03000000, -0.01125000, 0.01769406
-0.02250000, 0.03000000, -0.00750000, 0.01311046
-0.02625000, 0.03000000, -0.00375000, 0.00529559
-0.03000000, 0.03000000, 0.00000000, -0.01274651
-0.03000000, 0.02625000, 0.00375000, -0.02445303
-0.03000000, 0.02250000, 0.00750000, -0.02641476
-0.03000000, 0.01875000, 0.01125000, -0.02441754
-0.03000000, 0.01500000, 0.01500000, -0.02075969
-0.03000000, 0.01125000, 0.01875000, -0.01598674
-0.03000000, 0.00750000, 0.02250000, -0.01053105
-0.03000000, 0.00375000, 0.02625000, -0.00522436
-0.03000000, 0.00000000, 0.03000000, 0.00000000
-0.02625000, -0.00375000, 0.03000000, 0.00522436
-0.02250000, -0.00750000, 0.03000000, 0.01053105
-0.01875000, -0.01125000, 0.03000000, 0.01598674
-0.01500000, -0.01500000, 0.03000000, 0.02075969
-0.01125000, -0.01875000, 0.03000000, 0.02441754
-0.00750000, -0.02250000, 0.03000000, 0.02641476
-0.00375000, -0.02625000, 0.03000000, 0.02445303
0.00000000, -0.03000000, 0.03000000, 0.01274651
0.00375000, -0.03000000, 0.02625000, -0.00529559
0.00750000, -0.03000000, 0.02250000, -0.01311046
0.01125000, -0.03000000, 0.01875000, -0.01769406
0.01500000, -0.03000000, 0.01500000, -0.01932876
0.01875000, -0.03000000, 0.01125000, -0.01830826
0.02250000, -0.03000000, 0.00750000, -0.01426223
0.02625000, -0.03000000, 0.00375000, -0.00794884
0.03000000, -0.03000000, 0.00000000, 0.00695296
0.03000000, -0.02625000, -0.00375000, 0.01536401
0.03000000, -0.02250000, -0.00750000, 0.01650856
0.03000000, -0.01875000, -0.01125000, 0.01522008
0.03000000, -0.01500000, -0.01500000, 0.01282760
0.03000000, -0.01125000, -0.01875000, 0.00975278
0.03000000, -0.00750000, -0.02250000, 0.00638520
0.03000000, -0.00375000, -0.02625000, 0.00308697
0.04000000, 0.00000000, -0.04000000, -0.00000000
0.03500000, 0.00500000, -0.04000000, -0.00274221
0.03000000, 0.01000000, -0.04000000, -0.00578281
0.02500000, 0.01500000, -0.04000000, -0.00891136
0.02000000, 0.02000000, -0.04000000, -0.01192201
0.01500000, 0.02500000, -0.04000000, -0.01450496
0.01000000, 0.03000000, -0.04000000, -0.01627908
0.00500000, 0.03500000, -0.04000000, -0.01633627
0.00000000, 0.04000000, -0.04000000, -0.01083937
-0.00500000, 0.04000000, -0.03500000, 0.00109455
-0.01000000, 0.04000000, -0.03000000, 0.00648535
-0.01500000, 0.04000000, -0.02500000, 0.00924764
-0.02000000, 0.04000000, -0.02000000, 0.00981477
-0.02500000, 0.04000000, -0.01500000, 0.00830514
-0.03000000, 0.04000000, -0.01000000, 0.00442560
-0.03500000, 0.04000000, -0.00500000, -0.00265118
-0.04000000, 0.04000000, 0.00000000, -0.01816254
-0.04000000, 0.03500000, 0.00500000, -0.02673052
-0.04000000, 0.03000000, 0.01000000, -0.02702844
-0.04000000, 0.02500000, 0.01500000, -0.02445811
-0.04000000, 0.02000000, 0.02000000, -0.02035616
-0.04000000, 0.01500000, 0.02500000, -0.01542606
-0.04000000, 0.01000000, 0.03000000, -0.01014393
-0.04000000, 0.00500000, 0.03500000, -0.00491102
-0.04000000, 0.00000000, 0.04000000, -0.00000000
-0.03500000, -0.00500000, 0.04000000, 0.00491102
-0.03000000, -0.01000000, 0.04000000, 0.01014393
-0.02500000, -0.01500000, 0.04000000, 0.01542606
-0.02000000, -0.02000000, 0.04000000, 0.02035616
-0.01500000, -0.02500000, 0.04000000, 0.02445811
-0.01000000, -0.03000000, 0.04000000, 0.02702844
-0.00500000, -0.03500000, 0.04000000, 0.02673052
0.00000000, -0.04000000, 0.04000000, 0.01816254
0.00500000, -0.04000000, 0.03500000, 0.00265118
0.01000000, -0.04000000, 0.03000000, -0.00442560
0.01500000, -0.04000000, 0.02500000, -0.00830514
0.02000000, -0.04000000, 0.02000000, -0.00981477
0.02500000, -0.04000000, 0.01500000, -0.00924764
0.03000000, -0.04000000, 0.01000000, -0.00648535
0.03500000, -0.04000000, 0.00500000, -0.00109455
0.04000000, -0.04000000, 0.00000000, 0.01083937
0.04000000, -0.03500000, -0.00500000, 0.01633627
0.04000000, -0.03000000, -0.01000000, 0.01627908
0.04000000, -0.02500000, -0.01500000, 0.01450496
0.04000000, -0.02000000, -0.02000000, 0.01192201
0.04000000, -0.01500000, -0.02500000, 0.00891136
0.04000000, -0.01000000, -0.03000000, 0.00578281
0.04000000, -0.00500000, -0.03500000, 0.00274221
0.05000000, 0.00000000, -0.05000000, 0.00000000
0.04375000, 0.00625000, -0.05000000, -0.00269475
0.03750000, 0.01250000, -0.05000000, -0.00566279
0.03125000, 0.01875000, -0.05000000, -0.00876551
0.02500000, 0.02500000, -0.05000000, -0.01182304
0.01875000, 0.03125000, -0.05000000, -0.01458539
0.01250000, 0.03750000, -0.05000000, -0.01675451
0.00625000, 0.04375000, -0.05000000, -0.01755136
0.00000000, 0.05000000, -0.05000000, -0.01377728
-0.00625000, 0.05000000, -0.04375000, -0.00373895
-0.01250000, 0.05000000, -0.03750000, 0.00083791
-0.01875000, 0.05000000, -0.03125000, 0.00307029
-0.02500000, 0.05000000, -0.02500000, 0.00346189
-0.03125000, 0.05000000, -0.01875000, 0.00177515
-0.03750000, 0.05000000, -0.01250000, -0.00190009
-0.04375000, 0.05000000, -0.00625000, -0.00849418
-0.05000000, 0.05000000, 0.00000000, -0.02248785
-0.05000000, 0.04375000, 0.00625000, -0.02911844
-0.05000000, 0.03750000, 0.01250000, -0.02843060
-0.05000000, 0.03125000, 0.01875000, -0.02522952
-0.05000000, 0.02500000, 0.02500000, -0.02077155
-0.05000000, 0.01875000, 0.03125000, -0.01564451
-0.05000000, 0.01250000, 0.03750000, -0.01023678
-0.05000000, 0.00625000, 0.04375000, -0.00495883
-0.05000000, 0.00000000, 0.05000000, 0.00000000
-0.04375000, -0.00625000, 0.05000000, 0.00495883
-0.03750000, -0.01250000, 0.05000000, 0.01023678
-0.03125000, -0.01875000, 0.05000000, 0.01564451
-0.02500000, -0.02500000, 0.05000000, 0.02077155
-0.01875000, -0.03125000, 0.05000000, 0.02522952
-0.01250000, -0.03750000, 0.05000000, 0.02843060
-0.00625000, -0.04375000, 0.05000000, 0.02911844
0.00000000, -0.05000000, 0.05000000, 0.02248785
0.00625000, -0.05000000, 0.04375000, 0.00849418
0.01250000, -0.05000000, 0.03750000, 0.00190009
0.01875000, -0.05000000, 0.03125000, -0.00177515
0.02500000, -0.05000000, 0.02500000, -0.00346189
0.03125000, -0.05000000, 0.01875000, -0.00307029
0.03750000, -0.05000000, 0.01250000, -0.00083791
0.04375000, -0.05000000, 0.00625000, 0.00373895
0.05000000, -0.05000000, 0.00000000, 0.01377728
0.05000000, -0.04375000, -0.00625000, 0.01755136
0.05000000, -0.03750000, -0.01250000, 0.01675451
0.05000000, -0.03125000, -0.01875000, 0.01458539
0.05000000, -0.02500000, -0.02500000, 0.01182304
0.05000000, -0.01875000, -0.03125000, 0.00876551
0.05000000, -0.01250000, -0.03750000, 0.00566279
0.05000000, -0.00625000, -0.04375000, 0.00269475
0.06000000, 0.00000000, -0.06000000, 0.00000000
0.05250000, 0.00750000, -0.06000000, -0.00265504
0.04500000, 0.01500000, -0.06000000, -0.00566394
0.03750000, 0.02250000, -0.06000000, -0.00882812
0.03000000, 0.03000000, -0.06000000, -0.01203349
0.02250000, 0.03750000, -0.06000000, -0.01500091
0.01500000, 0.04500000, -0.06000000, -0.01749055
0.00750000, 0.05250000, -0.06000000, -0.01880517
0.00000000, 0.06000000, -0.06000000, -0.01601290
-0.00750000, 0.06000000, -0.05250000, -0.00719963
-0.01500000, 0.06000000, -0.04500000, -0.00333657
-0.02250000, 0.06000000, -0.03750000, -0.00158348
-0.03000000, 0.06000000, -0.03000000, -0.00161852
-0.03750000, 0.06000000, -0.02250000, -0.00312877
-0.04500000, 0.06000000, -0.01500000, -0.00662094
-0.05250000, 0.06000000, -0.00750000, -0.01277907
-0.06000000, 0.06000000, 0.00000000, -0.02596338
-0.06000000, 0.05250000, 0.00750000, -0.03154929
-0.06000000, 0.04500000, 0.01500000, -0.03013074
-0.06000000, 0.03750000, 0.02250000, -0.02637656
-0.06000000, 0.03000000, 0.03000000, -0.02150143
-0.06000000, 0.02250000, 0.03750000, -0.01599962
-0.06000000, 0.01500000, 0.04500000, -0.01038989
-0.06000000, 0.00750000, 0.05250000, -0.00494195
-0.06000000, 0.00000000, 0.06000000, 0.00000000
-0.05250000, -0.00750000, 0.06000000, 0.00494195
-0.04500000, -0.01500000, 0.06000000, 0.01038989
-0.03750000, -0.02250000, 0.06000000, 0.01599962
-0.03000000, -0.03000000, 0.06000000, 0.02150143
-0.02250000, -0.03750000, 0.06000000, 0.02637656
-0.01500000, -0.04500000, 0.06000000, 0.03013074
-0.00750000, -0.05250000, 0.06000000, 0.03154929
0.00000000, -0.06000000, 0.06000000, 0.02596338
0.00750000, -0.06000000, 0.05250000, 0.01277907
0.01500000, -0.06000000, 0.04500000, 0.00662094
0.02250000, -0.06000000, 0.03750000, 0.00312877
0.03000000, -0.06000000, 0.03000000, 0.00161852
0.03750000, -0.06000000, 0.02250000, 0.00158348
0.04500000, -0.06000000, 0.01500000, 0.00333657
0.05250000, -0.06000000, 0.00750000, 0.00719963
0.06000000, -0.06000000, 0.00000000, 0.01601290
0.06000000, -0.05250000, -0.00750000, 0.01880517
0.06000000, -0.04500000, -0.01500000, 0.01749055
0.06000000, -0.03750000, -0.02250000, 0.01500091
0.06000000, -0.03000000, -0.03000000, 0.01203349
0.06000000, -0.02250000, -0.03750000, 0.00882812
0.06000000, -0.01500000, -0.04500000, 0.00566394
0.06000000, -0.00750000, -0.05250000, 0.00265504
0.07000000, 0.00000000, -0.07000000, 0.00000000
0.06125000, 0.00875000, -0.07000000, -0.00271623
0.05250000, 0.01750000, -0.07000000, -0.00578719
0.04375000, 0.02625000, -0.07000000, -0.00904121
0.03500000, 0.03500000, -0.07000000, -0.01234849
0.02625000, 0.04375000, -0.07000000, -0.01549896
0.01750000, 0.05250000, -0.07000000, -0.01823603
0.00875000, 0.06125000, -0.07000000, -0.01996971
0.00000000, 0.07000000, -0.07000000, -0.01811636
-0.00875000, 0.07000000, -0.06125000, -0.01030228
-0.01750000, 0.07000000, -0.05250000, -0.00682256
-0.02625000, 0.07000000, -0.04375000, -0.00535005
-0.03500000, 0.07000000, -0.03500000, -0.00551164
-0.04375000, 0.07000000, -0.02625000, -0.00717501
-0.05250000, 0.07000000, -0.01750000, -0.01066334
-0.06125000, 0.07000000, -0.00875000, -0.01665001
-0.07000000, 0.07000000, 0.00000000, -0.02919997
-0.07000000, 0.06125000, 0.00875000, -0.03371214
-0.07000000, 0.05250000, 0.01750000, -0.03164978
-0.07000000, 0.04375000, 0.02625000, -0.02748066
-0.07000000, 0.03500000, 0.03500000, -0.02226067
-0.07000000, 0.02625000, 0.04375000, -0.01652774
-0.07000000, 0.01750000, 0.05250000, -0.01070308
-0.07000000, 0.00875000, 0.06125000, -0.00506776
-0.07000000, 0.00000000, 0.07000000, 0.00000000
-0.06125000, -0.00875000, 0.07000000, 0.00506776
-0.05250000, -0.01750000, 0.07000000, 0.01070308
-0.04375000, -0.02625000, 0.07000000, 0.01652774
-0.03500000, -0.03500000, 0.07000000, 0.02226067
-0.02625000, -0.04375000, 0.07000000, 0.02748066
-0.01750000, -0.05250000, 0.07000000, 0.03164978
-0.00875000, -0.06125000, 0.07000000, 0.03371214
0.00000000, -0.07000000, 0.07000000, 0.02919997
0.00875000, -0.07000000, 0.06125000, 0.01665001
0.01750000, -0.07000000, 0.05250000, 0.01066334
0.02625000, -0.07000000, 0.04375000, 0.00717501
0.03500000, -0.07000000, 0.03500000, 0.00551164
0.04375000, -0.07000000, 0.02625000, 0.00535005
0.05250000, -0.07000000, 0.01750000, 0.00682256
0.06125000, -0.07000000, 0.00875000, 0.01030228
0.07000000, -0.07000000, 0.00000000, 0.01811636
0.07000000, -0.06125000, -0.00875000, 0.01996971
0.07000000, -0.05250000, -0.01750000, 0.01823603
0.07000000, -0.04375000, -0.02625000, 0.01549896
0.07000000, -0.03500000, -0.03500000, 0.01234849
0.07000000, -0.02625000, -0.04375000, 0.00904121
0.07000000, -0.01750000, -0.05250000, 0.00578719
0.07000000, -0.00875000, -0.06125000, 0.00271623
0.08000000, 0.00000000, -0.08000000, -0.00000000
0.07000000, 0.01000000, -0.08000000, -0.00281782
0.06000000, 0.02000000, -0.08000000, -0.00595982
0.05000000, 0.03000000, -0.08000000, -0.00930830
0.04000000, 0.04000000, -0.08000000, -0.01271357
0.03000000, 0.05000000, -0.08000000, -0.01601908
0.02000000, 0.06000000, -0.08000000, -0.01896988
0.01000000, 0.07000000, -0.08000000, -0.02103474
0.00000000, 0.08000000, -0.08000000, -0.01992215
-0.01000000, 0.08000000, -0.07000000, -0.01293398
-0.02000000, 0.08000000, -0.06000000, -0.00977755
-0.03000000, 0.08000000, -0.05000000, -0.00853183
-0.04000000, 0.08000000, -0.04000000, -0.00873830
-0.05000000, 0.08000000, -0.03000000, -0.01060760
-0.06000000, 0.08000000, -0.02000000, -0.01410699
-0.07000000, 0.08000000, -0.01000000, -0.01998492
-0.08000000, 0.08000000, 0.00000000, -0.03199133
-0.08000000, 0.07000000, 0.01000000, -0.03562159
-0.08000000, 0.06000000, 0.02000000, -0.03304923
-0.08000000, 0.05000000, 0.03000000, -0.02852142
-0.08000000, 0.04000000, 0.04000000, -0.02301686
-0.08000000, 0.03000000, 0.05000000, -0.01708684
-0.08000000, 0.02000000, 0.06000000, -0.01105612
-0.08000000, 0.01000000, 0.07000000, -0.00525189
-0.08000000, 0.00000000, 0.08000000, 0.00000000
-0.07000000, -0.01000000, 0.08000000, 0.00525189
-0.06000000, -0.02000000, 0.08000000, 0.01105612
-0.05000000, -0.03000000, 0.08000000, 0.01708684
-0.04000000, -0.04000000, 0.08000000, 0.02301686
-0.03000000, -0.05000000, 0.08000000, 0.02852142
-0.02000000, -0.06000000, 0.08000000, 0.03304923
-0.01000000, -0.07000000, 0.08000000, 0.03562159
0.00000000, -0.08000000, 0.08000000, 0.03199133
0.01000000, -0.08000000, 0.07000000, 0.01998492
0.02000000, -0.08000000, 0.06000000, 0.01410699
0.03000000, -0.08000000, 0.05000000, 0.01060760
0.04000000, -0.08000000, 0.04000000, 0.00873830
0.05000000, -0.08000000, 0.03000000, 0.00853183
0.06000000, -0.08000000, 0.02000000, 0.00977755
0.07000000, -0.08000000, 0.01000000, 0.01293398
0.08000000, -0.08000000, 0.00000000, 0.01992215
0.08000000, -0.07000000, -0.01000000, 0.02103474
0.08000000, -0.06000000, -0.02000000, 0.01896988
0.08000000, -0.05000000, -0.03000000, 0.01601908
0.08000000, -0.04000000, -0.04000000, 0.01271357
0.08000000, -0.03000000, -0.05000000, 0.00930830
0.08000000, -0.02000000, -0.06000000, 0.00595982
0.08000000, -0.01000000, -0.07000000, 0.00281782
0.09000000, 0.00000000, -0.09000000, -0.00000000
0.07875000, 0.01125000, -0.09000000, -0.00289766
0.06750000, 0.02250000, -0.09000000, -0.00612546
0.05625000, 0.03375000, -0.09000000, -0.00957116
0.04500000, 0.04500000, -0.09000000, -0.01310212
0.03375000, 0.05625000, -0.09000000, -0.01655025
0.02250000, 0.06750000, -0.09000000, -0.01969772
0.01125000, 0.07875000, -0.09000000, -0.02202292
0.00000000, 0.09000000, -0.09000000, -0.02137436
-0.01125000, 0.09000000, -0.07875000, -0.01501939
-0.02250000, 0.09000000, -0.06750000, -0.01224849
-0.03375000, 0.09000000, -0.05625000, -0.01125915
-0.04500000, 0.09000000, -0.04500000, -0.01161941
-0.05625000, 0.09000000, -0.03375000, -0.01352228
-0.06750000, 0.09000000, -0.02250000, -0.01696284
-0.07875000, 0.09000000, -0.01125000, -0.02267359
-0.09000000, 0.09000000, 0.00000000, -0.03427033
-0.09000000, 0.07875000, 0.01125000, -0.03735007
-0.09000000, 0.06750000, 0.02250000, -0.03439041
-0.09000000, 0.05625000, 0.03375000, -0.02952527
-0.09000000, 0.04500000, 0.04500000, -0.02375368
-0.09000000, 0.03375000, 0.05625000, -0.01757716
-0.09000000, 0.02250000, 0.06750000, -0.01135195
-0.09000000, 0.01125000, 0.07875000, -0.00538853
-0.09000000, 0.00000000, 0.09000000, -0.00000000
-0.07875000, -0.01125000, 0.09000000, 0.00538853
-0.06750000, -0.02250000, 0.09000000, 0.01135195
-0.05625000, -0.03375000, 0.09000000, 0.01757716
-0.04500000, -0.04500000, 0.09000000, 0.02375368
-0.03375000, -0.05625000, 0.09000000, 0.02952527
-0.02250000, -0.06750000, 0.09000000, 0.03439041
-0.01125000, -0.07875000, 0.09000000, 0.03735007
0.00000000, -0.09000000, 0.09000000, 0.03427033
0.01125000, -0.09000000, 0.07875000, 0.02267359
0.02250000, -0.09000000, 0.06750000, 0.01696284
0.03375000, -0.09000000, 0.05625000, 0.01352228
0.04500000, -0.09000000, 0.04500000, 0.01161941
0.05625000, -0.09000000, 0.03375000, 0.01125915
0.06750000, -0.09000000, 0.02250000, 0.01224849
0.07875000, -0.09000000, 0.01125000, 0.01501939
0.09000000, -0.09000000, 0.00000000, 0.02137436
0.09000000, -0.07875000, -0.01125000, 0.02202292
0.09000000, -0.06750000, -0.02250000, 0.01969772
0.09000000, -0.05625000, -0.03375000, 0.01655025
0.09000000, -0.04500000, -0.04500000, 0.01310212
0.09000000, -0.03375000, -0.05625000, 0.00957116
0.09000000, -0.02250000, -0.06750000, 0.00612546
0.09000000, -0.01125000, -0.07875000, 0.00289766
0.10000000, 0.00000000, -0.10000000, -0.00000000
0.08750000, 0.01250000, -0.10000000, -0.00295862
0.07500000, 0.02500000, -0.10000000, -0.00628004
0.06250000, 0.03750000, -0.10000000, -0.00982508
0.05000000, 0.05000000, -0.10000000, -0.01349017
0.03750000, 0.06250000, -0.10000000, -0.01707507
0.02500000, 0.07500000, -0.10000000, -0.02039799
0.01250000, 0.08750000, -0.10000000, -0.02294077
0.00000000, 0.10000000, -0.10000000, -0.02261219
-0.01250000, 0.10000000, -0.08750000, -0.01675073
-0.02500000, 0.10000000, -0.07500000, -0.01436508
-0.03750000, 0.10000000, -0.06250000, -0.01362497
-0.05000000, 0.10000000, -0.05000000, -0.01419333
-0.06250000, 0.10000000, -0.03750000, -0.01603274
-0.07500000, 0.10000000, -0.02500000, -0.01938738
-0.08750000, 0.10000000, -0.01250000, -0.02490701
-0.10000000, 0.10000000, 0.00000000, -0.03619534
-0.10000000, 0.08750000, 0.01250000, -0.03890044
-0.10000000, 0.07500000, 0.02500000, -0.03562430
-0.10000000, 0.06250000, 0.03750000, -0.03045789
-0.10000000, 0.05000000, 0.05000000, -0.02443248
-0.10000000, 0.03750000, 0.06250000, -0.01799967
-0.10000000, 0.02500000, 0.07500000, -0.01159378
-0.10000000, 0.01250000, 0.08750000, -0.00547970
-0.10000000, 0.00000000, 0.10000000, -0.00000000
-0.08750000, -0.01250000, 0.10000000, 0.00547970
-0.07500000, -0.02500000, 0.10000000, 0.01159378
-0.06250000, -0.03750000, 0.10000000, 0.01799967
-0.05000000, -0.05000000, 0.10000000, 0.02443248
-0.03750000, -0.06250000, 0.10000000, 0.03045789
-0.02500000, -0.07500000, 0.10000000, 0.03562430
-0.01250000, -0.08750000, 0.10000000, 0.03890044
0.00000000, -0.10000000, 0.10000000, 0.03619534
0.01250000, -0.10000000, 0.08750000, 0.02490701
0.02500000, -0.10000000, 0.07500000, 0.01938738
0.03750000, -0.10000000, 0.06250000, 0.01603274
0.05000000, -0.10000000, 0.05000000, 0.01419333
0.06250000, -0.10000000, 0.03750000, 0.01362497
0.07500000, -0.10000000, 0.02500000, 0.01436508
0.08750000, -0.10000000, 0.01250000, 0.01675073
0.10000000, -0.10000000, 0.00000000, 0.02261219
0.10000000, -0.08750000, -0.01250000, 0.02294077
0.10000000, -0.07500000, -0.02500000, 0.02039799
0.10000000, -0.06250000, -0.03750000, 0.01707507
0.10000000, -0.05000000, -0.05000000, 0.01349017
0.10000000, -0.03750000, -0.06250000, 0.00982508
0.10000000, -0.02500000, -0.07500000, 0.00628004
0.10000000, -0.01250000, -0.08750000, 0.00295862
0.15000000, 0.00000000, -0.15000000, 0.00000000
0.13125000, 0.01875000, -0.15000000, -0.00336034
0.11250000, 0.03750000, -0.15000000, -0.00707494
0.09375000, 0.05625000, -0.15000000, -0.01104700
0.07500000, 0.07500000, -0.15000000, -0.01514438
0.05625000, 0.09375000, -0.15000000, -0.01923998
0.03750000, 0.11250000, -0.15000000, -0.02312472
0.01875000, 0.13125000, -0.15000000, -0.02640604
0.00000000, 0.15000000, -0.15000000, -0.02744463
-0.01875000, 0.15000000, -0.13125000, -0.02346246
-0.03750000, 0.15000000, -0.11250000, -0.02211301
-0.05625000, 0.15000000, -0.09375000, -0.02200574
-0.07500000, 0.15000000, -0.07500000, -0.02286041
-0.09375000, 0.15000000, -0.05625000, -0.02486030
-0.11250000, 0.15000000, -0.03750000, -0.02799491
-0.13125000, 0.15000000, -0.01875000, -0.03289239
-0.15000000, 0.15000000, 0.00000000, -0.04268238
-0.15000000, 0.13125000, 0.01875000, -0.04368091
-0.15000000, 0.11250000, 0.03750000, -0.03934974
-0.15000000, 0.09375000, 0.05625000, -0.03332706
-0.15000000, 0.07500000, 0.07500000, -0.02652903
-0.15000000, 0.05625000, 0.09375000, -0.01947552
-0.15000000, 0.03750000, 0.11250000, -0.01248651
-0.15000000, 0.01875000, 0.13125000, -0.00589812
-0.15000000, 0.00000000, 0.15000000, 0.00000000
-0.13125000, -0.01875000, 0.15000000, 0.00589812
-0.11250000, -0.03750000, 0.15000000, 0.01248651
-0.09375000, -0.05625000, 0.15000000, 0.01947552
-0.07500000, -0.07500000, 0.15000000, 0.02652903
-0.05625000, -0.09375000, 0.15000000, 0.03332706
-0.03750000, -0.11250000, 0.15000000, 0.03934974
-0.01875000, -0.13125000, 0.15000000, 0.04368091
0.00000000, -0.15000000, 0.15000000, 0.04268238
0.01875000, -0.15000000, 0.13125000, 0.03289239
0.03750000, -0.15000000, 0.11250000, 0.02799491
0.05625000, -0.15000000, 0.09375000, 0.02486030
0.07500000, -0.15000000, 0.07500000, 0.02286041
0.09375000, -0.15000000, 0.05625000, 0.02200574
0.11250000, -0.15000000, 0.03750000, 0.02211301
0.13125000, -0.15000000, 0.01875000, 0.02346246
0.15000000, -0.15000000, 0.00000000, 0.02744463
0.15000000, -0.13125000, -0.01875000, 0.02640604
0.15000000, -0.11250000, -0.03750000, 0.02312472
0.15000000, -0.09375000, -0.05625000, 0.01923998
0.15000000, -0.07500000, -0.07500000, 0.01514438
0.15000000, -0.05625000, -0.09375000, 0.01104700
0.15000000, -0.03750000, -0.11250000, 0.00707494
0.15000000, -0.01875000, -0.13125000, 0.00336034
0.20000000, 0.00000000, -0.20000000, -0.00000000
0.17500000, 0.02500000, -0.20000000, -0.00360342
0.15000000, 0.05000000, -0.20000000, -0.00759394
0.12500000, 0.07500000, -0.20000000, -0.01182436
0.10000000, 0.10000000, -0.20000000, -0.01620288
0.07500000, 0.12500000, -0.20000000, -0.02054288
0.05000000, 0.15000000, -0.20000000, -0.02467667
0.02500000, 0.17500000, -0.20000000, -0.02817823
0.00000000, 0.20000000, -0.20000000, -0.02943216
-0.02500000, 0.20000000, -0.17500000, -0.02660318
-0.05000000, 0.20000000, -0.15000000, -0.02607983
-0.07500000, 0.20000000, -0.12500000, -0.02645073
-0.10000000, 0.20000000, -0.10000000, -0.02752137
-0.12500000, 0.20000000, -0.07500000, -0.02914848
-0.15000000, 0.20000000, -0.05000000, -0.03165513
-0.17500000, 0.20000000, -0.02500000, -0.03553298
-0.20000000, 0.20000000, 0.00000000, -0.04371448
-0.20000000, 0.17500000, 0.02500000, -0.04439820
-0.20000000, 0.15000000, 0.05000000, -0.03987397
-0.20000000, 0.12500000, 0.07500000, -0.03364454
-0.20000000, 0.10000000, 0.10000000, -0.02670112
-0.20000000, 0.07500000, 0.12500000, -0.01947845
-0.20000000, 0.05000000, 0.15000000, -0.01242814
-0.20000000, 0.02500000, 0.17500000, -0.00581255
-0.20000000, 0.00000000, 0.20000000, -0.00000000
-0.17500000, -0.02500000, 0.20000000, 0.00581255
-0.15000000, -0.05000000, 0.20000000, 0.01242814
-0.12500000, -0.07500000, 0.20000000, 0.01947845
-0.10000000, -0.10000000, 0.20000000, 0.02670112
-0.07500000, -0.12500000, 0.20000000, 0.03364454
-0.05000000, -0.15000000, 0.20000000, 0.03987397
-0.02500000, -0.17500000, 0.20000000, 0.04439820
0.00000000, -0.20000000, 0.20000000, 0.04371448
0.02500000, -0.20000000, 0.17500000, 0.03553298
0.05000000, -0.20000000, 0.15000000, 0.03165513
0.07500000, -0.20000000, 0.12500000, 0.02914848
0.10000000, -0.20000000, 0.10000000, 0.02752137
0.12500000, -0.20000000, 0.07500000, 0.02645073
0.15000000, -0.20000000, 0.05000000, 0.02607983
0.17500000, -0.20000000, 0.02500000, 0.02660318
0.20000000, -0.20000000, 0.00000000, 0.02943216
0.20000000, -0.17500000, -0.02500000, 0.02817823
0.20000000, -0.15000000, -0.05000000, 0.02467667
0.20000000, -0.12500000, -0.07500000, 0.02054288
0.20000000, -0.10000000, -0.10000000, 0.01620288
0.20000000, -0.07500000, -0.12500000, 0.01182436
0.20000000, -0.05000000, -0.15000000, 0.00759394
0.20000000, -0.02500000, -0.17500000, 0.00360342
0.25000000, 0.00000000, -0.25000000, -0.00000000
0.21875000, 0.03125000, -0.25000000, -0.00369466
0.18750000, 0.06250000, -0.25000000, -0.00773890
0.15625000, 0.09375000, -0.25000000, -0.01201061
0.12500000, 0.12500000, -0.25000000, -0.01637788
0.09375000, 0.15625000, -0.25000000, -0.02069915
0.06250000, 0.18750000, -0.25000000, -0.02474939
0.03125000, 0.21875000, -0.25000000, -0.02812314
0.00000000, 0.25000000, -0.25000000, -0.02928241
-0.03125000, 0.25000000, -0.21875000, -0.02746515
-0.06250000, 0.25000000, -0.18750000, -0.02748398
-0.09375000, 0.25000000, -0.15625000, -0.02807008
-0.12500000, 0.25000000, -0.12500000, -0.02898946
-0.15625000, 0.25000000, -0.09375000, -0.03031622
-0.18750000, 0.25000000, -0.06250000, -0.03209740
-0.21875000, 0.25000000, -0.03125000, -0.03480871
-0.25000000, 0.25000000, 0.00000000, -0.04099019
-0.25000000, 0.21875000, 0.03125000, -0.04163364
-0.25000000, 0.18750000, 0.06250000, -0.03742854
-0.25000000, 0.15625000, 0.09375000, -0.03160416
-0.25000000, 0.12500000, 0.12500000, -0.02505083
-0.25000000, 0.09375000, 0.15625000, -0.01827697
-0.25000000, 0.06250000, 0.18750000, -0.01162493
-0.25000000, 0.03125000, 0.21875000, -0.00542224
-0.25000000, 0.00000000, 0.25000000, 0.00000000
-0.21875000, -0.03125000, 0.25000000, 0.00542224
-0.18750000, -0.06250000, 0.25000000, 0.01162493
-0.15625000, -0.09375000, 0.25000000, 0.01827697
-0.12500000, -0.12500000, 0.25000000, 0.02505083
-0.09375000, -0.15625000, 0.25000000, 0.03160416
-0.06250000, -0.18750000, 0.25000000, 0.03742854
-0.03125000, -0.21875000, 0.25000000, 0.04163364
0.00000000, -0.25000000, 0.25000000, 0.04099019
0.03125000, -0.25000000, 0.21875000, 0.03480871
0.06250000, -0.25000000, 0.18750000, 0.03209740
0.09375000, -0.25000000, 0.15625000, 0.03031622
0.12500000, -0.25000000, 0.12500000, 0.02898946
0.15625000, -0.25000000, 0.09375000, 0.02807008
0.18750000, -0.25000000, 0.06250000, 0.02748398
0.21875000, -0.25000000, 0.03125000, 0.02746515
0.25000000, -0.25000000, 0.00000000, 0.02928241
0.25000000, -0.21875000, -0.03125000, 0.02812314
0.25000000, -0.18750000, -0.06250000, 0.02474939
0.25000000, -0.15625000, -0.09375000, 0.02069915
0.25000000, -0.12500000, -0.12500000, 0.01637788
0.25000000, -0.09375000, -0.15625000, 0.01201061
0.25000000, -0.06250000, -0.18750000, 0.00773890
0.25000000, -0.03125000, -0.21875000, 0.00369466
0.30000000, 0.00000000, -0.30000000, -0.00000000
0.26250000, 0.03750000, -0.30000000, -0.00348758
0.22500000, 0.07500000, -0.30000000, -0.00733732
0.18750000, 0.11250000, -0.30000000, -0.01139306
0.15000000, 0.15000000, -0.30000000, -0.01551933
0.11250000, 0.18750000, -0.30000000, -0.01954277
0.07500000, 0.22500000, -0.30000000, -0.02324136
0.03750000, 0.26250000, -0.30000000, -0.02615203
0.00000000, 0.30000000, -0.30000000, -0.02667027
-0.03750000, 0.30000000, -0.26250000, -0.02586617
-0.07500000, 0.30000000, -0.22500000, -0.02653858
-0.11250000, 0.30000000, -0.18750000, -0.02740990
-0.15000000, 0.30000000, -0.15000000, -0.02822197
-0.18750000, 0.30000000, -0.11250000, -0.02900906
-0.22500000, 0.30000000, -0.07500000, -0.02983741
-0.26250000, 0.30000000, -0.03750000, -0.03113042
-0.30000000, 0.30000000, 0.00000000, -0.03510088
-0.30000000, 0.26250000, 0.03750000, -0.03626793
-0.30000000, 0.22500000, 0.07500000, -0.03281498
-0.30000000, 0.18750000, 0.11250000, -0.02775761
-0.30000000, 0.15000000, 0.15000000, -0.02199675
-0.30000000, 0.11250000, 0.18750000, -0.01599086
-0.30000000, 0.07500000, 0.22500000, -0.01010975
-0.30000000, 0.03750000, 0.26250000, -0.00466225
-0.30000000, 0.00000000, 0.30000000, 0.00000000
-0.26250000, -0.03750000, 0.30000000, 0.00466225
-0.22500000, -0.07500000, 0.30000000, 0.01010975
-0.18750000, -0.11250000, 0.30000000, 0.01599086
-0.15000000, -0.15000000, 0.30000000, 0.02199675
-0.11250000, -0.18750000, 0.30000000, 0.02775761
-0.07500000, -0.22500000, 0.30000000, 0.03281498
-0.03750000, -0.26250000, 0.30000000, 0.03626793
0.00000000, -0.30000000, 0.30000000, 0.03510088
0.03750000, -0.30000000, 0.26250000, 0.03113042
0.07500000, -0.30000000, 0.22500000, 0.02983741
0.11250000, -0.30000000, 0.18750000, 0.02900906
0.15000000, -0.30000000, 0.15000000, 0.02822197
0.18750000, -0.30000000, 0.11250000, 0.02740990
0.22500000, -0.30000000, 0.07500000, 0.02653858
0.26250000, -0.30000000, 0.03750000, 0.02586617
0.30000000, -0.30000000, 0.00000000, 0.02667027
0.30000000, -0.26250000, -0.03750000, 0.02615203
0.30000000, -0.22500000, -0.07500000, 0.02324136
0.30000000, -0.18750000, -0.11250000, 0.01954277
0.30000000, -0.15000000, -0.15000000, 0.01551933
0.30000000, -0.11250000, -0.18750000, 0.01139306
0.30000000, -0.07500000, -0.22500000, 0.00733732
0.30000000, -0.03750000, -0.26250000, 0.00348758
0.35000000, 0.00000000, -0.35000000, 0.00000000
0.30625000, 0.04375000, -0.35000000, -0.00298521
0.26250000, 0.08750000, -0.35000000, -0.00638711
0.21875000, 0.13125000, -0.35000000, -0.00998547
0.17500000, 0.17500000, -0.35000000, -0.01364155
0.13125000, 0.21875000, -0.35000000, -0.01714077
0.08750000, 0.26250000, -0.35000000, -0.02026751
0.04375000, 0.30625000, -0.35000000, -0.02252049
0.00000000, 0.35000000, -0.35000000, -0.02224363
-0.04375000, 0.35000000, -0.30625000, -0.02241683
-0.08750000, 0.35000000, -0.26250000, -0.02378437
-0.13125000, 0.35000000, -0.21875000, -0.02497449
-0.17500000, 0.35000000, -0.17500000, -0.02573381
-0.21875000, 0.35000000, -0.13125000, -0.02592071
-0.26250000, 0.35000000, -0.08750000, -0.02577565
-0.30625000, 0.35000000, -0.04375000, -0.02565984
-0.35000000, 0.35000000, 0.00000000, -0.02754760
-0.35000000, 0.30625000, 0.04375000, -0.02932005
-0.35000000, 0.26250000, 0.08750000, -0.02679470
-0.35000000, 0.21875000, 0.13125000, -0.02272617
-0.35000000, 0.17500000, 0.17500000, -0.01798699
-0.35000000, 0.13125000, 0.21875000, -0.01297859
-0.35000000, 0.08750000, 0.26250000, -0.00811210
-0.35000000, 0.04375000, 0.30625000, -0.00365481
-0.35000000, 0.00000000, 0.35000000, -0.00000000
-0.30625000, -0.04375000, 0.35000000, 0.00365481
-0.26250000, -0.08750000, 0.35000000, 0.00811210
-0.21875000, -0.13125000, 0.35000000, 0.01297859
-0.17500000, -0.17500000, 0.35000000, 0.01798699
-0.13125000, -0.21875000, 0.35000000, 0.02272617
-0.08750000, -0.26250000, 0.35000000, 0.02679470
-0.04375000, -0.30625000, 0.35000000, 0.02932005
0.00000000, -0.35000000, 0.35000000, 0.02754760
0.04375000, -0.35000000, 0.30625000, 0.02565984
0.08750000, -0.35000000, 0.26250000, 0.02577565
0.13125000, -0.35000000, 0.21875000, 0.02592071
0.17500000, -0.35000000, 0.17500000, 0.02573381
0.21875000, -0.35000000, 0.13125000, 0.02497449
0.26250000, -0.35000000, 0.08750000, 0.02378437
0.30625000, -0.35000000, 0.04375000, 0.02241683
0.35000000, -0.35000000, 0.00000000, 0.02224363
0.35000000, -0.30625000, -0.04375000, 0.02252049
0.35000000, -0.26250000, -0.08750000, 0.02026751
0.35000000, -0.21875000, -0.13125000, 0.01714077
0.35000000, -0.17500000, -0.17500000, 0.01364155
0.35000000, -0.13125000, -0.21875000, 0.00998547
0.35000000, -0.08750000, -0.26250000, 0.00638711
0.35000000, -0.04375000, -0.30625000, 0.00298521
0.40000000, 0.00000000, -0.40000000, -0.00000000
0.35000000, 0.05000000, -0.40000000, -0.00232510
0.30000000, 0.10000000, -0.40000000, -0.00507681
0.25000000, 0.15000000, -0.40000000, -0.00802904
0.20000000, 0.20000000, -0.40000000, -0.01101008
0.15000000, 0.25000000, -0.40000000, -0.01382961
0.10000000, 0.30000000, -0.40000000, -0.01624778
0.05000000, 0.35000000, -0.40000000, -0.01780245
0.00000000, 0.40000000, -0.40000000, -0.01697773
-0.05000000, 0.40000000, -0.35000000, -0.01803546
-0.10000000, 0.40000000, -0.30000000, -0.01993131
-0.15000000, 0.40000000, -0.25000000, -0.02135652
-0.20000000, 0.40000000, -0.20000000, -0.02199028
-0.25000000, 0.40000000, -0.15000000, -0.02179003
-0.30000000, 0.40000000, -0.10000000, -0.02088365
-0.35000000, 0.40000000, -0.05000000, -0.01968141
-0.40000000, 0.40000000, 0.00000000, -0.01984514
-0.40000000, 0.35000000, 0.05000000, -0.02184386
-0.40000000, 0.30000000, 0.10000000, -0.02019491
-0.40000000, 0.25000000, 0.15000000, -0.01719907
-0.40000000, 0.20000000, 0.20000000, -0.01357936
-0.40000000, 0.15000000, 0.25000000, -0.00974061
-0.40000000, 0.10000000, 0.30000000, -0.00600016
-0.40000000, 0.05000000, 0.35000000, -0.00263894
-0.40000000, 0.00000000, 0.40000000, -0.00000000
-0.35000000, -0.05000000, 0.40000000, 0.00263894
-0.30000000, -0.10000000, 0.40000000, 0.00600016
-0.25000000, -0.15000000, 0.40000000, 0.00974061
-0.20000000, -0.20000000, 0.40000000, 0.01357936
-0.15000000, -0.25000000, 0.40000000, 0.01719907
-0.10000000, -0.30000000, 0.40000000, 0.02019491
-0.05000000, -0.35000000, 0.40000000, 0.02184386
0.00000000, -0.40000000, 0.40000000, 0.01984514
0.05000000, -0.40000000, 0.35000000, 0.01968141
0.10000000, -0.40000000, 0.30000000, 0.02088365
0.15000000, -0.40000000, 0.25000000, 0.02179003
0.20000000, -0.40000000, 0.20000000, 0.02199028
0.25000000, -0.40000000, 0.15000000, 0.02135652
0.30000000, -0.40000000, 0.10000000, 0.01993131
0.35000000, -0.40000000, 0.05000000, 0.01803546
0.40000000, -0.40000000, 0.00000000, 0.01697773
0.40000000, -0.35000000, -0.05000000, 0.01780245
0.40000000, -0.30000000, -0.10000000, 0.01624778
0.40000000, -0.25000000, -0.15000000, 0.01382961
0.40000000, -0.20000000, -0.20000000, 0.01101008
0.40000000, -0.15000000, -0.25000000, 0.00802904
0.40000000, -0.10000000, -0.30000000, 0.00507681
0.40000000, -0.05000000, -0.35000000, 0.00232510
0.45000000, 0.00000000, -0.45000000, -0.00000000
0.39375000, 0.05625000, -0.45000000, -0.00162515
0.33750000, 0.11250000, -0.45000000, -0.00364839
0.28125000, 0.16875000, -0.45000000, -0.00586258
0.22500000, 0.22500000, -0.45000000, -0.00809211
0.16875000, 0.28125000, -0.45000000, -0.01017295
0.11250000, 0.33750000, -0.45000000, -0.01187477
0.05625000, 0.39375000, -0.45000000, -0.01279692
0.00000000, 0.45000000, -0.45000000, -0.01166088
-0.05625000, 0.45000000, -0.39375000, -0.01331002
-0.11250000, 0.45000000, -0.33750000, -0.01554071
-0.16875000, 0.45000000, -0.28125000, -0.01714150
-0.22500000, 0.45000000, -0.22500000, -0.01769515
-0.28125000, 0.45000000, -0.16875000, -0.01721884
-0.33750000, 0.45000000, -0.11250000, -0.01578570
-0.39375000, 0.45000000, -0.05625000, -0.01389353
-0.45000000, 0.45000000, 0.00000000, -0.01292668
-0.45000000, 0.39375000, 0.05625000, -0.01488495
-0.45000000, 0.33750000, 0.11250000, -0.01396240
-0.45000000, 0.28125000, 0.16875000, -0.01194312
-0.45000000, 0.22500000, 0.22500000, -0.00939850
-0.45000000, 0.16875000, 0.28125000, -0.00668781
-0.45000000, 0.11250000, 0.33750000, -0.00404488
-0.45000000, 0.05625000, 0.39375000, -0.00172646
-0.45000000, 0.00000000, 0.45000000, 0.00000000
-0.39375000, -0.05625000, 0.45000000, 0.00172646
-0.33750000, -0.11250000, 0.45000000, 0.00404488
-0.28125000, -0.16875000, 0.45000000, 0.00668781
-0.22500000, -0.22500000, 0.45000000, 0.00939850
-0.16875000, -0.28125000, 0.45000000, 0.01194312
-0.11250000, -0.33750000, 0.45000000, 0.01396240
-0.05625000, -0.39375000, 0.45000000, 0.01488495
0.00000000, -0.45000000, 0.45000000, 0.01292668
0.05625000, -0.45000000, 0.39375000, 0.01389353
0.11250000, -0.45000000, 0.33750000, 0.01578570
0.16875000, -0.45000000, 0.28125000, 0.01721884
0.22500000, -0.45000000, 0.22500000, 0.01769515
0.28125000, -0.45000000, 0.16875000, 0.01714150
0.33750000, -0.45000000, 0.11250000, 0.01554071
0.39375000, -0.45000000, 0.05625000, 0.01331002
0.45000000, -0.45000000, 0.00000000, 0.01166088
0.45000000, -0.39375000, -0.05625000, 0.01279692
0.45000000, -0.33750000, -0.11250000, 0.01187477
0.45000000, -0.28125000, -0.16875000, 0.01017295
0.45000000, -0.22500000, -0.22500000, 0.00809211
0.45000000, -0.16875000, -0.28125000, 0.00586258
0.45000000, -0.11250000, -0.33750000, 0.00364839
0.45000000, -0.05625000, -0.39375000, 0.00162515
0.50000000, 0.00000000, -0.50000000, 0.00000000
0.43750000, 0.06250000, -0.50000000, -0.00099745
0.37500000, 0.12500000, -0.50000000, -0.00234078
0.31250000, 0.18750000, -0.50000000, -0.00384234
0.25000000, 0.25000000, -0.50000000, -0.00536745
0.18750000, 0.31250000, -0.50000000, -0.00675792
0.12500000, 0.37500000, -0.50000000, -0.00783995
0.06250000, 0.43750000, -0.50000000, -0.00827768
0.00000000, 0.50000000, -0.50000000, -0.00705587
-0.06250000, 0.50000000, -0.43750000, -0.00885748
-0.12500000, 0.50000000, -0.37500000, -0.01118267
-0.18750000, 0.50000000, -0.31250000, -0.01287202
-0.25000000, 0.50000000, -0.25000000, -0.01343117
-0.31250000, 0.50000000, -0.18750000, -0.01273676
-0.37500000, 0.50000000, -0.12500000, -0.01102852
-0.43750000, 0.50000000, -0.06250000, -0.00886518
-0.50000000, 0.50000000, 0.00000000, -0.00744794
-0.50000000, 0.43750000, 0.06250000, -0.00919472
-0.50000000, 0.37500000, 0.12500000, -0.00879347
-0.50000000, 0.31250000, 0.18750000, -0.00754798
-0.50000000, 0.25000000, 0.25000000, -0.00591357
-0.50000000, 0.18750000, 0.31250000, -0.00413814
-0.50000000, 0.12500000, 0.37500000, -0.00244011
-0.50000000, 0.06250000, 0.43750000, -0.00098920
-0.50000000, 0.00000000, 0.50000000, -0.00000000
-0.43750000, -0.06250000, 0.50000000, 0.00098920
-0.37500000, -0.12500000, 0.50000000, 0.00244011
-0.31250000, -0.18750000, 0.50000000, 0.00413814
-0.25000000, -0.25000000, 0.50000000, 0.00591357
-0.18750000, -0.31250000, 0.50000000, 0.00754798
-0.12500000, -0.37500000, 0.50000000, 0.00879347
-0.06250000, -0.43750000, 0.50000000, 0.00919472
0.00000000, -0.50000000, 0.50000000, 0.00744794
0.06250000, -0.50000000, 0.43750000, 0.00886518
0.12500000, -0.50000000, 0.37500000, 0.01102852
0.18750000, -0.50000000, 0.31250000, 0.01273676
0.25000000, -0.50000000, 0.25000000, 0.01343117
0.31250000, -0.50000000, 0.18750000, 0.01287202
0.37500000, -0.50000000, 0.12500000, 0.01118267
0.43750000, -0.50000000, 0.06250000, 0.00885748
0.50000000, -0.50000000, 0.00000000, 0.00705587
0.50000000, -0.43750000, -0.06250000, 0.00827768
0.50000000, -0.37500000, -0.12500000, 0.00783995
0.50000000, -0.31250000, -0.18750000, 0.00675792
0.50000000, -0.25000000, -0.25000000, 0.00536745
0.50000000, -0.18750000, -0.31250000, 0.00384234
0.50000000, -0.12500000, -0.37500000, 0.00234078
0.50000000, -0.06250000, -0.43750000, 0.00099745
0.55000000, 0.00000000, -0.55000000, 0.00000000
0.48125000, 0.06875000, -0.55000000, -0.00053234
0.41250000, 0.13750000, -0.55000000, -0.00132636
0.34375000, 0.20625000, -0.55000000, -0.00223581
0.27500000, 0.27500000, -0.55000000, -0.00317213
0.20625000, 0.34375000, -0.55000000, -0.00400223
0.13750000, 0.41250000, -0.55000000, -0.00461125
0.06875000, 0.48125000, -0.55000000, -0.00475253
0.00000000, 0.55000000, -0.55000000, -0.00371233
-0.06875000, 0.55000000, -0.48125000, -0.00527855
-0.13750000, 0.55000000, -0.41250000, -0.00739151
-0.20625000, 0.55000000, -0.34375000, -0.00899876
-0.27500000, 0.55000000, -0.27500000, -0.00954545
-0.34375000, 0.55000000, -0.20625000, -0.00878348
-0.41250000, 0.55000000, -0.13750000, -0.00709226
-0.48125000, 0.55000000, -0.06875000, -0.00507399
-0.55000000, 0.55000000, 0.00000000, -0.00374190
-0.55000000, 0.48125000, 0.06875000, -0.00507537
-0.55000000, 0.41250000, 0.13750000, -0.00497104
-0.55000000, 0.34375000, 0.20625000, -0.00428260
-0.55000000, 0.27500000, 0.27500000, -0.00333464
-0.55000000, 0.20625000, 0.34375000, -0.00227793
-0.55000000, 0.13750000, 0.41250000, -0.00129865
-0.55000000, 0.06875000, 0.48125000, -0.00048805
-0.55000000, 0.00000000, 0.55000000, -0.00000000
-0.48125000, -0.06875000, 0.55000000, 0.00048805
-0.41250000, -0.13750000, 0.55000000, 0.00129865
-0.34375000, -0.20625000, 0.55000000, 0.00227793
-0.27500000, -0.27500000, 0.55000000, 0.00333464
-0.20625000, -0.34375000, 0.55000000, 0.00428260
-0.13750000, -0.41250000, 0.55000000, 0.00497104
-0.06875000, -0.48125000, 0.55000000, 0.00507537
0.00000000, -0.55000000, 0.55000000, 0.00374190
0.06875000, -0.55000000, 0.48125000, 0.00507399
0.13750000, -0.55000000, 0.41250000, 0.00709226
0.20625000, -0.55000000, 0.34375000, 0.00878348
0.27500000, -0.55000000, 0.27500000, 0.00954545
0.34375000, -0.55000000, 0.20625000, 0.00899876
0.41250000, -0.55000000, 0.13750000, 0.00739151
0.48125000, -0.55000000, 0.06875000, 0.00527855
0.55000000, -0.55000000, 0.00000000, 0.00371233
0.55000000, -0.48125000, -0.06875000, 0.00475253
0.55000000, -0.41250000, -0.13750000, 0.00461125
0.55000000, -0.34375000, -0.20625000, 0.00400223
0.55000000, -0.27500000, -0.27500000, 0.00317213
0.55000000, -0.20625000, -0.34375000, 0.00223581
0.55000000, -0.13750000, -0.41250000, 0.00132636
0.55000000, -0.06875000, -0.48125000, 0.00053234
0.60000000, 0.00000000, -0.60000000, 0.00000000
0.52500000, 0.07500000, -0.60000000, -0.00025153
0.45000000, 0.15000000, -0.60000000, -0.00065930
0.37500000, 0.22500000, -0.60000000, -0.00114293
0.30000000, 0.30000000, -0.60000000, -0.00163975
0.22500000, 0.37500000, -0.60000000, -0.00207358
0.15000000, 0.45000000, -0.60000000, -0.00236485
0.07500000, 0.52500000, -0.60000000, -0.00237363
0.00000000, 0.60000000, -0.60000000, -0.00169773
-0.07500000, 0.60000000, -0.52500000, -0.00282636
-0.15000000, 0.60000000, -0.45000000, -0.00447252
-0.22500000, 0.60000000, -0.37500000, -0.00581560
-0.30000000, 0.60000000, -0.30000000, -0.00626780
-0.37500000, 0.60000000, -0.22500000, -0.00561765
-0.45000000, 0.60000000, -0.15000000, -0.00419485
-0.52500000, 0.60000000, -0.07500000, -0.00262097
-0.60000000, 0.60000000, 0.00000000, -0.00164421
-0.60000000, 0.52500000, 0.07500000, -0.00244478
-0.60000000, 0.45000000, 0.15000000, -0.00245651
-0.60000000, 0.37500000, 0.22500000, -0.00213294
-0.60000000, 0.30000000, 0.30000000, -0.00164752
-0.60000000, 0.22500000, 0.37500000, -0.00110685
-0.60000000, 0.15000000, 0.45000000, -0.00060890
-0.60000000, 0.07500000, 0.52500000, -0.00021597
-0.60000000, 0.00000000, 0.60000000, -0.00000000
-0.52500000, -0.07500000, 0.60000000, 0.00021597
-0.45000000, -0.15000000, 0.60000000, 0.00060890
-0.37500000, -0.22500000, 0.60000000, 0.00110685
-0.30000000, -0.30000000, 0.60000000, 0.00164752
-0.22500000, -0.37500000, 0.60000000, 0.00213294
-0.15000000, -0.45000000, 0.60000000, 0.00245651
-0.07500000, -0.52500000, 0.60000000, 0.00244478
0.00000000, -0.60000000, 0.60000000, 0.00164421
0.07500000, -0.60000000, 0.52500000, 0.00262097
0.15000000, -0.60000000, 0.45000000, 0.00419485
0.22500000, -0.60000000, 0.37500000, 0.00561765
0.30000000, -0.60000000, 0.30000000, 0.00626780
0.37500000, -0.60000000, 0.22500000, 0.00581560
0.45000000, -0.60000000, 0.15000000, 0.00447252
0.52500000, -0.60000000, 0.07500000, 0.00282636
0.60000000, -0.60000000, 0.00000000, 0.00169773
0.60000000, -0.52500000, -0.07500000, 0.00237363
0.60000000, -0.45000000, -0.15000000, 0.00236485
0.60000000, -0.37500000, -0.22500000, 0.00207358
0.60000000, -0.30000000, -0.30000000, 0.00163975
0.60000000, -0.22500000, -0.37500000, 0.00114293
0.60000000, -0.15000000, -0.45000000, 0.00065930
0.60000000, -0.07500000, -0.52500000, 0.00025153
0.65000000, 0.00000000, -0.65000000, -0.00000000
0.56875000, 0.08125000, -0.65000000, -0.00010890
0.48750000, 0.16250000, -0.65000000, -0.00028590
0.40625000, 0.24375000, -0.65000000, -0.00050610
0.32500000, 0.32500000, -0.65000000, -0.00072395
0.24375000, 0.40625000, -0.65000000, -0.00091549
0.16250000, 0.48750000, -0.65000000, -0.00102638
0.08125000, 0.56875000, -0.65000000, -0.00100055
0.00000000, 0.65000000, -0.65000000, -0.00066958
-0.08125000, 0.65000000, -0.56875000, -0.00134716
-0.16250000, 0.65000000, -0.48750000, -0.00244704
-0.24375000, 0.65000000, -0.40625000, -0.00343486
-0.32500000, 0.65000000, -0.32500000, -0.00375851
-0.40625000, 0.65000000, -0.24375000, -0.00329399
-0.48750000, 0.65000000, -0.16250000, -0.00225629
-0.56875000, 0.65000000, -0.08125000, -0.00121549
-0.65000000, 0.65000000, 0.00000000, -0.00063203
-0.65000000, 0.56875000, 0.08125000, -0.00099295
-0.65000000, 0.48750000, 0.16250000, -0.00102460
-0.65000000, 0.40625000, 0.24375000, -0.00090494
-0.65000000, 0.32500000, 0.32500000, -0.00069347
-0.65000000, 0.24375000, 0.40625000, -0.00047058
-0.65000000, 0.16250000, 0.48750000, -0.00025326
-0.65000000, 0.08125000, 0.56875000, -0.00009357
-0.65000000, 0.00000000, 0.65000000, 0.00000000
-0.56875000, -0.08125000, 0.65000000, 0.00009357
-0.48750000, -0.16250000, 0.65000000, 0.00025326
-0.40625000, -0.24375000, 0.65000000, 0.00047058
-0.32500000, -0.32500000, 0.65000000, 0.00069347
-0.24375000, -0.40625000, 0.65000000, 0.00090494
-0.16250000, -0.48750000, 0.65000000, 0.00102460
-0.08125000, -0.56875000, 0.65000000, 0.00099295
0.00000000, -0.65000000, 0.65000000, 0.00063203
0.08125000, -0.65000000, 0.56875000, 0.00121549
0.16250000, -0.65000000, 0.48750000, 0.00225629
0.24375000, -0.65000000, 0.40625000, 0.00329399
0.32500000, -0.65000000, 0.32500000, 0.00375851
0.40625000, -0.65000000, 0.24375000, 0.00343486
0.48750000, -0.65000000, 0.16250000, 0.00244704
0.56875000, -0.65000000, 0.08125000, 0.00134716
0.65000000, -0.65000000, 0.00000000, 0.00066958
0.65000000, -0.56875000, -0.08125000, 0.00100055
0.65000000, -0.48750000, -0.16250000, 0.00102638
0.65000000, -0.40625000, -0.24375000, 0.00091549
0.65000000, -0.32500000, -0.32500000, 0.00072395
0.65000000, -0.24375000, -0.40625000, 0.00050610
0.65000000, -0.16250000, -0.48750000, 0.00028590
0.65000000, -0.08125000, -0.56875000, 0.00010890
0.70000000, 0.00000000, -0.70000000, -0.00000000
0.61250000, 0.08750000, -0.70000000, -0.00004019
0.52500000, 0.17500000, -0.70000000, -0.00010534
0.43750000, 0.26250000, -0.70000000, -0.00018822
0.35000000, 0.35000000, -0.70000000, -0.00026703
0.26250000, 0.43750000, -0.70000000, -0.00033384
0.17500000, 0.52500000, -0.70000000, -0.00036521
0.08750000, 0.61250000, -0.70000000, -0.00034076
0.00000000, 0.70000000, -0.70000000, -0.00019795
-0.08750000, 0.70000000, -0.61250000, -0.00052596
-0.17500000, 0.70000000, -0.52500000, -0.00116778
-0.26250000, 0.70000000, -0.43750000, -0.00181844
-0.35000000, 0.70000000, -0.35000000, -0.00204697
-0.43750000, 0.70000000, -0.26250000, -0.00172907
-0.52500000, 0.70000000, -0.17500000, -0.00105684
-0.61250000, 0.70000000, -0.08750000, -0.00045970
-0.70000000, 0.70000000, 0.00000000, -0.00018110
-0.70000000, 0.61250000, 0.08750000, -0.00032862
-0.70000000, 0.52500000, 0.17500000, -0.00035472
-0.70000000, 0.43750000, 0.26250000, -0.00032011
-0.70000000, 0.35000000, 0.35000000, -0.00024527
-0.70000000, 0.26250000, 0.43750000, -0.00016745
-0.70000000, 0.17500000, 0.52500000, -0.00008915
-0.70000000, 0.08750000, 0.61250000, -0.00003452
-0.70000000, 0.00000000, 0.70000000, 0.00000000
-0.61250000, -0.08750000, 0.70000000, 0.00003452
-0.52500000, -0.17500000, 0.70000000, 0.00008915
-0.43750000, -0.26250000, 0.70000000, 0.00016745
-0.35000000, -0.35000000, 0.70000000, 0.00024527
-0.26250000, -0.43750000, 0.70000000, 0.00032011
-0.17500000, -0.52500000, 0.70000000, 0.00035472
-0.08750000, -0.61250000, 0.70000000, 0.00032862
0.00000000, -0.70000000, 0.70000000, 0.00018110
0.08750000, -0.70000000, 0.61250000, 0.00045970
0.17500000, -0.70000000, 0.52500000, 0.00105684
0.26250000, -0.70000000, 0.43750000, 0.00172907
0.35000000, -0.70000000, 0.35000000, 0.00204697
0.43750000, -0.70000000, 0.26250000, 0.00181844
0.52500000, -0.70000000, 0.17500000, 0.00116778
0.61250000, -0.70000000, 0.08750000, 0.00052596
0.70000000, -0.70000000, 0.00000000, 0.00019795
0.70000000, -0.61250000, -0.08750000, 0.00034076
0.70000000, -0.52500000, -0.17500000, 0.00036521
0.70000000, -0.43750000, -0.26250000, 0.00033384
0.70000000, -0.35000000, -0.35000000, 0.00026703
0.70000000, -0.26250000, -0.43750000, 0.00018822
0.70000000, -0.17500000, -0.52500000, 0.00010534
0.70000000, -0.08750000, -0.61250000, 0.00004019
0.75000000, 0.00000000, -0.75000000, 0.00000000
0.65625000, 0.09375000, -0.75000000, -0.00000679
0.56250000, 0.18750000, -0.75000000, -0.00002931
0.46875000, 0.28125000, -0.75000000, -0.00005423
0.37500000, 0.37500000, -0.75000000, -0.00008216
0.28125000, 0.46875000, -0.75000000, -0.00009827
0.18750000, 0.56250000, -0.75000000, -0.00010576
0.09375000, 0.65625000, -0.75000000, -0.00008902
0.00000000, 0.75000000, -0.75000000, -0.00000896
-0.09375000, 0.75000000, -0.65625000, -0.00012443
-0.18750000, 0.75000000, -0.56250000, -0.00045419
-0.28125000, 0.75000000, -0.46875000, -0.00083626
-0.37500000, 0.75000000, -0.37500000, -0.00100144
-0.46875000, 0.75000000, -0.28125000, -0.00078202
-0.56250000, 0.75000000, -0.18750000, -0.00039491
-0.65625000, 0.75000000, -0.09375000, -0.00009423
-0.75000000, 0.75000000, 0.00000000, 0.00000106
-0.75000000, 0.65625000, 0.09375000, -0.00009036
-0.75000000, 0.56250000, 0.18750000, -0.00011054
-0.75000000, 0.46875000, 0.28125000, -0.00009780
-0.75000000, 0.37500000, 0.37500000, -0.00007652
-0.75000000, 0.28125000, 0.46875000, -0.00004136
-0.75000000, 0.18750000, 0.56250000, -0.00001897
-0.75000000, 0.09375000, 0.65625000, -0.00000071
-0.75000000, 0.00000000, 0.75000000, -0.00000000
-0.65625000, -0.09375000, 0.75000000, 0.00000071
-0.56250000, -0.18750000, 0.75000000, 0.00001897
-0.46875000, -0.28125000, 0.75000000, 0.00004136
-0.37500000, -0.37500000, 0.75000000, 0.00007652
-0.28125000, -0.46875000, 0.75000000, 0.00009780
-0.18750000, -0.56250000, 0.75000000, 0.00011054
-0.09375000, -0.65625000, 0.75000000, 0.00009036
0.00000000, -0.75000000, 0.75000000, -0.00000106
0.09375000, -0.75000000, 0.65625000, 0.00009423
0.18750000, -0.75000000, 0.56250000, 0.00039491
0.28125000, -0.75000000, 0.46875000, 0.00078202
0.37500000, -0.75000000, 0.37500000, 0.00100144
0.46875000, -0.75000000, 0.28125000, 0.00083626
0.56250000, -0.75000000, 0.18750000, 0.00045419
0.65625000, -0.75000000, 0.09375000, 0.00012443
0.75000000, -0.75000000, 0.00000000, 0.00000896
0.75000000, -0.65625000, -0.09375000, 0.00008902
0.75000000, -0.56250000, -0.18750000, 0.00010576
0.75000000, -0.46875000, -0.28125000, 0.00009827
0.75000000, -0.37500000, -0.37500000, 0.00008216
0.75000000, -0.28125000, -0.46875000, 0.00005423
0.75000000, -0.18750000, -0.56250000, 0.00002931
0.75000000, -0.09375000, -0.65625000, 0.00000679
0.80000000, 0.00000000, -0.80000000, 0.00000000
0.70000000, 0.10000000, -0.80000000, 0.00000254
0.60000000, 0.20000000, -0.80000000, -0.00000452
0.50000000, 0.30000000, -0.80000000, -0.00001072
0.40000000, 0.40000000, -0.80000000, -0.00002054
0.30000000, 0.50000000, -0.80000000, -0.00002278
0.20000000, 0.60000000, -0.80000000, -0.00002459
0.10000000, 0.70000000, -0.80000000, -0.00001743
0.00000000, 0.80000000, -0.80000000, 0.00001717
-0.10000000, 0.80000000, -0.70000000, -0.00000485
-0.20000000, 0.80000000, -0.60000000, -0.00013786
-0.30000000, 0.80000000, -0.50000000, -0.00031899
-0.40000000, 0.80000000, -0.40000000, -0.00041112
-0.50000000, 0.80000000, -0.30000000, -0.00029312
-0.60000000, 0.80000000, -0.20000000, -0.00011279
-0.70000000, 0.80000000, -0.10000000, 0.00000591
-0.80000000, 0.80000000, 0.00000000, 0.00002126
-0.80000000, 0.70000000, 0.10000000, -0.00002185
-0.80000000, 0.60000000, 0.20000000, -0.00003170
-0.80000000, 0.50000000, 0.30000000, -0.00002619
-0.80000000, 0.40000000, 0.40000000, -0.00002074
-0.80000000, 0.30000000, 0.50000000, -0.00000403
-0.80000000, 0.20000000, 0.60000000, 0.00000131
-0.80000000, 0.10000000, 0.70000000, 0.00000702
-0.80000000, 0.00000000, 0.80000000, -0.00000000
-0.70000000, -0.10000000, 0.80000000, -0.00000702
-0.60000000, -0.20000000, 0.80000000, -0.00000131
-0.50000000, -0.30000000, 0.80000000, 0.00000403
-0.40000000, -0.40000000, 0.80000000, 0.00002074
-0.30000000, -0.50000000, 0.80000000, 0.00002619
-0.20000000, -0.60000000, 0.80000000, 0.00003170
-0.10000000, -0.70000000, 0.80000000, 0.00002185
0.00000000, -0.80000000, 0.80000000, -0.00002126
0.10000000, -0.80000000, 0.70000000, -0.00000591
0.20000000, -0.80000000, 0.60000000, 0.00011279
0.30000000, -0.80000000, 0.50000000, 0.00029312
0.40000000, -0.80000000, 0.40000000, 0.00041112
0.50000000, -0.80000000, 0.30000000, 0.00031899
0.60000000, -0.80000000, 0.20000000, 0.00013786
0.70000000, -0.80000000, 0.10000000, 0.00000485
0.80000000, -0.80000000, 0.00000000, -0.00001717
0.80000000, -0.70000000, -0.10000000, 0.00001743
0.80000000, -0.60000000, -0.20000000, 0.00002459
0.80000000, -0.50000000, -0.30000000, 0.00002278
0.80000000, -0.40000000, -0.40000000, 0.00002054
0.80000000, -0.30000000, -0.50000000, 0.00001072
0.80000000, -0.20000000, -0.60000000, 0.00000452
0.80000000, -0.10000000, -0.70000000, -0.00000254
0.85000000, 0.00000000, -0.85000000, -0.00000000
0.74375000, 0.10625000, -0.85000000, -0.00000232
0.63750000, 0.21250000, -0.85000000, -0.00000179
0.53125000, 0.31875000, -0.85000000, -0.00000330
0.42500000, 0.42500000, -0.85000000, -0.00000159
0.31875000, 0.53125000, -0.85000000, -0.00000221
0.21250000, 0.63750000, -0.85000000, -0.00000051
0.10625000, 0.74375000, -0.85000000, -0.00000217
0.00000000, 0.85000000, -0.85000000, -0.00002056
-0.10625000, 0.85000000, -0.74375000, -0.00002221
-0.21250000, 0.85000000, -0.63750000, -0.00004424
-0.31875000, 0.85000000, -0.53125000, -0.00009470
-0.42500000, 0.85000000, -0.42500000, -0.00011121
-0.53125000, 0.85000000, -0.31875000, -0.00009121
-0.63750000, 0.85000000, -0.21250000, -0.00004201
-0.74375000, 0.85000000, -0.10625000, -0.00002360
-0.85000000, 0.85000000, 0.00000000, -0.00002425
-0.85000000, 0.74375000, 0.10625000, 0.00000045
-0.85000000, 0.63750000, 0.21250000, 0.00000323
-0.85000000, 0.53125000, 0.31875000, -0.00000007
-0.85000000, 0.42500000, 0.42500000, 0.00000066
-0.85000000, 0.31875000, 0.53125000, -0.00000410
-0.85000000, 0.21250000, 0.63750000, -0.00000271
-0.85000000, 0.10625000, 0.74375000, -0.00000395
-0.85000000, 0.00000000, 0.85000000, 0.00000000
-0.74375000, -0.10625000, 0.85000000, 0.00000395
-0.63750000, -0.21250000, 0.85000000, 0.00000271
-0.53125000, -0.31875000, 0.85000000, 0.00000410
-0.42500000, -0.42500000, 0.85000000, -0.00000066
-0.31875000, -0.53125000, 0.85000000, 0.00000007
-0.21250000, -0.63750000, 0.85000000, -0.00000323
-0.10625000, -0.74375000, 0.85000000, -0.00000045
0.00000000, -0.85000000, 0.85000000, 0.00002425
0.10625000, -0.85000000, 0.74375000, 0.00002360
0.21250000, -0.85000000, 0.63750000, 0.00004201
0.31875000, -0.85000000, 0.53125000, 0.00009121
0.42500000, -0.85000000, 0.42500000, 0.00011121
0.53125000, -0.85000000, 0.31875000, 0.00009470
0.63750000, -0.85000000, 0.21250000, 0.00004424
0.74375000, -0.85000000, 0.10625000, 0.00002221
0.85000000, -0.85000000, 0.00000000, 0.00002056
0.85000000, -0.74375000, -0.10625000, 0.00000217
0.85000000, -0.63750000, -0.21250000, 0.00000051
0.85000000, -0.53125000, -0.31875000, 0.00000221
0.85000000, -0.42500000, -0.42500000, 0.00000159
0.85000000, -0.31875000, -0.53125000, 0.00000330
0.85000000, -0.21250000, -0.63750000, 0.00000179
0.85000000, -0.10625000, -0.74375000, 0.00000232
0.90000000, 0.00000000, -0.90000000, -0.00000000
0.78750000, 0.11250000, -0.90000000, -0.00000291
0.67500000, 0.22500000, -0.90000000, -0.00000172
0.56250000, 0.33750000, -0.90000000, -0.00000188
0.45000000, 0.45000000, -0.90000000, 0.00000091
0.33750000, 0.56250000, -0.90000000, 0.00000079
0.22500000, 0.67500000, -0.90000000, 0.00000223
0.11250000, 0.78750000, -0.90000000, 0.00000046
0.00000000, 0.90000000, -0.90000000, -0.00001322
-0.11250000, 0.90000000, -0.78750000, -0.00001667
-0.22500000, 0.90000000, -0.67500000, -0.00001325
-0.33750000, 0.90000000, -0.56250000, -0.00001838
-0.45000000, 0.90000000, -0.45000000, -0.00001399
-0.56250000, 0.90000000, -0.33750000, -0.00001984
-0.67500000, 0.90000000, -0.22500000, -0.00001524
-0.78750000, 0.90000000, -0.11250000, -0.00001875
-0.90000000, 0.90000000, 0.00000000, -0.00001526
-0.90000000, 0.78750000, 0.11250000, 0.00000322
-0.90000000, 0.67500000, 0.22500000, 0.00000620
-0.90000000, 0.56250000, 0.33750000, 0.00000309
-0.90000000, 0.45000000, 0.45000000, 0.00000254
-0.90000000, 0.33750000, 0.56250000, -0.00000377
-0.90000000, 0.22500000, 0.67500000, -0.00000361
-0.90000000, 0.11250000, 0.78750000, -0.00000504
-0.90000000, 0.00000000, 0.90000000, 0.00000000
-0.78750000, -0.11250000, 0.90000000, 0.00000504
-0.67500000, -0.22500000, 0.90000000, 0.00000361
-0.56250000, -0.33750000, 0.90000000, 0.00000377
-0.45000000, -0.45000000, 0.90000000, -0.00000254
-0.33750000, -0.56250000, 0.90000000, -0.00000309
-0.22500000, -0.67500000, 0.90000000, -0.00000620
-0.11250000, -0.78750000, 0.90000000, -0.00000322
0.00000000, -0.90000000, 0.90000000, 0.00001526
0.11250000, -0.90000000, 0.78750000, 0.00001875
0.22500000, -0.90000000, 0.67500000, 0.00001524
0.33750000, -0.90000000, 0.56250000, 0.00001984
0.45000000, -0.90000000, 0.45000000, 0.00001399
0.56250000, -0.90000000, 0.33750000, 0.00001838
0.67500000, -0.90000000, 0.22500000, 0.00001325
0.78750000, -0.90000000, 0.11250000, 0.00001667
0.90000000, -0.90000000, 0.00000000, 0.00001322
0.90000000, -0.78750000, -0.11250000, -0.00000046
0.90000000, -0.67500000, -0.22500000, -0.00000223
0.90000000, -0.56250000, -0.33750000, -0.00000079
0.90000000, -0.45000000, -0.45000000, -0.00000091
0.90000000, -0.33750000, -0.56250000, 0.00000188
0.90000000, -0.22500000, -0.67500000, 0.00000172
0.90000000, -0.11250000, -0.78750000, 0.00000291
0.95000000, 0.00000000, -0.95000000, 0.00000000
0.83125000, 0.11875000, -0.95000000, 0.00000252
0.71250000, 0.23750000, -0.95000000, 0.00000107
0.59375000, 0.35625000, -0.95000000, 0.00000118
0.47500000, 0.47500000, -0.95000000, -0.00000161
0.35625000, 0.59375000, -0.95000000, -0.00000125
0.23750000, 0.71250000, -0.95000000, -0.00000254
0.11875000, 0.83125000, -0.95000000, -0.00000019
0.00000000, 0.95000000, -0.95000000, 0.00001924
-0.11875000, 0.95000000, -0.83125000, 0.00001892
-0.23750000, 0.95000000, -0.71250000, 0.00000868
-0.35625000, 0.95000000, -0.59375000, 0.00000031
-0.47500000, 0.95000000, -0.47500000, -0.00001220
-0.59375000, 0.95000000, -0.35625000, 0.00000373
-0.71250000, 0.95000000, -0.23750000, 0.00001204
-0.83125000, 0.95000000, -0.11875000, 0.00002153
-0.95000000, 0.95000000, 0.00000000, 0.00002265
-0.95000000, 0.83125000, 0.11875000, -0.00000311
-0.95000000, 0.71250000, 0.23750000, -0.00000680
-0.95000000, 0.59375000, 0.35625000, -0.00000368
-0.95000000, 0.47500000, 0.47500000, -0.00000334
-0.95000000, 0.35625000, 0.59375000, 0.00000308
-0.95000000, 0.23750000, 0.71250000, 0.00000292
-0.95000000, 0.11875000, 0.83125000, 0.00000461
-0.95000000, 0.00000000, 0.95000000, -0.00000000
-0.83125000, -0.11875000, 0.95000000, -0.00000461
-0.71250000, -0.23750000, 0.95000000, -0.00000292
-0.59375000, -0.35625000, 0.95000000, -0.00000308
-0.47500000, -0.47500000, 0.95000000, 0.00000334
-0.35625000, -0.59375000, 0.95000000, 0.00000368
-0.23750000, -0.71250000, 0.95000000, 0.00000680
-0.11875000, -0.83125000, 0.95000000, 0.00000311
0.00000000, -0.95000000, 0.95000000, -0.00002265
0.11875000, -0.95000000, 0.83125000, -0.00002153
0.23750000, -0.95000000, 0.71250000, -0.00001204
0.35625000, -0.95000000, 0.59375000, -0.00000373
0.47500000, -0.95000000, 0.47500000, 0.00001220
0.59375000, -0.95000000, 0.35625000, -0.00000031
0.71250000, -0.95000000, 0.23750000, -0.00000868
0.83125000, -0.95000000, 0.11875000, -0.00001892
0.95000000, -0.95000000, 0.00000000, -0.00001924
0.95000000, -0.83125000, -0.11875000, 0.00000019
0.95000000, -0.71250000, -0.23750000, 0.00000254
0.95000000, -0.59375000, -0.35625000, 0.00000125
0.95000000, -0.47500000, -0.47500000, 0.00000161
0.95000000, -0.35625000, -0.59375000, -0.00000118
0.95000000, -0.23750000, -0.71250000, -0.00000107
0.95000000, -0.11875000, -0.83125000, -0.00000252
1.00000000, 0.00000000, -1.00000000, 0.00000000
0.87500000, 0.12500000, -1.00000000, 0.00000000
0.75000000, 0.25000000, -1.00000000, 0.00000000
0.62500000, 0.37500000, -1.00000000, 0.00000000
0.50000000, 0.50000000, -1.00000000, 0.00000000
0.37500000, 0.62500000, -1.00000000, 0.00000000
0.25000000, 0.75000000, -1.00000000, 0.00000000
0.12500000, 0.87500000, -1.00000000, 0.00000000
0.00000000, 1.00000000, -1.00000000, 0.00000000
-0.12500000, 1.00000000, -0.87500000, 0.00000000
-0.25000000, 1.00000000, -0.75000000, 0.00000000
-0.37500000, 1.00000000, -0.62500000, 0.00000000
-0.50000000, 1.00000000, -0.50000000, 0.00000000
-0.62500000, 1.00000000, -0.37500000, 0.00000000
-0.75000000, 1.00000000, -0.25000000, 0.00000000
-0.87500000, 1.00000000, -0.12500000, 0.00000000
-1.00000000, 1.00000000, 0.00000000, 0.00000000
-1.00000000, 0.87500000, 0.12500000, 0.00000000
-1.00000000, 0.75000000, 0.25000000, 0.00000000
-1.00000000, 0.62500000, 0.37500000, 0.00000000
-1.00000000, 0.50000000, 0.50000000, 0.00000000
-1.00000000, 0.37500000, 0.62500000, 0.00000000
-1.00000000, 0.25000000, 0.75000000, 0.00000000
-1.00000000, 0.12500000, 0.87500000, 0.00000000
-1.00000000, 0.00000000, 1.00000000, 0.00000000
-0.87500000, -0.12500000, 1.00000000, 0.00000000
-0.75000000, -0.25000000, 1.00000000, 0.00000000
-0.62500000, -0.37500000, 1.00000000, 0.00000000
-0.50000000, -0.50000000, 1.00000000, 0.00000000
-0.37500000, -0.62500000, 1.00000000, 0.00000000
-0.25000000, -0.75000000, 1.00000000, 0.00000000
-0.12500000, -0.87500000, 1.00000000, 0.00000000
0.00000000, -1.00000000, 1.00000000, 0.00000000
0.12500000, -1.00000000, 0.87500000, 0.00000000
0.25000000, -1.00000000, 0.75000000, 0.00000000
0.37500000, -1.00000000, 0.62500000, 0.00000000
0.50000000, -1.00000000, 0.50000000, 0.00000000
0.62500000, -1.00000000, 0.37500000, 0.00000000
0.75000000, -1.00000000, 0.25000000, 0.00000000
0.87500000, -1.00000000, 0.12500000, 0.00000000
1.00000000, -1.00000000, 0.00000000, 0.00000000
1.00000000, -0.87500000, -0.12500000, 0.00000000
1.00000000, -0.75000000, -0.25000000, 0.00000000
1.00000000, -0.62500000, -0.37500000, 0.00000000
1.00000000, -0.50000000, -0.50000000, 0.00000000
1.00000000, -0.37500000, -0.62500000, 0.00000000
1.00000000, -0.25000000, -0.75000000, 0.00000000
1.00000000, -0.12500000, -0.87500000, 0.00000000
