0.01000000, 0.00000000, -0.01000000, -0.04710232
0.00000000, 0.01000000, -0.01000000, -0.10280763
-0.00125000, 0.01000000, -0.00875000, -0.11071379
-0.00250000, 0.01000000, -0.00750000, -0.08096608
-0.00375000, 0.01000000, -0.00625000, -0.03458771
-0.00500000, 0.01000000, -0.00500000, 0.01661041
-0.00625000, 0.01000000, -0.00375000, 0.06949128
-0.00750000, 0.01000000, -0.00250000, 0.11211815
-0.00875000, 0.01000000, -0.00125000, 0.14098746
-0.01000000, 0.01000000, 0.00000000, 0.12477420
-0.01000000, 0.00875000, 0.00125000, 0.08862905
-0.01000000, 0.00750000, 0.00250000, 0.07479014
-0.01000000, 0.00625000, 0.00375000, 0.06648030
-0.01000000, 0.00500000, 0.00500000, 0.05995675
-0.01000000, 0.00375000, 0.00625000, 0.05567735
-0.01000000, 0.00250000, 0.00750000, 0.05107603
-0.01000000, 0.00125000, 0.00875000, 0.04845815
-0.01000000, 0.00000000, 0.01000000, 0.04710232
0.00000000, -0.01000000, 0.01000000, 0.10280763
0.00125000, -0.01000000, 0.00875000, 0.11071379
0.00250000, -0.01000000, 0.00750000, 0.08096608
0.00375000, -0.01000000, 0.00625000, 0.03458771
0.00500000, -0.01000000, 0.00500000, -0.01661041
0.00625000, -0.01000000, 0.00375000, -0.06949128
0.00750000, -0.01000000, 0.00250000, -0.11211815
0.00875000, -0.01000000, 0.00125000, -0.14098746
0.01000000, -0.01000000, 0.00000000, -0.12477420
0.01000000, -0.00875000, -0.00125000, -0.08862905
0.01000000, -0.00750000, -0.00250000, -0.07479014
0.01000000, -0.00625000, -0.00375000, -0.06648030
0.01000000, -0.00500000, -0.00500000, -0.05995675
0.01000000, -0.00375000, -0.00625000, -0.05567735
0.01000000, -0.00250000, -0.00750000, -0.05107603
0.01000000, -0.00125000, -0.00875000, -0.04845815
0.02000000, 0.00000000, -0.02000000, -0.02556855
0.01750000, 0.00250000, -0.02000000, -0.02606663
0.01500000, 0.00500000, -0.02000000, -0.02690191
0.01250000, 0.00750000, -0.02000000, -0.02794654
0.01000000, 0.01000000, -0.02000000, -0.02843562
0.00750000, 0.01250000, -0.02000000, -0.02930564
0.00500000, 0.01500000, -0.02000000, -0.03035204
0.00250000, 0.01750000, -0.02000000, -0.03280217
0.00000000, 0.02000000, -0.02000000, -0.04436493
-0.00250000, 0.02000000, -0.01750000, -0.04649536
-0.00500000, 0.02000000, -0.01500000, -0.03142474
-0.00750000, 0.02000000, -0.01250000, -0.00869809
-0.01000000, 0.02000000, -0.01000000, 0.01593440
-0.01250000, 0.02000000, -0.00750000, 0.04099275
-0.01500000, 0.02000000, -0.00500000, 0.06237229
-0.01750000, 0.02000000, -0.00250000, 0.07581507
-0.02000000, 0.02000000, 0.00000000, 0.06872872
-0.02000000, 0.01750000, 0.00250000, 0.05042899
-0.02000000, 0.01500000, 0.00500000, 0.04292294
-0.02000000, 0.01250000, 0.00750000, 0.03818099
-0.02000000, 0.01000000, 0.01000000, 0.03416931
-0.02000000, 0.00750000, 0.01250000, 0.03122920
-0.02000000, 0.00500000, 0.01500000, 0.02871554
-0.02000000, 0.00250000, 0.01750000, 0.02667935
-0.02000000, 0.00000000, 0.02000000, 0.02556855
-0.01750000, -0.00250000, 0.02000000, 0.02606663
-0.01500000, -0.00500000, 0.02000000, 0.02690191
-0.01250000, -0.00750000, 0.02000000, 0.02794654
-0.01000000, -0.01000000, 0.02000000, 0.02843562
-0.00750000, -0.01250000, 0.02000000, 0.02930564
-0.00500000, -0.01500000, 0.02000000, 0.03035204
-0.00250000, -0.01750000, 0.02000000, 0.03280217
0.00000000, -0.02000000, 0.02000000, 0.04436493
0.00250000, -0.02000000, 0.01750000, 0.04649536
0.00500000, -0.02000000, 0.01500000, 0.03142474
0.00750000, -0.02000000, 0.01250000, 0.00869809
0.01000000, -0.02000000, 0.01000000, -0.01593440
0.01250000, -0.02000000, 0.00750000, -0.04099275
0.01500000, -0.02000000, 0.00500000, -0.06237229
0.01750000, -0.02000000, 0.00250000, -0.07581507
0.02000000, -0.02000000, 0.00000000, -0.06872872
0.02000000, -0.01750000, -0.00250000, -0.05042899
0.02000000, -0.01500000, -0.00500000, -0.04292294
0.02000000, -0.01250000, -0.00750000, -0.03818099
0.02000000, -0.01000000, -0.01000000, -0.03416931
0.02000000, -0.00750000, -0.01250000, -0.03122920
0.02000000, -0.00500000, -0.01500000, -0.02871554
0.02000000, -0.00250000, -0.01750000, -0.02667935
0.03000000, 0.00000000, -0.03000000, -0.01733916
0.02625000, 0.00375000, -0.03000000, -0.01747363
0.02250000, 0.00750000, -0.03000000, -0.01771955
0.01875000, 0.01125000, -0.03000000, -0.01797746
0.01500000, 0.01500000, -0.03000000, -0.01790669
0.01125000, 0.01875000, -0.03000000, -0.01774635
0.00750000, 0.02250000, -0.03000000, -0.01769403
0.00375000, 0.02625000, -0.03000000, -0.01850476
0.00000000, 0.03000000, -0.03000000, -0.02532016
-0.00375000, 0.03000000, -0.02625000, -0.02597878
-0.00750000, 0.03000000, -0.02250000, -0.01545968
-0.01125000, 0.03000000, -0.01875000, 0.00000027
-0.01500000, 0.03000000, -0.01500000, 0.01704644
-0.01875000, 0.03000000, -0.01125000, 0.03380870
-0.02250000, 0.03000000, -0.00750000, 0.04820568
-0.02625000, 0.03000000, -0.00375000, 0.05721918
-0.03000000, 0.03000000, 0.00000000, 0.05238939
-0.03000000, 0.02625000, 0.00375000, 0.03885835
-0.03000000, 0.02250000, 0.00750000, 0.03285751
-0.03000000, 0.01875000, 0.01125000, 0.02879142
-0.03000000, 0.01500000, 0.01500000, 0.02552356
-0.03000000, 0.01125000, 0.01875000, 0.02283470
-0.03000000, 0.00750000, 0.02250000, 0.02048045
-0.03000000, 0.00375000, 0.02625000, 0.01855630
-0.03000000, 0.00000000, 0.03000000, 0.01733916
-0.02625000, -0.00375000, 0.03000000, 0.01747363
-0.02250000, -0.00750000, 0.03000000, 0.01771955
-0.01875000, -0.01125000, 0.03000000, 0.01797746
-0.01500000, -0.01500000, 0.03000000, 0.01790669
-0.01125000, -0.01875000, 0.03000000, 0.01774635
-0.00750000, -0.02250000, 0.03000000, 0.01769403
-0.00375000, -0.02625000, 0.03000000, 0.01850476
0.00000000, -0.03000000, 0.03000000, 0.02532016
0.00375000, -0.03000000, 0.02625000, 0.02597878
0.00750000, -0.03000000, 0.02250000, 0.01545968
0.01125000, -0.03000000, 0.01875000, -0.00000027
0.01500000, -0.03000000, 0.01500000, -0.01704644
0.01875000, -0.03000000, 0.01125000, -0.03380870
0.02250000, -0.03000000, 0.00750000, -0.04820568
0.02625000, -0.03000000, 0.00375000, -0.05721918
0.03000000, -0.03000000, 0.00000000, -0.05238939
0.03000000, -0.02625000, -0.00375000, -0.03885835
0.03000000, -0.02250000, -0.00750000, -0.03285751
0.03000000, -0.01875000, -0.01125000, -0.02879142
0.03000000, -0.01500000, -0.01500000, -0.02552356
0.03000000, -0.01125000, -0.01875000, -0.02283470
0.03000000, -0.00750000, -0.02250000, -0.02048045
0.03000000, -0.00375000, -0.02625000, -0.01855630
0.04000000, 0.00000000, -0.04000000, -0.01239381
0.03500000, 0.00500000, -0.04000000, -0.01233493
0.03000000, 0.01000000, -0.04000000, -0.01233731
0.02500000, 0.01500000, -0.04000000, -0.01214453
0.02000000, 0.02000000, -0.04000000, -0.01168681
0.01500000, 0.02500000, -0.04000000, -0.01111858
0.01000000, 0.03000000, -0.04000000, -0.01056202
0.00500000, 0.03500000, -0.04000000, -0.01064642
0.00000000, 0.04000000, -0.04000000, -0.01535411
-0.00500000, 0.04000000, -0.03500000, -0.01558651
-0.01000000, 0.04000000, -0.03000000, -0.00708836
-0.01500000, 0.04000000, -0.02500000, 0.00495643
-0.02000000, 0.04000000, -0.02000000, 0.01831113
-0.02500000, 0.04000000, -0.01500000, 0.03141730
-0.03000000, 0.04000000, -0.01000000, 0.04258672
-0.03500000, 0.04000000, -0.00500000, 0.04946829
-0.04000000, 0.04000000, 0.00000000, 0.04529279
-0.04000000, 0.03500000, 0.00500000, 0.03351386
-0.04000000, 0.03000000, 0.01000000, 0.02795297
-0.04000000, 0.02500000, 0.01500000, 0.02399475
-0.04000000, 0.02000000, 0.02000000, 0.02081597
-0.04000000, 0.01500000, 0.02500000, 0.01816642
-0.04000000, 0.01000000, 0.03000000, 0.01583600
-0.04000000, 0.00500000, 0.03500000, 0.01380179
-0.04000000, 0.00000000, 0.04000000, 0.01239381
-0.03500000, -0.00500000, 0.04000000, 0.01233493
-0.03000000, -0.01000000, 0.04000000, 0.01233731
-0.02500000, -0.01500000, 0.04000000, 0.01214453
-0.02000000, -0.02000000, 0.04000000, 0.01168681
-0.01500000, -0.02500000, 0.04000000, 0.01111858
-0.01000000, -0.03000000, 0.04000000, 0.01056202
-0.00500000, -0.03500000, 0.04000000, 0.01064642
0.00000000, -0.04000000, 0.04000000, 0.01535411
0.00500000, -0.04000000, 0.03500000, 0.01558651
0.01000000, -0.04000000, 0.03000000, 0.00708836
0.01500000, -0.04000000, 0.02500000, -0.00495643
0.02000000, -0.04000000, 0.02000000, -0.01831113
0.02500000, -0.04000000, 0.01500000, -0.03141730
0.03000000, -0.04000000, 0.01000000, -0.04258672
0.03500000, -0.04000000, 0.00500000, -0.04946829
0.04000000, -0.04000000, 0.00000000, -0.04529279
0.04000000, -0.03500000, -0.00500000, -0.03351386
0.04000000, -0.03000000, -0.01000000, -0.02795297
0.04000000, -0.02500000, -0.01500000, -0.02399475
0.04000000, -0.02000000, -0.02000000, -0.02081597
0.04000000, -0.01500000, -0.02500000, -0.01816642
0.04000000, -0.01000000, -0.03000000, -0.01583600
0.04000000, -0.00500000, -0.03500000, -0.01380179
0.05000000, 0.00000000, -0.05000000, -0.00877018
0.04375000, 0.00625000, -0.05000000, -0.00859291
0.03750000, 0.01250000, -0.05000000, -0.00838658
0.03125000, 0.01875000, -0.05000000, -0.00793668
0.02500000, 0.02500000, -0.05000000, -0.00721453
0.01875000, 0.03125000, -0.05000000, -0.00633605
0.01250000, 0.03750000, -0.05000000, -0.00545513
0.00625000, 0.04375000, -0.05000000, -0.00511536
0.00000000, 0.05000000, -0.05000000, -0.00874229
-0.00625000, 0.05000000, -0.04375000, -0.00892411
-0.01250000, 0.05000000, -0.03750000, -0.00168618
-0.01875000, 0.05000000, -0.03125000, 0.00852803
-0.02500000, 0.05000000, -0.02500000, 0.01982746
-0.03125000, 0.05000000, -0.01875000, 0.03083380
-0.03750000, 0.05000000, -0.01250000, 0.04016759
-0.04375000, 0.05000000, -0.00625000, 0.04575962
-0.05000000, 0.05000000, 0.00000000, 0.04170636
-0.05000000, 0.04375000, 0.00625000, 0.03055807
-0.05000000, 0.03750000, 0.01250000, 0.02500516
-0.05000000, 0.03125000, 0.01875000, 0.02099085
-0.05000000, 0.02500000, 0.02500000, 0.01772185
-0.05000000, 0.01875000, 0.03125000, 0.01495430
-0.05000000, 0.01250000, 0.03750000, 0.01253695
-0.05000000, 0.00625000, 0.04375000, 0.01035772
-0.05000000, 0.00000000, 0.05000000, 0.00877018
-0.04375000, -0.00625000, 0.05000000, 0.00859291
-0.03750000, -0.01250000, 0.05000000, 0.00838658
-0.03125000, -0.01875000, 0.05000000, 0.00793668
-0.02500000, -0.02500000, 0.05000000, 0.00721453
-0.01875000, -0.03125000, 0.05000000, 0.00633605
-0.01250000, -0.03750000, 0.05000000, 0.00545513
-0.00625000, -0.04375000, 0.05000000, 0.00511536
0.00000000, -0.05000000, 0.05000000, 0.00874229
0.00625000, -0.05000000, 0.04375000, 0.00892411
0.01250000, -0.05000000, 0.03750000, 0.00168618
0.01875000, -0.05000000, 0.03125000, -0.00852803
0.02500000, -0.05000000, 0.02500000, -0.01982746
0.03125000, -0.05000000, 0.01875000, -0.03083380
0.03750000, -0.05000000, 0.01250000, -0.04016759
0.04375000, -0.05000000, 0.00625000, -0.04575962
0.05000000, -0.05000000, 0.00000000, -0.04170636
0.05000000, -0.04375000, -0.00625000, -0.03055807
0.05000000, -0.03750000, -0.01250000, -0.02500516
0.05000000, -0.03125000, -0.01875000, -0.02099085
0.05000000, -0.02500000, -0.02500000, -0.01772185
0.05000000, -0.01875000, -0.03125000, -0.01495430
0.05000000, -0.01250000, -0.03750000, -0.01253695
0.05000000, -0.00625000, -0.04375000, -0.01035772
0.06000000, 0.00000000, -0.06000000, -0.00576516
0.05250000, 0.00750000, -0.06000000, -0.00549122
0.04500000, 0.01500000, -0.06000000, -0.00512349
0.03750000, 0.02250000, -0.06000000, -0.00447890
0.03000000, 0.03000000, -0.06000000, -0.00354678
0.02250000, 0.03750000, -0.06000000, -0.00246041
0.01500000, 0.04500000, -0.06000000, -0.00133909
0.00750000, 0.05250000, -0.06000000, -0.00069008
0.00000000, 0.06000000, -0.06000000, -0.00361587
-0.00750000, 0.06000000, -0.05250000, -0.00400835
-0.01500000, 0.06000000, -0.04500000, 0.00237335
-0.02250000, 0.06000000, -0.03750000, 0.01143089
-0.03000000, 0.06000000, -0.03000000, 0.02144573
-0.03750000, 0.06000000, -0.02250000, 0.03122035
-0.04500000, 0.06000000, -0.01500000, 0.03940160
-0.05250000, 0.06000000, -0.00750000, 0.04412736
-0.06000000, 0.06000000, 0.00000000, 0.03984298
-0.06000000, 0.05250000, 0.00750000, 0.02874264
-0.06000000, 0.04500000, 0.01500000, 0.02302480
-0.06000000, 0.03750000, 0.02250000, 0.01882523
-0.06000000, 0.03000000, 0.03000000, 0.01539807
-0.06000000, 0.02250000, 0.03750000, 0.01250959
-0.06000000, 0.01500000, 0.04500000, 0.00993037
-0.06000000, 0.00750000, 0.05250000, 0.00761167
-0.06000000, 0.00000000, 0.06000000, 0.00576516
-0.05250000, -0.00750000, 0.06000000, 0.00549122
-0.04500000, -0.01500000, 0.06000000, 0.00512349
-0.03750000, -0.02250000, 0.06000000, 0.00447890
-0.03000000, -0.03000000, 0.06000000, 0.00354678
-0.02250000, -0.03750000, 0.06000000, 0.00246041
-0.01500000, -0.04500000, 0.06000000, 0.00133909
-0.00750000, -0.05250000, 0.06000000, 0.00069008
0.00000000, -0.06000000, 0.06000000, 0.00361587
0.00750000, -0.06000000, 0.05250000, 0.00400835
0.01500000, -0.06000000, 0.04500000, -0.00237335
0.02250000, -0.06000000, 0.03750000, -0.01143089
0.03000000, -0.06000000, 0.03000000, -0.02144573
0.03750000, -0.06000000, 0.02250000, -0.03122035
0.04500000, -0.06000000, 0.01500000, -0.03940160
0.05250000, -0.06000000, 0.00750000, -0.04412736
0.06000000, -0.06000000, 0.00000000, -0.03984298
0.06000000, -0.05250000, -0.00750000, -0.02874264
0.06000000, -0.04500000, -0.01500000, -0.02302480
0.06000000, -0.03750000, -0.02250000, -0.01882523
0.06000000, -0.03000000, -0.03000000, -0.01539807
0.06000000, -0.02250000, -0.03750000, -0.01250959
0.06000000, -0.01500000, -0.04500000, -0.00993037
0.06000000, -0.00750000, -0.05250000, -0.00761167
0.07000000, 0.00000000, -0.07000000, -0.00309607
0.06125000, 0.00875000, -0.07000000, -0.00274081
0.05250000, 0.01750000, -0.07000000, -0.00224480
0.04375000, 0.02625000, -0.07000000, -0.00141994
0.03500000, 0.03500000, -0.07000000, -0.00028477
0.02625000, 0.04375000, -0.07000000, 0.00102813
0.01750000, 0.05250000, -0.07000000, 0.00239545
0.00875000, 0.06125000, -0.07000000, 0.00331383
0.00000000, 0.07000000, -0.07000000, 0.00083998
-0.00875000, 0.07000000, -0.06125000, 0.00007513
-0.01750000, 0.07000000, -0.05250000, 0.00583817
-0.02625000, 0.07000000, -0.04375000, 0.01409084
-0.03500000, 0.07000000, -0.03500000, 0.02324146
-0.04375000, 0.07000000, -0.02625000, 0.03213523
-0.05250000, 0.07000000, -0.01750000, 0.03950107
-0.06125000, 0.07000000, -0.00875000, 0.04355148
-0.07000000, 0.07000000, 0.00000000, 0.03889757
-0.07000000, 0.06125000, 0.00875000, 0.02755439
-0.07000000, 0.05250000, 0.01750000, 0.02157728
-0.07000000, 0.04375000, 0.02625000, 0.01714998
-0.07000000, 0.03500000, 0.03500000, 0.01352170
-0.07000000, 0.02625000, 0.04375000, 0.01044373
-0.07000000, 0.01750000, 0.05250000, 0.00769176
-0.07000000, 0.00875000, 0.06125000, 0.00520661
-0.07000000, 0.00000000, 0.07000000, 0.00309607
-0.06125000, -0.00875000, 0.07000000, 0.00274081
-0.05250000, -0.01750000, 0.07000000, 0.00224480
-0.04375000, -0.02625000, 0.07000000, 0.00141994
-0.03500000, -0.03500000, 0.07000000, 0.00028477
-0.02625000, -0.04375000, 0.07000000, -0.00102813
-0.01750000, -0.05250000, 0.07000000, -0.00239545
-0.00875000, -0.06125000, 0.07000000, -0.00331383
0.00000000, -0.07000000, 0.07000000, -0.00083998
0.00875000, -0.07000000, 0.06125000, -0.00007513
0.01750000, -0.07000000, 0.05250000, -0.00583817
0.02625000, -0.07000000, 0.04375000, -0.01409084
0.03500000, -0.07000000, 0.03500000, -0.02324146
0.04375000, -0.07000000, 0.02625000, -0.03213523
0.05250000, -0.07000000, 0.01750000, -0.03950107
0.06125000, -0.07000000, 0.00875000, -0.04355148
0.07000000, -0.07000000, 0.00000000, -0.03889757
0.07000000, -0.06125000, -0.00875000, -0.02755439
0.07000000, -0.05250000, -0.01750000, -0.02157728
0.07000000, -0.04375000, -0.02625000, -0.01714998
0.07000000, -0.03500000, -0.03500000, -0.01352170
0.07000000, -0.02625000, -0.04375000, -0.01044373
0.07000000, -0.01750000, -0.05250000, -0.00769176
0.07000000, -0.00875000, -0.06125000, -0.00520661
0.08000000, 0.00000000, -0.08000000, -0.00057898
0.07000000, 0.01000000, -0.08000000, -0.00016634
0.06000000, 0.02000000, -0.08000000, 0.00045167
0.05000000, 0.03000000, -0.08000000, 0.00145039
0.04000000, 0.04000000, -0.08000000, 0.00278789
0.03000000, 0.05000000, -0.08000000, 0.00434375
0.02000000, 0.06000000, -0.08000000, 0.00596751
0.01000000, 0.07000000, -0.08000000, 0.00715338
0.00000000, 0.08000000, -0.08000000, 0.00501274
-0.01000000, 0.08000000, -0.07000000, 0.00378324
-0.02000000, 0.08000000, -0.06000000, 0.00901711
-0.03000000, 0.08000000, -0.05000000, 0.01666148
-0.04000000, 0.08000000, -0.04000000, 0.02518717
-0.05000000, 0.08000000, -0.03000000, 0.03342016
-0.06000000, 0.08000000, -0.02000000, 0.04016931
-0.07000000, 0.08000000, -0.01000000, 0.04365136
-0.08000000, 0.08000000, 0.00000000, 0.03852256
-0.08000000, 0.07000000, 0.01000000, 0.02675815
-0.08000000, 0.06000000, 0.02000000, 0.02044798
-0.08000000, 0.05000000, 0.03000000, 0.01575981
-0.08000000, 0.04000000, 0.04000000, 0.01190127
-0.08000000, 0.03000000, 0.05000000, 0.00860087
-0.08000000, 0.02000000, 0.06000000, 0.00565725
-0.08000000, 0.01000000, 0.07000000, 0.00296460
-0.08000000, 0.00000000, 0.08000000, 0.00057898
-0.07000000, -0.01000000, 0.08000000, 0.00016634
-0.06000000, -0.02000000, 0.08000000, -0.00045167
-0.05000000, -0.03000000, 0.08000000, -0.00145039
-0.04000000, -0.04000000, 0.08000000, -0.00278789
-0.03000000, -0.05000000, 0.08000000, -0.00434375
-0.02000000, -0.06000000, 0.08000000, -0.00596751
-0.01000000, -0.07000000, 0.08000000, -0.00715338
0.00000000, -0.08000000, 0.08000000, -0.00501274
0.01000000, -0.08000000, 0.07000000, -0.00378324
0.02000000, -0.08000000, 0.06000000, -0.00901711
0.03000000, -0.08000000, 0.05000000, -0.01666148
0.04000000, -0.08000000, 0.04000000, -0.02518717
0.05000000, -0.08000000, 0.03000000, -0.03342016
0.06000000, -0.08000000, 0.02000000, -0.04016931
0.07000000, -0.08000000, 0.01000000, -0.04365136
0.08000000, -0.08000000, 0.00000000, -0.03852256
0.08000000, -0.07000000, -0.01000000, -0.02675815
0.08000000, -0.06000000, -0.02000000, -0.02044798
0.08000000, -0.05000000, -0.03000000, -0.01575981
0.08000000, -0.04000000, -0.04000000, -0.01190127
0.08000000, -0.03000000, -0.05000000, -0.00860087
0.08000000, -0.02000000, -0.06000000, -0.00565725
0.08000000, -0.01000000, -0.07000000, -0.00296460
0.09000000, 0.00000000, -0.09000000, 0.00190876
0.07875000, 0.01125000, -0.09000000, 0.00235995
0.06750000, 0.02250000, -0.09000000, 0.00309721
0.05625000, 0.03375000, -0.09000000, 0.00426286
0.04500000, 0.04500000, -0.09000000, 0.00580307
0.03375000, 0.05625000, -0.09000000, 0.00759833
0.02250000, 0.06750000, -0.09000000, 0.00948528
0.01125000, 0.07875000, -0.09000000, 0.01095478
0.00000000, 0.09000000, -0.09000000, 0.00912270
-0.01125000, 0.09000000, -0.07875000, 0.00734856
-0.02250000, 0.09000000, -0.06750000, 0.01207770
-0.03375000, 0.09000000, -0.05625000, 0.01922330
-0.04500000, 0.09000000, -0.04500000, 0.02725940
-0.05625000, 0.09000000, -0.03375000, 0.03500519
-0.06750000, 0.09000000, -0.02250000, 0.04126571
-0.07875000, 0.09000000, -0.01125000, 0.04424821
-0.09000000, 0.09000000, 0.00000000, 0.03853346
-0.09000000, 0.07875000, 0.01125000, 0.02621817
-0.09000000, 0.06750000, 0.02250000, 0.01951872
-0.09000000, 0.05625000, 0.03375000, 0.01453384
-0.09000000, 0.04500000, 0.04500000, 0.01042437
-0.09000000, 0.03375000, 0.05625000, 0.00689870
-0.09000000, 0.02250000, 0.06750000, 0.00373156
-0.09000000, 0.01125000, 0.07875000, 0.00079136
-0.09000000, 0.00000000, 0.09000000, -0.00190876
-0.07875000, -0.01125000, 0.09000000, -0.00235995
-0.06750000, -0.02250000, 0.09000000, -0.00309721
-0.05625000, -0.03375000, 0.09000000, -0.00426286
-0.04500000, -0.04500000, 0.09000000, -0.00580307
-0.03375000, -0.05625000, 0.09000000, -0.00759833
-0.02250000, -0.06750000, 0.09000000, -0.00948528
-0.01125000, -0.07875000, 0.09000000, -0.01095478
0.00000000, -0.09000000, 0.09000000, -0.00912270
0.01125000, -0.09000000, 0.07875000, -0.00734856
0.02250000, -0.09000000, 0.06750000, -0.01207770
0.03375000, -0.09000000, 0.05625000, -0.01922330
0.04500000, -0.09000000, 0.04500000, -0.02725940
0.05625000, -0.09000000, 0.03375000, -0.03500519
0.06750000, -0.09000000, 0.02250000, -0.04126571
0.07875000, -0.09000000, 0.01125000, -0.04424821
0.09000000, -0.09000000, 0.00000000, -0.03853346
0.09000000, -0.07875000, -0.01125000, -0.02621817
0.09000000, -0.06750000, -0.02250000, -0.01951872
0.09000000, -0.05625000, -0.03375000, -0.01453384
0.09000000, -0.04500000, -0.04500000, -0.01042437
0.09000000, -0.03375000, -0.05625000, -0.00689870
0.09000000, -0.02250000, -0.06750000, -0.00373156
0.09000000, -0.01125000, -0.07875000, -0.00079136
0.10000000, 0.00000000, -0.10000000, 0.00442976
0.08750000, 0.01250000, -0.10000000, 0.00491220
0.07500000, 0.02500000, -0.10000000, 0.00576525
0.06250000, 0.03750000, -0.10000000, 0.00709636
0.05000000, 0.05000000, -0.10000000, 0.00884730
0.03750000, 0.06250000, -0.10000000, 0.01088731
0.02500000, 0.07500000, -0.10000000, 0.01305522
0.01250000, 0.08750000, -0.10000000, 0.01483300
0.00000000, 0.10000000, -0.10000000, 0.01331304
-0.01250000, 0.10000000, -0.08750000, 0.01091069
-0.02500000, 0.10000000, -0.07500000, 0.01514096
-0.03750000, 0.10000000, -0.06250000, 0.02184627
-0.05000000, 0.10000000, -0.05000000, 0.02946918
-0.06250000, 0.10000000, -0.03750000, 0.03683125
-0.07500000, 0.10000000, -0.02500000, 0.04267692
-0.08750000, 0.10000000, -0.01250000, 0.04519444
-0.10000000, 0.10000000, 0.00000000, 0.03880356
-0.10000000, 0.08750000, 0.01250000, 0.02584322
-0.10000000, 0.07500000, 0.02500000, 0.01871550
-0.10000000, 0.06250000, 0.03750000, 0.01340586
-0.10000000, 0.05000000, 0.05000000, 0.00902863
-0.10000000, 0.03750000, 0.06250000, 0.00526988
-0.10000000, 0.02500000, 0.07500000, 0.00184991
-0.10000000, 0.01250000, 0.08750000, -0.00137138
-0.10000000, 0.00000000, 0.10000000, -0.00442976
-0.08750000, -0.01250000, 0.10000000, -0.00491220
-0.07500000, -0.02500000, 0.10000000, -0.00576525
-0.06250000, -0.03750000, 0.10000000, -0.00709636
-0.05000000, -0.05000000, 0.10000000, -0.00884730
-0.03750000, -0.06250000, 0.10000000, -0.01088731
-0.02500000, -0.07500000, 0.10000000, -0.01305522
-0.01250000, -0.08750000, 0.10000000, -0.01483300
0.00000000, -0.10000000, 0.10000000, -0.01331304
0.01250000, -0.10000000, 0.08750000, -0.01091069
0.02500000, -0.10000000, 0.07500000, -0.01514096
0.03750000, -0.10000000, 0.06250000, -0.02184627
0.05000000, -0.10000000, 0.05000000, -0.02946918
0.06250000, -0.10000000, 0.03750000, -0.03683125
0.07500000, -0.10000000, 0.02500000, -0.04267692
0.08750000, -0.10000000, 0.01250000, -0.04519444
0.10000000, -0.10000000, 0.00000000, -0.03880356
0.10000000, -0.08750000, -0.01250000, -0.02584322
0.10000000, -0.07500000, -0.02500000, -0.01871550
0.10000000, -0.06250000, -0.03750000, -0.01340586
0.10000000, -0.05000000, -0.05000000, -0.00902863
0.10000000, -0.03750000, -0.06250000, -0.00526988
0.10000000, -0.02500000, -0.07500000, -0.00184991
0.10000000, -0.01250000, -0.08750000, 0.00137138
0.15000000, 0.00000000, -0.15000000, 0.01825174
0.13125000, 0.01875000, -0.15000000, 0.01897388
0.11250000, 0.03750000, -0.15000000, 0.02050022
0.09375000, 0.05625000, -0.15000000, 0.02283415
0.07500000, 0.07500000, -0.15000000, 0.02590790
0.05625000, 0.09375000, -0.15000000, 0.02956485
0.03750000, 0.11250000, -0.15000000, 0.03359011
0.01875000, 0.13125000, -0.15000000, 0.03734251
0.00000000, 0.15000000, -0.15000000, 0.03746306
-0.01875000, 0.15000000, -0.13125000, 0.03097909
-0.03750000, 0.15000000, -0.11250000, 0.03249960
-0.05625000, 0.15000000, -0.09375000, 0.03706614
-0.07500000, 0.15000000, -0.07500000, 0.04285094
-0.09375000, 0.15000000, -0.05625000, 0.04842970
-0.11250000, 0.15000000, -0.03750000, 0.05233266
-0.13125000, 0.15000000, -0.01875000, 0.05237788
-0.15000000, 0.15000000, 0.00000000, 0.04183482
-0.15000000, 0.13125000, 0.01875000, 0.02490776
-0.15000000, 0.11250000, 0.03750000, 0.01534618
-0.15000000, 0.09375000, 0.05625000, 0.00818494
-0.15000000, 0.07500000, 0.07500000, 0.00224565
-0.15000000, 0.05625000, 0.09375000, -0.00299587
-0.15000000, 0.03750000, 0.11250000, -0.00795882
-0.15000000, 0.01875000, 0.13125000, -0.01295351
-0.15000000, 0.00000000, 0.15000000, -0.01825174
-0.13125000, -0.01875000, 0.15000000, -0.01897388
-0.11250000, -0.03750000, 0.15000000, -0.02050022
-0.09375000, -0.05625000, 0.15000000, -0.02283415
-0.07500000, -0.07500000, 0.15000000, -0.02590790
-0.05625000, -0.09375000, 0.15000000, -0.02956485
-0.03750000, -0.11250000, 0.15000000, -0.03359011
-0.01875000, -0.13125000, 0.15000000, -0.03734251
0.00000000, -0.15000000, 0.15000000, -0.03746306
0.01875000, -0.15000000, 0.13125000, -0.03097909
0.03750000, -0.15000000, 0.11250000, -0.03249960
0.05625000, -0.15000000, 0.09375000, -0.03706614
0.07500000, -0.15000000, 0.07500000, -0.04285094
0.09375000, -0.15000000, 0.05625000, -0.04842970
0.11250000, -0.15000000, 0.03750000, -0.05233266
0.13125000, -0.15000000, 0.01875000, -0.05237788
0.15000000, -0.15000000, 0.00000000, -0.04183482
0.15000000, -0.13125000, -0.01875000, -0.02490776
0.15000000, -0.11250000, -0.03750000, -0.01534618
0.15000000, -0.09375000, -0.05625000, -0.00818494
0.15000000, -0.07500000, -0.07500000, -0.00224565
0.15000000, -0.05625000, -0.09375000, 0.00299587
0.15000000, -0.03750000, -0.11250000, 0.00795882
0.15000000, -0.01875000, -0.13125000, 0.01295351
0.20000000, 0.00000000, -0.20000000, 0.03359174
0.17500000, 0.02500000, -0.20000000, 0.03516645
0.15000000, 0.05000000, -0.20000000, 0.03784185
0.12500000, 0.07500000, -0.20000000, 0.04161515
0.10000000, 0.10000000, -0.20000000, 0.04646324
0.07500000, 0.12500000, -0.20000000, 0.05221767
0.05000000, 0.15000000, -0.20000000, 0.05860789
0.02500000, 0.17500000, -0.20000000, 0.06480947
0.00000000, 0.20000000, -0.20000000, 0.06676459
-0.02500000, 0.20000000, -0.17500000, 0.05579956
-0.05000000, 0.20000000, -0.15000000, 0.05414177
-0.07500000, 0.20000000, -0.12500000, 0.05605100
-0.10000000, 0.20000000, -0.10000000, 0.05944075
-0.12500000, 0.20000000, -0.07500000, 0.06269830
-0.15000000, 0.20000000, -0.05000000, 0.06402998
-0.17500000, 0.20000000, -0.02500000, 0.06086764
-0.20000000, 0.20000000, 0.00000000, 0.04522458
-0.20000000, 0.17500000, 0.02500000, 0.02409791
-0.20000000, 0.15000000, 0.05000000, 0.01187645
-0.20000000, 0.12500000, 0.07500000, 0.00261667
-0.20000000, 0.10000000, 0.10000000, -0.00513011
-0.20000000, 0.07500000, 0.12500000, -0.01208523
-0.20000000, 0.05000000, 0.15000000, -0.01886955
-0.20000000, 0.02500000, 0.17500000, -0.02589941
-0.20000000, 0.00000000, 0.20000000, -0.03359174
-0.17500000, -0.02500000, 0.20000000, -0.03516645
-0.15000000, -0.05000000, 0.20000000, -0.03784185
-0.12500000, -0.07500000, 0.20000000, -0.04161515
-0.10000000, -0.10000000, 0.20000000, -0.04646324
-0.07500000, -0.12500000, 0.20000000, -0.05221767
-0.05000000, -0.15000000, 0.20000000, -0.05860789
-0.02500000, -0.17500000, 0.20000000, -0.06480947
0.00000000, -0.20000000, 0.20000000, -0.06676459
0.02500000, -0.20000000, 0.17500000, -0.05579956
0.05000000, -0.20000000, 0.15000000, -0.05414177
0.07500000, -0.20000000, 0.12500000, -0.05605100
0.10000000, -0.20000000, 0.10000000, -0.05944075
0.12500000, -0.20000000, 0.07500000, -0.06269830
0.15000000, -0.20000000, 0.05000000, -0.06402998
0.17500000, -0.20000000, 0.02500000, -0.06086764
0.20000000, -0.20000000, 0.00000000, -0.04522458
0.20000000, -0.17500000, -0.02500000, -0.02409791
0.20000000, -0.15000000, -0.05000000, -0.01187645
0.20000000, -0.12500000, -0.07500000, -0.00261667
0.20000000, -0.10000000, -0.10000000, 0.00513011
0.20000000, -0.07500000, -0.12500000, 0.01208523
0.20000000, -0.05000000, -0.15000000, 0.01886955
0.20000000, -0.02500000, -0.17500000, 0.02589941
0.25000000, 0.00000000, -0.25000000, 0.04634546
0.21875000, 0.03125000, -0.25000000, 0.04999979
0.18750000, 0.06250000, -0.25000000, 0.05471647
0.15625000, 0.09375000, -0.25000000, 0.06061036
0.12500000, 0.12500000, -0.25000000, 0.06774040
0.09375000, 0.15625000, -0.25000000, 0.07594313
0.06250000, 0.18750000, -0.25000000, 0.08484390
0.03125000, 0.21875000, -0.25000000, 0.09331089
0.00000000, 0.25000000, -0.25000000, 0.09637012
-0.03125000, 0.25000000, -0.21875000, 0.08249733
-0.06250000, 0.25000000, -0.18750000, 0.07816131
-0.09375000, 0.25000000, -0.15625000, 0.07717608
-0.12500000, 0.25000000, -0.12500000, 0.07748397
-0.15625000, 0.25000000, -0.09375000, 0.07742703
-0.18750000, 0.25000000, -0.06250000, 0.07515301
-0.21875000, 0.25000000, -0.03125000, 0.06788322
-0.25000000, 0.25000000, 0.00000000, 0.04695908
-0.25000000, 0.21875000, 0.03125000, 0.02264374
-0.25000000, 0.18750000, 0.06250000, 0.00803411
-0.25000000, 0.15625000, 0.09375000, -0.00317302
-0.25000000, 0.12500000, 0.12500000, -0.01259181
-0.25000000, 0.09375000, 0.15625000, -0.02105671
-0.25000000, 0.06250000, 0.18750000, -0.02924257
-0.25000000, 0.03125000, 0.21875000, -0.03757111
-0.25000000, 0.00000000, 0.25000000, -0.04634546
-0.21875000, -0.03125000, 0.25000000, -0.04999979
-0.18750000, -0.06250000, 0.25000000, -0.05471647
-0.15625000, -0.09375000, 0.25000000, -0.06061036
-0.12500000, -0.12500000, 0.25000000, -0.06774040
-0.09375000, -0.15625000, 0.25000000, -0.07594313
-0.06250000, -0.18750000, 0.25000000, -0.08484390
-0.03125000, -0.21875000, 0.25000000, -0.09331089
0.00000000, -0.25000000, 0.25000000, -0.09637012
0.03125000, -0.25000000, 0.21875000, -0.08249733
0.06250000, -0.25000000, 0.18750000, -0.07816131
0.09375000, -0.25000000, 0.15625000, -0.07717608
0.12500000, -0.25000000, 0.12500000, -0.07748397
0.15625000, -0.25000000, 0.09375000, -0.07742703
0.18750000, -0.25000000, 0.06250000, -0.07515301
0.21875000, -0.25000000, 0.03125000, -0.06788322
0.25000000, -0.25000000, 0.00000000, -0.04695908
0.25000000, -0.21875000, -0.03125000, -0.02264374
0.25000000, -0.18750000, -0.06250000, -0.00803411
0.25000000, -0.15625000, -0.09375000, 0.00317302
0.25000000, -0.12500000, -0.12500000, 0.01259181
0.25000000, -0.09375000, -0.15625000, 0.02105671
0.25000000, -0.06250000, -0.18750000, 0.02924257
0.25000000, -0.03125000, -0.21875000, 0.03757111
0.30000000, 0.00000000, -0.30000000, 0.05208164
0.26250000, 0.03750000, -0.30000000, 0.05892676
0.22500000, 0.07500000, -0.30000000, 0.06654707
0.18750000, 0.11250000, -0.30000000, 0.07513554
0.15000000, 0.15000000, -0.30000000, 0.08481526
0.11250000, 0.18750000, -0.30000000, 0.09541158
0.07500000, 0.22500000, -0.30000000, 0.10639328
0.03750000, 0.26250000, -0.30000000, 0.11623011
0.00000000, 0.30000000, -0.30000000, 0.11891413
-0.03750000, 0.30000000, -0.26250000, 0.10565267
-0.07500000, 0.30000000, -0.22500000, 0.10047130
-0.11250000, 0.30000000, -0.18750000, 0.09720682
-0.15000000, 0.30000000, -0.15000000, 0.09420591
-0.18750000, 0.30000000, -0.11250000, 0.09013403
-0.22500000, 0.30000000, -0.07500000, 0.08338502
-0.26250000, 0.30000000, -0.03750000, 0.07143004
-0.30000000, 0.30000000, 0.00000000, 0.04590171
-0.30000000, 0.26250000, 0.03750000, 0.02031525
-0.30000000, 0.22500000, 0.07500000, 0.00422453
-0.30000000, 0.18750000, 0.11250000, -0.00829893
-0.30000000, 0.15000000, 0.15000000, -0.01875820
-0.30000000, 0.11250000, 0.18750000, -0.02793995
-0.30000000, 0.07500000, 0.22500000, -0.03643831
-0.30000000, 0.03750000, 0.26250000, -0.04449329
-0.30000000, 0.00000000, 0.30000000, -0.05208164
-0.26250000, -0.03750000, 0.30000000, -0.05892676
-0.22500000, -0.07500000, 0.30000000, -0.06654707
-0.18750000, -0.11250000, 0.30000000, -0.07513554
-0.15000000, -0.15000000, 0.30000000, -0.08481526
-0.11250000, -0.18750000, 0.30000000, -0.09541158
-0.07500000, -0.22500000, 0.30000000, -0.10639328
-0.03750000, -0.26250000, 0.30000000, -0.11623011
0.00000000, -0.30000000, 0.30000000, -0.11891413
0.03750000, -0.30000000, 0.26250000, -0.10565267
0.07500000, -0.30000000, 0.22500000, -0.10047130
0.11250000, -0.30000000, 0.18750000, -0.09720682
0.15000000, -0.30000000, 0.15000000, -0.09420591
0.18750000, -0.30000000, 0.11250000, -0.09013403
0.22500000, -0.30000000, 0.07500000, -0.08338502
0.26250000, -0.30000000, 0.03750000, -0.07143004
0.30000000, -0.30000000, 0.00000000, -0.04590171
0.30000000, -0.26250000, -0.03750000, -0.02031525
0.30000000, -0.22500000, -0.07500000, -0.00422453
0.30000000, -0.18750000, -0.11250000, 0.00829893
0.30000000, -0.15000000, -0.15000000, 0.01875820
0.30000000, -0.11250000, -0.18750000, 0.02793995
0.30000000, -0.07500000, -0.22500000, 0.03643831
0.30000000, -0.03750000, -0.26250000, 0.04449329
0.35000000, 0.00000000, -0.35000000, 0.04892415
0.30625000, 0.04375000, -0.35000000, 0.05909159
0.26250000, 0.08750000, -0.35000000, 0.06980945
0.21875000, 0.13125000, -0.35000000, 0.08114483
0.17500000, 0.17500000, -0.35000000, 0.09317460
0.13125000, 0.21875000, -0.35000000, 0.10562813
0.08750000, 0.26250000, -0.35000000, 0.11776290
0.04375000, 0.30625000, -0.35000000, 0.12760600
0.00000000, 0.35000000, -0.35000000, 0.12825179
-0.04375000, 0.35000000, -0.30625000, 0.11990186
-0.08750000, 0.35000000, -0.26250000, 0.11664686
-0.13125000, 0.35000000, -0.21875000, 0.11257163
-0.17500000, 0.35000000, -0.17500000, 0.10669053
-0.21875000, 0.35000000, -0.13125000, 0.09840301
-0.26250000, 0.35000000, -0.08750000, 0.08679687
-0.30625000, 0.35000000, -0.04375000, 0.07020482
-0.35000000, 0.35000000, 0.00000000, 0.04164798
-0.35000000, 0.30625000, 0.04375000, 0.01720000
-0.35000000, 0.26250000, 0.08750000, 0.00099062
-0.35000000, 0.21875000, 0.13125000, -0.01180031
-0.35000000, 0.17500000, 0.17500000, -0.02228766
-0.35000000, 0.13125000, 0.21875000, -0.03104652
-0.35000000, 0.08750000, 0.26250000, -0.03847679
-0.35000000, 0.04375000, 0.30625000, -0.04454714
-0.35000000, 0.00000000, 0.35000000, -0.04892415
-0.30625000, -0.04375000, 0.35000000, -0.05909159
-0.26250000, -0.08750000, 0.35000000, -0.06980945
-0.21875000, -0.13125000, 0.35000000, -0.08114483
-0.17500000, -0.17500000, 0.35000000, -0.09317460
-0.13125000, -0.21875000, 0.35000000, -0.10562813
-0.08750000, -0.26250000, 0.35000000, -0.11776290
-0.04375000, -0.30625000, 0.35000000, -0.12760600
0.00000000, -0.35000000, 0.35000000, -0.12825179
0.04375000, -0.35000000, 0.30625000, -0.11990186
0.08750000, -0.35000000, 0.26250000, -0.11664686
0.13125000, -0.35000000, 0.21875000, -0.11257163
0.17500000, -0.35000000, 0.17500000, -0.10669053
0.21875000, -0.35000000, 0.13125000, -0.09840301
0.26250000, -0.35000000, 0.08750000, -0.08679687
0.30625000, -0.35000000, 0.04375000, -0.07020482
0.35000000, -0.35000000, 0.00000000, -0.04164798
0.35000000, -0.30625000, -0.04375000, -0.01720000
0.35000000, -0.26250000, -0.08750000, -0.00099062
0.35000000, -0.21875000, -0.13125000, 0.01180031
0.35000000, -0.17500000, -0.17500000, 0.02228766
0.35000000, -0.13125000, -0.21875000, 0.03104652
0.35000000, -0.08750000, -0.26250000, 0.03847679
0.35000000, -0.04375000, -0.30625000, 0.04454714
0.40000000, 0.00000000, -0.40000000, 0.03872392
0.35000000, 0.05000000, -0.40000000, 0.05091335
0.30000000, 0.10000000, -0.40000000, 0.06382126
0.25000000, 0.15000000, -0.40000000, 0.07713127
0.20000000, 0.20000000, -0.40000000, 0.09068632
0.15000000, 0.25000000, -0.40000000, 0.10400769
0.10000000, 0.30000000, -0.40000000, 0.11607600
0.05000000, 0.35000000, -0.40000000, 0.12452810
0.00000000, 0.40000000, -0.40000000, 0.12199826
-0.05000000, 0.40000000, -0.35000000, 0.12192469
-0.10000000, 0.40000000, -0.30000000, 0.12335441
-0.15000000, 0.40000000, -0.25000000, 0.12037715
-0.20000000, 0.40000000, -0.20000000, 0.11262766
-0.25000000, 0.40000000, -0.15000000, 0.10050366
-0.30000000, 0.40000000, -0.10000000, 0.08435088
-0.35000000, 0.40000000, -0.05000000, 0.06395906
-0.40000000, 0.40000000, 0.00000000, 0.03465214
-0.40000000, 0.35000000, 0.05000000, 0.01358545
-0.40000000, 0.30000000, 0.10000000, -0.00126238
-0.40000000, 0.25000000, 0.15000000, -0.01311418
-0.40000000, 0.20000000, 0.20000000, -0.02253999
-0.40000000, 0.15000000, 0.25000000, -0.02981512
-0.40000000, 0.10000000, 0.30000000, -0.03508838
-0.40000000, 0.05000000, 0.35000000, -0.03817933
-0.40000000, 0.00000000, 0.40000000, -0.03872392
-0.35000000, -0.05000000, 0.40000000, -0.05091335
-0.30000000, -0.10000000, 0.40000000, -0.06382126
-0.25000000, -0.15000000, 0.40000000, -0.07713127
-0.20000000, -0.20000000, 0.40000000, -0.09068632
-0.15000000, -0.25000000, 0.40000000, -0.10400769
-0.10000000, -0.30000000, 0.40000000, -0.11607600
-0.05000000, -0.35000000, 0.40000000, -0.12452810
0.00000000, -0.40000000, 0.40000000, -0.12199826
0.05000000, -0.40000000, 0.35000000, -0.12192469
0.10000000, -0.40000000, 0.30000000, -0.12335441
0.15000000, -0.40000000, 0.25000000, -0.12037715
0.20000000, -0.40000000, 0.20000000, -0.11262766
0.25000000, -0.40000000, 0.15000000, -0.10050366
0.30000000, -0.40000000, 0.10000000, -0.08435088
0.35000000, -0.40000000, 0.05000000, -0.06395906
0.40000000, -0.40000000, 0.00000000, -0.03465214
0.40000000, -0.35000000, -0.05000000, -0.01358545
0.40000000, -0.30000000, -0.10000000, 0.00126238
0.40000000, -0.25000000, -0.15000000, 0.01311418
0.40000000, -0.20000000, -0.20000000, 0.02253999
0.40000000, -0.15000000, -0.25000000, 0.02981512
0.40000000, -0.10000000, -0.30000000, 0.03508838
0.40000000, -0.05000000, -0.35000000, 0.03817933
0.45000000, 0.00000000, -0.45000000, 0.02581858
0.39375000, 0.05625000, -0.45000000, 0.03780777
0.33750000, 0.11250000, -0.45000000, 0.05104965
0.28125000, 0.16875000, -0.45000000, 0.06476500
0.22500000, 0.22500000, -0.45000000, 0.07843870
0.16875000, 0.28125000, -0.45000000, 0.09130755
0.11250000, 0.33750000, -0.45000000, 0.10207291
0.05625000, 0.39375000, -0.45000000, 0.10816876
0.00000000, 0.45000000, -0.45000000, 0.10248157
-0.05625000, 0.45000000, -0.39375000, 0.11154408
-0.11250000, 0.45000000, -0.33750000, 0.11929553
-0.16875000, 0.45000000, -0.28125000, 0.11913734
-0.22500000, 0.45000000, -0.22500000, 0.11084373
-0.28125000, 0.45000000, -0.16875000, 0.09587613
-0.33750000, 0.45000000, -0.11250000, 0.07625323
-0.39375000, 0.45000000, -0.05625000, 0.05367775
-0.45000000, 0.45000000, 0.00000000, 0.02614228
-0.45000000, 0.39375000, 0.05625000, 0.00988458
-0.45000000, 0.33750000, 0.11250000, -0.00239973
-0.45000000, 0.28125000, 0.16875000, -0.01230582
-0.45000000, 0.22500000, 0.22500000, -0.01985254
-0.45000000, 0.16875000, 0.28125000, -0.02503072
-0.45000000, 0.11250000, 0.33750000, -0.02782574
-0.45000000, 0.05625000, 0.39375000, -0.02811215
-0.45000000, 0.00000000, 0.45000000, -0.02581858
-0.39375000, -0.05625000, 0.45000000, -0.03780777
-0.33750000, -0.11250000, 0.45000000, -0.05104965
-0.28125000, -0.16875000, 0.45000000, -0.06476500
-0.22500000, -0.22500000, 0.45000000, -0.07843870
-0.16875000, -0.28125000, 0.45000000, -0.09130755
-0.11250000, -0.33750000, 0.45000000, -0.10207291
-0.05625000, -0.39375000, 0.45000000, -0.10816876
0.00000000, -0.45000000, 0.45000000, -0.10248157
0.05625000, -0.45000000, 0.39375000, -0.11154408
0.11250000, -0.45000000, 0.33750000, -0.11929553
0.16875000, -0.45000000, 0.28125000, -0.11913734
0.22500000, -0.45000000, 0.22500000, -0.11084373
0.28125000, -0.45000000, 0.16875000, -0.09587613
0.33750000, -0.45000000, 0.11250000, -0.07625323
0.39375000, -0.45000000, 0.05625000, -0.05367775
0.45000000, -0.45000000, 0.00000000, -0.02614228
0.45000000, -0.39375000, -0.05625000, -0.00988458
0.45000000, -0.33750000, -0.11250000, 0.00239973
0.45000000, -0.28125000, -0.16875000, 0.01230582
0.45000000, -0.22500000, -0.22500000, 0.01985254
0.45000000, -0.16875000, -0.28125000, 0.02503072
0.45000000, -0.11250000, -0.33750000, 0.02782574
0.45000000, -0.05625000, -0.39375000, 0.02811215
0.50000000, 0.00000000, -0.50000000, 0.01437452
0.43750000, 0.06250000, -0.50000000, 0.02413018
0.37500000, 0.12500000, -0.50000000, 0.03567420
0.31250000, 0.18750000, -0.50000000, 0.04796135
0.25000000, 0.25000000, -0.50000000, 0.06017139
0.18750000, 0.31250000, -0.50000000, 0.07128754
0.12500000, 0.37500000, -0.50000000, 0.07983555
0.06250000, 0.43750000, -0.50000000, 0.08332631
0.00000000, 0.50000000, -0.50000000, 0.07567231
-0.06250000, 0.50000000, -0.43750000, 0.09174525
-0.12500000, 0.50000000, -0.37500000, 0.10558332
-0.18750000, 0.50000000, -0.31250000, 0.10916914
-0.25000000, 0.50000000, -0.25000000, 0.10161392
-0.31250000, 0.50000000, -0.18750000, 0.08523259
-0.37500000, 0.50000000, -0.12500000, 0.06384975
-0.43750000, 0.50000000, -0.06250000, 0.04121252
-0.50000000, 0.50000000, 0.00000000, 0.01765669
-0.50000000, 0.43750000, 0.06250000, 0.00652816
-0.50000000, 0.37500000, 0.12500000, -0.00257512
-0.50000000, 0.31250000, 0.18750000, -0.00999288
-0.50000000, 0.25000000, 0.25000000, -0.01533309
-0.50000000, 0.18750000, 0.31250000, -0.01840386
-0.50000000, 0.12500000, 0.37500000, -0.01917935
-0.50000000, 0.06250000, 0.43750000, -0.01772638
-0.50000000, 0.00000000, 0.50000000, -0.01437452
-0.43750000, -0.06250000, 0.50000000, -0.02413018
-0.37500000, -0.12500000, 0.50000000, -0.03567420
-0.31250000, -0.18750000, 0.50000000, -0.04796135
-0.25000000, -0.25000000, 0.50000000, -0.06017139
-0.18750000, -0.31250000, 0.50000000, -0.07128754
-0.12500000, -0.37500000, 0.50000000, -0.07983555
-0.06250000, -0.43750000, 0.50000000, -0.08332631
0.00000000, -0.50000000, 0.50000000, -0.07567231
0.06250000, -0.50000000, 0.43750000, -0.09174525
0.12500000, -0.50000000, 0.37500000, -0.10558332
0.18750000, -0.50000000, 0.31250000, -0.10916914
0.25000000, -0.50000000, 0.25000000, -0.10161392
0.31250000, -0.50000000, 0.18750000, -0.08523259
0.37500000, -0.50000000, 0.12500000, -0.06384975
0.43750000, -0.50000000, 0.06250000, -0.04121252
0.50000000, -0.50000000, 0.00000000, -0.01765669
0.50000000, -0.43750000, -0.06250000, -0.00652816
0.50000000, -0.37500000, -0.12500000, 0.00257512
0.50000000, -0.31250000, -0.18750000, 0.00999288
0.50000000, -0.25000000, -0.25000000, 0.01533309
0.50000000, -0.18750000, -0.31250000, 0.01840386
0.50000000, -0.12500000, -0.37500000, 0.01917935
0.50000000, -0.06250000, -0.43750000, 0.01772638
0.55000000, 0.00000000, -0.55000000, 0.00655343
0.48125000, 0.06875000, -0.55000000, 0.01309869
0.41250000, 0.13750000, -0.55000000, 0.02160480
0.34375000, 0.20625000, -0.55000000, 0.03109283
0.27500000, 0.27500000, -0.55000000, 0.04064246
0.20625000, 0.34375000, -0.55000000, 0.04913758
0.13750000, 0.41250000, -0.55000000, 0.05511432
0.06875000, 0.48125000, -0.55000000, 0.05643794
0.00000000, 0.55000000, -0.55000000, 0.04858195
-0.06875000, 0.55000000, -0.48125000, 0.06750809
-0.13750000, 0.55000000, -0.41250000, 0.08532942
-0.20625000, 0.55000000, -0.34375000, 0.09245608
-0.27500000, 0.55000000, -0.27500000, 0.08656459
-0.34375000, 0.55000000, -0.20625000, 0.07034102
-0.41250000, 0.55000000, -0.13750000, 0.04922530
-0.48125000, 0.55000000, -0.06875000, 0.02867687
-0.55000000, 0.55000000, 0.00000000, 0.01049545
-0.55000000, 0.48125000, 0.06875000, 0.00384188
-0.55000000, 0.41250000, 0.13750000, -0.00213219
-0.55000000, 0.34375000, 0.20625000, -0.00705653
-0.55000000, 0.27500000, 0.27500000, -0.01035548
-0.55000000, 0.20625000, 0.34375000, -0.01178609
-0.55000000, 0.13750000, 0.41250000, -0.01140043
-0.55000000, 0.06875000, 0.48125000, -0.00946357
-0.55000000, 0.00000000, 0.55000000, -0.00655343
-0.48125000, -0.06875000, 0.55000000, -0.01309869
-0.41250000, -0.13750000, 0.55000000, -0.02160480
-0.34375000, -0.20625000, 0.55000000, -0.03109283
-0.27500000, -0.27500000, 0.55000000, -0.04064246
-0.20625000, -0.34375000, 0.55000000, -0.04913758
-0.13750000, -0.41250000, 0.55000000, -0.05511432
-0.06875000, -0.48125000, 0.55000000, -0.05643794
0.00000000, -0.55000000, 0.55000000, -0.04858195
0.06875000, -0.55000000, 0.48125000, -0.06750809
0.13750000, -0.55000000, 0.41250000, -0.08532942
0.20625000, -0.55000000, 0.34375000, -0.09245608
0.27500000, -0.55000000, 0.27500000, -0.08656459
0.34375000, -0.55000000, 0.20625000, -0.07034102
0.41250000, -0.55000000, 0.13750000, -0.04922530
0.48125000, -0.55000000, 0.06875000, -0.02867687
0.55000000, -0.55000000, 0.00000000, -0.01049545
0.55000000, -0.48125000, -0.06875000, -0.00384188
0.55000000, -0.41250000, -0.13750000, 0.00213219
0.55000000, -0.34375000, -0.20625000, 0.00705653
0.55000000, -0.27500000, -0.27500000, 0.01035548
0.55000000, -0.20625000, -0.34375000, 0.01178609
0.55000000, -0.13750000, -0.41250000, 0.01140043
0.55000000, -0.06875000, -0.48125000, 0.00946357
0.60000000, 0.00000000, -0.60000000, 0.00237051
0.52500000, 0.07500000, -0.60000000, 0.00592670
0.45000000, 0.15000000, -0.60000000, 0.01115588
0.37500000, 0.22500000, -0.60000000, 0.01739025
0.30000000, 0.30000000, -0.60000000, 0.02384103
0.22500000, 0.37500000, -0.60000000, 0.02950307
0.15000000, 0.45000000, -0.60000000, 0.03312374
0.07500000, 0.52500000, -0.60000000, 0.03310717
0.00000000, 0.60000000, -0.60000000, 0.02659825
-0.07500000, 0.60000000, -0.52500000, 0.04399856
-0.15000000, 0.60000000, -0.45000000, 0.06261428
-0.22500000, 0.60000000, -0.37500000, 0.07204554
-0.30000000, 0.60000000, -0.30000000, 0.06820834
-0.37500000, 0.60000000, -0.22500000, 0.05356749
-0.45000000, 0.60000000, -0.15000000, 0.03464564
-0.52500000, 0.60000000, -0.07500000, 0.01785156
-0.60000000, 0.60000000, 0.00000000, 0.00535731
-0.60000000, 0.52500000, 0.07500000, 0.00196497
-0.60000000, 0.45000000, 0.15000000, -0.00145077
-0.60000000, 0.37500000, 0.22500000, -0.00430336
-0.60000000, 0.30000000, 0.30000000, -0.00604817
-0.60000000, 0.22500000, 0.37500000, -0.00648958
-0.60000000, 0.15000000, 0.45000000, -0.00574897
-0.60000000, 0.07500000, 0.52500000, -0.00418603
-0.60000000, 0.00000000, 0.60000000, -0.00237051
-0.52500000, -0.07500000, 0.60000000, -0.00592670
-0.45000000, -0.15000000, 0.60000000, -0.01115588
-0.37500000, -0.22500000, 0.60000000, -0.01739025
-0.30000000, -0.30000000, 0.60000000, -0.02384103
-0.22500000, -0.37500000, 0.60000000, -0.02950307
-0.15000000, -0.45000000, 0.60000000, -0.03312374
-0.07500000, -0.52500000, 0.60000000, -0.03310717
0.00000000, -0.60000000, 0.60000000, -0.02659825
0.07500000, -0.60000000, 0.52500000, -0.04399856
0.15000000, -0.60000000, 0.45000000, -0.06261428
0.22500000, -0.60000000, 0.37500000, -0.07204554
0.30000000, -0.60000000, 0.30000000, -0.06820834
0.37500000, -0.60000000, 0.22500000, -0.05356749
0.45000000, -0.60000000, 0.15000000, -0.03464564
0.52500000, -0.60000000, 0.07500000, -0.01785156
0.60000000, -0.60000000, 0.00000000, -0.00535731
0.60000000, -0.52500000, -0.07500000, -0.00196497
0.60000000, -0.45000000, -0.15000000, 0.00145077
0.60000000, -0.37500000, -0.22500000, 0.00430336
0.60000000, -0.30000000, -0.30000000, 0.00604817
0.60000000, -0.22500000, -0.37500000, 0.00648958
0.60000000, -0.15000000, -0.45000000, 0.00574897
0.60000000, -0.07500000, -0.52500000, 0.00418603
0.65000000, 0.00000000, -0.65000000, 0.00065549
0.56875000, 0.08125000, -0.65000000, 0.00216850
0.48750000, 0.16250000, -0.65000000, 0.00478702
0.40625000, 0.24375000, -0.65000000, 0.00819598
0.32500000, 0.32500000, -0.65000000, 0.01187494
0.24375000, 0.40625000, -0.65000000, 0.01509144
0.16250000, 0.48750000, -0.65000000, 0.01694300
0.08125000, 0.56875000, -0.65000000, 0.01641535
0.00000000, 0.65000000, -0.65000000, 0.01203907
-0.08125000, 0.65000000, -0.56875000, 0.02497501
-0.16250000, 0.65000000, -0.48750000, 0.04129339
-0.24375000, 0.65000000, -0.40625000, 0.05123265
-0.32500000, 0.65000000, -0.32500000, 0.04930892
-0.40625000, 0.65000000, -0.24375000, 0.03729805
-0.48750000, 0.65000000, -0.16250000, 0.02199359
-0.56875000, 0.65000000, -0.08125000, 0.00976856
-0.65000000, 0.65000000, 0.00000000, 0.00226793
-0.65000000, 0.56875000, 0.08125000, 0.00084313
-0.65000000, 0.48750000, 0.16250000, -0.00081888
-0.65000000, 0.40625000, 0.24375000, -0.00222859
-0.65000000, 0.32500000, 0.32500000, -0.00299583
-0.65000000, 0.24375000, 0.40625000, -0.00300718
-0.65000000, 0.16250000, 0.48750000, -0.00239729
-0.65000000, 0.08125000, 0.56875000, -0.00148508
-0.65000000, 0.00000000, 0.65000000, -0.00065549
-0.56875000, -0.08125000, 0.65000000, -0.00216850
-0.48750000, -0.16250000, 0.65000000, -0.00478702
-0.40625000, -0.24375000, 0.65000000, -0.00819598
-0.32500000, -0.32500000, 0.65000000, -0.01187494
-0.24375000, -0.40625000, 0.65000000, -0.01509144
-0.16250000, -0.48750000, 0.65000000, -0.01694300
-0.08125000, -0.56875000, 0.65000000, -0.01641535
0.00000000, -0.65000000, 0.65000000, -0.01203907
0.08125000, -0.65000000, 0.56875000, -0.02497501
0.16250000, -0.65000000, 0.48750000, -0.04129339
0.24375000, -0.65000000, 0.40625000, -0.05123265
0.32500000, -0.65000000, 0.32500000, -0.04930892
0.40625000, -0.65000000, 0.24375000, -0.03729805
0.48750000, -0.65000000, 0.16250000, -0.02199359
0.56875000, -0.65000000, 0.08125000, -0.00976856
0.65000000, -0.65000000, 0.00000000, -0.00226793
0.65000000, -0.56875000, -0.08125000, -0.00084313
0.65000000, -0.48750000, -0.16250000, 0.00081888
0.65000000, -0.40625000, -0.24375000, 0.00222859
0.65000000, -0.32500000, -0.32500000, 0.00299583
0.65000000, -0.24375000, -0.40625000, 0.00300718
0.65000000, -0.16250000, -0.48750000, 0.00239729
0.65000000, -0.08125000, -0.56875000, 0.00148508
0.70000000, 0.00000000, -0.70000000, 0.00013392
0.61250000, 0.08750000, -0.70000000, 0.00062280
0.52500000, 0.17500000, -0.70000000, 0.00165354
0.43750000, 0.26250000, -0.70000000, 0.00314712
0.35000000, 0.35000000, -0.70000000, 0.00485134
0.26250000, 0.43750000, -0.70000000, 0.00634896
0.17500000, 0.52500000, -0.70000000, 0.00711460
0.08750000, 0.61250000, -0.70000000, 0.00662375
0.00000000, 0.70000000, -0.70000000, 0.00430343
-0.08750000, 0.70000000, -0.61250000, 0.01201720
-0.17500000, 0.70000000, -0.52500000, 0.02407083
-0.26250000, 0.70000000, -0.43750000, 0.03279791
-0.35000000, 0.70000000, -0.35000000, 0.03227498
-0.43750000, 0.70000000, -0.26250000, 0.02341148
-0.52500000, 0.70000000, -0.17500000, 0.01237485
-0.61250000, 0.70000000, -0.08750000, 0.00458994
-0.70000000, 0.70000000, 0.00000000, 0.00076267
-0.70000000, 0.61250000, 0.08750000, 0.00028881
-0.70000000, 0.52500000, 0.17500000, -0.00037740
-0.70000000, 0.43750000, 0.26250000, -0.00095450
-0.70000000, 0.35000000, 0.35000000, -0.00122421
-0.70000000, 0.26250000, 0.43750000, -0.00113903
-0.70000000, 0.17500000, 0.52500000, -0.00080247
-0.70000000, 0.08750000, 0.61250000, -0.00040867
-0.70000000, 0.00000000, 0.70000000, -0.00013392
-0.61250000, -0.08750000, 0.70000000, -0.00062280
-0.52500000, -0.17500000, 0.70000000, -0.00165354
-0.43750000, -0.26250000, 0.70000000, -0.00314712
-0.35000000, -0.35000000, 0.70000000, -0.00485134
-0.26250000, -0.43750000, 0.70000000, -0.00634896
-0.17500000, -0.52500000, 0.70000000, -0.00711460
-0.08750000, -0.61250000, 0.70000000, -0.00662375
0.00000000, -0.70000000, 0.70000000, -0.00430343
0.08750000, -0.70000000, 0.61250000, -0.01201720
0.17500000, -0.70000000, 0.52500000, -0.02407083
0.26250000, -0.70000000, 0.43750000, -0.03279791
0.35000000, -0.70000000, 0.35000000, -0.03227498
0.43750000, -0.70000000, 0.26250000, -0.02341148
0.52500000, -0.70000000, 0.17500000, -0.01237485
0.61250000, -0.70000000, 0.08750000, -0.00458994
0.70000000, -0.70000000, 0.00000000, -0.00076267
0.70000000, -0.61250000, -0.08750000, -0.00028881
0.70000000, -0.52500000, -0.17500000, 0.00037740
0.70000000, -0.43750000, -0.26250000, 0.00095450
0.70000000, -0.35000000, -0.35000000, 0.00122421
0.70000000, -0.26250000, -0.43750000, 0.00113903
0.70000000, -0.17500000, -0.52500000, 0.00080247
0.70000000, -0.08750000, -0.61250000, 0.00040867
0.75000000, 0.00000000, -0.75000000, 0.00001203
0.65625000, 0.09375000, -0.75000000, 0.00014271
0.56250000, 0.18750000, -0.75000000, 0.00045010
0.46875000, 0.28125000, -0.75000000, 0.00094315
0.37500000, 0.37500000, -0.75000000, 0.00154359
0.28125000, 0.46875000, -0.75000000, 0.00207813
0.18750000, 0.56250000, -0.75000000, 0.00231656
0.09375000, 0.65625000, -0.75000000, 0.00205397
0.00000000, 0.75000000, -0.75000000, 0.00114741
-0.09375000, 0.75000000, -0.65625000, 0.00469641
-0.18750000, 0.75000000, -0.56250000, 0.01208122
-0.28125000, 0.75000000, -0.46875000, 0.01848993
-0.37500000, 0.75000000, -0.37500000, 0.01872299
-0.46875000, 0.75000000, -0.28125000, 0.01295394
-0.56250000, 0.75000000, -0.18750000, 0.00601036
-0.65625000, 0.75000000, -0.09375000, 0.00179419
-0.75000000, 0.75000000, 0.00000000, 0.00019806
-0.75000000, 0.65625000, 0.09375000, 0.00007399
-0.75000000, 0.56250000, 0.18750000, -0.00013712
-0.75000000, 0.46875000, 0.28125000, -0.00032649
-0.75000000, 0.37500000, 0.37500000, -0.00039945
-0.75000000, 0.28125000, 0.46875000, -0.00034184
-0.75000000, 0.18750000, 0.56250000, -0.00021343
-0.75000000, 0.09375000, 0.65625000, -0.00008794
-0.75000000, 0.00000000, 0.75000000, -0.00001203
-0.65625000, -0.09375000, 0.75000000, -0.00014271
-0.56250000, -0.18750000, 0.75000000, -0.00045010
-0.46875000, -0.28125000, 0.75000000, -0.00094315
-0.37500000, -0.37500000, 0.75000000, -0.00154359
-0.28125000, -0.46875000, 0.75000000, -0.00207813
-0.18750000, -0.56250000, 0.75000000, -0.00231656
-0.09375000, -0.65625000, 0.75000000, -0.00205397
0.00000000, -0.75000000, 0.75000000, -0.00114741
0.09375000, -0.75000000, 0.65625000, -0.00469641
0.18750000, -0.75000000, 0.56250000, -0.01208122
0.28125000, -0.75000000, 0.46875000, -0.01848993
0.37500000, -0.75000000, 0.37500000, -0.01872299
0.46875000, -0.75000000, 0.28125000, -0.01295394
0.56250000, -0.75000000, 0.18750000, -0.00601036
0.65625000, -0.75000000, 0.09375000, -0.00179419
0.75000000, -0.75000000, 0.00000000, -0.00019806
0.75000000, -0.65625000, -0.09375000, -0.00007399
0.75000000, -0.56250000, -0.18750000, 0.00013712
0.75000000, -0.46875000, -0.28125000, 0.00032649
0.75000000, -0.37500000, -0.37500000, 0.00039945
0.75000000, -0.28125000, -0.46875000, 0.00034184
0.75000000, -0.18750000, -0.56250000, 0.00021343
0.75000000, -0.09375000, -0.65625000, 0.00008794
0.80000000, 0.00000000, -0.80000000, -0.00000794
0.70000000, 0.10000000, -0.80000000, 0.00002598
0.60000000, 0.20000000, -0.80000000, 0.00009246
0.50000000, 0.30000000, -0.80000000, 0.00020401
0.40000000, 0.40000000, -0.80000000, 0.00034953
0.30000000, 0.50000000, -0.80000000, 0.00048177
0.20000000, 0.60000000, -0.80000000, 0.00053234
0.10000000, 0.70000000, -0.80000000, 0.00044616
0.00000000, 0.80000000, -0.80000000, 0.00021044
-0.10000000, 0.80000000, -0.70000000, 0.00139307
-0.20000000, 0.80000000, -0.60000000, 0.00500692
-0.30000000, 0.80000000, -0.50000000, 0.00884656
-0.40000000, 0.80000000, -0.40000000, 0.00928508
-0.50000000, 0.80000000, -0.30000000, 0.00608417
-0.60000000, 0.80000000, -0.20000000, 0.00241371
-0.70000000, 0.80000000, -0.10000000, 0.00055518
-0.80000000, 0.80000000, 0.00000000, 0.00003864
-0.80000000, 0.70000000, 0.10000000, 0.00001248
-0.80000000, 0.60000000, 0.20000000, -0.00003736
-0.80000000, 0.50000000, 0.30000000, -0.00008477
-0.80000000, 0.40000000, 0.40000000, -0.00009918
-0.80000000, 0.30000000, 0.50000000, -0.00007754
-0.80000000, 0.20000000, 0.60000000, -0.00004429
-0.80000000, 0.10000000, 0.70000000, -0.00001438
-0.80000000, 0.00000000, 0.80000000, 0.00000794
-0.70000000, -0.10000000, 0.80000000, -0.00002598
-0.60000000, -0.20000000, 0.80000000, -0.00009246
-0.50000000, -0.30000000, 0.80000000, -0.00020401
-0.40000000, -0.40000000, 0.80000000, -0.00034953
-0.30000000, -0.50000000, 0.80000000, -0.00048177
-0.20000000, -0.60000000, 0.80000000, -0.00053234
-0.10000000, -0.70000000, 0.80000000, -0.00044616
0.00000000, -0.80000000, 0.80000000, -0.00021044
0.10000000, -0.80000000, 0.70000000, -0.00139307
0.20000000, -0.80000000, 0.60000000, -0.00500692
0.30000000, -0.80000000, 0.50000000, -0.00884656
0.40000000, -0.80000000, 0.40000000, -0.00928508
0.50000000, -0.80000000, 0.30000000, -0.00608417
0.60000000, -0.80000000, 0.20000000, -0.00241371
0.70000000, -0.80000000, 0.10000000, -0.00055518
0.80000000, -0.80000000, 0.00000000, -0.00003864
0.80000000, -0.70000000, -0.10000000, -0.00001248
0.80000000, -0.60000000, -0.20000000, 0.00003736
0.80000000, -0.50000000, -0.30000000, 0.00008477
0.80000000, -0.40000000, -0.40000000, 0.00009918
0.80000000, -0.30000000, -0.50000000, 0.00007754
0.80000000, -0.20000000, -0.60000000, 0.00004429
0.80000000, -0.10000000, -0.70000000, 0.00001438
0.85000000, 0.00000000, -0.85000000, 0.00000485
0.74375000, 0.10625000, -0.85000000, -0.00000203
0.63750000, 0.21250000, -0.85000000, 0.00000044
0.53125000, 0.31875000, -0.85000000, 0.00001489
0.42500000, 0.42500000, -0.85000000, 0.00003846
0.31875000, 0.53125000, -0.85000000, 0.00006137
0.21250000, 0.63750000, -0.85000000, 0.00006898
0.10625000, 0.74375000, -0.85000000, 0.00004902
0.00000000, 0.85000000, -0.85000000, 0.00000137
-0.10625000, 0.85000000, -0.74375000, 0.00027957
-0.21250000, 0.85000000, -0.63750000, 0.00159332
-0.31875000, 0.85000000, -0.53125000, 0.00335422
-0.42500000, 0.85000000, -0.42500000, 0.00367892
-0.53125000, 0.85000000, -0.31875000, 0.00226034
-0.63750000, 0.85000000, -0.21250000, 0.00074053
-0.74375000, 0.85000000, -0.10625000, 0.00012037
-0.85000000, 0.85000000, 0.00000000, -0.00000195
-0.85000000, 0.74375000, 0.10625000, -0.00000058
-0.85000000, 0.63750000, 0.21250000, -0.00000714
-0.85000000, 0.53125000, 0.31875000, -0.00001354
-0.85000000, 0.42500000, 0.42500000, -0.00001375
-0.85000000, 0.31875000, 0.53125000, -0.00000809
-0.85000000, 0.21250000, 0.63750000, -0.00000058
-0.85000000, 0.10625000, 0.74375000, 0.00000099
-0.85000000, 0.00000000, 0.85000000, -0.00000485
-0.74375000, -0.10625000, 0.85000000, 0.00000203
-0.63750000, -0.21250000, 0.85000000, -0.00000044
-0.53125000, -0.31875000, 0.85000000, -0.00001489
-0.42500000, -0.42500000, 0.85000000, -0.00003846
-0.31875000, -0.53125000, 0.85000000, -0.00006137
-0.21250000, -0.63750000, 0.85000000, -0.00006898
-0.10625000, -0.74375000, 0.85000000, -0.00004902
0.00000000, -0.85000000, 0.85000000, -0.00000137
0.10625000, -0.85000000, 0.74375000, -0.00027957
0.21250000, -0.85000000, 0.63750000, -0.00159332
0.31875000, -0.85000000, 0.53125000, -0.00335422
0.42500000, -0.85000000, 0.42500000, -0.00367892
0.53125000, -0.85000000, 0.31875000, -0.00226034
0.63750000, -0.85000000, 0.21250000, -0.00074053
0.74375000, -0.85000000, 0.10625000, -0.00012037
0.85000000, -0.85000000, 0.00000000, 0.00000195
0.85000000, -0.74375000, -0.10625000, 0.00000058
0.85000000, -0.63750000, -0.21250000, 0.00000714
0.85000000, -0.53125000, -0.31875000, 0.00001354
0.85000000, -0.42500000, -0.42500000, 0.00001375
0.85000000, -0.31875000, -0.53125000, 0.00000809
0.85000000, -0.21250000, -0.63750000, 0.00000058
0.85000000, -0.10625000, -0.74375000, -0.00000099
0.90000000, 0.00000000, -0.90000000, 0.00000716
0.78750000, 0.11250000, -0.90000000, -0.00000217
0.67500000, 0.22500000, -0.90000000, -0.00000730
0.56250000, 0.33750000, -0.90000000, -0.00000742
0.45000000, 0.45000000, -0.90000000, -0.00000452
0.33750000, 0.56250000, -0.90000000, -0.00000078
0.22500000, 0.67500000, -0.90000000, 0.00000040
0.11250000, 0.78750000, -0.90000000, -0.00000405
0.00000000, 0.90000000, -0.90000000, -0.00001456
-0.11250000, 0.90000000, -0.78750000, 0.00002628
-0.22500000, 0.90000000, -0.67500000, 0.00032897
-0.33750000, 0.90000000, -0.56250000, 0.00086158
-0.45000000, 0.90000000, -0.45000000, 0.00099735
-0.56250000, 0.90000000, -0.33750000, 0.00056758
-0.67500000, 0.90000000, -0.22500000, 0.00014590
-0.78750000, 0.90000000, -0.11250000, 0.00001301
-0.90000000, 0.90000000, 0.00000000, -0.00000424
-0.90000000, 0.78750000, 0.11250000, -0.00000105
-0.90000000, 0.67500000, 0.22500000, -0.00000072
-0.90000000, 0.56250000, 0.33750000, -0.00000010
-0.90000000, 0.45000000, 0.45000000, 0.00000093
-0.90000000, 0.33750000, 0.56250000, 0.00000169
-0.90000000, 0.22500000, 0.67500000, 0.00000319
-0.90000000, 0.11250000, 0.78750000, 0.00000047
-0.90000000, 0.00000000, 0.90000000, -0.00000716
-0.78750000, -0.11250000, 0.90000000, 0.00000217
-0.67500000, -0.22500000, 0.90000000, 0.00000730
-0.56250000, -0.33750000, 0.90000000, 0.00000742
-0.45000000, -0.45000000, 0.90000000, 0.00000452
-0.33750000, -0.56250000, 0.90000000, 0.00000078
-0.22500000, -0.67500000, 0.90000000, -0.00000040
-0.11250000, -0.78750000, 0.90000000, 0.00000405
0.00000000, -0.90000000, 0.90000000, 0.00001456
0.11250000, -0.90000000, 0.78750000, -0.00002628
0.22500000, -0.90000000, 0.67500000, -0.00032897
0.33750000, -0.90000000, 0.56250000, -0.00086158
0.45000000, -0.90000000, 0.45000000, -0.00099735
0.56250000, -0.90000000, 0.33750000, -0.00056758
0.67500000, -0.90000000, 0.22500000, -0.00014590
0.78750000, -0.90000000, 0.11250000, -0.00001301
0.90000000, -0.90000000, 0.00000000, 0.00000424
0.90000000, -0.78750000, -0.11250000, 0.00000105
0.90000000, -0.67500000, -0.22500000, 0.00000072
0.90000000, -0.56250000, -0.33750000, 0.00000010
0.90000000, -0.45000000, -0.45000000, -0.00000093
0.90000000, -0.33750000, -0.56250000, -0.00000169
0.90000000, -0.22500000, -0.67500000, -0.00000319
0.90000000, -0.11250000, -0.78750000, -0.00000047
0.95000000, 0.00000000, -0.95000000, -0.00000735
0.83125000, 0.11875000, -0.95000000, 0.00000197
0.71250000, 0.23750000, -0.95000000, 0.00000756
0.59375000, 0.35625000, -0.95000000, 0.00000854
0.47500000, 0.47500000, -0.95000000, 0.00000683
0.35625000, 0.59375000, -0.95000000, 0.00000465
0.23750000, 0.71250000, -0.95000000, 0.00000438
0.11875000, 0.83125000, -0.95000000, 0.00000829
0.00000000, 0.95000000, -0.95000000, 0.00001795
-0.11875000, 0.95000000, -0.83125000, -0.00000270
-0.23750000, 0.95000000, -0.71250000, 0.00002103
-0.35625000, 0.95000000, -0.59375000, 0.00008796
-0.47500000, 0.95000000, -0.47500000, 0.00011013
-0.59375000, 0.95000000, -0.35625000, 0.00005869
-0.71250000, 0.95000000, -0.23750000, 0.00001151
-0.83125000, 0.95000000, -0.11875000, 0.00000387
-0.95000000, 0.95000000, 0.00000000, 0.00000541
-0.95000000, 0.83125000, 0.11875000, 0.00000118
-0.95000000, 0.71250000, 0.23750000, -0.00000009
-0.95000000, 0.59375000, 0.35625000, -0.00000158
-0.95000000, 0.47500000, 0.47500000, -0.00000278
-0.95000000, 0.35625000, 0.59375000, -0.00000299
-0.95000000, 0.23750000, 0.71250000, -0.00000360
-0.95000000, 0.11875000, 0.83125000, -0.00000039
-0.95000000, 0.00000000, 0.95000000, 0.00000735
-0.83125000, -0.11875000, 0.95000000, -0.00000197
-0.71250000, -0.23750000, 0.95000000, -0.00000756
-0.59375000, -0.35625000, 0.95000000, -0.00000854
-0.47500000, -0.47500000, 0.95000000, -0.00000683
-0.35625000, -0.59375000, 0.95000000, -0.00000465
-0.23750000, -0.71250000, 0.95000000, -0.00000438
-0.11875000, -0.83125000, 0.95000000, -0.00000829
0.00000000, -0.95000000, 0.95000000, -0.00001795
0.11875000, -0.95000000, 0.83125000, 0.00000270
0.23750000, -0.95000000, 0.71250000, -0.00002103
0.35625000, -0.95000000, 0.59375000, -0.00008796
0.47500000, -0.95000000, 0.47500000, -0.00011013
0.59375000, -0.95000000, 0.35625000, -0.00005869
0.71250000, -0.95000000, 0.23750000, -0.00001151
0.83125000, -0.95000000, 0.11875000, -0.00000387
0.95000000, -0.95000000, 0.00000000, -0.00000541
0.95000000, -0.83125000, -0.11875000, -0.00000118
0.95000000, -0.71250000, -0.23750000, 0.00000009
0.95000000, -0.59375000, -0.35625000, 0.00000158
0.95000000, -0.47500000, -0.47500000, 0.00000278
0.95000000, -0.35625000, -0.59375000, 0.00000299
0.95000000, -0.23750000, -0.71250000, 0.00000360
0.95000000, -0.11875000, -0.83125000, 0.00000039
1.00000000, 0.00000000, -1.00000000, 0.00000000
0.87500000, 0.12500000, -1.00000000, 0.00000000
0.75000000, 0.25000000, -1.00000000, 0.00000000
0.62500000, 0.37500000, -1.00000000, 0.00000000
0.50000000, 0.50000000, -1.00000000, 0.00000000
0.37500000, 0.62500000, -1.00000000, 0.00000000
0.25000000, 0.75000000, -1.00000000, 0.00000000
0.12500000, 0.87500000, -1.00000000, 0.00000000
0.00000000, 1.00000000, -1.00000000, 0.00000000
-0.12500000, 1.00000000, -0.87500000, 0.00000000
-0.25000000, 1.00000000, -0.75000000, 0.00000000
-0.37500000, 1.00000000, -0.62500000, 0.00000000
-0.50000000, 1.00000000, -0.50000000, 0.00000000
-0.62500000, 1.00000000, -0.37500000, 0.00000000
-0.75000000, 1.00000000, -0.25000000, 0.00000000
-0.87500000, 1.00000000, -0.12500000, 0.00000000
-1.00000000, 1.00000000, 0.00000000, 0.00000000
-1.00000000, 0.87500000, 0.12500000, 0.00000000
-1.00000000, 0.75000000, 0.25000000, 0.00000000
-1.00000000, 0.62500000, 0.37500000, 0.00000000
-1.00000000, 0.50000000, 0.50000000, 0.00000000
-1.00000000, 0.37500000, 0.62500000, 0.00000000
-1.00000000, 0.25000000, 0.75000000, 0.00000000
-1.00000000, 0.12500000, 0.87500000, 0.00000000
-1.00000000, 0.00000000, 1.00000000, 0.00000000
-0.87500000, -0.12500000, 1.00000000, 0.00000000
-0.75000000, -0.25000000, 1.00000000, 0.00000000
-0.62500000, -0.37500000, 1.00000000, 0.00000000
-0.50000000, -0.50000000, 1.00000000, 0.00000000
-0.37500000, -0.62500000, 1.00000000, 0.00000000
-0.25000000, -0.75000000, 1.00000000, 0.00000000
-0.12500000, -0.87500000, 1.00000000, 0.00000000
0.00000000, -1.00000000, 1.00000000, 0.00000000
0.12500000, -1.00000000, 0.87500000, 0.00000000
0.25000000, -1.00000000, 0.75000000, 0.00000000
0.37500000, -1.00000000, 0.62500000, 0.00000000
0.50000000, -1.00000000, 0.50000000, 0.00000000
0.62500000, -1.00000000, 0.37500000, 0.00000000
0.75000000, -1.00000000, 0.25000000, 0.00000000
0.87500000, -1.00000000, 0.12500000, 0.00000000
1.00000000, -1.00000000, 0.00000000, 0.00000000
1.00000000, -0.87500000, -0.12500000, 0.00000000
1.00000000, -0.75000000, -0.25000000, 0.00000000
1.00000000, -0.62500000, -0.37500000, 0.00000000
1.00000000, -0.50000000, -0.50000000, 0.00000000
1.00000000, -0.37500000, -0.62500000, 0.00000000
1.00000000, -0.25000000, -0.75000000, 0.00000000
1.00000000, -0.12500000, -0.87500000, 0.00000000
