0.01000000, 0.00000000, -0.01000000, 0.04011010
0.00000000, 0.01000000, -0.01000000, 0.05292208
-0.00125000, 0.01000000, -0.00875000, 0.22509724
-0.00250000, 0.01000000, -0.00750000, 0.34731632
-0.00375000, 0.01000000, -0.00625000, 0.42037830
-0.00500000, 0.01000000, -0.00500000, 0.44247824
-0.00625000, 0.01000000, -0.00375000, 0.41584003
-0.00750000, 0.01000000, -0.00250000, 0.33684608
-0.00875000, 0.01000000, -0.00125000, 0.21008761
-0.01000000, 0.01000000, 0.00000000, 0.03229491
-0.01000000, 0.00875000, 0.00125000, 0.03276948
-0.01000000, 0.00750000, 0.00250000, 0.03311301
-0.01000000, 0.00625000, 0.00375000, 0.03476048
-0.01000000, 0.00500000, 0.00500000, 0.03510365
-0.01000000, 0.00375000, 0.00625000, 0.03717385
-0.01000000, 0.00250000, 0.00750000, 0.03704775
-0.01000000, 0.00125000, 0.00875000, 0.03904325
-0.01000000, 0.00000000, 0.01000000, 0.04011010
0.00000000, -0.01000000, 0.01000000, 0.05292208
0.00125000, -0.01000000, 0.00875000, 0.22509724
0.00250000, -0.01000000, 0.00750000, 0.34731632
0.00375000, -0.01000000, 0.00625000, 0.42037830
0.00500000, -0.01000000, 0.00500000, 0.44247824
0.00625000, -0.01000000, 0.00375000, 0.41584003
0.00750000, -0.01000000, 0.00250000, 0.33684608
0.00875000, -0.01000000, 0.00125000, 0.21008761
0.01000000, -0.01000000, 0.00000000, 0.03229491
0.01000000, -0.00875000, -0.00125000, 0.03276948
0.01000000, -0.00750000, -0.00250000, 0.03311301
0.01000000, -0.00625000, -0.00375000, 0.03476048
0.01000000, -0.00500000, -0.00500000, 0.03510365
0.01000000, -0.00375000, -0.00625000, 0.03717385
0.01000000, -0.00250000, -0.00750000, 0.03704775
0.01000000, -0.00125000, -0.00875000, 0.03904325
0.02000000, 0.00000000, -0.02000000, 0.03842402
0.01750000, 0.00250000, -0.02000000, 0.04120724
0.01500000, 0.00500000, -0.02000000, 0.04460255
0.01250000, 0.00750000, -0.02000000, 0.04717728
0.01000000, 0.01000000, -0.02000000, 0.05042033
0.00750000, 0.01250000, -0.02000000, 0.05213252
0.00500000, 0.01500000, -0.02000000, 0.05314647
0.00250000, 0.01750000, -0.02000000, 0.05251580
0.00000000, 0.02000000, -0.02000000, 0.04806770
-0.00250000, 0.02000000, -0.01750000, 0.13360372
-0.00500000, 0.02000000, -0.01500000, 0.19457516
-0.00750000, 0.02000000, -0.01250000, 0.23104981
-0.01000000, 0.02000000, -0.01000000, 0.24107200
-0.01250000, 0.02000000, -0.00750000, 0.22639529
-0.01500000, 0.02000000, -0.00500000, 0.18596426
-0.01750000, 0.02000000, -0.00250000, 0.12003124
-0.02000000, 0.02000000, 0.00000000, 0.02922344
-0.02000000, 0.01750000, 0.00250000, 0.03043882
-0.02000000, 0.01500000, 0.00500000, 0.03124647
-0.02000000, 0.01250000, 0.00750000, 0.03292664
-0.02000000, 0.01000000, 0.01000000, 0.03350779
-0.02000000, 0.00750000, 0.01250000, 0.03493956
-0.02000000, 0.00500000, 0.01500000, 0.03619399
-0.02000000, 0.00250000, 0.01750000, 0.03734493
-0.02000000, 0.00000000, 0.02000000, 0.03842402
-0.01750000, -0.00250000, 0.02000000, 0.04120724
-0.01500000, -0.00500000, 0.02000000, 0.04460255
-0.01250000, -0.00750000, 0.02000000, 0.04717728
-0.01000000, -0.01000000, 0.02000000, 0.05042033
-0.00750000, -0.01250000, 0.02000000, 0.05213252
-0.00500000, -0.01500000, 0.02000000, 0.05314647
-0.00250000, -0.01750000, 0.02000000, 0.05251580
0.00000000, -0.02000000, 0.02000000, 0.04806770
0.00250000, -0.02000000, 0.01750000, 0.13360372
0.00500000, -0.02000000, 0.01500000, 0.19457516
0.00750000, -0.02000000, 0.01250000, 0.23104981
0.01000000, -0.02000000, 0.01000000, 0.24107200
0.01250000, -0.02000000, 0.00750000, 0.22639529
0.01500000, -0.02000000, 0.00500000, 0.18596426
0.01750000, -0.02000000, 0.00250000, 0.12003124
0.02000000, -0.02000000, 0.00000000, 0.02922344
0.02000000, -0.01750000, -0.00250000, 0.03043882
0.02000000, -0.01500000, -0.00500000, 0.03124647
0.02000000, -0.01250000, -0.00750000, 0.03292664
0.02000000, -0.01000000, -0.01000000, 0.03350779
0.02000000, -0.00750000, -0.01250000, 0.03493956
0.02000000, -0.00500000, -0.01500000, 0.03619399
0.02000000, -0.00250000, -0.01750000, 0.03734493
0.03000000, 0.00000000, -0.03000000, 0.03714718
0.02625000, 0.00375000, -0.03000000, 0.03976977
0.02250000, 0.00750000, -0.03000000, 0.04296526
0.01875000, 0.01125000, -0.03000000, 0.04561742
0.01500000, 0.01500000, -0.03000000, 0.04823722
0.01125000, 0.01875000, -0.03000000, 0.05026868
0.00750000, 0.02250000, -0.03000000, 0.05129784
0.00375000, 0.02625000, -0.03000000, 0.05064383
0.00000000, 0.03000000, -0.03000000, 0.04584940
-0.00375000, 0.03000000, -0.02625000, 0.10210130
-0.00750000, 0.03000000, -0.02250000, 0.14238051
-0.01125000, 0.03000000, -0.01875000, 0.16643827
-0.01500000, 0.03000000, -0.01500000, 0.17318872
-0.01875000, 0.03000000, -0.01125000, 0.16279624
-0.02250000, 0.03000000, -0.00750000, 0.13527474
-0.02625000, 0.03000000, -0.00375000, 0.09064548
-0.03000000, 0.03000000, 0.00000000, 0.02956596
-0.03000000, 0.02625000, 0.00375000, 0.03077426
-0.03000000, 0.02250000, 0.00750000, 0.03144831
-0.03000000, 0.01875000, 0.01125000, 0.03260932
-0.03000000, 0.01500000, 0.01500000, 0.03350798
-0.03000000, 0.01125000, 0.01875000, 0.03431147
-0.03000000, 0.00750000, 0.02250000, 0.03525082
-0.03000000, 0.00375000, 0.02625000, 0.03621779
-0.03000000, 0.00000000, 0.03000000, 0.03714718
-0.02625000, -0.00375000, 0.03000000, 0.03976977
-0.02250000, -0.00750000, 0.03000000, 0.04296526
-0.01875000, -0.01125000, 0.03000000, 0.04561742
-0.01500000, -0.01500000, 0.03000000, 0.04823722
-0.01125000, -0.01875000, 0.03000000, 0.05026868
-0.00750000, -0.02250000, 0.03000000, 0.05129784
-0.00375000, -0.02625000, 0.03000000, 0.05064383
0.00000000, -0.03000000, 0.03000000, 0.04584940
0.00375000, -0.03000000, 0.02625000, 0.10210130
0.00750000, -0.03000000, 0.02250000, 0.14238051
0.01125000, -0.03000000, 0.01875000, 0.16643827
0.01500000, -0.03000000, 0.01500000, 0.17318872
0.01875000, -0.03000000, 0.01125000, 0.16279624
0.02250000, -0.03000000, 0.00750000, 0.13527474
0.02625000, -0.03000000, 0.00375000, 0.09064548
0.03000000, -0.03000000, 0.00000000, 0.02956596
0.03000000, -0.02625000, -0.00375000, 0.03077426
0.03000000, -0.02250000, -0.00750000, 0.03144831
0.03000000, -0.01875000, -0.01125000, 0.03260932
0.03000000, -0.01500000, -0.01500000, 0.03350798
0.03000000, -0.01125000, -0.01875000, 0.03431147
0.03000000, -0.00750000, -0.02250000, 0.03525082
0.03000000, -0.00375000, -0.02625000, 0.03621779
0.04000000, 0.00000000, -0.04000000, 0.03609529
0.03500000, 0.00500000, -0.04000000, 0.03852389
0.03000000, 0.01000000, -0.04000000, 0.04138486
0.02500000, 0.01500000, -0.04000000, 0.04419340
0.02000000, 0.02000000, -0.04000000, 0.04678953
0.01500000, 0.02500000, -0.04000000, 0.04877239
0.01000000, 0.03000000, -0.04000000, 0.04982457
0.00500000, 0.03500000, -0.04000000, 0.04915933
0.00000000, 0.04000000, -0.04000000, 0.04424780
-0.00500000, 0.04000000, -0.03500000, 0.08583557
-0.01000000, 0.04000000, -0.03000000, 0.11607751
-0.01500000, 0.04000000, -0.02500000, 0.13389406
-0.02000000, 0.04000000, -0.02000000, 0.13891423
-0.02500000, 0.04000000, -0.01500000, 0.13104379
-0.03000000, 0.04000000, -0.01000000, 0.11025617
-0.03500000, 0.04000000, -0.00500000, 0.07661171
-0.04000000, 0.04000000, 0.00000000, 0.03073590
-0.04000000, 0.03500000, 0.00500000, 0.03171597
-0.04000000, 0.03000000, 0.01000000, 0.03238821
-0.04000000, 0.02500000, 0.01500000, 0.03293872
-0.04000000, 0.02000000, 0.02000000, 0.03349617
-0.04000000, 0.01500000, 0.02500000, 0.03404338
-0.04000000, 0.01000000, 0.03000000, 0.03465161
-0.04000000, 0.00500000, 0.03500000, 0.03537508
-0.04000000, 0.00000000, 0.04000000, 0.03609529
-0.03500000, -0.00500000, 0.04000000, 0.03852389
-0.03000000, -0.01000000, 0.04000000, 0.04138486
-0.02500000, -0.01500000, 0.04000000, 0.04419340
-0.02000000, -0.02000000, 0.04000000, 0.04678953
-0.01500000, -0.02500000, 0.04000000, 0.04877239
-0.01000000, -0.03000000, 0.04000000, 0.04982457
-0.00500000, -0.03500000, 0.04000000, 0.04915933
0.00000000, -0.04000000, 0.04000000, 0.04424780
0.00500000, -0.04000000, 0.03500000, 0.08583557
0.01000000, -0.04000000, 0.03000000, 0.11607751
0.01500000, -0.04000000, 0.02500000, 0.13389406
0.02000000, -0.04000000, 0.02000000, 0.13891423
0.02500000, -0.04000000, 0.01500000, 0.13104379
0.03000000, -0.04000000, 0.01000000, 0.11025617
0.03500000, -0.04000000, 0.00500000, 0.07661171
0.04000000, -0.04000000, 0.00000000, 0.03073590
0.04000000, -0.03500000, -0.00500000, 0.03171597
0.04000000, -0.03000000, -0.01000000, 0.03238821
0.04000000, -0.02500000, -0.01500000, 0.03293872
0.04000000, -0.02000000, -0.02000000, 0.03349617
0.04000000, -0.01500000, -0.02500000, 0.03404338
0.04000000, -0.01000000, -0.03000000, 0.03465161
0.04000000, -0.00500000, -0.03500000, 0.03537508
0.05000000, 0.00000000, -0.05000000, 0.03517693
0.04375000, 0.00625000, -0.05000000, 0.03744714
0.03750000, 0.01250000, -0.05000000, 0.04018956
0.03125000, 0.01875000, -0.05000000, 0.04294863
0.02500000, 0.02500000, -0.05000000, 0.04552132
0.01875000, 0.03125000, -0.05000000, 0.04755561
0.01250000, 0.03750000, -0.05000000, 0.04861858
0.00625000, 0.04375000, -0.05000000, 0.04796566
0.00000000, 0.05000000, -0.05000000, 0.04293218
-0.00625000, 0.05000000, -0.04375000, 0.07573191
-0.01250000, 0.05000000, -0.03750000, 0.09987757
-0.01875000, 0.05000000, -0.03125000, 0.11419362
-0.02500000, 0.05000000, -0.02500000, 0.11829079
-0.03125000, 0.05000000, -0.01875000, 0.11205910
-0.03750000, 0.05000000, -0.01250000, 0.09552658
-0.04375000, 0.05000000, -0.00625000, 0.06870802
-0.05000000, 0.05000000, 0.00000000, 0.03222556
-0.05000000, 0.04375000, 0.00625000, 0.03289677
-0.05000000, 0.03750000, 0.01250000, 0.03324175
-0.05000000, 0.03125000, 0.01875000, 0.03344695
-0.05000000, 0.02500000, 0.02500000, 0.03366108
-0.05000000, 0.01875000, 0.03125000, 0.03383419
-0.05000000, 0.01250000, 0.03750000, 0.03414793
-0.05000000, 0.00625000, 0.04375000, 0.03461700
-0.05000000, 0.00000000, 0.05000000, 0.03517693
-0.04375000, -0.00625000, 0.05000000, 0.03744714
-0.03750000, -0.01250000, 0.05000000, 0.04018956
-0.03125000, -0.01875000, 0.05000000, 0.04294863
-0.02500000, -0.02500000, 0.05000000, 0.04552132
-0.01875000, -0.03125000, 0.05000000, 0.04755561
-0.01250000, -0.03750000, 0.05000000, 0.04861858
-0.00625000, -0.04375000, 0.05000000, 0.04796566
0.00000000, -0.05000000, 0.05000000, 0.04293218
0.00625000, -0.05000000, 0.04375000, 0.07573191
0.01250000, -0.05000000, 0.03750000, 0.09987757
0.01875000, -0.05000000, 0.03125000, 0.11419362
0.02500000, -0.05000000, 0.02500000, 0.11829079
0.03125000, -0.05000000, 0.01875000, 0.11205910
0.03750000, -0.05000000, 0.01250000, 0.09552658
0.04375000, -0.05000000, 0.00625000, 0.06870802
0.05000000, -0.05000000, 0.00000000, 0.03222556
0.05000000, -0.04375000, -0.00625000, 0.03289677
0.05000000, -0.03750000, -0.01250000, 0.03324175
0.05000000, -0.03125000, -0.01875000, 0.03344695
0.05000000, -0.02500000, -0.02500000, 0.03366108
0.05000000, -0.01875000, -0.03125000, 0.03383419
0.05000000, -0.01250000, -0.03750000, 0.03414793
0.05000000, -0.00625000, -0.04375000, 0.03461700
0.06000000, 0.00000000, -0.06000000, 0.03438775
0.05250000, 0.00750000, -0.06000000, 0.03653135
0.04500000, 0.01500000, -0.06000000, 0.03918161
0.03750000, 0.02250000, -0.06000000, 0.04191136
0.03000000, 0.03000000, -0.06000000, 0.04445172
0.02250000, 0.03750000, -0.06000000, 0.04641924
0.01500000, 0.04500000, -0.06000000, 0.04745461
0.00750000, 0.05250000, -0.06000000, 0.04679202
0.00000000, 0.06000000, -0.06000000, 0.04177532
-0.00750000, 0.06000000, -0.05250000, 0.06865648
-0.01500000, 0.06000000, -0.04500000, 0.08882312
-0.02250000, 0.06000000, -0.03750000, 0.10087748
-0.03000000, 0.06000000, -0.03000000, 0.10445905
-0.03750000, 0.06000000, -0.02250000, 0.09951838
-0.04500000, 0.06000000, -0.01500000, 0.08597976
-0.05250000, 0.06000000, -0.00750000, 0.06390441
-0.06000000, 0.06000000, 0.00000000, 0.03386752
-0.06000000, 0.05250000, 0.00750000, 0.03410280
-0.06000000, 0.04500000, 0.01500000, 0.03407437
-0.06000000, 0.03750000, 0.02250000, 0.03394816
-0.06000000, 0.03000000, 0.03000000, 0.03382226
-0.06000000, 0.02250000, 0.03750000, 0.03375992
-0.06000000, 0.01500000, 0.04500000, 0.03381103
-0.06000000, 0.00750000, 0.05250000, 0.03403128
-0.06000000, 0.00000000, 0.06000000, 0.03438775
-0.05250000, -0.00750000, 0.06000000, 0.03653135
-0.04500000, -0.01500000, 0.06000000, 0.03918161
-0.03750000, -0.02250000, 0.06000000, 0.04191136
-0.03000000, -0.03000000, 0.06000000, 0.04445172
-0.02250000, -0.03750000, 0.06000000, 0.04641924
-0.01500000, -0.04500000, 0.06000000, 0.04745461
-0.00750000, -0.05250000, 0.06000000, 0.04679202
0.00000000, -0.06000000, 0.06000000, 0.04177532
0.00750000, -0.06000000, 0.05250000, 0.06865648
0.01500000, -0.06000000, 0.04500000, 0.08882312
0.02250000, -0.06000000, 0.03750000, 0.10087748
0.03000000, -0.06000000, 0.03000000, 0.10445905
0.03750000, -0.06000000, 0.02250000, 0.09951838
0.04500000, -0.06000000, 0.01500000, 0.08597976
0.05250000, -0.06000000, 0.00750000, 0.06390441
0.06000000, -0.06000000, 0.00000000, 0.03386752
0.06000000, -0.05250000, -0.00750000, 0.03410280
0.06000000, -0.04500000, -0.01500000, 0.03407437
0.06000000, -0.03750000, -0.02250000, 0.03394816
0.06000000, -0.03000000, -0.03000000, 0.03382226
0.06000000, -0.02250000, -0.03750000, 0.03375992
0.06000000, -0.01500000, -0.04500000, 0.03381103
0.06000000, -0.00750000, -0.05250000, 0.03403128
0.07000000, 0.00000000, -0.07000000, 0.03366152
0.06125000, 0.00875000, -0.07000000, 0.03573382
0.05250000, 0.01750000, -0.07000000, 0.03826701
0.04375000, 0.02625000, -0.07000000, 0.04096128
0.03500000, 0.03500000, -0.07000000, 0.04350324
0.02625000, 0.04375000, -0.07000000, 0.04548488
0.01750000, 0.05250000, -0.07000000, 0.04654964
0.00875000, 0.06125000, -0.07000000, 0.04588407
0.00000000, 0.07000000, -0.07000000, 0.04075577
-0.00875000, 0.07000000, -0.06125000, 0.06335503
-0.01750000, 0.07000000, -0.05250000, 0.08077383
-0.02625000, 0.07000000, -0.04375000, 0.09125536
-0.03500000, 0.07000000, -0.03500000, 0.09455486
-0.04375000, 0.07000000, -0.02625000, 0.09058971
-0.05250000, 0.07000000, -0.01750000, 0.07931087
-0.06125000, 0.07000000, -0.00875000, 0.06077588
-0.07000000, 0.07000000, 0.00000000, 0.03552868
-0.07000000, 0.06125000, 0.00875000, 0.03530960
-0.07000000, 0.05250000, 0.01750000, 0.03498288
-0.07000000, 0.04375000, 0.02625000, 0.03450673
-0.07000000, 0.03500000, 0.03500000, 0.03405743
-0.07000000, 0.02625000, 0.04375000, 0.03369052
-0.07000000, 0.01750000, 0.05250000, 0.03346450
-0.07000000, 0.00875000, 0.06125000, 0.03344366
-0.07000000, 0.00000000, 0.07000000, 0.03366152
-0.06125000, -0.00875000, 0.07000000, 0.03573382
-0.05250000, -0.01750000, 0.07000000, 0.03826701
-0.04375000, -0.02625000, 0.07000000, 0.04096128
-0.03500000, -0.03500000, 0.07000000, 0.04350324
-0.02625000, -0.04375000, 0.07000000, 0.04548488
-0.01750000, -0.05250000, 0.07000000, 0.04654964
-0.00875000, -0.06125000, 0.07000000, 0.04588407
0.00000000, -0.07000000, 0.07000000, 0.04075577
0.00875000, -0.07000000, 0.06125000, 0.06335503
0.01750000, -0.07000000, 0.05250000, 0.08077383
0.02625000, -0.07000000, 0.04375000, 0.09125536
0.03500000, -0.07000000, 0.03500000, 0.09455486
0.04375000, -0.07000000, 0.02625000, 0.09058971
0.05250000, -0.07000000, 0.01750000, 0.07931087
0.06125000, -0.07000000, 0.00875000, 0.06077588
0.07000000, -0.07000000, 0.00000000, 0.03552868
0.07000000, -0.06125000, -0.00875000, 0.03530960
0.07000000, -0.05250000, -0.01750000, 0.03498288
0.07000000, -0.04375000, -0.02625000, 0.03450673
0.07000000, -0.03500000, -0.03500000, 0.03405743
0.07000000, -0.02625000, -0.04375000, 0.03369052
0.07000000, -0.01750000, -0.05250000, 0.03346450
0.07000000, -0.00875000, -0.06125000, 0.03344366
0.08000000, 0.00000000, -0.08000000, 0.03302823
0.07000000, 0.01000000, -0.08000000, 0.03502186
0.06000000, 0.02000000, -0.08000000, 0.03747242
0.05000000, 0.03000000, -0.08000000, 0.04013315
0.04000000, 0.04000000, -0.08000000, 0.04266958
0.03000000, 0.05000000, -0.08000000, 0.04468772
0.02000000, 0.06000000, -0.08000000, 0.04577247
0.01000000, 0.07000000, -0.08000000, 0.04510149
0.00000000, 0.08000000, -0.08000000, 0.03984137
-0.01000000, 0.08000000, -0.07000000, 0.05924419
-0.02000000, 0.08000000, -0.06000000, 0.07459515
-0.03000000, 0.08000000, -0.05000000, 0.08394071
-0.04000000, 0.08000000, -0.04000000, 0.08709928
-0.05000000, 0.08000000, -0.03000000, 0.08393792
-0.06000000, 0.08000000, -0.02000000, 0.07446060
-0.07000000, 0.08000000, -0.01000000, 0.05870401
-0.08000000, 0.08000000, 0.00000000, 0.03719627
-0.08000000, 0.07000000, 0.01000000, 0.03655229
-0.08000000, 0.06000000, 0.02000000, 0.03589987
-0.08000000, 0.05000000, 0.03000000, 0.03507565
-0.08000000, 0.04000000, 0.04000000, 0.03432125
-0.08000000, 0.03000000, 0.05000000, 0.03363945
-0.08000000, 0.02000000, 0.06000000, 0.03315615
-0.08000000, 0.01000000, 0.07000000, 0.03291968
-0.08000000, 0.00000000, 0.08000000, 0.03302823
-0.07000000, -0.01000000, 0.08000000, 0.03502186
-0.06000000, -0.02000000, 0.08000000, 0.03747242
-0.05000000, -0.03000000, 0.08000000, 0.04013315
-0.04000000, -0.04000000, 0.08000000, 0.04266958
-0.03000000, -0.05000000, 0.08000000, 0.04468772
-0.02000000, -0.06000000, 0.08000000, 0.04577247
-0.01000000, -0.07000000, 0.08000000, 0.04510149
0.00000000, -0.08000000, 0.08000000, 0.03984137
0.01000000, -0.08000000, 0.07000000, 0.05924419
0.02000000, -0.08000000, 0.06000000, 0.07459515
0.03000000, -0.08000000, 0.05000000, 0.08394071
0.04000000, -0.08000000, 0.04000000, 0.08709928
0.05000000, -0.08000000, 0.03000000, 0.08393792
0.06000000, -0.08000000, 0.02000000, 0.07446060
0.07000000, -0.08000000, 0.01000000, 0.05870401
0.08000000, -0.08000000, 0.00000000, 0.03719627
0.08000000, -0.07000000, -0.01000000, 0.03655229
0.08000000, -0.06000000, -0.02000000, 0.03589987
0.08000000, -0.05000000, -0.03000000, 0.03507565
0.08000000, -0.04000000, -0.04000000, 0.03432125
0.08000000, -0.03000000, -0.05000000, 0.03363945
0.08000000, -0.02000000, -0.06000000, 0.03315615
0.08000000, -0.01000000, -0.07000000, 0.03291968
0.09000000, 0.00000000, -0.09000000, 0.03249513
0.07875000, 0.01125000, -0.09000000, 0.03438688
0.06750000, 0.02250000, -0.09000000, 0.03680019
0.05625000, 0.03375000, -0.09000000, 0.03944060
0.04500000, 0.04500000, -0.09000000, 0.04195552
0.03375000, 0.05625000, -0.09000000, 0.04396729
0.02250000, 0.06750000, -0.09000000, 0.04503072
0.01125000, 0.07875000, -0.09000000, 0.04433644
0.00000000, 0.09000000, -0.09000000, 0.03900203
-0.01125000, 0.09000000, -0.07875000, 0.05594831
-0.02250000, 0.09000000, -0.06750000, 0.06965966
-0.03375000, 0.09000000, -0.05625000, 0.07816154
-0.04500000, 0.09000000, -0.04500000, 0.08126214
-0.05625000, 0.09000000, -0.03375000, 0.07882228
-0.06750000, 0.09000000, -0.02250000, 0.07083774
-0.07875000, 0.09000000, -0.01125000, 0.05734527
-0.09000000, 0.09000000, 0.00000000, 0.03885536
-0.09000000, 0.07875000, 0.01125000, 0.03781217
-0.09000000, 0.06750000, 0.02250000, 0.03678423
-0.09000000, 0.05625000, 0.03375000, 0.03562492
-0.09000000, 0.04500000, 0.04500000, 0.03457841
-0.09000000, 0.03375000, 0.05625000, 0.03363695
-0.09000000, 0.02250000, 0.06750000, 0.03293107
-0.09000000, 0.01125000, 0.07875000, 0.03250809
-0.09000000, 0.00000000, 0.09000000, 0.03249513
-0.07875000, -0.01125000, 0.09000000, 0.03438688
-0.06750000, -0.02250000, 0.09000000, 0.03680019
-0.05625000, -0.03375000, 0.09000000, 0.03944060
-0.04500000, -0.04500000, 0.09000000, 0.04195552
-0.03375000, -0.05625000, 0.09000000, 0.04396729
-0.02250000, -0.06750000, 0.09000000, 0.04503072
-0.01125000, -0.07875000, 0.09000000, 0.04433644
0.00000000, -0.09000000, 0.09000000, 0.03900203
0.01125000, -0.09000000, 0.07875000, 0.05594831
0.02250000, -0.09000000, 0.06750000, 0.06965966
0.03375000, -0.09000000, 0.05625000, 0.07816154
0.04500000, -0.09000000, 0.04500000, 0.08126214
0.05625000, -0.09000000, 0.03375000, 0.07882228
0.06750000, -0.09000000, 0.02250000, 0.07083774
0.07875000, -0.09000000, 0.01125000, 0.05734527
0.09000000, -0.09000000, 0.00000000, 0.03885536
0.09000000, -0.07875000, -0.01125000, 0.03781217
0.09000000, -0.06750000, -0.02250000, 0.03678423
0.09000000, -0.05625000, -0.03375000, 0.03562492
0.09000000, -0.04500000, -0.04500000, 0.03457841
0.09000000, -0.03375000, -0.05625000, 0.03363695
0.09000000, -0.02250000, -0.06750000, 0.03293107
0.09000000, -0.01125000, -0.07875000, 0.03250809
0.10000000, 0.00000000, -0.10000000, 0.03203815
0.08750000, 0.01250000, -0.10000000, 0.03383010
0.07500000, 0.02500000, -0.10000000, 0.03622853
0.06250000, 0.03750000, -0.10000000, 0.03885740
0.05000000, 0.05000000, -0.10000000, 0.04135084
0.03750000, 0.06250000, -0.10000000, 0.04332623
0.02500000, 0.07500000, -0.10000000, 0.04434973
0.01250000, 0.08750000, -0.10000000, 0.04361364
0.00000000, 0.10000000, -0.10000000, 0.03822178
-0.01250000, 0.10000000, -0.08750000, 0.05320768
-0.02500000, 0.10000000, -0.07500000, 0.06560216
-0.03750000, 0.10000000, -0.06250000, 0.07346278
-0.05000000, 0.10000000, -0.05000000, 0.07655612
-0.06250000, 0.10000000, -0.03750000, 0.07476657
-0.07500000, 0.10000000, -0.02500000, 0.06804953
-0.08750000, 0.10000000, -0.01250000, 0.05645357
-0.10000000, 0.10000000, 0.00000000, 0.04046975
-0.10000000, 0.08750000, 0.01250000, 0.03904627
-0.10000000, 0.07500000, 0.02500000, 0.03763472
-0.10000000, 0.06250000, 0.03750000, 0.03615779
-0.10000000, 0.05000000, 0.05000000, 0.03483149
-0.10000000, 0.03750000, 0.06250000, 0.03367105
-0.10000000, 0.02500000, 0.07500000, 0.03276517
-0.10000000, 0.01250000, 0.08750000, 0.03217645
-0.10000000, 0.00000000, 0.10000000, 0.03203815
-0.08750000, -0.01250000, 0.10000000, 0.03383010
-0.07500000, -0.02500000, 0.10000000, 0.03622853
-0.06250000, -0.03750000, 0.10000000, 0.03885740
-0.05000000, -0.05000000, 0.10000000, 0.04135084
-0.03750000, -0.06250000, 0.10000000, 0.04332623
-0.02500000, -0.07500000, 0.10000000, 0.04434973
-0.01250000, -0.08750000, 0.10000000, 0.04361364
0.00000000, -0.10000000, 0.10000000, 0.03822178
0.01250000, -0.10000000, 0.08750000, 0.05320768
0.02500000, -0.10000000, 0.07500000, 0.06560216
0.03750000, -0.10000000, 0.06250000, 0.07346278
0.05000000, -0.10000000, 0.05000000, 0.07655612
0.06250000, -0.10000000, 0.03750000, 0.07476657
0.07500000, -0.10000000, 0.02500000, 0.06804953
0.08750000, -0.10000000, 0.01250000, 0.05645357
0.10000000, -0.10000000, 0.00000000, 0.04046975
0.10000000, -0.08750000, -0.01250000, 0.03904627
0.10000000, -0.07500000, -0.02500000, 0.03763472
0.10000000, -0.06250000, -0.03750000, 0.03615779
0.10000000, -0.05000000, -0.05000000, 0.03483149
0.10000000, -0.03750000, -0.06250000, 0.03367105
0.10000000, -0.02500000, -0.07500000, 0.03276517
0.10000000, -0.01250000, -0.08750000, 0.03217645
0.15000000, 0.00000000, -0.15000000, 0.03036638
0.13125000, 0.01875000, -0.15000000, 0.03199011
0.11250000, 0.03750000, -0.15000000, 0.03434039
0.09375000, 0.05625000, -0.15000000, 0.03692818
0.07500000, 0.07500000, -0.15000000, 0.03939248
0.05625000, 0.09375000, -0.15000000, 0.04129310
0.03750000, 0.11250000, -0.15000000, 0.04215994
0.01875000, 0.13125000, -0.15000000, 0.04108359
0.00000000, 0.15000000, -0.15000000, 0.03490321
-0.01875000, 0.15000000, -0.13125000, 0.04382044
-0.03750000, 0.15000000, -0.11250000, 0.05244674
-0.05625000, 0.15000000, -0.09375000, 0.05862347
-0.07500000, 0.15000000, -0.07500000, 0.06202346
-0.09375000, 0.15000000, -0.05625000, 0.06251621
-0.11250000, 0.15000000, -0.03750000, 0.06009902
-0.13125000, 0.15000000, -0.01875000, 0.05480184
-0.15000000, 0.15000000, 0.00000000, 0.04713912
-0.15000000, 0.13125000, 0.01875000, 0.04423502
-0.15000000, 0.11250000, 0.03750000, 0.04134230
-0.15000000, 0.09375000, 0.05625000, 0.03857682
-0.15000000, 0.07500000, 0.07500000, 0.03608439
-0.15000000, 0.05625000, 0.09375000, 0.03388962
-0.15000000, 0.03750000, 0.11250000, 0.03212129
-0.15000000, 0.01875000, 0.13125000, 0.03086716
-0.15000000, 0.00000000, 0.15000000, 0.03036638
-0.13125000, -0.01875000, 0.15000000, 0.03199011
-0.11250000, -0.03750000, 0.15000000, 0.03434039
-0.09375000, -0.05625000, 0.15000000, 0.03692818
-0.07500000, -0.07500000, 0.15000000, 0.03939248
-0.05625000, -0.09375000, 0.15000000, 0.04129310
-0.03750000, -0.11250000, 0.15000000, 0.04215994
-0.01875000, -0.13125000, 0.15000000, 0.04108359
0.00000000, -0.15000000, 0.15000000, 0.03490321
0.01875000, -0.15000000, 0.13125000, 0.04382044
0.03750000, -0.15000000, 0.11250000, 0.05244674
0.05625000, -0.15000000, 0.09375000, 0.05862347
0.07500000, -0.15000000, 0.07500000, 0.06202346
0.09375000, -0.15000000, 0.05625000, 0.06251621
0.11250000, -0.15000000, 0.03750000, 0.06009902
0.13125000, -0.15000000, 0.01875000, 0.05480184
0.15000000, -0.15000000, 0.00000000, 0.04713912
0.15000000, -0.13125000, -0.01875000, 0.04423502
0.15000000, -0.11250000, -0.03750000, 0.04134230
0.15000000, -0.09375000, -0.05625000, 0.03857682
0.15000000, -0.07500000, -0.07500000, 0.03608439
0.15000000, -0.05625000, -0.09375000, 0.03388962
0.15000000, -0.03750000, -0.11250000, 0.03212129
0.15000000, -0.01875000, -0.13125000, 0.03086716
0.20000000, 0.00000000, -0.20000000, 0.02872833
0.17500000, 0.02500000, -0.20000000, 0.03047425
0.15000000, 0.05000000, -0.20000000, 0.03294571
0.12500000, 0.07500000, -0.20000000, 0.03556823
0.10000000, 0.10000000, -0.20000000, 0.03795064
0.07500000, 0.12500000, -0.20000000, 0.03965832
0.05000000, 0.15000000, -0.20000000, 0.04020805
0.02500000, 0.17500000, -0.20000000, 0.03866062
0.00000000, 0.20000000, -0.20000000, 0.03169322
-0.02500000, 0.20000000, -0.17500000, 0.03755649
-0.05000000, 0.20000000, -0.15000000, 0.04439392
-0.07500000, 0.20000000, -0.12500000, 0.04992236
-0.10000000, 0.20000000, -0.10000000, 0.05370950
-0.12500000, 0.20000000, -0.07500000, 0.05562041
-0.15000000, 0.20000000, -0.05000000, 0.05559312
-0.17500000, 0.20000000, -0.02500000, 0.05371881
-0.20000000, 0.20000000, 0.00000000, 0.05066643
-0.20000000, 0.17500000, 0.02500000, 0.04725318
-0.20000000, 0.15000000, 0.05000000, 0.04351879
-0.20000000, 0.12500000, 0.07500000, 0.03995494
-0.20000000, 0.10000000, 0.10000000, 0.03668392
-0.20000000, 0.07500000, 0.12500000, 0.03382607
-0.20000000, 0.05000000, 0.15000000, 0.03144992
-0.20000000, 0.02500000, 0.17500000, 0.02967520
-0.20000000, 0.00000000, 0.20000000, 0.02872833
-0.17500000, -0.02500000, 0.20000000, 0.03047425
-0.15000000, -0.05000000, 0.20000000, 0.03294571
-0.12500000, -0.07500000, 0.20000000, 0.03556823
-0.10000000, -0.10000000, 0.20000000, 0.03795064
-0.07500000, -0.12500000, 0.20000000, 0.03965832
-0.05000000, -0.15000000, 0.20000000, 0.04020805
-0.02500000, -0.17500000, 0.20000000, 0.03866062
0.00000000, -0.20000000, 0.20000000, 0.03169322
0.02500000, -0.20000000, 0.17500000, 0.03755649
0.05000000, -0.20000000, 0.15000000, 0.04439392
0.07500000, -0.20000000, 0.12500000, 0.04992236
0.10000000, -0.20000000, 0.10000000, 0.05370950
0.12500000, -0.20000000, 0.07500000, 0.05562041
0.15000000, -0.20000000, 0.05000000, 0.05559312
0.17500000, -0.20000000, 0.02500000, 0.05371881
0.20000000, -0.20000000, 0.00000000, 0.05066643
0.20000000, -0.17500000, -0.02500000, 0.04725318
0.20000000, -0.15000000, -0.05000000, 0.04351879
0.20000000, -0.12500000, -0.07500000, 0.03995494
0.20000000, -0.10000000, -0.10000000, 0.03668392
0.20000000, -0.07500000, -0.12500000, 0.03382607
0.20000000, -0.05000000, -0.15000000, 0.03144992
0.20000000, -0.02500000, -0.17500000, 0.02967520
0.25000000, 0.00000000, -0.25000000, 0.02568171
0.21875000, 0.03125000, -0.25000000, 0.02784793
0.18750000, 0.06250000, -0.25000000, 0.03050343
0.15625000, 0.09375000, -0.25000000, 0.03316072
0.12500000, 0.12500000, -0.25000000, 0.03548693
0.09375000, 0.15625000, -0.25000000, 0.03704180
0.06250000, 0.18750000, -0.25000000, 0.03735518
0.03125000, 0.21875000, -0.25000000, 0.03543440
0.00000000, 0.25000000, -0.25000000, 0.02784166
-0.03125000, 0.25000000, -0.21875000, 0.03195054
-0.06250000, 0.25000000, -0.18750000, 0.03789352
-0.09375000, 0.25000000, -0.15625000, 0.04313843
-0.12500000, 0.25000000, -0.12500000, 0.04717550
-0.15625000, 0.25000000, -0.09375000, 0.04980444
-0.18750000, 0.25000000, -0.06250000, 0.05097667
-0.21875000, 0.25000000, -0.03125000, 0.05078579
-0.25000000, 0.25000000, 0.00000000, 0.05018293
-0.25000000, 0.21875000, 0.03125000, 0.04728281
-0.25000000, 0.18750000, 0.06250000, 0.04347895
-0.25000000, 0.15625000, 0.09375000, 0.03959306
-0.25000000, 0.12500000, 0.12500000, 0.03589718
-0.25000000, 0.09375000, 0.15625000, 0.03253060
-0.25000000, 0.06250000, 0.18750000, 0.02962922
-0.25000000, 0.03125000, 0.21875000, 0.02728484
-0.25000000, 0.00000000, 0.25000000, 0.02568171
-0.21875000, -0.03125000, 0.25000000, 0.02784793
-0.18750000, -0.06250000, 0.25000000, 0.03050343
-0.15625000, -0.09375000, 0.25000000, 0.03316072
-0.12500000, -0.12500000, 0.25000000, 0.03548693
-0.09375000, -0.15625000, 0.25000000, 0.03704180
-0.06250000, -0.18750000, 0.25000000, 0.03735518
-0.03125000, -0.21875000, 0.25000000, 0.03543440
0.00000000, -0.25000000, 0.25000000, 0.02784166
0.03125000, -0.25000000, 0.21875000, 0.03195054
0.06250000, -0.25000000, 0.18750000, 0.03789352
0.09375000, -0.25000000, 0.15625000, 0.04313843
0.12500000, -0.25000000, 0.12500000, 0.04717550
0.15625000, -0.25000000, 0.09375000, 0.04980444
0.18750000, -0.25000000, 0.06250000, 0.05097667
0.21875000, -0.25000000, 0.03125000, 0.05078579
0.25000000, -0.25000000, 0.00000000, 0.05018293
0.25000000, -0.21875000, -0.03125000, 0.04728281
0.25000000, -0.18750000, -0.06250000, 0.04347895
0.25000000, -0.15625000, -0.09375000, 0.03959306
0.25000000, -0.12500000, -0.12500000, 0.03589718
0.25000000, -0.09375000, -0.15625000, 0.03253060
0.25000000, -0.06250000, -0.18750000, 0.02962922
0.25000000, -0.03125000, -0.21875000, 0.02728484
0.30000000, 0.00000000, -0.30000000, 0.02079472
0.26250000, 0.03750000, -0.30000000, 0.02344911
0.22500000, 0.07500000, -0.30000000, 0.02630704
0.18750000, 0.11250000, -0.30000000, 0.02898902
0.15000000, 0.15000000, -0.30000000, 0.03120879
0.11250000, 0.18750000, -0.30000000, 0.03259741
0.07500000, 0.22500000, -0.30000000, 0.03271818
0.03750000, 0.26250000, -0.30000000, 0.03065267
0.00000000, 0.30000000, -0.30000000, 0.02310311
-0.03750000, 0.30000000, -0.26250000, 0.02630800
-0.07500000, 0.30000000, -0.22500000, 0.03174494
-0.11250000, 0.30000000, -0.18750000, 0.03682094
-0.15000000, 0.30000000, -0.15000000, 0.04094654
-0.18750000, 0.30000000, -0.11250000, 0.04383526
-0.22500000, 0.30000000, -0.07500000, 0.04533668
-0.26250000, 0.30000000, -0.03750000, 0.04554644
-0.30000000, 0.30000000, 0.00000000, 0.04574235
-0.30000000, 0.26250000, 0.03750000, 0.04410886
-0.30000000, 0.22500000, 0.07500000, 0.04072673
-0.30000000, 0.18750000, 0.11250000, 0.03691562
-0.30000000, 0.15000000, 0.15000000, 0.03308851
-0.30000000, 0.11250000, 0.18750000, 0.02944431
-0.30000000, 0.07500000, 0.22500000, 0.02612954
-0.30000000, 0.03750000, 0.26250000, 0.02321134
-0.30000000, 0.00000000, 0.30000000, 0.02079472
-0.26250000, -0.03750000, 0.30000000, 0.02344911
-0.22500000, -0.07500000, 0.30000000, 0.02630704
-0.18750000, -0.11250000, 0.30000000, 0.02898902
-0.15000000, -0.15000000, 0.30000000, 0.03120879
-0.11250000, -0.18750000, 0.30000000, 0.03259741
-0.07500000, -0.22500000, 0.30000000, 0.03271818
-0.03750000, -0.26250000, 0.30000000, 0.03065267
0.00000000, -0.30000000, 0.30000000, 0.02310311
0.03750000, -0.30000000, 0.26250000, 0.02630800
0.07500000, -0.30000000, 0.22500000, 0.03174494
0.11250000, -0.30000000, 0.18750000, 0.03682094
0.15000000, -0.30000000, 0.15000000, 0.04094654
0.18750000, -0.30000000, 0.11250000, 0.04383526
0.22500000, -0.30000000, 0.07500000, 0.04533668
0.26250000, -0.30000000, 0.03750000, 0.04554644
0.30000000, -0.30000000, 0.00000000, 0.04574235
0.30000000, -0.26250000, -0.03750000, 0.04410886
0.30000000, -0.22500000, -0.07500000, 0.04072673
0.30000000, -0.18750000, -0.11250000, 0.03691562
0.30000000, -0.15000000, -0.15000000, 0.03308851
0.30000000, -0.11250000, -0.18750000, 0.02944431
0.30000000, -0.07500000, -0.22500000, 0.02612954
0.30000000, -0.03750000, -0.26250000, 0.02321134
0.35000000, 0.00000000, -0.35000000, 0.01474347
0.30625000, 0.04375000, -0.35000000, 0.01766929
0.26250000, 0.08750000, -0.35000000, 0.02059872
0.21875000, 0.13125000, -0.35000000, 0.02320664
0.17500000, 0.17500000, -0.35000000, 0.02526300
0.13125000, 0.21875000, -0.35000000, 0.02647050
0.08750000, 0.26250000, -0.35000000, 0.02648889
0.04375000, 0.30625000, -0.35000000, 0.02453358
0.00000000, 0.35000000, -0.35000000, 0.01771363
-0.04375000, 0.35000000, -0.30625000, 0.02052664
-0.08750000, 0.35000000, -0.26250000, 0.02561894
-0.13125000, 0.35000000, -0.21875000, 0.03053541
-0.17500000, 0.35000000, -0.17500000, 0.03458833
-0.21875000, 0.35000000, -0.13125000, 0.03737376
-0.26250000, 0.35000000, -0.08750000, 0.03858655
-0.30625000, 0.35000000, -0.04375000, 0.03830708
-0.35000000, 0.35000000, 0.00000000, 0.03810977
-0.35000000, 0.30625000, 0.04375000, 0.03799827
-0.35000000, 0.26250000, 0.08750000, 0.03533708
-0.35000000, 0.21875000, 0.13125000, 0.03190134
-0.35000000, 0.17500000, 0.17500000, 0.02821711
-0.35000000, 0.13125000, 0.21875000, 0.02455109
-0.35000000, 0.08750000, 0.26250000, 0.02103486
-0.35000000, 0.04375000, 0.30625000, 0.01774406
-0.35000000, 0.00000000, 0.35000000, 0.01474347
-0.30625000, -0.04375000, 0.35000000, 0.01766929
-0.26250000, -0.08750000, 0.35000000, 0.02059872
-0.21875000, -0.13125000, 0.35000000, 0.02320664
-0.17500000, -0.17500000, 0.35000000, 0.02526300
-0.13125000, -0.21875000, 0.35000000, 0.02647050
-0.08750000, -0.26250000, 0.35000000, 0.02648889
-0.04375000, -0.30625000, 0.35000000, 0.02453358
0.00000000, -0.35000000, 0.35000000, 0.01771363
0.04375000, -0.35000000, 0.30625000, 0.02052664
0.08750000, -0.35000000, 0.26250000, 0.02561894
0.13125000, -0.35000000, 0.21875000, 0.03053541
0.17500000, -0.35000000, 0.17500000, 0.03458833
0.21875000, -0.35000000, 0.13125000, 0.03737376
0.26250000, -0.35000000, 0.08750000, 0.03858655
0.30625000, -0.35000000, 0.04375000, 0.03830708
0.35000000, -0.35000000, 0.00000000, 0.03810977
0.35000000, -0.30625000, -0.04375000, 0.03799827
0.35000000, -0.26250000, -0.08750000, 0.03533708
0.35000000, -0.21875000, -0.13125000, 0.03190134
0.35000000, -0.17500000, -0.17500000, 0.02821711
0.35000000, -0.13125000, -0.21875000, 0.02455109
0.35000000, -0.08750000, -0.26250000, 0.02103486
0.35000000, -0.04375000, -0.30625000, 0.01774406
0.40000000, 0.00000000, -0.40000000, 0.00891872
0.35000000, 0.05000000, -0.40000000, 0.01168436
0.30000000, 0.10000000, -0.40000000, 0.01438334
0.25000000, 0.15000000, -0.40000000, 0.01671946
0.20000000, 0.20000000, -0.40000000, 0.01852646
0.15000000, 0.25000000, -0.40000000, 0.01956227
0.10000000, 0.30000000, -0.40000000, 0.01958030
0.05000000, 0.35000000, -0.40000000, 0.01794692
0.00000000, 0.40000000, -0.40000000, 0.01231799
-0.05000000, 0.40000000, -0.35000000, 0.01489732
-0.10000000, 0.40000000, -0.30000000, 0.01964170
-0.15000000, 0.40000000, -0.25000000, 0.02432217
-0.20000000, 0.40000000, -0.20000000, 0.02814981
-0.25000000, 0.40000000, -0.15000000, 0.03054660
-0.30000000, 0.40000000, -0.10000000, 0.03110726
-0.35000000, 0.40000000, -0.05000000, 0.02988973
-0.40000000, 0.40000000, 0.00000000, 0.02871336
-0.40000000, 0.35000000, 0.05000000, 0.02986911
-0.40000000, 0.30000000, 0.10000000, 0.02805267
-0.40000000, 0.25000000, 0.15000000, 0.02520582
-0.40000000, 0.20000000, 0.20000000, 0.02193472
-0.40000000, 0.15000000, 0.25000000, 0.01851622
-0.40000000, 0.10000000, 0.30000000, 0.01513925
-0.40000000, 0.05000000, 0.35000000, 0.01190006
-0.40000000, 0.00000000, 0.40000000, 0.00891872
-0.35000000, -0.05000000, 0.40000000, 0.01168436
-0.30000000, -0.10000000, 0.40000000, 0.01438334
-0.25000000, -0.15000000, 0.40000000, 0.01671946
-0.20000000, -0.20000000, 0.40000000, 0.01852646
-0.15000000, -0.25000000, 0.40000000, 0.01956227
-0.10000000, -0.30000000, 0.40000000, 0.01958030
-0.05000000, -0.35000000, 0.40000000, 0.01794692
0.00000000, -0.40000000, 0.40000000, 0.01231799
0.05000000, -0.40000000, 0.35000000, 0.01489732
0.10000000, -0.40000000, 0.30000000, 0.01964170
0.15000000, -0.40000000, 0.25000000, 0.02432217
0.20000000, -0.40000000, 0.20000000, 0.02814981
0.25000000, -0.40000000, 0.15000000, 0.03054660
0.30000000, -0.40000000, 0.10000000, 0.03110726
0.35000000, -0.40000000, 0.05000000, 0.02988973
0.40000000, -0.40000000, 0.00000000, 0.02871336
0.40000000, -0.35000000, -0.05000000, 0.02986911
0.40000000, -0.30000000, -0.10000000, 0.02805267
0.40000000, -0.25000000, -0.15000000, 0.02520582
0.40000000, -0.20000000, -0.20000000, 0.02193472
0.40000000, -0.15000000, -0.25000000, 0.01851622
0.40000000, -0.10000000, -0.30000000, 0.01513925
0.40000000, -0.05000000, -0.35000000, 0.01190006
0.45000000, 0.00000000, -0.45000000, 0.00449561
0.39375000, 0.05625000, -0.45000000, 0.00667190
0.33750000, 0.11250000, -0.45000000, 0.00883547
0.28125000, 0.16875000, -0.45000000, 0.01070522
0.22500000, 0.22500000, -0.45000000, 0.01214399
0.16875000, 0.28125000, -0.45000000, 0.01297147
0.11250000, 0.33750000, -0.45000000, 0.01300906
0.05625000, 0.39375000, -0.45000000, 0.01180389
0.00000000, 0.45000000, -0.45000000, 0.00763492
-0.05625000, 0.45000000, -0.39375000, 0.00990873
-0.11250000, 0.45000000, -0.33750000, 0.01414290
-0.16875000, 0.45000000, -0.28125000, 0.01843268
-0.22500000, 0.45000000, -0.22500000, 0.02189160
-0.28125000, 0.45000000, -0.16875000, 0.02376373
-0.33750000, 0.45000000, -0.11250000, 0.02357061
-0.39375000, 0.45000000, -0.05625000, 0.02142951
-0.45000000, 0.45000000, 0.00000000, 0.01932973
-0.45000000, 0.39375000, 0.05625000, 0.02117037
-0.45000000, 0.33750000, 0.11250000, 0.02011117
-0.45000000, 0.28125000, 0.16875000, 0.01796517
-0.45000000, 0.22500000, 0.22500000, 0.01532679
-0.45000000, 0.16875000, 0.28125000, 0.01246441
-0.45000000, 0.11250000, 0.33750000, 0.00961265
-0.45000000, 0.05625000, 0.39375000, 0.00689312
-0.45000000, 0.00000000, 0.45000000, 0.00449561
-0.39375000, -0.05625000, 0.45000000, 0.00667190
-0.33750000, -0.11250000, 0.45000000, 0.00883547
-0.28125000, -0.16875000, 0.45000000, 0.01070522
-0.22500000, -0.22500000, 0.45000000, 0.01214399
-0.16875000, -0.28125000, 0.45000000, 0.01297147
-0.11250000, -0.33750000, 0.45000000, 0.01300906
-0.05625000, -0.39375000, 0.45000000, 0.01180389
0.00000000, -0.45000000, 0.45000000, 0.00763492
0.05625000, -0.45000000, 0.39375000, 0.00990873
0.11250000, -0.45000000, 0.33750000, 0.01414290
0.16875000, -0.45000000, 0.28125000, 0.01843268
0.22500000, -0.45000000, 0.22500000, 0.02189160
0.28125000, -0.45000000, 0.16875000, 0.02376373
0.33750000, -0.45000000, 0.11250000, 0.02357061
0.39375000, -0.45000000, 0.05625000, 0.02142951
0.45000000, -0.45000000, 0.00000000, 0.01932973
0.45000000, -0.39375000, -0.05625000, 0.02117037
0.45000000, -0.33750000, -0.11250000, 0.02011117
0.45000000, -0.28125000, -0.16875000, 0.01796517
0.45000000, -0.22500000, -0.22500000, 0.01532679
0.45000000, -0.16875000, -0.28125000, 0.01246441
0.45000000, -0.11250000, -0.33750000, 0.00961265
0.45000000, -0.05625000, -0.39375000, 0.00689312
0.50000000, 0.00000000, -0.50000000, 0.00183130
0.43750000, 0.06250000, -0.50000000, 0.00322773
0.37500000, 0.12500000, -0.50000000, 0.00470614
0.31250000, 0.18750000, -0.50000000, 0.00601142
0.25000000, 0.25000000, -0.50000000, 0.00701167
0.18750000, 0.31250000, -0.50000000, 0.00758817
0.12500000, 0.37500000, -0.50000000, 0.00762091
0.06250000, 0.43750000, -0.50000000, 0.00683755
0.00000000, 0.50000000, -0.50000000, 0.00413042
-0.06250000, 0.50000000, -0.43750000, 0.00594855
-0.12500000, 0.50000000, -0.37500000, 0.00946092
-0.18750000, 0.50000000, -0.31250000, 0.01317797
-0.25000000, 0.50000000, -0.25000000, 0.01614369
-0.31250000, 0.50000000, -0.18750000, 0.01747536
-0.37500000, 0.50000000, -0.12500000, 0.01665183
-0.43750000, 0.50000000, -0.06250000, 0.01396269
-0.50000000, 0.50000000, 0.00000000, 0.01144881
-0.50000000, 0.43750000, 0.06250000, 0.01334510
-0.50000000, 0.37500000, 0.12500000, 0.01283236
-0.50000000, 0.31250000, 0.18750000, 0.01138330
-0.50000000, 0.25000000, 0.25000000, 0.00948460
-0.50000000, 0.18750000, 0.31250000, 0.00739504
-0.50000000, 0.12500000, 0.37500000, 0.00532297
-0.50000000, 0.06250000, 0.43750000, 0.00340376
-0.50000000, 0.00000000, 0.50000000, 0.00183130
-0.43750000, -0.06250000, 0.50000000, 0.00322773
-0.37500000, -0.12500000, 0.50000000, 0.00470614
-0.31250000, -0.18750000, 0.50000000, 0.00601142
-0.25000000, -0.25000000, 0.50000000, 0.00701167
-0.18750000, -0.31250000, 0.50000000, 0.00758817
-0.12500000, -0.37500000, 0.50000000, 0.00762091
-0.06250000, -0.43750000, 0.50000000, 0.00683755
0.00000000, -0.50000000, 0.50000000, 0.00413042
0.06250000, -0.50000000, 0.43750000, 0.00594855
0.12500000, -0.50000000, 0.37500000, 0.00946092
0.18750000, -0.50000000, 0.31250000, 0.01317797
0.25000000, -0.50000000, 0.25000000, 0.01614369
0.31250000, -0.50000000, 0.18750000, 0.01747536
0.37500000, -0.50000000, 0.12500000, 0.01665183
0.43750000, -0.50000000, 0.06250000, 0.01396269
0.50000000, -0.50000000, 0.00000000, 0.01144881
0.50000000, -0.43750000, -0.06250000, 0.01334510
0.50000000, -0.37500000, -0.12500000, 0.01283236
0.50000000, -0.31250000, -0.18750000, 0.01138330
0.50000000, -0.25000000, -0.25000000, 0.00948460
0.50000000, -0.18750000, -0.31250000, 0.00739504
0.50000000, -0.12500000, -0.37500000, 0.00532297
0.50000000, -0.06250000, -0.43750000, 0.00340376
0.55000000, 0.00000000, -0.55000000, 0.00057701
0.48125000, 0.06875000, -0.55000000, 0.00129080
0.41250000, 0.13750000, -0.55000000, 0.00212983
0.34375000, 0.20625000, -0.55000000, 0.00290124
0.27500000, 0.27500000, -0.55000000, 0.00349535
0.20625000, 0.34375000, -0.55000000, 0.00383629
0.13750000, 0.41250000, -0.55000000, 0.00385660
0.06875000, 0.48125000, -0.55000000, 0.00341390
0.00000000, 0.55000000, -0.55000000, 0.00189130
-0.06875000, 0.55000000, -0.48125000, 0.00315298
-0.13750000, 0.55000000, -0.41250000, 0.00581088
-0.20625000, 0.55000000, -0.34375000, 0.00881192
-0.27500000, 0.55000000, -0.27500000, 0.01120028
-0.34375000, 0.55000000, -0.20625000, 0.01203982
-0.41250000, 0.55000000, -0.13750000, 0.01085006
-0.48125000, 0.55000000, -0.06875000, 0.00813810
-0.55000000, 0.55000000, 0.00000000, 0.00582962
-0.55000000, 0.48125000, 0.06875000, 0.00734056
-0.55000000, 0.41250000, 0.13750000, 0.00715718
-0.55000000, 0.34375000, 0.20625000, 0.00629879
-0.55000000, 0.27500000, 0.27500000, 0.00510593
-0.55000000, 0.20625000, 0.34375000, 0.00379830
-0.55000000, 0.13750000, 0.41250000, 0.00252568
-0.55000000, 0.06875000, 0.48125000, 0.00140613
-0.55000000, 0.00000000, 0.55000000, 0.00057701
-0.48125000, -0.06875000, 0.55000000, 0.00129080
-0.41250000, -0.13750000, 0.55000000, 0.00212983
-0.34375000, -0.20625000, 0.55000000, 0.00290124
-0.27500000, -0.27500000, 0.55000000, 0.00349535
-0.20625000, -0.34375000, 0.55000000, 0.00383629
-0.13750000, -0.41250000, 0.55000000, 0.00385660
-0.06875000, -0.48125000, 0.55000000, 0.00341390
0.00000000, -0.55000000, 0.55000000, 0.00189130
0.06875000, -0.55000000, 0.48125000, 0.00315298
0.13750000, -0.55000000, 0.41250000, 0.00581088
0.20625000, -0.55000000, 0.34375000, 0.00881192
0.27500000, -0.55000000, 0.27500000, 0.01120028
0.34375000, -0.55000000, 0.20625000, 0.01203982
0.41250000, -0.55000000, 0.13750000, 0.01085006
0.48125000, -0.55000000, 0.06875000, 0.00813810
0.55000000, -0.55000000, 0.00000000, 0.00582962
0.55000000, -0.48125000, -0.06875000, 0.00734056
0.55000000, -0.41250000, -0.13750000, 0.00715718
0.55000000, -0.34375000, -0.20625000, 0.00629879
0.55000000, -0.27500000, -0.27500000, 0.00510593
0.55000000, -0.20625000, -0.34375000, 0.00379830
0.55000000, -0.13750000, -0.41250000, 0.00252568
0.55000000, -0.06875000, -0.48125000, 0.00140613
0.60000000, 0.00000000, -0.60000000, 0.00013477
0.52500000, 0.07500000, -0.60000000, 0.00041617
0.45000000, 0.15000000, -0.60000000, 0.00079425
0.37500000, 0.22500000, -0.60000000, 0.00116306
0.30000000, 0.30000000, -0.60000000, 0.00145977
0.22500000, 0.37500000, -0.60000000, 0.00163297
0.15000000, 0.45000000, -0.60000000, 0.00165143
0.07500000, 0.52500000, -0.60000000, 0.00144059
0.00000000, 0.60000000, -0.60000000, 0.00069717
-0.07500000, 0.60000000, -0.52500000, 0.00142264
-0.15000000, 0.60000000, -0.45000000, 0.00323006
-0.22500000, 0.60000000, -0.37500000, 0.00545706
-0.30000000, 0.60000000, -0.30000000, 0.00724340
-0.37500000, 0.60000000, -0.22500000, 0.00768358
-0.45000000, 0.60000000, -0.15000000, 0.00642750
-0.52500000, 0.60000000, -0.07500000, 0.00414452
-0.60000000, 0.60000000, 0.00000000, 0.00246041
-0.60000000, 0.52500000, 0.07500000, 0.00342576
-0.60000000, 0.45000000, 0.15000000, 0.00340499
-0.60000000, 0.37500000, 0.22500000, 0.00297164
-0.60000000, 0.30000000, 0.30000000, 0.00233568
-0.60000000, 0.22500000, 0.37500000, 0.00164148
-0.60000000, 0.15000000, 0.45000000, 0.00099467
-0.60000000, 0.07500000, 0.52500000, 0.00046907
-0.60000000, 0.00000000, 0.60000000, 0.00013477
-0.52500000, -0.07500000, 0.60000000, 0.00041617
-0.45000000, -0.15000000, 0.60000000, 0.00079425
-0.37500000, -0.22500000, 0.60000000, 0.00116306
-0.30000000, -0.30000000, 0.60000000, 0.00145977
-0.22500000, -0.37500000, 0.60000000, 0.00163297
-0.15000000, -0.45000000, 0.60000000, 0.00165143
-0.07500000, -0.52500000, 0.60000000, 0.00144059
0.00000000, -0.60000000, 0.60000000, 0.00069717
0.07500000, -0.60000000, 0.52500000, 0.00142264
0.15000000, -0.60000000, 0.45000000, 0.00323006
0.22500000, -0.60000000, 0.37500000, 0.00545706
0.30000000, -0.60000000, 0.30000000, 0.00724340
0.37500000, -0.60000000, 0.22500000, 0.00768358
0.45000000, -0.60000000, 0.15000000, 0.00642750
0.52500000, -0.60000000, 0.07500000, 0.00414452
0.60000000, -0.60000000, 0.00000000, 0.00246041
0.60000000, -0.52500000, -0.07500000, 0.00342576
0.60000000, -0.45000000, -0.15000000, 0.00340499
0.60000000, -0.37500000, -0.22500000, 0.00297164
0.60000000, -0.30000000, -0.30000000, 0.00233568
0.60000000, -0.22500000, -0.37500000, 0.00164148
0.60000000, -0.15000000, -0.45000000, 0.00099467
0.60000000, -0.07500000, -0.52500000, 0.00046907
0.65000000, 0.00000000, -0.65000000, 0.00002445
0.56875000, 0.08125000, -0.65000000, 0.00010764
0.48750000, 0.16250000, -0.65000000, 0.00023309
0.40625000, 0.24375000, -0.65000000, 0.00036647
0.32500000, 0.32500000, -0.65000000, 0.00048745
0.24375000, 0.40625000, -0.65000000, 0.00056450
0.16250000, 0.48750000, -0.65000000, 0.00058350
0.08125000, 0.56875000, -0.65000000, 0.00050373
0.00000000, 0.65000000, -0.65000000, 0.00018951
-0.08125000, 0.65000000, -0.56875000, 0.00051244
-0.16250000, 0.65000000, -0.48750000, 0.00159439
-0.24375000, 0.65000000, -0.40625000, 0.00308873
-0.32500000, 0.65000000, -0.32500000, 0.00431292
-0.40625000, 0.65000000, -0.24375000, 0.00448177
-0.48750000, 0.65000000, -0.16250000, 0.00340179
-0.56875000, 0.65000000, -0.08125000, 0.00178427
-0.65000000, 0.65000000, 0.00000000, 0.00081481
-0.65000000, 0.56875000, 0.08125000, 0.00130448
-0.65000000, 0.48750000, 0.16250000, 0.00133626
-0.65000000, 0.40625000, 0.24375000, 0.00115725
-0.65000000, 0.32500000, 0.32500000, 0.00087999
-0.65000000, 0.24375000, 0.40625000, 0.00057276
-0.65000000, 0.16250000, 0.48750000, 0.00030892
-0.65000000, 0.08125000, 0.56875000, 0.00011765
-0.65000000, 0.00000000, 0.65000000, 0.00002445
-0.56875000, -0.08125000, 0.65000000, 0.00010764
-0.48750000, -0.16250000, 0.65000000, 0.00023309
-0.40625000, -0.24375000, 0.65000000, 0.00036647
-0.32500000, -0.32500000, 0.65000000, 0.00048745
-0.24375000, -0.40625000, 0.65000000, 0.00056450
-0.16250000, -0.48750000, 0.65000000, 0.00058350
-0.08125000, -0.56875000, 0.65000000, 0.00050373
0.00000000, -0.65000000, 0.65000000, 0.00018951
0.08125000, -0.65000000, 0.56875000, 0.00051244
0.16250000, -0.65000000, 0.48750000, 0.00159439
0.24375000, -0.65000000, 0.40625000, 0.00308873
0.32500000, -0.65000000, 0.32500000, 0.00431292
0.40625000, -0.65000000, 0.24375000, 0.00448177
0.48750000, -0.65000000, 0.16250000, 0.00340179
0.56875000, -0.65000000, 0.08125000, 0.00178427
0.65000000, -0.65000000, 0.00000000, 0.00081481
0.65000000, -0.56875000, -0.08125000, 0.00130448
0.65000000, -0.48750000, -0.16250000, 0.00133626
0.65000000, -0.40625000, -0.24375000, 0.00115725
0.65000000, -0.32500000, -0.32500000, 0.00087999
0.65000000, -0.24375000, -0.40625000, 0.00057276
0.65000000, -0.16250000, -0.48750000, 0.00030892
0.65000000, -0.08125000, -0.56875000, 0.00011765
0.70000000, 0.00000000, -0.70000000, 0.00000193
0.61250000, 0.08750000, -0.70000000, 0.00002102
0.52500000, 0.17500000, -0.70000000, 0.00005002
0.43750000, 0.26250000, -0.70000000, 0.00008503
0.35000000, 0.35000000, -0.70000000, 0.00012100
0.26250000, 0.43750000, -0.70000000, 0.00014753
0.17500000, 0.52500000, -0.70000000, 0.00015721
0.08750000, 0.61250000, -0.70000000, 0.00013543
0.00000000, 0.70000000, -0.70000000, 0.00003219
-0.08750000, 0.70000000, -0.61250000, 0.00012969
-0.17500000, 0.70000000, -0.52500000, 0.00068064
-0.26250000, 0.70000000, -0.43750000, 0.00156742
-0.35000000, 0.70000000, -0.35000000, 0.00232204
-0.43750000, 0.70000000, -0.26250000, 0.00235130
-0.52500000, 0.70000000, -0.17500000, 0.00157683
-0.61250000, 0.70000000, -0.08750000, 0.00062318
-0.70000000, 0.70000000, 0.00000000, 0.00020070
-0.70000000, 0.61250000, 0.08750000, 0.00038995
-0.70000000, 0.52500000, 0.17500000, 0.00041539
-0.70000000, 0.43750000, 0.26250000, 0.00035784
-0.70000000, 0.35000000, 0.35000000, 0.00026264
-0.70000000, 0.26250000, 0.43750000, 0.00015632
-0.70000000, 0.17500000, 0.52500000, 0.00007362
-0.70000000, 0.08750000, 0.61250000, 0.00002047
-0.70000000, 0.00000000, 0.70000000, 0.00000193
-0.61250000, -0.08750000, 0.70000000, 0.00002102
-0.52500000, -0.17500000, 0.70000000, 0.00005002
-0.43750000, -0.26250000, 0.70000000, 0.00008503
-0.35000000, -0.35000000, 0.70000000, 0.00012100
-0.26250000, -0.43750000, 0.70000000, 0.00014753
-0.17500000, -0.52500000, 0.70000000, 0.00015721
-0.08750000, -0.61250000, 0.70000000, 0.00013543
0.00000000, -0.70000000, 0.70000000, 0.00003219
0.08750000, -0.70000000, 0.61250000, 0.00012969
0.17500000, -0.70000000, 0.52500000, 0.00068064
0.26250000, -0.70000000, 0.43750000, 0.00156742
0.35000000, -0.70000000, 0.35000000, 0.00232204
0.43750000, -0.70000000, 0.26250000, 0.00235130
0.52500000, -0.70000000, 0.17500000, 0.00157683
0.61250000, -0.70000000, 0.08750000, 0.00062318
0.70000000, -0.70000000, 0.00000000, 0.00020070
0.70000000, -0.61250000, -0.08750000, 0.00038995
0.70000000, -0.52500000, -0.17500000, 0.00041539
0.70000000, -0.43750000, -0.26250000, 0.00035784
0.70000000, -0.35000000, -0.35000000, 0.00026264
0.70000000, -0.26250000, -0.43750000, 0.00015632
0.70000000, -0.17500000, -0.52500000, 0.00007362
0.70000000, -0.08750000, -0.61250000, 0.00002047
0.75000000, 0.00000000, -0.75000000, -0.00000411
0.65625000, 0.09375000, -0.75000000, -0.00000153
0.56250000, 0.18750000, -0.75000000, 0.00000615
0.46875000, 0.28125000, -0.75000000, 0.00001570
0.37500000, 0.37500000, -0.75000000, 0.00001937
0.28125000, 0.46875000, -0.75000000, 0.00002085
0.18750000, 0.56250000, -0.75000000, 0.00001759
0.09375000, 0.65625000, -0.75000000, 0.00001358
0.00000000, 0.75000000, -0.75000000, 0.00000178
-0.09375000, 0.75000000, -0.65625000, 0.00001503
-0.18750000, 0.75000000, -0.56250000, 0.00024154
-0.28125000, 0.75000000, -0.46875000, 0.00069268
-0.37500000, 0.75000000, -0.37500000, 0.00109958
-0.46875000, 0.75000000, -0.28125000, 0.00108310
-0.56250000, 0.75000000, -0.18750000, 0.00062404
-0.65625000, 0.75000000, -0.09375000, 0.00016956
-0.75000000, 0.75000000, 0.00000000, 0.00004083
-0.75000000, 0.65625000, 0.09375000, 0.00009373
-0.75000000, 0.56250000, 0.18750000, 0.00009879
-0.75000000, 0.46875000, 0.28125000, 0.00008474
-0.75000000, 0.37500000, 0.37500000, 0.00005871
-0.75000000, 0.28125000, 0.46875000, 0.00003678
-0.75000000, 0.18750000, 0.56250000, 0.00001820
-0.75000000, 0.09375000, 0.65625000, 0.00000535
-0.75000000, 0.00000000, 0.75000000, -0.00000411
-0.65625000, -0.09375000, 0.75000000, -0.00000153
-0.56250000, -0.18750000, 0.75000000, 0.00000615
-0.46875000, -0.28125000, 0.75000000, 0.00001570
-0.37500000, -0.37500000, 0.75000000, 0.00001937
-0.28125000, -0.46875000, 0.75000000, 0.00002085
-0.18750000, -0.56250000, 0.75000000, 0.00001759
-0.09375000, -0.65625000, 0.75000000, 0.00001358
0.00000000, -0.75000000, 0.75000000, 0.00000178
0.09375000, -0.75000000, 0.65625000, 0.00001503
0.18750000, -0.75000000, 0.56250000, 0.00024154
0.28125000, -0.75000000, 0.46875000, 0.00069268
0.37500000, -0.75000000, 0.37500000, 0.00109958
0.46875000, -0.75000000, 0.28125000, 0.00108310
0.56250000, -0.75000000, 0.18750000, 0.00062404
0.65625000, -0.75000000, 0.09375000, 0.00016956
0.75000000, -0.75000000, 0.00000000, 0.00004083
0.75000000, -0.65625000, -0.09375000, 0.00009373
0.75000000, -0.56250000, -0.18750000, 0.00009879
0.75000000, -0.46875000, -0.28125000, 0.00008474
0.75000000, -0.37500000, -0.37500000, 0.00005871
0.75000000, -0.28125000, -0.46875000, 0.00003678
0.75000000, -0.18750000, -0.56250000, 0.00001820
0.75000000, -0.09375000, -0.65625000, 0.00000535
0.80000000, 0.00000000, -0.80000000, -0.00000141
0.70000000, 0.10000000, -0.80000000, -0.00000334
0.60000000, 0.20000000, -0.80000000, -0.00000076
0.50000000, 0.30000000, -0.80000000, 0.00000211
0.40000000, 0.40000000, -0.80000000, -0.00000019
0.30000000, 0.50000000, -0.80000000, -0.00000425
0.20000000, 0.60000000, -0.80000000, -0.00000900
0.10000000, 0.70000000, -0.80000000, -0.00000961
0.00000000, 0.80000000, -0.80000000, -0.00000265
-0.10000000, 0.80000000, -0.70000000, -0.00000522
-0.20000000, 0.80000000, -0.60000000, 0.00006643
-0.30000000, 0.80000000, -0.50000000, 0.00025486
-0.40000000, 0.80000000, -0.40000000, 0.00043816
-0.50000000, 0.80000000, -0.30000000, 0.00041621
-0.60000000, 0.80000000, -0.20000000, 0.00019884
-0.70000000, 0.80000000, -0.10000000, 0.00003142
-0.80000000, 0.80000000, 0.00000000, 0.00000549
-0.80000000, 0.70000000, 0.10000000, 0.00001734
-0.80000000, 0.60000000, 0.20000000, 0.00001548
-0.80000000, 0.50000000, 0.30000000, 0.00001291
-0.80000000, 0.40000000, 0.40000000, 0.00000705
-0.80000000, 0.30000000, 0.50000000, 0.00000752
-0.80000000, 0.20000000, 0.60000000, 0.00000557
-0.80000000, 0.10000000, 0.70000000, 0.00000369
-0.80000000, 0.00000000, 0.80000000, -0.00000141
-0.70000000, -0.10000000, 0.80000000, -0.00000334
-0.60000000, -0.20000000, 0.80000000, -0.00000076
-0.50000000, -0.30000000, 0.80000000, 0.00000211
-0.40000000, -0.40000000, 0.80000000, -0.00000019
-0.30000000, -0.50000000, 0.80000000, -0.00000425
-0.20000000, -0.60000000, 0.80000000, -0.00000900
-0.10000000, -0.70000000, 0.80000000, -0.00000961
0.00000000, -0.80000000, 0.80000000, -0.00000265
0.10000000, -0.80000000, 0.70000000, -0.00000522
0.20000000, -0.80000000, 0.60000000, 0.00006643
0.30000000, -0.80000000, 0.50000000, 0.00025486
0.40000000, -0.80000000, 0.40000000, 0.00043816
0.50000000, -0.80000000, 0.30000000, 0.00041621
0.60000000, -0.80000000, 0.20000000, 0.00019884
0.70000000, -0.80000000, 0.10000000, 0.00003142
0.80000000, -0.80000000, 0.00000000, 0.00000549
0.80000000, -0.70000000, -0.10000000, 0.00001734
0.80000000, -0.60000000, -0.20000000, 0.00001548
0.80000000, -0.50000000, -0.30000000, 0.00001291
0.80000000, -0.40000000, -0.40000000, 0.00000705
0.80000000, -0.30000000, -0.50000000, 0.00000752
0.80000000, -0.20000000, -0.60000000, 0.00000557
0.80000000, -0.10000000, -0.70000000, 0.00000369
0.85000000, 0.00000000, -0.85000000, 0.00000296
0.74375000, 0.10625000, -0.85000000, 0.00000268
0.63750000, 0.21250000, -0.85000000, -0.00000024
0.53125000, 0.31875000, -0.85000000, -0.00000337
0.42500000, 0.42500000, -0.85000000, -0.00000235
0.31875000, 0.53125000, -0.85000000, -0.00000057
0.21250000, 0.63750000, -0.85000000, 0.00000294
0.10625000, 0.74375000, -0.85000000, 0.00000348
0.00000000, 0.85000000, -0.85000000, -0.00000343
-0.10625000, 0.85000000, -0.74375000, -0.00000718
-0.21250000, 0.85000000, -0.63750000, 0.00001189
-0.31875000, 0.85000000, -0.53125000, 0.00007243
-0.42500000, 0.85000000, -0.42500000, 0.00013584
-0.53125000, 0.85000000, -0.31875000, 0.00011757
-0.63750000, 0.85000000, -0.21250000, 0.00004085
-0.74375000, 0.85000000, -0.10625000, -0.00000451
-0.85000000, 0.85000000, 0.00000000, -0.00000896
-0.85000000, 0.74375000, 0.10625000, -0.00000611
-0.85000000, 0.63750000, 0.21250000, -0.00000278
-0.85000000, 0.53125000, 0.31875000, -0.00000233
-0.85000000, 0.42500000, 0.42500000, -0.00000177
-0.85000000, 0.31875000, 0.53125000, -0.00000384
-0.85000000, 0.21250000, 0.63750000, -0.00000300
-0.85000000, 0.10625000, 0.74375000, -0.00000067
-0.85000000, 0.00000000, 0.85000000, 0.00000296
-0.74375000, -0.10625000, 0.85000000, 0.00000268
-0.63750000, -0.21250000, 0.85000000, -0.00000024
-0.53125000, -0.31875000, 0.85000000, -0.00000337
-0.42500000, -0.42500000, 0.85000000, -0.00000235
-0.31875000, -0.53125000, 0.85000000, -0.00000057
-0.21250000, -0.63750000, 0.85000000, 0.00000294
-0.10625000, -0.74375000, 0.85000000, 0.00000348
0.00000000, -0.85000000, 0.85000000, -0.00000343
0.10625000, -0.85000000, 0.74375000, -0.00000718
0.21250000, -0.85000000, 0.63750000, 0.00001189
0.31875000, -0.85000000, 0.53125000, 0.00007243
0.42500000, -0.85000000, 0.42500000, 0.00013584
0.53125000, -0.85000000, 0.31875000, 0.00011757
0.63750000, -0.85000000, 0.21250000, 0.00004085
0.74375000, -0.85000000, 0.10625000, -0.00000451
0.85000000, -0.85000000, 0.00000000, -0.00000896
0.85000000, -0.74375000, -0.10625000, -0.00000611
0.85000000, -0.63750000, -0.21250000, -0.00000278
0.85000000, -0.53125000, -0.31875000, -0.00000233
0.85000000, -0.42500000, -0.42500000, -0.00000177
0.85000000, -0.31875000, -0.53125000, -0.00000384
0.85000000, -0.21250000, -0.63750000, -0.00000300
0.85000000, -0.10625000, -0.74375000, -0.00000067
0.90000000, 0.00000000, -0.90000000, 0.00000051
0.78750000, 0.11250000, -0.90000000, 0.00000190
0.67500000, 0.22500000, -0.90000000, 0.00000030
0.56250000, 0.33750000, -0.90000000, -0.00000160
0.45000000, 0.45000000, -0.90000000, -0.00000018
0.33750000, 0.56250000, -0.90000000, 0.00000251
0.22500000, 0.67500000, -0.90000000, 0.00000586
0.11250000, 0.78750000, -0.90000000, 0.00000637
0.00000000, 0.90000000, -0.90000000, 0.00000011
-0.11250000, 0.90000000, -0.78750000, -0.00000299
-0.22500000, 0.90000000, -0.67500000, 0.00000078
-0.33750000, 0.90000000, -0.56250000, 0.00001313
-0.45000000, 0.90000000, -0.45000000, 0.00002714
-0.56250000, 0.90000000, -0.33750000, 0.00001976
-0.67500000, 0.90000000, -0.22500000, 0.00000275
-0.78750000, 0.90000000, -0.11250000, -0.00000470
-0.90000000, 0.90000000, 0.00000000, -0.00000242
-0.90000000, 0.78750000, 0.11250000, -0.00000330
-0.90000000, 0.67500000, 0.22500000, -0.00000068
-0.90000000, 0.56250000, 0.33750000, -0.00000027
-0.90000000, 0.45000000, 0.45000000, 0.00000060
-0.90000000, 0.33750000, 0.56250000, -0.00000221
-0.90000000, 0.22500000, 0.67500000, -0.00000247
-0.90000000, 0.11250000, 0.78750000, -0.00000206
-0.90000000, 0.00000000, 0.90000000, 0.00000051
-0.78750000, -0.11250000, 0.90000000, 0.00000190
-0.67500000, -0.22500000, 0.90000000, 0.00000030
-0.56250000, -0.33750000, 0.90000000, -0.00000160
-0.45000000, -0.45000000, 0.90000000, -0.00000018
-0.33750000, -0.56250000, 0.90000000, 0.00000251
-0.22500000, -0.67500000, 0.90000000, 0.00000586
-0.11250000, -0.78750000, 0.90000000, 0.00000637
0.00000000, -0.90000000, 0.90000000, 0.00000011
0.11250000, -0.90000000, 0.78750000, -0.00000299
0.22500000, -0.90000000, 0.67500000, 0.00000078
0.33750000, -0.90000000, 0.56250000, 0.00001313
0.45000000, -0.90000000, 0.45000000, 0.00002714
0.56250000, -0.90000000, 0.33750000, 0.00001976
0.67500000, -0.90000000, 0.22500000, 0.00000275
0.78750000, -0.90000000, 0.11250000, -0.00000470
0.90000000, -0.90000000, 0.00000000, -0.00000242
0.90000000, -0.78750000, -0.11250000, -0.00000330
0.90000000, -0.67500000, -0.22500000, -0.00000068
0.90000000, -0.56250000, -0.33750000, -0.00000027
0.90000000, -0.45000000, -0.45000000, 0.00000060
0.90000000, -0.33750000, -0.56250000, -0.00000221
0.90000000, -0.22500000, -0.67500000, -0.00000247
0.90000000, -0.11250000, -0.78750000, -0.00000206
0.95000000, 0.00000000, -0.95000000, -0.00000181
0.83125000, 0.11875000, -0.95000000, -0.00000277
0.71250000, 0.23750000, -0.95000000, -0.00000046
0.59375000, 0.35625000, -0.95000000, 0.00000206
0.47500000, 0.47500000, -0.95000000, 0.00000079
0.35625000, 0.59375000, -0.95000000, -0.00000153
0.23750000, 0.71250000, -0.95000000, -0.00000492
0.11875000, 0.83125000, -0.95000000, -0.00000538
0.00000000, 0.95000000, -0.95000000, 0.00000152
-0.11875000, 0.95000000, -0.83125000, 0.00000236
-0.23750000, 0.95000000, -0.71250000, 0.00000030
-0.35625000, 0.95000000, -0.59375000, 0.00000032
-0.47500000, 0.95000000, -0.47500000, 0.00000139
-0.59375000, 0.95000000, -0.35625000, 0.00000433
-0.71250000, 0.95000000, -0.23750000, 0.00000347
-0.83125000, 0.95000000, -0.11875000, 0.00000445
-0.95000000, 0.95000000, 0.00000000, 0.00000646
-0.95000000, 0.83125000, 0.11875000, 0.00000595
-0.95000000, 0.71250000, 0.23750000, 0.00000304
-0.95000000, 0.59375000, 0.35625000, 0.00000240
-0.95000000, 0.47500000, 0.47500000, 0.00000117
-0.95000000, 0.35625000, 0.59375000, 0.00000324
-0.95000000, 0.23750000, 0.71250000, 0.00000267
-0.95000000, 0.11875000, 0.83125000, 0.00000114
-0.95000000, 0.00000000, 0.95000000, -0.00000181
-0.83125000, -0.11875000, 0.95000000, -0.00000277
-0.71250000, -0.23750000, 0.95000000, -0.00000046
-0.59375000, -0.35625000, 0.95000000, 0.00000206
-0.47500000, -0.47500000, 0.95000000, 0.00000079
-0.35625000, -0.59375000, 0.95000000, -0.00000153
-0.23750000, -0.71250000, 0.95000000, -0.00000492
-0.11875000, -0.83125000, 0.95000000, -0.00000538
0.00000000, -0.95000000, 0.95000000, 0.00000152
0.11875000, -0.95000000, 0.83125000, 0.00000236
0.23750000, -0.95000000, 0.71250000, 0.00000030
0.35625000, -0.95000000, 0.59375000, 0.00000032
0.47500000, -0.95000000, 0.47500000, 0.00000139
0.59375000, -0.95000000, 0.35625000, 0.00000433
0.71250000, -0.95000000, 0.23750000, 0.00000347
0.83125000, -0.95000000, 0.11875000, 0.00000445
0.95000000, -0.95000000, 0.00000000, 0.00000646
0.95000000, -0.83125000, -0.11875000, 0.00000595
0.95000000, -0.71250000, -0.23750000, 0.00000304
0.95000000, -0.59375000, -0.35625000, 0.00000240
0.95000000, -0.47500000, -0.47500000, 0.00000117
0.95000000, -0.35625000, -0.59375000, 0.00000324
0.95000000, -0.23750000, -0.71250000, 0.00000267
0.95000000, -0.11875000, -0.83125000, 0.00000114
1.00000000, 0.00000000, -1.00000000, 0.00000000
0.87500000, 0.12500000, -1.00000000, 0.00000000
0.75000000, 0.25000000, -1.00000000, 0.00000000
0.62500000, 0.37500000, -1.00000000, 0.00000000
0.50000000, 0.50000000, -1.00000000, 0.00000000
0.37500000, 0.62500000, -1.00000000, 0.00000000
0.25000000, 0.75000000, -1.00000000, 0.00000000
0.12500000, 0.87500000, -1.00000000, 0.00000000
0.00000000, 1.00000000, -1.00000000, 0.00000000
-0.12500000, 1.00000000, -0.87500000, 0.00000000
-0.25000000, 1.00000000, -0.75000000, 0.00000000
-0.37500000, 1.00000000, -0.62500000, 0.00000000
-0.50000000, 1.00000000, -0.50000000, 0.00000000
-0.62500000, 1.00000000, -0.37500000, 0.00000000
-0.75000000, 1.00000000, -0.25000000, 0.00000000
-0.87500000, 1.00000000, -0.12500000, 0.00000000
-1.00000000, 1.00000000, 0.00000000, 0.00000000
-1.00000000, 0.87500000, 0.12500000, 0.00000000
-1.00000000, 0.75000000, 0.25000000, 0.00000000
-1.00000000, 0.62500000, 0.37500000, 0.00000000
-1.00000000, 0.50000000, 0.50000000, 0.00000000
-1.00000000, 0.37500000, 0.62500000, 0.00000000
-1.00000000, 0.25000000, 0.75000000, 0.00000000
-1.00000000, 0.12500000, 0.87500000, 0.00000000
-1.00000000, 0.00000000, 1.00000000, 0.00000000
-0.87500000, -0.12500000, 1.00000000, 0.00000000
-0.75000000, -0.25000000, 1.00000000, 0.00000000
-0.62500000, -0.37500000, 1.00000000, 0.00000000
-0.50000000, -0.50000000, 1.00000000, 0.00000000
-0.37500000, -0.62500000, 1.00000000, 0.00000000
-0.25000000, -0.75000000, 1.00000000, 0.00000000
-0.12500000, -0.87500000, 1.00000000, 0.00000000
0.00000000, -1.00000000, 1.00000000, 0.00000000
0.12500000, -1.00000000, 0.87500000, 0.00000000
0.25000000, -1.00000000, 0.75000000, 0.00000000
0.37500000, -1.00000000, 0.62500000, 0.00000000
0.50000000, -1.00000000, 0.50000000, 0.00000000
0.62500000, -1.00000000, 0.37500000, 0.00000000
0.75000000, -1.00000000, 0.25000000, 0.00000000
0.87500000, -1.00000000, 0.12500000, 0.00000000
1.00000000, -1.00000000, 0.00000000, 0.00000000
1.00000000, -0.87500000, -0.12500000, 0.00000000
1.00000000, -0.75000000, -0.25000000, 0.00000000
1.00000000, -0.62500000, -0.37500000, 0.00000000
1.00000000, -0.50000000, -0.50000000, 0.00000000
1.00000000, -0.37500000, -0.62500000, 0.00000000
1.00000000, -0.25000000, -0.75000000, 0.00000000
1.00000000, -0.12500000, -0.87500000, 0.00000000
