0.01000000, 0.00000000, -0.01000000, -0.00000000
0.00000000, 0.01000000, -0.01000000, 0.00215978
-0.00125000, 0.01000000, -0.00875000, 0.00368012
-0.00250000, 0.01000000, -0.00750000, 0.00427854
-0.00375000, 0.01000000, -0.00625000, 0.00572950
-0.00500000, 0.01000000, -0.00500000, 0.00591774
-0.00625000, 0.01000000, -0.00375000, 0.00687723
-0.00750000, 0.01000000, -0.00250000, 0.00671197
-0.00875000, 0.01000000, -0.00125000, 0.00721873
-0.01000000, 0.01000000, 0.00000000, 0.00673389
-0.01000000, 0.00875000, 0.00125000, 0.00437289
-0.01000000, 0.00750000, 0.00250000, 0.00325600
-0.01000000, 0.00625000, 0.00375000, 0.00185664
-0.01000000, 0.00500000, 0.00500000, 0.00138413
-0.01000000, 0.00375000, 0.00625000, 0.00072534
-0.01000000, 0.00250000, 0.00750000, 0.00039466
-0.01000000, 0.00125000, 0.00875000, 0.00001047
-0.01000000, 0.00000000, 0.01000000, 0.00000000
0.00000000, -0.01000000, 0.01000000, -0.00673389
0.00125000, -0.01000000, 0.00875000, -0.00721873
0.00250000, -0.01000000, 0.00750000, -0.00671197
0.00375000, -0.01000000, 0.00625000, -0.00687723
0.00500000, -0.01000000, 0.00500000, -0.00591774
0.00625000, -0.01000000, 0.00375000, -0.00572950
0.00750000, -0.01000000, 0.00250000, -0.00427854
0.00875000, -0.01000000, 0.00125000, -0.00368012
0.01000000, -0.01000000, 0.00000000, -0.00215978
0.01000000, -0.00875000, -0.00125000, 0.00018280
0.01000000, -0.00750000, -0.00250000, 0.00120449
0.01000000, -0.00625000, -0.00375000, 0.00122583
0.01000000, -0.00500000, -0.00500000, 0.00150381
0.01000000, -0.00375000, -0.00625000, 0.00111117
0.01000000, -0.00250000, -0.00750000, 0.00104756
0.01000000, -0.00125000, -0.00875000, 0.00041212
0.02000000, 0.00000000, -0.02000000, 0.00000000
0.01750000, 0.00250000, -0.02000000, -0.00014930
0.01500000, 0.00500000, -0.02000000, -0.00029376
0.01250000, 0.00750000, -0.02000000, -0.00028677
0.01000000, 0.01000000, -0.02000000, -0.00034557
0.00750000, 0.01250000, -0.02000000, -0.00008629
0.00500000, 0.01500000, -0.02000000, 0.00015143
0.00250000, 0.01750000, -0.02000000, 0.00069650
0.00000000, 0.02000000, -0.02000000, 0.00180313
-0.00250000, 0.02000000, -0.01750000, 0.00214969
-0.00500000, 0.02000000, -0.01500000, 0.00273621
-0.00750000, 0.02000000, -0.01250000, 0.00341284
-0.01000000, 0.02000000, -0.01000000, 0.00401277
-0.01250000, 0.02000000, -0.00750000, 0.00485725
-0.01500000, 0.02000000, -0.00500000, 0.00553898
-0.01750000, 0.02000000, -0.00250000, 0.00640472
-0.02000000, 0.02000000, 0.00000000, 0.00738997
-0.02000000, 0.01750000, 0.00250000, 0.00598914
-0.02000000, 0.01500000, 0.00500000, 0.00480782
-0.02000000, 0.01250000, 0.00750000, 0.00370869
-0.02000000, 0.01000000, 0.01000000, 0.00276974
-0.02000000, 0.00750000, 0.01250000, 0.00177539
-0.02000000, 0.00500000, 0.01500000, 0.00109569
-0.02000000, 0.00250000, 0.01750000, 0.00042626
-0.02000000, 0.00000000, 0.02000000, -0.00000000
-0.01750000, -0.00250000, 0.02000000, -0.00042626
-0.01500000, -0.00500000, 0.02000000, -0.00109569
-0.01250000, -0.00750000, 0.02000000, -0.00177539
-0.01000000, -0.01000000, 0.02000000, -0.00276974
-0.00750000, -0.01250000, 0.02000000, -0.00370869
-0.00500000, -0.01500000, 0.02000000, -0.00480782
-0.00250000, -0.01750000, 0.02000000, -0.00598914
0.00000000, -0.02000000, 0.02000000, -0.00738997
0.00250000, -0.02000000, 0.01750000, -0.00640472
0.00500000, -0.02000000, 0.01500000, -0.00553898
0.00750000, -0.02000000, 0.01250000, -0.00485725
0.01000000, -0.02000000, 0.01000000, -0.00401277
0.01250000, -0.02000000, 0.00750000, -0.00341284
0.01500000, -0.02000000, 0.00500000, -0.00273621
0.01750000, -0.02000000, 0.00250000, -0.00214969
0.02000000, -0.02000000, 0.00000000, -0.00180313
0.02000000, -0.01750000, -0.00250000, -0.00069650
0.02000000, -0.01500000, -0.00500000, -0.00015143
0.02000000, -0.01250000, -0.00750000, 0.00008629
0.02000000, -0.01000000, -0.01000000, 0.00034557
0.02000000, -0.00750000, -0.01250000, 0.00028677
0.02000000, -0.00500000, -0.01500000, 0.00029376
0.02000000, -0.00250000, -0.01750000, 0.00014930
0.03000000, 0.00000000, -0.03000000, -0.00000000
0.02625000, 0.00375000, -0.03000000, 0.00000570
0.02250000, 0.00750000, -0.03000000, 0.00001443
0.01875000, 0.01125000, -0.03000000, 0.00013430
0.01500000, 0.01500000, -0.03000000, 0.00030144
0.01125000, 0.01875000, -0.03000000, 0.00054356
0.00750000, 0.02250000, -0.03000000, 0.00084497
0.00375000, 0.02625000, -0.03000000, 0.00132353
0.00000000, 0.03000000, -0.03000000, 0.00208512
-0.00375000, 0.03000000, -0.02625000, 0.00214065
-0.00750000, 0.03000000, -0.02250000, 0.00261988
-0.01125000, 0.03000000, -0.01875000, 0.00322481
-0.01500000, 0.03000000, -0.01500000, 0.00393958
-0.01875000, 0.03000000, -0.01125000, 0.00472099
-0.02250000, 0.03000000, -0.00750000, 0.00557929
-0.02625000, 0.03000000, -0.00375000, 0.00665149
-0.03000000, 0.03000000, 0.00000000, 0.00807027
-0.03000000, 0.02625000, 0.00375000, 0.00694933
-0.03000000, 0.02250000, 0.00750000, 0.00573302
-0.03000000, 0.01875000, 0.01125000, 0.00450869
-0.03000000, 0.01500000, 0.01500000, 0.00334568
-0.03000000, 0.01125000, 0.01875000, 0.00229704
-0.03000000, 0.00750000, 0.02250000, 0.00140391
-0.03000000, 0.00375000, 0.02625000, 0.00058003
-0.03000000, 0.00000000, 0.03000000, 0.00000000
-0.02625000, -0.00375000, 0.03000000, -0.00058003
-0.02250000, -0.00750000, 0.03000000, -0.00140391
-0.01875000, -0.01125000, 0.03000000, -0.00229704
-0.01500000, -0.01500000, 0.03000000, -0.00334568
-0.01125000, -0.01875000, 0.03000000, -0.00450869
-0.00750000, -0.02250000, 0.03000000, -0.00573302
-0.00375000, -0.02625000, 0.03000000, -0.00694933
0.00000000, -0.03000000, 0.03000000, -0.00807027
0.00375000, -0.03000000, 0.02625000, -0.00665149
0.00750000, -0.03000000, 0.02250000, -0.00557929
0.01125000, -0.03000000, 0.01875000, -0.00472099
0.01500000, -0.03000000, 0.01500000, -0.00393958
0.01875000, -0.03000000, 0.01125000, -0.00322481
0.02250000, -0.03000000, 0.00750000, -0.00261988
0.02625000, -0.03000000, 0.00375000, -0.00214065
0.03000000, -0.03000000, 0.00000000, -0.00208512
0.03000000, -0.02625000, -0.00375000, -0.00132353
0.03000000, -0.02250000, -0.00750000, -0.00084497
0.03000000, -0.01875000, -0.01125000, -0.00054356
0.03000000, -0.01500000, -0.01500000, -0.00030144
0.03000000, -0.01125000, -0.01875000, -0.00013430
0.03000000, -0.00750000, -0.02250000, -0.00001443
0.03000000, -0.00375000, -0.02625000, -0.00000570
0.04000000, 0.00000000, -0.04000000, 0.00000000
0.03500000, 0.00500000, -0.04000000, 0.00013934
0.03000000, 0.01000000, -0.04000000, 0.00028906
0.02500000, 0.01500000, -0.04000000, 0.00050857
0.02000000, 0.02000000, -0.04000000, 0.00077631
0.01500000, 0.02500000, -0.04000000, 0.00111257
0.01000000, 0.03000000, -0.04000000, 0.00150042
0.00500000, 0.03500000, -0.04000000, 0.00197056
0.00000000, 0.04000000, -0.04000000, 0.00260248
-0.00500000, 0.04000000, -0.03500000, 0.00252274
-0.01000000, 0.04000000, -0.03000000, 0.00293333
-0.01500000, 0.04000000, -0.02500000, 0.00350111
-0.02000000, 0.04000000, -0.02000000, 0.00419694
-0.02500000, 0.04000000, -0.01500000, 0.00500123
-0.03000000, 0.04000000, -0.01000000, 0.00594218
-0.03500000, 0.04000000, -0.00500000, 0.00707439
-0.04000000, 0.04000000, 0.00000000, 0.00868825
-0.04000000, 0.03500000, 0.00500000, 0.00765310
-0.04000000, 0.03000000, 0.01000000, 0.00636107
-0.04000000, 0.02500000, 0.01500000, 0.00504742
-0.04000000, 0.02000000, 0.02000000, 0.00378290
-0.04000000, 0.01500000, 0.02500000, 0.00261281
-0.04000000, 0.01000000, 0.03000000, 0.00157215
-0.04000000, 0.00500000, 0.03500000, 0.00067445
-0.04000000, 0.00000000, 0.04000000, -0.00000000
-0.03500000, -0.00500000, 0.04000000, -0.00067445
-0.03000000, -0.01000000, 0.04000000, -0.00157215
-0.02500000, -0.01500000, 0.04000000, -0.00261281
-0.02000000, -0.02000000, 0.04000000, -0.00378290
-0.01500000, -0.02500000, 0.04000000, -0.00504742
-0.01000000, -0.03000000, 0.04000000, -0.00636107
-0.00500000, -0.03500000, 0.04000000, -0.00765310
0.00000000, -0.04000000, 0.04000000, -0.00868825
0.00500000, -0.04000000, 0.03500000, -0.00707439
0.01000000, -0.04000000, 0.03000000, -0.00594218
0.01500000, -0.04000000, 0.02500000, -0.00500123
0.02000000, -0.04000000, 0.02000000, -0.00419694
0.02500000, -0.04000000, 0.01500000, -0.00350111
0.03000000, -0.04000000, 0.01000000, -0.00293333
0.03500000, -0.04000000, 0.00500000, -0.00252274
0.04000000, -0.04000000, 0.00000000, -0.00260248
0.04000000, -0.03500000, -0.00500000, -0.00197056
0.04000000, -0.03000000, -0.01000000, -0.00150042
0.04000000, -0.02500000, -0.01500000, -0.00111257
0.04000000, -0.02000000, -0.02000000, -0.00077631
0.04000000, -0.01500000, -0.02500000, -0.00050857
0.04000000, -0.01000000, -0.03000000, -0.00028906
0.04000000, -0.00500000, -0.03500000, -0.00013934
0.05000000, 0.00000000, -0.05000000, 0.00000000
0.04375000, 0.00625000, -0.05000000, 0.00025519
0.03750000, 0.01250000, -0.05000000, 0.00051807
0.03125000, 0.01875000, -0.05000000, 0.00085010
0.02500000, 0.02500000, -0.05000000, 0.00122699
0.01875000, 0.03125000, -0.05000000, 0.00165035
0.01250000, 0.03750000, -0.05000000, 0.00211858
0.00625000, 0.04375000, -0.05000000, 0.00263776
0.00000000, 0.05000000, -0.05000000, 0.00324280
-0.00625000, 0.05000000, -0.04375000, 0.00306200
-0.01250000, 0.05000000, -0.03750000, 0.00341513
-0.01875000, 0.05000000, -0.03125000, 0.00394294
-0.02500000, 0.05000000, -0.02500000, 0.00462169
-0.03125000, 0.05000000, -0.01875000, 0.00541284
-0.03750000, 0.05000000, -0.01250000, 0.00635922
-0.04375000, 0.05000000, -0.00625000, 0.00751987
-0.05000000, 0.05000000, 0.00000000, 0.00923423
-0.05000000, 0.04375000, 0.00625000, 0.00824140
-0.05000000, 0.03750000, 0.01250000, 0.00688290
-0.05000000, 0.03125000, 0.01875000, 0.00548084
-0.05000000, 0.02500000, 0.02500000, 0.00411164
-0.05000000, 0.01875000, 0.03125000, 0.00284726
-0.05000000, 0.01250000, 0.03750000, 0.00171686
-0.05000000, 0.00625000, 0.04375000, 0.00074042
-0.05000000, 0.00000000, 0.05000000, -0.00000000
-0.04375000, -0.00625000, 0.05000000, -0.00074042
-0.03750000, -0.01250000, 0.05000000, -0.00171686
-0.03125000, -0.01875000, 0.05000000, -0.00284726
-0.02500000, -0.02500000, 0.05000000, -0.00411164
-0.01875000, -0.03125000, 0.05000000, -0.00548084
-0.01250000, -0.03750000, 0.05000000, -0.00688290
-0.00625000, -0.04375000, 0.05000000, -0.00824140
0.00000000, -0.05000000, 0.05000000, -0.00923423
0.00625000, -0.05000000, 0.04375000, -0.00751987
0.01250000, -0.05000000, 0.03750000, -0.00635922
0.01875000, -0.05000000, 0.03125000, -0.00541284
0.02500000, -0.05000000, 0.02500000, -0.00462169
0.03125000, -0.05000000, 0.01875000, -0.00394294
0.03750000, -0.05000000, 0.01250000, -0.00341513
0.04375000, -0.05000000, 0.00625000, -0.00306200
0.05000000, -0.05000000, 0.00000000, -0.00324280
0.05000000, -0.04375000, -0.00625000, -0.00263776
0.05000000, -0.03750000, -0.01250000, -0.00211858
0.05000000, -0.03125000, -0.01875000, -0.00165035
0.05000000, -0.02500000, -0.02500000, -0.00122699
0.05000000, -0.01875000, -0.03125000, -0.00085010
0.05000000, -0.01250000, -0.03750000, -0.00051807
0.05000000, -0.00625000, -0.04375000, -0.00025519
0.06000000, 0.00000000, -0.06000000, 0.00000000
0.05250000, 0.00750000, -0.06000000, 0.00036261
0.04500000, 0.01500000, -0.06000000, 0.00074097
0.03750000, 0.02250000, -0.06000000, 0.00117397
0.03000000, 0.03000000, -0.06000000, 0.00165091
0.02250000, 0.03750000, -0.06000000, 0.00217989
0.01500000, 0.04500000, -0.06000000, 0.00274235
0.00750000, 0.05250000, -0.06000000, 0.00334149
0.00000000, 0.06000000, -0.06000000, 0.00397691
-0.00750000, 0.06000000, -0.05250000, 0.00372427
-0.01500000, 0.06000000, -0.04500000, 0.00400715
-0.02250000, 0.06000000, -0.03750000, 0.00448018
-0.03000000, 0.06000000, -0.03000000, 0.00510483
-0.03750000, 0.06000000, -0.02250000, 0.00587520
-0.04500000, 0.06000000, -0.01500000, 0.00680608
-0.05250000, 0.06000000, -0.00750000, 0.00796603
-0.06000000, 0.06000000, 0.00000000, 0.00972592
-0.06000000, 0.05250000, 0.00750000, 0.00872693
-0.06000000, 0.04500000, 0.01500000, 0.00730828
-0.06000000, 0.03750000, 0.02250000, 0.00583229
-0.06000000, 0.03000000, 0.03000000, 0.00439340
-0.06000000, 0.02250000, 0.03750000, 0.00304949
-0.06000000, 0.01500000, 0.04500000, 0.00184007
-0.06000000, 0.00750000, 0.05250000, 0.00080139
-0.06000000, 0.00000000, 0.06000000, -0.00000000
-0.05250000, -0.00750000, 0.06000000, -0.00080139
-0.04500000, -0.01500000, 0.06000000, -0.00184007
-0.03750000, -0.02250000, 0.06000000, -0.00304949
-0.03000000, -0.03000000, 0.06000000, -0.00439340
-0.02250000, -0.03750000, 0.06000000, -0.00583229
-0.01500000, -0.04500000, 0.06000000, -0.00730828
-0.00750000, -0.05250000, 0.06000000, -0.00872693
0.00000000, -0.06000000, 0.06000000, -0.00972592
0.00750000, -0.06000000, 0.05250000, -0.00796603
0.01500000, -0.06000000, 0.04500000, -0.00680608
0.02250000, -0.06000000, 0.03750000, -0.00587520
0.03000000, -0.06000000, 0.03000000, -0.00510483
0.03750000, -0.06000000, 0.02250000, -0.00448018
0.04500000, -0.06000000, 0.01500000, -0.00400715
0.05250000, -0.06000000, 0.00750000, -0.00372427
0.06000000, -0.06000000, 0.00000000, -0.00397691
0.06000000, -0.05250000, -0.00750000, -0.00334149
0.06000000, -0.04500000, -0.01500000, -0.00274235
0.06000000, -0.03750000, -0.02250000, -0.00217989
0.06000000, -0.03000000, -0.03000000, -0.00165091
0.06000000, -0.02250000, -0.03750000, -0.00117397
0.06000000, -0.01500000, -0.04500000, -0.00074097
0.06000000, -0.00750000, -0.05250000, -0.00036261
0.07000000, 0.00000000, -0.07000000, 0.00000000
0.06125000, 0.00875000, -0.07000000, 0.00045152
0.05250000, 0.01750000, -0.07000000, 0.00094801
0.04375000, 0.02625000, -0.07000000, 0.00148638
0.03500000, 0.03500000, -0.07000000, 0.00206763
0.02625000, 0.04375000, -0.07000000, 0.00269838
0.01750000, 0.05250000, -0.07000000, 0.00336077
0.00875000, 0.06125000, -0.07000000, 0.00404919
0.00000000, 0.07000000, -0.07000000, 0.00475945
-0.00875000, 0.07000000, -0.06125000, 0.00443500
-0.01750000, 0.07000000, -0.05250000, 0.00464744
-0.02625000, 0.07000000, -0.04375000, 0.00506420
-0.03500000, 0.07000000, -0.03500000, 0.00563972
-0.04375000, 0.07000000, -0.02625000, 0.00636298
-0.05250000, 0.07000000, -0.01750000, 0.00725592
-0.06125000, 0.07000000, -0.00875000, 0.00837889
-0.07000000, 0.07000000, 0.00000000, 0.01015721
-0.07000000, 0.06125000, 0.00875000, 0.00917541
-0.07000000, 0.05250000, 0.01750000, 0.00769680
-0.07000000, 0.04375000, 0.02625000, 0.00614806
-0.07000000, 0.03500000, 0.03500000, 0.00463475
-0.07000000, 0.02625000, 0.04375000, 0.00321654
-0.07000000, 0.01750000, 0.05250000, 0.00194271
-0.07000000, 0.00875000, 0.06125000, 0.00085772
-0.07000000, 0.00000000, 0.07000000, -0.00000000
-0.06125000, -0.00875000, 0.07000000, -0.00085772
-0.05250000, -0.01750000, 0.07000000, -0.00194271
-0.04375000, -0.02625000, 0.07000000, -0.00321654
-0.03500000, -0.03500000, 0.07000000, -0.00463475
-0.02625000, -0.04375000, 0.07000000, -0.00614806
-0.01750000, -0.05250000, 0.07000000, -0.00769680
-0.00875000, -0.06125000, 0.07000000, -0.00917541
0.00000000, -0.07000000, 0.07000000, -0.01015721
0.00875000, -0.07000000, 0.06125000, -0.00837889
0.01750000, -0.07000000, 0.05250000, -0.00725592
0.02625000, -0.07000000, 0.04375000, -0.00636298
0.03500000, -0.07000000, 0.03500000, -0.00563972
0.04375000, -0.07000000, 0.02625000, -0.00506420
0.05250000, -0.07000000, 0.01750000, -0.00464744
0.06125000, -0.07000000, 0.00875000, -0.00443500
0.07000000, -0.07000000, 0.00000000, -0.00475945
0.07000000, -0.06125000, -0.00875000, -0.00404919
0.07000000, -0.05250000, -0.01750000, -0.00336077
0.07000000, -0.04375000, -0.02625000, -0.00269838
0.07000000, -0.03500000, -0.03500000, -0.00206763
0.07000000, -0.02625000, -0.04375000, -0.00148638
0.07000000, -0.01750000, -0.05250000, -0.00094801
0.07000000, -0.00875000, -0.06125000, -0.00045152
0.08000000, 0.00000000, -0.08000000, -0.00000000
0.07000000, 0.01000000, -0.08000000, 0.00053947
0.06000000, 0.02000000, -0.08000000, 0.00114305
0.05000000, 0.03000000, -0.08000000, 0.00178608
0.04000000, 0.04000000, -0.08000000, 0.00247479
0.03000000, 0.05000000, -0.08000000, 0.00320759
0.02000000, 0.06000000, -0.08000000, 0.00397818
0.01000000, 0.07000000, -0.08000000, 0.00477132
0.00000000, 0.08000000, -0.08000000, 0.00558337
-0.01000000, 0.08000000, -0.07000000, 0.00518496
-0.02000000, 0.08000000, -0.06000000, 0.00532598
-0.03000000, 0.08000000, -0.05000000, 0.00567945
-0.04000000, 0.08000000, -0.04000000, 0.00620000
-0.05000000, 0.08000000, -0.03000000, 0.00686095
-0.06000000, 0.08000000, -0.02000000, 0.00770117
-0.07000000, 0.08000000, -0.01000000, 0.00877274
-0.08000000, 0.08000000, 0.00000000, 0.01054256
-0.08000000, 0.07000000, 0.01000000, 0.00957870
-0.08000000, 0.06000000, 0.02000000, 0.00804756
-0.08000000, 0.05000000, 0.03000000, 0.00643461
-0.08000000, 0.04000000, 0.04000000, 0.00484899
-0.08000000, 0.03000000, 0.05000000, 0.00336573
-0.08000000, 0.02000000, 0.06000000, 0.00203478
-0.08000000, 0.01000000, 0.07000000, 0.00090405
-0.08000000, 0.00000000, 0.08000000, 0.00000000
-0.07000000, -0.01000000, 0.08000000, -0.00090405
-0.06000000, -0.02000000, 0.08000000, -0.00203478
-0.05000000, -0.03000000, 0.08000000, -0.00336573
-0.04000000, -0.04000000, 0.08000000, -0.00484899
-0.03000000, -0.05000000, 0.08000000, -0.00643461
-0.02000000, -0.06000000, 0.08000000, -0.00804756
-0.01000000, -0.07000000, 0.08000000, -0.00957870
0.00000000, -0.08000000, 0.08000000, -0.01054256
0.01000000, -0.08000000, 0.07000000, -0.00877274
0.02000000, -0.08000000, 0.06000000, -0.00770117
0.03000000, -0.08000000, 0.05000000, -0.00686095
0.04000000, -0.08000000, 0.04000000, -0.00620000
0.05000000, -0.08000000, 0.03000000, -0.00567945
0.06000000, -0.08000000, 0.02000000, -0.00532598
0.07000000, -0.08000000, 0.01000000, -0.00518496
0.08000000, -0.08000000, 0.00000000, -0.00558337
0.08000000, -0.07000000, -0.01000000, -0.00477132
0.08000000, -0.06000000, -0.02000000, -0.00397818
0.08000000, -0.05000000, -0.03000000, -0.00320759
0.08000000, -0.04000000, -0.04000000, -0.00247479
0.08000000, -0.03000000, -0.05000000, -0.00178608
0.08000000, -0.02000000, -0.06000000, -0.00114305
0.08000000, -0.01000000, -0.07000000, -0.00053947
0.09000000, 0.00000000, -0.09000000, -0.00000000
0.07875000, 0.01125000, -0.09000000, 0.00063402
0.06750000, 0.02250000, -0.09000000, 0.00133254
0.05625000, 0.03375000, -0.09000000, 0.00207485
0.04500000, 0.04500000, -0.09000000, 0.00286886
0.03375000, 0.05625000, -0.09000000, 0.00371052
0.02250000, 0.06750000, -0.09000000, 0.00459817
0.01125000, 0.07875000, -0.09000000, 0.00551333
0.00000000, 0.09000000, -0.09000000, 0.00644518
-0.01125000, 0.09000000, -0.07875000, 0.00597499
-0.02250000, 0.09000000, -0.06750000, 0.00603929
-0.03375000, 0.09000000, -0.05625000, 0.00631884
-0.04500000, 0.09000000, -0.04500000, 0.00676784
-0.05625000, 0.09000000, -0.03375000, 0.00736199
-0.06750000, 0.09000000, -0.02250000, 0.00814044
-0.07875000, 0.09000000, -0.01125000, 0.00915617
-0.09000000, 0.09000000, 0.00000000, 0.01089315
-0.09000000, 0.07875000, 0.01125000, 0.00993110
-0.09000000, 0.06750000, 0.02250000, 0.00835775
-0.09000000, 0.05625000, 0.03375000, 0.00669235
-0.09000000, 0.04500000, 0.04500000, 0.00504753
-0.09000000, 0.03375000, 0.05625000, 0.00350767
-0.09000000, 0.02250000, 0.06750000, 0.00212189
-0.09000000, 0.01125000, 0.07875000, 0.00094241
-0.09000000, 0.00000000, 0.09000000, -0.00000000
-0.07875000, -0.01125000, 0.09000000, -0.00094241
-0.06750000, -0.02250000, 0.09000000, -0.00212189
-0.05625000, -0.03375000, 0.09000000, -0.00350767
-0.04500000, -0.04500000, 0.09000000, -0.00504753
-0.03375000, -0.05625000, 0.09000000, -0.00669235
-0.02250000, -0.06750000, 0.09000000, -0.00835775
-0.01125000, -0.07875000, 0.09000000, -0.00993110
0.00000000, -0.09000000, 0.09000000, -0.01089315
0.01125000, -0.09000000, 0.07875000, -0.00915617
0.02250000, -0.09000000, 0.06750000, -0.00814044
0.03375000, -0.09000000, 0.05625000, -0.00736199
0.04500000, -0.09000000, 0.04500000, -0.00676784
0.05625000, -0.09000000, 0.03375000, -0.00631884
0.06750000, -0.09000000, 0.02250000, -0.00603929
0.07875000, -0.09000000, 0.01125000, -0.00597499
0.09000000, -0.09000000, 0.00000000, -0.00644518
0.09000000, -0.07875000, -0.01125000, -0.00551333
0.09000000, -0.06750000, -0.02250000, -0.00459817
0.09000000, -0.05625000, -0.03375000, -0.00371052
0.09000000, -0.04500000, -0.04500000, -0.00286886
0.09000000, -0.03375000, -0.05625000, -0.00207485
0.09000000, -0.02250000, -0.06750000, -0.00133254
0.09000000, -0.01125000, -0.07875000, -0.00063402
0.10000000, 0.00000000, -0.10000000, 0.00000000
0.08750000, 0.01250000, -0.10000000, 0.00072934
0.07500000, 0.02500000, -0.10000000, 0.00151651
0.06250000, 0.03750000, -0.10000000, 0.00235430
0.05000000, 0.05000000, -0.10000000, 0.00325089
0.03750000, 0.06250000, -0.10000000, 0.00420644
0.02500000, 0.07500000, -0.10000000, 0.00521663
0.01250000, 0.08750000, -0.10000000, 0.00626562
0.00000000, 0.10000000, -0.10000000, 0.00733389
-0.01250000, 0.10000000, -0.08750000, 0.00679366
-0.02500000, 0.10000000, -0.07500000, 0.00677613
-0.03750000, 0.10000000, -0.06250000, 0.00697397
-0.05000000, 0.10000000, -0.05000000, 0.00733978
-0.06250000, 0.10000000, -0.03750000, 0.00786262
-0.07500000, 0.10000000, -0.02500000, 0.00857062
-0.08750000, 0.10000000, -0.01250000, 0.00952358
-0.10000000, 0.10000000, 0.00000000, 0.01121144
-0.10000000, 0.08750000, 0.01250000, 0.01024649
-0.10000000, 0.07500000, 0.02500000, 0.00863909
-0.10000000, 0.06250000, 0.03750000, 0.00692866
-0.10000000, 0.05000000, 0.05000000, 0.00523525
-0.10000000, 0.03750000, 0.06250000, 0.00364355
-0.10000000, 0.02500000, 0.07500000, 0.00220556
-0.10000000, 0.01250000, 0.08750000, 0.00097779
-0.10000000, 0.00000000, 0.10000000, -0.00000000
-0.08750000, -0.01250000, 0.10000000, -0.00097779
-0.07500000, -0.02500000, 0.10000000, -0.00220556
-0.06250000, -0.03750000, 0.10000000, -0.00364355
-0.05000000, -0.05000000, 0.10000000, -0.00523525
-0.03750000, -0.06250000, 0.10000000, -0.00692866
-0.02500000, -0.07500000, 0.10000000, -0.00863909
-0.01250000, -0.08750000, 0.10000000, -0.01024649
0.00000000, -0.10000000, 0.10000000, -0.01121144
0.01250000, -0.10000000, 0.08750000, -0.00952358
0.02500000, -0.10000000, 0.07500000, -0.00857062
0.03750000, -0.10000000, 0.06250000, -0.00786262
0.05000000, -0.10000000, 0.05000000, -0.00733978
0.06250000, -0.10000000, 0.03750000, -0.00697397
0.07500000, -0.10000000, 0.02500000, -0.00677613
0.08750000, -0.10000000, 0.01250000, -0.00679366
0.10000000, -0.10000000, 0.00000000, -0.00733389
0.10000000, -0.08750000, -0.01250000, -0.00626562
0.10000000, -0.07500000, -0.02500000, -0.00521663
0.10000000, -0.06250000, -0.03750000, -0.00420644
0.10000000, -0.05000000, -0.05000000, -0.00325089
0.10000000, -0.03750000, -0.06250000, -0.00235430
0.10000000, -0.02500000, -0.07500000, -0.00151651
0.10000000, -0.01250000, -0.08750000, -0.00072934
0.15000000, 0.00000000, -0.15000000, -0.00000000
0.13125000, 0.01875000, -0.15000000, 0.00111215
0.11250000, 0.03750000, -0.15000000, 0.00231337
0.09375000, 0.05625000, -0.15000000, 0.00360708
0.07500000, 0.07500000, -0.15000000, 0.00500422
0.05625000, 0.09375000, -0.15000000, 0.00651607
0.03750000, 0.11250000, -0.15000000, 0.00815313
0.01875000, 0.13125000, -0.15000000, 0.00992496
0.00000000, 0.15000000, -0.15000000, 0.01185264
-0.01875000, 0.15000000, -0.13125000, 0.01096424
-0.03750000, 0.15000000, -0.11250000, 0.01052500
-0.05625000, 0.15000000, -0.09375000, 0.01028458
-0.07500000, 0.15000000, -0.07500000, 0.01020808
-0.09375000, 0.15000000, -0.05625000, 0.01027771
-0.11250000, 0.15000000, -0.03750000, 0.01052867
-0.13125000, 0.15000000, -0.01875000, 0.01103840
-0.15000000, 0.15000000, 0.00000000, 0.01236595
-0.15000000, 0.13125000, 0.01875000, 0.01153526
-0.15000000, 0.11250000, 0.03750000, 0.00983355
-0.15000000, 0.09375000, 0.05625000, 0.00794529
-0.15000000, 0.07500000, 0.07500000, 0.00604606
-0.15000000, 0.05625000, 0.09375000, 0.00423582
-0.15000000, 0.03750000, 0.11250000, 0.00258785
-0.15000000, 0.01875000, 0.13125000, 0.00115916
-0.15000000, 0.00000000, 0.15000000, 0.00000000
-0.13125000, -0.01875000, 0.15000000, -0.00115916
-0.11250000, -0.03750000, 0.15000000, -0.00258785
-0.09375000, -0.05625000, 0.15000000, -0.00423582
-0.07500000, -0.07500000, 0.15000000, -0.00604606
-0.05625000, -0.09375000, 0.15000000, -0.00794529
-0.03750000, -0.11250000, 0.15000000, -0.00983355
-0.01875000, -0.13125000, 0.15000000, -0.01153526
0.00000000, -0.15000000, 0.15000000, -0.01236595
0.01875000, -0.15000000, 0.13125000, -0.01103840
0.03750000, -0.15000000, 0.11250000, -0.01052867
0.05625000, -0.15000000, 0.09375000, -0.01027771
0.07500000, -0.15000000, 0.07500000, -0.01020808
0.09375000, -0.15000000, 0.05625000, -0.01028458
0.11250000, -0.15000000, 0.03750000, -0.01052500
0.13125000, -0.15000000, 0.01875000, -0.01096424
0.15000000, -0.15000000, 0.00000000, -0.01185264
0.15000000, -0.13125000, -0.01875000, -0.00992496
0.15000000, -0.11250000, -0.03750000, -0.00815313
0.15000000, -0.09375000, -0.05625000, -0.00651607
0.15000000, -0.07500000, -0.07500000, -0.00500422
0.15000000, -0.05625000, -0.09375000, -0.00360708
0.15000000, -0.03750000, -0.11250000, -0.00231337
0.15000000, -0.01875000, -0.13125000, -0.00111215
0.20000000, 0.00000000, -0.20000000, 0.00000000
0.17500000, 0.02500000, -0.20000000, 0.00141775
0.15000000, 0.05000000, -0.20000000, 0.00294556
0.12500000, 0.07500000, -0.20000000, 0.00461241
0.10000000, 0.10000000, -0.20000000, 0.00643967
0.07500000, 0.12500000, -0.20000000, 0.00845376
0.05000000, 0.15000000, -0.20000000, 0.01067110
0.02500000, 0.17500000, -0.20000000, 0.01312978
0.00000000, 0.20000000, -0.20000000, 0.01591520
-0.02500000, 0.20000000, -0.17500000, 0.01479988
-0.05000000, 0.20000000, -0.15000000, 0.01400043
-0.07500000, 0.20000000, -0.12500000, 0.01334381
-0.10000000, 0.20000000, -0.10000000, 0.01280344
-0.12500000, 0.20000000, -0.07500000, 0.01238391
-0.15000000, 0.20000000, -0.05000000, 0.01210998
-0.17500000, 0.20000000, -0.02500000, 0.01207866
-0.20000000, 0.20000000, 0.00000000, 0.01290497
-0.20000000, 0.17500000, 0.02500000, 0.01229881
-0.20000000, 0.15000000, 0.05000000, 0.01060918
-0.20000000, 0.12500000, 0.07500000, 0.00864963
-0.20000000, 0.10000000, 0.10000000, 0.00664132
-0.20000000, 0.07500000, 0.12500000, 0.00469583
-0.20000000, 0.05000000, 0.15000000, 0.00289565
-0.20000000, 0.02500000, 0.17500000, 0.00130721
-0.20000000, 0.00000000, 0.20000000, -0.00000000
-0.17500000, -0.02500000, 0.20000000, -0.00130721
-0.15000000, -0.05000000, 0.20000000, -0.00289565
-0.12500000, -0.07500000, 0.20000000, -0.00469583
-0.10000000, -0.10000000, 0.20000000, -0.00664132
-0.07500000, -0.12500000, 0.20000000, -0.00864963
-0.05000000, -0.15000000, 0.20000000, -0.01060918
-0.02500000, -0.17500000, 0.20000000, -0.01229881
0.00000000, -0.20000000, 0.20000000, -0.01290497
0.02500000, -0.20000000, 0.17500000, -0.01207866
0.05000000, -0.20000000, 0.15000000, -0.01210998
0.07500000, -0.20000000, 0.12500000, -0.01238391
0.10000000, -0.20000000, 0.10000000, -0.01280344
0.12500000, -0.20000000, 0.07500000, -0.01334381
0.15000000, -0.20000000, 0.05000000, -0.01400043
0.17500000, -0.20000000, 0.02500000, -0.01479988
0.20000000, -0.20000000, 0.00000000, -0.01591520
0.20000000, -0.17500000, -0.02500000, -0.01312978
0.20000000, -0.15000000, -0.05000000, -0.01067110
0.20000000, -0.12500000, -0.07500000, -0.00845376
0.20000000, -0.10000000, -0.10000000, -0.00643967
0.20000000, -0.07500000, -0.12500000, -0.00461241
0.20000000, -0.05000000, -0.15000000, -0.00294556
0.20000000, -0.02500000, -0.17500000, -0.00141775
0.25000000, 0.00000000, -0.25000000, -0.00000000
0.21875000, 0.03125000, -0.25000000, 0.00161075
0.18750000, 0.06250000, -0.25000000, 0.00337609
0.15625000, 0.09375000, -0.25000000, 0.00532092
0.12500000, 0.12500000, -0.25000000, 0.00746839
0.09375000, 0.15625000, -0.25000000, 0.00984599
0.06250000, 0.18750000, -0.25000000, 0.01247207
0.03125000, 0.21875000, -0.25000000, 0.01538535
0.00000000, 0.25000000, -0.25000000, 0.01871170
-0.03125000, 0.25000000, -0.21875000, 0.01763289
-0.06250000, 0.25000000, -0.18750000, 0.01668166
-0.09375000, 0.25000000, -0.15625000, 0.01575720
-0.12500000, 0.25000000, -0.12500000, 0.01485342
-0.15625000, 0.25000000, -0.09375000, 0.01396994
-0.18750000, 0.25000000, -0.06250000, 0.01314669
-0.21875000, 0.25000000, -0.03125000, 0.01250008
-0.25000000, 0.25000000, 0.00000000, 0.01274183
-0.25000000, 0.21875000, 0.03125000, 0.01244974
-0.25000000, 0.18750000, 0.06250000, 0.01084664
-0.25000000, 0.15625000, 0.09375000, 0.00889947
-0.25000000, 0.12500000, 0.12500000, 0.00687001
-0.25000000, 0.09375000, 0.15625000, 0.00488043
-0.25000000, 0.06250000, 0.18750000, 0.00302522
-0.25000000, 0.03125000, 0.21875000, 0.00137210
-0.25000000, 0.00000000, 0.25000000, 0.00000000
-0.21875000, -0.03125000, 0.25000000, -0.00137210
-0.18750000, -0.06250000, 0.25000000, -0.00302522
-0.15625000, -0.09375000, 0.25000000, -0.00488043
-0.12500000, -0.12500000, 0.25000000, -0.00687001
-0.09375000, -0.15625000, 0.25000000, -0.00889947
-0.06250000, -0.18750000, 0.25000000, -0.01084664
-0.03125000, -0.21875000, 0.25000000, -0.01244974
0.00000000, -0.25000000, 0.25000000, -0.01274183
0.03125000, -0.25000000, 0.21875000, -0.01250008
0.06250000, -0.25000000, 0.18750000, -0.01314669
0.09375000, -0.25000000, 0.15625000, -0.01396994
0.12500000, -0.25000000, 0.12500000, -0.01485342
0.15625000, -0.25000000, 0.09375000, -0.01575720
0.18750000, -0.25000000, 0.06250000, -0.01668166
0.21875000, -0.25000000, 0.03125000, -0.01763289
0.25000000, -0.25000000, 0.00000000, -0.01871170
0.25000000, -0.21875000, -0.03125000, -0.01538535
0.25000000, -0.18750000, -0.06250000, -0.01247207
0.25000000, -0.15625000, -0.09375000, -0.00984599
0.25000000, -0.12500000, -0.12500000, -0.00746839
0.25000000, -0.09375000, -0.15625000, -0.00532092
0.25000000, -0.06250000, -0.18750000, -0.00337609
0.25000000, -0.03125000, -0.21875000, -0.00161075
0.30000000, 0.00000000, -0.30000000, -0.00000000
0.26250000, 0.03750000, -0.30000000, 0.00166950
0.22500000, 0.07500000, -0.30000000, 0.00354342
0.18750000, 0.11250000, -0.30000000, 0.00563184
0.15000000, 0.15000000, -0.30000000, 0.00794861
0.11250000, 0.18750000, -0.30000000, 0.01050801
0.07500000, 0.22500000, -0.30000000, 0.01330827
0.03750000, 0.26250000, -0.30000000, 0.01634995
0.00000000, 0.30000000, -0.30000000, 0.01969981
-0.03750000, 0.30000000, -0.26250000, 0.01900544
-0.07500000, 0.30000000, -0.22500000, 0.01820586
-0.11250000, 0.30000000, -0.18750000, 0.01723384
-0.15000000, 0.30000000, -0.15000000, 0.01610073
-0.18750000, 0.30000000, -0.11250000, 0.01482903
-0.22500000, 0.30000000, -0.07500000, 0.01348084
-0.26250000, 0.30000000, -0.03750000, 0.01220561
-0.30000000, 0.30000000, 0.00000000, 0.01179346
-0.30000000, 0.26250000, 0.03750000, 0.01178741
-0.30000000, 0.22500000, 0.07500000, 0.01035090
-0.30000000, 0.18750000, 0.11250000, 0.00852861
-0.30000000, 0.15000000, 0.15000000, 0.00659948
-0.30000000, 0.11250000, 0.18750000, 0.00469118
-0.30000000, 0.07500000, 0.22500000, 0.00290058
-0.30000000, 0.03750000, 0.26250000, 0.00130499
-0.30000000, 0.00000000, 0.30000000, 0.00000000
-0.26250000, -0.03750000, 0.30000000, -0.00130499
-0.22500000, -0.07500000, 0.30000000, -0.00290058
-0.18750000, -0.11250000, 0.30000000, -0.00469118
-0.15000000, -0.15000000, 0.30000000, -0.00659948
-0.11250000, -0.18750000, 0.30000000, -0.00852861
-0.07500000, -0.22500000, 0.30000000, -0.01035090
-0.03750000, -0.26250000, 0.30000000, -0.01178741
0.00000000, -0.30000000, 0.30000000, -0.01179346
0.03750000, -0.30000000, 0.26250000, -0.01220561
0.07500000, -0.30000000, 0.22500000, -0.01348084
0.11250000, -0.30000000, 0.18750000, -0.01482903
0.15000000, -0.30000000, 0.15000000, -0.01610073
0.18750000, -0.30000000, 0.11250000, -0.01723384
0.22500000, -0.30000000, 0.07500000, -0.01820586
0.26250000, -0.30000000, 0.03750000, -0.01900544
0.30000000, -0.30000000, 0.00000000, -0.01969981
0.30000000, -0.26250000, -0.03750000, -0.01634995
0.30000000, -0.22500000, -0.07500000, -0.01330827
0.30000000, -0.18750000, -0.11250000, -0.01050801
0.30000000, -0.15000000, -0.15000000, -0.00794861
0.30000000, -0.11250000, -0.18750000, -0.00563184
0.30000000, -0.07500000, -0.22500000, -0.00354342
0.30000000, -0.03750000, -0.26250000, -0.00166950
0.35000000, 0.00000000, -0.35000000, 0.00000000
0.30625000, 0.04375000, -0.35000000, 0.00156502
0.26250000, 0.08750000, -0.35000000, 0.00339343
0.21875000, 0.13125000, -0.35000000, 0.00546888
0.17500000, 0.17500000, -0.35000000, 0.00778078
0.13125000, 0.21875000, -0.35000000, 0.01031938
0.08750000, 0.26250000, -0.35000000, 0.01304009
0.04375000, 0.30625000, -0.35000000, 0.01587528
0.00000000, 0.35000000, -0.35000000, 0.01873564
-0.04375000, 0.35000000, -0.30625000, 0.01873081
-0.08750000, 0.35000000, -0.26250000, 0.01838807
-0.13125000, 0.35000000, -0.21875000, 0.01760530
-0.17500000, 0.35000000, -0.17500000, 0.01639730
-0.21875000, 0.35000000, -0.13125000, 0.01483166
-0.26250000, 0.35000000, -0.08750000, 0.01301249
-0.30625000, 0.35000000, -0.04375000, 0.01115104
-0.35000000, 0.35000000, 0.00000000, 0.01008787
-0.35000000, 0.30625000, 0.04375000, 0.01030868
-0.35000000, 0.26250000, 0.08750000, 0.00911310
-0.35000000, 0.21875000, 0.13125000, 0.00752593
-0.35000000, 0.17500000, 0.17500000, 0.00582296
-0.35000000, 0.13125000, 0.21875000, 0.00412344
-0.35000000, 0.08750000, 0.26250000, 0.00252557
-0.35000000, 0.04375000, 0.30625000, 0.00111321
-0.35000000, 0.00000000, 0.35000000, -0.00000000
-0.30625000, -0.04375000, 0.35000000, -0.00111321
-0.26250000, -0.08750000, 0.35000000, -0.00252557
-0.21875000, -0.13125000, 0.35000000, -0.00412344
-0.17500000, -0.17500000, 0.35000000, -0.00582296
-0.13125000, -0.21875000, 0.35000000, -0.00752593
-0.08750000, -0.26250000, 0.35000000, -0.00911310
-0.04375000, -0.30625000, 0.35000000, -0.01030868
0.00000000, -0.35000000, 0.35000000, -0.01008787
0.04375000, -0.35000000, 0.30625000, -0.01115104
0.08750000, -0.35000000, 0.26250000, -0.01301249
0.13125000, -0.35000000, 0.21875000, -0.01483166
0.17500000, -0.35000000, 0.17500000, -0.01639730
0.21875000, -0.35000000, 0.13125000, -0.01760530
0.26250000, -0.35000000, 0.08750000, -0.01838807
0.30625000, -0.35000000, 0.04375000, -0.01873081
0.35000000, -0.35000000, 0.00000000, -0.01873564
0.35000000, -0.30625000, -0.04375000, -0.01587528
0.35000000, -0.26250000, -0.08750000, -0.01304009
0.35000000, -0.21875000, -0.13125000, -0.01031938
0.35000000, -0.17500000, -0.17500000, -0.00778078
0.35000000, -0.13125000, -0.21875000, -0.00546888
0.35000000, -0.08750000, -0.26250000, -0.00339343
0.35000000, -0.04375000, -0.30625000, -0.00156502
0.40000000, 0.00000000, -0.40000000, 0.00000000
0.35000000, 0.05000000, -0.40000000, 0.00130486
0.30000000, 0.10000000, -0.40000000, 0.00293674
0.25000000, 0.15000000, -0.40000000, 0.00484149
0.20000000, 0.20000000, -0.40000000, 0.00697703
0.15000000, 0.25000000, -0.40000000, 0.00929695
0.10000000, 0.30000000, -0.40000000, 0.01171297
0.05000000, 0.35000000, -0.40000000, 0.01407711
0.00000000, 0.40000000, -0.40000000, 0.01611106
-0.05000000, 0.40000000, -0.35000000, 0.01693876
-0.10000000, 0.40000000, -0.30000000, 0.01726512
-0.15000000, 0.40000000, -0.25000000, 0.01686447
-0.20000000, 0.40000000, -0.20000000, 0.01573106
-0.25000000, 0.40000000, -0.15000000, 0.01396857
-0.30000000, 0.40000000, -0.10000000, 0.01176777
-0.35000000, 0.40000000, -0.05000000, 0.00943685
-0.40000000, 0.40000000, 0.00000000, 0.00785396
-0.40000000, 0.35000000, 0.05000000, 0.00823979
-0.40000000, 0.30000000, 0.10000000, 0.00733234
-0.40000000, 0.25000000, 0.15000000, 0.00606015
-0.40000000, 0.20000000, 0.20000000, 0.00467540
-0.40000000, 0.15000000, 0.25000000, 0.00328517
-0.40000000, 0.10000000, 0.30000000, 0.00198402
-0.40000000, 0.05000000, 0.35000000, 0.00085040
-0.40000000, 0.00000000, 0.40000000, -0.00000000
-0.35000000, -0.05000000, 0.40000000, -0.00085040
-0.30000000, -0.10000000, 0.40000000, -0.00198402
-0.25000000, -0.15000000, 0.40000000, -0.00328517
-0.20000000, -0.20000000, 0.40000000, -0.00467540
-0.15000000, -0.25000000, 0.40000000, -0.00606015
-0.10000000, -0.30000000, 0.40000000, -0.00733234
-0.05000000, -0.35000000, 0.40000000, -0.00823979
0.00000000, -0.40000000, 0.40000000, -0.00785396
0.05000000, -0.40000000, 0.35000000, -0.00943685
0.10000000, -0.40000000, 0.30000000, -0.01176777
0.15000000, -0.40000000, 0.25000000, -0.01396857
0.20000000, -0.40000000, 0.20000000, -0.01573106
0.25000000, -0.40000000, 0.15000000, -0.01686447
0.30000000, -0.40000000, 0.10000000, -0.01726512
0.35000000, -0.40000000, 0.05000000, -0.01693876
0.40000000, -0.40000000, 0.00000000, -0.01611106
0.40000000, -0.35000000, -0.05000000, -0.01407711
0.40000000, -0.30000000, -0.10000000, -0.01171297
0.40000000, -0.25000000, -0.15000000, -0.00929695
0.40000000, -0.20000000, -0.20000000, -0.00697703
0.40000000, -0.15000000, -0.25000000, -0.00484149
0.40000000, -0.10000000, -0.30000000, -0.00293674
0.40000000, -0.05000000, -0.35000000, -0.00130486
0.45000000, 0.00000000, -0.45000000, -0.00000000
0.39375000, 0.05625000, -0.45000000, 0.00096149
0.33750000, 0.11250000, -0.45000000, 0.00227910
0.28125000, 0.16875000, -0.45000000, 0.00387639
0.22500000, 0.22500000, -0.45000000, 0.00568904
0.16875000, 0.28125000, -0.45000000, 0.00763634
0.11250000, 0.33750000, -0.45000000, 0.00959499
0.05625000, 0.39375000, -0.45000000, 0.01135289
0.00000000, 0.45000000, -0.45000000, 0.01247991
-0.05625000, 0.45000000, -0.39375000, 0.01405365
-0.11250000, 0.45000000, -0.33750000, 0.01509299
-0.16875000, 0.45000000, -0.28125000, 0.01517062
-0.22500000, 0.45000000, -0.22500000, 0.01421511
-0.28125000, 0.45000000, -0.16875000, 0.01236317
-0.33750000, 0.45000000, -0.11250000, 0.00992254
-0.39375000, 0.45000000, -0.05625000, 0.00733469
-0.45000000, 0.45000000, 0.00000000, 0.00548736
-0.45000000, 0.39375000, 0.05625000, 0.00594279
-0.45000000, 0.33750000, 0.11250000, 0.00532927
-0.45000000, 0.28125000, 0.16875000, 0.00440858
-0.45000000, 0.22500000, 0.22500000, 0.00338797
-0.45000000, 0.16875000, 0.28125000, 0.00235855
-0.45000000, 0.11250000, 0.33750000, 0.00140015
-0.45000000, 0.05625000, 0.39375000, 0.00058040
-0.45000000, 0.00000000, 0.45000000, 0.00000000
-0.39375000, -0.05625000, 0.45000000, -0.00058040
-0.33750000, -0.11250000, 0.45000000, -0.00140015
-0.28125000, -0.16875000, 0.45000000, -0.00235855
-0.22500000, -0.22500000, 0.45000000, -0.00338797
-0.16875000, -0.28125000, 0.45000000, -0.00440858
-0.11250000, -0.33750000, 0.45000000, -0.00532927
-0.05625000, -0.39375000, 0.45000000, -0.00594279
0.00000000, -0.45000000, 0.45000000, -0.00548736
0.05625000, -0.45000000, 0.39375000, -0.00733469
0.11250000, -0.45000000, 0.33750000, -0.00992254
0.16875000, -0.45000000, 0.28125000, -0.01236317
0.22500000, -0.45000000, 0.22500000, -0.01421511
0.28125000, -0.45000000, 0.16875000, -0.01517062
0.33750000, -0.45000000, 0.11250000, -0.01509299
0.39375000, -0.45000000, 0.05625000, -0.01405365
0.45000000, -0.45000000, 0.00000000, -0.01247991
0.45000000, -0.39375000, -0.05625000, -0.01135289
0.45000000, -0.33750000, -0.11250000, -0.00959499
0.45000000, -0.28125000, -0.16875000, -0.00763634
0.45000000, -0.22500000, -0.22500000, -0.00568904
0.45000000, -0.16875000, -0.28125000, -0.00387639
0.45000000, -0.11250000, -0.33750000, -0.00227910
0.45000000, -0.05625000, -0.39375000, -0.00096149
0.50000000, 0.00000000, -0.50000000, -0.00000000
0.43750000, 0.06250000, -0.50000000, 0.00062361
0.37500000, 0.12500000, -0.50000000, 0.00157389
0.31250000, 0.18750000, -0.50000000, 0.00278200
0.25000000, 0.25000000, -0.50000000, 0.00417956
0.18750000, 0.31250000, -0.50000000, 0.00566992
0.12500000, 0.37500000, -0.50000000, 0.00711022
0.06250000, 0.43750000, -0.50000000, 0.00826340
0.00000000, 0.50000000, -0.50000000, 0.00863750
-0.06250000, 0.50000000, -0.43750000, 0.01065751
-0.12500000, 0.50000000, -0.37500000, 0.01226704
-0.18750000, 0.50000000, -0.31250000, 0.01280431
-0.25000000, 0.50000000, -0.25000000, 0.01207743
-0.31250000, 0.50000000, -0.18750000, 0.01025043
-0.37500000, 0.50000000, -0.12500000, 0.00775662
-0.43750000, 0.50000000, -0.06250000, 0.00518674
-0.50000000, 0.50000000, 0.00000000, 0.00338646
-0.50000000, 0.43750000, 0.06250000, 0.00380998
-0.50000000, 0.37500000, 0.12500000, 0.00345132
-0.50000000, 0.31250000, 0.18750000, 0.00286306
-0.50000000, 0.25000000, 0.25000000, 0.00219544
-0.50000000, 0.18750000, 0.31250000, 0.00151636
-0.50000000, 0.12500000, 0.37500000, 0.00088370
-0.50000000, 0.06250000, 0.43750000, 0.00035254
-0.50000000, 0.00000000, 0.50000000, 0.00000000
-0.43750000, -0.06250000, 0.50000000, -0.00035254
-0.37500000, -0.12500000, 0.50000000, -0.00088370
-0.31250000, -0.18750000, 0.50000000, -0.00151636
-0.25000000, -0.25000000, 0.50000000, -0.00219544
-0.18750000, -0.31250000, 0.50000000, -0.00286306
-0.12500000, -0.37500000, 0.50000000, -0.00345132
-0.06250000, -0.43750000, 0.50000000, -0.00380998
0.00000000, -0.50000000, 0.50000000, -0.00338646
0.06250000, -0.50000000, 0.43750000, -0.00518674
0.12500000, -0.50000000, 0.37500000, -0.00775662
0.18750000, -0.50000000, 0.31250000, -0.01025043
0.25000000, -0.50000000, 0.25000000, -0.01207743
0.31250000, -0.50000000, 0.18750000, -0.01280431
0.37500000, -0.50000000, 0.12500000, -0.01226704
0.43750000, -0.50000000, 0.06250000, -0.01065751
0.50000000, -0.50000000, 0.00000000, -0.00863750
0.50000000, -0.43750000, -0.06250000, -0.00826340
0.50000000, -0.37500000, -0.12500000, -0.00711022
0.50000000, -0.31250000, -0.18750000, -0.00566992
0.50000000, -0.25000000, -0.25000000, -0.00417956
0.50000000, -0.18750000, -0.31250000, -0.00278200
0.50000000, -0.12500000, -0.37500000, -0.00157389
0.50000000, -0.06250000, -0.43750000, -0.00062361
0.55000000, 0.00000000, -0.55000000, 0.00000000
0.48125000, 0.06875000, -0.55000000, 0.00035190
0.41250000, 0.13750000, -0.55000000, 0.00095609
0.34375000, 0.20625000, -0.55000000, 0.00176936
0.27500000, 0.27500000, -0.55000000, 0.00273491
0.20625000, 0.34375000, -0.55000000, 0.00376139
0.13750000, 0.41250000, -0.55000000, 0.00470963
0.06875000, 0.48125000, -0.55000000, 0.00536141
0.00000000, 0.55000000, -0.55000000, 0.00526743
-0.06875000, 0.55000000, -0.48125000, 0.00732886
-0.13750000, 0.55000000, -0.41250000, 0.00922744
-0.20625000, 0.55000000, -0.34375000, 0.01010631
-0.27500000, 0.55000000, -0.27500000, 0.00961708
-0.34375000, 0.55000000, -0.20625000, 0.00792487
-0.41250000, 0.55000000, -0.13750000, 0.00557929
-0.48125000, 0.55000000, -0.06875000, 0.00329315
-0.55000000, 0.55000000, 0.00000000, 0.00180521
-0.55000000, 0.48125000, 0.06875000, 0.00213312
-0.55000000, 0.41250000, 0.13750000, 0.00195919
-0.55000000, 0.34375000, 0.20625000, 0.00163524
-0.55000000, 0.27500000, 0.27500000, 0.00125648
-0.55000000, 0.20625000, 0.34375000, 0.00086433
-0.55000000, 0.13750000, 0.41250000, 0.00049559
-0.55000000, 0.06875000, 0.48125000, 0.00018996
-0.55000000, 0.00000000, 0.55000000, -0.00000000
-0.48125000, -0.06875000, 0.55000000, -0.00018996
-0.41250000, -0.13750000, 0.55000000, -0.00049559
-0.34375000, -0.20625000, 0.55000000, -0.00086433
-0.27500000, -0.27500000, 0.55000000, -0.00125648
-0.20625000, -0.34375000, 0.55000000, -0.00163524
-0.13750000, -0.41250000, 0.55000000, -0.00195919
-0.06875000, -0.48125000, 0.55000000, -0.00213312
0.00000000, -0.55000000, 0.55000000, -0.00180521
0.06875000, -0.55000000, 0.48125000, -0.00329315
0.13750000, -0.55000000, 0.41250000, -0.00557929
0.20625000, -0.55000000, 0.34375000, -0.00792487
0.27500000, -0.55000000, 0.27500000, -0.00961708
0.34375000, -0.55000000, 0.20625000, -0.01010631
0.41250000, -0.55000000, 0.13750000, -0.00922744
0.48125000, -0.55000000, 0.06875000, -0.00732886
0.55000000, -0.55000000, 0.00000000, -0.00526743
0.55000000, -0.48125000, -0.06875000, -0.00536141
0.55000000, -0.41250000, -0.13750000, -0.00470963
0.55000000, -0.34375000, -0.20625000, -0.00376139
0.55000000, -0.27500000, -0.27500000, -0.00273491
0.55000000, -0.20625000, -0.34375000, -0.00176936
0.55000000, -0.13750000, -0.41250000, -0.00095609
0.55000000, -0.06875000, -0.48125000, -0.00035190
0.60000000, 0.00000000, -0.60000000, 0.00000000
0.52500000, 0.07500000, -0.60000000, 0.00016859
0.45000000, 0.15000000, -0.60000000, 0.00050195
0.37500000, 0.22500000, -0.60000000, 0.00098155
0.30000000, 0.30000000, -0.60000000, 0.00156933
0.22500000, 0.37500000, -0.60000000, 0.00219322
0.15000000, 0.45000000, -0.60000000, 0.00274068
0.07500000, 0.52500000, -0.60000000, 0.00304337
0.00000000, 0.60000000, -0.60000000, 0.00276851
-0.07500000, 0.60000000, -0.52500000, 0.00451184
-0.15000000, 0.60000000, -0.45000000, 0.00637364
-0.22500000, 0.60000000, -0.37500000, 0.00741519
-0.30000000, 0.60000000, -0.30000000, 0.00713885
-0.37500000, 0.60000000, -0.22500000, 0.00567527
-0.45000000, 0.60000000, -0.15000000, 0.00365543
-0.52500000, 0.60000000, -0.07500000, 0.00184131
-0.60000000, 0.60000000, 0.00000000, 0.00080275
-0.60000000, 0.52500000, 0.07500000, 0.00101887
-0.60000000, 0.45000000, 0.15000000, 0.00095380
-0.60000000, 0.37500000, 0.22500000, 0.00080490
-0.60000000, 0.30000000, 0.30000000, 0.00062392
-0.60000000, 0.22500000, 0.37500000, 0.00043026
-0.60000000, 0.15000000, 0.45000000, 0.00024471
-0.60000000, 0.07500000, 0.52500000, 0.00009077
-0.60000000, 0.00000000, 0.60000000, -0.00000000
-0.52500000, -0.07500000, 0.60000000, -0.00009077
-0.45000000, -0.15000000, 0.60000000, -0.00024471
-0.37500000, -0.22500000, 0.60000000, -0.00043026
-0.30000000, -0.30000000, 0.60000000, -0.00062392
-0.22500000, -0.37500000, 0.60000000, -0.00080490
-0.15000000, -0.45000000, 0.60000000, -0.00095380
-0.07500000, -0.52500000, 0.60000000, -0.00101887
0.00000000, -0.60000000, 0.60000000, -0.00080275
0.07500000, -0.60000000, 0.52500000, -0.00184131
0.15000000, -0.60000000, 0.45000000, -0.00365543
0.22500000, -0.60000000, 0.37500000, -0.00567527
0.30000000, -0.60000000, 0.30000000, -0.00713885
0.37500000, -0.60000000, 0.22500000, -0.00741519
0.45000000, -0.60000000, 0.15000000, -0.00637364
0.52500000, -0.60000000, 0.07500000, -0.00451184
0.60000000, -0.60000000, 0.00000000, -0.00276851
0.60000000, -0.52500000, -0.07500000, -0.00304337
0.60000000, -0.45000000, -0.15000000, -0.00274068
0.60000000, -0.37500000, -0.22500000, -0.00219322
0.60000000, -0.30000000, -0.30000000, -0.00156933
0.60000000, -0.22500000, -0.37500000, -0.00098155
0.60000000, -0.15000000, -0.45000000, -0.00050195
0.60000000, -0.07500000, -0.52500000, -0.00016859
0.65000000, 0.00000000, -0.65000000, -0.00000000
0.56875000, 0.08125000, -0.65000000, 0.00006635
0.48750000, 0.16250000, -0.65000000, 0.00022251
0.40625000, 0.24375000, -0.65000000, 0.00046458
0.32500000, 0.32500000, -0.65000000, 0.00077249
0.24375000, 0.40625000, -0.65000000, 0.00109830
0.16250000, 0.48750000, -0.65000000, 0.00136719
0.08125000, 0.56875000, -0.65000000, 0.00147121
0.00000000, 0.65000000, -0.65000000, 0.00121268
-0.08125000, 0.65000000, -0.56875000, 0.00244003
-0.16250000, 0.65000000, -0.48750000, 0.00399556
-0.24375000, 0.65000000, -0.40625000, 0.00501089
-0.32500000, 0.65000000, -0.32500000, 0.00489653
-0.40625000, 0.65000000, -0.24375000, 0.00372786
-0.48750000, 0.65000000, -0.16250000, 0.00215155
-0.56875000, 0.65000000, -0.08125000, 0.00088204
-0.65000000, 0.65000000, 0.00000000, 0.00028209
-0.65000000, 0.56875000, 0.08125000, 0.00040082
-0.65000000, 0.48750000, 0.16250000, 0.00038509
-0.65000000, 0.40625000, 0.24375000, 0.00033157
-0.65000000, 0.32500000, 0.32500000, 0.00026259
-0.65000000, 0.24375000, 0.40625000, 0.00018386
-0.65000000, 0.16250000, 0.48750000, 0.00010527
-0.65000000, 0.08125000, 0.56875000, 0.00003845
-0.65000000, 0.00000000, 0.65000000, 0.00000000
-0.56875000, -0.08125000, 0.65000000, -0.00003845
-0.48750000, -0.16250000, 0.65000000, -0.00010527
-0.40625000, -0.24375000, 0.65000000, -0.00018386
-0.32500000, -0.32500000, 0.65000000, -0.00026259
-0.24375000, -0.40625000, 0.65000000, -0.00033157
-0.16250000, -0.48750000, 0.65000000, -0.00038509
-0.08125000, -0.56875000, 0.65000000, -0.00040082
0.00000000, -0.65000000, 0.65000000, -0.00028209
0.08125000, -0.65000000, 0.56875000, -0.00088204
0.16250000, -0.65000000, 0.48750000, -0.00215155
0.24375000, -0.65000000, 0.40625000, -0.00372786
0.32500000, -0.65000000, 0.32500000, -0.00489653
0.40625000, -0.65000000, 0.24375000, -0.00501089
0.48750000, -0.65000000, 0.16250000, -0.00399556
0.56875000, -0.65000000, 0.08125000, -0.00244003
0.65000000, -0.65000000, 0.00000000, -0.00121268
0.65000000, -0.56875000, -0.08125000, -0.00147121
0.65000000, -0.48750000, -0.16250000, -0.00136719
0.65000000, -0.40625000, -0.24375000, -0.00109830
0.65000000, -0.32500000, -0.32500000, -0.00077249
0.65000000, -0.24375000, -0.40625000, -0.00046458
0.65000000, -0.16250000, -0.48750000, -0.00022251
0.65000000, -0.08125000, -0.56875000, -0.00006635
0.70000000, 0.00000000, -0.70000000, -0.00000000
0.61250000, 0.08750000, -0.70000000, 0.00002154
0.52500000, 0.17500000, -0.70000000, 0.00008166
0.43750000, 0.26250000, -0.70000000, 0.00018243
0.35000000, 0.35000000, -0.70000000, 0.00031636
0.26250000, 0.43750000, -0.70000000, 0.00045750
0.17500000, 0.52500000, -0.70000000, 0.00056508
0.08750000, 0.61250000, -0.70000000, 0.00058358
0.00000000, 0.70000000, -0.70000000, 0.00042194
-0.08750000, 0.70000000, -0.61250000, 0.00112818
-0.17500000, 0.70000000, -0.52500000, 0.00223465
-0.26250000, 0.70000000, -0.43750000, 0.00307454
-0.35000000, 0.70000000, -0.35000000, 0.00305967
-0.43750000, 0.70000000, -0.26250000, 0.00221304
-0.52500000, 0.70000000, -0.17500000, 0.00111592
-0.61250000, 0.70000000, -0.08750000, 0.00034845
-0.70000000, 0.70000000, 0.00000000, 0.00007309
-0.70000000, 0.61250000, 0.08750000, 0.00012185
-0.70000000, 0.52500000, 0.17500000, 0.00012122
-0.70000000, 0.43750000, 0.26250000, 0.00010928
-0.70000000, 0.35000000, 0.35000000, 0.00009151
-0.70000000, 0.26250000, 0.43750000, 0.00006714
-0.70000000, 0.17500000, 0.52500000, 0.00003914
-0.70000000, 0.08750000, 0.61250000, 0.00001411
-0.70000000, 0.00000000, 0.70000000, 0.00000000
-0.61250000, -0.08750000, 0.70000000, -0.00001411
-0.52500000, -0.17500000, 0.70000000, -0.00003914
-0.43750000, -0.26250000, 0.70000000, -0.00006714
-0.35000000, -0.35000000, 0.70000000, -0.00009151
-0.26250000, -0.43750000, 0.70000000, -0.00010928
-0.17500000, -0.52500000, 0.70000000, -0.00012122
-0.08750000, -0.61250000, 0.70000000, -0.00012185
0.00000000, -0.70000000, 0.70000000, -0.00007309
0.08750000, -0.70000000, 0.61250000, -0.00034845
0.17500000, -0.70000000, 0.52500000, -0.00111592
0.26250000, -0.70000000, 0.43750000, -0.00221304
0.35000000, -0.70000000, 0.35000000, -0.00305967
0.43750000, -0.70000000, 0.26250000, -0.00307454
0.52500000, -0.70000000, 0.17500000, -0.00223465
0.61250000, -0.70000000, 0.08750000, -0.00112818
0.70000000, -0.70000000, 0.00000000, -0.00042194
0.70000000, -0.61250000, -0.08750000, -0.00058358
0.70000000, -0.52500000, -0.17500000, -0.00056508
0.70000000, -0.43750000, -0.26250000, -0.00045750
0.70000000, -0.35000000, -0.35000000, -0.00031636
0.70000000, -0.26250000, -0.43750000, -0.00018243
0.70000000, -0.17500000, -0.52500000, -0.00008166
0.70000000, -0.08750000, -0.61250000, -0.00002154
0.75000000, 0.00000000, -0.75000000, 0.00000000
0.65625000, 0.09375000, -0.75000000, 0.00000693
0.56250000, 0.18750000, -0.75000000, 0.00002504
0.46875000, 0.28125000, -0.75000000, 0.00005773
0.37500000, 0.37500000, -0.75000000, 0.00010361
0.28125000, 0.46875000, -0.75000000, 0.00015217
0.18750000, 0.56250000, -0.75000000, 0.00018508
0.09375000, 0.65625000, -0.75000000, 0.00018125
0.00000000, 0.75000000, -0.75000000, 0.00011009
-0.09375000, 0.75000000, -0.65625000, 0.00042855
-0.18750000, 0.75000000, -0.56250000, 0.00108603
-0.28125000, 0.75000000, -0.46875000, 0.00167427
-0.37500000, 0.75000000, -0.37500000, 0.00170315
-0.46875000, 0.75000000, -0.28125000, 0.00116027
-0.56250000, 0.75000000, -0.18750000, 0.00049561
-0.65625000, 0.75000000, -0.09375000, 0.00010745
-0.75000000, 0.75000000, 0.00000000, 0.00001411
-0.75000000, 0.65625000, 0.09375000, 0.00002436
-0.75000000, 0.56250000, 0.18750000, 0.00002553
-0.75000000, 0.46875000, 0.28125000, 0.00002665
-0.75000000, 0.37500000, 0.37500000, 0.00002634
-0.75000000, 0.28125000, 0.46875000, 0.00002175
-0.75000000, 0.18750000, 0.56250000, 0.00001256
-0.75000000, 0.09375000, 0.65625000, 0.00000404
-0.75000000, 0.00000000, 0.75000000, -0.00000000
-0.65625000, -0.09375000, 0.75000000, -0.00000404
-0.56250000, -0.18750000, 0.75000000, -0.00001256
-0.46875000, -0.28125000, 0.75000000, -0.00002175
-0.37500000, -0.37500000, 0.75000000, -0.00002634
-0.28125000, -0.46875000, 0.75000000, -0.00002665
-0.18750000, -0.56250000, 0.75000000, -0.00002553
-0.09375000, -0.65625000, 0.75000000, -0.00002436
0.00000000, -0.75000000, 0.75000000, -0.00001411
0.09375000, -0.75000000, 0.65625000, -0.00010745
0.18750000, -0.75000000, 0.56250000, -0.00049561
0.28125000, -0.75000000, 0.46875000, -0.00116027
0.37500000, -0.75000000, 0.37500000, -0.00170315
0.46875000, -0.75000000, 0.28125000, -0.00167427
0.56250000, -0.75000000, 0.18750000, -0.00108603
0.65625000, -0.75000000, 0.09375000, -0.00042855
0.75000000, -0.75000000, 0.00000000, -0.00011009
0.75000000, -0.65625000, -0.09375000, -0.00018125
0.75000000, -0.56250000, -0.18750000, -0.00018508
0.75000000, -0.46875000, -0.28125000, -0.00015217
0.75000000, -0.37500000, -0.37500000, -0.00010361
0.75000000, -0.28125000, -0.46875000, -0.00005773
0.75000000, -0.18750000, -0.56250000, -0.00002504
0.75000000, -0.09375000, -0.65625000, -0.00000693
0.80000000, 0.00000000, -0.80000000, 0.00000000
0.70000000, 0.10000000, -0.80000000, 0.00000227
0.60000000, 0.20000000, -0.80000000, 0.00000629
0.50000000, 0.30000000, -0.80000000, 0.00001419
0.40000000, 0.40000000, -0.80000000, 0.00002592
0.30000000, 0.50000000, -0.80000000, 0.00003844
0.20000000, 0.60000000, -0.80000000, 0.00004520
0.10000000, 0.70000000, -0.80000000, 0.00004126
0.00000000, 0.80000000, -0.80000000, 0.00002000
-0.10000000, 0.80000000, -0.70000000, 0.00012506
-0.20000000, 0.80000000, -0.60000000, 0.00043870
-0.30000000, 0.80000000, -0.50000000, 0.00077817
-0.40000000, 0.80000000, -0.40000000, 0.00081400
-0.50000000, 0.80000000, -0.30000000, 0.00051704
-0.60000000, 0.80000000, -0.20000000, 0.00017965
-0.70000000, 0.80000000, -0.10000000, 0.00002256
-0.80000000, 0.80000000, 0.00000000, 0.00000188
-0.80000000, 0.70000000, 0.10000000, 0.00000129
-0.80000000, 0.60000000, 0.20000000, 0.00000178
-0.80000000, 0.50000000, 0.30000000, 0.00000399
-0.80000000, 0.40000000, 0.40000000, 0.00000630
-0.80000000, 0.30000000, 0.50000000, 0.00000626
-0.80000000, 0.20000000, 0.60000000, 0.00000341
-0.80000000, 0.10000000, 0.70000000, 0.00000076
-0.80000000, 0.00000000, 0.80000000, -0.00000000
-0.70000000, -0.10000000, 0.80000000, -0.00000076
-0.60000000, -0.20000000, 0.80000000, -0.00000341
-0.50000000, -0.30000000, 0.80000000, -0.00000626
-0.40000000, -0.40000000, 0.80000000, -0.00000630
-0.30000000, -0.50000000, 0.80000000, -0.00000399
-0.20000000, -0.60000000, 0.80000000, -0.00000178
-0.10000000, -0.70000000, 0.80000000, -0.00000129
0.00000000, -0.80000000, 0.80000000, -0.00000188
0.10000000, -0.80000000, 0.70000000, -0.00002256
0.20000000, -0.80000000, 0.60000000, -0.00017965
0.30000000, -0.80000000, 0.50000000, -0.00051704
0.40000000, -0.80000000, 0.40000000, -0.00081400
0.50000000, -0.80000000, 0.30000000, -0.00077817
0.60000000, -0.80000000, 0.20000000, -0.00043870
0.70000000, -0.80000000, 0.10000000, -0.00012506
0.80000000, -0.80000000, 0.00000000, -0.00002000
0.80000000, -0.70000000, -0.10000000, -0.00004126
0.80000000, -0.60000000, -0.20000000, -0.00004520
0.80000000, -0.50000000, -0.30000000, -0.00003844
0.80000000, -0.40000000, -0.40000000, -0.00002592
0.80000000, -0.30000000, -0.50000000, -0.00001419
0.80000000, -0.20000000, -0.60000000, -0.00000629
0.80000000, -0.10000000, -0.70000000, -0.00000227
0.85000000, 0.00000000, -0.85000000, -0.00000000
0.74375000, 0.10625000, -0.85000000, -0.00000041
0.63750000, 0.21250000, -0.85000000, 0.00000028
0.53125000, 0.31875000, -0.85000000, 0.00000207
0.42500000, 0.42500000, -0.85000000, 0.00000450
0.31875000, 0.53125000, -0.85000000, 0.00000639
0.21250000, 0.63750000, -0.85000000, 0.00000661
0.10625000, 0.74375000, -0.85000000, 0.00000461
0.00000000, 0.85000000, -0.85000000, 0.00000016
-0.10625000, 0.85000000, -0.74375000, 0.00002366
-0.21250000, 0.85000000, -0.63750000, 0.00013533
-0.31875000, 0.85000000, -0.53125000, 0.00028671
-0.42500000, 0.85000000, -0.42500000, 0.00031202
-0.53125000, 0.85000000, -0.31875000, 0.00018233
-0.63750000, 0.85000000, -0.21250000, 0.00004826
-0.74375000, 0.85000000, -0.10625000, 0.00000015
-0.85000000, 0.85000000, 0.00000000, -0.00000223
-0.85000000, 0.74375000, 0.10625000, -0.00000015
-0.85000000, 0.63750000, 0.21250000, -0.00000003
-0.85000000, 0.53125000, 0.31875000, 0.00000020
-0.85000000, 0.42500000, 0.42500000, 0.00000076
-0.85000000, 0.31875000, 0.53125000, 0.00000077
-0.85000000, 0.21250000, 0.63750000, 0.00000067
-0.85000000, 0.10625000, 0.74375000, 0.00000031
-0.85000000, 0.00000000, 0.85000000, 0.00000000
-0.74375000, -0.10625000, 0.85000000, -0.00000031
-0.63750000, -0.21250000, 0.85000000, -0.00000067
-0.53125000, -0.31875000, 0.85000000, -0.00000077
-0.42500000, -0.42500000, 0.85000000, -0.00000076
-0.31875000, -0.53125000, 0.85000000, -0.00000020
-0.21250000, -0.63750000, 0.85000000, 0.00000003
-0.10625000, -0.74375000, 0.85000000, 0.00000015
0.00000000, -0.85000000, 0.85000000, 0.00000223
0.10625000, -0.85000000, 0.74375000, -0.00000015
0.21250000, -0.85000000, 0.63750000, -0.00004826
0.31875000, -0.85000000, 0.53125000, -0.00018233
0.42500000, -0.85000000, 0.42500000, -0.00031202
0.53125000, -0.85000000, 0.31875000, -0.00028671
0.63750000, -0.85000000, 0.21250000, -0.00013533
0.74375000, -0.85000000, 0.10625000, -0.00002366
0.85000000, -0.85000000, 0.00000000, -0.00000016
0.85000000, -0.74375000, -0.10625000, -0.00000461
0.85000000, -0.63750000, -0.21250000, -0.00000661
0.85000000, -0.53125000, -0.31875000, -0.00000639
0.85000000, -0.42500000, -0.42500000, -0.00000450
0.85000000, -0.31875000, -0.53125000, -0.00000207
0.85000000, -0.21250000, -0.63750000, -0.00000028
0.85000000, -0.10625000, -0.74375000, 0.00000041
0.90000000, 0.00000000, -0.90000000, -0.00000000
0.78750000, 0.11250000, -0.90000000, -0.00000059
0.67500000, 0.22500000, -0.90000000, -0.00000043
0.56250000, 0.33750000, -0.90000000, -0.00000001
0.45000000, 0.45000000, -0.90000000, 0.00000042
0.33750000, 0.56250000, -0.90000000, 0.00000027
0.22500000, 0.67500000, -0.90000000, -0.00000014
0.11250000, 0.78750000, -0.90000000, -0.00000089
0.00000000, 0.90000000, -0.90000000, -0.00000142
-0.11250000, 0.90000000, -0.78750000, 0.00000128
-0.22500000, 0.90000000, -0.67500000, 0.00002666
-0.33750000, 0.90000000, -0.56250000, 0.00007126
-0.45000000, 0.90000000, -0.45000000, 0.00008164
-0.56250000, 0.90000000, -0.33750000, 0.00004321
-0.67500000, 0.90000000, -0.22500000, 0.00000772
-0.78750000, 0.90000000, -0.11250000, -0.00000176
-0.90000000, 0.90000000, 0.00000000, -0.00000097
-0.90000000, 0.78750000, 0.11250000, 0.00000061
-0.90000000, 0.67500000, 0.22500000, 0.00000052
-0.90000000, 0.56250000, 0.33750000, 0.00000018
-0.90000000, 0.45000000, 0.45000000, -0.00000007
-0.90000000, 0.33750000, 0.56250000, -0.00000019
-0.90000000, 0.22500000, 0.67500000, 0.00000008
-0.90000000, 0.11250000, 0.78750000, 0.00000019
-0.90000000, 0.00000000, 0.90000000, 0.00000000
-0.78750000, -0.11250000, 0.90000000, -0.00000019
-0.67500000, -0.22500000, 0.90000000, -0.00000008
-0.56250000, -0.33750000, 0.90000000, 0.00000019
-0.45000000, -0.45000000, 0.90000000, 0.00000007
-0.33750000, -0.56250000, 0.90000000, -0.00000018
-0.22500000, -0.67500000, 0.90000000, -0.00000052
-0.11250000, -0.78750000, 0.90000000, -0.00000061
0.00000000, -0.90000000, 0.90000000, 0.00000097
0.11250000, -0.90000000, 0.78750000, 0.00000176
0.22500000, -0.90000000, 0.67500000, -0.00000772
0.33750000, -0.90000000, 0.56250000, -0.00004321
0.45000000, -0.90000000, 0.45000000, -0.00008164
0.56250000, -0.90000000, 0.33750000, -0.00007126
0.67500000, -0.90000000, 0.22500000, -0.00002666
0.78750000, -0.90000000, 0.11250000, -0.00000128
0.90000000, -0.90000000, 0.00000000, 0.00000142
0.90000000, -0.78750000, -0.11250000, 0.00000089
0.90000000, -0.67500000, -0.22500000, 0.00000014
0.90000000, -0.56250000, -0.33750000, -0.00000027
0.90000000, -0.45000000, -0.45000000, -0.00000042
0.90000000, -0.33750000, -0.56250000, 0.00000001
0.90000000, -0.22500000, -0.67500000, 0.00000043
0.90000000, -0.11250000, -0.78750000, 0.00000059
0.95000000, 0.00000000, -0.95000000, 0.00000000
0.83125000, 0.11875000, -0.95000000, 0.00000061
0.71250000, 0.23750000, -0.95000000, 0.00000062
0.59375000, 0.35625000, -0.95000000, 0.00000042
0.47500000, 0.47500000, -0.95000000, 0.00000030
0.35625000, 0.59375000, -0.95000000, 0.00000051
0.23750000, 0.71250000, -0.95000000, 0.00000076
0.11875000, 0.83125000, -0.95000000, 0.00000124
0.00000000, 0.95000000, -0.95000000, 0.00000171
-0.11875000, 0.95000000, -0.83125000, 0.00000046
-0.23750000, 0.95000000, -0.71250000, 0.00000237
-0.35625000, 0.95000000, -0.59375000, 0.00000740
-0.47500000, 0.95000000, -0.47500000, 0.00000812
-0.59375000, 0.95000000, -0.35625000, 0.00000398
-0.71250000, 0.95000000, -0.23750000, 0.00000067
-0.83125000, 0.95000000, -0.11875000, 0.00000093
-0.95000000, 0.95000000, 0.00000000, 0.00000165
-0.95000000, 0.83125000, 0.11875000, -0.00000027
-0.95000000, 0.71250000, 0.23750000, -0.00000032
-0.95000000, 0.59375000, 0.35625000, 0.00000005
-0.95000000, 0.47500000, 0.47500000, 0.00000036
-0.95000000, 0.35625000, 0.59375000, 0.00000048
-0.95000000, 0.23750000, 0.71250000, 0.00000005
-0.95000000, 0.11875000, 0.83125000, -0.00000016
-0.95000000, 0.00000000, 0.95000000, -0.00000000
-0.83125000, -0.11875000, 0.95000000, 0.00000016
-0.71250000, -0.23750000, 0.95000000, -0.00000005
-0.59375000, -0.35625000, 0.95000000, -0.00000048
-0.47500000, -0.47500000, 0.95000000, -0.00000036
-0.35625000, -0.59375000, 0.95000000, -0.00000005
-0.23750000, -0.71250000, 0.95000000, 0.00000032
-0.11875000, -0.83125000, 0.95000000, 0.00000027
0.00000000, -0.95000000, 0.95000000, -0.00000165
0.11875000, -0.95000000, 0.83125000, -0.00000093
0.23750000, -0.95000000, 0.71250000, -0.00000067
0.35625000, -0.95000000, 0.59375000, -0.00000398
0.47500000, -0.95000000, 0.47500000, -0.00000812
0.59375000, -0.95000000, 0.35625000, -0.00000740
0.71250000, -0.95000000, 0.23750000, -0.00000237
0.83125000, -0.95000000, 0.11875000, -0.00000046
0.95000000, -0.95000000, 0.00000000, -0.00000171
0.95000000, -0.83125000, -0.11875000, -0.00000124
0.95000000, -0.71250000, -0.23750000, -0.00000076
0.95000000, -0.59375000, -0.35625000, -0.00000051
0.95000000, -0.47500000, -0.47500000, -0.00000030
0.95000000, -0.35625000, -0.59375000, -0.00000042
0.95000000, -0.23750000, -0.71250000, -0.00000062
0.95000000, -0.11875000, -0.83125000, -0.00000061
1.00000000, 0.00000000, -1.00000000, 0.00000000
0.87500000, 0.12500000, -1.00000000, 0.00000000
0.75000000, 0.25000000, -1.00000000, 0.00000000
0.62500000, 0.37500000, -1.00000000, 0.00000000
0.50000000, 0.50000000, -1.00000000, 0.00000000
0.37500000, 0.62500000, -1.00000000, 0.00000000
0.25000000, 0.75000000, -1.00000000, 0.00000000
0.12500000, 0.87500000, -1.00000000, 0.00000000
0.00000000, 1.00000000, -1.00000000, 0.00000000
-0.12500000, 1.00000000, -0.87500000, 0.00000000
-0.25000000, 1.00000000, -0.75000000, 0.00000000
-0.37500000, 1.00000000, -0.62500000, 0.00000000
-0.50000000, 1.00000000, -0.50000000, 0.00000000
-0.62500000, 1.00000000, -0.37500000, 0.00000000
-0.75000000, 1.00000000, -0.25000000, 0.00000000
-0.87500000, 1.00000000, -0.12500000, 0.00000000
-1.00000000, 1.00000000, 0.00000000, 0.00000000
-1.00000000, 0.87500000, 0.12500000, 0.00000000
-1.00000000, 0.75000000, 0.25000000, 0.00000000
-1.00000000, 0.62500000, 0.37500000, 0.00000000
-1.00000000, 0.50000000, 0.50000000, 0.00000000
-1.00000000, 0.37500000, 0.62500000, 0.00000000
-1.00000000, 0.25000000, 0.75000000, 0.00000000
-1.00000000, 0.12500000, 0.87500000, 0.00000000
-1.00000000, 0.00000000, 1.00000000, 0.00000000
-0.87500000, -0.12500000, 1.00000000, 0.00000000
-0.75000000, -0.25000000, 1.00000000, 0.00000000
-0.62500000, -0.37500000, 1.00000000, 0.00000000
-0.50000000, -0.50000000, 1.00000000, 0.00000000
-0.37500000, -0.62500000, 1.00000000, 0.00000000
-0.25000000, -0.75000000, 1.00000000, 0.00000000
-0.12500000, -0.87500000, 1.00000000, 0.00000000
0.00000000, -1.00000000, 1.00000000, 0.00000000
0.12500000, -1.00000000, 0.87500000, 0.00000000
0.25000000, -1.00000000, 0.75000000, 0.00000000
0.37500000, -1.00000000, 0.62500000, 0.00000000
0.50000000, -1.00000000, 0.50000000, 0.00000000
0.62500000, -1.00000000, 0.37500000, 0.00000000
0.75000000, -1.00000000, 0.25000000, 0.00000000
0.87500000, -1.00000000, 0.12500000, 0.00000000
1.00000000, -1.00000000, 0.00000000, 0.00000000
1.00000000, -0.87500000, -0.12500000, 0.00000000
1.00000000, -0.75000000, -0.25000000, 0.00000000
1.00000000, -0.62500000, -0.37500000, 0.00000000
1.00000000, -0.50000000, -0.50000000, 0.00000000
1.00000000, -0.37500000, -0.62500000, 0.00000000
1.00000000, -0.25000000, -0.75000000, 0.00000000
1.00000000, -0.12500000, -0.87500000, 0.00000000
