0.01000000, 0.00000000, -0.01000000, -0.04789881
0.00000000, 0.01000000, -0.01000000, -0.15503956
-0.00125000, 0.01000000, -0.00875000, -0.16876888
-0.00250000, 0.01000000, -0.00750000, -0.12213733
-0.00375000, 0.01000000, -0.00625000, -0.05793983
-0.00500000, 0.01000000, -0.00500000, 0.01615531
-0.00625000, 0.01000000, -0.00375000, 0.08771643
-0.00750000, 0.01000000, -0.00250000, 0.14474311
-0.00875000, 0.01000000, -0.00125000, 0.17917156
-0.01000000, 0.01000000, 0.00000000, 0.14881544
-0.01000000, 0.00875000, 0.00125000, 0.10603371
-0.01000000, 0.00750000, 0.00250000, 0.08891396
-0.01000000, 0.00625000, 0.00375000, 0.07822702
-0.01000000, 0.00500000, 0.00500000, 0.06848127
-0.01000000, 0.00375000, 0.00625000, 0.06129761
-0.01000000, 0.00250000, 0.00750000, 0.05369939
-0.01000000, 0.00125000, 0.00875000, 0.04850654
-0.01000000, 0.00000000, 0.01000000, 0.04431926
0.00000000, -0.01000000, 0.01000000, 0.14881544
0.00125000, -0.01000000, 0.00875000, 0.17917156
0.00250000, -0.01000000, 0.00750000, 0.14474311
0.00375000, -0.01000000, 0.00625000, 0.08771643
0.00500000, -0.01000000, 0.00500000, 0.01615531
0.00625000, -0.01000000, 0.00375000, -0.05793983
0.00750000, -0.01000000, 0.00250000, -0.12213733
0.00875000, -0.01000000, 0.00125000, -0.16876888
0.01000000, -0.01000000, 0.00000000, -0.15503956
0.01000000, -0.00875000, -0.00125000, -0.11170024
0.01000000, -0.00750000, -0.00250000, -0.09407691
0.01000000, -0.00625000, -0.00375000, -0.08309738
0.01000000, -0.00500000, -0.00500000, -0.07291910
0.01000000, -0.00375000, -0.00625000, -0.06548527
0.01000000, -0.00250000, -0.00750000, -0.05756393
0.01000000, -0.00125000, -0.00875000, -0.05223396
0.02000000, 0.00000000, -0.02000000, -0.02028315
0.01750000, 0.00250000, -0.02000000, -0.02196730
0.01500000, 0.00500000, -0.02000000, -0.02447471
0.01250000, 0.00750000, -0.02000000, -0.02762167
0.01000000, 0.01000000, -0.02000000, -0.03095876
0.00750000, 0.01250000, -0.02000000, -0.03530757
0.00500000, 0.01500000, -0.02000000, -0.04025333
0.00250000, 0.01750000, -0.02000000, -0.04775329
0.00000000, 0.02000000, -0.02000000, -0.06642099
-0.00250000, 0.02000000, -0.01750000, -0.07102706
-0.00500000, 0.02000000, -0.01500000, -0.05180733
-0.00750000, 0.02000000, -0.01250000, -0.02351374
-0.01000000, 0.02000000, -0.01000000, 0.00694095
-0.01250000, 0.02000000, -0.00750000, 0.03618036
-0.01500000, 0.02000000, -0.00500000, 0.06100442
-0.01750000, 0.02000000, -0.00250000, 0.07440697
-0.02000000, 0.02000000, 0.00000000, 0.06182722
-0.02000000, 0.01750000, 0.00250000, 0.04352879
-0.02000000, 0.01500000, 0.00500000, 0.03635892
-0.02000000, 0.01250000, 0.00750000, 0.03169524
-0.02000000, 0.01000000, 0.01000000, 0.02764701
-0.02000000, 0.00750000, 0.01250000, 0.02453102
-0.02000000, 0.00500000, 0.01500000, 0.02160561
-0.02000000, 0.00250000, 0.01750000, 0.01925011
-0.02000000, 0.00000000, 0.02000000, 0.01767036
-0.01750000, -0.00250000, 0.02000000, 0.01925011
-0.01500000, -0.00500000, 0.02000000, 0.02160561
-0.01250000, -0.00750000, 0.02000000, 0.02453102
-0.01000000, -0.01000000, 0.02000000, 0.02764701
-0.00750000, -0.01250000, 0.02000000, 0.03169524
-0.00500000, -0.01500000, 0.02000000, 0.03635892
-0.00250000, -0.01750000, 0.02000000, 0.04352879
0.00000000, -0.02000000, 0.02000000, 0.06182722
0.00250000, -0.02000000, 0.01750000, 0.07440697
0.00500000, -0.02000000, 0.01500000, 0.06100442
0.00750000, -0.02000000, 0.01250000, 0.03618036
0.01000000, -0.02000000, 0.01000000, 0.00694095
0.01250000, -0.02000000, 0.00750000, -0.02351374
0.01500000, -0.02000000, 0.00500000, -0.05180733
0.01750000, -0.02000000, 0.00250000, -0.07102706
0.02000000, -0.02000000, 0.00000000, -0.06642099
0.02000000, -0.01750000, -0.00250000, -0.04775329
0.02000000, -0.01500000, -0.00500000, -0.04025333
0.02000000, -0.01250000, -0.00750000, -0.03530757
0.02000000, -0.01000000, -0.01000000, -0.03095876
0.02000000, -0.00750000, -0.01250000, -0.02762167
0.02000000, -0.00500000, -0.01500000, -0.02447471
0.02000000, -0.00250000, -0.01750000, -0.02196730
0.03000000, 0.00000000, -0.03000000, -0.01244056
0.02625000, 0.00375000, -0.03000000, -0.01347922
0.02250000, 0.00750000, -0.03000000, -0.01512450
0.01875000, 0.01125000, -0.03000000, -0.01720221
0.01500000, 0.01500000, -0.03000000, -0.01953250
0.01125000, 0.01875000, -0.03000000, -0.02230076
0.00750000, 0.02250000, -0.03000000, -0.02564551
0.00375000, 0.02625000, -0.03000000, -0.03065591
0.00000000, 0.03000000, -0.03000000, -0.04293614
-0.00375000, 0.03000000, -0.02625000, -0.04569680
-0.00750000, 0.03000000, -0.02250000, -0.03347391
-0.01125000, 0.03000000, -0.01875000, -0.01561072
-0.01500000, 0.03000000, -0.01500000, 0.00387311
-0.01875000, 0.03000000, -0.01125000, 0.02261819
-0.02250000, 0.03000000, -0.00750000, 0.03828068
-0.02625000, 0.03000000, -0.00375000, 0.04682070
-0.03000000, 0.03000000, 0.00000000, 0.03903722
-0.03000000, 0.02625000, 0.00375000, 0.02709459
-0.03000000, 0.02250000, 0.00750000, 0.02237845
-0.03000000, 0.01875000, 0.01125000, 0.01929224
-0.03000000, 0.01500000, 0.01500000, 0.01676753
-0.03000000, 0.01125000, 0.01875000, 0.01465956
-0.03000000, 0.00750000, 0.02250000, 0.01278052
-0.03000000, 0.00375000, 0.02625000, 0.01127880
-0.03000000, 0.00000000, 0.03000000, 0.01033162
-0.02625000, -0.00375000, 0.03000000, 0.01127880
-0.02250000, -0.00750000, 0.03000000, 0.01278052
-0.01875000, -0.01125000, 0.03000000, 0.01465956
-0.01500000, -0.01500000, 0.03000000, 0.01676753
-0.01125000, -0.01875000, 0.03000000, 0.01929224
-0.00750000, -0.02250000, 0.03000000, 0.02237845
-0.00375000, -0.02625000, 0.03000000, 0.02709459
0.00000000, -0.03000000, 0.03000000, 0.03903722
0.00375000, -0.03000000, 0.02625000, 0.04682070
0.00750000, -0.03000000, 0.02250000, 0.03828068
0.01125000, -0.03000000, 0.01875000, 0.02261819
0.01500000, -0.03000000, 0.01500000, 0.00387311
0.01875000, -0.03000000, 0.01125000, -0.01561072
0.02250000, -0.03000000, 0.00750000, -0.03347391
0.02625000, -0.03000000, 0.00375000, -0.04569680
0.03000000, -0.03000000, 0.00000000, -0.04293614
0.03000000, -0.02625000, -0.00375000, -0.03065591
0.03000000, -0.02250000, -0.00750000, -0.02564551
0.03000000, -0.01875000, -0.01125000, -0.02230076
0.03000000, -0.01500000, -0.01500000, -0.01953250
0.03000000, -0.01125000, -0.01875000, -0.01720221
0.03000000, -0.00750000, -0.02250000, -0.01512450
0.03000000, -0.00375000, -0.02625000, -0.01347922
0.04000000, 0.00000000, -0.04000000, -0.00881653
0.03500000, 0.00500000, -0.04000000, -0.00960504
0.03000000, 0.01000000, -0.04000000, -0.01090343
0.02500000, 0.01500000, -0.04000000, -0.01250116
0.02000000, 0.02000000, -0.04000000, -0.01432686
0.01500000, 0.02500000, -0.04000000, -0.01652895
0.01000000, 0.03000000, -0.04000000, -0.01922006
0.00500000, 0.03500000, -0.04000000, -0.02316167
0.00000000, 0.04000000, -0.04000000, -0.03270407
-0.00500000, 0.04000000, -0.03500000, -0.03488503
-0.01000000, 0.04000000, -0.03000000, -0.02563808
-0.01500000, 0.04000000, -0.02500000, -0.01232235
-0.02000000, 0.04000000, -0.02000000, 0.00237209
-0.02500000, 0.04000000, -0.01500000, 0.01654217
-0.03000000, 0.04000000, -0.01000000, 0.02828898
-0.03500000, 0.04000000, -0.00500000, 0.03493405
-0.04000000, 0.04000000, 0.00000000, 0.02921712
-0.04000000, 0.03500000, 0.00500000, 0.02000710
-0.04000000, 0.03000000, 0.01000000, 0.01634223
-0.04000000, 0.02500000, 0.01500000, 0.01390213
-0.04000000, 0.02000000, 0.02000000, 0.01193015
-0.04000000, 0.01500000, 0.02500000, 0.01031093
-0.04000000, 0.01000000, 0.03000000, 0.00889346
-0.04000000, 0.00500000, 0.03500000, 0.00773892
-0.04000000, 0.00000000, 0.04000000, 0.00703753
-0.03500000, -0.00500000, 0.04000000, 0.00773892
-0.03000000, -0.01000000, 0.04000000, 0.00889346
-0.02500000, -0.01500000, 0.04000000, 0.01031093
-0.02000000, -0.02000000, 0.04000000, 0.01193015
-0.01500000, -0.02500000, 0.04000000, 0.01390213
-0.01000000, -0.03000000, 0.04000000, 0.01634223
-0.00500000, -0.03500000, 0.04000000, 0.02000710
0.00000000, -0.04000000, 0.04000000, 0.02921712
0.00500000, -0.04000000, 0.03500000, 0.03493405
0.01000000, -0.04000000, 0.03000000, 0.02828898
0.01500000, -0.04000000, 0.02500000, 0.01654217
0.02000000, -0.04000000, 0.02000000, 0.00237209
0.02500000, -0.04000000, 0.01500000, -0.01232235
0.03000000, -0.04000000, 0.01000000, -0.02563808
0.03500000, -0.04000000, 0.00500000, -0.03488503
0.04000000, -0.04000000, 0.00000000, -0.03270407
0.04000000, -0.03500000, -0.00500000, -0.02316167
0.04000000, -0.03000000, -0.01000000, -0.01922006
0.04000000, -0.02500000, -0.01500000, -0.01652895
0.04000000, -0.02000000, -0.02000000, -0.01432686
0.04000000, -0.01500000, -0.02500000, -0.01250116
0.04000000, -0.01000000, -0.03000000, -0.01090343
0.04000000, -0.00500000, -0.03500000, -0.00960504
0.05000000, 0.00000000, -0.05000000, -0.00672784
0.04375000, 0.00625000, -0.05000000, -0.00736939
0.03750000, 0.01250000, -0.05000000, -0.00846996
0.03125000, 0.01875000, -0.05000000, -0.00983226
0.02500000, 0.02500000, -0.05000000, -0.01141141
0.01875000, 0.03125000, -0.05000000, -0.01330264
0.01250000, 0.03750000, -0.05000000, -0.01563023
0.00625000, 0.04375000, -0.05000000, -0.01901699
0.00000000, 0.05000000, -0.05000000, -0.02708317
-0.00625000, 0.05000000, -0.04375000, -0.02897703
-0.01250000, 0.05000000, -0.03750000, -0.02145191
-0.01875000, 0.05000000, -0.03125000, -0.01055109
-0.02500000, 0.05000000, -0.02500000, 0.00149089
-0.03125000, 0.05000000, -0.01875000, 0.01313850
-0.03750000, 0.05000000, -0.01250000, 0.02285496
-0.04375000, 0.05000000, -0.00625000, 0.02841926
-0.05000000, 0.05000000, 0.00000000, 0.02387869
-0.05000000, 0.04375000, 0.00625000, 0.01614954
-0.05000000, 0.03750000, 0.01250000, 0.01303425
-0.05000000, 0.03125000, 0.01875000, 0.01095025
-0.05000000, 0.02500000, 0.02500000, 0.00927889
-0.05000000, 0.01875000, 0.03125000, 0.00789878
-0.05000000, 0.01250000, 0.03750000, 0.00670872
-0.05000000, 0.00625000, 0.04375000, 0.00574769
-0.05000000, 0.00000000, 0.05000000, 0.00518861
-0.04375000, -0.00625000, 0.05000000, 0.00574769
-0.03750000, -0.01250000, 0.05000000, 0.00670872
-0.03125000, -0.01875000, 0.05000000, 0.00789878
-0.02500000, -0.02500000, 0.05000000, 0.00927889
-0.01875000, -0.03125000, 0.05000000, 0.01095025
-0.01250000, -0.03750000, 0.05000000, 0.01303425
-0.00625000, -0.04375000, 0.05000000, 0.01614954
0.00000000, -0.05000000, 0.05000000, 0.02387869
0.00625000, -0.05000000, 0.04375000, 0.02841926
0.01250000, -0.05000000, 0.03750000, 0.02285496
0.01875000, -0.05000000, 0.03125000, 0.01313850
0.02500000, -0.05000000, 0.02500000, 0.00149089
0.03125000, -0.05000000, 0.01875000, -0.01055109
0.03750000, -0.05000000, 0.01250000, -0.02145191
0.04375000, -0.05000000, 0.00625000, -0.02897703
0.05000000, -0.05000000, 0.00000000, -0.02708317
0.05000000, -0.04375000, -0.00625000, -0.01901699
0.05000000, -0.03750000, -0.01250000, -0.01563023
0.05000000, -0.03125000, -0.01875000, -0.01330264
0.05000000, -0.02500000, -0.02500000, -0.01141141
0.05000000, -0.01875000, -0.03125000, -0.00983226
0.05000000, -0.01250000, -0.03750000, -0.00846996
0.05000000, -0.00625000, -0.04375000, -0.00736939
0.06000000, 0.00000000, -0.06000000, -0.00539962
0.05250000, 0.00750000, -0.06000000, -0.00596099
0.04500000, 0.01500000, -0.06000000, -0.00692529
0.03750000, 0.02250000, -0.06000000, -0.00813183
0.03000000, 0.03000000, -0.06000000, -0.00953578
0.02250000, 0.03750000, -0.06000000, -0.01125534
0.01500000, 0.04500000, -0.06000000, -0.01336897
0.00750000, 0.05250000, -0.06000000, -0.01642038
0.00000000, 0.06000000, -0.06000000, -0.02358526
-0.00750000, 0.06000000, -0.05250000, -0.02539814
-0.01500000, 0.06000000, -0.04500000, -0.01894499
-0.02250000, 0.06000000, -0.03750000, -0.00954502
-0.03000000, 0.06000000, -0.03000000, 0.00092150
-0.03750000, 0.06000000, -0.02250000, 0.01107499
-0.04500000, 0.06000000, -0.01500000, 0.01954454
-0.05250000, 0.06000000, -0.00750000, 0.02446034
-0.06000000, 0.06000000, 0.00000000, 0.02058934
-0.06000000, 0.05250000, 0.00750000, 0.01376634
-0.06000000, 0.04500000, 0.01500000, 0.01098509
-0.06000000, 0.03750000, 0.02250000, 0.00911173
-0.06000000, 0.03000000, 0.03000000, 0.00760872
-0.06000000, 0.02250000, 0.03750000, 0.00639538
-0.06000000, 0.01500000, 0.04500000, 0.00535420
-0.06000000, 0.00750000, 0.05250000, 0.00452396
-0.06000000, 0.00000000, 0.06000000, 0.00404266
-0.05250000, -0.00750000, 0.06000000, 0.00452396
-0.04500000, -0.01500000, 0.06000000, 0.00535420
-0.03750000, -0.02250000, 0.06000000, 0.00639538
-0.03000000, -0.03000000, 0.06000000, 0.00760872
-0.02250000, -0.03750000, 0.06000000, 0.00911173
-0.01500000, -0.04500000, 0.06000000, 0.01098509
-0.00750000, -0.05250000, 0.06000000, 0.01376634
0.00000000, -0.06000000, 0.06000000, 0.02058934
0.00750000, -0.06000000, 0.05250000, 0.02446034
0.01500000, -0.06000000, 0.04500000, 0.01954454
0.02250000, -0.06000000, 0.03750000, 0.01107499
0.03000000, -0.06000000, 0.03000000, 0.00092150
0.03750000, -0.06000000, 0.02250000, -0.00954502
0.04500000, -0.06000000, 0.01500000, -0.01894499
0.05250000, -0.06000000, 0.00750000, -0.02539814
0.06000000, -0.06000000, 0.00000000, -0.02358526
0.06000000, -0.05250000, -0.00750000, -0.01642038
0.06000000, -0.04500000, -0.01500000, -0.01336897
0.06000000, -0.03750000, -0.02250000, -0.01125534
0.06000000, -0.03000000, -0.03000000, -0.00953578
0.06000000, -0.02250000, -0.03750000, -0.00813183
0.06000000, -0.01500000, -0.04500000, -0.00692529
0.06000000, -0.00750000, -0.05250000, -0.00596099
0.07000000, 0.00000000, -0.07000000, -0.00444337
0.06125000, 0.00875000, -0.07000000, -0.00494628
0.05250000, 0.01750000, -0.07000000, -0.00582852
0.04375000, 0.02625000, -0.07000000, -0.00693659
0.03500000, 0.03500000, -0.07000000, -0.00823270
0.02625000, 0.04375000, -0.07000000, -0.00982081
0.01750000, 0.05250000, -0.07000000, -0.01177038
0.00875000, 0.06125000, -0.07000000, -0.01457351
0.00000000, 0.07000000, -0.07000000, -0.02108333
-0.00875000, 0.07000000, -0.06125000, -0.02286414
-0.01750000, 0.07000000, -0.05250000, -0.01715493
-0.02625000, 0.07000000, -0.04375000, -0.00879864
-0.03500000, 0.07000000, -0.03500000, 0.00052503
-0.04375000, 0.07000000, -0.02625000, 0.00959699
-0.05250000, 0.07000000, -0.01750000, 0.01720318
-0.06125000, 0.07000000, -0.00875000, 0.02167793
-0.07000000, 0.07000000, 0.00000000, 0.01825593
-0.07000000, 0.06125000, 0.00875000, 0.01209581
-0.07000000, 0.05250000, 0.01750000, 0.00956010
-0.07000000, 0.04375000, 0.02625000, 0.00784599
-0.07000000, 0.03500000, 0.03500000, 0.00646941
-0.07000000, 0.02625000, 0.04375000, 0.00535873
-0.07000000, 0.01750000, 0.05250000, 0.00441131
-0.07000000, 0.00875000, 0.06125000, 0.00365974
-0.07000000, 0.00000000, 0.07000000, 0.00323430
-0.06125000, -0.00875000, 0.07000000, 0.00365974
-0.05250000, -0.01750000, 0.07000000, 0.00441131
-0.04375000, -0.02625000, 0.07000000, 0.00535873
-0.03500000, -0.03500000, 0.07000000, 0.00646941
-0.02625000, -0.04375000, 0.07000000, 0.00784599
-0.01750000, -0.05250000, 0.07000000, 0.00956010
-0.00875000, -0.06125000, 0.07000000, 0.01209581
0.00000000, -0.07000000, 0.07000000, 0.01825593
0.00875000, -0.07000000, 0.06125000, 0.02167793
0.01750000, -0.07000000, 0.05250000, 0.01720318
0.02625000, -0.07000000, 0.04375000, 0.00959699
0.03500000, -0.07000000, 0.03500000, 0.00052503
0.04375000, -0.07000000, 0.02625000, -0.00879864
0.05250000, -0.07000000, 0.01750000, -0.01715493
0.06125000, -0.07000000, 0.00875000, -0.02286414
0.07000000, -0.07000000, 0.00000000, -0.02108333
0.07000000, -0.06125000, -0.00875000, -0.01457351
0.07000000, -0.05250000, -0.01750000, -0.01177038
0.07000000, -0.04375000, -0.02625000, -0.00982081
0.07000000, -0.03500000, -0.03500000, -0.00823270
0.07000000, -0.02625000, -0.04375000, -0.00693659
0.07000000, -0.01750000, -0.05250000, -0.00582852
0.07000000, -0.00875000, -0.06125000, -0.00494628
0.08000000, 0.00000000, -0.08000000, -0.00372900
0.07000000, 0.01000000, -0.08000000, -0.00418532
0.06000000, 0.02000000, -0.08000000, -0.00500876
0.05000000, 0.03000000, -0.08000000, -0.00604606
0.04000000, 0.04000000, -0.08000000, -0.00726953
0.03000000, 0.05000000, -0.08000000, -0.00875234
0.02000000, 0.06000000, -0.08000000, -0.01057566
0.01000000, 0.07000000, -0.08000000, -0.01318909
0.00000000, 0.08000000, -0.08000000, -0.01920626
-0.01000000, 0.08000000, -0.07000000, -0.02096124
-0.02000000, 0.08000000, -0.06000000, -0.01581630
-0.03000000, 0.08000000, -0.05000000, -0.00823101
-0.04000000, 0.08000000, -0.04000000, 0.00023796
-0.05000000, 0.08000000, -0.03000000, 0.00850172
-0.06000000, 0.08000000, -0.02000000, 0.01547053
-0.07000000, 0.08000000, -0.01000000, 0.01960511
-0.08000000, 0.08000000, 0.00000000, 0.01651967
-0.08000000, 0.07000000, 0.01000000, 0.01085901
-0.08000000, 0.06000000, 0.02000000, 0.00851033
-0.08000000, 0.05000000, 0.03000000, 0.00691818
-0.08000000, 0.04000000, 0.04000000, 0.00564155
-0.08000000, 0.03000000, 0.05000000, 0.00460024
-0.08000000, 0.02000000, 0.06000000, 0.00371963
-0.08000000, 0.01000000, 0.07000000, 0.00302385
-0.08000000, 0.00000000, 0.08000000, 0.00264253
-0.07000000, -0.01000000, 0.08000000, 0.00302385
-0.06000000, -0.02000000, 0.08000000, 0.00371963
-0.05000000, -0.03000000, 0.08000000, 0.00460024
-0.04000000, -0.04000000, 0.08000000, 0.00564155
-0.03000000, -0.05000000, 0.08000000, 0.00691818
-0.02000000, -0.06000000, 0.08000000, 0.00851033
-0.01000000, -0.07000000, 0.08000000, 0.01085901
0.00000000, -0.08000000, 0.08000000, 0.01651967
0.01000000, -0.08000000, 0.07000000, 0.01960511
0.02000000, -0.08000000, 0.06000000, 0.01547053
0.03000000, -0.08000000, 0.05000000, 0.00850172
0.04000000, -0.08000000, 0.04000000, 0.00023796
0.05000000, -0.08000000, 0.03000000, -0.00823101
0.06000000, -0.08000000, 0.02000000, -0.01581630
0.07000000, -0.08000000, 0.01000000, -0.02096124
0.08000000, -0.08000000, 0.00000000, -0.01920626
0.08000000, -0.07000000, -0.01000000, -0.01318909
0.08000000, -0.06000000, -0.02000000, -0.01057566
0.08000000, -0.05000000, -0.03000000, -0.00875234
0.08000000, -0.04000000, -0.04000000, -0.00726953
0.08000000, -0.03000000, -0.05000000, -0.00604606
0.08000000, -0.02000000, -0.06000000, -0.00500876
0.08000000, -0.01000000, -0.07000000, -0.00418532
0.09000000, 0.00000000, -0.09000000, -0.00319061
0.07875000, 0.01125000, -0.09000000, -0.00361439
0.06750000, 0.02250000, -0.09000000, -0.00438417
0.05625000, 0.03375000, -0.09000000, -0.00536001
0.04500000, 0.04500000, -0.09000000, -0.00651892
0.03375000, 0.05625000, -0.09000000, -0.00792270
0.02250000, 0.06750000, -0.09000000, -0.00965171
0.01125000, 0.07875000, -0.09000000, -0.01211898
0.00000000, 0.09000000, -0.09000000, -0.01776061
-0.01125000, 0.09000000, -0.07875000, -0.01950831
-0.02250000, 0.09000000, -0.06750000, -0.01480877
-0.03375000, 0.09000000, -0.05625000, -0.00781605
-0.04500000, 0.09000000, -0.04500000, 0.00002530
-0.05625000, 0.09000000, -0.03375000, 0.00769514
-0.06750000, 0.09000000, -0.02250000, 0.01417321
-0.07875000, 0.09000000, -0.01125000, 0.01803222
-0.09000000, 0.09000000, 0.00000000, 0.01519433
-0.09000000, 0.07875000, 0.01125000, 0.00991278
-0.09000000, 0.06750000, 0.02250000, 0.00770854
-0.09000000, 0.05625000, 0.03375000, 0.00620799
-0.09000000, 0.04500000, 0.04500000, 0.00500670
-0.09000000, 0.03375000, 0.05625000, 0.00402638
-0.09000000, 0.02250000, 0.06750000, 0.00320307
-0.09000000, 0.01125000, 0.07875000, 0.00255734
-0.09000000, 0.00000000, 0.09000000, 0.00220699
-0.07875000, -0.01125000, 0.09000000, 0.00255734
-0.06750000, -0.02250000, 0.09000000, 0.00320307
-0.05625000, -0.03375000, 0.09000000, 0.00402638
-0.04500000, -0.04500000, 0.09000000, 0.00500670
-0.03375000, -0.05625000, 0.09000000, 0.00620799
-0.02250000, -0.06750000, 0.09000000, 0.00770854
-0.01125000, -0.07875000, 0.09000000, 0.00991278
0.00000000, -0.09000000, 0.09000000, 0.01519433
0.01125000, -0.09000000, 0.07875000, 0.01803222
0.02250000, -0.09000000, 0.06750000, 0.01417321
0.03375000, -0.09000000, 0.05625000, 0.00769514
0.04500000, -0.09000000, 0.04500000, 0.00002530
0.05625000, -0.09000000, 0.03375000, -0.00781605
0.06750000, -0.09000000, 0.02250000, -0.01480877
0.07875000, -0.09000000, 0.01125000, -0.01950831
0.09000000, -0.09000000, 0.00000000, -0.01776061
0.09000000, -0.07875000, -0.01125000, -0.01211898
0.09000000, -0.06750000, -0.02250000, -0.00965171
0.09000000, -0.05625000, -0.03375000, -0.00792270
0.09000000, -0.04500000, -0.04500000, -0.00651892
0.09000000, -0.03375000, -0.05625000, -0.00536001
0.09000000, -0.02250000, -0.06750000, -0.00438417
0.09000000, -0.01125000, -0.07875000, -0.00361439
0.10000000, 0.00000000, -0.10000000, -0.00276914
0.08750000, 0.01250000, -0.10000000, -0.00317106
0.07500000, 0.02500000, -0.10000000, -0.00389170
0.06250000, 0.03750000, -0.10000000, -0.00481285
0.05000000, 0.05000000, -0.10000000, -0.00591018
0.03750000, 0.06250000, -0.10000000, -0.00725123
0.02500000, 0.07500000, -0.10000000, -0.00890252
0.01250000, 0.08750000, -0.10000000, -0.01124850
0.00000000, 0.10000000, -0.10000000, -0.01658291
-0.01250000, 0.10000000, -0.08750000, -0.01834285
-0.02500000, 0.10000000, -0.07500000, -0.01400644
-0.03750000, 0.10000000, -0.06250000, -0.00748996
-0.05000000, 0.10000000, -0.05000000, -0.00013560
-0.06250000, 0.10000000, -0.03750000, 0.00707241
-0.07500000, 0.10000000, -0.02500000, 0.01315413
-0.08750000, 0.10000000, -0.01250000, 0.01678280
-0.10000000, 0.10000000, 0.00000000, 0.01412316
-0.10000000, 0.08750000, 0.01250000, 0.00915019
-0.10000000, 0.07500000, 0.02500000, 0.00706569
-0.10000000, 0.06250000, 0.03750000, 0.00564054
-0.10000000, 0.05000000, 0.05000000, 0.00449928
-0.10000000, 0.03750000, 0.06250000, 0.00357635
-0.10000000, 0.02500000, 0.07500000, 0.00280365
-0.10000000, 0.01250000, 0.08750000, 0.00220324
-0.10000000, 0.00000000, 0.10000000, 0.00187385
-0.08750000, -0.01250000, 0.10000000, 0.00220324
-0.07500000, -0.02500000, 0.10000000, 0.00280365
-0.06250000, -0.03750000, 0.10000000, 0.00357635
-0.05000000, -0.05000000, 0.10000000, 0.00449928
-0.03750000, -0.06250000, 0.10000000, 0.00564054
-0.02500000, -0.07500000, 0.10000000, 0.00706569
-0.01250000, -0.08750000, 0.10000000, 0.00915019
0.00000000, -0.10000000, 0.10000000, 0.01412316
0.01250000, -0.10000000, 0.08750000, 0.01678280
0.02500000, -0.10000000, 0.07500000, 0.01315413
0.03750000, -0.10000000, 0.06250000, 0.00707241
0.05000000, -0.10000000, 0.05000000, -0.00013560
0.06250000, -0.10000000, 0.03750000, -0.00748996
0.07500000, -0.10000000, 0.02500000, -0.01400644
0.08750000, -0.10000000, 0.01250000, -0.01834285
0.10000000, -0.10000000, 0.00000000, -0.01658291
0.10000000, -0.08750000, -0.01250000, -0.01124850
0.10000000, -0.07500000, -0.02500000, -0.00890252
0.10000000, -0.06250000, -0.03750000, -0.00725123
0.10000000, -0.05000000, -0.05000000, -0.00591018
0.10000000, -0.03750000, -0.06250000, -0.00481285
0.10000000, -0.02500000, -0.07500000, -0.00389170
0.10000000, -0.01250000, -0.08750000, -0.00317106
0.15000000, 0.00000000, -0.15000000, -0.00145179
0.13125000, 0.01875000, -0.15000000, -0.00176880
0.11250000, 0.03750000, -0.15000000, -0.00233776
0.09375000, 0.05625000, -0.15000000, -0.00307641
0.07500000, 0.07500000, -0.15000000, -0.00395604
0.05625000, 0.09375000, -0.15000000, -0.00501927
0.03750000, 0.11250000, -0.15000000, -0.00631932
0.01875000, 0.13125000, -0.15000000, -0.00816197
0.00000000, 0.15000000, -0.15000000, -0.01232056
-0.01875000, 0.15000000, -0.13125000, -0.01416018
-0.03750000, 0.15000000, -0.11250000, -0.01105074
-0.05625000, 0.15000000, -0.09375000, -0.00613873
-0.07500000, 0.15000000, -0.07500000, -0.00053061
-0.09375000, 0.15000000, -0.05625000, 0.00500813
-0.11250000, 0.15000000, -0.03750000, 0.00971282
-0.13125000, 0.15000000, -0.01875000, 0.01249595
-0.15000000, 0.15000000, 0.00000000, 0.01030131
-0.15000000, 0.13125000, 0.01875000, 0.00650237
-0.15000000, 0.11250000, 0.03750000, 0.00490209
-0.15000000, 0.09375000, 0.05625000, 0.00380589
-0.15000000, 0.07500000, 0.07500000, 0.00292136
-0.15000000, 0.05625000, 0.09375000, 0.00219735
-0.15000000, 0.03750000, 0.11250000, 0.00159117
-0.15000000, 0.01875000, 0.13125000, 0.00112807
-0.15000000, 0.00000000, 0.15000000, 0.00087772
-0.13125000, -0.01875000, 0.15000000, 0.00112807
-0.11250000, -0.03750000, 0.15000000, 0.00159117
-0.09375000, -0.05625000, 0.15000000, 0.00219735
-0.07500000, -0.07500000, 0.15000000, 0.00292136
-0.05625000, -0.09375000, 0.15000000, 0.00380589
-0.03750000, -0.11250000, 0.15000000, 0.00490209
-0.01875000, -0.13125000, 0.15000000, 0.00650237
0.00000000, -0.15000000, 0.15000000, 0.01030131
0.01875000, -0.15000000, 0.13125000, 0.01249595
0.03750000, -0.15000000, 0.11250000, 0.00971282
0.05625000, -0.15000000, 0.09375000, 0.00500813
0.07500000, -0.15000000, 0.07500000, -0.00053061
0.09375000, -0.15000000, 0.05625000, -0.00613873
0.11250000, -0.15000000, 0.03750000, -0.01105074
0.13125000, -0.15000000, 0.01875000, -0.01416018
0.15000000, -0.15000000, 0.00000000, -0.01232056
0.15000000, -0.13125000, -0.01875000, -0.00816197
0.15000000, -0.11250000, -0.03750000, -0.00631932
0.15000000, -0.09375000, -0.05625000, -0.00501927
0.15000000, -0.07500000, -0.07500000, -0.00395604
0.15000000, -0.05625000, -0.09375000, -0.00307641
0.15000000, -0.03750000, -0.11250000, -0.00233776
0.15000000, -0.01875000, -0.13125000, -0.00176880
0.20000000, 0.00000000, -0.20000000, -0.00081531
0.17500000, 0.02500000, -0.20000000, -0.00107064
0.15000000, 0.05000000, -0.20000000, -0.00151198
0.12500000, 0.07500000, -0.20000000, -0.00208941
0.10000000, 0.10000000, -0.20000000, -0.00277556
0.07500000, 0.12500000, -0.20000000, -0.00361396
0.05000000, 0.15000000, -0.20000000, -0.00463251
0.02500000, 0.17500000, -0.20000000, -0.00607087
0.00000000, 0.20000000, -0.20000000, -0.00937344
-0.02500000, 0.20000000, -0.17500000, -0.01125315
-0.05000000, 0.20000000, -0.15000000, -0.00893980
-0.07500000, 0.20000000, -0.12500000, -0.00508798
-0.10000000, 0.20000000, -0.10000000, -0.00060324
-0.12500000, 0.20000000, -0.07500000, 0.00384084
-0.15000000, 0.20000000, -0.05000000, 0.00757805
-0.17500000, 0.20000000, -0.02500000, 0.00972347
-0.20000000, 0.20000000, 0.00000000, 0.00772815
-0.20000000, 0.17500000, 0.02500000, 0.00475999
-0.20000000, 0.15000000, 0.05000000, 0.00353598
-0.20000000, 0.12500000, 0.07500000, 0.00269535
-0.20000000, 0.10000000, 0.10000000, 0.00201200
-0.20000000, 0.07500000, 0.12500000, 0.00145898
-0.20000000, 0.05000000, 0.15000000, 0.00099472
-0.20000000, 0.02500000, 0.17500000, 0.00064366
-0.20000000, 0.00000000, 0.20000000, 0.00044866
-0.17500000, -0.02500000, 0.20000000, 0.00064366
-0.15000000, -0.05000000, 0.20000000, 0.00099472
-0.12500000, -0.07500000, 0.20000000, 0.00145898
-0.10000000, -0.10000000, 0.20000000, 0.00201200
-0.07500000, -0.12500000, 0.20000000, 0.00269535
-0.05000000, -0.15000000, 0.20000000, 0.00353598
-0.02500000, -0.17500000, 0.20000000, 0.00475999
0.00000000, -0.20000000, 0.20000000, 0.00772815
0.02500000, -0.20000000, 0.17500000, 0.00972347
0.05000000, -0.20000000, 0.15000000, 0.00757805
0.07500000, -0.20000000, 0.12500000, 0.00384084
0.10000000, -0.20000000, 0.10000000, -0.00060324
0.12500000, -0.20000000, 0.07500000, -0.00508798
0.15000000, -0.20000000, 0.05000000, -0.00893980
0.17500000, -0.20000000, 0.02500000, -0.01125315
0.20000000, -0.20000000, 0.00000000, -0.00937344
0.20000000, -0.17500000, -0.02500000, -0.00607087
0.20000000, -0.15000000, -0.05000000, -0.00463251
0.20000000, -0.12500000, -0.07500000, -0.00361396
0.20000000, -0.10000000, -0.10000000, -0.00277556
0.20000000, -0.07500000, -0.12500000, -0.00208941
0.20000000, -0.05000000, -0.15000000, -0.00151198
0.20000000, -0.02500000, -0.17500000, -0.00107064
0.25000000, 0.00000000, -0.25000000, -0.00043221
0.21875000, 0.03125000, -0.25000000, -0.00062595
0.18750000, 0.06250000, -0.25000000, -0.00096528
0.15625000, 0.09375000, -0.25000000, -0.00140796
0.12500000, 0.12500000, -0.25000000, -0.00192775
0.09375000, 0.15625000, -0.25000000, -0.00255143
0.06250000, 0.18750000, -0.25000000, -0.00329900
0.03125000, 0.21875000, -0.25000000, -0.00436435
0.00000000, 0.25000000, -0.25000000, -0.00687996
-0.03125000, 0.25000000, -0.21875000, -0.00870776
-0.06250000, 0.25000000, -0.18750000, -0.00702190
-0.09375000, 0.25000000, -0.15625000, -0.00404185
-0.12500000, 0.25000000, -0.12500000, -0.00055209
-0.15625000, 0.25000000, -0.09375000, 0.00291247
-0.18750000, 0.25000000, -0.06250000, 0.00582057
-0.21875000, 0.25000000, -0.03125000, 0.00741335
-0.25000000, 0.25000000, 0.00000000, 0.00558745
-0.25000000, 0.21875000, 0.03125000, 0.00336927
-0.25000000, 0.18750000, 0.06250000, 0.00248203
-0.25000000, 0.15625000, 0.09375000, 0.00187895
-0.25000000, 0.12500000, 0.12500000, 0.00138118
-0.25000000, 0.09375000, 0.15625000, 0.00096993
-0.25000000, 0.06250000, 0.18750000, 0.00062019
-0.25000000, 0.03125000, 0.21875000, 0.00035498
-0.25000000, 0.00000000, 0.25000000, 0.00021172
-0.21875000, -0.03125000, 0.25000000, 0.00035498
-0.18750000, -0.06250000, 0.25000000, 0.00062019
-0.15625000, -0.09375000, 0.25000000, 0.00096993
-0.12500000, -0.12500000, 0.25000000, 0.00138118
-0.09375000, -0.15625000, 0.25000000, 0.00187895
-0.06250000, -0.18750000, 0.25000000, 0.00248203
-0.03125000, -0.21875000, 0.25000000, 0.00336927
0.00000000, -0.25000000, 0.25000000, 0.00558745
0.03125000, -0.25000000, 0.21875000, 0.00741335
0.06250000, -0.25000000, 0.18750000, 0.00582057
0.09375000, -0.25000000, 0.15625000, 0.00291247
0.12500000, -0.25000000, 0.12500000, -0.00055209
0.15625000, -0.25000000, 0.09375000, -0.00404185
0.18750000, -0.25000000, 0.06250000, -0.00702190
0.21875000, -0.25000000, 0.03125000, -0.00870776
0.25000000, -0.25000000, 0.00000000, -0.00687996
0.25000000, -0.21875000, -0.03125000, -0.00436435
0.25000000, -0.18750000, -0.06250000, -0.00329900
0.25000000, -0.15625000, -0.09375000, -0.00255143
0.25000000, -0.12500000, -0.12500000, -0.00192775
0.25000000, -0.09375000, -0.15625000, -0.00140796
0.25000000, -0.06250000, -0.18750000, -0.00096528
0.25000000, -0.03125000, -0.21875000, -0.00062595
0.30000000, 0.00000000, -0.30000000, -0.00022659
0.26250000, 0.03750000, -0.30000000, -0.00036370
0.22500000, 0.07500000, -0.30000000, -0.00060847
0.18750000, 0.11250000, -0.30000000, -0.00092667
0.15000000, 0.15000000, -0.30000000, -0.00129918
0.11250000, 0.18750000, -0.30000000, -0.00174174
0.07500000, 0.22500000, -0.30000000, -0.00226735
0.03750000, 0.26250000, -0.30000000, -0.00301721
0.00000000, 0.30000000, -0.30000000, -0.00486595
-0.03750000, 0.30000000, -0.26250000, -0.00655198
-0.07500000, 0.30000000, -0.22500000, -0.00536208
-0.11250000, 0.30000000, -0.18750000, -0.00311729
-0.15000000, 0.30000000, -0.15000000, -0.00044924
-0.18750000, 0.30000000, -0.11250000, 0.00219956
-0.22500000, 0.30000000, -0.07500000, 0.00439142
-0.26250000, 0.30000000, -0.03750000, 0.00552289
-0.30000000, 0.30000000, 0.00000000, 0.00389772
-0.30000000, 0.26250000, 0.03750000, 0.00229786
-0.30000000, 0.22500000, 0.07500000, 0.00168727
-0.30000000, 0.18750000, 0.11250000, 0.00127303
-0.30000000, 0.15000000, 0.15000000, 0.00092719
-0.30000000, 0.11250000, 0.18750000, 0.00063789
-0.30000000, 0.07500000, 0.22500000, 0.00039055
-0.30000000, 0.03750000, 0.26250000, 0.00020233
-0.30000000, 0.00000000, 0.30000000, 0.00010405
-0.26250000, -0.03750000, 0.30000000, 0.00020233
-0.22500000, -0.07500000, 0.30000000, 0.00039055
-0.18750000, -0.11250000, 0.30000000, 0.00063789
-0.15000000, -0.15000000, 0.30000000, 0.00092719
-0.11250000, -0.18750000, 0.30000000, 0.00127303
-0.07500000, -0.22500000, 0.30000000, 0.00168727
-0.03750000, -0.26250000, 0.30000000, 0.00229786
0.00000000, -0.30000000, 0.30000000, 0.00389772
0.03750000, -0.30000000, 0.26250000, 0.00552289
0.07500000, -0.30000000, 0.22500000, 0.00439142
0.11250000, -0.30000000, 0.18750000, 0.00219956
0.15000000, -0.30000000, 0.15000000, -0.00044924
0.18750000, -0.30000000, 0.11250000, -0.00311729
0.22500000, -0.30000000, 0.07500000, -0.00536208
0.26250000, -0.30000000, 0.03750000, -0.00655198
0.30000000, -0.30000000, 0.00000000, -0.00486595
0.30000000, -0.26250000, -0.03750000, -0.00301721
0.30000000, -0.22500000, -0.07500000, -0.00226735
0.30000000, -0.18750000, -0.11250000, -0.00174174
0.30000000, -0.15000000, -0.15000000, -0.00129918
0.30000000, -0.11250000, -0.18750000, -0.00092667
0.30000000, -0.07500000, -0.22500000, -0.00060847
0.30000000, -0.03750000, -0.26250000, -0.00036370
0.35000000, 0.00000000, -0.35000000, -0.00012009
0.30625000, 0.04375000, -0.35000000, -0.00021506
0.26250000, 0.08750000, -0.35000000, -0.00037820
0.21875000, 0.13125000, -0.35000000, -0.00059131
0.17500000, 0.17500000, -0.35000000, -0.00083847
0.13125000, 0.21875000, -0.35000000, -0.00113785
0.08750000, 0.26250000, -0.35000000, -0.00148796
0.04375000, 0.30625000, -0.35000000, -0.00198465
0.00000000, 0.35000000, -0.35000000, -0.00327192
-0.04375000, 0.35000000, -0.30625000, -0.00475164
-0.08750000, 0.35000000, -0.26250000, -0.00395299
-0.13125000, 0.35000000, -0.21875000, -0.00231927
-0.17500000, 0.35000000, -0.17500000, -0.00033527
-0.21875000, 0.35000000, -0.13125000, 0.00163177
-0.26250000, 0.35000000, -0.08750000, 0.00322255
-0.30625000, 0.35000000, -0.04375000, 0.00398023
-0.35000000, 0.35000000, 0.00000000, 0.00258853
-0.35000000, 0.30625000, 0.04375000, 0.00149529
-0.35000000, 0.26250000, 0.08750000, 0.00110035
-0.35000000, 0.21875000, 0.13125000, 0.00083080
-0.35000000, 0.17500000, 0.17500000, 0.00060147
-0.35000000, 0.13125000, 0.21875000, 0.00041325
-0.35000000, 0.08750000, 0.26250000, 0.00025005
-0.35000000, 0.04375000, 0.30625000, 0.00012635
-0.35000000, 0.00000000, 0.35000000, 0.00005886
-0.30625000, -0.04375000, 0.35000000, 0.00012635
-0.26250000, -0.08750000, 0.35000000, 0.00025005
-0.21875000, -0.13125000, 0.35000000, 0.00041325
-0.17500000, -0.17500000, 0.35000000, 0.00060147
-0.13125000, -0.21875000, 0.35000000, 0.00083080
-0.08750000, -0.26250000, 0.35000000, 0.00110035
-0.04375000, -0.30625000, 0.35000000, 0.00149529
0.00000000, -0.35000000, 0.35000000, 0.00258853
0.04375000, -0.35000000, 0.30625000, 0.00398023
0.08750000, -0.35000000, 0.26250000, 0.00322255
0.13125000, -0.35000000, 0.21875000, 0.00163177
0.17500000, -0.35000000, 0.17500000, -0.00033527
0.21875000, -0.35000000, 0.13125000, -0.00231927
0.26250000, -0.35000000, 0.08750000, -0.00395299
0.30625000, -0.35000000, 0.04375000, -0.00475164
0.35000000, -0.35000000, 0.00000000, -0.00327192
0.35000000, -0.30625000, -0.04375000, -0.00198465
0.35000000, -0.26250000, -0.08750000, -0.00148796
0.35000000, -0.21875000, -0.13125000, -0.00113785
0.35000000, -0.17500000, -0.17500000, -0.00083847
0.35000000, -0.13125000, -0.21875000, -0.00059131
0.35000000, -0.08750000, -0.26250000, -0.00037820
0.35000000, -0.04375000, -0.30625000, -0.00021506
0.40000000, 0.00000000, -0.40000000, -0.00005203
0.35000000, 0.05000000, -0.40000000, -0.00011301
0.30000000, 0.10000000, -0.40000000, -0.00021921
0.25000000, 0.15000000, -0.40000000, -0.00035769
0.20000000, 0.20000000, -0.40000000, -0.00051451
0.15000000, 0.25000000, -0.40000000, -0.00070000
0.10000000, 0.30000000, -0.40000000, -0.00091064
0.05000000, 0.35000000, -0.40000000, -0.00121132
0.00000000, 0.40000000, -0.40000000, -0.00203519
-0.05000000, 0.40000000, -0.35000000, -0.00325408
-0.10000000, 0.40000000, -0.30000000, -0.00275704
-0.15000000, 0.40000000, -0.25000000, -0.00162299
-0.20000000, 0.40000000, -0.20000000, -0.00023302
-0.25000000, 0.40000000, -0.15000000, 0.00114353
-0.30000000, 0.40000000, -0.10000000, 0.00224301
-0.35000000, 0.40000000, -0.05000000, 0.00271144
-0.40000000, 0.40000000, 0.00000000, 0.00158728
-0.40000000, 0.35000000, 0.05000000, 0.00090438
-0.40000000, 0.30000000, 0.10000000, 0.00067181
-0.40000000, 0.25000000, 0.15000000, 0.00051403
-0.40000000, 0.20000000, 0.20000000, 0.00037485
-0.40000000, 0.15000000, 0.25000000, 0.00025681
-0.40000000, 0.10000000, 0.30000000, 0.00015120
-0.40000000, 0.05000000, 0.35000000, 0.00007032
-0.40000000, 0.00000000, 0.40000000, 0.00002637
-0.35000000, -0.05000000, 0.40000000, 0.00007032
-0.30000000, -0.10000000, 0.40000000, 0.00015120
-0.25000000, -0.15000000, 0.40000000, 0.00025681
-0.20000000, -0.20000000, 0.40000000, 0.00037485
-0.15000000, -0.25000000, 0.40000000, 0.00051403
-0.10000000, -0.30000000, 0.40000000, 0.00067181
-0.05000000, -0.35000000, 0.40000000, 0.00090438
0.00000000, -0.40000000, 0.40000000, 0.00158728
0.05000000, -0.40000000, 0.35000000, 0.00271144
0.10000000, -0.40000000, 0.30000000, 0.00224301
0.15000000, -0.40000000, 0.25000000, 0.00114353
0.20000000, -0.40000000, 0.20000000, -0.00023302
0.25000000, -0.40000000, 0.15000000, -0.00162299
0.30000000, -0.40000000, 0.10000000, -0.00275704
0.35000000, -0.40000000, 0.05000000, -0.00325408
0.40000000, -0.40000000, 0.00000000, -0.00203519
0.40000000, -0.35000000, -0.05000000, -0.00121132
0.40000000, -0.30000000, -0.10000000, -0.00091064
0.40000000, -0.25000000, -0.15000000, -0.00070000
0.40000000, -0.20000000, -0.20000000, -0.00051451
0.40000000, -0.15000000, -0.25000000, -0.00035769
0.40000000, -0.10000000, -0.30000000, -0.00021921
0.40000000, -0.05000000, -0.35000000, -0.00011301
0.45000000, 0.00000000, -0.45000000, -0.00001730
0.39375000, 0.05625000, -0.45000000, -0.00005211
0.33750000, 0.11250000, -0.45000000, -0.00011850
0.28125000, 0.16875000, -0.45000000, -0.00020405
0.22500000, 0.22500000, -0.45000000, -0.00029907
0.16875000, 0.28125000, -0.45000000, -0.00040433
0.11250000, 0.33750000, -0.45000000, -0.00051986
0.05625000, 0.39375000, -0.45000000, -0.00068546
0.00000000, 0.45000000, -0.45000000, -0.00117366
-0.05625000, 0.45000000, -0.39375000, -0.00211054
-0.11250000, 0.45000000, -0.33750000, -0.00182459
-0.16875000, 0.45000000, -0.28125000, -0.00107741
-0.22500000, 0.45000000, -0.22500000, -0.00015075
-0.28125000, 0.45000000, -0.16875000, 0.00076575
-0.33750000, 0.45000000, -0.11250000, 0.00148620
-0.39375000, 0.45000000, -0.05625000, 0.00175310
-0.45000000, 0.45000000, 0.00000000, 0.00090378
-0.45000000, 0.39375000, 0.05625000, 0.00050953
-0.45000000, 0.33750000, 0.11250000, 0.00038535
-0.45000000, 0.28125000, 0.16875000, 0.00030143
-0.45000000, 0.22500000, 0.22500000, 0.00022399
-0.45000000, 0.16875000, 0.28125000, 0.00015253
-0.45000000, 0.11250000, 0.33750000, 0.00008674
-0.45000000, 0.05625000, 0.39375000, 0.00003500
-0.45000000, 0.00000000, 0.45000000, 0.00000904
-0.39375000, -0.05625000, 0.45000000, 0.00003500
-0.33750000, -0.11250000, 0.45000000, 0.00008674
-0.28125000, -0.16875000, 0.45000000, 0.00015253
-0.22500000, -0.22500000, 0.45000000, 0.00022399
-0.16875000, -0.28125000, 0.45000000, 0.00030143
-0.11250000, -0.33750000, 0.45000000, 0.00038535
-0.05625000, -0.39375000, 0.45000000, 0.00050953
0.00000000, -0.45000000, 0.45000000, 0.00090378
0.05625000, -0.45000000, 0.39375000, 0.00175310
0.11250000, -0.45000000, 0.33750000, 0.00148620
0.16875000, -0.45000000, 0.28125000, 0.00076575
0.22500000, -0.45000000, 0.22500000, -0.00015075
0.28125000, -0.45000000, 0.16875000, -0.00107741
0.33750000, -0.45000000, 0.11250000, -0.00182459
0.39375000, -0.45000000, 0.05625000, -0.00211054
0.45000000, -0.45000000, 0.00000000, -0.00117366
0.45000000, -0.39375000, -0.05625000, -0.00068546
0.45000000, -0.33750000, -0.11250000, -0.00051986
0.45000000, -0.28125000, -0.16875000, -0.00040433
0.45000000, -0.22500000, -0.22500000, -0.00029907
0.45000000, -0.16875000, -0.28125000, -0.00020405
0.45000000, -0.11250000, -0.33750000, -0.00011850
0.45000000, -0.05625000, -0.39375000, -0.00005211
0.50000000, 0.00000000, -0.50000000, -0.00000950
0.43750000, 0.06250000, -0.50000000, -0.00002825
0.37500000, 0.12500000, -0.50000000, -0.00006476
0.31250000, 0.18750000, -0.50000000, -0.00011159
0.25000000, 0.25000000, -0.50000000, -0.00016355
0.18750000, 0.31250000, -0.50000000, -0.00022097
0.12500000, 0.37500000, -0.50000000, -0.00028252
0.06250000, 0.43750000, -0.50000000, -0.00036716
0.00000000, 0.50000000, -0.50000000, -0.00064137
-0.06250000, 0.50000000, -0.43750000, -0.00131337
-0.12500000, 0.50000000, -0.37500000, -0.00116094
-0.18750000, 0.50000000, -0.31250000, -0.00069317
-0.25000000, 0.50000000, -0.25000000, -0.00009002
-0.31250000, 0.50000000, -0.18750000, 0.00050492
-0.37500000, 0.50000000, -0.12500000, 0.00095299
-0.43750000, 0.50000000, -0.06250000, 0.00109330
-0.50000000, 0.50000000, 0.00000000, 0.00049314
-0.50000000, 0.43750000, 0.06250000, 0.00027495
-0.50000000, 0.37500000, 0.12500000, 0.00021321
-0.50000000, 0.31250000, 0.18750000, 0.00016938
-0.50000000, 0.25000000, 0.25000000, 0.00012749
-0.50000000, 0.18750000, 0.31250000, 0.00008835
-0.50000000, 0.12500000, 0.37500000, 0.00005181
-0.50000000, 0.06250000, 0.43750000, 0.00002250
-0.50000000, 0.00000000, 0.50000000, 0.00000754
-0.43750000, -0.06250000, 0.50000000, 0.00002250
-0.37500000, -0.12500000, 0.50000000, 0.00005181
-0.31250000, -0.18750000, 0.50000000, 0.00008835
-0.25000000, -0.25000000, 0.50000000, 0.00012749
-0.18750000, -0.31250000, 0.50000000, 0.00016938
-0.12500000, -0.37500000, 0.50000000, 0.00021321
-0.06250000, -0.43750000, 0.50000000, 0.00027495
0.00000000, -0.50000000, 0.50000000, 0.00049314
0.06250000, -0.50000000, 0.43750000, 0.00109330
0.12500000, -0.50000000, 0.37500000, 0.00095299
0.18750000, -0.50000000, 0.31250000, 0.00050492
0.25000000, -0.50000000, 0.25000000, -0.00009002
0.31250000, -0.50000000, 0.18750000, -0.00069317
0.37500000, -0.50000000, 0.12500000, -0.00116094
0.43750000, -0.50000000, 0.06250000, -0.00131337
0.50000000, -0.50000000, 0.00000000, -0.00064137
0.50000000, -0.43750000, -0.06250000, -0.00036716
0.50000000, -0.37500000, -0.12500000, -0.00028252
0.50000000, -0.31250000, -0.18750000, -0.00022097
0.50000000, -0.25000000, -0.25000000, -0.00016355
0.50000000, -0.18750000, -0.31250000, -0.00011159
0.50000000, -0.12500000, -0.37500000, -0.00006476
0.50000000, -0.06250000, -0.43750000, -0.00002825
0.55000000, 0.00000000, -0.55000000, -0.00000803
0.48125000, 0.06875000, -0.55000000, -0.00001858
0.41250000, 0.13750000, -0.55000000, -0.00003574
0.34375000, 0.20625000, -0.55000000, -0.00005817
0.27500000, 0.27500000, -0.55000000, -0.00008290
0.20625000, 0.34375000, -0.55000000, -0.00011316
0.13750000, 0.41250000, -0.55000000, -0.00014465
0.06875000, 0.48125000, -0.55000000, -0.00018428
0.00000000, 0.55000000, -0.55000000, -0.00032613
-0.06875000, 0.55000000, -0.48125000, -0.00077269
-0.13750000, 0.55000000, -0.41250000, -0.00070129
-0.20625000, 0.55000000, -0.34375000, -0.00042487
-0.27500000, 0.55000000, -0.27500000, -0.00004945
-0.34375000, 0.55000000, -0.20625000, 0.00031972
-0.41250000, 0.55000000, -0.13750000, 0.00058277
-0.48125000, 0.55000000, -0.06875000, 0.00064719
-0.55000000, 0.55000000, 0.00000000, 0.00025310
-0.55000000, 0.48125000, 0.06875000, 0.00014074
-0.55000000, 0.41250000, 0.13750000, 0.00011249
-0.55000000, 0.34375000, 0.20625000, 0.00009017
-0.55000000, 0.27500000, 0.27500000, 0.00006791
-0.55000000, 0.20625000, 0.34375000, 0.00004921
-0.55000000, 0.13750000, 0.41250000, 0.00003126
-0.55000000, 0.06875000, 0.48125000, 0.00001689
-0.55000000, 0.00000000, 0.55000000, 0.00000766
-0.48125000, -0.06875000, 0.55000000, 0.00001689
-0.41250000, -0.13750000, 0.55000000, 0.00003126
-0.34375000, -0.20625000, 0.55000000, 0.00004921
-0.27500000, -0.27500000, 0.55000000, 0.00006791
-0.20625000, -0.34375000, 0.55000000, 0.00009017
-0.13750000, -0.41250000, 0.55000000, 0.00011249
-0.06875000, -0.48125000, 0.55000000, 0.00014074
0.00000000, -0.55000000, 0.55000000, 0.00025310
0.06875000, -0.55000000, 0.48125000, 0.00064719
0.13750000, -0.55000000, 0.41250000, 0.00058277
0.20625000, -0.55000000, 0.34375000, 0.00031972
0.27500000, -0.55000000, 0.27500000, -0.00004945
0.34375000, -0.55000000, 0.20625000, -0.00042487
0.41250000, -0.55000000, 0.13750000, -0.00070129
0.48125000, -0.55000000, 0.06875000, -0.00077269
0.55000000, -0.55000000, 0.00000000, -0.00032613
0.55000000, -0.48125000, -0.06875000, -0.00018428
0.55000000, -0.41250000, -0.13750000, -0.00014465
0.55000000, -0.34375000, -0.20625000, -0.00011316
0.55000000, -0.27500000, -0.27500000, -0.00008290
0.55000000, -0.20625000, -0.34375000, -0.00005817
0.55000000, -0.13750000, -0.41250000, -0.00003574
0.55000000, -0.06875000, -0.48125000, -0.00001858
0.60000000, 0.00000000, -0.60000000, -0.00000171
0.52500000, 0.07500000, -0.60000000, -0.00000741
0.45000000, 0.15000000, -0.60000000, -0.00001574
0.37500000, 0.22500000, -0.60000000, -0.00002680
0.30000000, 0.30000000, -0.60000000, -0.00003813
0.22500000, 0.37500000, -0.60000000, -0.00005152
0.15000000, 0.45000000, -0.60000000, -0.00006381
0.07500000, 0.52500000, -0.60000000, -0.00007869
0.00000000, 0.60000000, -0.60000000, -0.00013832
-0.07500000, 0.60000000, -0.52500000, -0.00040779
-0.15000000, 0.60000000, -0.45000000, -0.00038386
-0.22500000, 0.60000000, -0.37500000, -0.00023315
-0.30000000, 0.60000000, -0.30000000, -0.00002515
-0.37500000, 0.60000000, -0.22500000, 0.00017920
-0.45000000, 0.60000000, -0.15000000, 0.00032200
-0.52500000, 0.60000000, -0.07500000, 0.00034282
-0.60000000, 0.60000000, 0.00000000, 0.00010713
-0.60000000, 0.52500000, 0.07500000, 0.00006135
-0.60000000, 0.45000000, 0.15000000, 0.00005132
-0.60000000, 0.37500000, 0.22500000, 0.00004289
-0.60000000, 0.30000000, 0.30000000, 0.00003296
-0.60000000, 0.22500000, 0.37500000, 0.00002408
-0.60000000, 0.15000000, 0.45000000, 0.00001477
-0.60000000, 0.07500000, 0.52500000, 0.00000727
-0.60000000, 0.00000000, 0.60000000, 0.00000188
-0.52500000, -0.07500000, 0.60000000, 0.00000727
-0.45000000, -0.15000000, 0.60000000, 0.00001477
-0.37500000, -0.22500000, 0.60000000, 0.00002408
-0.30000000, -0.30000000, 0.60000000, 0.00003296
-0.22500000, -0.37500000, 0.60000000, 0.00004289
-0.15000000, -0.45000000, 0.60000000, 0.00005132
-0.07500000, -0.52500000, 0.60000000, 0.00006135
0.00000000, -0.60000000, 0.60000000, 0.00010713
0.07500000, -0.60000000, 0.52500000, 0.00034282
0.15000000, -0.60000000, 0.45000000, 0.00032200
0.22500000, -0.60000000, 0.37500000, 0.00017920
0.30000000, -0.60000000, 0.30000000, -0.00002515
0.37500000, -0.60000000, 0.22500000, -0.00023315
0.45000000, -0.60000000, 0.15000000, -0.00038386
0.52500000, -0.60000000, 0.07500000, -0.00040779
0.60000000, -0.60000000, 0.00000000, -0.00013832
0.60000000, -0.52500000, -0.07500000, -0.00007869
0.60000000, -0.45000000, -0.15000000, -0.00006381
0.60000000, -0.37500000, -0.22500000, -0.00005152
0.60000000, -0.30000000, -0.30000000, -0.00003813
0.60000000, -0.22500000, -0.37500000, -0.00002680
0.60000000, -0.15000000, -0.45000000, -0.00001574
0.60000000, -0.07500000, -0.52500000, -0.00000741
0.65000000, 0.00000000, -0.65000000, 0.00000402
0.56875000, 0.08125000, -0.65000000, 0.00000203
0.48750000, 0.16250000, -0.65000000, -0.00000312
0.40625000, 0.24375000, -0.65000000, -0.00000966
0.32500000, 0.32500000, -0.65000000, -0.00001573
0.24375000, 0.40625000, -0.65000000, -0.00001939
0.16250000, 0.48750000, -0.65000000, -0.00002102
0.08125000, 0.56875000, -0.65000000, -0.00002403
0.00000000, 0.65000000, -0.65000000, -0.00004102
-0.08125000, 0.65000000, -0.56875000, -0.00018482
-0.16250000, 0.65000000, -0.48750000, -0.00018315
-0.24375000, 0.65000000, -0.40625000, -0.00010954
-0.32500000, 0.65000000, -0.32500000, -0.00001180
-0.40625000, 0.65000000, -0.24375000, 0.00008449
-0.48750000, 0.65000000, -0.16250000, 0.00015411
-0.56875000, 0.65000000, -0.08125000, 0.00015499
-0.65000000, 0.65000000, 0.00000000, 0.00003000
-0.65000000, 0.56875000, 0.08125000, 0.00001896
-0.65000000, 0.48750000, 0.16250000, 0.00001758
-0.65000000, 0.40625000, 0.24375000, 0.00001696
-0.65000000, 0.32500000, 0.32500000, 0.00001431
-0.65000000, 0.24375000, 0.40625000, 0.00000917
-0.65000000, 0.16250000, 0.48750000, 0.00000337
-0.65000000, 0.08125000, 0.56875000, -0.00000153
-0.65000000, 0.00000000, 0.65000000, -0.00000360
-0.56875000, -0.08125000, 0.65000000, -0.00000153
-0.48750000, -0.16250000, 0.65000000, 0.00000337
-0.40625000, -0.24375000, 0.65000000, 0.00000917
-0.32500000, -0.32500000, 0.65000000, 0.00001431
-0.24375000, -0.40625000, 0.65000000, 0.00001696
-0.16250000, -0.48750000, 0.65000000, 0.00001758
-0.08125000, -0.56875000, 0.65000000, 0.00001896
0.00000000, -0.65000000, 0.65000000, 0.00003000
0.08125000, -0.65000000, 0.56875000, 0.00015499
0.16250000, -0.65000000, 0.48750000, 0.00015411
0.24375000, -0.65000000, 0.40625000, 0.00008449
0.32500000, -0.65000000, 0.32500000, -0.00001180
0.40625000, -0.65000000, 0.24375000, -0.00010954
0.48750000, -0.65000000, 0.16250000, -0.00018315
0.56875000, -0.65000000, 0.08125000, -0.00018482
0.65000000, -0.65000000, 0.00000000, -0.00004102
0.65000000, -0.56875000, -0.08125000, -0.00002403
0.65000000, -0.48750000, -0.16250000, -0.00002102
0.65000000, -0.40625000, -0.24375000, -0.00001939
0.65000000, -0.32500000, -0.32500000, -0.00001573
0.65000000, -0.24375000, -0.40625000, -0.00000966
0.65000000, -0.16250000, -0.48750000, -0.00000312
0.65000000, -0.08125000, -0.56875000, 0.00000203
0.70000000, 0.00000000, -0.70000000, 0.00000236
0.61250000, 0.08750000, -0.70000000, 0.00000248
0.52500000, 0.17500000, -0.70000000, -0.00000003
0.43750000, 0.26250000, -0.70000000, -0.00000303
0.35000000, 0.35000000, -0.70000000, -0.00000600
0.26250000, 0.43750000, -0.70000000, -0.00000667
0.17500000, 0.52500000, -0.70000000, -0.00000637
0.08750000, 0.61250000, -0.70000000, -0.00000656
0.00000000, 0.70000000, -0.70000000, -0.00001224
-0.08750000, 0.70000000, -0.61250000, -0.00007920
-0.17500000, 0.70000000, -0.52500000, -0.00008151
-0.26250000, 0.70000000, -0.43750000, -0.00004941
-0.35000000, 0.70000000, -0.35000000, -0.00000476
-0.43750000, 0.70000000, -0.26250000, 0.00003925
-0.52500000, 0.70000000, -0.17500000, 0.00006947
-0.61250000, 0.70000000, -0.08750000, 0.00006703
-0.70000000, 0.70000000, 0.00000000, 0.00000894
-0.70000000, 0.61250000, 0.08750000, 0.00000543
-0.70000000, 0.52500000, 0.17500000, 0.00000568
-0.70000000, 0.43750000, 0.26250000, 0.00000617
-0.70000000, 0.35000000, 0.35000000, 0.00000569
-0.70000000, 0.26250000, 0.43750000, 0.00000306
-0.70000000, 0.17500000, 0.52500000, 0.00000030
-0.70000000, 0.08750000, 0.61250000, -0.00000212
-0.70000000, 0.00000000, 0.70000000, -0.00000216
-0.61250000, -0.08750000, 0.70000000, -0.00000212
-0.52500000, -0.17500000, 0.70000000, 0.00000030
-0.43750000, -0.26250000, 0.70000000, 0.00000306
-0.35000000, -0.35000000, 0.70000000, 0.00000569
-0.26250000, -0.43750000, 0.70000000, 0.00000617
-0.17500000, -0.52500000, 0.70000000, 0.00000568
-0.08750000, -0.61250000, 0.70000000, 0.00000543
0.00000000, -0.70000000, 0.70000000, 0.00000894
0.08750000, -0.70000000, 0.61250000, 0.00006703
0.17500000, -0.70000000, 0.52500000, 0.00006947
0.26250000, -0.70000000, 0.43750000, 0.00003925
0.35000000, -0.70000000, 0.35000000, -0.00000476
0.43750000, -0.70000000, 0.26250000, -0.00004941
0.52500000, -0.70000000, 0.17500000, -0.00008151
0.61250000, -0.70000000, 0.08750000, -0.00007920
0.70000000, -0.70000000, 0.00000000, -0.00001224
0.70000000, -0.61250000, -0.08750000, -0.00000656
0.70000000, -0.52500000, -0.17500000, -0.00000637
0.70000000, -0.43750000, -0.26250000, -0.00000667
0.70000000, -0.35000000, -0.35000000, -0.00000600
0.70000000, -0.26250000, -0.43750000, -0.00000303
0.70000000, -0.17500000, -0.52500000, -0.00000003
0.70000000, -0.08750000, -0.61250000, 0.00000248
0.75000000, 0.00000000, -0.75000000, -0.00000273
0.65625000, 0.09375000, -0.75000000, -0.00000252
0.56250000, 0.18750000, -0.75000000, -0.00000226
0.46875000, 0.28125000, -0.75000000, -0.00000202
0.37500000, 0.37500000, -0.75000000, -0.00000223
0.28125000, 0.46875000, -0.75000000, -0.00000357
0.18750000, 0.56250000, -0.75000000, -0.00000542
0.09375000, 0.65625000, -0.75000000, -0.00000663
0.00000000, 0.75000000, -0.75000000, -0.00001378
-0.09375000, 0.75000000, -0.65625000, -0.00004186
-0.18750000, 0.75000000, -0.56250000, -0.00004115
-0.28125000, 0.75000000, -0.46875000, -0.00002792
-0.37500000, 0.75000000, -0.37500000, -0.00000132
-0.46875000, 0.75000000, -0.28125000, 0.00002455
-0.56250000, 0.75000000, -0.18750000, 0.00003680
-0.65625000, 0.75000000, -0.09375000, 0.00003720
-0.75000000, 0.75000000, 0.00000000, 0.00001260
-0.75000000, 0.65625000, 0.09375000, 0.00000583
-0.75000000, 0.56250000, 0.18750000, 0.00000481
-0.75000000, 0.46875000, 0.28125000, 0.00000331
-0.75000000, 0.37500000, 0.37500000, 0.00000219
-0.75000000, 0.28125000, 0.46875000, 0.00000203
-0.75000000, 0.18750000, 0.56250000, 0.00000216
-0.75000000, 0.09375000, 0.65625000, 0.00000236
-0.75000000, 0.00000000, 0.75000000, 0.00000253
-0.65625000, -0.09375000, 0.75000000, 0.00000236
-0.56250000, -0.18750000, 0.75000000, 0.00000216
-0.46875000, -0.28125000, 0.75000000, 0.00000203
-0.37500000, -0.37500000, 0.75000000, 0.00000219
-0.28125000, -0.46875000, 0.75000000, 0.00000331
-0.18750000, -0.56250000, 0.75000000, 0.00000481
-0.09375000, -0.65625000, 0.75000000, 0.00000583
0.00000000, -0.75000000, 0.75000000, 0.00001260
0.09375000, -0.75000000, 0.65625000, 0.00003720
0.18750000, -0.75000000, 0.56250000, 0.00003680
0.28125000, -0.75000000, 0.46875000, 0.00002455
0.37500000, -0.75000000, 0.37500000, -0.00000132
0.46875000, -0.75000000, 0.28125000, -0.00002792
0.56250000, -0.75000000, 0.18750000, -0.00004115
0.65625000, -0.75000000, 0.09375000, -0.00004186
0.75000000, -0.75000000, 0.00000000, -0.00001378
0.75000000, -0.65625000, -0.09375000, -0.00000663
0.75000000, -0.56250000, -0.18750000, -0.00000542
0.75000000, -0.46875000, -0.28125000, -0.00000357
0.75000000, -0.37500000, -0.37500000, -0.00000223
0.75000000, -0.28125000, -0.46875000, -0.00000202
0.75000000, -0.18750000, -0.56250000, -0.00000226
0.75000000, -0.09375000, -0.65625000, -0.00000252
0.80000000, 0.00000000, -0.80000000, -0.00000262
0.70000000, 0.10000000, -0.80000000, -0.00000311
0.60000000, 0.20000000, -0.80000000, -0.00000223
0.50000000, 0.30000000, -0.80000000, -0.00000131
0.40000000, 0.40000000, -0.80000000, -0.00000060
0.30000000, 0.50000000, -0.80000000, -0.00000181
0.20000000, 0.60000000, -0.80000000, -0.00000349
0.10000000, 0.70000000, -0.80000000, -0.00000449
0.00000000, 0.80000000, -0.80000000, -0.00000826
-0.10000000, 0.80000000, -0.70000000, -0.00001930
-0.20000000, 0.80000000, -0.60000000, -0.00001856
-0.30000000, 0.80000000, -0.50000000, -0.00001351
-0.40000000, 0.80000000, -0.40000000, -0.00000019
-0.50000000, 0.80000000, -0.30000000, 0.00001266
-0.60000000, 0.80000000, -0.20000000, 0.00001726
-0.70000000, 0.80000000, -0.10000000, 0.00001775
-0.80000000, 0.80000000, 0.00000000, 0.00000783
-0.80000000, 0.70000000, 0.10000000, 0.00000394
-0.80000000, 0.60000000, 0.20000000, 0.00000305
-0.80000000, 0.50000000, 0.30000000, 0.00000163
-0.80000000, 0.40000000, 0.40000000, 0.00000062
-0.80000000, 0.30000000, 0.50000000, 0.00000128
-0.80000000, 0.20000000, 0.60000000, 0.00000207
-0.80000000, 0.10000000, 0.70000000, 0.00000286
-0.80000000, 0.00000000, 0.80000000, 0.00000242
-0.70000000, -0.10000000, 0.80000000, 0.00000286
-0.60000000, -0.20000000, 0.80000000, 0.00000207
-0.50000000, -0.30000000, 0.80000000, 0.00000128
-0.40000000, -0.40000000, 0.80000000, 0.00000062
-0.30000000, -0.50000000, 0.80000000, 0.00000163
-0.20000000, -0.60000000, 0.80000000, 0.00000305
-0.10000000, -0.70000000, 0.80000000, 0.00000394
0.00000000, -0.80000000, 0.80000000, 0.00000783
0.10000000, -0.80000000, 0.70000000, 0.00001775
0.20000000, -0.80000000, 0.60000000, 0.00001726
0.30000000, -0.80000000, 0.50000000, 0.00001266
0.40000000, -0.80000000, 0.40000000, -0.00000019
0.50000000, -0.80000000, 0.30000000, -0.00001351
0.60000000, -0.80000000, 0.20000000, -0.00001856
0.70000000, -0.80000000, 0.10000000, -0.00001930
0.80000000, -0.80000000, 0.00000000, -0.00000826
0.80000000, -0.70000000, -0.10000000, -0.00000449
0.80000000, -0.60000000, -0.20000000, -0.00000349
0.80000000, -0.50000000, -0.30000000, -0.00000181
0.80000000, -0.40000000, -0.40000000, -0.00000060
0.80000000, -0.30000000, -0.50000000, -0.00000131
0.80000000, -0.20000000, -0.60000000, -0.00000223
0.80000000, -0.10000000, -0.70000000, -0.00000311
0.85000000, 0.00000000, -0.85000000, 0.00000199
0.74375000, 0.10625000, -0.85000000, 0.00000155
0.63750000, 0.21250000, -0.85000000, 0.00000104
0.53125000, 0.31875000, -0.85000000, 0.00000044
0.42500000, 0.42500000, -0.85000000, 0.00000014
0.31875000, 0.53125000, -0.85000000, 0.00000067
0.21250000, 0.63750000, -0.85000000, 0.00000171
0.10625000, 0.74375000, -0.85000000, 0.00000250
0.00000000, 0.85000000, -0.85000000, 0.00000615
-0.10625000, 0.85000000, -0.74375000, 0.00000323
-0.21250000, 0.85000000, -0.63750000, 0.00000101
-0.31875000, 0.85000000, -0.53125000, 0.00000181
-0.42500000, 0.85000000, -0.42500000, -0.00000021
-0.53125000, 0.85000000, -0.31875000, -0.00000204
-0.63750000, 0.85000000, -0.21250000, -0.00000122
-0.74375000, 0.85000000, -0.10625000, -0.00000329
-0.85000000, 0.85000000, 0.00000000, -0.00000596
-0.85000000, 0.74375000, 0.10625000, -0.00000221
-0.85000000, 0.63750000, 0.21250000, -0.00000147
-0.85000000, 0.53125000, 0.31875000, -0.00000057
-0.85000000, 0.42500000, 0.42500000, -0.00000013
-0.85000000, 0.31875000, 0.53125000, -0.00000042
-0.85000000, 0.21250000, 0.63750000, -0.00000094
-0.85000000, 0.10625000, 0.74375000, -0.00000143
-0.85000000, 0.00000000, 0.85000000, -0.00000184
-0.74375000, -0.10625000, 0.85000000, -0.00000143
-0.63750000, -0.21250000, 0.85000000, -0.00000094
-0.53125000, -0.31875000, 0.85000000, -0.00000042
-0.42500000, -0.42500000, 0.85000000, -0.00000013
-0.31875000, -0.53125000, 0.85000000, -0.00000057
-0.21250000, -0.63750000, 0.85000000, -0.00000147
-0.10625000, -0.74375000, 0.85000000, -0.00000221
0.00000000, -0.85000000, 0.85000000, -0.00000596
0.10625000, -0.85000000, 0.74375000, -0.00000329
0.21250000, -0.85000000, 0.63750000, -0.00000122
0.31875000, -0.85000000, 0.53125000, -0.00000204
0.42500000, -0.85000000, 0.42500000, -0.00000021
0.53125000, -0.85000000, 0.31875000, 0.00000181
0.63750000, -0.85000000, 0.21250000, 0.00000101
0.74375000, -0.85000000, 0.10625000, 0.00000323
0.85000000, -0.85000000, 0.00000000, 0.00000615
0.85000000, -0.74375000, -0.10625000, 0.00000250
0.85000000, -0.63750000, -0.21250000, 0.00000171
0.85000000, -0.53125000, -0.31875000, 0.00000067
0.85000000, -0.42500000, -0.42500000, 0.00000014
0.85000000, -0.31875000, -0.53125000, 0.00000044
0.85000000, -0.21250000, -0.63750000, 0.00000104
0.85000000, -0.10625000, -0.74375000, 0.00000155
0.90000000, 0.00000000, -0.90000000, 0.00000163
0.78750000, 0.11250000, -0.90000000, 0.00000187
0.67500000, 0.22500000, -0.90000000, 0.00000125
0.56250000, 0.33750000, -0.90000000, 0.00000059
0.45000000, 0.45000000, -0.90000000, 0.00000006
0.33750000, 0.56250000, -0.90000000, 0.00000071
0.22500000, 0.67500000, -0.90000000, 0.00000172
0.11250000, 0.78750000, -0.90000000, 0.00000235
0.00000000, 0.90000000, -0.90000000, 0.00000430
-0.11250000, 0.90000000, -0.78750000, 0.00000489
-0.22500000, 0.90000000, -0.67500000, 0.00000360
-0.33750000, 0.90000000, -0.56250000, 0.00000324
-0.45000000, 0.90000000, -0.45000000, -0.00000013
-0.56250000, 0.90000000, -0.33750000, -0.00000330
-0.67500000, 0.90000000, -0.22500000, -0.00000358
-0.78750000, 0.90000000, -0.11250000, -0.00000474
-0.90000000, 0.90000000, 0.00000000, -0.00000415
-0.90000000, 0.78750000, 0.11250000, -0.00000205
-0.90000000, 0.67500000, 0.22500000, -0.00000147
-0.90000000, 0.56250000, 0.33750000, -0.00000062
-0.90000000, 0.45000000, 0.45000000, -0.00000007
-0.90000000, 0.33750000, 0.56250000, -0.00000056
-0.90000000, 0.22500000, 0.67500000, -0.00000115
-0.90000000, 0.11250000, 0.78750000, -0.00000171
-0.90000000, 0.00000000, 0.90000000, -0.00000150
-0.78750000, -0.11250000, 0.90000000, -0.00000171
-0.67500000, -0.22500000, 0.90000000, -0.00000115
-0.56250000, -0.33750000, 0.90000000, -0.00000056
-0.45000000, -0.45000000, 0.90000000, -0.00000007
-0.33750000, -0.56250000, 0.90000000, -0.00000062
-0.22500000, -0.67500000, 0.90000000, -0.00000147
-0.11250000, -0.78750000, 0.90000000, -0.00000205
0.00000000, -0.90000000, 0.90000000, -0.00000415
0.11250000, -0.90000000, 0.78750000, -0.00000474
0.22500000, -0.90000000, 0.67500000, -0.00000358
0.33750000, -0.90000000, 0.56250000, -0.00000330
0.45000000, -0.90000000, 0.45000000, -0.00000013
0.56250000, -0.90000000, 0.33750000, 0.00000324
0.67500000, -0.90000000, 0.22500000, 0.00000360
0.78750000, -0.90000000, 0.11250000, 0.00000489
0.90000000, -0.90000000, 0.00000000, 0.00000430
0.90000000, -0.78750000, -0.11250000, 0.00000235
0.90000000, -0.67500000, -0.22500000, 0.00000172
0.90000000, -0.56250000, -0.33750000, 0.00000071
0.90000000, -0.45000000, -0.45000000, 0.00000006
0.90000000, -0.33750000, -0.56250000, 0.00000059
0.90000000, -0.22500000, -0.67500000, 0.00000125
0.90000000, -0.11250000, -0.78750000, 0.00000187
0.95000000, 0.00000000, -0.95000000, -0.00000198
0.83125000, 0.11875000, -0.95000000, -0.00000180
0.71250000, 0.23750000, -0.95000000, -0.00000122
0.59375000, 0.35625000, -0.95000000, -0.00000059
0.47500000, 0.47500000, -0.95000000, -0.00000017
0.35625000, 0.59375000, -0.95000000, -0.00000081
0.23750000, 0.71250000, -0.95000000, -0.00000189
0.11875000, 0.83125000, -0.95000000, -0.00000266
0.00000000, 0.95000000, -0.95000000, -0.00000605
-0.11875000, 0.95000000, -0.83125000, -0.00000595
-0.23750000, 0.95000000, -0.71250000, -0.00000438
-0.35625000, 0.95000000, -0.59375000, -0.00000396
-0.47500000, 0.95000000, -0.47500000, 0.00000014
-0.59375000, 0.95000000, -0.35625000, 0.00000401
-0.71250000, 0.95000000, -0.23750000, 0.00000433
-0.83125000, 0.95000000, -0.11875000, 0.00000575
-0.95000000, 0.95000000, 0.00000000, 0.00000585
-0.95000000, 0.83125000, 0.11875000, 0.00000234
-0.95000000, 0.71250000, 0.23750000, 0.00000163
-0.95000000, 0.59375000, 0.35625000, 0.00000071
-0.95000000, 0.47500000, 0.47500000, 0.00000017
-0.95000000, 0.35625000, 0.59375000, 0.00000057
-0.95000000, 0.23750000, 0.71250000, 0.00000112
-0.95000000, 0.11875000, 0.83125000, 0.00000166
-0.95000000, 0.00000000, 0.95000000, 0.00000184
-0.83125000, -0.11875000, 0.95000000, 0.00000166
-0.71250000, -0.23750000, 0.95000000, 0.00000112
-0.59375000, -0.35625000, 0.95000000, 0.00000057
-0.47500000, -0.47500000, 0.95000000, 0.00000017
-0.35625000, -0.59375000, 0.95000000, 0.00000071
-0.23750000, -0.71250000, 0.95000000, 0.00000163
-0.11875000, -0.83125000, 0.95000000, 0.00000234
0.00000000, -0.95000000, 0.95000000, 0.00000585
0.11875000, -0.95000000, 0.83125000, 0.00000575
0.23750000, -0.95000000, 0.71250000, 0.00000433
0.35625000, -0.95000000, 0.59375000, 0.00000401
0.47500000, -0.95000000, 0.47500000, 0.00000014
0.59375000, -0.95000000, 0.35625000, -0.00000396
0.71250000, -0.95000000, 0.23750000, -0.00000438
0.83125000, -0.95000000, 0.11875000, -0.00000595
0.95000000, -0.95000000, 0.00000000, -0.00000605
0.95000000, -0.83125000, -0.11875000, -0.00000266
0.95000000, -0.71250000, -0.23750000, -0.00000189
0.95000000, -0.59375000, -0.35625000, -0.00000081
0.95000000, -0.47500000, -0.47500000, -0.00000017
0.95000000, -0.35625000, -0.59375000, -0.00000059
0.95000000, -0.23750000, -0.71250000, -0.00000122
0.95000000, -0.11875000, -0.83125000, -0.00000180
1.00000000, 0.00000000, -1.00000000, 0.00000000
0.87500000, 0.12500000, -1.00000000, 0.00000000
0.75000000, 0.25000000, -1.00000000, 0.00000000
0.62500000, 0.37500000, -1.00000000, 0.00000000
0.50000000, 0.50000000, -1.00000000, 0.00000000
0.37500000, 0.62500000, -1.00000000, 0.00000000
0.25000000, 0.75000000, -1.00000000, 0.00000000
0.12500000, 0.87500000, -1.00000000, 0.00000000
0.00000000, 1.00000000, -1.00000000, 0.00000000
-0.12500000, 1.00000000, -0.87500000, 0.00000000
-0.25000000, 1.00000000, -0.75000000, 0.00000000
-0.37500000, 1.00000000, -0.62500000, 0.00000000
-0.50000000, 1.00000000, -0.50000000, 0.00000000
-0.62500000, 1.00000000, -0.37500000, 0.00000000
-0.75000000, 1.00000000, -0.25000000, 0.00000000
-0.87500000, 1.00000000, -0.12500000, 0.00000000
-1.00000000, 1.00000000, 0.00000000, 0.00000000
-1.00000000, 0.87500000, 0.12500000, 0.00000000
-1.00000000, 0.75000000, 0.25000000, 0.00000000
-1.00000000, 0.62500000, 0.37500000, 0.00000000
-1.00000000, 0.50000000, 0.50000000, 0.00000000
-1.00000000, 0.37500000, 0.62500000, 0.00000000
-1.00000000, 0.25000000, 0.75000000, 0.00000000
-1.00000000, 0.12500000, 0.87500000, 0.00000000
-1.00000000, 0.00000000, 1.00000000, 0.00000000
-0.87500000, -0.12500000, 1.00000000, 0.00000000
-0.75000000, -0.25000000, 1.00000000, 0.00000000
-0.62500000, -0.37500000, 1.00000000, 0.00000000
-0.50000000, -0.50000000, 1.00000000, 0.00000000
-0.37500000, -0.62500000, 1.00000000, 0.00000000
-0.25000000, -0.75000000, 1.00000000, 0.00000000
-0.12500000, -0.87500000, 1.00000000, 0.00000000
0.00000000, -1.00000000, 1.00000000, 0.00000000
0.12500000, -1.00000000, 0.87500000, 0.00000000
0.25000000, -1.00000000, 0.75000000, 0.00000000
0.37500000, -1.00000000, 0.62500000, 0.00000000
0.50000000, -1.00000000, 0.50000000, 0.00000000
0.62500000, -1.00000000, 0.37500000, 0.00000000
0.75000000, -1.00000000, 0.25000000, 0.00000000
0.87500000, -1.00000000, 0.12500000, 0.00000000
1.00000000, -1.00000000, 0.00000000, 0.00000000
1.00000000, -0.87500000, -0.12500000, 0.00000000
1.00000000, -0.75000000, -0.25000000, 0.00000000
1.00000000, -0.62500000, -0.37500000, 0.00000000
1.00000000, -0.50000000, -0.50000000, 0.00000000
1.00000000, -0.37500000, -0.62500000, 0.00000000
1.00000000, -0.25000000, -0.75000000, 0.00000000
1.00000000, -0.12500000, -0.87500000, 0.00000000
