0.01000000, 0.00000000, -0.01000000, -0.04444913
0.00000000, 0.01000000, -0.01000000, -0.12627795
-0.00125000, 0.01000000, -0.00875000, -0.09705873
-0.00250000, 0.01000000, -0.00750000, -0.03688190
-0.00375000, 0.01000000, -0.00625000, 0.02423824
-0.00500000, 0.01000000, -0.00500000, 0.08260308
-0.00625000, 0.01000000, -0.00375000, 0.12832147
-0.00750000, 0.01000000, -0.00250000, 0.15351616
-0.00875000, 0.01000000, -0.00125000, 0.15265074
-0.01000000, 0.01000000, 0.00000000, 0.09857829
-0.01000000, 0.00875000, 0.00125000, 0.06638692
-0.01000000, 0.00750000, 0.00250000, 0.05502290
-0.01000000, 0.00625000, 0.00375000, 0.04835087
-0.01000000, 0.00500000, 0.00500000, 0.04242258
-0.01000000, 0.00375000, 0.00625000, 0.03815653
-0.01000000, 0.00250000, 0.00750000, 0.03347222
-0.01000000, 0.00125000, 0.00875000, 0.03034885
-0.01000000, 0.00000000, 0.01000000, 0.02852565
0.00000000, -0.01000000, 0.01000000, 0.09857829
0.00125000, -0.01000000, 0.00875000, 0.15265074
0.00250000, -0.01000000, 0.00750000, 0.15351616
0.00375000, -0.01000000, 0.00625000, 0.12832147
0.00500000, -0.01000000, 0.00500000, 0.08260308
0.00625000, -0.01000000, 0.00375000, 0.02423824
0.00750000, -0.01000000, 0.00250000, -0.03688190
0.00875000, -0.01000000, 0.00125000, -0.09705873
0.01000000, -0.01000000, 0.00000000, -0.12627795
0.01000000, -0.00875000, -0.00125000, -0.09143620
0.01000000, -0.00750000, -0.00250000, -0.07777292
0.01000000, -0.00625000, -0.00375000, -0.06984333
0.01000000, -0.00500000, -0.00500000, -0.06198635
0.01000000, -0.00375000, -0.00625000, -0.05665516
0.01000000, -0.00250000, -0.00750000, -0.05056264
0.01000000, -0.00125000, -0.00875000, -0.04688359
0.02000000, 0.00000000, -0.02000000, -0.02217967
0.01750000, 0.00250000, -0.02000000, -0.02327236
0.01500000, 0.00500000, -0.02000000, -0.02542285
0.01250000, 0.00750000, -0.02000000, -0.02832894
0.01000000, 0.01000000, -0.02000000, -0.03133662
0.00750000, 0.01250000, -0.02000000, -0.03544369
0.00500000, 0.01500000, -0.02000000, -0.04001554
0.00250000, 0.01750000, -0.02000000, -0.04710163
0.00000000, 0.02000000, -0.02000000, -0.06499705
-0.00250000, 0.02000000, -0.01750000, -0.04973152
-0.00500000, 0.02000000, -0.01500000, -0.02082894
-0.00750000, 0.02000000, -0.01250000, 0.01034906
-0.01000000, 0.02000000, -0.01000000, 0.03810760
-0.01250000, 0.02000000, -0.00750000, 0.05952518
-0.01500000, 0.02000000, -0.00500000, 0.07251386
-0.01750000, 0.02000000, -0.00250000, 0.07094662
-0.02000000, 0.02000000, 0.00000000, 0.04438896
-0.02000000, 0.01750000, 0.00250000, 0.02821664
-0.02000000, 0.01500000, 0.00500000, 0.02260915
-0.02000000, 0.01250000, 0.00750000, 0.01928277
-0.02000000, 0.01000000, 0.01000000, 0.01650884
-0.02000000, 0.00750000, 0.01250000, 0.01445680
-0.02000000, 0.00500000, 0.01500000, 0.01252394
-0.02000000, 0.00250000, 0.01750000, 0.01101485
-0.02000000, 0.00000000, 0.02000000, 0.01034829
-0.01750000, -0.00250000, 0.02000000, 0.01101485
-0.01500000, -0.00500000, 0.02000000, 0.01252394
-0.01250000, -0.00750000, 0.02000000, 0.01445680
-0.01000000, -0.01000000, 0.02000000, 0.01650884
-0.00750000, -0.01250000, 0.02000000, 0.01928277
-0.00500000, -0.01500000, 0.02000000, 0.02260915
-0.00250000, -0.01750000, 0.02000000, 0.02821664
0.00000000, -0.02000000, 0.02000000, 0.04438896
0.00250000, -0.02000000, 0.01750000, 0.07094662
0.00500000, -0.02000000, 0.01500000, 0.07251386
0.00750000, -0.02000000, 0.01250000, 0.05952518
0.01000000, -0.02000000, 0.01000000, 0.03810760
0.01250000, -0.02000000, 0.00750000, 0.01034906
0.01500000, -0.02000000, 0.00500000, -0.02082894
0.01750000, -0.02000000, 0.00250000, -0.04973152
0.02000000, -0.02000000, 0.00000000, -0.06499705
0.02000000, -0.01750000, -0.00250000, -0.04710163
0.02000000, -0.01500000, -0.00500000, -0.04001554
0.02000000, -0.01250000, -0.00750000, -0.03544369
0.02000000, -0.01000000, -0.01000000, -0.03133662
0.02000000, -0.00750000, -0.01250000, -0.02832894
0.02000000, -0.00500000, -0.01500000, -0.02542285
0.02000000, -0.00250000, -0.01750000, -0.02327236
0.03000000, 0.00000000, -0.03000000, -0.01507300
0.02625000, 0.00375000, -0.03000000, -0.01589479
0.02250000, 0.00750000, -0.03000000, -0.01757868
0.01875000, 0.01125000, -0.03000000, -0.01985908
0.01500000, 0.01500000, -0.03000000, -0.02241461
0.01125000, 0.01875000, -0.03000000, -0.02549901
0.00750000, 0.02250000, -0.03000000, -0.02923315
0.00375000, 0.02625000, -0.03000000, -0.03486648
0.00000000, 0.03000000, -0.03000000, -0.04854048
-0.00375000, 0.03000000, -0.02625000, -0.03894670
-0.00750000, 0.03000000, -0.02250000, -0.01891651
-0.01125000, 0.03000000, -0.01875000, 0.00307815
-0.01500000, 0.03000000, -0.01500000, 0.02320247
-0.01875000, 0.03000000, -0.01125000, 0.03926865
-0.02250000, 0.03000000, -0.00750000, 0.04916005
-0.02625000, 0.03000000, -0.00375000, 0.04894713
-0.03000000, 0.03000000, 0.00000000, 0.03085047
-0.03000000, 0.02625000, 0.00375000, 0.01876275
-0.03000000, 0.02250000, 0.00750000, 0.01446170
-0.03000000, 0.01875000, 0.01125000, 0.01188118
-0.03000000, 0.01500000, 0.01500000, 0.00987581
-0.03000000, 0.01125000, 0.01875000, 0.00830150
-0.03000000, 0.00750000, 0.02250000, 0.00690438
-0.03000000, 0.00375000, 0.02625000, 0.00584148
-0.03000000, 0.00000000, 0.03000000, 0.00540070
-0.02625000, -0.00375000, 0.03000000, 0.00584148
-0.02250000, -0.00750000, 0.03000000, 0.00690438
-0.01875000, -0.01125000, 0.03000000, 0.00830150
-0.01500000, -0.01500000, 0.03000000, 0.00987581
-0.01125000, -0.01875000, 0.03000000, 0.01188118
-0.00750000, -0.02250000, 0.03000000, 0.01446170
-0.00375000, -0.02625000, 0.03000000, 0.01876275
0.00000000, -0.03000000, 0.03000000, 0.03085047
0.00375000, -0.03000000, 0.02625000, 0.04894713
0.00750000, -0.03000000, 0.02250000, 0.04916005
0.01125000, -0.03000000, 0.01875000, 0.03926865
0.01500000, -0.03000000, 0.01500000, 0.02320247
0.01875000, -0.03000000, 0.01125000, 0.00307815
0.02250000, -0.03000000, 0.00750000, -0.01891651
0.02625000, -0.03000000, 0.00375000, -0.03894670
0.03000000, -0.03000000, 0.00000000, -0.04854048
0.03000000, -0.02625000, -0.00375000, -0.03486648
0.03000000, -0.02250000, -0.00750000, -0.02923315
0.03000000, -0.01875000, -0.01125000, -0.02549901
0.03000000, -0.01500000, -0.01500000, -0.02241461
0.03000000, -0.01125000, -0.01875000, -0.01985908
0.03000000, -0.00750000, -0.02250000, -0.01757868
0.03000000, -0.00375000, -0.02625000, -0.01589479
0.04000000, 0.00000000, -0.04000000, -0.01146206
0.03500000, 0.00500000, -0.04000000, -0.01220682
0.03000000, 0.01000000, -0.04000000, -0.01374630
0.02500000, 0.01500000, -0.04000000, -0.01571737
0.02000000, 0.02000000, -0.04000000, -0.01800293
0.01500000, 0.02500000, -0.04000000, -0.02080233
0.01000000, 0.03000000, -0.04000000, -0.02424037
0.00500000, 0.03500000, -0.04000000, -0.02927098
0.00000000, 0.04000000, -0.04000000, -0.04115492
-0.00500000, 0.04000000, -0.03500000, -0.03467720
-0.01000000, 0.04000000, -0.03000000, -0.01872715
-0.01500000, 0.04000000, -0.02500000, -0.00094115
-0.02000000, 0.04000000, -0.02000000, 0.01581947
-0.02500000, 0.04000000, -0.01500000, 0.02955502
-0.03000000, 0.04000000, -0.01000000, 0.03828495
-0.03500000, 0.04000000, -0.00500000, 0.03920366
-0.04000000, 0.04000000, 0.00000000, 0.02515172
-0.04000000, 0.03500000, 0.00500000, 0.01484077
-0.04000000, 0.03000000, 0.01000000, 0.01108030
-0.04000000, 0.02500000, 0.01500000, 0.00877967
-0.04000000, 0.02000000, 0.02000000, 0.00701745
-0.04000000, 0.01500000, 0.02500000, 0.00565661
-0.04000000, 0.01000000, 0.03000000, 0.00449104
-0.04000000, 0.00500000, 0.03500000, 0.00359054
-0.04000000, 0.00000000, 0.04000000, 0.00321810
-0.03500000, -0.00500000, 0.04000000, 0.00359054
-0.03000000, -0.01000000, 0.04000000, 0.00449104
-0.02500000, -0.01500000, 0.04000000, 0.00565661
-0.02000000, -0.02000000, 0.04000000, 0.00701745
-0.01500000, -0.02500000, 0.04000000, 0.00877967
-0.01000000, -0.03000000, 0.04000000, 0.01108030
-0.00500000, -0.03500000, 0.04000000, 0.01484077
0.00000000, -0.04000000, 0.04000000, 0.02515172
0.00500000, -0.04000000, 0.03500000, 0.03920366
0.01000000, -0.04000000, 0.03000000, 0.03828495
0.01500000, -0.04000000, 0.02500000, 0.02955502
0.02000000, -0.04000000, 0.02000000, 0.01581947
0.02500000, -0.04000000, 0.01500000, -0.00094115
0.03000000, -0.04000000, 0.01000000, -0.01872715
0.03500000, -0.04000000, 0.00500000, -0.03467720
0.04000000, -0.04000000, 0.00000000, -0.04115492
0.04000000, -0.03500000, -0.00500000, -0.02927098
0.04000000, -0.03000000, -0.01000000, -0.02424037
0.04000000, -0.02500000, -0.01500000, -0.02080233
0.04000000, -0.02000000, -0.02000000, -0.01800293
0.04000000, -0.01500000, -0.02500000, -0.01571737
0.04000000, -0.01000000, -0.03000000, -0.01374630
0.04000000, -0.00500000, -0.03500000, -0.01220682
0.05000000, 0.00000000, -0.05000000, -0.00921900
0.04375000, 0.00625000, -0.05000000, -0.00991198
0.03750000, 0.01250000, -0.05000000, -0.01134971
0.03125000, 0.01875000, -0.05000000, -0.01319148
0.02500000, 0.02500000, -0.05000000, -0.01536269
0.01875000, 0.03125000, -0.05000000, -0.01800463
0.01250000, 0.03750000, -0.05000000, -0.02127500
0.00625000, 0.04375000, -0.05000000, -0.02600944
0.00000000, 0.05000000, -0.05000000, -0.03691442
-0.00625000, 0.05000000, -0.04375000, -0.03234860
-0.01250000, 0.05000000, -0.03750000, -0.01886939
-0.01875000, 0.05000000, -0.03125000, -0.00341866
-0.02500000, 0.05000000, -0.02500000, 0.01140058
-0.03125000, 0.05000000, -0.01875000, 0.02382878
-0.03750000, 0.05000000, -0.01250000, 0.03210018
-0.04375000, 0.05000000, -0.00625000, 0.03367681
-0.05000000, 0.05000000, 0.00000000, 0.02205024
-0.05000000, 0.04375000, 0.00625000, 0.01274780
-0.05000000, 0.03750000, 0.01250000, 0.00927566
-0.05000000, 0.03125000, 0.01875000, 0.00712656
-0.05000000, 0.02500000, 0.02500000, 0.00549098
-0.05000000, 0.01875000, 0.03125000, 0.00422562
-0.05000000, 0.01250000, 0.03750000, 0.00316434
-0.05000000, 0.00625000, 0.04375000, 0.00235529
-0.05000000, 0.00000000, 0.05000000, 0.00202221
-0.04375000, -0.00625000, 0.05000000, 0.00235529
-0.03750000, -0.01250000, 0.05000000, 0.00316434
-0.03125000, -0.01875000, 0.05000000, 0.00422562
-0.02500000, -0.02500000, 0.05000000, 0.00549098
-0.01875000, -0.03125000, 0.05000000, 0.00712656
-0.01250000, -0.03750000, 0.05000000, 0.00927566
-0.00625000, -0.04375000, 0.05000000, 0.01274780
0.00000000, -0.05000000, 0.05000000, 0.02205024
0.00625000, -0.05000000, 0.04375000, 0.03367681
0.01250000, -0.05000000, 0.03750000, 0.03210018
0.01875000, -0.05000000, 0.03125000, 0.02382878
0.02500000, -0.05000000, 0.02500000, 0.01140058
0.03125000, -0.05000000, 0.01875000, -0.00341866
0.03750000, -0.05000000, 0.01250000, -0.01886939
0.04375000, -0.05000000, 0.00625000, -0.03234860
0.05000000, -0.05000000, 0.00000000, -0.03691442
0.05000000, -0.04375000, -0.00625000, -0.02600944
0.05000000, -0.03750000, -0.01250000, -0.02127500
0.05000000, -0.03125000, -0.01875000, -0.01800463
0.05000000, -0.02500000, -0.02500000, -0.01536269
0.05000000, -0.01875000, -0.03125000, -0.01319148
0.05000000, -0.01250000, -0.03750000, -0.01134971
0.05000000, -0.00625000, -0.04375000, -0.00991198
0.06000000, 0.00000000, -0.06000000, -0.00770102
0.05250000, 0.00750000, -0.06000000, -0.00837000
0.04500000, 0.01500000, -0.06000000, -0.00972522
0.03750000, 0.02250000, -0.06000000, -0.01147707
0.03000000, 0.03000000, -0.06000000, -0.01355140
0.02250000, 0.03750000, -0.06000000, -0.01612236
0.01500000, 0.04500000, -0.06000000, -0.01929888
0.00750000, 0.05250000, -0.06000000, -0.02384998
0.00000000, 0.06000000, -0.06000000, -0.03412746
-0.00750000, 0.06000000, -0.05250000, -0.03093850
-0.01500000, 0.06000000, -0.04500000, -0.01908750
-0.02250000, 0.06000000, -0.03750000, -0.00516572
-0.03000000, 0.06000000, -0.03000000, 0.00847193
-0.03750000, 0.06000000, -0.02250000, 0.02012333
-0.04500000, 0.06000000, -0.01500000, 0.02812627
-0.05250000, 0.06000000, -0.00750000, 0.03017729
-0.06000000, 0.06000000, 0.00000000, 0.02009322
-0.06000000, 0.05250000, 0.00750000, 0.01144684
-0.06000000, 0.04500000, 0.01500000, 0.00816625
-0.06000000, 0.03750000, 0.02250000, 0.00611235
-0.06000000, 0.03000000, 0.03000000, 0.00454868
-0.06000000, 0.02250000, 0.03750000, 0.00335549
-0.06000000, 0.01500000, 0.04500000, 0.00236392
-0.06000000, 0.00750000, 0.05250000, 0.00161983
-0.06000000, 0.00000000, 0.06000000, 0.00130653
-0.05250000, -0.00750000, 0.06000000, 0.00161983
-0.04500000, -0.01500000, 0.06000000, 0.00236392
-0.03750000, -0.02250000, 0.06000000, 0.00335549
-0.03000000, -0.03000000, 0.06000000, 0.00454868
-0.02250000, -0.03750000, 0.06000000, 0.00611235
-0.01500000, -0.04500000, 0.06000000, 0.00816625
-0.00750000, -0.05250000, 0.06000000, 0.01144684
0.00000000, -0.06000000, 0.06000000, 0.02009322
0.00750000, -0.06000000, 0.05250000, 0.03017729
0.01500000, -0.06000000, 0.04500000, 0.02812627
0.02250000, -0.06000000, 0.03750000, 0.02012333
0.03000000, -0.06000000, 0.03000000, 0.00847193
0.03750000, -0.06000000, 0.02250000, -0.00516572
0.04500000, -0.06000000, 0.01500000, -0.01908750
0.05250000, -0.06000000, 0.00750000, -0.03093850
0.06000000, -0.06000000, 0.00000000, -0.03412746
0.06000000, -0.05250000, -0.00750000, -0.02384998
0.06000000, -0.04500000, -0.01500000, -0.01929888
0.06000000, -0.03750000, -0.02250000, -0.01612236
0.06000000, -0.03000000, -0.03000000, -0.01355140
0.06000000, -0.02250000, -0.03750000, -0.01147707
0.06000000, -0.01500000, -0.04500000, -0.00972522
0.06000000, -0.00750000, -0.05250000, -0.00837000
0.07000000, 0.00000000, -0.07000000, -0.00655621
0.06125000, 0.00875000, -0.07000000, -0.00720228
0.05250000, 0.01750000, -0.07000000, -0.00851256
0.04375000, 0.02625000, -0.07000000, -0.01020629
0.03500000, 0.03500000, -0.07000000, -0.01222462
0.02625000, 0.04375000, -0.07000000, -0.01472412
0.01750000, 0.05250000, -0.07000000, -0.01780836
0.00875000, 0.06125000, -0.07000000, -0.02220078
0.00000000, 0.07000000, -0.07000000, -0.03199059
-0.00875000, 0.07000000, -0.06125000, -0.02981468
-0.01750000, 0.07000000, -0.05250000, -0.01914177
-0.02625000, 0.07000000, -0.04375000, -0.00634171
-0.03500000, 0.07000000, -0.03500000, 0.00637077
-0.04375000, 0.07000000, -0.02625000, 0.01740730
-0.05250000, 0.07000000, -0.01750000, 0.02520251
-0.06125000, 0.07000000, -0.00875000, 0.02761014
-0.07000000, 0.07000000, 0.00000000, 0.01862344
-0.07000000, 0.06125000, 0.00875000, 0.01050858
-0.07000000, 0.05250000, 0.01750000, 0.00738739
-0.07000000, 0.04375000, 0.02625000, 0.00541745
-0.07000000, 0.03500000, 0.03500000, 0.00391565
-0.07000000, 0.02625000, 0.04375000, 0.00276702
-0.07000000, 0.01750000, 0.05250000, 0.00182206
-0.07000000, 0.00875000, 0.06125000, 0.00111534
-0.07000000, 0.00000000, 0.07000000, 0.00081849
-0.06125000, -0.00875000, 0.07000000, 0.00111534
-0.05250000, -0.01750000, 0.07000000, 0.00182206
-0.04375000, -0.02625000, 0.07000000, 0.00276702
-0.03500000, -0.03500000, 0.07000000, 0.00391565
-0.02625000, -0.04375000, 0.07000000, 0.00541745
-0.01750000, -0.05250000, 0.07000000, 0.00738739
-0.00875000, -0.06125000, 0.07000000, 0.01050858
0.00000000, -0.07000000, 0.07000000, 0.01862344
0.00875000, -0.07000000, 0.06125000, 0.02761014
0.01750000, -0.07000000, 0.05250000, 0.02520251
0.02625000, -0.07000000, 0.04375000, 0.01740730
0.03500000, -0.07000000, 0.03500000, 0.00637077
0.04375000, -0.07000000, 0.02625000, -0.00634171
0.05250000, -0.07000000, 0.01750000, -0.01914177
0.06125000, -0.07000000, 0.00875000, -0.02981468
0.07000000, -0.07000000, 0.00000000, -0.03199059
0.07000000, -0.06125000, -0.00875000, -0.02220078
0.07000000, -0.05250000, -0.01750000, -0.01780836
0.07000000, -0.04375000, -0.02625000, -0.01472412
0.07000000, -0.03500000, -0.03500000, -0.01222462
0.07000000, -0.02625000, -0.04375000, -0.01020629
0.07000000, -0.01750000, -0.05250000, -0.00851256
0.07000000, -0.00875000, -0.06125000, -0.00720228
0.08000000, 0.00000000, -0.08000000, -0.00566534
0.07000000, 0.01000000, -0.08000000, -0.00628979
0.06000000, 0.02000000, -0.08000000, -0.00756462
0.05000000, 0.03000000, -0.08000000, -0.00921292
0.04000000, 0.04000000, -0.08000000, -0.01119323
0.03000000, 0.05000000, -0.08000000, -0.01362334
0.02000000, 0.06000000, -0.08000000, -0.01662487
0.01000000, 0.07000000, -0.08000000, -0.02087966
0.00000000, 0.08000000, -0.08000000, -0.03027127
-0.01000000, 0.08000000, -0.07000000, -0.02885692
-0.02000000, 0.08000000, -0.06000000, -0.01910895
-0.03000000, 0.08000000, -0.05000000, -0.00718079
-0.04000000, 0.08000000, -0.04000000, 0.00479384
-0.05000000, 0.08000000, -0.03000000, 0.01533320
-0.06000000, 0.08000000, -0.02000000, 0.02295067
-0.07000000, 0.08000000, -0.01000000, 0.02559636
-0.08000000, 0.08000000, 0.00000000, 0.01745947
-0.08000000, 0.07000000, 0.01000000, 0.00978237
-0.08000000, 0.06000000, 0.02000000, 0.00679932
-0.08000000, 0.05000000, 0.03000000, 0.00490495
-0.08000000, 0.04000000, 0.04000000, 0.00345961
-0.08000000, 0.03000000, 0.05000000, 0.00234501
-0.08000000, 0.02000000, 0.06000000, 0.00143634
-0.08000000, 0.01000000, 0.07000000, 0.00075847
-0.08000000, 0.00000000, 0.08000000, 0.00047676
-0.07000000, -0.01000000, 0.08000000, 0.00075847
-0.06000000, -0.02000000, 0.08000000, 0.00143634
-0.05000000, -0.03000000, 0.08000000, 0.00234501
-0.04000000, -0.04000000, 0.08000000, 0.00345961
-0.03000000, -0.05000000, 0.08000000, 0.00490495
-0.02000000, -0.06000000, 0.08000000, 0.00679932
-0.01000000, -0.07000000, 0.08000000, 0.00978237
0.00000000, -0.08000000, 0.08000000, 0.01745947
0.01000000, -0.08000000, 0.07000000, 0.02559636
0.02000000, -0.08000000, 0.06000000, 0.02295067
0.03000000, -0.08000000, 0.05000000, 0.01533320
0.04000000, -0.08000000, 0.04000000, 0.00479384
0.05000000, -0.08000000, 0.03000000, -0.00718079
0.06000000, -0.08000000, 0.02000000, -0.01910895
0.07000000, -0.08000000, 0.01000000, -0.02885692
0.08000000, -0.08000000, 0.00000000, -0.03027127
0.08000000, -0.07000000, -0.01000000, -0.02087966
0.08000000, -0.06000000, -0.02000000, -0.01662487
0.08000000, -0.05000000, -0.03000000, -0.01362334
0.08000000, -0.04000000, -0.04000000, -0.01119323
0.08000000, -0.03000000, -0.05000000, -0.00921292
0.08000000, -0.02000000, -0.06000000, -0.00756462
0.08000000, -0.01000000, -0.07000000, -0.00628979
0.09000000, 0.00000000, -0.09000000, -0.00496498
0.07875000, 0.01125000, -0.09000000, -0.00557549
0.06750000, 0.02250000, -0.09000000, -0.00680903
0.05625000, 0.03375000, -0.09000000, -0.00841186
0.04500000, 0.04500000, -0.09000000, -0.01034868
0.03375000, 0.05625000, -0.09000000, -0.01272281
0.02250000, 0.06750000, -0.09000000, -0.01565639
0.01125000, 0.07875000, -0.09000000, -0.01979276
0.00000000, 0.09000000, -0.09000000, -0.02884863
-0.01125000, 0.09000000, -0.07875000, -0.02804152
-0.02250000, 0.09000000, -0.06750000, -0.01905208
-0.03375000, 0.09000000, -0.05625000, -0.00782950
-0.04500000, 0.09000000, -0.04500000, 0.00357404
-0.05625000, 0.09000000, -0.03375000, 0.01372264
-0.06750000, 0.09000000, -0.02250000, 0.02117896
-0.07875000, 0.09000000, -0.01125000, 0.02397322
-0.09000000, 0.09000000, 0.00000000, 0.01650991
-0.09000000, 0.07875000, 0.01125000, 0.00919299
-0.09000000, 0.06750000, 0.02250000, 0.00633249
-0.09000000, 0.05625000, 0.03375000, 0.00450589
-0.09000000, 0.04500000, 0.04500000, 0.00311057
-0.09000000, 0.03375000, 0.05625000, 0.00203287
-0.09000000, 0.02250000, 0.06750000, 0.00115874
-0.09000000, 0.01125000, 0.07875000, 0.00051152
-0.09000000, 0.00000000, 0.09000000, 0.00024100
-0.07875000, -0.01125000, 0.09000000, 0.00051152
-0.06750000, -0.02250000, 0.09000000, 0.00115874
-0.05625000, -0.03375000, 0.09000000, 0.00203287
-0.04500000, -0.04500000, 0.09000000, 0.00311057
-0.03375000, -0.05625000, 0.09000000, 0.00450589
-0.02250000, -0.06750000, 0.09000000, 0.00633249
-0.01125000, -0.07875000, 0.09000000, 0.00919299
0.00000000, -0.09000000, 0.09000000, 0.01650991
0.01125000, -0.09000000, 0.07875000, 0.02397322
0.02250000, -0.09000000, 0.06750000, 0.02117896
0.03375000, -0.09000000, 0.05625000, 0.01372264
0.04500000, -0.09000000, 0.04500000, 0.00357404
0.05625000, -0.09000000, 0.03375000, -0.00782950
0.06750000, -0.09000000, 0.02250000, -0.01905208
0.07875000, -0.09000000, 0.01125000, -0.02804152
0.09000000, -0.09000000, 0.00000000, -0.02884863
0.09000000, -0.07875000, -0.01125000, -0.01979276
0.09000000, -0.06750000, -0.02250000, -0.01565639
0.09000000, -0.05625000, -0.03375000, -0.01272281
0.09000000, -0.04500000, -0.04500000, -0.01034868
0.09000000, -0.03375000, -0.05625000, -0.00841186
0.09000000, -0.02250000, -0.06750000, -0.00680903
0.09000000, -0.01125000, -0.07875000, -0.00557549
0.10000000, 0.00000000, -0.10000000, -0.00439563
0.08750000, 0.01250000, -0.10000000, -0.00499796
0.07500000, 0.02500000, -0.10000000, -0.00618797
0.06250000, 0.03750000, -0.10000000, -0.00774555
0.05000000, 0.05000000, -0.10000000, -0.00963178
0.03750000, 0.06250000, -0.10000000, -0.01195664
0.02500000, 0.07500000, -0.10000000, -0.01482581
0.01250000, 0.08750000, -0.10000000, -0.01885133
0.00000000, 0.10000000, -0.10000000, -0.02760479
-0.01250000, 0.10000000, -0.08750000, -0.02730534
-0.02500000, 0.10000000, -0.07500000, -0.01895606
-0.03750000, 0.10000000, -0.06250000, -0.00832984
-0.05000000, 0.10000000, -0.05000000, 0.00260313
-0.06250000, 0.10000000, -0.03750000, 0.01242129
-0.07500000, 0.10000000, -0.02500000, 0.01972218
-0.08750000, 0.10000000, -0.01250000, 0.02260894
-0.10000000, 0.10000000, 0.00000000, 0.01568509
-0.10000000, 0.08750000, 0.01250000, 0.00868538
-0.10000000, 0.07500000, 0.02500000, 0.00594007
-0.10000000, 0.06250000, 0.03750000, 0.00417884
-0.10000000, 0.05000000, 0.05000000, 0.00283075
-0.10000000, 0.03750000, 0.06250000, 0.00179314
-0.10000000, 0.02500000, 0.07500000, 0.00095279
-0.10000000, 0.01250000, 0.08750000, 0.00033659
-0.10000000, 0.00000000, 0.10000000, 0.00007409
-0.08750000, -0.01250000, 0.10000000, 0.00033659
-0.07500000, -0.02500000, 0.10000000, 0.00095279
-0.06250000, -0.03750000, 0.10000000, 0.00179314
-0.05000000, -0.05000000, 0.10000000, 0.00283075
-0.03750000, -0.06250000, 0.10000000, 0.00417884
-0.02500000, -0.07500000, 0.10000000, 0.00594007
-0.01250000, -0.08750000, 0.10000000, 0.00868538
0.00000000, -0.10000000, 0.10000000, 0.01568509
0.01250000, -0.10000000, 0.08750000, 0.02260894
0.02500000, -0.10000000, 0.07500000, 0.01972218
0.03750000, -0.10000000, 0.06250000, 0.01242129
0.05000000, -0.10000000, 0.05000000, 0.00260313
0.06250000, -0.10000000, 0.03750000, -0.00832984
0.07500000, -0.10000000, 0.02500000, -0.01895606
0.08750000, -0.10000000, 0.01250000, -0.02730534
0.10000000, -0.10000000, 0.00000000, -0.02760479
0.10000000, -0.08750000, -0.01250000, -0.01885133
0.10000000, -0.07500000, -0.02500000, -0.01482581
0.10000000, -0.06250000, -0.03750000, -0.01195664
0.10000000, -0.05000000, -0.05000000, -0.00963178
0.10000000, -0.03750000, -0.06250000, -0.00774555
0.10000000, -0.02500000, -0.07500000, -0.00618797
0.10000000, -0.01250000, -0.08750000, -0.00499796
0.15000000, 0.00000000, -0.15000000, -0.00250329
0.13125000, 0.01875000, -0.15000000, -0.00304278
0.11250000, 0.03750000, -0.15000000, -0.00406974
0.09375000, 0.05625000, -0.15000000, -0.00543037
0.07500000, 0.07500000, -0.15000000, -0.00707659
0.05625000, 0.09375000, -0.15000000, -0.00908422
0.03750000, 0.11250000, -0.15000000, -0.01154388
0.01875000, 0.13125000, -0.15000000, -0.01497258
0.00000000, 0.15000000, -0.15000000, -0.02236474
-0.01875000, 0.15000000, -0.13125000, -0.02371040
-0.03750000, 0.15000000, -0.11250000, -0.01763289
-0.05625000, 0.15000000, -0.09375000, -0.00923213
-0.07500000, 0.15000000, -0.07500000, -0.00026438
-0.09375000, 0.15000000, -0.05625000, 0.00805659
-0.11250000, 0.15000000, -0.03750000, 0.01452077
-0.13125000, 0.15000000, -0.01875000, 0.01746174
-0.15000000, 0.15000000, 0.00000000, 0.01220979
-0.15000000, 0.13125000, 0.01875000, 0.00662605
-0.15000000, 0.11250000, 0.03750000, 0.00444178
-0.15000000, 0.09375000, 0.05625000, 0.00303173
-0.15000000, 0.07500000, 0.07500000, 0.00194050
-0.15000000, 0.05625000, 0.09375000, 0.00108650
-0.15000000, 0.03750000, 0.11250000, 0.00039335
-0.15000000, 0.01875000, 0.13125000, -0.00010754
-0.15000000, 0.00000000, 0.15000000, -0.00032102
-0.13125000, -0.01875000, 0.15000000, -0.00010754
-0.11250000, -0.03750000, 0.15000000, 0.00039335
-0.09375000, -0.05625000, 0.15000000, 0.00108650
-0.07500000, -0.07500000, 0.15000000, 0.00194050
-0.05625000, -0.09375000, 0.15000000, 0.00303173
-0.03750000, -0.11250000, 0.15000000, 0.00444178
-0.01875000, -0.13125000, 0.15000000, 0.00662605
0.00000000, -0.15000000, 0.15000000, 0.01220979
0.01875000, -0.15000000, 0.13125000, 0.01746174
0.03750000, -0.15000000, 0.11250000, 0.01452077
0.05625000, -0.15000000, 0.09375000, 0.00805659
0.07500000, -0.15000000, 0.07500000, -0.00026438
0.09375000, -0.15000000, 0.05625000, -0.00923213
0.11250000, -0.15000000, 0.03750000, -0.01763289
0.13125000, -0.15000000, 0.01875000, -0.02371040
0.15000000, -0.15000000, 0.00000000, -0.02236474
0.15000000, -0.13125000, -0.01875000, -0.01497258
0.15000000, -0.11250000, -0.03750000, -0.01154388
0.15000000, -0.09375000, -0.05625000, -0.00908422
0.15000000, -0.07500000, -0.07500000, -0.00707659
0.15000000, -0.05625000, -0.09375000, -0.00543037
0.15000000, -0.03750000, -0.11250000, -0.00406974
0.15000000, -0.01875000, -0.13125000, -0.00304278
0.20000000, 0.00000000, -0.20000000, -0.00147484
0.17500000, 0.02500000, -0.20000000, -0.00193961
0.15000000, 0.05000000, -0.20000000, -0.00278699
0.12500000, 0.07500000, -0.20000000, -0.00391675
0.10000000, 0.10000000, -0.20000000, -0.00527927
0.07500000, 0.12500000, -0.20000000, -0.00694831
0.05000000, 0.15000000, -0.20000000, -0.00898026
0.02500000, 0.17500000, -0.20000000, -0.01180579
0.00000000, 0.20000000, -0.20000000, -0.01798346
-0.02500000, 0.20000000, -0.17500000, -0.02023771
-0.05000000, 0.20000000, -0.15000000, -0.01571833
-0.07500000, 0.20000000, -0.12500000, -0.00896439
-0.10000000, 0.20000000, -0.10000000, -0.00151251
-0.12500000, 0.20000000, -0.07500000, 0.00552445
-0.15000000, 0.20000000, -0.05000000, 0.01107065
-0.17500000, 0.20000000, -0.02500000, 0.01369369
-0.20000000, 0.20000000, 0.00000000, 0.00938903
-0.20000000, 0.17500000, 0.02500000, 0.00498762
-0.20000000, 0.15000000, 0.05000000, 0.00331949
-0.20000000, 0.12500000, 0.07500000, 0.00224562
-0.20000000, 0.10000000, 0.10000000, 0.00140278
-0.20000000, 0.07500000, 0.12500000, 0.00074177
-0.20000000, 0.05000000, 0.15000000, 0.00019913
-0.20000000, 0.02500000, 0.17500000, -0.00018812
-0.20000000, 0.00000000, 0.20000000, -0.00035159
-0.17500000, -0.02500000, 0.20000000, -0.00018812
-0.15000000, -0.05000000, 0.20000000, 0.00019913
-0.12500000, -0.07500000, 0.20000000, 0.00074177
-0.10000000, -0.10000000, 0.20000000, 0.00140278
-0.07500000, -0.12500000, 0.20000000, 0.00224562
-0.05000000, -0.15000000, 0.20000000, 0.00331949
-0.02500000, -0.17500000, 0.20000000, 0.00498762
0.00000000, -0.20000000, 0.20000000, 0.00938903
0.02500000, -0.20000000, 0.17500000, 0.01369369
0.05000000, -0.20000000, 0.15000000, 0.01107065
0.07500000, -0.20000000, 0.12500000, 0.00552445
0.10000000, -0.20000000, 0.10000000, -0.00151251
0.12500000, -0.20000000, 0.07500000, -0.00896439
0.15000000, -0.20000000, 0.05000000, -0.01571833
0.17500000, -0.20000000, 0.02500000, -0.02023771
0.20000000, -0.20000000, 0.00000000, -0.01798346
0.20000000, -0.17500000, -0.02500000, -0.01180579
0.20000000, -0.15000000, -0.05000000, -0.00898026
0.20000000, -0.12500000, -0.07500000, -0.00694831
0.20000000, -0.10000000, -0.10000000, -0.00527927
0.20000000, -0.07500000, -0.12500000, -0.00391675
0.20000000, -0.05000000, -0.15000000, -0.00278699
0.20000000, -0.02500000, -0.17500000, -0.00193961
0.25000000, 0.00000000, -0.25000000, -0.00082535
0.21875000, 0.03125000, -0.25000000, -0.00119608
0.18750000, 0.06250000, -0.25000000, -0.00187348
0.15625000, 0.09375000, -0.25000000, -0.00277526
0.12500000, 0.12500000, -0.25000000, -0.00385390
0.09375000, 0.15625000, -0.25000000, -0.00516053
0.06250000, 0.18750000, -0.25000000, -0.00673868
0.03125000, 0.21875000, -0.25000000, -0.00895438
0.00000000, 0.25000000, -0.25000000, -0.01394457
-0.03125000, 0.25000000, -0.21875000, -0.01670930
-0.06250000, 0.25000000, -0.18750000, -0.01341403
-0.09375000, 0.25000000, -0.15625000, -0.00806568
-0.12500000, 0.25000000, -0.12500000, -0.00204373
-0.15625000, 0.25000000, -0.09375000, 0.00371857
-0.18750000, 0.25000000, -0.06250000, 0.00831083
-0.21875000, 0.25000000, -0.03125000, 0.01049326
-0.25000000, 0.25000000, 0.00000000, 0.00689100
-0.25000000, 0.21875000, 0.03125000, 0.00359394
-0.25000000, 0.18750000, 0.06250000, 0.00239667
-0.25000000, 0.15625000, 0.09375000, 0.00163296
-0.25000000, 0.12500000, 0.12500000, 0.00102143
-0.25000000, 0.09375000, 0.15625000, 0.00053078
-0.25000000, 0.06250000, 0.18750000, 0.00012103
-0.25000000, 0.03125000, 0.21875000, -0.00017326
-0.25000000, 0.00000000, 0.25000000, -0.00029052
-0.21875000, -0.03125000, 0.25000000, -0.00017326
-0.18750000, -0.06250000, 0.25000000, 0.00012103
-0.15625000, -0.09375000, 0.25000000, 0.00053078
-0.12500000, -0.12500000, 0.25000000, 0.00102143
-0.09375000, -0.15625000, 0.25000000, 0.00163296
-0.06250000, -0.18750000, 0.25000000, 0.00239667
-0.03125000, -0.21875000, 0.25000000, 0.00359394
0.00000000, -0.25000000, 0.25000000, 0.00689100
0.03125000, -0.25000000, 0.21875000, 0.01049326
0.06250000, -0.25000000, 0.18750000, 0.00831083
0.09375000, -0.25000000, 0.15625000, 0.00371857
0.12500000, -0.25000000, 0.12500000, -0.00204373
0.15625000, -0.25000000, 0.09375000, -0.00806568
0.18750000, -0.25000000, 0.06250000, -0.01341403
0.21875000, -0.25000000, 0.03125000, -0.01670930
0.25000000, -0.25000000, 0.00000000, -0.01394457
0.25000000, -0.21875000, -0.03125000, -0.00895438
0.25000000, -0.18750000, -0.06250000, -0.00673868
0.25000000, -0.15625000, -0.09375000, -0.00516053
0.25000000, -0.12500000, -0.12500000, -0.00385390
0.25000000, -0.09375000, -0.15625000, -0.00277526
0.25000000, -0.06250000, -0.18750000, -0.00187348
0.25000000, -0.03125000, -0.21875000, -0.00119608
0.30000000, 0.00000000, -0.30000000, -0.00044926
0.26250000, 0.03750000, -0.30000000, -0.00072421
0.22500000, 0.07500000, -0.30000000, -0.00123232
0.18750000, 0.11250000, -0.30000000, -0.00190852
0.15000000, 0.15000000, -0.30000000, -0.00271587
0.11250000, 0.18750000, -0.30000000, -0.00369018
0.07500000, 0.22500000, -0.30000000, -0.00486053
0.03750000, 0.26250000, -0.30000000, -0.00651622
0.00000000, 0.30000000, -0.30000000, -0.01040982
-0.03750000, 0.30000000, -0.26250000, -0.01338669
-0.07500000, 0.30000000, -0.22500000, -0.01106880
-0.11250000, 0.30000000, -0.18750000, -0.00693208
-0.15000000, 0.30000000, -0.15000000, -0.00215976
-0.18750000, 0.30000000, -0.11250000, 0.00244570
-0.22500000, 0.30000000, -0.07500000, 0.00611291
-0.26250000, 0.30000000, -0.03750000, 0.00782548
-0.30000000, 0.30000000, 0.00000000, 0.00484055
-0.30000000, 0.26250000, 0.03750000, 0.00248090
-0.30000000, 0.22500000, 0.07500000, 0.00167395
-0.30000000, 0.18750000, 0.11250000, 0.00116205
-0.30000000, 0.15000000, 0.15000000, 0.00074129
-0.30000000, 0.11250000, 0.18750000, 0.00039671
-0.30000000, 0.07500000, 0.22500000, 0.00010246
-0.30000000, 0.03750000, 0.26250000, -0.00011089
-0.30000000, 0.00000000, 0.30000000, -0.00019141
-0.26250000, -0.03750000, 0.30000000, -0.00011089
-0.22500000, -0.07500000, 0.30000000, 0.00010246
-0.18750000, -0.11250000, 0.30000000, 0.00039671
-0.15000000, -0.15000000, 0.30000000, 0.00074129
-0.11250000, -0.18750000, 0.30000000, 0.00116205
-0.07500000, -0.22500000, 0.30000000, 0.00167395
-0.03750000, -0.26250000, 0.30000000, 0.00248090
0.00000000, -0.30000000, 0.30000000, 0.00484055
0.03750000, -0.30000000, 0.26250000, 0.00782548
0.07500000, -0.30000000, 0.22500000, 0.00611291
0.11250000, -0.30000000, 0.18750000, 0.00244570
0.15000000, -0.30000000, 0.15000000, -0.00215976
0.18750000, -0.30000000, 0.11250000, -0.00693208
0.22500000, -0.30000000, 0.07500000, -0.01106880
0.26250000, -0.30000000, 0.03750000, -0.01338669
0.30000000, -0.30000000, 0.00000000, -0.01040982
0.30000000, -0.26250000, -0.03750000, -0.00651622
0.30000000, -0.22500000, -0.07500000, -0.00486053
0.30000000, -0.18750000, -0.11250000, -0.00369018
0.30000000, -0.15000000, -0.15000000, -0.00271587
0.30000000, -0.11250000, -0.18750000, -0.00190852
0.30000000, -0.07500000, -0.22500000, -0.00123232
0.30000000, -0.03750000, -0.26250000, -0.00072421
0.35000000, 0.00000000, -0.35000000, -0.00023965
0.30625000, 0.04375000, -0.35000000, -0.00043532
0.26250000, 0.08750000, -0.35000000, -0.00079098
0.21875000, 0.13125000, -0.35000000, -0.00126754
0.17500000, 0.17500000, -0.35000000, -0.00183340
0.13125000, 0.21875000, -0.35000000, -0.00252519
0.08750000, 0.26250000, -0.35000000, -0.00334839
0.04375000, 0.30625000, -0.35000000, -0.00451993
0.00000000, 0.35000000, -0.35000000, -0.00741989
-0.04375000, 0.35000000, -0.30625000, -0.01036937
-0.08750000, 0.35000000, -0.26250000, -0.00882460
-0.13125000, 0.35000000, -0.21875000, -0.00571843
-0.17500000, 0.35000000, -0.17500000, -0.00203168
-0.21875000, 0.35000000, -0.13125000, 0.00154435
-0.26250000, 0.35000000, -0.08750000, 0.00436729
-0.30625000, 0.35000000, -0.04375000, 0.00563734
-0.35000000, 0.35000000, 0.00000000, 0.00322545
-0.35000000, 0.30625000, 0.04375000, 0.00163246
-0.35000000, 0.26250000, 0.08750000, 0.00112694
-0.35000000, 0.21875000, 0.13125000, 0.00080574
-0.35000000, 0.17500000, 0.17500000, 0.00053133
-0.35000000, 0.13125000, 0.21875000, 0.00030371
-0.35000000, 0.08750000, 0.26250000, 0.00010216
-0.35000000, 0.04375000, 0.30625000, -0.00004564
-0.35000000, 0.00000000, 0.35000000, -0.00010340
-0.30625000, -0.04375000, 0.35000000, -0.00004564
-0.26250000, -0.08750000, 0.35000000, 0.00010216
-0.21875000, -0.13125000, 0.35000000, 0.00030371
-0.17500000, -0.17500000, 0.35000000, 0.00053133
-0.13125000, -0.21875000, 0.35000000, 0.00080574
-0.08750000, -0.26250000, 0.35000000, 0.00112694
-0.04375000, -0.30625000, 0.35000000, 0.00163246
0.00000000, -0.35000000, 0.35000000, 0.00322545
0.04375000, -0.35000000, 0.30625000, 0.00563734
0.08750000, -0.35000000, 0.26250000, 0.00436729
0.13125000, -0.35000000, 0.21875000, 0.00154435
0.17500000, -0.35000000, 0.17500000, -0.00203168
0.21875000, -0.35000000, 0.13125000, -0.00571843
0.26250000, -0.35000000, 0.08750000, -0.00882460
0.30625000, -0.35000000, 0.04375000, -0.01036937
0.35000000, -0.35000000, 0.00000000, -0.00741989
0.35000000, -0.30625000, -0.04375000, -0.00451993
0.35000000, -0.26250000, -0.08750000, -0.00334839
0.35000000, -0.21875000, -0.13125000, -0.00252519
0.35000000, -0.17500000, -0.17500000, -0.00183340
0.35000000, -0.13125000, -0.21875000, -0.00126754
0.35000000, -0.08750000, -0.26250000, -0.00079098
0.35000000, -0.04375000, -0.30625000, -0.00043532
0.40000000, 0.00000000, -0.40000000, -0.00011214
0.35000000, 0.05000000, -0.40000000, -0.00024233
0.30000000, 0.10000000, -0.40000000, -0.00048231
0.25000000, 0.15000000, -0.40000000, -0.00080469
0.20000000, 0.20000000, -0.40000000, -0.00118232
0.15000000, 0.25000000, -0.40000000, -0.00163953
0.10000000, 0.30000000, -0.40000000, -0.00217551
0.05000000, 0.35000000, -0.40000000, -0.00294846
0.00000000, 0.40000000, -0.40000000, -0.00498145
-0.05000000, 0.40000000, -0.35000000, -0.00769802
-0.10000000, 0.40000000, -0.30000000, -0.00674526
-0.15000000, 0.40000000, -0.25000000, -0.00449957
-0.20000000, 0.40000000, -0.20000000, -0.00177257
-0.25000000, 0.40000000, -0.15000000, 0.00088786
-0.30000000, 0.40000000, -0.10000000, 0.00297543
-0.35000000, 0.40000000, -0.05000000, 0.00386923
-0.40000000, 0.40000000, 0.00000000, 0.00199863
-0.40000000, 0.35000000, 0.05000000, 0.00101045
-0.40000000, 0.30000000, 0.10000000, 0.00072275
-0.40000000, 0.25000000, 0.15000000, 0.00053909
-0.40000000, 0.20000000, 0.20000000, 0.00037280
-0.40000000, 0.15000000, 0.25000000, 0.00022691
-0.40000000, 0.10000000, 0.30000000, 0.00009155
-0.40000000, 0.05000000, 0.35000000, -0.00001143
-0.40000000, 0.00000000, 0.40000000, -0.00005351
-0.35000000, -0.05000000, 0.40000000, -0.00001143
-0.30000000, -0.10000000, 0.40000000, 0.00009155
-0.25000000, -0.15000000, 0.40000000, 0.00022691
-0.20000000, -0.20000000, 0.40000000, 0.00037280
-0.15000000, -0.25000000, 0.40000000, 0.00053909
-0.10000000, -0.30000000, 0.40000000, 0.00072275
-0.05000000, -0.35000000, 0.40000000, 0.00101045
0.00000000, -0.40000000, 0.40000000, 0.00199863
0.05000000, -0.40000000, 0.35000000, 0.00386923
0.10000000, -0.40000000, 0.30000000, 0.00297543
0.15000000, -0.40000000, 0.25000000, 0.00088786
0.20000000, -0.40000000, 0.20000000, -0.00177257
0.25000000, -0.40000000, 0.15000000, -0.00449957
0.30000000, -0.40000000, 0.10000000, -0.00674526
0.35000000, -0.40000000, 0.05000000, -0.00769802
0.40000000, -0.40000000, 0.00000000, -0.00498145
0.40000000, -0.35000000, -0.05000000, -0.00294846
0.40000000, -0.30000000, -0.10000000, -0.00217551
0.40000000, -0.25000000, -0.15000000, -0.00163953
0.40000000, -0.20000000, -0.20000000, -0.00118232
0.40000000, -0.15000000, -0.25000000, -0.00080469
0.40000000, -0.10000000, -0.30000000, -0.00048231
0.40000000, -0.05000000, -0.35000000, -0.00024233
0.45000000, 0.00000000, -0.45000000, -0.00004497
0.39375000, 0.05625000, -0.45000000, -0.00012462
0.33750000, 0.11250000, -0.45000000, -0.00027946
0.28125000, 0.16875000, -0.45000000, -0.00048669
0.22500000, 0.22500000, -0.45000000, -0.00072643
0.16875000, 0.28125000, -0.45000000, -0.00100835
0.11250000, 0.33750000, -0.45000000, -0.00133317
0.05625000, 0.39375000, -0.45000000, -0.00180665
0.00000000, 0.45000000, -0.45000000, -0.00314502
-0.05625000, 0.45000000, -0.39375000, -0.00547973
-0.11250000, 0.45000000, -0.33750000, -0.00495031
-0.16875000, 0.45000000, -0.28125000, -0.00339275
-0.22500000, 0.45000000, -0.22500000, -0.00144997
-0.28125000, 0.45000000, -0.16875000, 0.00045483
-0.33750000, 0.45000000, -0.11250000, 0.00193418
-0.39375000, 0.45000000, -0.05625000, 0.00253189
-0.45000000, 0.45000000, 0.00000000, 0.00115508
-0.45000000, 0.39375000, 0.05625000, 0.00058961
-0.45000000, 0.33750000, 0.11250000, 0.00044265
-0.45000000, 0.28125000, 0.16875000, 0.00034733
-0.45000000, 0.22500000, 0.22500000, 0.00025343
-0.45000000, 0.16875000, 0.28125000, 0.00016277
-0.45000000, 0.11250000, 0.33750000, 0.00007435
-0.45000000, 0.05625000, 0.39375000, 0.00000357
-0.45000000, 0.00000000, 0.45000000, -0.00002606
-0.39375000, -0.05625000, 0.45000000, 0.00000357
-0.33750000, -0.11250000, 0.45000000, 0.00007435
-0.28125000, -0.16875000, 0.45000000, 0.00016277
-0.22500000, -0.22500000, 0.45000000, 0.00025343
-0.16875000, -0.28125000, 0.45000000, 0.00034733
-0.11250000, -0.33750000, 0.45000000, 0.00044265
-0.05625000, -0.39375000, 0.45000000, 0.00058961
0.00000000, -0.45000000, 0.45000000, 0.00115508
0.05625000, -0.45000000, 0.39375000, 0.00253189
0.11250000, -0.45000000, 0.33750000, 0.00193418
0.16875000, -0.45000000, 0.28125000, 0.00045483
0.22500000, -0.45000000, 0.22500000, -0.00144997
0.28125000, -0.45000000, 0.16875000, -0.00339275
0.33750000, -0.45000000, 0.11250000, -0.00495031
0.39375000, -0.45000000, 0.05625000, -0.00547973
0.45000000, -0.45000000, 0.00000000, -0.00314502
0.45000000, -0.39375000, -0.05625000, -0.00180665
0.45000000, -0.33750000, -0.11250000, -0.00133317
0.45000000, -0.28125000, -0.16875000, -0.00100835
0.45000000, -0.22500000, -0.22500000, -0.00072643
0.45000000, -0.16875000, -0.28125000, -0.00048669
0.45000000, -0.11250000, -0.33750000, -0.00027946
0.45000000, -0.05625000, -0.39375000, -0.00012462
0.50000000, 0.00000000, -0.50000000, -0.00002059
0.43750000, 0.06250000, -0.50000000, -0.00006680
0.37500000, 0.12500000, -0.50000000, -0.00015841
0.31250000, 0.18750000, -0.50000000, -0.00028128
0.25000000, 0.25000000, -0.50000000, -0.00042266
0.18750000, 0.31250000, -0.50000000, -0.00058866
0.12500000, 0.37500000, -0.50000000, -0.00077626
0.06250000, 0.43750000, -0.50000000, -0.00104625
0.00000000, 0.50000000, -0.50000000, -0.00187235
-0.06250000, 0.50000000, -0.43750000, -0.00374712
-0.12500000, 0.50000000, -0.37500000, -0.00349718
-0.18750000, 0.50000000, -0.31250000, -0.00246285
-0.25000000, 0.50000000, -0.25000000, -0.00111504
-0.31250000, 0.50000000, -0.18750000, 0.00020793
-0.37500000, 0.50000000, -0.12500000, 0.00121119
-0.43750000, 0.50000000, -0.06250000, 0.00158932
-0.50000000, 0.50000000, 0.00000000, 0.00063400
-0.50000000, 0.43750000, 0.06250000, 0.00032863
-0.50000000, 0.37500000, 0.12500000, 0.00026143
-0.50000000, 0.31250000, 0.18750000, 0.00021546
-0.50000000, 0.25000000, 0.25000000, 0.00016464
-0.50000000, 0.18750000, 0.31250000, 0.00011216
-0.50000000, 0.12500000, 0.37500000, 0.00005789
-0.50000000, 0.06250000, 0.43750000, 0.00001284
-0.50000000, 0.00000000, 0.50000000, -0.00000755
-0.43750000, -0.06250000, 0.50000000, 0.00001284
-0.37500000, -0.12500000, 0.50000000, 0.00005789
-0.31250000, -0.18750000, 0.50000000, 0.00011216
-0.25000000, -0.25000000, 0.50000000, 0.00016464
-0.18750000, -0.31250000, 0.50000000, 0.00021546
-0.12500000, -0.37500000, 0.50000000, 0.00026143
-0.06250000, -0.43750000, 0.50000000, 0.00032863
0.00000000, -0.50000000, 0.50000000, 0.00063400
0.06250000, -0.50000000, 0.43750000, 0.00158932
0.12500000, -0.50000000, 0.37500000, 0.00121119
0.18750000, -0.50000000, 0.31250000, 0.00020793
0.25000000, -0.50000000, 0.25000000, -0.00111504
0.31250000, -0.50000000, 0.18750000, -0.00246285
0.37500000, -0.50000000, 0.12500000, -0.00349718
0.43750000, -0.50000000, 0.06250000, -0.00374712
0.50000000, -0.50000000, 0.00000000, -0.00187235
0.50000000, -0.43750000, -0.06250000, -0.00104625
0.50000000, -0.37500000, -0.12500000, -0.00077626
0.50000000, -0.31250000, -0.18750000, -0.00058866
0.50000000, -0.25000000, -0.25000000, -0.00042266
0.50000000, -0.18750000, -0.31250000, -0.00028128
0.50000000, -0.12500000, -0.37500000, -0.00015841
0.50000000, -0.06250000, -0.43750000, -0.00006680
0.55000000, 0.00000000, -0.55000000, -0.00001135
0.48125000, 0.06875000, -0.55000000, -0.00003767
0.41250000, 0.13750000, -0.55000000, -0.00008692
0.34375000, 0.20625000, -0.55000000, -0.00015414
0.27500000, 0.27500000, -0.55000000, -0.00023075
0.20625000, 0.34375000, -0.55000000, -0.00032375
0.13750000, 0.41250000, -0.55000000, -0.00042566
0.06875000, 0.48125000, -0.55000000, -0.00056732
0.00000000, 0.55000000, -0.55000000, -0.00103755
-0.06875000, 0.55000000, -0.48125000, -0.00243898
-0.13750000, 0.55000000, -0.41250000, -0.00235930
-0.20625000, 0.55000000, -0.34375000, -0.00170671
-0.27500000, 0.55000000, -0.27500000, -0.00080871
-0.34375000, 0.55000000, -0.20625000, 0.00007273
-0.41250000, 0.55000000, -0.13750000, 0.00072180
-0.48125000, 0.55000000, -0.06875000, 0.00094612
-0.55000000, 0.55000000, 0.00000000, 0.00032619
-0.55000000, 0.48125000, 0.06875000, 0.00017355
-0.55000000, 0.41250000, 0.13750000, 0.00014721
-0.55000000, 0.34375000, 0.20625000, 0.00012695
-0.55000000, 0.27500000, 0.27500000, 0.00010059
-0.55000000, 0.20625000, 0.34375000, 0.00007261
-0.55000000, 0.13750000, 0.41250000, 0.00004145
-0.55000000, 0.06875000, 0.48125000, 0.00001499
-0.55000000, 0.00000000, 0.55000000, 0.00000109
-0.48125000, -0.06875000, 0.55000000, 0.00001499
-0.41250000, -0.13750000, 0.55000000, 0.00004145
-0.34375000, -0.20625000, 0.55000000, 0.00007261
-0.27500000, -0.27500000, 0.55000000, 0.00010059
-0.20625000, -0.34375000, 0.55000000, 0.00012695
-0.13750000, -0.41250000, 0.55000000, 0.00014721
-0.06875000, -0.48125000, 0.55000000, 0.00017355
0.00000000, -0.55000000, 0.55000000, 0.00032619
0.06875000, -0.55000000, 0.48125000, 0.00094612
0.13750000, -0.55000000, 0.41250000, 0.00072180
0.20625000, -0.55000000, 0.34375000, 0.00007273
0.27500000, -0.55000000, 0.27500000, -0.00080871
0.34375000, -0.55000000, 0.20625000, -0.00170671
0.41250000, -0.55000000, 0.13750000, -0.00235930
0.48125000, -0.55000000, 0.06875000, -0.00243898
0.55000000, -0.55000000, 0.00000000, -0.00103755
0.55000000, -0.48125000, -0.06875000, -0.00056732
0.55000000, -0.41250000, -0.13750000, -0.00042566
0.55000000, -0.34375000, -0.20625000, -0.00032375
0.55000000, -0.27500000, -0.27500000, -0.00023075
0.55000000, -0.20625000, -0.34375000, -0.00015414
0.55000000, -0.13750000, -0.41250000, -0.00008692
0.55000000, -0.06875000, -0.48125000, -0.00003767
0.60000000, 0.00000000, -0.60000000, -0.00000191
0.52500000, 0.07500000, -0.60000000, -0.00001586
0.45000000, 0.15000000, -0.60000000, -0.00004171
0.37500000, 0.22500000, -0.60000000, -0.00007759
0.30000000, 0.30000000, -0.60000000, -0.00011714
0.22500000, 0.37500000, -0.60000000, -0.00016368
0.15000000, 0.45000000, -0.60000000, -0.00021155
0.07500000, 0.52500000, -0.60000000, -0.00027709
0.00000000, 0.60000000, -0.60000000, -0.00051636
-0.07500000, 0.60000000, -0.52500000, -0.00148311
-0.15000000, 0.60000000, -0.45000000, -0.00149490
-0.22500000, 0.60000000, -0.37500000, -0.00110989
-0.30000000, 0.60000000, -0.30000000, -0.00055410
-0.37500000, 0.60000000, -0.22500000, -0.00000521
-0.45000000, 0.60000000, -0.15000000, 0.00039248
-0.52500000, 0.60000000, -0.07500000, 0.00051645
-0.60000000, 0.60000000, 0.00000000, 0.00014534
-0.60000000, 0.52500000, 0.07500000, 0.00008248
-0.60000000, 0.45000000, 0.15000000, 0.00007564
-0.60000000, 0.37500000, 0.22500000, 0.00006897
-0.60000000, 0.30000000, 0.30000000, 0.00005696
-0.60000000, 0.22500000, 0.37500000, 0.00004217
-0.60000000, 0.15000000, 0.45000000, 0.00002458
-0.60000000, 0.07500000, 0.52500000, 0.00000897
-0.60000000, 0.00000000, 0.60000000, 0.00000011
-0.52500000, -0.07500000, 0.60000000, 0.00000897
-0.45000000, -0.15000000, 0.60000000, 0.00002458
-0.37500000, -0.22500000, 0.60000000, 0.00004217
-0.30000000, -0.30000000, 0.60000000, 0.00005696
-0.22500000, -0.37500000, 0.60000000, 0.00006897
-0.15000000, -0.45000000, 0.60000000, 0.00007564
-0.07500000, -0.52500000, 0.60000000, 0.00008248
0.00000000, -0.60000000, 0.60000000, 0.00014534
0.07500000, -0.60000000, 0.52500000, 0.00051645
0.15000000, -0.60000000, 0.45000000, 0.00039248
0.22500000, -0.60000000, 0.37500000, -0.00000521
0.30000000, -0.60000000, 0.30000000, -0.00055410
0.37500000, -0.60000000, 0.22500000, -0.00110989
0.45000000, -0.60000000, 0.15000000, -0.00149490
0.52500000, -0.60000000, 0.07500000, -0.00148311
0.60000000, -0.60000000, 0.00000000, -0.00051636
0.60000000, -0.52500000, -0.07500000, -0.00027709
0.60000000, -0.45000000, -0.15000000, -0.00021155
0.60000000, -0.37500000, -0.22500000, -0.00016368
0.60000000, -0.30000000, -0.30000000, -0.00011714
0.60000000, -0.22500000, -0.37500000, -0.00007759
0.60000000, -0.15000000, -0.45000000, -0.00004171
0.60000000, -0.07500000, -0.52500000, -0.00001586
0.65000000, 0.00000000, -0.65000000, 0.00000460
0.56875000, 0.08125000, -0.65000000, -0.00000117
0.48750000, 0.16250000, -0.65000000, -0.00001527
0.40625000, 0.24375000, -0.65000000, -0.00003458
0.32500000, 0.32500000, -0.65000000, -0.00005496
0.24375000, 0.40625000, -0.65000000, -0.00007419
0.16250000, 0.48750000, -0.65000000, -0.00009164
0.08125000, 0.56875000, -0.65000000, -0.00011691
0.00000000, 0.65000000, -0.65000000, -0.00022420
-0.08125000, 0.65000000, -0.56875000, -0.00083275
-0.16250000, 0.65000000, -0.48750000, -0.00087975
-0.24375000, 0.65000000, -0.40625000, -0.00067124
-0.32500000, 0.65000000, -0.32500000, -0.00035627
-0.40625000, 0.65000000, -0.24375000, -0.00004041
-0.48750000, 0.65000000, -0.16250000, 0.00018787
-0.56875000, 0.65000000, -0.08125000, 0.00025220
-0.65000000, 0.65000000, 0.00000000, 0.00005096
-0.65000000, 0.56875000, 0.08125000, 0.00003339
-0.65000000, 0.48750000, 0.16250000, 0.00003415
-0.65000000, 0.40625000, 0.24375000, 0.00003378
-0.65000000, 0.32500000, 0.32500000, 0.00002963
-0.65000000, 0.24375000, 0.40625000, 0.00002135
-0.65000000, 0.16250000, 0.48750000, 0.00001135
-0.65000000, 0.08125000, 0.56875000, 0.00000180
-0.65000000, 0.00000000, 0.65000000, -0.00000286
-0.56875000, -0.08125000, 0.65000000, 0.00000180
-0.48750000, -0.16250000, 0.65000000, 0.00001135
-0.40625000, -0.24375000, 0.65000000, 0.00002135
-0.32500000, -0.32500000, 0.65000000, 0.00002963
-0.24375000, -0.40625000, 0.65000000, 0.00003378
-0.16250000, -0.48750000, 0.65000000, 0.00003415
-0.08125000, -0.56875000, 0.65000000, 0.00003339
0.00000000, -0.65000000, 0.65000000, 0.00005096
0.08125000, -0.65000000, 0.56875000, 0.00025220
0.16250000, -0.65000000, 0.48750000, 0.00018787
0.24375000, -0.65000000, 0.40625000, -0.00004041
0.32500000, -0.65000000, 0.32500000, -0.00035627
0.40625000, -0.65000000, 0.24375000, -0.00067124
0.48750000, -0.65000000, 0.16250000, -0.00087975
0.56875000, -0.65000000, 0.08125000, -0.00083275
0.65000000, -0.65000000, 0.00000000, -0.00022420
0.65000000, -0.56875000, -0.08125000, -0.00011691
0.65000000, -0.48750000, -0.16250000, -0.00009164
0.65000000, -0.40625000, -0.24375000, -0.00007419
0.65000000, -0.32500000, -0.32500000, -0.00005496
0.65000000, -0.24375000, -0.40625000, -0.00003458
0.65000000, -0.16250000, -0.48750000, -0.00001527
0.65000000, -0.08125000, -0.56875000, -0.00000117
0.70000000, 0.00000000, -0.70000000, 0.00000274
0.61250000, 0.08750000, -0.70000000, 0.00000137
0.52500000, 0.17500000, -0.70000000, -0.00000525
0.43750000, 0.26250000, -0.70000000, -0.00001414
0.35000000, 0.35000000, -0.70000000, -0.00002371
0.26250000, 0.43750000, -0.70000000, -0.00003107
0.17500000, 0.52500000, -0.70000000, -0.00003709
0.08750000, 0.61250000, -0.70000000, -0.00004576
0.00000000, 0.70000000, -0.70000000, -0.00009173
-0.08750000, 0.70000000, -0.61250000, -0.00043751
-0.17500000, 0.70000000, -0.52500000, -0.00048395
-0.26250000, 0.70000000, -0.43750000, -0.00038150
-0.35000000, 0.70000000, -0.35000000, -0.00021090
-0.43750000, 0.70000000, -0.26250000, -0.00003765
-0.52500000, 0.70000000, -0.17500000, 0.00008368
-0.61250000, 0.70000000, -0.08750000, 0.00011586
-0.70000000, 0.70000000, 0.00000000, 0.00001845
-0.70000000, 0.61250000, 0.08750000, 0.00001310
-0.70000000, 0.52500000, 0.17500000, 0.00001467
-0.70000000, 0.43750000, 0.26250000, 0.00001540
-0.70000000, 0.35000000, 0.35000000, 0.00001413
-0.70000000, 0.26250000, 0.43750000, 0.00001007
-0.70000000, 0.17500000, 0.52500000, 0.00000513
-0.70000000, 0.08750000, 0.61250000, 0.00000023
-0.70000000, 0.00000000, 0.70000000, -0.00000157
-0.61250000, -0.08750000, 0.70000000, 0.00000023
-0.52500000, -0.17500000, 0.70000000, 0.00000513
-0.43750000, -0.26250000, 0.70000000, 0.00001007
-0.35000000, -0.35000000, 0.70000000, 0.00001413
-0.26250000, -0.43750000, 0.70000000, 0.00001540
-0.17500000, -0.52500000, 0.70000000, 0.00001467
-0.08750000, -0.61250000, 0.70000000, 0.00001310
0.00000000, -0.70000000, 0.70000000, 0.00001845
0.08750000, -0.70000000, 0.61250000, 0.00011586
0.17500000, -0.70000000, 0.52500000, 0.00008368
0.26250000, -0.70000000, 0.43750000, -0.00003765
0.35000000, -0.70000000, 0.35000000, -0.00021090
0.43750000, -0.70000000, 0.26250000, -0.00038150
0.52500000, -0.70000000, 0.17500000, -0.00048395
0.61250000, -0.70000000, 0.08750000, -0.00043751
0.70000000, -0.70000000, 0.00000000, -0.00009173
0.70000000, -0.61250000, -0.08750000, -0.00004576
0.70000000, -0.52500000, -0.17500000, -0.00003709
0.70000000, -0.43750000, -0.26250000, -0.00003107
0.70000000, -0.35000000, -0.35000000, -0.00002371
0.70000000, -0.26250000, -0.43750000, -0.00001414
0.70000000, -0.17500000, -0.52500000, -0.00000525
0.70000000, -0.08750000, -0.61250000, 0.00000137
0.75000000, 0.00000000, -0.75000000, -0.00000267
0.65625000, 0.09375000, -0.75000000, -0.00000301
0.56250000, 0.18750000, -0.75000000, -0.00000429
0.46875000, 0.28125000, -0.75000000, -0.00000633
0.37500000, 0.37500000, -0.75000000, -0.00000918
0.28125000, 0.46875000, -0.75000000, -0.00001352
0.18750000, 0.56250000, -0.75000000, -0.00001792
0.09375000, 0.65625000, -0.75000000, -0.00002187
0.00000000, 0.75000000, -0.75000000, -0.00004368
-0.09375000, 0.75000000, -0.65625000, -0.00021923
-0.18750000, 0.75000000, -0.56250000, -0.00025048
-0.28125000, 0.75000000, -0.46875000, -0.00020511
-0.37500000, 0.75000000, -0.37500000, -0.00011199
-0.46875000, 0.75000000, -0.28125000, -0.00001817
-0.56250000, 0.75000000, -0.18750000, 0.00004084
-0.65625000, 0.75000000, -0.09375000, 0.00005638
-0.75000000, 0.75000000, 0.00000000, 0.00001420
-0.75000000, 0.65625000, 0.09375000, 0.00000735
-0.75000000, 0.56250000, 0.18750000, 0.00000745
-0.75000000, 0.46875000, 0.28125000, 0.00000709
-0.75000000, 0.37500000, 0.37500000, 0.00000611
-0.75000000, 0.28125000, 0.46875000, 0.00000521
-0.75000000, 0.18750000, 0.56250000, 0.00000375
-0.75000000, 0.09375000, 0.65625000, 0.00000250
-0.75000000, 0.00000000, 0.75000000, 0.00000187
-0.65625000, -0.09375000, 0.75000000, 0.00000250
-0.56250000, -0.18750000, 0.75000000, 0.00000375
-0.46875000, -0.28125000, 0.75000000, 0.00000521
-0.37500000, -0.37500000, 0.75000000, 0.00000611
-0.28125000, -0.46875000, 0.75000000, 0.00000709
-0.18750000, -0.56250000, 0.75000000, 0.00000745
-0.09375000, -0.65625000, 0.75000000, 0.00000735
0.00000000, -0.75000000, 0.75000000, 0.00001420
0.09375000, -0.75000000, 0.65625000, 0.00005638
0.18750000, -0.75000000, 0.56250000, 0.00004084
0.28125000, -0.75000000, 0.46875000, -0.00001817
0.37500000, -0.75000000, 0.37500000, -0.00011199
0.46875000, -0.75000000, 0.28125000, -0.00020511
0.56250000, -0.75000000, 0.18750000, -0.00025048
0.65625000, -0.75000000, 0.09375000, -0.00021923
0.75000000, -0.75000000, 0.00000000, -0.00004368
0.75000000, -0.65625000, -0.09375000, -0.00002187
0.75000000, -0.56250000, -0.18750000, -0.00001792
0.75000000, -0.46875000, -0.28125000, -0.00001352
0.75000000, -0.37500000, -0.37500000, -0.00000918
0.75000000, -0.28125000, -0.46875000, -0.00000633
0.75000000, -0.18750000, -0.56250000, -0.00000429
0.75000000, -0.09375000, -0.65625000, -0.00000301
0.80000000, 0.00000000, -0.80000000, -0.00000263
0.70000000, 0.10000000, -0.80000000, -0.00000333
0.60000000, 0.20000000, -0.80000000, -0.00000290
0.50000000, 0.30000000, -0.80000000, -0.00000275
0.40000000, 0.40000000, -0.80000000, -0.00000291
0.30000000, 0.50000000, -0.80000000, -0.00000537
0.20000000, 0.60000000, -0.80000000, -0.00000801
0.10000000, 0.70000000, -0.80000000, -0.00000975
0.00000000, 0.80000000, -0.80000000, -0.00001803
-0.10000000, 0.80000000, -0.70000000, -0.00009592
-0.20000000, 0.80000000, -0.60000000, -0.00011353
-0.30000000, 0.80000000, -0.50000000, -0.00009646
-0.40000000, 0.80000000, -0.40000000, -0.00005250
-0.50000000, 0.80000000, -0.30000000, -0.00000802
-0.60000000, 0.80000000, -0.20000000, 0.00001762
-0.70000000, 0.80000000, -0.10000000, 0.00002387
-0.80000000, 0.80000000, 0.00000000, 0.00000742
-0.80000000, 0.70000000, 0.10000000, 0.00000354
-0.80000000, 0.60000000, 0.20000000, 0.00000334
-0.80000000, 0.50000000, 0.30000000, 0.00000286
-0.80000000, 0.40000000, 0.40000000, 0.00000221
-0.80000000, 0.30000000, 0.50000000, 0.00000244
-0.80000000, 0.20000000, 0.60000000, 0.00000228
-0.80000000, 0.10000000, 0.70000000, 0.00000232
-0.80000000, 0.00000000, 0.80000000, 0.00000177
-0.70000000, -0.10000000, 0.80000000, 0.00000232
-0.60000000, -0.20000000, 0.80000000, 0.00000228
-0.50000000, -0.30000000, 0.80000000, 0.00000244
-0.40000000, -0.40000000, 0.80000000, 0.00000221
-0.30000000, -0.50000000, 0.80000000, 0.00000286
-0.20000000, -0.60000000, 0.80000000, 0.00000334
-0.10000000, -0.70000000, 0.80000000, 0.00000354
0.00000000, -0.80000000, 0.80000000, 0.00000742
0.10000000, -0.80000000, 0.70000000, 0.00002387
0.20000000, -0.80000000, 0.60000000, 0.00001762
0.30000000, -0.80000000, 0.50000000, -0.00000802
0.40000000, -0.80000000, 0.40000000, -0.00005250
0.50000000, -0.80000000, 0.30000000, -0.00009646
0.60000000, -0.80000000, 0.20000000, -0.00011353
0.70000000, -0.80000000, 0.10000000, -0.00009592
0.80000000, -0.80000000, 0.00000000, -0.00001803
0.80000000, -0.70000000, -0.10000000, -0.00000975
0.80000000, -0.60000000, -0.20000000, -0.00000801
0.80000000, -0.50000000, -0.30000000, -0.00000537
0.80000000, -0.40000000, -0.40000000, -0.00000291
0.80000000, -0.30000000, -0.50000000, -0.00000275
0.80000000, -0.20000000, -0.60000000, -0.00000290
0.80000000, -0.10000000, -0.70000000, -0.00000333
0.85000000, 0.00000000, -0.85000000, 0.00000207
0.74375000, 0.10625000, -0.85000000, 0.00000158
0.63750000, 0.21250000, -0.85000000, 0.00000087
0.53125000, 0.31875000, -0.85000000, -0.00000004
0.42500000, 0.42500000, -0.85000000, -0.00000064
0.31875000, 0.53125000, -0.85000000, -0.00000019
0.21250000, 0.63750000, -0.85000000, 0.00000088
0.10625000, 0.74375000, -0.85000000, 0.00000152
0.00000000, 0.85000000, -0.85000000, 0.00000285
-0.10625000, 0.85000000, -0.74375000, -0.00002498
-0.21250000, 0.85000000, -0.63750000, -0.00003472
-0.31875000, 0.85000000, -0.53125000, -0.00003076
-0.42500000, 0.85000000, -0.42500000, -0.00002159
-0.53125000, 0.85000000, -0.31875000, -0.00000999
-0.63750000, 0.85000000, -0.21250000, -0.00000080
-0.74375000, 0.85000000, -0.10625000, 0.00000051
-0.85000000, 0.85000000, 0.00000000, -0.00000447
-0.85000000, 0.74375000, 0.10625000, -0.00000104
-0.85000000, 0.63750000, 0.21250000, -0.00000034
-0.85000000, 0.53125000, 0.31875000, 0.00000022
-0.85000000, 0.42500000, 0.42500000, 0.00000052
-0.85000000, 0.31875000, 0.53125000, 0.00000013
-0.85000000, 0.21250000, 0.63750000, -0.00000033
-0.85000000, 0.10625000, 0.74375000, -0.00000092
-0.85000000, 0.00000000, 0.85000000, -0.00000135
-0.74375000, -0.10625000, 0.85000000, -0.00000092
-0.63750000, -0.21250000, 0.85000000, -0.00000033
-0.53125000, -0.31875000, 0.85000000, 0.00000013
-0.42500000, -0.42500000, 0.85000000, 0.00000052
-0.31875000, -0.53125000, 0.85000000, 0.00000022
-0.21250000, -0.63750000, 0.85000000, -0.00000034
-0.10625000, -0.74375000, 0.85000000, -0.00000104
0.00000000, -0.85000000, 0.85000000, -0.00000447
0.10625000, -0.85000000, 0.74375000, 0.00000051
0.21250000, -0.85000000, 0.63750000, -0.00000080
0.31875000, -0.85000000, 0.53125000, -0.00000999
0.42500000, -0.85000000, 0.42500000, -0.00002159
0.53125000, -0.85000000, 0.31875000, -0.00003076
0.63750000, -0.85000000, 0.21250000, -0.00003472
0.74375000, -0.85000000, 0.10625000, -0.00002498
0.85000000, -0.85000000, 0.00000000, 0.00000285
0.85000000, -0.74375000, -0.10625000, 0.00000152
0.85000000, -0.63750000, -0.21250000, 0.00000088
0.85000000, -0.53125000, -0.31875000, -0.00000019
0.85000000, -0.42500000, -0.42500000, -0.00000064
0.85000000, -0.31875000, -0.53125000, -0.00000004
0.85000000, -0.21250000, -0.63750000, 0.00000087
0.85000000, -0.10625000, -0.74375000, 0.00000158
0.90000000, 0.00000000, -0.90000000, 0.00000167
0.78750000, 0.11250000, -0.90000000, 0.00000192
0.67500000, 0.22500000, -0.90000000, 0.00000121
0.56250000, 0.33750000, -0.90000000, 0.00000045
0.45000000, 0.45000000, -0.90000000, -0.00000018
0.33750000, 0.56250000, -0.90000000, 0.00000063
0.22500000, 0.67500000, -0.90000000, 0.00000179
0.11250000, 0.78750000, -0.90000000, 0.00000242
0.00000000, 0.90000000, -0.90000000, 0.00000345
-0.11250000, 0.90000000, -0.78750000, -0.00000266
-0.22500000, 0.90000000, -0.67500000, -0.00000599
-0.33750000, 0.90000000, -0.56250000, -0.00000589
-0.45000000, 0.90000000, -0.45000000, -0.00000642
-0.56250000, 0.90000000, -0.33750000, -0.00000538
-0.67500000, 0.90000000, -0.22500000, -0.00000318
-0.78750000, 0.90000000, -0.11250000, -0.00000293
-0.90000000, 0.90000000, 0.00000000, -0.00000317
-0.90000000, 0.78750000, 0.11250000, -0.00000111
-0.90000000, 0.67500000, 0.22500000, -0.00000068
-0.90000000, 0.56250000, 0.33750000, -0.00000023
-0.90000000, 0.45000000, 0.45000000, 0.00000010
-0.90000000, 0.33750000, 0.56250000, -0.00000032
-0.90000000, 0.22500000, 0.67500000, -0.00000069
-0.90000000, 0.11250000, 0.78750000, -0.00000117
-0.90000000, 0.00000000, 0.90000000, -0.00000110
-0.78750000, -0.11250000, 0.90000000, -0.00000117
-0.67500000, -0.22500000, 0.90000000, -0.00000069
-0.56250000, -0.33750000, 0.90000000, -0.00000032
-0.45000000, -0.45000000, 0.90000000, 0.00000010
-0.33750000, -0.56250000, 0.90000000, -0.00000023
-0.22500000, -0.67500000, 0.90000000, -0.00000068
-0.11250000, -0.78750000, 0.90000000, -0.00000111
0.00000000, -0.90000000, 0.90000000, -0.00000317
0.11250000, -0.90000000, 0.78750000, -0.00000293
0.22500000, -0.90000000, 0.67500000, -0.00000318
0.33750000, -0.90000000, 0.56250000, -0.00000538
0.45000000, -0.90000000, 0.45000000, -0.00000642
0.56250000, -0.90000000, 0.33750000, -0.00000589
0.67500000, -0.90000000, 0.22500000, -0.00000599
0.78750000, -0.90000000, 0.11250000, -0.00000266
0.90000000, -0.90000000, 0.00000000, 0.00000345
0.90000000, -0.78750000, -0.11250000, 0.00000242
0.90000000, -0.67500000, -0.22500000, 0.00000179
0.90000000, -0.56250000, -0.33750000, 0.00000063
0.90000000, -0.45000000, -0.45000000, -0.00000018
0.90000000, -0.33750000, -0.56250000, 0.00000045
0.90000000, -0.22500000, -0.67500000, 0.00000121
0.90000000, -0.11250000, -0.78750000, 0.00000192
0.95000000, 0.00000000, -0.95000000, -0.00000203
0.83125000, 0.11875000, -0.95000000, -0.00000187
0.71250000, 0.23750000, -0.95000000, -0.00000123
0.59375000, 0.35625000, -0.95000000, -0.00000055
0.47500000, 0.47500000, -0.95000000, -0.00000009
0.35625000, 0.59375000, -0.95000000, -0.00000094
0.23750000, 0.71250000, -0.95000000, -0.00000220
0.11875000, 0.83125000, -0.95000000, -0.00000297
0.00000000, 0.95000000, -0.95000000, -0.00000565
-0.11875000, 0.95000000, -0.83125000, -0.00000616
-0.23750000, 0.95000000, -0.71250000, -0.00000518
-0.35625000, 0.95000000, -0.59375000, -0.00000467
-0.47500000, 0.95000000, -0.47500000, -0.00000004
-0.59375000, 0.95000000, -0.35625000, 0.00000364
-0.71250000, 0.95000000, -0.23750000, 0.00000391
-0.83125000, 0.95000000, -0.11875000, 0.00000449
-0.95000000, 0.95000000, 0.00000000, 0.00000467
-0.95000000, 0.83125000, 0.11875000, 0.00000142
-0.95000000, 0.71250000, 0.23750000, 0.00000091
-0.95000000, 0.59375000, 0.35625000, 0.00000043
-0.95000000, 0.47500000, 0.47500000, 0.00000010
-0.95000000, 0.35625000, 0.59375000, 0.00000045
-0.95000000, 0.23750000, 0.71250000, 0.00000074
-0.95000000, 0.11875000, 0.83125000, 0.00000117
-0.95000000, 0.00000000, 0.95000000, 0.00000135
-0.83125000, -0.11875000, 0.95000000, 0.00000117
-0.71250000, -0.23750000, 0.95000000, 0.00000074
-0.59375000, -0.35625000, 0.95000000, 0.00000045
-0.47500000, -0.47500000, 0.95000000, 0.00000010
-0.35625000, -0.59375000, 0.95000000, 0.00000043
-0.23750000, -0.71250000, 0.95000000, 0.00000091
-0.11875000, -0.83125000, 0.95000000, 0.00000142
0.00000000, -0.95000000, 0.95000000, 0.00000467
0.11875000, -0.95000000, 0.83125000, 0.00000449
0.23750000, -0.95000000, 0.71250000, 0.00000391
0.35625000, -0.95000000, 0.59375000, 0.00000364
0.47500000, -0.95000000, 0.47500000, -0.00000004
0.59375000, -0.95000000, 0.35625000, -0.00000467
0.71250000, -0.95000000, 0.23750000, -0.00000518
0.83125000, -0.95000000, 0.11875000, -0.00000616
0.95000000, -0.95000000, 0.00000000, -0.00000565
0.95000000, -0.83125000, -0.11875000, -0.00000297
0.95000000, -0.71250000, -0.23750000, -0.00000220
0.95000000, -0.59375000, -0.35625000, -0.00000094
0.95000000, -0.47500000, -0.47500000, -0.00000009
0.95000000, -0.35625000, -0.59375000, -0.00000055
0.95000000, -0.23750000, -0.71250000, -0.00000123
0.95000000, -0.11875000, -0.83125000, -0.00000187
1.00000000, 0.00000000, -1.00000000, 0.00000000
0.87500000, 0.12500000, -1.00000000, 0.00000000
0.75000000, 0.25000000, -1.00000000, 0.00000000
0.62500000, 0.37500000, -1.00000000, 0.00000000
0.50000000, 0.50000000, -1.00000000, 0.00000000
0.37500000, 0.62500000, -1.00000000, 0.00000000
0.25000000, 0.75000000, -1.00000000, 0.00000000
0.12500000, 0.87500000, -1.00000000, 0.00000000
0.00000000, 1.00000000, -1.00000000, 0.00000000
-0.12500000, 1.00000000, -0.87500000, 0.00000000
-0.25000000, 1.00000000, -0.75000000, 0.00000000
-0.37500000, 1.00000000, -0.62500000, 0.00000000
-0.50000000, 1.00000000, -0.50000000, 0.00000000
-0.62500000, 1.00000000, -0.37500000, 0.00000000
-0.75000000, 1.00000000, -0.25000000, 0.00000000
-0.87500000, 1.00000000, -0.12500000, 0.00000000
-1.00000000, 1.00000000, 0.00000000, 0.00000000
-1.00000000, 0.87500000, 0.12500000, 0.00000000
-1.00000000, 0.75000000, 0.25000000, 0.00000000
-1.00000000, 0.62500000, 0.37500000, 0.00000000
-1.00000000, 0.50000000, 0.50000000, 0.00000000
-1.00000000, 0.37500000, 0.62500000, 0.00000000
-1.00000000, 0.25000000, 0.75000000, 0.00000000
-1.00000000, 0.12500000, 0.87500000, 0.00000000
-1.00000000, 0.00000000, 1.00000000, 0.00000000
-0.87500000, -0.12500000, 1.00000000, 0.00000000
-0.75000000, -0.25000000, 1.00000000, 0.00000000
-0.62500000, -0.37500000, 1.00000000, 0.00000000
-0.50000000, -0.50000000, 1.00000000, 0.00000000
-0.37500000, -0.62500000, 1.00000000, 0.00000000
-0.25000000, -0.75000000, 1.00000000, 0.00000000
-0.12500000, -0.87500000, 1.00000000, 0.00000000
0.00000000, -1.00000000, 1.00000000, 0.00000000
0.12500000, -1.00000000, 0.87500000, 0.00000000
0.25000000, -1.00000000, 0.75000000, 0.00000000
0.37500000, -1.00000000, 0.62500000, 0.00000000
0.50000000, -1.00000000, 0.50000000, 0.00000000
0.62500000, -1.00000000, 0.37500000, 0.00000000
0.75000000, -1.00000000, 0.25000000, 0.00000000
0.87500000, -1.00000000, 0.12500000, 0.00000000
1.00000000, -1.00000000, 0.00000000, 0.00000000
1.00000000, -0.87500000, -0.12500000, 0.00000000
1.00000000, -0.75000000, -0.25000000, 0.00000000
1.00000000, -0.62500000, -0.37500000, 0.00000000
1.00000000, -0.50000000, -0.50000000, 0.00000000
1.00000000, -0.37500000, -0.62500000, 0.00000000
1.00000000, -0.25000000, -0.75000000, 0.00000000
1.00000000, -0.12500000, -0.87500000, 0.00000000
