0.01000000, 0.00000000, -0.01000000, -0.00000000
0.00000000, 0.01000000, -0.01000000, -0.01274374
-0.00125000, 0.01000000, -0.00875000, -0.02295861
-0.00250000, 0.01000000, -0.00750000, -0.02498160
-0.00375000, 0.01000000, -0.00625000, -0.02976906
-0.00500000, 0.01000000, -0.00500000, -0.02823963
-0.00625000, 0.01000000, -0.00375000, -0.02983001
-0.00750000, 0.01000000, -0.00250000, -0.02540083
-0.00875000, 0.01000000, -0.00125000, -0.02351849
-0.01000000, 0.01000000, 0.00000000, -0.01390446
-0.01000000, 0.00875000, 0.00125000, -0.00563324
-0.01000000, 0.00750000, 0.00250000, -0.00191431
-0.01000000, 0.00625000, 0.00375000, 0.00045909
-0.01000000, 0.00500000, 0.00500000, 0.00124564
-0.01000000, 0.00375000, 0.00625000, 0.00131882
-0.01000000, 0.00250000, 0.00750000, 0.00136896
-0.01000000, 0.00125000, 0.00875000, 0.00068780
-0.01000000, 0.00000000, 0.01000000, -0.00000000
0.00000000, -0.01000000, 0.01000000, 0.01390446
0.00125000, -0.01000000, 0.00875000, 0.02351849
0.00250000, -0.01000000, 0.00750000, 0.02540083
0.00375000, -0.01000000, 0.00625000, 0.02983001
0.00500000, -0.01000000, 0.00500000, 0.02823963
0.00625000, -0.01000000, 0.00375000, 0.02976906
0.00750000, -0.01000000, 0.00250000, 0.02498160
0.00875000, -0.01000000, 0.00125000, 0.02295861
0.01000000, -0.01000000, 0.00000000, 0.01274374
0.01000000, -0.00875000, -0.00125000, 0.00398541
0.01000000, -0.00750000, -0.00250000, 0.00025051
0.01000000, -0.00625000, -0.00375000, -0.00226819
0.01000000, -0.00500000, -0.00500000, -0.00267017
0.01000000, -0.00375000, -0.00625000, -0.00235869
0.01000000, -0.00250000, -0.00750000, -0.00214701
0.01000000, -0.00125000, -0.00875000, -0.00109100
0.02000000, 0.00000000, -0.02000000, 0.00000000
0.01750000, 0.00250000, -0.02000000, 0.00010414
0.01500000, 0.00500000, -0.02000000, 0.00001539
0.01250000, 0.00750000, -0.02000000, -0.00003106
0.01000000, 0.01000000, -0.02000000, -0.00071537
0.00750000, 0.01250000, -0.02000000, -0.00188251
0.00500000, 0.01500000, -0.02000000, -0.00352348
0.00250000, 0.01750000, -0.02000000, -0.00661856
0.00000000, 0.02000000, -0.02000000, -0.01291341
-0.00250000, 0.02000000, -0.01750000, -0.01974251
-0.00500000, 0.02000000, -0.01500000, -0.02264176
-0.00750000, 0.02000000, -0.01250000, -0.02457679
-0.01000000, 0.02000000, -0.01000000, -0.02451223
-0.01250000, 0.02000000, -0.00750000, -0.02480083
-0.01500000, 0.02000000, -0.00500000, -0.02294892
-0.01750000, 0.02000000, -0.00250000, -0.02040520
-0.02000000, 0.02000000, 0.00000000, -0.01424450
-0.02000000, 0.01750000, 0.00250000, -0.00850839
-0.02000000, 0.01500000, 0.00500000, -0.00550126
-0.02000000, 0.01250000, 0.00750000, -0.00358368
-0.02000000, 0.01000000, 0.01000000, -0.00219500
-0.02000000, 0.00750000, 0.01250000, -0.00118731
-0.02000000, 0.00500000, 0.01500000, -0.00066849
-0.02000000, 0.00250000, 0.01750000, -0.00023365
-0.02000000, 0.00000000, 0.02000000, 0.00000000
-0.01750000, -0.00250000, 0.02000000, 0.00023365
-0.01500000, -0.00500000, 0.02000000, 0.00066849
-0.01250000, -0.00750000, 0.02000000, 0.00118731
-0.01000000, -0.01000000, 0.02000000, 0.00219500
-0.00750000, -0.01250000, 0.02000000, 0.00358368
-0.00500000, -0.01500000, 0.02000000, 0.00550126
-0.00250000, -0.01750000, 0.02000000, 0.00850839
0.00000000, -0.02000000, 0.02000000, 0.01424450
0.00250000, -0.02000000, 0.01750000, 0.02040520
0.00500000, -0.02000000, 0.01500000, 0.02294892
0.00750000, -0.02000000, 0.01250000, 0.02480083
0.01000000, -0.02000000, 0.01000000, 0.02451223
0.01250000, -0.02000000, 0.00750000, 0.02457679
0.01500000, -0.02000000, 0.00500000, 0.02264176
0.01750000, -0.02000000, 0.00250000, 0.01974251
0.02000000, -0.02000000, 0.00000000, 0.01291341
0.02000000, -0.01750000, -0.00250000, 0.00661856
0.02000000, -0.01500000, -0.00500000, 0.00352348
0.02000000, -0.01250000, -0.00750000, 0.00188251
0.02000000, -0.01000000, -0.01000000, 0.00071537
0.02000000, -0.00750000, -0.01250000, 0.00003106
0.02000000, -0.00500000, -0.01500000, -0.00001539
0.02000000, -0.00250000, -0.01750000, -0.00010414
0.03000000, 0.00000000, -0.03000000, -0.00000000
0.02625000, 0.00375000, -0.03000000, -0.00014926
0.02250000, 0.00750000, -0.03000000, -0.00049745
0.01875000, 0.01125000, -0.03000000, -0.00093203
0.01500000, 0.01500000, -0.03000000, -0.00169991
0.01125000, 0.01875000, -0.03000000, -0.00287999
0.00750000, 0.02250000, -0.03000000, -0.00459881
0.00375000, 0.02625000, -0.03000000, -0.00747693
0.00000000, 0.03000000, -0.03000000, -0.01313946
-0.00375000, 0.03000000, -0.02625000, -0.01951975
-0.00750000, 0.03000000, -0.02250000, -0.02240485
-0.01125000, 0.03000000, -0.01875000, -0.02413891
-0.01500000, 0.03000000, -0.01500000, -0.02474266
-0.01875000, 0.03000000, -0.01125000, -0.02435781
-0.02250000, 0.03000000, -0.00750000, -0.02281972
-0.02625000, 0.03000000, -0.00375000, -0.02038955
-0.03000000, 0.03000000, 0.00000000, -0.01482702
-0.03000000, 0.02625000, 0.00375000, -0.00971156
-0.03000000, 0.02250000, 0.00750000, -0.00684819
-0.03000000, 0.01875000, 0.01125000, -0.00482640
-0.03000000, 0.01500000, 0.01500000, -0.00328942
-0.03000000, 0.01125000, 0.01875000, -0.00211915
-0.03000000, 0.00750000, 0.02250000, -0.00124779
-0.03000000, 0.00375000, 0.02625000, -0.00051108
-0.03000000, 0.00000000, 0.03000000, -0.00000000
-0.02625000, -0.00375000, 0.03000000, 0.00051108
-0.02250000, -0.00750000, 0.03000000, 0.00124779
-0.01875000, -0.01125000, 0.03000000, 0.00211915
-0.01500000, -0.01500000, 0.03000000, 0.00328942
-0.01125000, -0.01875000, 0.03000000, 0.00482640
-0.00750000, -0.02250000, 0.03000000, 0.00684819
-0.00375000, -0.02625000, 0.03000000, 0.00971156
0.00000000, -0.03000000, 0.03000000, 0.01482702
0.00375000, -0.03000000, 0.02625000, 0.02038955
0.00750000, -0.03000000, 0.02250000, 0.02281972
0.01125000, -0.03000000, 0.01875000, 0.02435781
0.01500000, -0.03000000, 0.01500000, 0.02474266
0.01875000, -0.03000000, 0.01125000, 0.02413891
0.02250000, -0.03000000, 0.00750000, 0.02240485
0.02625000, -0.03000000, 0.00375000, 0.01951975
0.03000000, -0.03000000, 0.00000000, 0.01313946
0.03000000, -0.02625000, -0.00375000, 0.00747693
0.03000000, -0.02250000, -0.00750000, 0.00459881
0.03000000, -0.01875000, -0.01125000, 0.00287999
0.03000000, -0.01500000, -0.01500000, 0.00169991
0.03000000, -0.01125000, -0.01875000, 0.00093203
0.03000000, -0.00750000, -0.02250000, 0.00049745
0.03000000, -0.00375000, -0.02625000, 0.00014926
0.04000000, 0.00000000, -0.04000000, 0.00000000
0.03500000, 0.00500000, -0.04000000, -0.00025146
0.03000000, 0.01000000, -0.04000000, -0.00066723
0.02500000, 0.01500000, -0.04000000, -0.00120711
0.02000000, 0.02000000, -0.04000000, -0.00199822
0.01500000, 0.02500000, -0.04000000, -0.00315694
0.01000000, 0.03000000, -0.04000000, -0.00490196
0.00500000, 0.03500000, -0.04000000, -0.00764606
0.00000000, 0.04000000, -0.04000000, -0.01316736
-0.00500000, 0.04000000, -0.03500000, -0.01965804
-0.01000000, 0.04000000, -0.03000000, -0.02274355
-0.01500000, 0.04000000, -0.02500000, -0.02443358
-0.02000000, 0.04000000, -0.02000000, -0.02504894
-0.02500000, 0.04000000, -0.01500000, -0.02471811
-0.03000000, 0.04000000, -0.01000000, -0.02336657
-0.03500000, 0.04000000, -0.00500000, -0.02078957
-0.04000000, 0.04000000, 0.00000000, -0.01530145
-0.04000000, 0.03500000, 0.00500000, -0.01033907
-0.04000000, 0.03000000, 0.01000000, -0.00749604
-0.04000000, 0.02500000, 0.01500000, -0.00541804
-0.04000000, 0.02000000, 0.02000000, -0.00380921
-0.04000000, 0.01500000, 0.02500000, -0.00252942
-0.04000000, 0.01000000, 0.03000000, -0.00150145
-0.04000000, 0.00500000, 0.03500000, -0.00064702
-0.04000000, 0.00000000, 0.04000000, 0.00000000
-0.03500000, -0.00500000, 0.04000000, 0.00064702
-0.03000000, -0.01000000, 0.04000000, 0.00150145
-0.02500000, -0.01500000, 0.04000000, 0.00252942
-0.02000000, -0.02000000, 0.04000000, 0.00380921
-0.01500000, -0.02500000, 0.04000000, 0.00541804
-0.01000000, -0.03000000, 0.04000000, 0.00749604
-0.00500000, -0.03500000, 0.04000000, 0.01033907
0.00000000, -0.04000000, 0.04000000, 0.01530145
0.00500000, -0.04000000, 0.03500000, 0.02078957
0.01000000, -0.04000000, 0.03000000, 0.02336657
0.01500000, -0.04000000, 0.02500000, 0.02471811
0.02000000, -0.04000000, 0.02000000, 0.02504894
0.02500000, -0.04000000, 0.01500000, 0.02443358
0.03000000, -0.04000000, 0.01000000, 0.02274355
0.03500000, -0.04000000, 0.00500000, 0.01965804
0.04000000, -0.04000000, 0.00000000, 0.01316736
0.04000000, -0.03500000, -0.00500000, 0.00764606
0.04000000, -0.03000000, -0.01000000, 0.00490196
0.04000000, -0.02500000, -0.01500000, 0.00315694
0.04000000, -0.02000000, -0.02000000, 0.00199822
0.04000000, -0.01500000, -0.02500000, 0.00120711
0.04000000, -0.01000000, -0.03000000, 0.00066723
0.04000000, -0.00500000, -0.03500000, 0.00025146
0.05000000, 0.00000000, -0.05000000, 0.00000000
0.04375000, 0.00625000, -0.05000000, -0.00023071
0.03750000, 0.01250000, -0.05000000, -0.00067016
0.03125000, 0.01875000, -0.05000000, -0.00119662
0.02500000, 0.02500000, -0.05000000, -0.00198861
0.01875000, 0.03125000, -0.05000000, -0.00313760
0.01250000, 0.03750000, -0.05000000, -0.00483407
0.00625000, 0.04375000, -0.05000000, -0.00752643
0.00000000, 0.05000000, -0.05000000, -0.01301051
-0.00625000, 0.05000000, -0.04375000, -0.01972587
-0.01250000, 0.05000000, -0.03750000, -0.02297626
-0.01875000, 0.05000000, -0.03125000, -0.02476706
-0.02500000, 0.05000000, -0.02500000, -0.02548416
-0.03125000, 0.05000000, -0.01875000, -0.02515046
-0.03750000, 0.05000000, -0.01250000, -0.02379710
-0.04375000, 0.05000000, -0.00625000, -0.02117288
-0.05000000, 0.05000000, 0.00000000, -0.01565592
-0.05000000, 0.04375000, 0.00625000, -0.01072765
-0.05000000, 0.03750000, 0.01250000, -0.00786119
-0.05000000, 0.03125000, 0.01875000, -0.00574320
-0.05000000, 0.02500000, 0.02500000, -0.00406459
-0.05000000, 0.01875000, 0.03125000, -0.00271140
-0.05000000, 0.01250000, 0.03750000, -0.00161687
-0.05000000, 0.00625000, 0.04375000, -0.00068756
-0.05000000, 0.00000000, 0.05000000, -0.00000000
-0.04375000, -0.00625000, 0.05000000, 0.00068756
-0.03750000, -0.01250000, 0.05000000, 0.00161687
-0.03125000, -0.01875000, 0.05000000, 0.00271140
-0.02500000, -0.02500000, 0.05000000, 0.00406459
-0.01875000, -0.03125000, 0.05000000, 0.00574320
-0.01250000, -0.03750000, 0.05000000, 0.00786119
-0.00625000, -0.04375000, 0.05000000, 0.01072765
0.00000000, -0.05000000, 0.05000000, 0.01565592
0.00625000, -0.05000000, 0.04375000, 0.02117288
0.01250000, -0.05000000, 0.03750000, 0.02379710
0.01875000, -0.05000000, 0.03125000, 0.02515046
0.02500000, -0.05000000, 0.02500000, 0.02548416
0.03125000, -0.05000000, 0.01875000, 0.02476706
0.03750000, -0.05000000, 0.01250000, 0.02297626
0.04375000, -0.05000000, 0.00625000, 0.01972587
0.05000000, -0.05000000, 0.00000000, 0.01301051
0.05000000, -0.04375000, -0.00625000, 0.00752643
0.05000000, -0.03750000, -0.01250000, 0.00483407
0.05000000, -0.03125000, -0.01875000, 0.00313760
0.05000000, -0.02500000, -0.02500000, 0.00198861
0.05000000, -0.01875000, -0.03125000, 0.00119662
0.05000000, -0.01250000, -0.03750000, 0.00067016
0.05000000, -0.00625000, -0.04375000, 0.00023071
0.06000000, 0.00000000, -0.06000000, 0.00000000
0.05250000, 0.00750000, -0.06000000, -0.00023255
0.04500000, 0.01500000, -0.06000000, -0.00060204
0.03750000, 0.02250000, -0.06000000, -0.00109426
0.03000000, 0.03000000, -0.06000000, -0.00179836
0.02250000, 0.03750000, -0.06000000, -0.00287154
0.01500000, 0.04500000, -0.06000000, -0.00450397
0.00750000, 0.05250000, -0.06000000, -0.00715017
0.00000000, 0.06000000, -0.06000000, -0.01272968
-0.00750000, 0.06000000, -0.05250000, -0.01976929
-0.01500000, 0.06000000, -0.04500000, -0.02317056
-0.02250000, 0.06000000, -0.03750000, -0.02505440
-0.03000000, 0.06000000, -0.03000000, -0.02577819
-0.03750000, 0.06000000, -0.02250000, -0.02552909
-0.04500000, 0.06000000, -0.01500000, -0.02419129
-0.05250000, 0.06000000, -0.00750000, -0.02154285
-0.06000000, 0.06000000, 0.00000000, -0.01593611
-0.06000000, 0.05250000, 0.00750000, -0.01093788
-0.06000000, 0.04500000, 0.01500000, -0.00803983
-0.06000000, 0.03750000, 0.02250000, -0.00588747
-0.06000000, 0.03000000, 0.03000000, -0.00418206
-0.06000000, 0.02250000, 0.03750000, -0.00280617
-0.06000000, 0.01500000, 0.04500000, -0.00167109
-0.06000000, 0.00750000, 0.05250000, -0.00072997
-0.06000000, 0.00000000, 0.06000000, -0.00000000
-0.05250000, -0.00750000, 0.06000000, 0.00072997
-0.04500000, -0.01500000, 0.06000000, 0.00167109
-0.03750000, -0.02250000, 0.06000000, 0.00280617
-0.03000000, -0.03000000, 0.06000000, 0.00418206
-0.02250000, -0.03750000, 0.06000000, 0.00588747
-0.01500000, -0.04500000, 0.06000000, 0.00803983
-0.00750000, -0.05250000, 0.06000000, 0.01093788
0.00000000, -0.06000000, 0.06000000, 0.01593611
0.00750000, -0.06000000, 0.05250000, 0.02154285
0.01500000, -0.06000000, 0.04500000, 0.02419129
0.02250000, -0.06000000, 0.03750000, 0.02552909
0.03000000, -0.06000000, 0.03000000, 0.02577819
0.03750000, -0.06000000, 0.02250000, 0.02505440
0.04500000, -0.06000000, 0.01500000, 0.02317056
0.05250000, -0.06000000, 0.00750000, 0.01976929
0.06000000, -0.06000000, 0.00000000, 0.01272968
0.06000000, -0.05250000, -0.00750000, 0.00715017
0.06000000, -0.04500000, -0.01500000, 0.00450397
0.06000000, -0.03750000, -0.02250000, 0.00287154
0.06000000, -0.03000000, -0.03000000, 0.00179836
0.06000000, -0.02250000, -0.03750000, 0.00109426
0.06000000, -0.01500000, -0.04500000, 0.00060204
0.06000000, -0.00750000, -0.05250000, 0.00023255
0.07000000, 0.00000000, -0.07000000, 0.00000000
0.06125000, 0.00875000, -0.07000000, -0.00019579
0.05250000, 0.01750000, -0.07000000, -0.00045537
0.04375000, 0.02625000, -0.07000000, -0.00087201
0.03500000, 0.03500000, -0.07000000, -0.00150985
0.02625000, 0.04375000, -0.07000000, -0.00251052
0.01750000, 0.05250000, -0.07000000, -0.00407814
0.00875000, 0.06125000, -0.07000000, -0.00666729
0.00000000, 0.07000000, -0.07000000, -0.01228824
-0.00875000, 0.07000000, -0.06125000, -0.01962740
-0.01750000, 0.07000000, -0.05250000, -0.02323511
-0.02625000, 0.07000000, -0.04375000, -0.02524659
-0.03500000, 0.07000000, -0.03500000, -0.02606237
-0.04375000, 0.07000000, -0.02625000, -0.02583692
-0.05250000, 0.07000000, -0.01750000, -0.02449500
-0.06125000, 0.07000000, -0.00875000, -0.02176412
-0.07000000, 0.07000000, 0.00000000, -0.01610369
-0.07000000, 0.06125000, 0.00875000, -0.01106371
-0.07000000, 0.05250000, 0.01750000, -0.00813170
-0.07000000, 0.04375000, 0.02625000, -0.00594775
-0.07000000, 0.03500000, 0.03500000, -0.00421496
-0.07000000, 0.02625000, 0.04375000, -0.00281336
-0.07000000, 0.01750000, 0.05250000, -0.00166599
-0.07000000, 0.00875000, 0.06125000, -0.00074273
-0.07000000, 0.00000000, 0.07000000, -0.00000000
-0.06125000, -0.00875000, 0.07000000, 0.00074273
-0.05250000, -0.01750000, 0.07000000, 0.00166599
-0.04375000, -0.02625000, 0.07000000, 0.00281336
-0.03500000, -0.03500000, 0.07000000, 0.00421496
-0.02625000, -0.04375000, 0.07000000, 0.00594775
-0.01750000, -0.05250000, 0.07000000, 0.00813170
-0.00875000, -0.06125000, 0.07000000, 0.01106371
0.00000000, -0.07000000, 0.07000000, 0.01610369
0.00875000, -0.07000000, 0.06125000, 0.02176412
0.01750000, -0.07000000, 0.05250000, 0.02449500
0.02625000, -0.07000000, 0.04375000, 0.02583692
0.03500000, -0.07000000, 0.03500000, 0.02606237
0.04375000, -0.07000000, 0.02625000, 0.02524659
0.05250000, -0.07000000, 0.01750000, 0.02323511
0.06125000, -0.07000000, 0.00875000, 0.01962740
0.07000000, -0.07000000, 0.00000000, 0.01228824
0.07000000, -0.06125000, -0.00875000, 0.00666729
0.07000000, -0.05250000, -0.01750000, 0.00407814
0.07000000, -0.04375000, -0.02625000, 0.00251052
0.07000000, -0.03500000, -0.03500000, 0.00150985
0.07000000, -0.02625000, -0.04375000, 0.00087201
0.07000000, -0.01750000, -0.05250000, 0.00045537
0.07000000, -0.00875000, -0.06125000, 0.00019579
0.08000000, 0.00000000, -0.08000000, -0.00000000
0.07000000, 0.01000000, -0.08000000, -0.00011213
0.06000000, 0.02000000, -0.08000000, -0.00026537
0.05000000, 0.03000000, -0.08000000, -0.00058456
0.04000000, 0.04000000, -0.08000000, -0.00114794
0.03000000, 0.05000000, -0.08000000, -0.00207376
0.02000000, 0.06000000, -0.08000000, -0.00356546
0.01000000, 0.07000000, -0.08000000, -0.00610033
0.00000000, 0.08000000, -0.08000000, -0.01175844
-0.01000000, 0.08000000, -0.07000000, -0.01939404
-0.02000000, 0.08000000, -0.06000000, -0.02320240
-0.03000000, 0.08000000, -0.05000000, -0.02534469
-0.04000000, 0.08000000, -0.04000000, -0.02627465
-0.05000000, 0.08000000, -0.03000000, -0.02605865
-0.06000000, 0.08000000, -0.02000000, -0.02471536
-0.07000000, 0.08000000, -0.01000000, -0.02192561
-0.08000000, 0.08000000, 0.00000000, -0.01621720
-0.08000000, 0.07000000, 0.01000000, -0.01112866
-0.08000000, 0.06000000, 0.02000000, -0.00815743
-0.08000000, 0.05000000, 0.03000000, -0.00594615
-0.08000000, 0.04000000, 0.04000000, -0.00418715
-0.08000000, 0.03000000, 0.05000000, -0.00276867
-0.08000000, 0.02000000, 0.06000000, -0.00162454
-0.08000000, 0.01000000, 0.07000000, -0.00072194
-0.08000000, 0.00000000, 0.08000000, -0.00000000
-0.07000000, -0.01000000, 0.08000000, 0.00072194
-0.06000000, -0.02000000, 0.08000000, 0.00162454
-0.05000000, -0.03000000, 0.08000000, 0.00276867
-0.04000000, -0.04000000, 0.08000000, 0.00418715
-0.03000000, -0.05000000, 0.08000000, 0.00594615
-0.02000000, -0.06000000, 0.08000000, 0.00815743
-0.01000000, -0.07000000, 0.08000000, 0.01112866
0.00000000, -0.08000000, 0.08000000, 0.01621720
0.01000000, -0.08000000, 0.07000000, 0.02192561
0.02000000, -0.08000000, 0.06000000, 0.02471536
0.03000000, -0.08000000, 0.05000000, 0.02605865
0.04000000, -0.08000000, 0.04000000, 0.02627465
0.05000000, -0.08000000, 0.03000000, 0.02534469
0.06000000, -0.08000000, 0.02000000, 0.02320240
0.07000000, -0.08000000, 0.01000000, 0.01939404
0.08000000, -0.08000000, 0.00000000, 0.01175844
0.08000000, -0.07000000, -0.01000000, 0.00610033
0.08000000, -0.06000000, -0.02000000, 0.00356546
0.08000000, -0.05000000, -0.03000000, 0.00207376
0.08000000, -0.04000000, -0.04000000, 0.00114794
0.08000000, -0.03000000, -0.05000000, 0.00058456
0.08000000, -0.02000000, -0.06000000, 0.00026537
0.08000000, -0.01000000, -0.07000000, 0.00011213
0.09000000, 0.00000000, -0.09000000, 0.00000000
0.07875000, 0.01125000, -0.09000000, -0.00000840
0.06750000, 0.02250000, -0.09000000, -0.00006088
0.05625000, 0.03375000, -0.09000000, -0.00027546
0.04500000, 0.04500000, -0.09000000, -0.00073112
0.03375000, 0.05625000, -0.09000000, -0.00156146
0.02250000, 0.06750000, -0.09000000, -0.00296385
0.01125000, 0.07875000, -0.09000000, -0.00544636
0.00000000, 0.09000000, -0.09000000, -0.01118026
-0.01125000, 0.09000000, -0.07875000, -0.01913794
-0.02250000, 0.09000000, -0.06750000, -0.02311231
-0.03375000, 0.09000000, -0.05625000, -0.02536738
-0.04500000, 0.09000000, -0.04500000, -0.02637245
-0.05625000, 0.09000000, -0.03375000, -0.02620192
-0.06750000, 0.09000000, -0.02250000, -0.02487813
-0.07875000, 0.09000000, -0.01125000, -0.02208311
-0.09000000, 0.09000000, 0.00000000, -0.01630746
-0.09000000, 0.07875000, 0.01125000, -0.01113548
-0.09000000, 0.06750000, 0.02250000, -0.00812257
-0.09000000, 0.05625000, 0.03375000, -0.00588890
-0.09000000, 0.04500000, 0.04500000, -0.00411583
-0.09000000, 0.03375000, 0.05625000, -0.00269918
-0.09000000, 0.02250000, 0.06750000, -0.00156578
-0.09000000, 0.01125000, 0.07875000, -0.00068465
-0.09000000, 0.00000000, 0.09000000, 0.00000000
-0.07875000, -0.01125000, 0.09000000, 0.00068465
-0.06750000, -0.02250000, 0.09000000, 0.00156578
-0.05625000, -0.03375000, 0.09000000, 0.00269918
-0.04500000, -0.04500000, 0.09000000, 0.00411583
-0.03375000, -0.05625000, 0.09000000, 0.00588890
-0.02250000, -0.06750000, 0.09000000, 0.00812257
-0.01125000, -0.07875000, 0.09000000, 0.01113548
0.00000000, -0.09000000, 0.09000000, 0.01630746
0.01125000, -0.09000000, 0.07875000, 0.02208311
0.02250000, -0.09000000, 0.06750000, 0.02487813
0.03375000, -0.09000000, 0.05625000, 0.02620192
0.04500000, -0.09000000, 0.04500000, 0.02637245
0.05625000, -0.09000000, 0.03375000, 0.02536738
0.06750000, -0.09000000, 0.02250000, 0.02311231
0.07875000, -0.09000000, 0.01125000, 0.01913794
0.09000000, -0.09000000, 0.00000000, 0.01118026
0.09000000, -0.07875000, -0.01125000, 0.00544636
0.09000000, -0.06750000, -0.02250000, 0.00296385
0.09000000, -0.05625000, -0.03375000, 0.00156146
0.09000000, -0.04500000, -0.04500000, 0.00073112
0.09000000, -0.03375000, -0.05625000, 0.00027546
0.09000000, -0.02250000, -0.06750000, 0.00006088
0.09000000, -0.01125000, -0.07875000, 0.00000840
0.10000000, 0.00000000, -0.10000000, 0.00000000
0.08750000, 0.01250000, -0.10000000, 0.00009986
0.07500000, 0.02500000, -0.10000000, 0.00015148
0.06250000, 0.03750000, -0.10000000, 0.00004699
0.05000000, 0.05000000, -0.10000000, -0.00028120
0.03750000, 0.06250000, -0.10000000, -0.00099820
0.02500000, 0.07500000, -0.10000000, -0.00230293
0.01250000, 0.08750000, -0.10000000, -0.00472738
0.00000000, 0.10000000, -0.10000000, -0.01055088
-0.01250000, 0.10000000, -0.08750000, -0.01884234
-0.02500000, 0.10000000, -0.07500000, -0.02296476
-0.03750000, 0.10000000, -0.06250000, -0.02532280
-0.05000000, 0.10000000, -0.05000000, -0.02637919
-0.06250000, 0.10000000, -0.03750000, -0.02627846
-0.07500000, 0.10000000, -0.02500000, -0.02498738
-0.08750000, 0.10000000, -0.01250000, -0.02221429
-0.10000000, 0.10000000, 0.00000000, -0.01636779
-0.10000000, 0.08750000, 0.01250000, -0.01109613
-0.10000000, 0.07500000, 0.02500000, -0.00804332
-0.10000000, 0.06250000, 0.03750000, -0.00579076
-0.10000000, 0.05000000, 0.05000000, -0.00401471
-0.10000000, 0.03750000, 0.06250000, -0.00261149
-0.10000000, 0.02500000, 0.07500000, -0.00149513
-0.10000000, 0.01250000, 0.08750000, -0.00064095
-0.10000000, 0.00000000, 0.10000000, 0.00000000
-0.08750000, -0.01250000, 0.10000000, 0.00064095
-0.07500000, -0.02500000, 0.10000000, 0.00149513
-0.06250000, -0.03750000, 0.10000000, 0.00261149
-0.05000000, -0.05000000, 0.10000000, 0.00401471
-0.03750000, -0.06250000, 0.10000000, 0.00579076
-0.02500000, -0.07500000, 0.10000000, 0.00804332
-0.01250000, -0.08750000, 0.10000000, 0.01109613
0.00000000, -0.10000000, 0.10000000, 0.01636779
0.01250000, -0.10000000, 0.08750000, 0.02221429
0.02500000, -0.10000000, 0.07500000, 0.02498738
0.03750000, -0.10000000, 0.06250000, 0.02627846
0.05000000, -0.10000000, 0.05000000, 0.02637919
0.06250000, -0.10000000, 0.03750000, 0.02532280
0.07500000, -0.10000000, 0.02500000, 0.02296476
0.08750000, -0.10000000, 0.01250000, 0.01884234
0.10000000, -0.10000000, 0.00000000, 0.01055088
0.10000000, -0.08750000, -0.01250000, 0.00472738
0.10000000, -0.07500000, -0.02500000, 0.00230293
0.10000000, -0.06250000, -0.03750000, 0.00099820
0.10000000, -0.05000000, -0.05000000, 0.00028120
0.10000000, -0.03750000, -0.06250000, -0.00004699
0.10000000, -0.02500000, -0.07500000, -0.00015148
0.10000000, -0.01250000, -0.08750000, -0.00009986
0.15000000, 0.00000000, -0.15000000, -0.00000000
0.13125000, 0.01875000, -0.15000000, 0.00063780
0.11250000, 0.03750000, -0.15000000, 0.00125422
0.09375000, 0.05625000, -0.15000000, 0.00175094
0.07500000, 0.07500000, -0.15000000, 0.00201882
0.05625000, 0.09375000, -0.15000000, 0.00190075
0.03750000, 0.11250000, -0.15000000, 0.00114609
0.01875000, 0.13125000, -0.15000000, -0.00084534
0.00000000, 0.15000000, -0.15000000, -0.00677469
-0.01875000, 0.15000000, -0.13125000, -0.01646685
-0.03750000, 0.15000000, -0.11250000, -0.02133406
-0.05625000, 0.15000000, -0.09375000, -0.02421465
-0.07500000, 0.15000000, -0.07500000, -0.02567157
-0.09375000, 0.15000000, -0.05625000, -0.02583361
-0.11250000, 0.15000000, -0.03750000, -0.02473216
-0.13125000, 0.15000000, -0.01875000, -0.02207041
-0.15000000, 0.15000000, 0.00000000, -0.01616758
-0.15000000, 0.13125000, 0.01875000, -0.01054402
-0.15000000, 0.11250000, 0.03750000, -0.00735229
-0.15000000, 0.09375000, 0.05625000, -0.00504292
-0.15000000, 0.07500000, 0.07500000, -0.00328830
-0.15000000, 0.05625000, 0.09375000, -0.00196700
-0.15000000, 0.03750000, 0.11250000, -0.00100493
-0.15000000, 0.01875000, 0.13125000, -0.00036168
-0.15000000, 0.00000000, 0.15000000, -0.00000000
-0.13125000, -0.01875000, 0.15000000, 0.00036168
-0.11250000, -0.03750000, 0.15000000, 0.00100493
-0.09375000, -0.05625000, 0.15000000, 0.00196700
-0.07500000, -0.07500000, 0.15000000, 0.00328830
-0.05625000, -0.09375000, 0.15000000, 0.00504292
-0.03750000, -0.11250000, 0.15000000, 0.00735229
-0.01875000, -0.13125000, 0.15000000, 0.01054402
0.00000000, -0.15000000, 0.15000000, 0.01616758
0.01875000, -0.15000000, 0.13125000, 0.02207041
0.03750000, -0.15000000, 0.11250000, 0.02473216
0.05625000, -0.15000000, 0.09375000, 0.02583361
0.07500000, -0.15000000, 0.07500000, 0.02567157
0.09375000, -0.15000000, 0.05625000, 0.02421465
0.11250000, -0.15000000, 0.03750000, 0.02133406
0.13125000, -0.15000000, 0.01875000, 0.01646685
0.15000000, -0.15000000, 0.00000000, 0.00677469
0.15000000, -0.13125000, -0.01875000, 0.00084534
0.15000000, -0.11250000, -0.03750000, -0.00114609
0.15000000, -0.09375000, -0.05625000, -0.00190075
0.15000000, -0.07500000, -0.07500000, -0.00201882
0.15000000, -0.05625000, -0.09375000, -0.00175094
0.15000000, -0.03750000, -0.11250000, -0.00125422
0.15000000, -0.01875000, -0.13125000, -0.00063780
0.20000000, 0.00000000, -0.20000000, 0.00000000
0.17500000, 0.02500000, -0.20000000, 0.00099702
0.15000000, 0.05000000, -0.20000000, 0.00204562
0.12500000, 0.07500000, -0.20000000, 0.00303691
0.10000000, 0.10000000, -0.20000000, 0.00387619
0.07500000, 0.12500000, -0.20000000, 0.00435673
0.05000000, 0.15000000, -0.20000000, 0.00422243
0.02500000, 0.17500000, -0.20000000, 0.00282048
0.00000000, 0.20000000, -0.20000000, -0.00285337
-0.02500000, 0.20000000, -0.17500000, -0.01355267
-0.05000000, 0.20000000, -0.15000000, -0.01888305
-0.07500000, 0.20000000, -0.12500000, -0.02209849
-0.10000000, 0.20000000, -0.10000000, -0.02382215
-0.12500000, 0.20000000, -0.07500000, -0.02430692
-0.15000000, 0.20000000, -0.05000000, -0.02350886
-0.17500000, 0.20000000, -0.02500000, -0.02113977
-0.20000000, 0.20000000, 0.00000000, -0.01533824
-0.20000000, 0.17500000, 0.02500000, -0.00955724
-0.20000000, 0.15000000, 0.05000000, -0.00636527
-0.20000000, 0.12500000, 0.07500000, -0.00410213
-0.20000000, 0.10000000, 0.10000000, -0.00243902
-0.20000000, 0.07500000, 0.12500000, -0.00126046
-0.20000000, 0.05000000, 0.15000000, -0.00048074
-0.20000000, 0.02500000, 0.17500000, -0.00007182
-0.20000000, 0.00000000, 0.20000000, 0.00000000
-0.17500000, -0.02500000, 0.20000000, 0.00007182
-0.15000000, -0.05000000, 0.20000000, 0.00048074
-0.12500000, -0.07500000, 0.20000000, 0.00126046
-0.10000000, -0.10000000, 0.20000000, 0.00243902
-0.07500000, -0.12500000, 0.20000000, 0.00410213
-0.05000000, -0.15000000, 0.20000000, 0.00636527
-0.02500000, -0.17500000, 0.20000000, 0.00955724
0.00000000, -0.20000000, 0.20000000, 0.01533824
0.02500000, -0.20000000, 0.17500000, 0.02113977
0.05000000, -0.20000000, 0.15000000, 0.02350886
0.07500000, -0.20000000, 0.12500000, 0.02430692
0.10000000, -0.20000000, 0.10000000, 0.02382215
0.12500000, -0.20000000, 0.07500000, 0.02209849
0.15000000, -0.20000000, 0.05000000, 0.01888305
0.17500000, -0.20000000, 0.02500000, 0.01355267
0.20000000, -0.20000000, 0.00000000, 0.00285337
0.20000000, -0.17500000, -0.02500000, -0.00282048
0.20000000, -0.15000000, -0.05000000, -0.00422243
0.20000000, -0.12500000, -0.07500000, -0.00435673
0.20000000, -0.10000000, -0.10000000, -0.00387619
0.20000000, -0.07500000, -0.12500000, -0.00303691
0.20000000, -0.05000000, -0.15000000, -0.00204562
0.20000000, -0.02500000, -0.17500000, -0.00099702
0.25000000, 0.00000000, -0.25000000, -0.00000000
0.21875000, 0.03125000, -0.25000000, 0.00111976
0.18750000, 0.06250000, -0.25000000, 0.00238999
0.15625000, 0.09375000, -0.25000000, 0.00368390
0.12500000, 0.12500000, -0.25000000, 0.00488090
0.09375000, 0.15625000, -0.25000000, 0.00580064
0.06250000, 0.18750000, -0.25000000, 0.00618988
0.03125000, 0.21875000, -0.25000000, 0.00541140
0.00000000, 0.25000000, -0.25000000, 0.00049190
-0.03125000, 0.25000000, -0.21875000, -0.01049562
-0.06250000, 0.25000000, -0.18750000, -0.01597439
-0.09375000, 0.25000000, -0.15625000, -0.01933089
-0.12500000, 0.25000000, -0.12500000, -0.02125244
-0.15625000, 0.25000000, -0.09375000, -0.02194269
-0.18750000, 0.25000000, -0.06250000, -0.02140879
-0.21875000, 0.25000000, -0.03125000, -0.01931336
-0.25000000, 0.25000000, 0.00000000, -0.01376139
-0.25000000, 0.21875000, 0.03125000, -0.00831378
-0.25000000, 0.18750000, 0.06250000, -0.00530841
-0.25000000, 0.15625000, 0.09375000, -0.00318189
-0.25000000, 0.12500000, 0.12500000, -0.00164366
-0.25000000, 0.09375000, 0.15625000, -0.00060547
-0.25000000, 0.06250000, 0.18750000, -0.00000816
-0.25000000, 0.03125000, 0.21875000, 0.00018037
-0.25000000, 0.00000000, 0.25000000, -0.00000000
-0.21875000, -0.03125000, 0.25000000, -0.00018037
-0.18750000, -0.06250000, 0.25000000, 0.00000816
-0.15625000, -0.09375000, 0.25000000, 0.00060547
-0.12500000, -0.12500000, 0.25000000, 0.00164366
-0.09375000, -0.15625000, 0.25000000, 0.00318189
-0.06250000, -0.18750000, 0.25000000, 0.00530841
-0.03125000, -0.21875000, 0.25000000, 0.00831378
0.00000000, -0.25000000, 0.25000000, 0.01376139
0.03125000, -0.25000000, 0.21875000, 0.01931336
0.06250000, -0.25000000, 0.18750000, 0.02140879
0.09375000, -0.25000000, 0.15625000, 0.02194269
0.12500000, -0.25000000, 0.12500000, 0.02125244
0.15625000, -0.25000000, 0.09375000, 0.01933089
0.18750000, -0.25000000, 0.06250000, 0.01597439
0.21875000, -0.25000000, 0.03125000, 0.01049562
0.25000000, -0.25000000, 0.00000000, -0.00049190
0.25000000, -0.21875000, -0.03125000, -0.00541140
0.25000000, -0.18750000, -0.06250000, -0.00618988
0.25000000, -0.15625000, -0.09375000, -0.00580064
0.25000000, -0.12500000, -0.12500000, -0.00488090
0.25000000, -0.09375000, -0.15625000, -0.00368390
0.25000000, -0.06250000, -0.18750000, -0.00238999
0.25000000, -0.03125000, -0.21875000, -0.00111976
0.30000000, 0.00000000, -0.30000000, -0.00000000
0.26250000, 0.03750000, -0.30000000, 0.00103239
0.22500000, 0.07500000, -0.30000000, 0.00230389
0.18750000, 0.11250000, -0.30000000, 0.00367706
0.15000000, 0.15000000, -0.30000000, 0.00502797
0.11250000, 0.18750000, -0.30000000, 0.00616959
0.07500000, 0.22500000, -0.30000000, 0.00687926
0.03750000, 0.26250000, -0.30000000, 0.00657695
0.00000000, 0.30000000, -0.30000000, 0.00258520
-0.03750000, 0.30000000, -0.26250000, -0.00785541
-0.07500000, 0.30000000, -0.22500000, -0.01303101
-0.11250000, 0.30000000, -0.18750000, -0.01623057
-0.15000000, 0.30000000, -0.15000000, -0.01813357
-0.18750000, 0.30000000, -0.11250000, -0.01893573
-0.22500000, 0.30000000, -0.07500000, -0.01862633
-0.26250000, 0.30000000, -0.03750000, -0.01683800
-0.30000000, 0.30000000, 0.00000000, -0.01166692
-0.30000000, 0.26250000, 0.03750000, -0.00696241
-0.30000000, 0.22500000, 0.07500000, -0.00427965
-0.30000000, 0.18750000, 0.11250000, -0.00234175
-0.30000000, 0.15000000, 0.15000000, -0.00094689
-0.30000000, 0.11250000, 0.18750000, -0.00005688
-0.30000000, 0.07500000, 0.22500000, 0.00037562
-0.30000000, 0.03750000, 0.26250000, 0.00037819
-0.30000000, 0.00000000, 0.30000000, -0.00000000
-0.26250000, -0.03750000, 0.30000000, -0.00037819
-0.22500000, -0.07500000, 0.30000000, -0.00037562
-0.18750000, -0.11250000, 0.30000000, 0.00005688
-0.15000000, -0.15000000, 0.30000000, 0.00094689
-0.11250000, -0.18750000, 0.30000000, 0.00234175
-0.07500000, -0.22500000, 0.30000000, 0.00427965
-0.03750000, -0.26250000, 0.30000000, 0.00696241
0.00000000, -0.30000000, 0.30000000, 0.01166692
0.03750000, -0.30000000, 0.26250000, 0.01683800
0.07500000, -0.30000000, 0.22500000, 0.01862633
0.11250000, -0.30000000, 0.18750000, 0.01893573
0.15000000, -0.30000000, 0.15000000, 0.01813357
0.18750000, -0.30000000, 0.11250000, 0.01623057
0.22500000, -0.30000000, 0.07500000, 0.01303101
0.26250000, -0.30000000, 0.03750000, 0.00785541
0.30000000, -0.30000000, 0.00000000, -0.00258520
0.30000000, -0.26250000, -0.03750000, -0.00657695
0.30000000, -0.22500000, -0.07500000, -0.00687926
0.30000000, -0.18750000, -0.11250000, -0.00616959
0.30000000, -0.15000000, -0.15000000, -0.00502797
0.30000000, -0.11250000, -0.18750000, -0.00367706
0.30000000, -0.07500000, -0.22500000, -0.00230389
0.30000000, -0.03750000, -0.26250000, -0.00103239
0.35000000, 0.00000000, -0.35000000, 0.00000000
0.30625000, 0.04375000, -0.35000000, 0.00082813
0.26250000, 0.08750000, -0.35000000, 0.00194386
0.21875000, 0.13125000, -0.35000000, 0.00321724
0.17500000, 0.17500000, -0.35000000, 0.00453072
0.13125000, 0.21875000, -0.35000000, 0.00567799
0.08750000, 0.26250000, -0.35000000, 0.00645289
0.04375000, 0.30625000, -0.35000000, 0.00637078
0.00000000, 0.35000000, -0.35000000, 0.00324917
-0.04375000, 0.35000000, -0.30625000, -0.00587410
-0.08750000, 0.35000000, -0.26250000, -0.01033856
-0.13125000, 0.35000000, -0.21875000, -0.01310206
-0.17500000, 0.35000000, -0.17500000, -0.01477801
-0.21875000, 0.35000000, -0.13125000, -0.01558508
-0.26250000, 0.35000000, -0.08750000, -0.01544492
-0.30625000, 0.35000000, -0.04375000, -0.01398419
-0.35000000, 0.35000000, 0.00000000, -0.00939220
-0.35000000, 0.30625000, 0.04375000, -0.00567252
-0.35000000, 0.26250000, 0.08750000, -0.00334884
-0.35000000, 0.21875000, 0.13125000, -0.00159920
-0.35000000, 0.17500000, 0.17500000, -0.00035133
-0.35000000, 0.13125000, 0.21875000, 0.00039023
-0.35000000, 0.08750000, 0.26250000, 0.00066976
-0.35000000, 0.04375000, 0.30625000, 0.00051874
-0.35000000, 0.00000000, 0.35000000, 0.00000000
-0.30625000, -0.04375000, 0.35000000, -0.00051874
-0.26250000, -0.08750000, 0.35000000, -0.00066976
-0.21875000, -0.13125000, 0.35000000, -0.00039023
-0.17500000, -0.17500000, 0.35000000, 0.00035133
-0.13125000, -0.21875000, 0.35000000, 0.00159920
-0.08750000, -0.26250000, 0.35000000, 0.00334884
-0.04375000, -0.30625000, 0.35000000, 0.00567252
0.00000000, -0.35000000, 0.35000000, 0.00939220
0.04375000, -0.35000000, 0.30625000, 0.01398419
0.08750000, -0.35000000, 0.26250000, 0.01544492
0.13125000, -0.35000000, 0.21875000, 0.01558508
0.17500000, -0.35000000, 0.17500000, 0.01477801
0.21875000, -0.35000000, 0.13125000, 0.01310206
0.26250000, -0.35000000, 0.08750000, 0.01033856
0.30625000, -0.35000000, 0.04375000, 0.00587410
0.35000000, -0.35000000, 0.00000000, -0.00324917
0.35000000, -0.30625000, -0.04375000, -0.00637078
0.35000000, -0.26250000, -0.08750000, -0.00645289
0.35000000, -0.21875000, -0.13125000, -0.00567799
0.35000000, -0.17500000, -0.17500000, -0.00453072
0.35000000, -0.13125000, -0.21875000, -0.00321724
0.35000000, -0.08750000, -0.26250000, -0.00194386
0.35000000, -0.04375000, -0.30625000, -0.00082813
0.40000000, 0.00000000, -0.40000000, 0.00000000
0.35000000, 0.05000000, -0.40000000, 0.00061200
0.30000000, 0.10000000, -0.40000000, 0.00150651
0.25000000, 0.15000000, -0.40000000, 0.00258489
0.20000000, 0.20000000, -0.40000000, 0.00371354
0.15000000, 0.25000000, -0.40000000, 0.00469443
0.10000000, 0.30000000, -0.40000000, 0.00531511
0.05000000, 0.35000000, -0.40000000, 0.00519801
0.00000000, 0.40000000, -0.40000000, 0.00277628
-0.05000000, 0.40000000, -0.35000000, -0.00452618
-0.10000000, 0.40000000, -0.30000000, -0.00805061
-0.15000000, 0.40000000, -0.25000000, -0.01020720
-0.20000000, 0.40000000, -0.20000000, -0.01155044
-0.25000000, 0.40000000, -0.15000000, -0.01224544
-0.30000000, 0.40000000, -0.10000000, -0.01221366
-0.35000000, 0.40000000, -0.05000000, -0.01106264
-0.40000000, 0.40000000, 0.00000000, -0.00726788
-0.40000000, 0.35000000, 0.05000000, -0.00455173
-0.40000000, 0.30000000, 0.10000000, -0.00253845
-0.40000000, 0.25000000, 0.15000000, -0.00094703
-0.40000000, 0.20000000, 0.20000000, 0.00016263
-0.40000000, 0.15000000, 0.25000000, 0.00076031
-0.40000000, 0.10000000, 0.30000000, 0.00088639
-0.40000000, 0.05000000, 0.35000000, 0.00060532
-0.40000000, 0.00000000, 0.40000000, -0.00000000
-0.35000000, -0.05000000, 0.40000000, -0.00060532
-0.30000000, -0.10000000, 0.40000000, -0.00088639
-0.25000000, -0.15000000, 0.40000000, -0.00076031
-0.20000000, -0.20000000, 0.40000000, -0.00016263
-0.15000000, -0.25000000, 0.40000000, 0.00094703
-0.10000000, -0.30000000, 0.40000000, 0.00253845
-0.05000000, -0.35000000, 0.40000000, 0.00455173
0.00000000, -0.40000000, 0.40000000, 0.00726788
0.05000000, -0.40000000, 0.35000000, 0.01106264
0.10000000, -0.40000000, 0.30000000, 0.01221366
0.15000000, -0.40000000, 0.25000000, 0.01224544
0.20000000, -0.40000000, 0.20000000, 0.01155044
0.25000000, -0.40000000, 0.15000000, 0.01020720
0.30000000, -0.40000000, 0.10000000, 0.00805061
0.35000000, -0.40000000, 0.05000000, 0.00452618
0.40000000, -0.40000000, 0.00000000, -0.00277628
0.40000000, -0.35000000, -0.05000000, -0.00519801
0.40000000, -0.30000000, -0.10000000, -0.00531511
0.40000000, -0.25000000, -0.15000000, -0.00469443
0.40000000, -0.20000000, -0.20000000, -0.00371354
0.40000000, -0.15000000, -0.25000000, -0.00258489
0.40000000, -0.10000000, -0.30000000, -0.00150651
0.40000000, -0.05000000, -0.35000000, -0.00061200
0.45000000, 0.00000000, -0.45000000, -0.00000000
0.39375000, 0.05625000, -0.45000000, 0.00043506
0.33750000, 0.11250000, -0.45000000, 0.00111771
0.28125000, 0.16875000, -0.45000000, 0.00198475
0.22500000, 0.22500000, -0.45000000, 0.00288979
0.16875000, 0.28125000, -0.45000000, 0.00363102
0.11250000, 0.33750000, -0.45000000, 0.00398586
0.05625000, 0.39375000, -0.45000000, 0.00367111
0.00000000, 0.45000000, -0.45000000, 0.00171838
-0.05625000, 0.45000000, -0.39375000, -0.00369096
-0.11250000, 0.45000000, -0.33750000, -0.00624321
-0.16875000, 0.45000000, -0.28125000, -0.00774339
-0.22500000, 0.45000000, -0.22500000, -0.00870119
-0.28125000, 0.45000000, -0.16875000, -0.00924462
-0.33750000, 0.45000000, -0.11250000, -0.00928952
-0.39375000, 0.45000000, -0.05625000, -0.00842270
-0.45000000, 0.45000000, 0.00000000, -0.00548191
-0.45000000, 0.39375000, 0.05625000, -0.00357516
-0.45000000, 0.33750000, 0.11250000, -0.00180427
-0.45000000, 0.28125000, 0.16875000, -0.00035419
-0.45000000, 0.22500000, 0.22500000, 0.00061112
-0.45000000, 0.16875000, 0.28125000, 0.00104952
-0.45000000, 0.11250000, 0.33750000, 0.00101821
-0.45000000, 0.05625000, 0.39375000, 0.00062969
-0.45000000, 0.00000000, 0.45000000, -0.00000000
-0.39375000, -0.05625000, 0.45000000, -0.00062969
-0.33750000, -0.11250000, 0.45000000, -0.00101821
-0.28125000, -0.16875000, 0.45000000, -0.00104952
-0.22500000, -0.22500000, 0.45000000, -0.00061112
-0.16875000, -0.28125000, 0.45000000, 0.00035419
-0.11250000, -0.33750000, 0.45000000, 0.00180427
-0.05625000, -0.39375000, 0.45000000, 0.00357516
0.00000000, -0.45000000, 0.45000000, 0.00548191
0.05625000, -0.45000000, 0.39375000, 0.00842270
0.11250000, -0.45000000, 0.33750000, 0.00928952
0.16875000, -0.45000000, 0.28125000, 0.00924462
0.22500000, -0.45000000, 0.22500000, 0.00870119
0.28125000, -0.45000000, 0.16875000, 0.00774339
0.33750000, -0.45000000, 0.11250000, 0.00624321
0.39375000, -0.45000000, 0.05625000, 0.00369096
0.45000000, -0.45000000, 0.00000000, -0.00171838
0.45000000, -0.39375000, -0.05625000, -0.00367111
0.45000000, -0.33750000, -0.11250000, -0.00398586
0.45000000, -0.28125000, -0.16875000, -0.00363102
0.45000000, -0.22500000, -0.22500000, -0.00288979
0.45000000, -0.16875000, -0.28125000, -0.00198475
0.45000000, -0.11250000, -0.33750000, -0.00111771
0.45000000, -0.05625000, -0.39375000, -0.00043506
0.50000000, 0.00000000, -0.50000000, -0.00000000
0.43750000, 0.06250000, -0.50000000, 0.00030549
0.37500000, 0.12500000, -0.50000000, 0.00082406
0.31250000, 0.18750000, -0.50000000, 0.00151599
0.25000000, 0.25000000, -0.50000000, 0.00223767
0.18750000, 0.31250000, -0.50000000, 0.00275732
0.12500000, 0.37500000, -0.50000000, 0.00284621
0.06250000, 0.43750000, -0.50000000, 0.00230440
0.00000000, 0.50000000, -0.50000000, 0.00065586
-0.06250000, 0.50000000, -0.43750000, -0.00313672
-0.12500000, 0.50000000, -0.37500000, -0.00486838
-0.18750000, 0.50000000, -0.31250000, -0.00579210
-0.25000000, 0.50000000, -0.25000000, -0.00638101
-0.31250000, 0.50000000, -0.18750000, -0.00679632
-0.37500000, 0.50000000, -0.12500000, -0.00689251
-0.43750000, 0.50000000, -0.06250000, -0.00624236
-0.50000000, 0.50000000, 0.00000000, -0.00402189
-0.50000000, 0.43750000, 0.06250000, -0.00267243
-0.50000000, 0.37500000, 0.12500000, -0.00111611
-0.50000000, 0.31250000, 0.18750000, 0.00017693
-0.50000000, 0.25000000, 0.25000000, 0.00097470
-0.50000000, 0.18750000, 0.31250000, 0.00123351
-0.50000000, 0.12500000, 0.37500000, 0.00105042
-0.50000000, 0.06250000, 0.43750000, 0.00058699
-0.50000000, 0.00000000, 0.50000000, 0.00000000
-0.43750000, -0.06250000, 0.50000000, -0.00058699
-0.37500000, -0.12500000, 0.50000000, -0.00105042
-0.31250000, -0.18750000, 0.50000000, -0.00123351
-0.25000000, -0.25000000, 0.50000000, -0.00097470
-0.18750000, -0.31250000, 0.50000000, -0.00017693
-0.12500000, -0.37500000, 0.50000000, 0.00111611
-0.06250000, -0.43750000, 0.50000000, 0.00267243
0.00000000, -0.50000000, 0.50000000, 0.00402189
0.06250000, -0.50000000, 0.43750000, 0.00624236
0.12500000, -0.50000000, 0.37500000, 0.00689251
0.18750000, -0.50000000, 0.31250000, 0.00679632
0.25000000, -0.50000000, 0.25000000, 0.00638101
0.31250000, -0.50000000, 0.18750000, 0.00579210
0.37500000, -0.50000000, 0.12500000, 0.00486838
0.43750000, -0.50000000, 0.06250000, 0.00313672
0.50000000, -0.50000000, 0.00000000, -0.00065586
0.50000000, -0.43750000, -0.06250000, -0.00230440
0.50000000, -0.37500000, -0.12500000, -0.00284621
0.50000000, -0.31250000, -0.18750000, -0.00275732
0.50000000, -0.25000000, -0.25000000, -0.00223767
0.50000000, -0.18750000, -0.31250000, -0.00151599
0.50000000, -0.12500000, -0.37500000, -0.00082406
0.50000000, -0.06250000, -0.43750000, -0.00030549
0.55000000, 0.00000000, -0.55000000, 0.00000000
0.48125000, 0.06875000, -0.55000000, 0.00021471
0.41250000, 0.13750000, -0.55000000, 0.00061840
0.34375000, 0.20625000, -0.55000000, 0.00118586
0.27500000, 0.27500000, -0.55000000, 0.00177690
0.20625000, 0.34375000, -0.55000000, 0.00213470
0.13750000, 0.41250000, -0.55000000, 0.00202811
0.06875000, 0.48125000, -0.55000000, 0.00133965
0.00000000, 0.55000000, -0.55000000, -0.00003830
-0.06875000, 0.55000000, -0.48125000, -0.00261891
-0.13750000, 0.55000000, -0.41250000, -0.00379172
-0.20625000, 0.55000000, -0.34375000, -0.00431599
-0.27500000, 0.55000000, -0.27500000, -0.00463588
-0.34375000, 0.55000000, -0.20625000, -0.00495532
-0.41250000, 0.55000000, -0.13750000, -0.00505678
-0.48125000, 0.55000000, -0.06875000, -0.00450199
-0.55000000, 0.55000000, 0.00000000, -0.00279493
-0.55000000, 0.48125000, 0.06875000, -0.00182478
-0.55000000, 0.41250000, 0.13750000, -0.00050540
-0.55000000, 0.34375000, 0.20625000, 0.00059348
-0.55000000, 0.27500000, 0.27500000, 0.00120399
-0.55000000, 0.20625000, 0.34375000, 0.00128701
-0.55000000, 0.13750000, 0.41250000, 0.00098009
-0.55000000, 0.06875000, 0.48125000, 0.00048943
-0.55000000, 0.00000000, 0.55000000, 0.00000000
-0.48125000, -0.06875000, 0.55000000, -0.00048943
-0.41250000, -0.13750000, 0.55000000, -0.00098009
-0.34375000, -0.20625000, 0.55000000, -0.00128701
-0.27500000, -0.27500000, 0.55000000, -0.00120399
-0.20625000, -0.34375000, 0.55000000, -0.00059348
-0.13750000, -0.41250000, 0.55000000, 0.00050540
-0.06875000, -0.48125000, 0.55000000, 0.00182478
0.00000000, -0.55000000, 0.55000000, 0.00279493
0.06875000, -0.55000000, 0.48125000, 0.00450199
0.13750000, -0.55000000, 0.41250000, 0.00505678
0.20625000, -0.55000000, 0.34375000, 0.00495532
0.27500000, -0.55000000, 0.27500000, 0.00463588
0.34375000, -0.55000000, 0.20625000, 0.00431599
0.41250000, -0.55000000, 0.13750000, 0.00379172
0.48125000, -0.55000000, 0.06875000, 0.00261891
0.55000000, -0.55000000, 0.00000000, 0.00003830
0.55000000, -0.48125000, -0.06875000, -0.00133965
0.55000000, -0.41250000, -0.13750000, -0.00202811
0.55000000, -0.34375000, -0.20625000, -0.00213470
0.55000000, -0.27500000, -0.27500000, -0.00177690
0.55000000, -0.20625000, -0.34375000, -0.00118586
0.55000000, -0.13750000, -0.41250000, -0.00061840
0.55000000, -0.06875000, -0.48125000, -0.00021471
0.60000000, 0.00000000, -0.60000000, 0.00000000
0.52500000, 0.07500000, -0.60000000, 0.00014961
0.45000000, 0.15000000, -0.60000000, 0.00046769
0.37500000, 0.22500000, -0.60000000, 0.00094331
0.30000000, 0.30000000, -0.60000000, 0.00143507
0.22500000, 0.37500000, -0.60000000, 0.00168888
0.15000000, 0.45000000, -0.60000000, 0.00148029
0.07500000, 0.52500000, -0.60000000, 0.00077283
0.00000000, 0.60000000, -0.60000000, -0.00029549
-0.07500000, 0.60000000, -0.52500000, -0.00202288
-0.15000000, 0.60000000, -0.45000000, -0.00288891
-0.22500000, 0.60000000, -0.37500000, -0.00320949
-0.30000000, 0.60000000, -0.30000000, -0.00339273
-0.37500000, 0.60000000, -0.22500000, -0.00364038
-0.45000000, 0.60000000, -0.15000000, -0.00369098
-0.52500000, 0.60000000, -0.07500000, -0.00311354
-0.60000000, 0.60000000, 0.00000000, -0.00176115
-0.60000000, 0.52500000, 0.07500000, -0.00108104
-0.60000000, 0.45000000, 0.15000000, -0.00003901
-0.60000000, 0.37500000, 0.22500000, 0.00083222
-0.60000000, 0.30000000, 0.30000000, 0.00125715
-0.60000000, 0.22500000, 0.37500000, 0.00120105
-0.60000000, 0.15000000, 0.45000000, 0.00082428
-0.60000000, 0.07500000, 0.52500000, 0.00036300
-0.60000000, 0.00000000, 0.60000000, 0.00000000
-0.52500000, -0.07500000, 0.60000000, -0.00036300
-0.45000000, -0.15000000, 0.60000000, -0.00082428
-0.37500000, -0.22500000, 0.60000000, -0.00120105
-0.30000000, -0.30000000, 0.60000000, -0.00125715
-0.22500000, -0.37500000, 0.60000000, -0.00083222
-0.15000000, -0.45000000, 0.60000000, 0.00003901
-0.07500000, -0.52500000, 0.60000000, 0.00108104
0.00000000, -0.60000000, 0.60000000, 0.00176115
0.07500000, -0.60000000, 0.52500000, 0.00311354
0.15000000, -0.60000000, 0.45000000, 0.00369098
0.22500000, -0.60000000, 0.37500000, 0.00364038
0.30000000, -0.60000000, 0.30000000, 0.00339273
0.37500000, -0.60000000, 0.22500000, 0.00320949
0.45000000, -0.60000000, 0.15000000, 0.00288891
0.52500000, -0.60000000, 0.07500000, 0.00202288
0.60000000, -0.60000000, 0.00000000, 0.00029549
0.60000000, -0.52500000, -0.07500000, -0.00077283
0.60000000, -0.45000000, -0.15000000, -0.00148029
0.60000000, -0.37500000, -0.22500000, -0.00168888
0.60000000, -0.30000000, -0.30000000, -0.00143507
0.60000000, -0.22500000, -0.37500000, -0.00094331
0.60000000, -0.15000000, -0.45000000, -0.00046769
0.60000000, -0.07500000, -0.52500000, -0.00014961
0.65000000, 0.00000000, -0.65000000, -0.00000000
0.56875000, 0.08125000, -0.65000000, 0.00009874
0.48750000, 0.16250000, -0.65000000, 0.00034014
0.40625000, 0.24375000, -0.65000000, 0.00072887
0.32500000, 0.32500000, -0.65000000, 0.00113233
0.24375000, 0.40625000, -0.65000000, 0.00131935
0.16250000, 0.48750000, -0.65000000, 0.00109048
0.08125000, 0.56875000, -0.65000000, 0.00047681
0.00000000, 0.65000000, -0.65000000, -0.00026498
-0.08125000, 0.65000000, -0.56875000, -0.00139103
-0.16250000, 0.65000000, -0.48750000, -0.00210152
-0.24375000, 0.65000000, -0.40625000, -0.00235867
-0.32500000, 0.65000000, -0.32500000, -0.00250240
-0.40625000, 0.65000000, -0.24375000, -0.00270254
-0.48750000, 0.65000000, -0.16250000, -0.00266501
-0.56875000, 0.65000000, -0.08125000, -0.00201929
-0.65000000, 0.65000000, 0.00000000, -0.00095523
-0.65000000, 0.56875000, 0.08125000, -0.00051197
-0.65000000, 0.48750000, 0.16250000, 0.00023448
-0.65000000, 0.40625000, 0.24375000, 0.00086902
-0.65000000, 0.32500000, 0.32500000, 0.00113465
-0.65000000, 0.24375000, 0.40625000, 0.00099654
-0.65000000, 0.16250000, 0.48750000, 0.00061822
-0.65000000, 0.08125000, 0.56875000, 0.00023648
-0.65000000, 0.00000000, 0.65000000, -0.00000000
-0.56875000, -0.08125000, 0.65000000, -0.00023648
-0.48750000, -0.16250000, 0.65000000, -0.00061822
-0.40625000, -0.24375000, 0.65000000, -0.00099654
-0.32500000, -0.32500000, 0.65000000, -0.00113465
-0.24375000, -0.40625000, 0.65000000, -0.00086902
-0.16250000, -0.48750000, 0.65000000, -0.00023448
-0.08125000, -0.56875000, 0.65000000, 0.00051197
0.00000000, -0.65000000, 0.65000000, 0.00095523
0.08125000, -0.65000000, 0.56875000, 0.00201929
0.16250000, -0.65000000, 0.48750000, 0.00266501
0.24375000, -0.65000000, 0.40625000, 0.00270254
0.32500000, -0.65000000, 0.32500000, 0.00250240
0.40625000, -0.65000000, 0.24375000, 0.00235867
0.48750000, -0.65000000, 0.16250000, 0.00210152
0.56875000, -0.65000000, 0.08125000, 0.00139103
0.65000000, -0.65000000, 0.00000000, 0.00026498
0.65000000, -0.56875000, -0.08125000, -0.00047681
0.65000000, -0.48750000, -0.16250000, -0.00109048
0.65000000, -0.40625000, -0.24375000, -0.00131935
0.65000000, -0.32500000, -0.32500000, -0.00113233
0.65000000, -0.24375000, -0.40625000, -0.00072887
0.65000000, -0.16250000, -0.48750000, -0.00034014
0.65000000, -0.08125000, -0.56875000, -0.00009874
0.70000000, 0.00000000, -0.70000000, -0.00000000
0.61250000, 0.08750000, -0.70000000, 0.00005718
0.52500000, 0.17500000, -0.70000000, 0.00022369
0.43750000, 0.26250000, -0.70000000, 0.00051617
0.35000000, 0.35000000, -0.70000000, 0.00083183
0.26250000, 0.43750000, -0.70000000, 0.00096863
0.17500000, 0.52500000, -0.70000000, 0.00077161
0.08750000, 0.61250000, -0.70000000, 0.00031438
0.00000000, 0.70000000, -0.70000000, -0.00014383
-0.08750000, 0.70000000, -0.61250000, -0.00083315
-0.17500000, 0.70000000, -0.52500000, -0.00142692
-0.26250000, 0.70000000, -0.43750000, -0.00167877
-0.35000000, 0.70000000, -0.35000000, -0.00182155
-0.43750000, 0.70000000, -0.26250000, -0.00199659
-0.52500000, 0.70000000, -0.17500000, -0.00186816
-0.61250000, 0.70000000, -0.08750000, -0.00119758
-0.70000000, 0.70000000, 0.00000000, -0.00041922
-0.70000000, 0.61250000, 0.08750000, -0.00015658
-0.70000000, 0.52500000, 0.17500000, 0.00031855
-0.70000000, 0.43750000, 0.26250000, 0.00073867
-0.70000000, 0.35000000, 0.35000000, 0.00088726
-0.70000000, 0.26250000, 0.43750000, 0.00072592
-0.70000000, 0.17500000, 0.52500000, 0.00040653
-0.70000000, 0.08750000, 0.61250000, 0.00013225
-0.70000000, 0.00000000, 0.70000000, -0.00000000
-0.61250000, -0.08750000, 0.70000000, -0.00013225
-0.52500000, -0.17500000, 0.70000000, -0.00040653
-0.43750000, -0.26250000, 0.70000000, -0.00072592
-0.35000000, -0.35000000, 0.70000000, -0.00088726
-0.26250000, -0.43750000, 0.70000000, -0.00073867
-0.17500000, -0.52500000, 0.70000000, -0.00031855
-0.08750000, -0.61250000, 0.70000000, 0.00015658
0.00000000, -0.70000000, 0.70000000, 0.00041922
0.08750000, -0.70000000, 0.61250000, 0.00119758
0.17500000, -0.70000000, 0.52500000, 0.00186816
0.26250000, -0.70000000, 0.43750000, 0.00199659
0.35000000, -0.70000000, 0.35000000, 0.00182155
0.43750000, -0.70000000, 0.26250000, 0.00167877
0.52500000, -0.70000000, 0.17500000, 0.00142692
0.61250000, -0.70000000, 0.08750000, 0.00083315
0.70000000, -0.70000000, 0.00000000, 0.00014383
0.70000000, -0.61250000, -0.08750000, -0.00031438
0.70000000, -0.52500000, -0.17500000, -0.00077161
0.70000000, -0.43750000, -0.26250000, -0.00096863
0.70000000, -0.35000000, -0.35000000, -0.00083183
0.70000000, -0.26250000, -0.43750000, -0.00051617
0.70000000, -0.17500000, -0.52500000, -0.00022369
0.70000000, -0.08750000, -0.61250000, -0.00005718
0.75000000, 0.00000000, -0.75000000, 0.00000000
0.65625000, 0.09375000, -0.75000000, 0.00002686
0.56250000, 0.18750000, -0.75000000, 0.00012629
0.46875000, 0.28125000, -0.75000000, 0.00031968
0.37500000, 0.37500000, -0.75000000, 0.00054446
0.28125000, 0.46875000, -0.75000000, 0.00063552
0.18750000, 0.56250000, -0.75000000, 0.00049083
0.09375000, 0.65625000, -0.75000000, 0.00019858
0.00000000, 0.75000000, -0.75000000, -0.00005200
-0.09375000, 0.75000000, -0.65625000, -0.00042457
-0.18750000, 0.75000000, -0.56250000, -0.00088128
-0.28125000, 0.75000000, -0.46875000, -0.00112476
-0.37500000, 0.75000000, -0.37500000, -0.00126911
-0.46875000, 0.75000000, -0.28125000, -0.00142520
-0.56250000, 0.75000000, -0.18750000, -0.00123201
-0.65625000, 0.75000000, -0.09375000, -0.00062708
-0.75000000, 0.75000000, 0.00000000, -0.00013693
-0.75000000, 0.65625000, 0.09375000, 0.00000384
-0.75000000, 0.56250000, 0.18750000, 0.00026772
-0.75000000, 0.46875000, 0.28125000, 0.00051911
-0.75000000, 0.37500000, 0.37500000, 0.00059552
-0.75000000, 0.28125000, 0.46875000, 0.00045679
-0.75000000, 0.18750000, 0.56250000, 0.00022942
-0.75000000, 0.09375000, 0.65625000, 0.00006158
-0.75000000, 0.00000000, 0.75000000, 0.00000000
-0.65625000, -0.09375000, 0.75000000, -0.00006158
-0.56250000, -0.18750000, 0.75000000, -0.00022942
-0.46875000, -0.28125000, 0.75000000, -0.00045679
-0.37500000, -0.37500000, 0.75000000, -0.00059552
-0.28125000, -0.46875000, 0.75000000, -0.00051911
-0.18750000, -0.56250000, 0.75000000, -0.00026772
-0.09375000, -0.65625000, 0.75000000, -0.00000384
0.00000000, -0.75000000, 0.75000000, 0.00013693
0.09375000, -0.75000000, 0.65625000, 0.00062708
0.18750000, -0.75000000, 0.56250000, 0.00123201
0.28125000, -0.75000000, 0.46875000, 0.00142520
0.37500000, -0.75000000, 0.37500000, 0.00126911
0.46875000, -0.75000000, 0.28125000, 0.00112476
0.56250000, -0.75000000, 0.18750000, 0.00088128
0.65625000, -0.75000000, 0.09375000, 0.00042457
0.75000000, -0.75000000, 0.00000000, 0.00005200
0.75000000, -0.65625000, -0.09375000, -0.00019858
0.75000000, -0.56250000, -0.18750000, -0.00049083
0.75000000, -0.46875000, -0.28125000, -0.00063552
0.75000000, -0.37500000, -0.37500000, -0.00054446
0.75000000, -0.28125000, -0.46875000, -0.00031968
0.75000000, -0.18750000, -0.56250000, -0.00012629
0.75000000, -0.09375000, -0.65625000, -0.00002686
0.80000000, 0.00000000, -0.80000000, 0.00000000
0.70000000, 0.10000000, -0.80000000, 0.00001050
0.60000000, 0.20000000, -0.80000000, 0.00006017
0.50000000, 0.30000000, -0.80000000, 0.00016899
0.40000000, 0.40000000, -0.80000000, 0.00030419
0.30000000, 0.50000000, -0.80000000, 0.00035285
0.20000000, 0.60000000, -0.80000000, 0.00025903
0.10000000, 0.70000000, -0.80000000, 0.00010228
0.00000000, 0.80000000, -0.80000000, -0.00001136
-0.10000000, 0.80000000, -0.70000000, -0.00017216
-0.20000000, 0.80000000, -0.60000000, -0.00047527
-0.30000000, 0.80000000, -0.50000000, -0.00068383
-0.40000000, 0.80000000, -0.40000000, -0.00082292
-0.50000000, 0.80000000, -0.30000000, -0.00094697
-0.60000000, 0.80000000, -0.20000000, -0.00073070
-0.70000000, 0.80000000, -0.10000000, -0.00026958
-0.80000000, 0.80000000, 0.00000000, -0.00002920
-0.80000000, 0.70000000, 0.10000000, 0.00003576
-0.80000000, 0.60000000, 0.20000000, 0.00016107
-0.80000000, 0.50000000, 0.30000000, 0.00029648
-0.80000000, 0.40000000, 0.40000000, 0.00033598
-0.80000000, 0.30000000, 0.50000000, 0.00024398
-0.80000000, 0.20000000, 0.60000000, 0.00010889
-0.80000000, 0.10000000, 0.70000000, 0.00002361
-0.80000000, 0.00000000, 0.80000000, 0.00000000
-0.70000000, -0.10000000, 0.80000000, -0.00002361
-0.60000000, -0.20000000, 0.80000000, -0.00010889
-0.50000000, -0.30000000, 0.80000000, -0.00024398
-0.40000000, -0.40000000, 0.80000000, -0.00033598
-0.30000000, -0.50000000, 0.80000000, -0.00029648
-0.20000000, -0.60000000, 0.80000000, -0.00016107
-0.10000000, -0.70000000, 0.80000000, -0.00003576
0.00000000, -0.80000000, 0.80000000, 0.00002920
0.10000000, -0.80000000, 0.70000000, 0.00026958
0.20000000, -0.80000000, 0.60000000, 0.00073070
0.30000000, -0.80000000, 0.50000000, 0.00094697
0.40000000, -0.80000000, 0.40000000, 0.00082292
0.50000000, -0.80000000, 0.30000000, 0.00068383
0.60000000, -0.80000000, 0.20000000, 0.00047527
0.70000000, -0.80000000, 0.10000000, 0.00017216
0.80000000, -0.80000000, 0.00000000, 0.00001136
0.80000000, -0.70000000, -0.10000000, -0.00010228
0.80000000, -0.60000000, -0.20000000, -0.00025903
0.80000000, -0.50000000, -0.30000000, -0.00035285
0.80000000, -0.40000000, -0.40000000, -0.00030419
0.80000000, -0.30000000, -0.50000000, -0.00016899
0.80000000, -0.20000000, -0.60000000, -0.00006017
0.80000000, -0.10000000, -0.70000000, -0.00001050
0.85000000, 0.00000000, -0.85000000, -0.00000000
0.74375000, 0.10625000, -0.85000000, 0.00000483
0.63750000, 0.21250000, -0.85000000, 0.00002519
0.53125000, 0.31875000, -0.85000000, 0.00007578
0.42500000, 0.42500000, -0.85000000, 0.00013771
0.31875000, 0.53125000, -0.85000000, 0.00015467
0.21250000, 0.63750000, -0.85000000, 0.00010202
0.10625000, 0.74375000, -0.85000000, 0.00003525
0.00000000, 0.85000000, -0.85000000, 0.00000134
-0.10625000, 0.85000000, -0.74375000, -0.00004436
-0.21250000, 0.85000000, -0.63750000, -0.00020928
-0.31875000, 0.85000000, -0.53125000, -0.00035897
-0.42500000, 0.85000000, -0.42500000, -0.00047919
-0.53125000, 0.85000000, -0.31875000, -0.00055838
-0.63750000, 0.85000000, -0.21250000, -0.00036647
-0.74375000, 0.85000000, -0.10625000, -0.00008023
-0.85000000, 0.85000000, 0.00000000, -0.00000254
-0.85000000, 0.74375000, 0.10625000, 0.00001858
-0.85000000, 0.63750000, 0.21250000, 0.00006765
-0.85000000, 0.53125000, 0.31875000, 0.00013155
-0.85000000, 0.42500000, 0.42500000, 0.00015334
-0.85000000, 0.31875000, 0.53125000, 0.00010795
-0.85000000, 0.21250000, 0.63750000, 0.00004283
-0.85000000, 0.10625000, 0.74375000, 0.00000808
-0.85000000, 0.00000000, 0.85000000, -0.00000000
-0.74375000, -0.10625000, 0.85000000, -0.00000808
-0.63750000, -0.21250000, 0.85000000, -0.00004283
-0.53125000, -0.31875000, 0.85000000, -0.00010795
-0.42500000, -0.42500000, 0.85000000, -0.00015334
-0.31875000, -0.53125000, 0.85000000, -0.00013155
-0.21250000, -0.63750000, 0.85000000, -0.00006765
-0.10625000, -0.74375000, 0.85000000, -0.00001858
0.00000000, -0.85000000, 0.85000000, 0.00000254
0.10625000, -0.85000000, 0.74375000, 0.00008023
0.21250000, -0.85000000, 0.63750000, 0.00036647
0.31875000, -0.85000000, 0.53125000, 0.00055838
0.42500000, -0.85000000, 0.42500000, 0.00047919
0.53125000, -0.85000000, 0.31875000, 0.00035897
0.63750000, -0.85000000, 0.21250000, 0.00020928
0.74375000, -0.85000000, 0.10625000, 0.00004436
0.85000000, -0.85000000, 0.00000000, -0.00000134
0.85000000, -0.74375000, -0.10625000, -0.00003525
0.85000000, -0.63750000, -0.21250000, -0.00010202
0.85000000, -0.53125000, -0.31875000, -0.00015467
0.85000000, -0.42500000, -0.42500000, -0.00013771
0.85000000, -0.31875000, -0.53125000, -0.00007578
0.85000000, -0.21250000, -0.63750000, -0.00002519
0.85000000, -0.10625000, -0.74375000, -0.00000483
0.90000000, 0.00000000, -0.90000000, -0.00000000
0.78750000, 0.11250000, -0.90000000, 0.00000195
0.67500000, 0.22500000, -0.90000000, 0.00000823
0.56250000, 0.33750000, -0.90000000, 0.00002579
0.45000000, 0.45000000, -0.90000000, 0.00004652
0.33750000, 0.56250000, -0.90000000, 0.00004937
0.22500000, 0.67500000, -0.90000000, 0.00002786
0.11250000, 0.78750000, -0.90000000, 0.00000771
0.00000000, 0.90000000, -0.90000000, 0.00000210
-0.11250000, 0.90000000, -0.78750000, -0.00000422
-0.22500000, 0.90000000, -0.67500000, -0.00006964
-0.33750000, 0.90000000, -0.56250000, -0.00014992
-0.45000000, 0.90000000, -0.45000000, -0.00022674
-0.56250000, 0.90000000, -0.33750000, -0.00026789
-0.67500000, 0.90000000, -0.22500000, -0.00014263
-0.78750000, 0.90000000, -0.11250000, -0.00001308
-0.90000000, 0.90000000, 0.00000000, 0.00000110
-0.90000000, 0.78750000, 0.11250000, 0.00000519
-0.90000000, 0.67500000, 0.22500000, 0.00001927
-0.90000000, 0.56250000, 0.33750000, 0.00004214
-0.90000000, 0.45000000, 0.45000000, 0.00005203
-0.90000000, 0.33750000, 0.56250000, 0.00003585
-0.90000000, 0.22500000, 0.67500000, 0.00001269
-0.90000000, 0.11250000, 0.78750000, 0.00000231
-0.90000000, 0.00000000, 0.90000000, -0.00000000
-0.78750000, -0.11250000, 0.90000000, -0.00000231
-0.67500000, -0.22500000, 0.90000000, -0.00001269
-0.56250000, -0.33750000, 0.90000000, -0.00003585
-0.45000000, -0.45000000, 0.90000000, -0.00005203
-0.33750000, -0.56250000, 0.90000000, -0.00004214
-0.22500000, -0.67500000, 0.90000000, -0.00001927
-0.11250000, -0.78750000, 0.90000000, -0.00000519
0.00000000, -0.90000000, 0.90000000, -0.00000110
0.11250000, -0.90000000, 0.78750000, 0.00001308
0.22500000, -0.90000000, 0.67500000, 0.00014263
0.33750000, -0.90000000, 0.56250000, 0.00026789
0.45000000, -0.90000000, 0.45000000, 0.00022674
0.56250000, -0.90000000, 0.33750000, 0.00014992
0.67500000, -0.90000000, 0.22500000, 0.00006964
0.78750000, -0.90000000, 0.11250000, 0.00000422
0.90000000, -0.90000000, 0.00000000, -0.00000210
0.90000000, -0.78750000, -0.11250000, -0.00000771
0.90000000, -0.67500000, -0.22500000, -0.00002786
0.90000000, -0.56250000, -0.33750000, -0.00004937
0.90000000, -0.45000000, -0.45000000, -0.00004652
0.90000000, -0.33750000, -0.56250000, -0.00002579
0.90000000, -0.22500000, -0.67500000, -0.00000823
0.90000000, -0.11250000, -0.78750000, -0.00000195
0.95000000, 0.00000000, -0.95000000, 0.00000000
0.83125000, 0.11875000, -0.95000000, -0.00000058
0.71250000, 0.23750000, -0.95000000, 0.00000013
0.59375000, 0.35625000, -0.95000000, 0.00000278
0.47500000, 0.47500000, -0.95000000, 0.00000887
0.35625000, 0.59375000, -0.95000000, 0.00000986
0.23750000, 0.71250000, -0.95000000, 0.00000651
0.11875000, 0.83125000, -0.95000000, 0.00000327
0.00000000, 0.95000000, -0.95000000, -0.00000165
-0.11875000, 0.95000000, -0.83125000, -0.00000376
-0.23750000, 0.95000000, -0.71250000, -0.00001610
-0.35625000, 0.95000000, -0.59375000, -0.00003906
-0.47500000, 0.95000000, -0.47500000, -0.00006322
-0.59375000, 0.95000000, -0.35625000, -0.00008000
-0.71250000, 0.95000000, -0.23750000, -0.00003475
-0.83125000, 0.95000000, -0.11875000, -0.00000479
-0.95000000, 0.95000000, 0.00000000, -0.00000028
-0.95000000, 0.83125000, 0.11875000, 0.00000254
-0.95000000, 0.71250000, 0.23750000, 0.00000436
-0.95000000, 0.59375000, 0.35625000, 0.00000789
-0.95000000, 0.47500000, 0.47500000, 0.00000946
-0.95000000, 0.35625000, 0.59375000, 0.00000525
-0.95000000, 0.23750000, 0.71250000, 0.00000129
-0.95000000, 0.11875000, 0.83125000, -0.00000015
-0.95000000, 0.00000000, 0.95000000, 0.00000000
-0.83125000, -0.11875000, 0.95000000, 0.00000015
-0.71250000, -0.23750000, 0.95000000, -0.00000129
-0.59375000, -0.35625000, 0.95000000, -0.00000525
-0.47500000, -0.47500000, 0.95000000, -0.00000946
-0.35625000, -0.59375000, 0.95000000, -0.00000789
-0.23750000, -0.71250000, 0.95000000, -0.00000436
-0.11875000, -0.83125000, 0.95000000, -0.00000254
0.00000000, -0.95000000, 0.95000000, 0.00000028
0.11875000, -0.95000000, 0.83125000, 0.00000479
0.23750000, -0.95000000, 0.71250000, 0.00003475
0.35625000, -0.95000000, 0.59375000, 0.00008000
0.47500000, -0.95000000, 0.47500000, 0.00006322
0.59375000, -0.95000000, 0.35625000, 0.00003906
0.71250000, -0.95000000, 0.23750000, 0.00001610
0.83125000, -0.95000000, 0.11875000, 0.00000376
0.95000000, -0.95000000, 0.00000000, 0.00000165
0.95000000, -0.83125000, -0.11875000, -0.00000327
0.95000000, -0.71250000, -0.23750000, -0.00000651
0.95000000, -0.59375000, -0.35625000, -0.00000986
0.95000000, -0.47500000, -0.47500000, -0.00000887
0.95000000, -0.35625000, -0.59375000, -0.00000278
0.95000000, -0.23750000, -0.71250000, -0.00000013
0.95000000, -0.11875000, -0.83125000, 0.00000058
1.00000000, 0.00000000, -1.00000000, 0.00000000
0.87500000, 0.12500000, -1.00000000, 0.00000000
0.75000000, 0.25000000, -1.00000000, 0.00000000
0.62500000, 0.37500000, -1.00000000, 0.00000000
0.50000000, 0.50000000, -1.00000000, 0.00000000
0.37500000, 0.62500000, -1.00000000, 0.00000000
0.25000000, 0.75000000, -1.00000000, 0.00000000
0.12500000, 0.87500000, -1.00000000, 0.00000000
0.00000000, 1.00000000, -1.00000000, 0.00000000
-0.12500000, 1.00000000, -0.87500000, 0.00000000
-0.25000000, 1.00000000, -0.75000000, 0.00000000
-0.37500000, 1.00000000, -0.62500000, 0.00000000
-0.50000000, 1.00000000, -0.50000000, 0.00000000
-0.62500000, 1.00000000, -0.37500000, 0.00000000
-0.75000000, 1.00000000, -0.25000000, 0.00000000
-0.87500000, 1.00000000, -0.12500000, 0.00000000
-1.00000000, 1.00000000, 0.00000000, 0.00000000
-1.00000000, 0.87500000, 0.12500000, 0.00000000
-1.00000000, 0.75000000, 0.25000000, 0.00000000
-1.00000000, 0.62500000, 0.37500000, 0.00000000
-1.00000000, 0.50000000, 0.50000000, 0.00000000
-1.00000000, 0.37500000, 0.62500000, 0.00000000
-1.00000000, 0.25000000, 0.75000000, 0.00000000
-1.00000000, 0.12500000, 0.87500000, 0.00000000
-1.00000000, 0.00000000, 1.00000000, 0.00000000
-0.87500000, -0.12500000, 1.00000000, 0.00000000
-0.75000000, -0.25000000, 1.00000000, 0.00000000
-0.62500000, -0.37500000, 1.00000000, 0.00000000
-0.50000000, -0.50000000, 1.00000000, 0.00000000
-0.37500000, -0.62500000, 1.00000000, 0.00000000
-0.25000000, -0.75000000, 1.00000000, 0.00000000
-0.12500000, -0.87500000, 1.00000000, 0.00000000
0.00000000, -1.00000000, 1.00000000, 0.00000000
0.12500000, -1.00000000, 0.87500000, 0.00000000
0.25000000, -1.00000000, 0.75000000, 0.00000000
0.37500000, -1.00000000, 0.62500000, 0.00000000
0.50000000, -1.00000000, 0.50000000, 0.00000000
0.62500000, -1.00000000, 0.37500000, 0.00000000
0.75000000, -1.00000000, 0.25000000, 0.00000000
0.87500000, -1.00000000, 0.12500000, 0.00000000
1.00000000, -1.00000000, 0.00000000, 0.00000000
1.00000000, -0.87500000, -0.12500000, 0.00000000
1.00000000, -0.75000000, -0.25000000, 0.00000000
1.00000000, -0.62500000, -0.37500000, 0.00000000
1.00000000, -0.50000000, -0.50000000, 0.00000000
1.00000000, -0.37500000, -0.62500000, 0.00000000
1.00000000, -0.25000000, -0.75000000, 0.00000000
1.00000000, -0.12500000, -0.87500000, 0.00000000
