0.01000000, 0.00000000, -0.01000000, -0.00000000
0.00000000, 0.01000000, -0.01000000, -0.00886423
-0.00125000, 0.01000000, -0.00875000, -0.01600314
-0.00250000, 0.01000000, -0.00750000, -0.01717941
-0.00375000, 0.01000000, -0.00625000, -0.02043712
-0.00500000, 0.01000000, -0.00500000, -0.01932402
-0.00625000, 0.01000000, -0.00375000, -0.02046958
-0.00750000, 0.01000000, -0.00250000, -0.01762057
-0.00875000, 0.01000000, -0.00125000, -0.01656074
-0.01000000, 0.01000000, 0.00000000, -0.01008493
-0.01000000, 0.00875000, 0.00125000, -0.00513342
-0.01000000, 0.00750000, 0.00250000, -0.00253811
-0.01000000, 0.00625000, 0.00375000, -0.00078673
-0.01000000, 0.00500000, 0.00500000, -0.00000573
-0.01000000, 0.00375000, 0.00625000, 0.00029135
-0.01000000, 0.00250000, 0.00750000, 0.00052788
-0.01000000, 0.00125000, 0.00875000, 0.00026418
-0.01000000, 0.00000000, 0.01000000, -0.00000000
0.00000000, -0.01000000, 0.01000000, 0.01008493
0.00125000, -0.01000000, 0.00875000, 0.01656074
0.00250000, -0.01000000, 0.00750000, 0.01762057
0.00375000, -0.01000000, 0.00625000, 0.02046958
0.00500000, -0.01000000, 0.00500000, 0.01932402
0.00625000, -0.01000000, 0.00375000, 0.02043712
0.00750000, -0.01000000, 0.00250000, 0.01717941
0.00875000, -0.01000000, 0.00125000, 0.01600314
0.01000000, -0.01000000, 0.00000000, 0.00886423
0.01000000, -0.00875000, -0.00125000, 0.00325664
0.01000000, -0.00750000, -0.00250000, 0.00056323
0.01000000, -0.00625000, -0.00375000, -0.00135829
0.01000000, -0.00500000, -0.00500000, -0.00173914
0.01000000, -0.00375000, -0.00625000, -0.00156158
0.01000000, -0.00250000, -0.00750000, -0.00151731
0.01000000, -0.00125000, -0.00875000, -0.00076622
0.02000000, 0.00000000, -0.02000000, 0.00000000
0.01750000, 0.00250000, -0.02000000, 0.00001850
0.01500000, 0.00500000, -0.02000000, -0.00012438
0.01250000, 0.00750000, -0.02000000, -0.00023669
0.01000000, 0.01000000, -0.02000000, -0.00084195
0.00750000, 0.01250000, -0.02000000, -0.00182378
0.00500000, 0.01500000, -0.02000000, -0.00310564
0.00250000, 0.01750000, -0.02000000, -0.00544182
0.00000000, 0.02000000, -0.02000000, -0.00971816
-0.00250000, 0.02000000, -0.01750000, -0.01440707
-0.00500000, 0.02000000, -0.01500000, -0.01627019
-0.00750000, 0.02000000, -0.01250000, -0.01749099
-0.01000000, 0.02000000, -0.01000000, -0.01741347
-0.01250000, 0.02000000, -0.00750000, -0.01768555
-0.01500000, 0.02000000, -0.00500000, -0.01647088
-0.01750000, 0.02000000, -0.00250000, -0.01494393
-0.02000000, 0.02000000, 0.00000000, -0.01092422
-0.02000000, 0.01750000, 0.00250000, -0.00739833
-0.02000000, 0.01500000, 0.00500000, -0.00525889
-0.02000000, 0.01250000, 0.00750000, -0.00370636
-0.02000000, 0.01000000, 0.01000000, -0.00252525
-0.02000000, 0.00750000, 0.01250000, -0.00156013
-0.02000000, 0.00500000, 0.01500000, -0.00092233
-0.02000000, 0.00250000, 0.01750000, -0.00038436
-0.02000000, 0.00000000, 0.02000000, 0.00000000
-0.01750000, -0.00250000, 0.02000000, 0.00038436
-0.01500000, -0.00500000, 0.02000000, 0.00092233
-0.01250000, -0.00750000, 0.02000000, 0.00156013
-0.01000000, -0.01000000, 0.02000000, 0.00252525
-0.00750000, -0.01250000, 0.02000000, 0.00370636
-0.00500000, -0.01500000, 0.02000000, 0.00525889
-0.00250000, -0.01750000, 0.02000000, 0.00739833
0.00000000, -0.02000000, 0.02000000, 0.01092422
0.00250000, -0.02000000, 0.01750000, 0.01494393
0.00500000, -0.02000000, 0.01500000, 0.01647088
0.00750000, -0.02000000, 0.01250000, 0.01768555
0.01000000, -0.02000000, 0.01000000, 0.01741347
0.01250000, -0.02000000, 0.00750000, 0.01749099
0.01500000, -0.02000000, 0.00500000, 0.01627019
0.01750000, -0.02000000, 0.00250000, 0.01440707
0.02000000, -0.02000000, 0.00000000, 0.00971816
0.02000000, -0.01750000, -0.00250000, 0.00544182
0.02000000, -0.01500000, -0.00500000, 0.00310564
0.02000000, -0.01250000, -0.00750000, 0.00182378
0.02000000, -0.01000000, -0.01000000, 0.00084195
0.02000000, -0.00750000, -0.01250000, 0.00023669
0.02000000, -0.00500000, -0.01500000, 0.00012438
0.02000000, -0.00250000, -0.01750000, -0.00001850
0.03000000, 0.00000000, -0.03000000, -0.00000000
0.02625000, 0.00375000, -0.03000000, -0.00023941
0.02250000, 0.00750000, -0.03000000, -0.00064549
0.01875000, 0.01125000, -0.03000000, -0.00111732
0.01500000, 0.01500000, -0.03000000, -0.00185796
0.01125000, 0.01875000, -0.03000000, -0.00290560
0.00750000, 0.02250000, -0.03000000, -0.00434289
0.00375000, 0.02625000, -0.03000000, -0.00659826
0.00000000, 0.03000000, -0.03000000, -0.01057958
-0.00375000, 0.03000000, -0.02625000, -0.01484798
-0.00750000, 0.03000000, -0.02250000, -0.01667325
-0.01125000, 0.03000000, -0.01875000, -0.01774618
-0.01500000, 0.03000000, -0.01500000, -0.01811360
-0.01875000, 0.03000000, -0.01125000, -0.01788649
-0.02250000, 0.03000000, -0.00750000, -0.01691272
-0.02625000, 0.03000000, -0.00375000, -0.01549046
-0.03000000, 0.03000000, 0.00000000, -0.01199469
-0.03000000, 0.02625000, 0.00375000, -0.00875605
-0.03000000, 0.02250000, 0.00750000, -0.00663737
-0.03000000, 0.01875000, 0.01125000, -0.00493201
-0.03000000, 0.01500000, 0.01500000, -0.00354650
-0.03000000, 0.01125000, 0.01875000, -0.00240204
-0.03000000, 0.00750000, 0.02250000, -0.00146732
-0.03000000, 0.00375000, 0.02625000, -0.00064563
-0.03000000, 0.00000000, 0.03000000, -0.00000000
-0.02625000, -0.00375000, 0.03000000, 0.00064563
-0.02250000, -0.00750000, 0.03000000, 0.00146732
-0.01875000, -0.01125000, 0.03000000, 0.00240204
-0.01500000, -0.01500000, 0.03000000, 0.00354650
-0.01125000, -0.01875000, 0.03000000, 0.00493201
-0.00750000, -0.02250000, 0.03000000, 0.00663737
-0.00375000, -0.02625000, 0.03000000, 0.00875605
0.00000000, -0.03000000, 0.03000000, 0.01199469
0.00375000, -0.03000000, 0.02625000, 0.01549046
0.00750000, -0.03000000, 0.02250000, 0.01691272
0.01125000, -0.03000000, 0.01875000, 0.01788649
0.01500000, -0.03000000, 0.01500000, 0.01811360
0.01875000, -0.03000000, 0.01125000, 0.01774618
0.02250000, -0.03000000, 0.00750000, 0.01667325
0.02625000, -0.03000000, 0.00375000, 0.01484798
0.03000000, -0.03000000, 0.00000000, 0.01057958
0.03000000, -0.02625000, -0.00375000, 0.00659826
0.03000000, -0.02250000, -0.00750000, 0.00434289
0.03000000, -0.01875000, -0.01125000, 0.00290560
0.03000000, -0.01500000, -0.01500000, 0.00185796
0.03000000, -0.01125000, -0.01875000, 0.00111732
0.03000000, -0.00750000, -0.02250000, 0.00064549
0.03000000, -0.00375000, -0.02625000, 0.00023941
0.04000000, 0.00000000, -0.04000000, 0.00000000
0.03500000, 0.00500000, -0.04000000, -0.00039770
0.03000000, 0.01000000, -0.04000000, -0.00093039
0.02500000, 0.01500000, -0.04000000, -0.00157017
0.02000000, 0.02000000, -0.04000000, -0.00241340
0.01500000, 0.02500000, -0.04000000, -0.00353253
0.01000000, 0.03000000, -0.04000000, -0.00508702
0.00500000, 0.03500000, -0.04000000, -0.00733201
0.00000000, 0.04000000, -0.04000000, -0.01133072
-0.00500000, 0.04000000, -0.03500000, -0.01558370
-0.01000000, 0.04000000, -0.03000000, -0.01750119
-0.01500000, 0.04000000, -0.02500000, -0.01853630
-0.02000000, 0.04000000, -0.02000000, -0.01890182
-0.02500000, 0.04000000, -0.01500000, -0.01871016
-0.03000000, 0.04000000, -0.01000000, -0.01790390
-0.03500000, 0.04000000, -0.00500000, -0.01639615
-0.04000000, 0.04000000, 0.00000000, -0.01306115
-0.04000000, 0.03500000, 0.00500000, -0.00982647
-0.04000000, 0.03000000, 0.01000000, -0.00759798
-0.04000000, 0.02500000, 0.01500000, -0.00577982
-0.04000000, 0.02000000, 0.02000000, -0.00424926
-0.04000000, 0.01500000, 0.02500000, -0.00293286
-0.04000000, 0.01000000, 0.03000000, -0.00180263
-0.04000000, 0.00500000, 0.03500000, -0.00081758
-0.04000000, 0.00000000, 0.04000000, 0.00000000
-0.03500000, -0.00500000, 0.04000000, 0.00081758
-0.03000000, -0.01000000, 0.04000000, 0.00180263
-0.02500000, -0.01500000, 0.04000000, 0.00293286
-0.02000000, -0.02000000, 0.04000000, 0.00424926
-0.01500000, -0.02500000, 0.04000000, 0.00577982
-0.01000000, -0.03000000, 0.04000000, 0.00759798
-0.00500000, -0.03500000, 0.04000000, 0.00982647
0.00000000, -0.04000000, 0.04000000, 0.01306115
0.00500000, -0.04000000, 0.03500000, 0.01639615
0.01000000, -0.04000000, 0.03000000, 0.01790390
0.01500000, -0.04000000, 0.02500000, 0.01871016
0.02000000, -0.04000000, 0.02000000, 0.01890182
0.02500000, -0.04000000, 0.01500000, 0.01853630
0.03000000, -0.04000000, 0.01000000, 0.01750119
0.03500000, -0.04000000, 0.00500000, 0.01558370
0.04000000, -0.04000000, 0.00000000, 0.01133072
0.04000000, -0.03500000, -0.00500000, 0.00733201
0.04000000, -0.03000000, -0.01000000, 0.00508702
0.04000000, -0.02500000, -0.01500000, 0.00353253
0.04000000, -0.02000000, -0.02000000, 0.00241340
0.04000000, -0.01500000, -0.02500000, 0.00157017
0.04000000, -0.01000000, -0.03000000, 0.00093039
0.04000000, -0.00500000, -0.03500000, 0.00039770
0.05000000, 0.00000000, -0.05000000, 0.00000000
0.04375000, 0.00625000, -0.05000000, -0.00046598
0.03750000, 0.01250000, -0.05000000, -0.00110138
0.03125000, 0.01875000, -0.05000000, -0.00182426
0.02500000, 0.02500000, -0.05000000, -0.00276427
0.01875000, 0.03125000, -0.05000000, -0.00397598
0.01250000, 0.03750000, -0.05000000, -0.00559296
0.00625000, 0.04375000, -0.05000000, -0.00790144
0.00000000, 0.05000000, -0.05000000, -0.01197755
-0.00625000, 0.05000000, -0.04375000, -0.01631509
-0.01250000, 0.05000000, -0.03750000, -0.01831679
-0.01875000, 0.05000000, -0.03125000, -0.01940468
-0.02500000, 0.05000000, -0.02500000, -0.01983946
-0.03125000, 0.05000000, -0.01875000, -0.01965384
-0.03750000, 0.05000000, -0.01250000, -0.01886661
-0.04375000, 0.05000000, -0.00625000, -0.01736145
-0.05000000, 0.05000000, 0.00000000, -0.01409803
-0.05000000, 0.04375000, 0.00625000, -0.01078461
-0.05000000, 0.03750000, 0.01250000, -0.00842928
-0.05000000, 0.03125000, 0.01875000, -0.00648024
-0.05000000, 0.02500000, 0.02500000, -0.00479791
-0.05000000, 0.01875000, 0.03125000, -0.00333347
-0.05000000, 0.01250000, 0.03750000, -0.00205916
-0.05000000, 0.00625000, 0.04375000, -0.00093328
-0.05000000, 0.00000000, 0.05000000, -0.00000000
-0.04375000, -0.00625000, 0.05000000, 0.00093328
-0.03750000, -0.01250000, 0.05000000, 0.00205916
-0.03125000, -0.01875000, 0.05000000, 0.00333347
-0.02500000, -0.02500000, 0.05000000, 0.00479791
-0.01875000, -0.03125000, 0.05000000, 0.00648024
-0.01250000, -0.03750000, 0.05000000, 0.00842928
-0.00625000, -0.04375000, 0.05000000, 0.01078461
0.00000000, -0.05000000, 0.05000000, 0.01409803
0.00625000, -0.05000000, 0.04375000, 0.01736145
0.01250000, -0.05000000, 0.03750000, 0.01886661
0.01875000, -0.05000000, 0.03125000, 0.01965384
0.02500000, -0.05000000, 0.02500000, 0.01983946
0.03125000, -0.05000000, 0.01875000, 0.01940468
0.03750000, -0.05000000, 0.01250000, 0.01831679
0.04375000, -0.05000000, 0.00625000, 0.01631509
0.05000000, -0.05000000, 0.00000000, 0.01197755
0.05000000, -0.04375000, -0.00625000, 0.00790144
0.05000000, -0.03750000, -0.01250000, 0.00559296
0.05000000, -0.03125000, -0.01875000, 0.00397598
0.05000000, -0.02500000, -0.02500000, 0.00276427
0.05000000, -0.01875000, -0.03125000, 0.00182426
0.05000000, -0.01250000, -0.03750000, 0.00110138
0.05000000, -0.00625000, -0.04375000, 0.00046598
0.06000000, 0.00000000, -0.06000000, 0.00000000
0.05250000, 0.00750000, -0.06000000, -0.00055517
0.04500000, 0.01500000, -0.06000000, -0.00123132
0.03750000, 0.02250000, -0.06000000, -0.00202481
0.03000000, 0.03000000, -0.06000000, -0.00299845
0.02250000, 0.03750000, -0.06000000, -0.00425792
0.01500000, 0.04500000, -0.06000000, -0.00593486
0.00750000, 0.05250000, -0.06000000, -0.00831974
0.00000000, 0.06000000, -0.06000000, -0.01257968
-0.00750000, 0.06000000, -0.05250000, -0.01708275
-0.01500000, 0.06000000, -0.04500000, -0.01916236
-0.02250000, 0.06000000, -0.03750000, -0.02030166
-0.03000000, 0.06000000, -0.03000000, -0.02073604
-0.03750000, 0.06000000, -0.02250000, -0.02061326
-0.04500000, 0.06000000, -0.01500000, -0.01985627
-0.05250000, 0.06000000, -0.00750000, -0.01836917
-0.06000000, 0.06000000, 0.00000000, -0.01514458
-0.06000000, 0.05250000, 0.00750000, -0.01168154
-0.06000000, 0.04500000, 0.01500000, -0.00918722
-0.06000000, 0.03750000, 0.02250000, -0.00709586
-0.06000000, 0.03000000, 0.03000000, -0.00528127
-0.06000000, 0.02250000, 0.03750000, -0.00368756
-0.06000000, 0.01500000, 0.04500000, -0.00228188
-0.06000000, 0.00750000, 0.05250000, -0.00104835
-0.06000000, 0.00000000, 0.06000000, -0.00000000
-0.05250000, -0.00750000, 0.06000000, 0.00104835
-0.04500000, -0.01500000, 0.06000000, 0.00228188
-0.03750000, -0.02250000, 0.06000000, 0.00368756
-0.03000000, -0.03000000, 0.06000000, 0.00528127
-0.02250000, -0.03750000, 0.06000000, 0.00709586
-0.01500000, -0.04500000, 0.06000000, 0.00918722
-0.00750000, -0.05250000, 0.06000000, 0.01168154
0.00000000, -0.06000000, 0.06000000, 0.01514458
0.00750000, -0.06000000, 0.05250000, 0.01836917
0.01500000, -0.06000000, 0.04500000, 0.01985627
0.02250000, -0.06000000, 0.03750000, 0.02061326
0.03000000, -0.06000000, 0.03000000, 0.02073604
0.03750000, -0.06000000, 0.02250000, 0.02030166
0.04500000, -0.06000000, 0.01500000, 0.01916236
0.05250000, -0.06000000, 0.00750000, 0.01708275
0.06000000, -0.06000000, 0.00000000, 0.01257968
0.06000000, -0.05250000, -0.00750000, 0.00831974
0.06000000, -0.04500000, -0.01500000, 0.00593486
0.06000000, -0.03750000, -0.02250000, 0.00425792
0.06000000, -0.03000000, -0.03000000, 0.00299845
0.06000000, -0.02250000, -0.03750000, 0.00202481
0.06000000, -0.01500000, -0.04500000, 0.00123132
0.06000000, -0.00750000, -0.05250000, 0.00055517
0.07000000, 0.00000000, -0.07000000, 0.00000000
0.06125000, 0.00875000, -0.07000000, -0.00061324
0.05250000, 0.01750000, -0.07000000, -0.00130448
0.04375000, 0.02625000, -0.07000000, -0.00214394
0.03500000, 0.03500000, -0.07000000, -0.00317688
0.02625000, 0.04375000, -0.07000000, -0.00449605
0.01750000, 0.05250000, -0.07000000, -0.00624154
0.00875000, 0.06125000, -0.07000000, -0.00870167
0.00000000, 0.07000000, -0.07000000, -0.01311262
-0.00875000, 0.07000000, -0.06125000, -0.01777115
-0.01750000, 0.07000000, -0.05250000, -0.01996492
-0.02625000, 0.07000000, -0.04375000, -0.02118229
-0.03500000, 0.07000000, -0.03500000, -0.02168128
-0.04375000, 0.07000000, -0.02625000, -0.02158462
-0.05250000, 0.07000000, -0.01750000, -0.02084767
-0.06125000, 0.07000000, -0.00875000, -0.01933585
-0.07000000, 0.07000000, 0.00000000, -0.01616743
-0.07000000, 0.06125000, 0.00875000, -0.01256379
-0.07000000, 0.05250000, 0.01750000, -0.00991517
-0.07000000, 0.04375000, 0.02625000, -0.00767871
-0.07000000, 0.03500000, 0.03500000, -0.00572350
-0.07000000, 0.02625000, 0.04375000, -0.00399659
-0.07000000, 0.01750000, 0.05250000, -0.00247309
-0.07000000, 0.00875000, 0.06125000, -0.00114646
-0.07000000, 0.00000000, 0.07000000, -0.00000000
-0.06125000, -0.00875000, 0.07000000, 0.00114646
-0.05250000, -0.01750000, 0.07000000, 0.00247309
-0.04375000, -0.02625000, 0.07000000, 0.00399659
-0.03500000, -0.03500000, 0.07000000, 0.00572350
-0.02625000, -0.04375000, 0.07000000, 0.00767871
-0.01750000, -0.05250000, 0.07000000, 0.00991517
-0.00875000, -0.06125000, 0.07000000, 0.01256379
0.00000000, -0.07000000, 0.07000000, 0.01616743
0.00875000, -0.07000000, 0.06125000, 0.01933585
0.01750000, -0.07000000, 0.05250000, 0.02084767
0.02625000, -0.07000000, 0.04375000, 0.02158462
0.03500000, -0.07000000, 0.03500000, 0.02168128
0.04375000, -0.07000000, 0.02625000, 0.02118229
0.05250000, -0.07000000, 0.01750000, 0.01996492
0.06125000, -0.07000000, 0.00875000, 0.01777115
0.07000000, -0.07000000, 0.00000000, 0.01311262
0.07000000, -0.06125000, -0.00875000, 0.00870167
0.07000000, -0.05250000, -0.01750000, 0.00624154
0.07000000, -0.04375000, -0.02625000, 0.00449605
0.07000000, -0.03500000, -0.03500000, 0.00317688
0.07000000, -0.02625000, -0.04375000, 0.00214394
0.07000000, -0.01750000, -0.05250000, 0.00130448
0.07000000, -0.00875000, -0.06125000, 0.00061324
0.08000000, 0.00000000, -0.08000000, -0.00000000
0.07000000, 0.01000000, -0.08000000, -0.00063919
0.06000000, 0.02000000, -0.08000000, -0.00135079
0.05000000, 0.03000000, -0.08000000, -0.00222442
0.04000000, 0.04000000, -0.08000000, -0.00331652
0.03000000, 0.05000000, -0.08000000, -0.00470053
0.02000000, 0.06000000, -0.08000000, -0.00651375
0.01000000, 0.07000000, -0.08000000, -0.00906054
0.00000000, 0.08000000, -0.08000000, -0.01362304
-0.01000000, 0.08000000, -0.07000000, -0.01844184
-0.02000000, 0.08000000, -0.06000000, -0.02075141
-0.03000000, 0.08000000, -0.05000000, -0.02205027
-0.04000000, 0.08000000, -0.04000000, -0.02263058
-0.05000000, 0.08000000, -0.03000000, -0.02255147
-0.06000000, 0.08000000, -0.02000000, -0.02183622
-0.07000000, 0.08000000, -0.01000000, -0.02031747
-0.08000000, 0.08000000, 0.00000000, -0.01719844
-0.08000000, 0.07000000, 0.01000000, -0.01344072
-0.08000000, 0.06000000, 0.02000000, -0.01062773
-0.08000000, 0.05000000, 0.03000000, -0.00824251
-0.08000000, 0.04000000, 0.04000000, -0.00614156
-0.08000000, 0.03000000, 0.05000000, -0.00428396
-0.08000000, 0.02000000, 0.06000000, -0.00264865
-0.08000000, 0.01000000, 0.07000000, -0.00122856
-0.08000000, 0.00000000, 0.08000000, -0.00000000
-0.07000000, -0.01000000, 0.08000000, 0.00122856
-0.06000000, -0.02000000, 0.08000000, 0.00264865
-0.05000000, -0.03000000, 0.08000000, 0.00428396
-0.04000000, -0.04000000, 0.08000000, 0.00614156
-0.03000000, -0.05000000, 0.08000000, 0.00824251
-0.02000000, -0.06000000, 0.08000000, 0.01062773
-0.01000000, -0.07000000, 0.08000000, 0.01344072
0.00000000, -0.08000000, 0.08000000, 0.01719844
0.01000000, -0.08000000, 0.07000000, 0.02031747
0.02000000, -0.08000000, 0.06000000, 0.02183622
0.03000000, -0.08000000, 0.05000000, 0.02255147
0.04000000, -0.08000000, 0.04000000, 0.02263058
0.05000000, -0.08000000, 0.03000000, 0.02205027
0.06000000, -0.08000000, 0.02000000, 0.02075141
0.07000000, -0.08000000, 0.01000000, 0.01844184
0.08000000, -0.08000000, 0.00000000, 0.01362304
0.08000000, -0.07000000, -0.01000000, 0.00906054
0.08000000, -0.06000000, -0.02000000, 0.00651375
0.08000000, -0.05000000, -0.03000000, 0.00470053
0.08000000, -0.04000000, -0.04000000, 0.00331652
0.08000000, -0.03000000, -0.05000000, 0.00222442
0.08000000, -0.02000000, -0.06000000, 0.00135079
0.08000000, -0.01000000, -0.07000000, 0.00063919
0.09000000, 0.00000000, -0.09000000, 0.00000000
0.07875000, 0.01125000, -0.09000000, -0.00065669
0.06750000, 0.02250000, -0.09000000, -0.00139575
0.05625000, 0.03375000, -0.09000000, -0.00230195
0.04500000, 0.04500000, -0.09000000, -0.00343170
0.03375000, 0.05625000, -0.09000000, -0.00487025
0.02250000, 0.06750000, -0.09000000, -0.00674833
0.01125000, 0.07875000, -0.09000000, -0.00939371
0.00000000, 0.09000000, -0.09000000, -0.01414280
-0.01125000, 0.09000000, -0.07875000, -0.01914294
-0.02250000, 0.09000000, -0.06750000, -0.02155071
-0.03375000, 0.09000000, -0.05625000, -0.02291948
-0.04500000, 0.09000000, -0.04500000, -0.02355210
-0.05625000, 0.09000000, -0.03375000, -0.02351330
-0.06750000, 0.09000000, -0.02250000, -0.02283189
-0.07875000, 0.09000000, -0.01125000, -0.02134477
-0.09000000, 0.09000000, 0.00000000, -0.01825866
-0.09000000, 0.07875000, 0.01125000, -0.01431632
-0.09000000, 0.06750000, 0.02250000, -0.01133202
-0.09000000, 0.05625000, 0.03375000, -0.00879328
-0.09000000, 0.04500000, 0.04500000, -0.00654932
-0.09000000, 0.03375000, 0.05625000, -0.00456709
-0.09000000, 0.02250000, 0.06750000, -0.00282073
-0.09000000, 0.01125000, 0.07875000, -0.00130543
-0.09000000, 0.00000000, 0.09000000, 0.00000000
-0.07875000, -0.01125000, 0.09000000, 0.00130543
-0.06750000, -0.02250000, 0.09000000, 0.00282073
-0.05625000, -0.03375000, 0.09000000, 0.00456709
-0.04500000, -0.04500000, 0.09000000, 0.00654932
-0.03375000, -0.05625000, 0.09000000, 0.00879328
-0.02250000, -0.06750000, 0.09000000, 0.01133202
-0.01125000, -0.07875000, 0.09000000, 0.01431632
0.00000000, -0.09000000, 0.09000000, 0.01825866
0.01125000, -0.09000000, 0.07875000, 0.02134477
0.02250000, -0.09000000, 0.06750000, 0.02283189
0.03375000, -0.09000000, 0.05625000, 0.02351330
0.04500000, -0.09000000, 0.04500000, 0.02355210
0.05625000, -0.09000000, 0.03375000, 0.02291948
0.06750000, -0.09000000, 0.02250000, 0.02155071
0.07875000, -0.09000000, 0.01125000, 0.01914294
0.09000000, -0.09000000, 0.00000000, 0.01414280
0.09000000, -0.07875000, -0.01125000, 0.00939371
0.09000000, -0.06750000, -0.02250000, 0.00674833
0.09000000, -0.05625000, -0.03375000, 0.00487025
0.09000000, -0.04500000, -0.04500000, 0.00343170
0.09000000, -0.03375000, -0.05625000, 0.00230195
0.09000000, -0.02250000, -0.06750000, 0.00139575
0.09000000, -0.01125000, -0.07875000, 0.00065669
0.10000000, 0.00000000, -0.10000000, 0.00000000
0.08750000, 0.01250000, -0.10000000, -0.00067619
0.07500000, 0.02500000, -0.10000000, -0.00144384
0.06250000, 0.03750000, -0.10000000, -0.00238282
0.05000000, 0.05000000, -0.10000000, -0.00353988
0.03750000, 0.06250000, -0.10000000, -0.00502539
0.02500000, 0.07500000, -0.10000000, -0.00696980
0.01250000, 0.08750000, -0.10000000, -0.00971929
0.00000000, 0.10000000, -0.10000000, -0.01467467
-0.01250000, 0.10000000, -0.08750000, -0.01986470
-0.02500000, 0.10000000, -0.07500000, -0.02236035
-0.03750000, 0.10000000, -0.06250000, -0.02379269
-0.05000000, 0.10000000, -0.05000000, -0.02446004
-0.06250000, 0.10000000, -0.03750000, -0.02447683
-0.07500000, 0.10000000, -0.02500000, -0.02383642
-0.08750000, 0.10000000, -0.01250000, -0.02239938
-0.10000000, 0.10000000, 0.00000000, -0.01934301
-0.10000000, 0.08750000, 0.01250000, -0.01519766
-0.10000000, 0.07500000, 0.02500000, -0.01203646
-0.10000000, 0.06250000, 0.03750000, -0.00933927
-0.10000000, 0.05000000, 0.05000000, -0.00695446
-0.10000000, 0.03750000, 0.06250000, -0.00484960
-0.10000000, 0.02500000, 0.07500000, -0.00299225
-0.10000000, 0.01250000, 0.08750000, -0.00138219
-0.10000000, 0.00000000, 0.10000000, 0.00000000
-0.08750000, -0.01250000, 0.10000000, 0.00138219
-0.07500000, -0.02500000, 0.10000000, 0.00299225
-0.06250000, -0.03750000, 0.10000000, 0.00484960
-0.05000000, -0.05000000, 0.10000000, 0.00695446
-0.03750000, -0.06250000, 0.10000000, 0.00933927
-0.02500000, -0.07500000, 0.10000000, 0.01203646
-0.01250000, -0.08750000, 0.10000000, 0.01519766
0.00000000, -0.10000000, 0.10000000, 0.01934301
0.01250000, -0.10000000, 0.08750000, 0.02239938
0.02500000, -0.10000000, 0.07500000, 0.02383642
0.03750000, -0.10000000, 0.06250000, 0.02447683
0.05000000, -0.10000000, 0.05000000, 0.02446004
0.06250000, -0.10000000, 0.03750000, 0.02379269
0.07500000, -0.10000000, 0.02500000, 0.02236035
0.08750000, -0.10000000, 0.01250000, 0.01986470
0.10000000, -0.10000000, 0.00000000, 0.01467467
0.10000000, -0.08750000, -0.01250000, 0.00971929
0.10000000, -0.07500000, -0.02500000, 0.00696980
0.10000000, -0.06250000, -0.03750000, 0.00502539
0.10000000, -0.05000000, -0.05000000, 0.00353988
0.10000000, -0.03750000, -0.06250000, 0.00238282
0.10000000, -0.02500000, -0.07500000, 0.00144384
0.10000000, -0.01250000, -0.08750000, 0.00067619
0.15000000, 0.00000000, -0.15000000, -0.00000000
0.13125000, 0.01875000, -0.15000000, -0.00081941
0.11250000, 0.03750000, -0.15000000, -0.00175458
0.09375000, 0.05625000, -0.15000000, -0.00288582
0.07500000, 0.07500000, -0.15000000, -0.00429440
0.05625000, 0.09375000, -0.15000000, -0.00608471
0.03750000, 0.11250000, -0.15000000, -0.00842464
0.01875000, 0.13125000, -0.15000000, -0.01169844
0.00000000, 0.15000000, -0.15000000, -0.01755805
-0.01875000, 0.15000000, -0.13125000, -0.02354148
-0.03750000, 0.15000000, -0.11250000, -0.02647926
-0.05625000, 0.15000000, -0.09375000, -0.02823453
-0.07500000, 0.15000000, -0.07500000, -0.02917265
-0.09375000, 0.15000000, -0.05625000, -0.02939247
-0.11250000, 0.15000000, -0.03750000, -0.02893925
-0.13125000, 0.15000000, -0.01875000, -0.02769231
-0.15000000, 0.15000000, 0.00000000, -0.02488273
-0.15000000, 0.13125000, 0.01875000, -0.01971808
-0.15000000, 0.11250000, 0.03750000, -0.01564485
-0.15000000, 0.09375000, 0.05625000, -0.01211738
-0.15000000, 0.07500000, 0.07500000, -0.00900106
-0.15000000, 0.05625000, 0.09375000, -0.00625327
-0.15000000, 0.03750000, 0.11250000, -0.00384624
-0.15000000, 0.01875000, 0.13125000, -0.00176788
-0.15000000, 0.00000000, 0.15000000, -0.00000000
-0.13125000, -0.01875000, 0.15000000, 0.00176788
-0.11250000, -0.03750000, 0.15000000, 0.00384624
-0.09375000, -0.05625000, 0.15000000, 0.00625327
-0.07500000, -0.07500000, 0.15000000, 0.00900106
-0.05625000, -0.09375000, 0.15000000, 0.01211738
-0.03750000, -0.11250000, 0.15000000, 0.01564485
-0.01875000, -0.13125000, 0.15000000, 0.01971808
0.00000000, -0.15000000, 0.15000000, 0.02488273
0.01875000, -0.15000000, 0.13125000, 0.02769231
0.03750000, -0.15000000, 0.11250000, 0.02893925
0.05625000, -0.15000000, 0.09375000, 0.02939247
0.07500000, -0.15000000, 0.07500000, 0.02917265
0.09375000, -0.15000000, 0.05625000, 0.02823453
0.11250000, -0.15000000, 0.03750000, 0.02647926
0.13125000, -0.15000000, 0.01875000, 0.02354148
0.15000000, -0.15000000, 0.00000000, 0.01755805
0.15000000, -0.13125000, -0.01875000, 0.01169844
0.15000000, -0.11250000, -0.03750000, 0.00842464
0.15000000, -0.09375000, -0.05625000, 0.00608471
0.15000000, -0.07500000, -0.07500000, 0.00429440
0.15000000, -0.05625000, -0.09375000, 0.00288582
0.15000000, -0.03750000, -0.11250000, 0.00175458
0.15000000, -0.01875000, -0.13125000, 0.00081941
0.20000000, 0.00000000, -0.20000000, 0.00000000
0.17500000, 0.02500000, -0.20000000, -0.00115187
0.15000000, 0.05000000, -0.20000000, -0.00241214
0.12500000, 0.07500000, -0.20000000, -0.00388002
0.10000000, 0.10000000, -0.20000000, -0.00563621
0.07500000, 0.12500000, -0.20000000, -0.00782999
0.05000000, 0.15000000, -0.20000000, -0.01063246
0.02500000, 0.17500000, -0.20000000, -0.01444752
0.00000000, 0.20000000, -0.20000000, -0.02104838
-0.02500000, 0.20000000, -0.17500000, -0.02766567
-0.05000000, 0.20000000, -0.15000000, -0.03094053
-0.07500000, 0.20000000, -0.12500000, -0.03291960
-0.10000000, 0.20000000, -0.10000000, -0.03400241
-0.12500000, 0.20000000, -0.07500000, -0.03437418
-0.15000000, 0.20000000, -0.05000000, -0.03403180
-0.17500000, 0.20000000, -0.02500000, -0.03287309
-0.20000000, 0.20000000, 0.00000000, -0.03010635
-0.20000000, 0.17500000, 0.02500000, -0.02403536
-0.20000000, 0.15000000, 0.05000000, -0.01912745
-0.20000000, 0.12500000, 0.07500000, -0.01482243
-0.20000000, 0.10000000, 0.10000000, -0.01101148
-0.20000000, 0.07500000, 0.12500000, -0.00765018
-0.20000000, 0.05000000, 0.15000000, -0.00470435
-0.20000000, 0.02500000, 0.17500000, -0.00216048
-0.20000000, 0.00000000, 0.20000000, 0.00000000
-0.17500000, -0.02500000, 0.20000000, 0.00216048
-0.15000000, -0.05000000, 0.20000000, 0.00470435
-0.12500000, -0.07500000, 0.20000000, 0.00765018
-0.10000000, -0.10000000, 0.20000000, 0.01101148
-0.07500000, -0.12500000, 0.20000000, 0.01482243
-0.05000000, -0.15000000, 0.20000000, 0.01912745
-0.02500000, -0.17500000, 0.20000000, 0.02403536
0.00000000, -0.20000000, 0.20000000, 0.03010635
0.02500000, -0.20000000, 0.17500000, 0.03287309
0.05000000, -0.20000000, 0.15000000, 0.03403180
0.07500000, -0.20000000, 0.12500000, 0.03437418
0.10000000, -0.20000000, 0.10000000, 0.03400241
0.12500000, -0.20000000, 0.07500000, 0.03291960
0.15000000, -0.20000000, 0.05000000, 0.03094053
0.17500000, -0.20000000, 0.02500000, 0.02766567
0.20000000, -0.20000000, 0.00000000, 0.02104838
0.20000000, -0.17500000, -0.02500000, 0.01444752
0.20000000, -0.15000000, -0.05000000, 0.01063246
0.20000000, -0.12500000, -0.07500000, 0.00782999
0.20000000, -0.10000000, -0.10000000, 0.00563621
0.20000000, -0.07500000, -0.12500000, 0.00388002
0.20000000, -0.05000000, -0.15000000, 0.00241214
0.20000000, -0.02500000, -0.17500000, 0.00115187
0.25000000, 0.00000000, -0.25000000, -0.00000000
0.21875000, 0.03125000, -0.25000000, -0.00157178
0.18750000, 0.06250000, -0.25000000, -0.00326189
0.15625000, 0.09375000, -0.25000000, -0.00517708
0.12500000, 0.12500000, -0.25000000, -0.00742054
0.09375000, 0.15625000, -0.25000000, -0.01012265
0.06250000, 0.18750000, -0.25000000, -0.01344774
0.03125000, 0.21875000, -0.25000000, -0.01775348
0.00000000, 0.25000000, -0.25000000, -0.02461940
-0.03125000, 0.25000000, -0.21875000, -0.03172711
-0.06250000, 0.25000000, -0.18750000, -0.03536595
-0.09375000, 0.25000000, -0.15625000, -0.03755239
-0.12500000, 0.25000000, -0.12500000, -0.03872010
-0.15625000, 0.25000000, -0.09375000, -0.03901813
-0.18750000, 0.25000000, -0.06250000, -0.03847821
-0.21875000, 0.25000000, -0.03125000, -0.03696869
-0.25000000, 0.25000000, 0.00000000, -0.03375840
-0.25000000, 0.21875000, 0.03125000, -0.02733120
-0.25000000, 0.18750000, 0.06250000, -0.02185292
-0.25000000, 0.15625000, 0.09375000, -0.01695975
-0.25000000, 0.12500000, 0.12500000, -0.01258900
-0.25000000, 0.09375000, 0.15625000, -0.00872226
-0.25000000, 0.06250000, 0.18750000, -0.00534150
-0.25000000, 0.03125000, 0.21875000, -0.00243692
-0.25000000, 0.00000000, 0.25000000, -0.00000000
-0.21875000, -0.03125000, 0.25000000, 0.00243692
-0.18750000, -0.06250000, 0.25000000, 0.00534150
-0.15625000, -0.09375000, 0.25000000, 0.00872226
-0.12500000, -0.12500000, 0.25000000, 0.01258900
-0.09375000, -0.15625000, 0.25000000, 0.01695975
-0.06250000, -0.18750000, 0.25000000, 0.02185292
-0.03125000, -0.21875000, 0.25000000, 0.02733120
0.00000000, -0.25000000, 0.25000000, 0.03375840
0.03125000, -0.25000000, 0.21875000, 0.03696869
0.06250000, -0.25000000, 0.18750000, 0.03847821
0.09375000, -0.25000000, 0.15625000, 0.03901813
0.12500000, -0.25000000, 0.12500000, 0.03872010
0.15625000, -0.25000000, 0.09375000, 0.03755239
0.18750000, -0.25000000, 0.06250000, 0.03536595
0.21875000, -0.25000000, 0.03125000, 0.03172711
0.25000000, -0.25000000, 0.00000000, 0.02461940
0.25000000, -0.21875000, -0.03125000, 0.01775348
0.25000000, -0.18750000, -0.06250000, 0.01344774
0.25000000, -0.15625000, -0.09375000, 0.01012265
0.25000000, -0.12500000, -0.12500000, 0.00742054
0.25000000, -0.09375000, -0.15625000, 0.00517708
0.25000000, -0.06250000, -0.18750000, 0.00326189
0.25000000, -0.03125000, -0.21875000, 0.00157178
0.30000000, 0.00000000, -0.30000000, -0.00000000
0.26250000, 0.03750000, -0.30000000, -0.00189621
0.22500000, 0.07500000, -0.30000000, -0.00398290
0.18750000, 0.11250000, -0.30000000, -0.00633631
0.15000000, 0.15000000, -0.30000000, -0.00904442
0.11250000, 0.18750000, -0.30000000, -0.01222995
0.07500000, 0.22500000, -0.30000000, -0.01601680
0.03750000, 0.26250000, -0.30000000, -0.02066034
0.00000000, 0.30000000, -0.30000000, -0.02730249
-0.03750000, 0.30000000, -0.26250000, -0.03495812
-0.07500000, 0.30000000, -0.22500000, -0.03913080
-0.11250000, 0.30000000, -0.18750000, -0.04157566
-0.15000000, 0.30000000, -0.15000000, -0.04270463
-0.18750000, 0.30000000, -0.11250000, -0.04267070
-0.22500000, 0.30000000, -0.07500000, -0.04150536
-0.26250000, 0.30000000, -0.03750000, -0.03908077
-0.30000000, 0.30000000, 0.00000000, -0.03478104
-0.30000000, 0.26250000, 0.03750000, -0.02867680
-0.30000000, 0.22500000, 0.07500000, -0.02305502
-0.30000000, 0.18750000, 0.11250000, -0.01789104
-0.30000000, 0.15000000, 0.15000000, -0.01322748
-0.30000000, 0.11250000, 0.18750000, -0.00909409
-0.30000000, 0.07500000, 0.22500000, -0.00549740
-0.30000000, 0.03750000, 0.26250000, -0.00245526
-0.30000000, 0.00000000, 0.30000000, -0.00000000
-0.26250000, -0.03750000, 0.30000000, 0.00245526
-0.22500000, -0.07500000, 0.30000000, 0.00549740
-0.18750000, -0.11250000, 0.30000000, 0.00909409
-0.15000000, -0.15000000, 0.30000000, 0.01322748
-0.11250000, -0.18750000, 0.30000000, 0.01789104
-0.07500000, -0.22500000, 0.30000000, 0.02305502
-0.03750000, -0.26250000, 0.30000000, 0.02867680
0.00000000, -0.30000000, 0.30000000, 0.03478104
0.03750000, -0.30000000, 0.26250000, 0.03908077
0.07500000, -0.30000000, 0.22500000, 0.04150536
0.11250000, -0.30000000, 0.18750000, 0.04267070
0.15000000, -0.30000000, 0.15000000, 0.04270463
0.18750000, -0.30000000, 0.11250000, 0.04157566
0.22500000, -0.30000000, 0.07500000, 0.03913080
0.26250000, -0.30000000, 0.03750000, 0.03495812
0.30000000, -0.30000000, 0.00000000, 0.02730249
0.30000000, -0.26250000, -0.03750000, 0.02066034
0.30000000, -0.22500000, -0.07500000, 0.01601680
0.30000000, -0.18750000, -0.11250000, 0.01222995
0.30000000, -0.15000000, -0.15000000, 0.00904442
0.30000000, -0.11250000, -0.18750000, 0.00633631
0.30000000, -0.07500000, -0.22500000, 0.00398290
0.30000000, -0.03750000, -0.26250000, 0.00189621
0.35000000, 0.00000000, -0.35000000, 0.00000000
0.30625000, 0.04375000, -0.35000000, -0.00195568
0.26250000, 0.08750000, -0.35000000, -0.00423921
0.21875000, 0.13125000, -0.35000000, -0.00685936
0.17500000, 0.17500000, -0.35000000, -0.00986047
0.13125000, 0.21875000, -0.35000000, -0.01334750
0.08750000, 0.26250000, -0.35000000, -0.01739459
0.04375000, 0.30625000, -0.35000000, -0.02210503
0.00000000, 0.35000000, -0.35000000, -0.02802757
-0.04375000, 0.35000000, -0.30625000, -0.03640562
-0.08750000, 0.35000000, -0.26250000, -0.04142398
-0.13125000, 0.35000000, -0.21875000, -0.04430052
-0.17500000, 0.35000000, -0.17500000, -0.04533076
-0.21875000, 0.35000000, -0.13125000, -0.04469365
-0.26250000, 0.35000000, -0.08750000, -0.04243280
-0.30625000, 0.35000000, -0.04375000, -0.03853484
-0.35000000, 0.35000000, 0.00000000, -0.03267462
-0.35000000, 0.30625000, 0.04375000, -0.02753674
-0.35000000, 0.26250000, 0.08750000, -0.02223532
-0.35000000, 0.21875000, 0.13125000, -0.01719113
-0.35000000, 0.17500000, 0.17500000, -0.01259218
-0.35000000, 0.13125000, 0.21875000, -0.00852385
-0.35000000, 0.08750000, 0.26250000, -0.00502697
-0.35000000, 0.04375000, 0.30625000, -0.00215595
-0.35000000, 0.00000000, 0.35000000, 0.00000000
-0.30625000, -0.04375000, 0.35000000, 0.00215595
-0.26250000, -0.08750000, 0.35000000, 0.00502697
-0.21875000, -0.13125000, 0.35000000, 0.00852385
-0.17500000, -0.17500000, 0.35000000, 0.01259218
-0.13125000, -0.21875000, 0.35000000, 0.01719113
-0.08750000, -0.26250000, 0.35000000, 0.02223532
-0.04375000, -0.30625000, 0.35000000, 0.02753674
0.00000000, -0.35000000, 0.35000000, 0.03267462
0.04375000, -0.35000000, 0.30625000, 0.03853484
0.08750000, -0.35000000, 0.26250000, 0.04243280
0.13125000, -0.35000000, 0.21875000, 0.04469365
0.17500000, -0.35000000, 0.17500000, 0.04533076
0.21875000, -0.35000000, 0.13125000, 0.04430052
0.26250000, -0.35000000, 0.08750000, 0.04142398
0.30625000, -0.35000000, 0.04375000, 0.03640562
0.35000000, -0.35000000, 0.00000000, 0.02802757
0.35000000, -0.30625000, -0.04375000, 0.02210503
0.35000000, -0.26250000, -0.08750000, 0.01739459
0.35000000, -0.21875000, -0.13125000, 0.01334750
0.35000000, -0.17500000, -0.17500000, 0.00986047
0.35000000, -0.13125000, -0.21875000, 0.00685936
0.35000000, -0.08750000, -0.26250000, 0.00423921
0.35000000, -0.04375000, -0.30625000, 0.00195568
0.40000000, 0.00000000, -0.40000000, 0.00000000
0.35000000, 0.05000000, -0.40000000, -0.00170562
0.30000000, 0.10000000, -0.40000000, -0.00388580
0.25000000, 0.15000000, -0.40000000, -0.00647524
0.20000000, 0.20000000, -0.40000000, -0.00948706
0.15000000, 0.25000000, -0.40000000, -0.01297241
0.10000000, 0.30000000, -0.40000000, -0.01695639
0.05000000, 0.35000000, -0.40000000, -0.02137693
0.00000000, 0.40000000, -0.40000000, -0.02615193
-0.05000000, 0.40000000, -0.35000000, -0.03534971
-0.10000000, 0.40000000, -0.30000000, -0.04154597
-0.15000000, 0.40000000, -0.25000000, -0.04511073
-0.20000000, 0.40000000, -0.20000000, -0.04609609
-0.25000000, 0.40000000, -0.15000000, -0.04462837
-0.30000000, 0.40000000, -0.10000000, -0.04090061
-0.35000000, 0.40000000, -0.05000000, -0.03518617
-0.40000000, 0.40000000, 0.00000000, -0.02775475
-0.40000000, 0.35000000, 0.05000000, -0.02399196
-0.40000000, 0.30000000, 0.10000000, -0.01940654
-0.40000000, 0.25000000, 0.15000000, -0.01487296
-0.40000000, 0.20000000, 0.20000000, -0.01071474
-0.40000000, 0.15000000, 0.25000000, -0.00706975
-0.40000000, 0.10000000, 0.30000000, -0.00401333
-0.40000000, 0.05000000, 0.35000000, -0.00161568
-0.40000000, 0.00000000, 0.40000000, -0.00000000
-0.35000000, -0.05000000, 0.40000000, 0.00161568
-0.30000000, -0.10000000, 0.40000000, 0.00401333
-0.25000000, -0.15000000, 0.40000000, 0.00706975
-0.20000000, -0.20000000, 0.40000000, 0.01071474
-0.15000000, -0.25000000, 0.40000000, 0.01487296
-0.10000000, -0.30000000, 0.40000000, 0.01940654
-0.05000000, -0.35000000, 0.40000000, 0.02399196
0.00000000, -0.40000000, 0.40000000, 0.02775475
0.05000000, -0.40000000, 0.35000000, 0.03518617
0.10000000, -0.40000000, 0.30000000, 0.04090061
0.15000000, -0.40000000, 0.25000000, 0.04462837
0.20000000, -0.40000000, 0.20000000, 0.04609609
0.25000000, -0.40000000, 0.15000000, 0.04511073
0.30000000, -0.40000000, 0.10000000, 0.04154597
0.35000000, -0.40000000, 0.05000000, 0.03534971
0.40000000, -0.40000000, 0.00000000, 0.02615193
0.40000000, -0.35000000, -0.05000000, 0.02137693
0.40000000, -0.30000000, -0.10000000, 0.01695639
0.40000000, -0.25000000, -0.15000000, 0.01297241
0.40000000, -0.20000000, -0.20000000, 0.00948706
0.40000000, -0.15000000, -0.25000000, 0.00647524
0.40000000, -0.10000000, -0.30000000, 0.00388580
0.40000000, -0.05000000, -0.35000000, 0.00170562
0.45000000, 0.00000000, -0.45000000, -0.00000000
0.39375000, 0.05625000, -0.45000000, -0.00126126
0.33750000, 0.11250000, -0.45000000, -0.00306385
0.28125000, 0.16875000, -0.45000000, -0.00530727
0.22500000, 0.22500000, -0.45000000, -0.00798658
0.16875000, 0.28125000, -0.45000000, -0.01111171
0.11250000, 0.33750000, -0.45000000, -0.01466155
0.05625000, 0.39375000, -0.45000000, -0.01844310
0.00000000, 0.45000000, -0.45000000, -0.02187870
-0.05625000, 0.45000000, -0.39375000, -0.03169126
-0.11250000, 0.45000000, -0.33750000, -0.03919237
-0.16875000, 0.45000000, -0.28125000, -0.04365743
-0.22500000, 0.45000000, -0.22500000, -0.04468778
-0.28125000, 0.45000000, -0.16875000, -0.04231335
-0.33750000, 0.45000000, -0.11250000, -0.03700471
-0.39375000, 0.45000000, -0.05625000, -0.02957091
-0.45000000, 0.45000000, 0.00000000, -0.02112251
-0.45000000, 0.39375000, 0.05625000, -0.01876632
-0.45000000, 0.33750000, 0.11250000, -0.01514898
-0.45000000, 0.28125000, 0.16875000, -0.01143429
-0.45000000, 0.22500000, 0.22500000, -0.00803070
-0.45000000, 0.16875000, 0.28125000, -0.00510716
-0.45000000, 0.11250000, 0.33750000, -0.00274843
-0.45000000, 0.05625000, 0.39375000, -0.00101055
-0.45000000, 0.00000000, 0.45000000, -0.00000000
-0.39375000, -0.05625000, 0.45000000, 0.00101055
-0.33750000, -0.11250000, 0.45000000, 0.00274843
-0.28125000, -0.16875000, 0.45000000, 0.00510716
-0.22500000, -0.22500000, 0.45000000, 0.00803070
-0.16875000, -0.28125000, 0.45000000, 0.01143429
-0.11250000, -0.33750000, 0.45000000, 0.01514898
-0.05625000, -0.39375000, 0.45000000, 0.01876632
0.00000000, -0.45000000, 0.45000000, 0.02112251
0.05625000, -0.45000000, 0.39375000, 0.02957091
0.11250000, -0.45000000, 0.33750000, 0.03700471
0.16875000, -0.45000000, 0.28125000, 0.04231335
0.22500000, -0.45000000, 0.22500000, 0.04468778
0.28125000, -0.45000000, 0.16875000, 0.04365743
0.33750000, -0.45000000, 0.11250000, 0.03919237
0.39375000, -0.45000000, 0.05625000, 0.03169126
0.45000000, -0.45000000, 0.00000000, 0.02187870
0.45000000, -0.39375000, -0.05625000, 0.01844310
0.45000000, -0.33750000, -0.11250000, 0.01466155
0.45000000, -0.28125000, -0.16875000, 0.01111171
0.45000000, -0.22500000, -0.22500000, 0.00798658
0.45000000, -0.16875000, -0.28125000, 0.00530727
0.45000000, -0.11250000, -0.33750000, 0.00306385
0.45000000, -0.05625000, -0.39375000, 0.00126126
0.50000000, 0.00000000, -0.50000000, -0.00000000
0.43750000, 0.06250000, -0.50000000, -0.00079137
0.37500000, 0.12500000, -0.50000000, -0.00206954
0.31250000, 0.18750000, -0.50000000, -0.00374982
0.25000000, 0.25000000, -0.50000000, -0.00582226
0.18750000, 0.31250000, -0.50000000, -0.00829509
0.12500000, 0.37500000, -0.50000000, -0.01111802
0.06250000, 0.43750000, -0.50000000, -0.01402900
0.00000000, 0.50000000, -0.50000000, -0.01619953
-0.06250000, 0.50000000, -0.43750000, -0.02599018
-0.12500000, 0.50000000, -0.37500000, -0.03454222
-0.18750000, 0.50000000, -0.31250000, -0.03995103
-0.25000000, 0.50000000, -0.25000000, -0.04111747
-0.31250000, 0.50000000, -0.18750000, -0.03793886
-0.37500000, 0.50000000, -0.12500000, -0.03127060
-0.43750000, 0.50000000, -0.06250000, -0.02270379
-0.50000000, 0.50000000, 0.00000000, -0.01422741
-0.50000000, 0.43750000, 0.06250000, -0.01300241
-0.50000000, 0.37500000, 0.12500000, -0.01042051
-0.50000000, 0.31250000, 0.18750000, -0.00767647
-0.50000000, 0.25000000, 0.25000000, -0.00519286
-0.50000000, 0.18750000, 0.31250000, -0.00313601
-0.50000000, 0.12500000, 0.37500000, -0.00156753
-0.50000000, 0.06250000, 0.43750000, -0.00050558
-0.50000000, 0.00000000, 0.50000000, -0.00000000
-0.43750000, -0.06250000, 0.50000000, 0.00050558
-0.37500000, -0.12500000, 0.50000000, 0.00156753
-0.31250000, -0.18750000, 0.50000000, 0.00313601
-0.25000000, -0.25000000, 0.50000000, 0.00519286
-0.18750000, -0.31250000, 0.50000000, 0.00767647
-0.12500000, -0.37500000, 0.50000000, 0.01042051
-0.06250000, -0.43750000, 0.50000000, 0.01300241
0.00000000, -0.50000000, 0.50000000, 0.01422741
0.06250000, -0.50000000, 0.43750000, 0.02270379
0.12500000, -0.50000000, 0.37500000, 0.03127060
0.18750000, -0.50000000, 0.31250000, 0.03793886
0.25000000, -0.50000000, 0.25000000, 0.04111747
0.31250000, -0.50000000, 0.18750000, 0.03995103
0.37500000, -0.50000000, 0.12500000, 0.03454222
0.43750000, -0.50000000, 0.06250000, 0.02599018
0.50000000, -0.50000000, 0.00000000, 0.01619953
0.50000000, -0.43750000, -0.06250000, 0.01402900
0.50000000, -0.37500000, -0.12500000, 0.01111802
0.50000000, -0.31250000, -0.18750000, 0.00829509
0.50000000, -0.25000000, -0.25000000, 0.00582226
0.50000000, -0.18750000, -0.31250000, 0.00374982
0.50000000, -0.12500000, -0.37500000, 0.00206954
0.50000000, -0.06250000, -0.43750000, 0.00079137
0.55000000, 0.00000000, -0.55000000, 0.00000000
0.48125000, 0.06875000, -0.55000000, -0.00041618
0.41250000, 0.13750000, -0.55000000, -0.00117799
0.34375000, 0.20625000, -0.55000000, -0.00224111
0.27500000, 0.27500000, -0.55000000, -0.00360933
0.20625000, 0.34375000, -0.55000000, -0.00530799
0.13750000, 0.41250000, -0.55000000, -0.00728697
0.06875000, 0.48125000, -0.55000000, -0.00927880
0.00000000, 0.55000000, -0.55000000, -0.01044374
-0.06875000, 0.55000000, -0.48125000, -0.01928600
-0.13750000, 0.55000000, -0.41250000, -0.02823234
-0.20625000, 0.55000000, -0.34375000, -0.03437757
-0.27500000, 0.55000000, -0.27500000, -0.03574645
-0.34375000, 0.55000000, -0.20625000, -0.03201494
-0.41250000, 0.55000000, -0.13750000, -0.02452454
-0.48125000, 0.55000000, -0.06875000, -0.01575461
-0.55000000, 0.55000000, 0.00000000, -0.00832522
-0.55000000, 0.48125000, 0.06875000, -0.00783333
-0.55000000, 0.41250000, 0.13750000, -0.00618158
-0.55000000, 0.34375000, 0.20625000, -0.00437691
-0.55000000, 0.27500000, 0.27500000, -0.00278967
-0.55000000, 0.20625000, 0.34375000, -0.00155457
-0.55000000, 0.13750000, 0.41250000, -0.00069371
-0.55000000, 0.06875000, 0.48125000, -0.00017908
-0.55000000, 0.00000000, 0.55000000, 0.00000000
-0.48125000, -0.06875000, 0.55000000, 0.00017908
-0.41250000, -0.13750000, 0.55000000, 0.00069371
-0.34375000, -0.20625000, 0.55000000, 0.00155457
-0.27500000, -0.27500000, 0.55000000, 0.00278967
-0.20625000, -0.34375000, 0.55000000, 0.00437691
-0.13750000, -0.41250000, 0.55000000, 0.00618158
-0.06875000, -0.48125000, 0.55000000, 0.00783333
0.00000000, -0.55000000, 0.55000000, 0.00832522
0.06875000, -0.55000000, 0.48125000, 0.01575461
0.13750000, -0.55000000, 0.41250000, 0.02452454
0.20625000, -0.55000000, 0.34375000, 0.03201494
0.27500000, -0.55000000, 0.27500000, 0.03574645
0.34375000, -0.55000000, 0.20625000, 0.03437757
0.41250000, -0.55000000, 0.13750000, 0.02823234
0.48125000, -0.55000000, 0.06875000, 0.01928600
0.55000000, -0.55000000, 0.00000000, 0.01044374
0.55000000, -0.48125000, -0.06875000, 0.00927880
0.55000000, -0.41250000, -0.13750000, 0.00728697
0.55000000, -0.34375000, -0.20625000, 0.00530799
0.55000000, -0.27500000, -0.27500000, 0.00360933
0.55000000, -0.20625000, -0.34375000, 0.00224111
0.55000000, -0.13750000, -0.41250000, 0.00117799
0.55000000, -0.06875000, -0.48125000, 0.00041618
0.60000000, 0.00000000, -0.60000000, 0.00000000
0.52500000, 0.07500000, -0.60000000, -0.00017699
0.45000000, 0.15000000, -0.60000000, -0.00054322
0.37500000, 0.22500000, -0.60000000, -0.00108683
0.30000000, 0.30000000, -0.60000000, -0.00183526
0.22500000, 0.37500000, -0.60000000, -0.00282558
0.15000000, 0.45000000, -0.60000000, -0.00403117
0.07500000, 0.52500000, -0.60000000, -0.00522759
0.00000000, 0.60000000, -0.60000000, -0.00572553
-0.07500000, 0.60000000, -0.52500000, -0.01276865
-0.15000000, 0.60000000, -0.45000000, -0.02121147
-0.22500000, 0.60000000, -0.37500000, -0.02763215
-0.30000000, 0.60000000, -0.30000000, -0.02919697
-0.37500000, 0.60000000, -0.22500000, -0.02526655
-0.45000000, 0.60000000, -0.15000000, -0.01769923
-0.52500000, 0.60000000, -0.07500000, -0.00972983
-0.60000000, 0.60000000, 0.00000000, -0.00411039
-0.60000000, 0.52500000, 0.07500000, -0.00398998
-0.60000000, 0.45000000, 0.15000000, -0.00305222
-0.60000000, 0.37500000, 0.22500000, -0.00201027
-0.60000000, 0.30000000, 0.30000000, -0.00114162
-0.60000000, 0.22500000, 0.37500000, -0.00053726
-0.60000000, 0.15000000, 0.45000000, -0.00018443
-0.60000000, 0.07500000, 0.52500000, -0.00002039
-0.60000000, 0.00000000, 0.60000000, 0.00000000
-0.52500000, -0.07500000, 0.60000000, 0.00002039
-0.45000000, -0.15000000, 0.60000000, 0.00018443
-0.37500000, -0.22500000, 0.60000000, 0.00053726
-0.30000000, -0.30000000, 0.60000000, 0.00114162
-0.22500000, -0.37500000, 0.60000000, 0.00201027
-0.15000000, -0.45000000, 0.60000000, 0.00305222
-0.07500000, -0.52500000, 0.60000000, 0.00398998
0.00000000, -0.60000000, 0.60000000, 0.00411039
0.07500000, -0.60000000, 0.52500000, 0.00972983
0.15000000, -0.60000000, 0.45000000, 0.01769923
0.22500000, -0.60000000, 0.37500000, 0.02526655
0.30000000, -0.60000000, 0.30000000, 0.02919697
0.37500000, -0.60000000, 0.22500000, 0.02763215
0.45000000, -0.60000000, 0.15000000, 0.02121147
0.52500000, -0.60000000, 0.07500000, 0.01276865
0.60000000, -0.60000000, 0.00000000, 0.00572553
0.60000000, -0.52500000, -0.07500000, 0.00522759
0.60000000, -0.45000000, -0.15000000, 0.00403117
0.60000000, -0.37500000, -0.22500000, 0.00282558
0.60000000, -0.30000000, -0.30000000, 0.00183526
0.60000000, -0.22500000, -0.37500000, 0.00108683
0.60000000, -0.15000000, -0.45000000, 0.00054322
0.60000000, -0.07500000, -0.52500000, 0.00017699
0.65000000, 0.00000000, -0.65000000, -0.00000000
0.56875000, 0.08125000, -0.65000000, -0.00005642
0.48750000, 0.16250000, -0.65000000, -0.00018599
0.40625000, 0.24375000, -0.65000000, -0.00038904
0.32500000, 0.32500000, -0.65000000, -0.00070551
0.24375000, 0.40625000, -0.65000000, -0.00117620
0.16250000, 0.48750000, -0.65000000, -0.00180187
0.08125000, 0.56875000, -0.65000000, -0.00242576
0.00000000, 0.65000000, -0.65000000, -0.00257685
-0.08125000, 0.65000000, -0.56875000, -0.00740201
-0.16250000, 0.65000000, -0.48750000, -0.01448777
-0.24375000, 0.65000000, -0.40625000, -0.02056886
-0.32500000, 0.65000000, -0.32500000, -0.02222207
-0.40625000, 0.65000000, -0.24375000, -0.01848661
-0.48750000, 0.65000000, -0.16250000, -0.01161849
-0.56875000, 0.65000000, -0.08125000, -0.00523292
-0.65000000, 0.65000000, 0.00000000, -0.00163709
-0.65000000, 0.56875000, 0.08125000, -0.00164275
-0.65000000, 0.48750000, 0.16250000, -0.00117400
-0.65000000, 0.40625000, 0.24375000, -0.00065308
-0.65000000, 0.32500000, 0.32500000, -0.00025818
-0.65000000, 0.24375000, 0.40625000, -0.00004091
-0.65000000, 0.16250000, 0.48750000, 0.00003044
-0.65000000, 0.08125000, 0.56875000, 0.00002817
-0.65000000, 0.00000000, 0.65000000, -0.00000000
-0.56875000, -0.08125000, 0.65000000, -0.00002817
-0.48750000, -0.16250000, 0.65000000, -0.00003044
-0.40625000, -0.24375000, 0.65000000, 0.00004091
-0.32500000, -0.32500000, 0.65000000, 0.00025818
-0.24375000, -0.40625000, 0.65000000, 0.00065308
-0.16250000, -0.48750000, 0.65000000, 0.00117400
-0.08125000, -0.56875000, 0.65000000, 0.00164275
0.00000000, -0.65000000, 0.65000000, 0.00163709
0.08125000, -0.65000000, 0.56875000, 0.00523292
0.16250000, -0.65000000, 0.48750000, 0.01161849
0.24375000, -0.65000000, 0.40625000, 0.01848661
0.32500000, -0.65000000, 0.32500000, 0.02222207
0.40625000, -0.65000000, 0.24375000, 0.02056886
0.48750000, -0.65000000, 0.16250000, 0.01448777
0.56875000, -0.65000000, 0.08125000, 0.00740201
0.65000000, -0.65000000, 0.00000000, 0.00257685
0.65000000, -0.56875000, -0.08125000, 0.00242576
0.65000000, -0.48750000, -0.16250000, 0.00180187
0.65000000, -0.40625000, -0.24375000, 0.00117620
0.65000000, -0.32500000, -0.32500000, 0.00070551
0.65000000, -0.24375000, -0.40625000, 0.00038904
0.65000000, -0.16250000, -0.48750000, 0.00018599
0.65000000, -0.08125000, -0.56875000, 0.00005642
0.70000000, 0.00000000, -0.70000000, -0.00000000
0.61250000, 0.08750000, -0.70000000, -0.00001184
0.52500000, 0.17500000, -0.70000000, -0.00003701
0.43750000, 0.26250000, -0.70000000, -0.00007483
0.35000000, 0.35000000, -0.70000000, -0.00015634
0.26250000, 0.43750000, -0.70000000, -0.00032381
0.17500000, 0.52500000, -0.70000000, -0.00059330
0.08750000, 0.61250000, -0.70000000, -0.00087502
0.00000000, 0.70000000, -0.70000000, -0.00090622
-0.08750000, 0.70000000, -0.61250000, -0.00365940
-0.17500000, 0.70000000, -0.52500000, -0.00886022
-0.26250000, 0.70000000, -0.43750000, -0.01400885
-0.35000000, 0.70000000, -0.35000000, -0.01557193
-0.43750000, 0.70000000, -0.26250000, -0.01238212
-0.52500000, 0.70000000, -0.17500000, -0.00682431
-0.61250000, 0.70000000, -0.08750000, -0.00237579
-0.70000000, 0.70000000, 0.00000000, -0.00049447
-0.70000000, 0.61250000, 0.08750000, -0.00050706
-0.70000000, 0.52500000, 0.17500000, -0.00030068
-0.70000000, 0.43750000, 0.26250000, -0.00007632
-0.70000000, 0.35000000, 0.35000000, 0.00006748
-0.70000000, 0.26250000, 0.43750000, 0.00010555
-0.70000000, 0.17500000, 0.52500000, 0.00007262
-0.70000000, 0.08750000, 0.61250000, 0.00002681
-0.70000000, 0.00000000, 0.70000000, -0.00000000
-0.61250000, -0.08750000, 0.70000000, -0.00002681
-0.52500000, -0.17500000, 0.70000000, -0.00007262
-0.43750000, -0.26250000, 0.70000000, -0.00010555
-0.35000000, -0.35000000, 0.70000000, -0.00006748
-0.26250000, -0.43750000, 0.70000000, 0.00007632
-0.17500000, -0.52500000, 0.70000000, 0.00030068
-0.08750000, -0.61250000, 0.70000000, 0.00050706
0.00000000, -0.70000000, 0.70000000, 0.00049447
0.08750000, -0.70000000, 0.61250000, 0.00237579
0.17500000, -0.70000000, 0.52500000, 0.00682431
0.26250000, -0.70000000, 0.43750000, 0.01238212
0.35000000, -0.70000000, 0.35000000, 0.01557193
0.43750000, -0.70000000, 0.26250000, 0.01400885
0.52500000, -0.70000000, 0.17500000, 0.00886022
0.61250000, -0.70000000, 0.08750000, 0.00365940
0.70000000, -0.70000000, 0.00000000, 0.00090622
0.70000000, -0.61250000, -0.08750000, 0.00087502
0.70000000, -0.52500000, -0.17500000, 0.00059330
0.70000000, -0.43750000, -0.26250000, 0.00032381
0.70000000, -0.35000000, -0.35000000, 0.00015634
0.70000000, -0.26250000, -0.43750000, 0.00007483
0.70000000, -0.17500000, -0.52500000, 0.00003701
0.70000000, -0.08750000, -0.61250000, 0.00001184
0.75000000, 0.00000000, -0.75000000, 0.00000000
0.65625000, 0.09375000, -0.75000000, -0.00000181
0.56250000, 0.18750000, -0.75000000, 0.00000140
0.46875000, 0.28125000, -0.75000000, 0.00001319
0.37500000, 0.37500000, -0.75000000, 0.00002113
0.28125000, 0.46875000, -0.75000000, -0.00001362
0.18750000, 0.56250000, -0.75000000, -0.00010807
0.09375000, 0.65625000, -0.75000000, -0.00022023
0.00000000, 0.75000000, -0.75000000, -0.00023611
-0.09375000, 0.75000000, -0.65625000, -0.00148352
-0.18750000, 0.75000000, -0.56250000, -0.00474320
-0.28125000, 0.75000000, -0.46875000, -0.00856953
-0.37500000, 0.75000000, -0.37500000, -0.00986650
-0.46875000, 0.75000000, -0.28125000, -0.00744855
-0.56250000, 0.75000000, -0.18750000, -0.00350047
-0.65625000, 0.75000000, -0.09375000, -0.00086837
-0.75000000, 0.75000000, 0.00000000, -0.00010872
-0.75000000, 0.65625000, 0.09375000, -0.00010238
-0.75000000, 0.56250000, 0.18750000, -0.00002131
-0.75000000, 0.46875000, 0.28125000, 0.00006391
-0.75000000, 0.37500000, 0.37500000, 0.00010543
-0.75000000, 0.28125000, 0.46875000, 0.00009161
-0.75000000, 0.18750000, 0.56250000, 0.00004961
-0.75000000, 0.09375000, 0.65625000, 0.00001421
-0.75000000, 0.00000000, 0.75000000, 0.00000000
-0.65625000, -0.09375000, 0.75000000, -0.00001421
-0.56250000, -0.18750000, 0.75000000, -0.00004961
-0.46875000, -0.28125000, 0.75000000, -0.00009161
-0.37500000, -0.37500000, 0.75000000, -0.00010543
-0.28125000, -0.46875000, 0.75000000, -0.00006391
-0.18750000, -0.56250000, 0.75000000, 0.00002131
-0.09375000, -0.65625000, 0.75000000, 0.00010238
0.00000000, -0.75000000, 0.75000000, 0.00010872
0.09375000, -0.75000000, 0.65625000, 0.00086837
0.18750000, -0.75000000, 0.56250000, 0.00350047
0.28125000, -0.75000000, 0.46875000, 0.00744855
0.37500000, -0.75000000, 0.37500000, 0.00986650
0.46875000, -0.75000000, 0.28125000, 0.00856953
0.56250000, -0.75000000, 0.18750000, 0.00474320
0.65625000, -0.75000000, 0.09375000, 0.00148352
0.75000000, -0.75000000, 0.00000000, 0.00023611
0.75000000, -0.65625000, -0.09375000, 0.00022023
0.75000000, -0.56250000, -0.18750000, 0.00010807
0.75000000, -0.46875000, -0.28125000, 0.00001362
0.75000000, -0.37500000, -0.37500000, -0.00002113
0.75000000, -0.28125000, -0.46875000, -0.00001319
0.75000000, -0.18750000, -0.56250000, -0.00000140
0.75000000, -0.09375000, -0.65625000, 0.00000181
0.80000000, 0.00000000, -0.80000000, 0.00000000
0.70000000, 0.10000000, -0.80000000, -0.00000029
0.60000000, 0.20000000, -0.80000000, 0.00000453
0.50000000, 0.30000000, -0.80000000, 0.00001809
0.40000000, 0.40000000, -0.80000000, 0.00003784
0.30000000, 0.50000000, -0.80000000, 0.00003920
0.20000000, 0.60000000, -0.80000000, 0.00001087
0.10000000, 0.70000000, -0.80000000, -0.00002909
0.00000000, 0.80000000, -0.80000000, -0.00004259
-0.10000000, 0.80000000, -0.70000000, -0.00046121
-0.20000000, 0.80000000, -0.60000000, -0.00214214
-0.30000000, 0.80000000, -0.50000000, -0.00456564
-0.40000000, 0.80000000, -0.40000000, -0.00549033
-0.50000000, 0.80000000, -0.30000000, -0.00390159
-0.60000000, 0.80000000, -0.20000000, -0.00150875
-0.70000000, 0.80000000, -0.10000000, -0.00023338
-0.80000000, 0.80000000, 0.00000000, -0.00001700
-0.80000000, 0.70000000, 0.10000000, -0.00000770
-0.80000000, 0.60000000, 0.20000000, 0.00002042
-0.80000000, 0.50000000, 0.30000000, 0.00005042
-0.80000000, 0.40000000, 0.40000000, 0.00006132
-0.80000000, 0.30000000, 0.50000000, 0.00004689
-0.80000000, 0.20000000, 0.60000000, 0.00002253
-0.80000000, 0.10000000, 0.70000000, 0.00000540
-0.80000000, 0.00000000, 0.80000000, 0.00000000
-0.70000000, -0.10000000, 0.80000000, -0.00000540
-0.60000000, -0.20000000, 0.80000000, -0.00002253
-0.50000000, -0.30000000, 0.80000000, -0.00004689
-0.40000000, -0.40000000, 0.80000000, -0.00006132
-0.30000000, -0.50000000, 0.80000000, -0.00005042
-0.20000000, -0.60000000, 0.80000000, -0.00002042
-0.10000000, -0.70000000, 0.80000000, 0.00000770
0.00000000, -0.80000000, 0.80000000, 0.00001700
0.10000000, -0.80000000, 0.70000000, 0.00023338
0.20000000, -0.80000000, 0.60000000, 0.00150875
0.30000000, -0.80000000, 0.50000000, 0.00390159
0.40000000, -0.80000000, 0.40000000, 0.00549033
0.50000000, -0.80000000, 0.30000000, 0.00456564
0.60000000, -0.80000000, 0.20000000, 0.00214214
0.70000000, -0.80000000, 0.10000000, 0.00046121
0.80000000, -0.80000000, 0.00000000, 0.00004259
0.80000000, -0.70000000, -0.10000000, 0.00002909
0.80000000, -0.60000000, -0.20000000, -0.00001087
0.80000000, -0.50000000, -0.30000000, -0.00003920
0.80000000, -0.40000000, -0.40000000, -0.00003784
0.80000000, -0.30000000, -0.50000000, -0.00001809
0.80000000, -0.20000000, -0.60000000, -0.00000453
0.80000000, -0.10000000, -0.70000000, 0.00000029
0.85000000, 0.00000000, -0.85000000, -0.00000000
0.74375000, 0.10625000, -0.85000000, 0.00000108
0.63750000, 0.21250000, -0.85000000, 0.00000427
0.53125000, 0.31875000, -0.85000000, 0.00001185
0.42500000, 0.42500000, -0.85000000, 0.00001998
0.31875000, 0.53125000, -0.85000000, 0.00002258
0.21250000, 0.63750000, -0.85000000, 0.00001379
0.10625000, 0.74375000, -0.85000000, 0.00000270
0.00000000, 0.85000000, -0.85000000, 0.00000253
-0.10625000, 0.85000000, -0.74375000, -0.00009349
-0.21250000, 0.85000000, -0.63750000, -0.00076325
-0.31875000, 0.85000000, -0.53125000, -0.00200090
-0.42500000, 0.85000000, -0.42500000, -0.00254161
-0.53125000, 0.85000000, -0.31875000, -0.00168145
-0.63750000, 0.85000000, -0.21250000, -0.00051039
-0.74375000, 0.85000000, -0.10625000, -0.00003323
-0.85000000, 0.85000000, 0.00000000, 0.00000624
-0.85000000, 0.74375000, 0.10625000, 0.00000647
-0.85000000, 0.63750000, 0.21250000, 0.00001377
-0.85000000, 0.53125000, 0.31875000, 0.00002293
-0.85000000, 0.42500000, 0.42500000, 0.00002605
-0.85000000, 0.31875000, 0.53125000, 0.00001936
-0.85000000, 0.21250000, 0.63750000, 0.00000831
-0.85000000, 0.10625000, 0.74375000, 0.00000156
-0.85000000, 0.00000000, 0.85000000, -0.00000000
-0.74375000, -0.10625000, 0.85000000, -0.00000156
-0.63750000, -0.21250000, 0.85000000, -0.00000831
-0.53125000, -0.31875000, 0.85000000, -0.00001936
-0.42500000, -0.42500000, 0.85000000, -0.00002605
-0.31875000, -0.53125000, 0.85000000, -0.00002293
-0.21250000, -0.63750000, 0.85000000, -0.00001377
-0.10625000, -0.74375000, 0.85000000, -0.00000647
0.00000000, -0.85000000, 0.85000000, -0.00000624
0.10625000, -0.85000000, 0.74375000, 0.00003323
0.21250000, -0.85000000, 0.63750000, 0.00051039
0.31875000, -0.85000000, 0.53125000, 0.00168145
0.42500000, -0.85000000, 0.42500000, 0.00254161
0.53125000, -0.85000000, 0.31875000, 0.00200090
0.63750000, -0.85000000, 0.21250000, 0.00076325
0.74375000, -0.85000000, 0.10625000, 0.00009349
0.85000000, -0.85000000, 0.00000000, -0.00000253
0.85000000, -0.74375000, -0.10625000, -0.00000270
0.85000000, -0.63750000, -0.21250000, -0.00001379
0.85000000, -0.53125000, -0.31875000, -0.00002258
0.85000000, -0.42500000, -0.42500000, -0.00001998
0.85000000, -0.31875000, -0.53125000, -0.00001185
0.85000000, -0.21250000, -0.63750000, -0.00000427
0.85000000, -0.10625000, -0.74375000, -0.00000108
0.90000000, 0.00000000, -0.90000000, -0.00000000
0.78750000, 0.11250000, -0.90000000, 0.00000078
0.67500000, 0.22500000, -0.90000000, 0.00000197
0.56250000, 0.33750000, -0.90000000, 0.00000454
0.45000000, 0.45000000, -0.90000000, 0.00000588
0.33750000, 0.56250000, -0.90000000, 0.00000628
0.22500000, 0.67500000, -0.90000000, 0.00000396
0.11250000, 0.78750000, -0.90000000, 0.00000220
0.00000000, 0.90000000, -0.90000000, 0.00000493
-0.11250000, 0.90000000, -0.78750000, -0.00000552
-0.22500000, 0.90000000, -0.67500000, -0.00018656
-0.33750000, 0.90000000, -0.56250000, -0.00063607
-0.45000000, 0.90000000, -0.45000000, -0.00086297
-0.56250000, 0.90000000, -0.33750000, -0.00052525
-0.67500000, 0.90000000, -0.22500000, -0.00011706
-0.78750000, 0.90000000, -0.11250000, 0.00000365
-0.90000000, 0.90000000, 0.00000000, 0.00000472
-0.90000000, 0.78750000, 0.11250000, 0.00000339
-0.90000000, 0.67500000, 0.22500000, 0.00000453
-0.90000000, 0.56250000, 0.33750000, 0.00000646
-0.90000000, 0.45000000, 0.45000000, 0.00000727
-0.90000000, 0.33750000, 0.56250000, 0.00000541
-0.90000000, 0.22500000, 0.67500000, 0.00000205
-0.90000000, 0.11250000, 0.78750000, 0.00000028
-0.90000000, 0.00000000, 0.90000000, -0.00000000
-0.78750000, -0.11250000, 0.90000000, -0.00000028
-0.67500000, -0.22500000, 0.90000000, -0.00000205
-0.56250000, -0.33750000, 0.90000000, -0.00000541
-0.45000000, -0.45000000, 0.90000000, -0.00000727
-0.33750000, -0.56250000, 0.90000000, -0.00000646
-0.22500000, -0.67500000, 0.90000000, -0.00000453
-0.11250000, -0.78750000, 0.90000000, -0.00000339
0.00000000, -0.90000000, 0.90000000, -0.00000472
0.11250000, -0.90000000, 0.78750000, -0.00000365
0.22500000, -0.90000000, 0.67500000, 0.00011706
0.33750000, -0.90000000, 0.56250000, 0.00052525
0.45000000, -0.90000000, 0.45000000, 0.00086297
0.56250000, -0.90000000, 0.33750000, 0.00063607
0.67500000, -0.90000000, 0.22500000, 0.00018656
0.78750000, -0.90000000, 0.11250000, 0.00000552
0.90000000, -0.90000000, 0.00000000, -0.00000493
0.90000000, -0.78750000, -0.11250000, -0.00000220
0.90000000, -0.67500000, -0.22500000, -0.00000396
0.90000000, -0.56250000, -0.33750000, -0.00000628
0.90000000, -0.45000000, -0.45000000, -0.00000588
0.90000000, -0.33750000, -0.56250000, -0.00000454
0.90000000, -0.22500000, -0.67500000, -0.00000197
0.90000000, -0.11250000, -0.78750000, -0.00000078
0.95000000, 0.00000000, -0.95000000, 0.00000000
0.83125000, 0.11875000, -0.95000000, -0.00000060
0.71250000, 0.23750000, -0.95000000, -0.00000129
0.59375000, 0.35625000, -0.95000000, -0.00000217
0.47500000, 0.47500000, -0.95000000, -0.00000101
0.35625000, 0.59375000, -0.95000000, -0.00000069
0.23750000, 0.71250000, -0.95000000, -0.00000066
0.11875000, 0.83125000, -0.95000000, -0.00000165
0.00000000, 0.95000000, -0.95000000, -0.00000588
-0.11875000, 0.95000000, -0.83125000, -0.00000034
-0.23750000, 0.95000000, -0.71250000, -0.00002142
-0.35625000, 0.95000000, -0.59375000, -0.00009916
-0.47500000, 0.95000000, -0.47500000, -0.00014234
-0.59375000, 0.95000000, -0.35625000, -0.00007939
-0.71250000, 0.95000000, -0.23750000, -0.00001173
-0.83125000, 0.95000000, -0.11875000, -0.00000058
-0.95000000, 0.95000000, 0.00000000, -0.00000603
-0.95000000, 0.83125000, 0.11875000, -0.00000347
-0.95000000, 0.71250000, 0.23750000, -0.00000281
-0.95000000, 0.59375000, 0.35625000, -0.00000212
-0.95000000, 0.47500000, 0.47500000, -0.00000159
-0.95000000, 0.35625000, 0.59375000, -0.00000127
-0.95000000, 0.23750000, 0.71250000, -0.00000045
-0.95000000, 0.11875000, 0.83125000, 0.00000003
-0.95000000, 0.00000000, 0.95000000, 0.00000000
-0.83125000, -0.11875000, 0.95000000, -0.00000003
-0.71250000, -0.23750000, 0.95000000, 0.00000045
-0.59375000, -0.35625000, 0.95000000, 0.00000127
-0.47500000, -0.47500000, 0.95000000, 0.00000159
-0.35625000, -0.59375000, 0.95000000, 0.00000212
-0.23750000, -0.71250000, 0.95000000, 0.00000281
-0.11875000, -0.83125000, 0.95000000, 0.00000347
0.00000000, -0.95000000, 0.95000000, 0.00000603
0.11875000, -0.95000000, 0.83125000, 0.00000058
0.23750000, -0.95000000, 0.71250000, 0.00001173
0.35625000, -0.95000000, 0.59375000, 0.00007939
0.47500000, -0.95000000, 0.47500000, 0.00014234
0.59375000, -0.95000000, 0.35625000, 0.00009916
0.71250000, -0.95000000, 0.23750000, 0.00002142
0.83125000, -0.95000000, 0.11875000, 0.00000034
0.95000000, -0.95000000, 0.00000000, 0.00000588
0.95000000, -0.83125000, -0.11875000, 0.00000165
0.95000000, -0.71250000, -0.23750000, 0.00000066
0.95000000, -0.59375000, -0.35625000, 0.00000069
0.95000000, -0.47500000, -0.47500000, 0.00000101
0.95000000, -0.35625000, -0.59375000, 0.00000217
0.95000000, -0.23750000, -0.71250000, 0.00000129
0.95000000, -0.11875000, -0.83125000, 0.00000060
1.00000000, 0.00000000, -1.00000000, 0.00000000
0.87500000, 0.12500000, -1.00000000, 0.00000000
0.75000000, 0.25000000, -1.00000000, 0.00000000
0.62500000, 0.37500000, -1.00000000, 0.00000000
0.50000000, 0.50000000, -1.00000000, 0.00000000
0.37500000, 0.62500000, -1.00000000, 0.00000000
0.25000000, 0.75000000, -1.00000000, 0.00000000
0.12500000, 0.87500000, -1.00000000, 0.00000000
0.00000000, 1.00000000, -1.00000000, 0.00000000
-0.12500000, 1.00000000, -0.87500000, 0.00000000
-0.25000000, 1.00000000, -0.75000000, 0.00000000
-0.37500000, 1.00000000, -0.62500000, 0.00000000
-0.50000000, 1.00000000, -0.50000000, 0.00000000
-0.62500000, 1.00000000, -0.37500000, 0.00000000
-0.75000000, 1.00000000, -0.25000000, 0.00000000
-0.87500000, 1.00000000, -0.12500000, 0.00000000
-1.00000000, 1.00000000, 0.00000000, 0.00000000
-1.00000000, 0.87500000, 0.12500000, 0.00000000
-1.00000000, 0.75000000, 0.25000000, 0.00000000
-1.00000000, 0.62500000, 0.37500000, 0.00000000
-1.00000000, 0.50000000, 0.50000000, 0.00000000
-1.00000000, 0.37500000, 0.62500000, 0.00000000
-1.00000000, 0.25000000, 0.75000000, 0.00000000
-1.00000000, 0.12500000, 0.87500000, 0.00000000
-1.00000000, 0.00000000, 1.00000000, 0.00000000
-0.87500000, -0.12500000, 1.00000000, 0.00000000
-0.75000000, -0.25000000, 1.00000000, 0.00000000
-0.62500000, -0.37500000, 1.00000000, 0.00000000
-0.50000000, -0.50000000, 1.00000000, 0.00000000
-0.37500000, -0.62500000, 1.00000000, 0.00000000
-0.25000000, -0.75000000, 1.00000000, 0.00000000
-0.12500000, -0.87500000, 1.00000000, 0.00000000
0.00000000, -1.00000000, 1.00000000, 0.00000000
0.12500000, -1.00000000, 0.87500000, 0.00000000
0.25000000, -1.00000000, 0.75000000, 0.00000000
0.37500000, -1.00000000, 0.62500000, 0.00000000
0.50000000, -1.00000000, 0.50000000, 0.00000000
0.62500000, -1.00000000, 0.37500000, 0.00000000
0.75000000, -1.00000000, 0.25000000, 0.00000000
0.87500000, -1.00000000, 0.12500000, 0.00000000
1.00000000, -1.00000000, 0.00000000, 0.00000000
1.00000000, -0.87500000, -0.12500000, 0.00000000
1.00000000, -0.75000000, -0.25000000, 0.00000000
1.00000000, -0.62500000, -0.37500000, 0.00000000
1.00000000, -0.50000000, -0.50000000, 0.00000000
1.00000000, -0.37500000, -0.62500000, 0.00000000
1.00000000, -0.25000000, -0.75000000, 0.00000000
1.00000000, -0.12500000, -0.87500000, 0.00000000
