0.01000000, 0.00000000, -0.01000000, 0.01008365
0.00000000, 0.01000000, -0.01000000, 0.01177257
-0.00125000, 0.01000000, -0.00875000, 0.00050977
-0.00250000, 0.01000000, -0.00750000, -0.00758915
-0.00375000, 0.01000000, -0.00625000, -0.01240177
-0.00500000, 0.01000000, -0.00500000, -0.01421656
-0.00625000, 0.01000000, -0.00375000, -0.01269206
-0.00750000, 0.01000000, -0.00250000, -0.00835118
-0.00875000, 0.01000000, -0.00125000, -0.00056934
-0.01000000, 0.01000000, 0.00000000, 0.01020603
-0.01000000, 0.00875000, 0.00125000, 0.01017622
-0.01000000, 0.00750000, 0.00250000, 0.01007779
-0.01000000, 0.00625000, 0.00375000, 0.01012018
-0.01000000, 0.00500000, 0.00500000, 0.01002205
-0.01000000, 0.00375000, 0.00625000, 0.01013415
-0.01000000, 0.00250000, 0.00750000, 0.00997978
-0.01000000, 0.00125000, 0.00875000, 0.01008762
-0.01000000, 0.00000000, 0.01000000, 0.01008365
0.00000000, -0.01000000, 0.01000000, 0.01177257
0.00125000, -0.01000000, 0.00875000, 0.00050977
0.00250000, -0.01000000, 0.00750000, -0.00758915
0.00375000, -0.01000000, 0.00625000, -0.01240177
0.00500000, -0.01000000, 0.00500000, -0.01421656
0.00625000, -0.01000000, 0.00375000, -0.01269206
0.00750000, -0.01000000, 0.00250000, -0.00835118
0.00875000, -0.01000000, 0.00125000, -0.00056934
0.01000000, -0.01000000, 0.00000000, 0.01020603
0.01000000, -0.00875000, -0.00125000, 0.01017622
0.01000000, -0.00750000, -0.00250000, 0.01007779
0.01000000, -0.00625000, -0.00375000, 0.01012018
0.01000000, -0.00500000, -0.00500000, 0.01002205
0.01000000, -0.00375000, -0.00625000, 0.01013415
0.01000000, -0.00250000, -0.00750000, 0.00997978
0.01000000, -0.00125000, -0.00875000, 0.01008762
0.02000000, 0.00000000, -0.02000000, 0.00954898
0.01750000, 0.00250000, -0.02000000, 0.00977959
0.01500000, 0.00500000, -0.02000000, 0.01009041
0.01250000, 0.00750000, -0.02000000, 0.01046595
0.01000000, 0.01000000, -0.02000000, 0.01088894
0.00750000, 0.01250000, -0.02000000, 0.01133202
0.00500000, 0.01500000, -0.02000000, 0.01177578
0.00250000, 0.01750000, -0.02000000, 0.01216265
0.00000000, 0.02000000, -0.02000000, 0.01230064
-0.00250000, 0.02000000, -0.01750000, 0.00632808
-0.00500000, 0.02000000, -0.01500000, 0.00202459
-0.00750000, 0.02000000, -0.01250000, -0.00054186
-0.01000000, 0.02000000, -0.01000000, -0.00166950
-0.01250000, 0.02000000, -0.00750000, -0.00107318
-0.01500000, 0.02000000, -0.00500000, 0.00106239
-0.01750000, 0.02000000, -0.00250000, 0.00477038
-0.02000000, 0.02000000, 0.00000000, 0.01006414
-0.02000000, 0.01750000, 0.00250000, 0.00995468
-0.02000000, 0.01500000, 0.00500000, 0.00981516
-0.02000000, 0.01250000, 0.00750000, 0.00979976
-0.02000000, 0.01000000, 0.01000000, 0.00966148
-0.02000000, 0.00750000, 0.01250000, 0.00964748
-0.02000000, 0.00500000, 0.01500000, 0.00961104
-0.02000000, 0.00250000, 0.01750000, 0.00957874
-0.02000000, 0.00000000, 0.02000000, 0.00954898
-0.01750000, -0.00250000, 0.02000000, 0.00977959
-0.01500000, -0.00500000, 0.02000000, 0.01009041
-0.01250000, -0.00750000, 0.02000000, 0.01046595
-0.01000000, -0.01000000, 0.02000000, 0.01088894
-0.00750000, -0.01250000, 0.02000000, 0.01133202
-0.00500000, -0.01500000, 0.02000000, 0.01177578
-0.00250000, -0.01750000, 0.02000000, 0.01216265
0.00000000, -0.02000000, 0.02000000, 0.01230064
0.00250000, -0.02000000, 0.01750000, 0.00632808
0.00500000, -0.02000000, 0.01500000, 0.00202459
0.00750000, -0.02000000, 0.01250000, -0.00054186
0.01000000, -0.02000000, 0.01000000, -0.00166950
0.01250000, -0.02000000, 0.00750000, -0.00107318
0.01500000, -0.02000000, 0.00500000, 0.00106239
0.01750000, -0.02000000, 0.00250000, 0.00477038
0.02000000, -0.02000000, 0.00000000, 0.01006414
0.02000000, -0.01750000, -0.00250000, 0.00995468
0.02000000, -0.01500000, -0.00500000, 0.00981516
0.02000000, -0.01250000, -0.00750000, 0.00979976
0.02000000, -0.01000000, -0.01000000, 0.00966148
0.02000000, -0.00750000, -0.01250000, 0.00964748
0.02000000, -0.00500000, -0.01500000, 0.00961104
0.02000000, -0.00250000, -0.01750000, 0.00957874
0.03000000, 0.00000000, -0.03000000, 0.00914275
0.02625000, 0.00375000, -0.03000000, 0.00938549
0.02250000, 0.00750000, -0.03000000, 0.00975120
0.01875000, 0.01125000, -0.03000000, 0.01020919
0.01500000, 0.01500000, -0.03000000, 0.01075476
0.01125000, 0.01875000, -0.03000000, 0.01135972
0.00750000, 0.02250000, -0.03000000, 0.01199602
0.00375000, 0.02625000, -0.03000000, 0.01260668
0.00000000, 0.03000000, -0.03000000, 0.01299037
-0.00375000, 0.03000000, -0.02625000, 0.00871185
-0.00750000, 0.03000000, -0.02250000, 0.00559925
-0.01125000, 0.03000000, -0.01875000, 0.00369793
-0.01500000, 0.03000000, -0.01500000, 0.00284006
-0.01875000, 0.03000000, -0.01125000, 0.00305902
-0.02250000, 0.03000000, -0.00750000, 0.00435634
-0.02625000, 0.03000000, -0.00375000, 0.00671997
-0.03000000, 0.03000000, 0.00000000, 0.01014991
-0.03000000, 0.02625000, 0.00375000, 0.00994150
-0.03000000, 0.02250000, 0.00750000, 0.00972230
-0.03000000, 0.01875000, 0.01125000, 0.00960873
-0.03000000, 0.01500000, 0.01500000, 0.00948023
-0.03000000, 0.01125000, 0.01875000, 0.00936391
-0.03000000, 0.00750000, 0.02250000, 0.00927562
-0.03000000, 0.00375000, 0.02625000, 0.00919957
-0.03000000, 0.00000000, 0.03000000, 0.00914275
-0.02625000, -0.00375000, 0.03000000, 0.00938549
-0.02250000, -0.00750000, 0.03000000, 0.00975120
-0.01875000, -0.01125000, 0.03000000, 0.01020919
-0.01500000, -0.01500000, 0.03000000, 0.01075476
-0.01125000, -0.01875000, 0.03000000, 0.01135972
-0.00750000, -0.02250000, 0.03000000, 0.01199602
-0.00375000, -0.02625000, 0.03000000, 0.01260668
0.00000000, -0.03000000, 0.03000000, 0.01299037
0.00375000, -0.03000000, 0.02625000, 0.00871185
0.00750000, -0.03000000, 0.02250000, 0.00559925
0.01125000, -0.03000000, 0.01875000, 0.00369793
0.01500000, -0.03000000, 0.01500000, 0.00284006
0.01875000, -0.03000000, 0.01125000, 0.00305902
0.02250000, -0.03000000, 0.00750000, 0.00435634
0.02625000, -0.03000000, 0.00375000, 0.00671997
0.03000000, -0.03000000, 0.00000000, 0.01014991
0.03000000, -0.02625000, -0.00375000, 0.00994150
0.03000000, -0.02250000, -0.00750000, 0.00972230
0.03000000, -0.01875000, -0.01125000, 0.00960873
0.03000000, -0.01500000, -0.01500000, 0.00948023
0.03000000, -0.01125000, -0.01875000, 0.00936391
0.03000000, -0.00750000, -0.02250000, 0.00927562
0.03000000, -0.00375000, -0.02625000, 0.00919957
0.04000000, 0.00000000, -0.04000000, 0.00879490
0.03500000, 0.00500000, -0.04000000, 0.00905436
0.03000000, 0.01000000, -0.04000000, 0.00946961
0.02500000, 0.01500000, -0.04000000, 0.01002202
0.02000000, 0.02000000, -0.04000000, 0.01069495
0.01500000, 0.02500000, -0.04000000, 0.01146244
0.01000000, 0.03000000, -0.04000000, 0.01229404
0.00500000, 0.03500000, -0.04000000, 0.01313200
0.00000000, 0.04000000, -0.04000000, 0.01376458
-0.00500000, 0.04000000, -0.03500000, 0.01026570
-0.01000000, 0.04000000, -0.03000000, 0.00774275
-0.01500000, 0.04000000, -0.02500000, 0.00610908
-0.02000000, 0.04000000, -0.02000000, 0.00531366
-0.02500000, 0.04000000, -0.01500000, 0.00534545
-0.03000000, 0.04000000, -0.01000000, 0.00619248
-0.03500000, 0.04000000, -0.00500000, 0.00785250
-0.04000000, 0.04000000, 0.00000000, 0.01032593
-0.04000000, 0.03500000, 0.00500000, 0.00999900
-0.04000000, 0.03000000, 0.01000000, 0.00972790
-0.04000000, 0.02500000, 0.01500000, 0.00950353
-0.04000000, 0.02000000, 0.02000000, 0.00930928
-0.04000000, 0.01500000, 0.02500000, 0.00914307
-0.04000000, 0.01000000, 0.03000000, 0.00900348
-0.04000000, 0.00500000, 0.03500000, 0.00888949
-0.04000000, 0.00000000, 0.04000000, 0.00879490
-0.03500000, -0.00500000, 0.04000000, 0.00905436
-0.03000000, -0.01000000, 0.04000000, 0.00946961
-0.02500000, -0.01500000, 0.04000000, 0.01002202
-0.02000000, -0.02000000, 0.04000000, 0.01069495
-0.01500000, -0.02500000, 0.04000000, 0.01146244
-0.01000000, -0.03000000, 0.04000000, 0.01229404
-0.00500000, -0.03500000, 0.04000000, 0.01313200
0.00000000, -0.04000000, 0.04000000, 0.01376458
0.00500000, -0.04000000, 0.03500000, 0.01026570
0.01000000, -0.04000000, 0.03000000, 0.00774275
0.01500000, -0.04000000, 0.02500000, 0.00610908
0.02000000, -0.04000000, 0.02000000, 0.00531366
0.02500000, -0.04000000, 0.01500000, 0.00534545
0.03000000, -0.04000000, 0.01000000, 0.00619248
0.03500000, -0.04000000, 0.00500000, 0.00785250
0.04000000, -0.04000000, 0.00000000, 0.01032593
0.04000000, -0.03500000, -0.00500000, 0.00999900
0.04000000, -0.03000000, -0.01000000, 0.00972790
0.04000000, -0.02500000, -0.01500000, 0.00950353
0.04000000, -0.02000000, -0.02000000, 0.00930928
0.04000000, -0.01500000, -0.02500000, 0.00914307
0.04000000, -0.01000000, -0.03000000, 0.00900348
0.04000000, -0.00500000, -0.03500000, 0.00888949
0.05000000, 0.00000000, -0.05000000, 0.00848142
0.04375000, 0.00625000, -0.05000000, 0.00875622
0.03750000, 0.01250000, -0.05000000, 0.00922647
0.03125000, 0.01875000, -0.05000000, 0.00987352
0.02500000, 0.02500000, -0.05000000, 0.01067627
0.01875000, 0.03125000, -0.05000000, 0.01160831
0.01250000, 0.03750000, -0.05000000, 0.01263786
0.00625000, 0.04375000, -0.05000000, 0.01370480
0.00000000, 0.05000000, -0.05000000, 0.01458826
-0.00625000, 0.05000000, -0.04375000, 0.01153925
-0.01250000, 0.05000000, -0.03750000, 0.00932104
-0.01875000, 0.05000000, -0.03125000, 0.00783949
-0.02500000, 0.05000000, -0.02500000, 0.00705061
-0.03125000, 0.05000000, -0.01875000, 0.00693661
-0.03750000, 0.05000000, -0.01250000, 0.00749662
-0.04375000, 0.05000000, -0.00625000, 0.00872036
-0.05000000, 0.05000000, 0.00000000, 0.01058021
-0.05000000, 0.04375000, 0.00625000, 0.01013489
-0.05000000, 0.03750000, 0.01250000, 0.00976879
-0.05000000, 0.03125000, 0.01875000, 0.00945547
-0.05000000, 0.02500000, 0.02500000, 0.00918538
-0.05000000, 0.01875000, 0.03125000, 0.00894802
-0.05000000, 0.01250000, 0.03750000, 0.00875260
-0.05000000, 0.00625000, 0.04375000, 0.00859906
-0.05000000, 0.00000000, 0.05000000, 0.00848142
-0.04375000, -0.00625000, 0.05000000, 0.00875622
-0.03750000, -0.01250000, 0.05000000, 0.00922647
-0.03125000, -0.01875000, 0.05000000, 0.00987352
-0.02500000, -0.02500000, 0.05000000, 0.01067627
-0.01875000, -0.03125000, 0.05000000, 0.01160831
-0.01250000, -0.03750000, 0.05000000, 0.01263786
-0.00625000, -0.04375000, 0.05000000, 0.01370480
0.00000000, -0.05000000, 0.05000000, 0.01458826
0.00625000, -0.05000000, 0.04375000, 0.01153925
0.01250000, -0.05000000, 0.03750000, 0.00932104
0.01875000, -0.05000000, 0.03125000, 0.00783949
0.02500000, -0.05000000, 0.02500000, 0.00705061
0.03125000, -0.05000000, 0.01875000, 0.00693661
0.03750000, -0.05000000, 0.01250000, 0.00749662
0.04375000, -0.05000000, 0.00625000, 0.00872036
0.05000000, -0.05000000, 0.00000000, 0.01058021
0.05000000, -0.04375000, -0.00625000, 0.01013489
0.05000000, -0.03750000, -0.01250000, 0.00976879
0.05000000, -0.03125000, -0.01875000, 0.00945547
0.05000000, -0.02500000, -0.02500000, 0.00918538
0.05000000, -0.01875000, -0.03125000, 0.00894802
0.05000000, -0.01250000, -0.03750000, 0.00875260
0.05000000, -0.00625000, -0.04375000, 0.00859906
0.06000000, 0.00000000, -0.06000000, 0.00820391
0.05250000, 0.00750000, -0.06000000, 0.00849772
0.04500000, 0.01500000, -0.06000000, 0.00902424
0.03750000, 0.02250000, -0.06000000, 0.00976482
0.03000000, 0.03000000, -0.06000000, 0.01069854
0.02250000, 0.03750000, -0.06000000, 0.01179598
0.01500000, 0.04500000, -0.06000000, 0.01302441
0.00750000, 0.05250000, -0.06000000, 0.01432153
0.00000000, 0.06000000, -0.06000000, 0.01545908
-0.00750000, 0.06000000, -0.05250000, 0.01266580
-0.01500000, 0.06000000, -0.04500000, 0.01064506
-0.02250000, 0.06000000, -0.03750000, 0.00925311
-0.03000000, 0.06000000, -0.03000000, 0.00845092
-0.03750000, 0.06000000, -0.02250000, 0.00823215
-0.04500000, 0.06000000, -0.01500000, 0.00857571
-0.05250000, 0.06000000, -0.00750000, 0.00945187
-0.06000000, 0.06000000, 0.00000000, 0.01083923
-0.06000000, 0.05250000, 0.00750000, 0.01026568
-0.06000000, 0.04500000, 0.01500000, 0.00980447
-0.06000000, 0.03750000, 0.02250000, 0.00941173
-0.06000000, 0.03000000, 0.03000000, 0.00907161
-0.06000000, 0.02250000, 0.03750000, 0.00878427
-0.06000000, 0.01500000, 0.04500000, 0.00854556
-0.06000000, 0.00750000, 0.05250000, 0.00835573
-0.06000000, 0.00000000, 0.06000000, 0.00820391
-0.05250000, -0.00750000, 0.06000000, 0.00849772
-0.04500000, -0.01500000, 0.06000000, 0.00902424
-0.03750000, -0.02250000, 0.06000000, 0.00976482
-0.03000000, -0.03000000, 0.06000000, 0.01069854
-0.02250000, -0.03750000, 0.06000000, 0.01179598
-0.01500000, -0.04500000, 0.06000000, 0.01302441
-0.00750000, -0.05250000, 0.06000000, 0.01432153
0.00000000, -0.06000000, 0.06000000, 0.01545908
0.00750000, -0.06000000, 0.05250000, 0.01266580
0.01500000, -0.06000000, 0.04500000, 0.01064506
0.02250000, -0.06000000, 0.03750000, 0.00925311
0.03000000, -0.06000000, 0.03000000, 0.00845092
0.03750000, -0.06000000, 0.02250000, 0.00823215
0.04500000, -0.06000000, 0.01500000, 0.00857571
0.05250000, -0.06000000, 0.00750000, 0.00945187
0.06000000, -0.06000000, 0.00000000, 0.01083923
0.06000000, -0.05250000, -0.00750000, 0.01026568
0.06000000, -0.04500000, -0.01500000, 0.00980447
0.06000000, -0.03750000, -0.02250000, 0.00941173
0.06000000, -0.03000000, -0.03000000, 0.00907161
0.06000000, -0.02250000, -0.03750000, 0.00878427
0.06000000, -0.01500000, -0.04500000, 0.00854556
0.06000000, -0.00750000, -0.05250000, 0.00835573
0.07000000, 0.00000000, -0.07000000, 0.00794277
0.06125000, 0.00875000, -0.07000000, 0.00825457
0.05250000, 0.01750000, -0.07000000, 0.00883836
0.04375000, 0.02625000, -0.07000000, 0.00967639
0.03500000, 0.03500000, -0.07000000, 0.01074426
0.02625000, 0.04375000, -0.07000000, 0.01201210
0.01750000, 0.05250000, -0.07000000, 0.01344598
0.00875000, 0.06125000, -0.07000000, 0.01498299
0.00000000, 0.07000000, -0.07000000, 0.01638918
-0.00875000, 0.07000000, -0.06125000, 0.01376083
-0.01750000, 0.07000000, -0.05250000, 0.01186087
-0.02625000, 0.07000000, -0.04375000, 0.01051464
-0.03500000, 0.07000000, -0.03500000, 0.00968807
-0.04375000, 0.07000000, -0.02625000, 0.00936683
-0.05250000, 0.07000000, -0.01750000, 0.00953310
-0.06125000, 0.07000000, -0.00875000, 0.01017159
-0.07000000, 0.07000000, 0.00000000, 0.01124572
-0.07000000, 0.06125000, 0.00875000, 0.01050283
-0.07000000, 0.05250000, 0.01750000, 0.00992533
-0.07000000, 0.04375000, 0.02625000, 0.00942898
-0.07000000, 0.03500000, 0.03500000, 0.00900256
-0.07000000, 0.02625000, 0.04375000, 0.00864274
-0.07000000, 0.01750000, 0.05250000, 0.00834670
-0.07000000, 0.00875000, 0.06125000, 0.00811525
-0.07000000, 0.00000000, 0.07000000, 0.00794277
-0.06125000, -0.00875000, 0.07000000, 0.00825457
-0.05250000, -0.01750000, 0.07000000, 0.00883836
-0.04375000, -0.02625000, 0.07000000, 0.00967639
-0.03500000, -0.03500000, 0.07000000, 0.01074426
-0.02625000, -0.04375000, 0.07000000, 0.01201210
-0.01750000, -0.05250000, 0.07000000, 0.01344598
-0.00875000, -0.06125000, 0.07000000, 0.01498299
0.00000000, -0.07000000, 0.07000000, 0.01638918
0.00875000, -0.07000000, 0.06125000, 0.01376083
0.01750000, -0.07000000, 0.05250000, 0.01186087
0.02625000, -0.07000000, 0.04375000, 0.01051464
0.03500000, -0.07000000, 0.03500000, 0.00968807
0.04375000, -0.07000000, 0.02625000, 0.00936683
0.05250000, -0.07000000, 0.01750000, 0.00953310
0.06125000, -0.07000000, 0.00875000, 0.01017159
0.07000000, -0.07000000, 0.00000000, 0.01124572
0.07000000, -0.06125000, -0.00875000, 0.01050283
0.07000000, -0.05250000, -0.01750000, 0.00992533
0.07000000, -0.04375000, -0.02625000, 0.00942898
0.07000000, -0.03500000, -0.03500000, 0.00900256
0.07000000, -0.02625000, -0.04375000, 0.00864274
0.07000000, -0.01750000, -0.05250000, 0.00834670
0.07000000, -0.00875000, -0.06125000, 0.00811525
0.08000000, 0.00000000, -0.08000000, 0.00770873
0.07000000, 0.01000000, -0.08000000, 0.00803434
0.06000000, 0.02000000, -0.08000000, 0.00867551
0.05000000, 0.03000000, -0.08000000, 0.00961174
0.04000000, 0.04000000, -0.08000000, 0.01081493
0.03000000, 0.05000000, -0.08000000, 0.01225519
0.02000000, 0.06000000, -0.08000000, 0.01389811
0.01000000, 0.07000000, -0.08000000, 0.01568047
0.00000000, 0.08000000, -0.08000000, 0.01736302
-0.01000000, 0.08000000, -0.07000000, 0.01486011
-0.02000000, 0.08000000, -0.06000000, 0.01303514
-0.03000000, 0.08000000, -0.05000000, 0.01170919
-0.04000000, 0.08000000, -0.04000000, 0.01085191
-0.05000000, 0.08000000, -0.03000000, 0.01043822
-0.06000000, 0.08000000, -0.02000000, 0.01046070
-0.07000000, 0.08000000, -0.01000000, 0.01091606
-0.08000000, 0.08000000, 0.00000000, 0.01173113
-0.08000000, 0.07000000, 0.01000000, 0.01080722
-0.08000000, 0.06000000, 0.02000000, 0.01009497
-0.08000000, 0.05000000, 0.03000000, 0.00948258
-0.08000000, 0.04000000, 0.04000000, 0.00896167
-0.08000000, 0.03000000, 0.05000000, 0.00852035
-0.08000000, 0.02000000, 0.06000000, 0.00816319
-0.08000000, 0.01000000, 0.07000000, 0.00789161
-0.08000000, 0.00000000, 0.08000000, 0.00770873
-0.07000000, -0.01000000, 0.08000000, 0.00803434
-0.06000000, -0.02000000, 0.08000000, 0.00867551
-0.05000000, -0.03000000, 0.08000000, 0.00961174
-0.04000000, -0.04000000, 0.08000000, 0.01081493
-0.03000000, -0.05000000, 0.08000000, 0.01225519
-0.02000000, -0.06000000, 0.08000000, 0.01389811
-0.01000000, -0.07000000, 0.08000000, 0.01568047
0.00000000, -0.08000000, 0.08000000, 0.01736302
0.01000000, -0.08000000, 0.07000000, 0.01486011
0.02000000, -0.08000000, 0.06000000, 0.01303514
0.03000000, -0.08000000, 0.05000000, 0.01170919
0.04000000, -0.08000000, 0.04000000, 0.01085191
0.05000000, -0.08000000, 0.03000000, 0.01043822
0.06000000, -0.08000000, 0.02000000, 0.01046070
0.07000000, -0.08000000, 0.01000000, 0.01091606
0.08000000, -0.08000000, 0.00000000, 0.01173113
0.08000000, -0.07000000, -0.01000000, 0.01080722
0.08000000, -0.06000000, -0.02000000, 0.01009497
0.08000000, -0.05000000, -0.03000000, 0.00948258
0.08000000, -0.04000000, -0.04000000, 0.00896167
0.08000000, -0.03000000, -0.05000000, 0.00852035
0.08000000, -0.02000000, -0.06000000, 0.00816319
0.08000000, -0.01000000, -0.07000000, 0.00789161
0.09000000, 0.00000000, -0.09000000, 0.00751163
0.07875000, 0.01125000, -0.09000000, 0.00784892
0.06750000, 0.02250000, -0.09000000, 0.00854617
0.05625000, 0.03375000, -0.09000000, 0.00957884
0.04500000, 0.04500000, -0.09000000, 0.01091699
0.03375000, 0.05625000, -0.09000000, 0.01252974
0.02250000, 0.06750000, -0.09000000, 0.01438317
0.01125000, 0.07875000, -0.09000000, 0.01641391
0.00000000, 0.09000000, -0.09000000, 0.01837844
-0.01125000, 0.09000000, -0.07875000, 0.01596748
-0.02250000, 0.09000000, -0.06750000, 0.01420016
-0.03375000, 0.09000000, -0.05625000, 0.01288457
-0.04500000, 0.09000000, -0.04500000, 0.01199478
-0.05625000, 0.09000000, -0.03375000, 0.01150577
-0.06750000, 0.09000000, -0.02250000, 0.01140777
-0.07875000, 0.09000000, -0.01125000, 0.01168306
-0.09000000, 0.09000000, 0.00000000, 0.01223480
-0.09000000, 0.07875000, 0.01125000, 0.01112873
-0.09000000, 0.06750000, 0.02250000, 0.01027516
-0.09000000, 0.05625000, 0.03375000, 0.00954771
-0.09000000, 0.04500000, 0.04500000, 0.00893466
-0.09000000, 0.03375000, 0.05625000, 0.00842112
-0.09000000, 0.02250000, 0.06750000, 0.00801129
-0.09000000, 0.01125000, 0.07875000, 0.00770633
-0.09000000, 0.00000000, 0.09000000, 0.00751163
-0.07875000, -0.01125000, 0.09000000, 0.00784892
-0.06750000, -0.02250000, 0.09000000, 0.00854617
-0.05625000, -0.03375000, 0.09000000, 0.00957884
-0.04500000, -0.04500000, 0.09000000, 0.01091699
-0.03375000, -0.05625000, 0.09000000, 0.01252974
-0.02250000, -0.06750000, 0.09000000, 0.01438317
-0.01125000, -0.07875000, 0.09000000, 0.01641391
0.00000000, -0.09000000, 0.09000000, 0.01837844
0.01125000, -0.09000000, 0.07875000, 0.01596748
0.02250000, -0.09000000, 0.06750000, 0.01420016
0.03375000, -0.09000000, 0.05625000, 0.01288457
0.04500000, -0.09000000, 0.04500000, 0.01199478
0.05625000, -0.09000000, 0.03375000, 0.01150577
0.06750000, -0.09000000, 0.02250000, 0.01140777
0.07875000, -0.09000000, 0.01125000, 0.01168306
0.09000000, -0.09000000, 0.00000000, 0.01223480
0.09000000, -0.07875000, -0.01125000, 0.01112873
0.09000000, -0.06750000, -0.02250000, 0.01027516
0.09000000, -0.05625000, -0.03375000, 0.00954771
0.09000000, -0.04500000, -0.04500000, 0.00893466
0.09000000, -0.03375000, -0.05625000, 0.00842112
0.09000000, -0.02250000, -0.06750000, 0.00801129
0.09000000, -0.01125000, -0.07875000, 0.00770633
0.10000000, 0.00000000, -0.10000000, 0.00735049
0.08750000, 0.01250000, -0.10000000, 0.00769804
0.07500000, 0.02500000, -0.10000000, 0.00844948
0.06250000, 0.03750000, -0.10000000, 0.00957718
0.05000000, 0.05000000, -0.10000000, 0.01105036
0.03750000, 0.06250000, -0.10000000, 0.01283695
0.02500000, 0.07500000, -0.10000000, 0.01490412
0.01250000, 0.08750000, -0.10000000, 0.01718926
0.00000000, 0.10000000, -0.10000000, 0.01944708
-0.01250000, 0.10000000, -0.08750000, 0.01709737
-0.02500000, 0.10000000, -0.07500000, 0.01537723
-0.03750000, 0.10000000, -0.06250000, 0.01406847
-0.05000000, 0.10000000, -0.05000000, 0.01314754
-0.06250000, 0.10000000, -0.03750000, 0.01259514
-0.07500000, 0.10000000, -0.02500000, 0.01239049
-0.08750000, 0.10000000, -0.01250000, 0.01249100
-0.10000000, 0.10000000, 0.00000000, 0.01279456
-0.10000000, 0.08750000, 0.01250000, 0.01148733
-0.10000000, 0.07500000, 0.02500000, 0.01048211
-0.10000000, 0.06250000, 0.03750000, 0.00963582
-0.10000000, 0.05000000, 0.05000000, 0.00892968
-0.10000000, 0.03750000, 0.06250000, 0.00834942
-0.10000000, 0.02500000, 0.07500000, 0.00789240
-0.10000000, 0.01250000, 0.08750000, 0.00755857
-0.10000000, 0.00000000, 0.10000000, 0.00735049
-0.08750000, -0.01250000, 0.10000000, 0.00769804
-0.07500000, -0.02500000, 0.10000000, 0.00844948
-0.06250000, -0.03750000, 0.10000000, 0.00957718
-0.05000000, -0.05000000, 0.10000000, 0.01105036
-0.03750000, -0.06250000, 0.10000000, 0.01283695
-0.02500000, -0.07500000, 0.10000000, 0.01490412
-0.01250000, -0.08750000, 0.10000000, 0.01718926
0.00000000, -0.10000000, 0.10000000, 0.01944708
0.01250000, -0.10000000, 0.08750000, 0.01709737
0.02500000, -0.10000000, 0.07500000, 0.01537723
0.03750000, -0.10000000, 0.06250000, 0.01406847
0.05000000, -0.10000000, 0.05000000, 0.01314754
0.06250000, -0.10000000, 0.03750000, 0.01259514
0.07500000, -0.10000000, 0.02500000, 0.01239049
0.08750000, -0.10000000, 0.01250000, 0.01249100
0.10000000, -0.10000000, 0.00000000, 0.01279456
0.10000000, -0.08750000, -0.01250000, 0.01148733
0.10000000, -0.07500000, -0.02500000, 0.01048211
0.10000000, -0.06250000, -0.03750000, 0.00963582
0.10000000, -0.05000000, -0.05000000, 0.00892968
0.10000000, -0.03750000, -0.06250000, 0.00834942
0.10000000, -0.02500000, -0.07500000, 0.00789240
0.10000000, -0.01250000, -0.08750000, 0.00755857
0.15000000, 0.00000000, -0.15000000, 0.00711998
0.13125000, 0.01875000, -0.15000000, 0.00743241
0.11250000, 0.03750000, -0.15000000, 0.00840890
0.09375000, 0.05625000, -0.15000000, 0.00999269
0.07500000, 0.07500000, -0.15000000, 0.01214411
0.05625000, 0.09375000, -0.15000000, 0.01483736
0.03750000, 0.11250000, -0.15000000, 0.01805485
0.01875000, 0.13125000, -0.15000000, 0.02176024
0.00000000, 0.15000000, -0.15000000, 0.02573994
-0.01875000, 0.15000000, -0.13125000, 0.02361103
-0.03750000, 0.15000000, -0.11250000, 0.02200287
-0.05625000, 0.15000000, -0.09375000, 0.02071692
-0.07500000, 0.15000000, -0.07500000, 0.01970843
-0.09375000, 0.15000000, -0.05625000, 0.01894113
-0.11250000, 0.15000000, -0.03750000, 0.01839136
-0.13125000, 0.15000000, -0.01875000, 0.01802935
-0.15000000, 0.15000000, 0.00000000, 0.01759088
-0.15000000, 0.13125000, 0.01875000, 0.01469687
-0.15000000, 0.11250000, 0.03750000, 0.01255756
-0.15000000, 0.09375000, 0.05625000, 0.01085912
-0.15000000, 0.07500000, 0.07500000, 0.00952064
-0.15000000, 0.05625000, 0.09375000, 0.00848931
-0.15000000, 0.03750000, 0.11250000, 0.00774418
-0.15000000, 0.01875000, 0.13125000, 0.00728054
-0.15000000, 0.00000000, 0.15000000, 0.00711998
-0.13125000, -0.01875000, 0.15000000, 0.00743241
-0.11250000, -0.03750000, 0.15000000, 0.00840890
-0.09375000, -0.05625000, 0.15000000, 0.00999269
-0.07500000, -0.07500000, 0.15000000, 0.01214411
-0.05625000, -0.09375000, 0.15000000, 0.01483736
-0.03750000, -0.11250000, 0.15000000, 0.01805485
-0.01875000, -0.13125000, 0.15000000, 0.02176024
0.00000000, -0.15000000, 0.15000000, 0.02573994
0.01875000, -0.15000000, 0.13125000, 0.02361103
0.03750000, -0.15000000, 0.11250000, 0.02200287
0.05625000, -0.15000000, 0.09375000, 0.02071692
0.07500000, -0.15000000, 0.07500000, 0.01970843
0.09375000, -0.15000000, 0.05625000, 0.01894113
0.11250000, -0.15000000, 0.03750000, 0.01839136
0.13125000, -0.15000000, 0.01875000, 0.01802935
0.15000000, -0.15000000, 0.00000000, 0.01759088
0.15000000, -0.13125000, -0.01875000, 0.01469687
0.15000000, -0.11250000, -0.03750000, 0.01255756
0.15000000, -0.09375000, -0.05625000, 0.01085912
0.15000000, -0.07500000, -0.07500000, 0.00952064
0.15000000, -0.05625000, -0.09375000, 0.00848931
0.15000000, -0.03750000, -0.11250000, 0.00774418
0.15000000, -0.01875000, -0.13125000, 0.00728054
0.20000000, 0.00000000, -0.20000000, 0.00802251
0.17500000, 0.02500000, -0.20000000, 0.00817149
0.15000000, 0.05000000, -0.20000000, 0.00927108
0.12500000, 0.07500000, -0.20000000, 0.01123399
0.10000000, 0.10000000, -0.20000000, 0.01402459
0.07500000, 0.12500000, -0.20000000, 0.01763737
0.05000000, 0.15000000, -0.20000000, 0.02209738
0.02500000, 0.17500000, -0.20000000, 0.02743713
0.00000000, 0.20000000, -0.20000000, 0.03355275
-0.02500000, 0.20000000, -0.17500000, 0.03190043
-0.05000000, 0.20000000, -0.15000000, 0.03065920
-0.07500000, 0.20000000, -0.12500000, 0.02962854
-0.10000000, 0.20000000, -0.10000000, 0.02878881
-0.12500000, 0.20000000, -0.07500000, 0.02812293
-0.15000000, 0.20000000, -0.05000000, 0.02757659
-0.17500000, 0.20000000, -0.02500000, 0.02701345
-0.20000000, 0.20000000, 0.00000000, 0.02598050
-0.20000000, 0.17500000, 0.02500000, 0.02043855
-0.20000000, 0.15000000, 0.05000000, 0.01650005
-0.20000000, 0.12500000, 0.07500000, 0.01353438
-0.20000000, 0.10000000, 0.10000000, 0.01131858
-0.20000000, 0.07500000, 0.12500000, 0.00972418
-0.20000000, 0.05000000, 0.15000000, 0.00866511
-0.20000000, 0.02500000, 0.17500000, 0.00809834
-0.20000000, 0.00000000, 0.20000000, 0.00802251
-0.17500000, -0.02500000, 0.20000000, 0.00817149
-0.15000000, -0.05000000, 0.20000000, 0.00927108
-0.12500000, -0.07500000, 0.20000000, 0.01123399
-0.10000000, -0.10000000, 0.20000000, 0.01402459
-0.07500000, -0.12500000, 0.20000000, 0.01763737
-0.05000000, -0.15000000, 0.20000000, 0.02209738
-0.02500000, -0.17500000, 0.20000000, 0.02743713
0.00000000, -0.20000000, 0.20000000, 0.03355275
0.02500000, -0.20000000, 0.17500000, 0.03190043
0.05000000, -0.20000000, 0.15000000, 0.03065920
0.07500000, -0.20000000, 0.12500000, 0.02962854
0.10000000, -0.20000000, 0.10000000, 0.02878881
0.12500000, -0.20000000, 0.07500000, 0.02812293
0.15000000, -0.20000000, 0.05000000, 0.02757659
0.17500000, -0.20000000, 0.02500000, 0.02701345
0.20000000, -0.20000000, 0.00000000, 0.02598050
0.20000000, -0.17500000, -0.02500000, 0.02043855
0.20000000, -0.15000000, -0.05000000, 0.01650005
0.20000000, -0.12500000, -0.07500000, 0.01353438
0.20000000, -0.10000000, -0.10000000, 0.01131858
0.20000000, -0.07500000, -0.12500000, 0.00972418
0.20000000, -0.05000000, -0.15000000, 0.00866511
0.20000000, -0.02500000, -0.17500000, 0.00809834
0.25000000, 0.00000000, -0.25000000, 0.00946364
0.21875000, 0.03125000, -0.25000000, 0.00946681
0.18750000, 0.06250000, -0.25000000, 0.01064652
0.15625000, 0.09375000, -0.25000000, 0.01292495
0.12500000, 0.12500000, -0.25000000, 0.01629150
0.09375000, 0.15625000, -0.25000000, 0.02078935
0.06250000, 0.18750000, -0.25000000, 0.02652198
0.03125000, 0.21875000, -0.25000000, 0.03364189
0.00000000, 0.25000000, -0.25000000, 0.04221961
-0.03125000, 0.25000000, -0.21875000, 0.04196605
-0.06250000, 0.25000000, -0.18750000, 0.04175831
-0.09375000, 0.25000000, -0.15625000, 0.04154583
-0.12500000, 0.25000000, -0.12500000, 0.04135706
-0.15625000, 0.25000000, -0.09375000, 0.04118840
-0.18750000, 0.25000000, -0.06250000, 0.04098919
-0.21875000, 0.25000000, -0.03125000, 0.04059034
-0.25000000, 0.25000000, 0.00000000, 0.03908503
-0.25000000, 0.21875000, 0.03125000, 0.02952072
-0.25000000, 0.18750000, 0.06250000, 0.02288741
-0.25000000, 0.15625000, 0.09375000, 0.01804231
-0.25000000, 0.12500000, 0.12500000, 0.01453715
-0.25000000, 0.09375000, 0.15625000, 0.01209072
-0.25000000, 0.06250000, 0.18750000, 0.01050851
-0.25000000, 0.03125000, 0.21875000, 0.00965846
-0.25000000, 0.00000000, 0.25000000, 0.00946364
-0.21875000, -0.03125000, 0.25000000, 0.00946681
-0.18750000, -0.06250000, 0.25000000, 0.01064652
-0.15625000, -0.09375000, 0.25000000, 0.01292495
-0.12500000, -0.12500000, 0.25000000, 0.01629150
-0.09375000, -0.15625000, 0.25000000, 0.02078935
-0.06250000, -0.18750000, 0.25000000, 0.02652198
-0.03125000, -0.21875000, 0.25000000, 0.03364189
0.00000000, -0.25000000, 0.25000000, 0.04221961
0.03125000, -0.25000000, 0.21875000, 0.04196605
0.06250000, -0.25000000, 0.18750000, 0.04175831
0.09375000, -0.25000000, 0.15625000, 0.04154583
0.12500000, -0.25000000, 0.12500000, 0.04135706
0.15625000, -0.25000000, 0.09375000, 0.04118840
0.18750000, -0.25000000, 0.06250000, 0.04098919
0.21875000, -0.25000000, 0.03125000, 0.04059034
0.25000000, -0.25000000, 0.00000000, 0.03908503
0.25000000, -0.21875000, -0.03125000, 0.02952072
0.25000000, -0.18750000, -0.06250000, 0.02288741
0.25000000, -0.15625000, -0.09375000, 0.01804231
0.25000000, -0.12500000, -0.12500000, 0.01453715
0.25000000, -0.09375000, -0.15625000, 0.01209072
0.25000000, -0.06250000, -0.18750000, 0.01050851
0.25000000, -0.03125000, -0.21875000, 0.00965846
0.30000000, 0.00000000, -0.30000000, 0.01025635
0.26250000, 0.03750000, -0.30000000, 0.01037139
0.22500000, 0.07500000, -0.30000000, 0.01170976
0.18750000, 0.11250000, -0.30000000, 0.01426323
0.15000000, 0.15000000, -0.30000000, 0.01808759
0.11250000, 0.18750000, -0.30000000, 0.02330734
0.07500000, 0.22500000, -0.30000000, 0.03013823
0.03750000, 0.26250000, -0.30000000, 0.03888162
0.00000000, 0.30000000, -0.30000000, 0.04978308
-0.03750000, 0.30000000, -0.26250000, 0.05258077
-0.07500000, 0.30000000, -0.22500000, 0.05482540
-0.11250000, 0.30000000, -0.18750000, 0.05650629
-0.15000000, 0.30000000, -0.15000000, 0.05773520
-0.18750000, 0.30000000, -0.11250000, 0.05853999
-0.22500000, 0.30000000, -0.07500000, 0.05880594
-0.26250000, 0.30000000, -0.03750000, 0.05813942
-0.30000000, 0.30000000, 0.00000000, 0.05511882
-0.30000000, 0.26250000, 0.03750000, 0.04077622
-0.30000000, 0.22500000, 0.07500000, 0.03084432
-0.30000000, 0.18750000, 0.11250000, 0.02366659
-0.30000000, 0.15000000, 0.15000000, 0.01853000
-0.30000000, 0.11250000, 0.18750000, 0.01495210
-0.30000000, 0.07500000, 0.22500000, 0.01256038
-0.30000000, 0.03750000, 0.26250000, 0.01106923
-0.30000000, 0.00000000, 0.30000000, 0.01025635
-0.26250000, -0.03750000, 0.30000000, 0.01037139
-0.22500000, -0.07500000, 0.30000000, 0.01170976
-0.18750000, -0.11250000, 0.30000000, 0.01426323
-0.15000000, -0.15000000, 0.30000000, 0.01808759
-0.11250000, -0.18750000, 0.30000000, 0.02330734
-0.07500000, -0.22500000, 0.30000000, 0.03013823
-0.03750000, -0.26250000, 0.30000000, 0.03888162
0.00000000, -0.30000000, 0.30000000, 0.04978308
0.03750000, -0.30000000, 0.26250000, 0.05258077
0.07500000, -0.30000000, 0.22500000, 0.05482540
0.11250000, -0.30000000, 0.18750000, 0.05650629
0.15000000, -0.30000000, 0.15000000, 0.05773520
0.18750000, -0.30000000, 0.11250000, 0.05853999
0.22500000, -0.30000000, 0.07500000, 0.05880594
0.26250000, -0.30000000, 0.03750000, 0.05813942
0.30000000, -0.30000000, 0.00000000, 0.05511882
0.30000000, -0.26250000, -0.03750000, 0.04077622
0.30000000, -0.22500000, -0.07500000, 0.03084432
0.30000000, -0.18750000, -0.11250000, 0.02366659
0.30000000, -0.15000000, -0.15000000, 0.01853000
0.30000000, -0.11250000, -0.18750000, 0.01495210
0.30000000, -0.07500000, -0.22500000, 0.01256038
0.30000000, -0.03750000, -0.26250000, 0.01106923
0.35000000, 0.00000000, -0.35000000, 0.00941860
0.30625000, 0.04375000, -0.35000000, 0.00994965
0.26250000, 0.08750000, -0.35000000, 0.01154395
0.21875000, 0.13125000, -0.35000000, 0.01430152
0.17500000, 0.17500000, -0.35000000, 0.01837357
0.13125000, 0.21875000, -0.35000000, 0.02398467
0.08750000, 0.26250000, -0.35000000, 0.03147280
0.04375000, 0.30625000, -0.35000000, 0.04127568
0.00000000, 0.35000000, -0.35000000, 0.05373399
-0.04375000, 0.35000000, -0.30625000, 0.06156124
-0.08750000, 0.35000000, -0.26250000, 0.06825103
-0.13125000, 0.35000000, -0.21875000, 0.07344190
-0.17500000, 0.35000000, -0.17500000, 0.07712852
-0.21875000, 0.35000000, -0.13125000, 0.07924009
-0.26250000, 0.35000000, -0.08750000, 0.07945172
-0.30625000, 0.35000000, -0.04375000, 0.07704569
-0.35000000, 0.35000000, 0.00000000, 0.07034467
-0.35000000, 0.30625000, 0.04375000, 0.05165588
-0.35000000, 0.26250000, 0.08750000, 0.03848050
-0.35000000, 0.21875000, 0.13125000, 0.02889882
-0.35000000, 0.17500000, 0.17500000, 0.02200547
-0.35000000, 0.13125000, 0.21875000, 0.01712213
-0.35000000, 0.08750000, 0.26250000, 0.01367787
-0.35000000, 0.04375000, 0.30625000, 0.01122613
-0.35000000, 0.00000000, 0.35000000, 0.00941860
-0.30625000, -0.04375000, 0.35000000, 0.00994965
-0.26250000, -0.08750000, 0.35000000, 0.01154395
-0.21875000, -0.13125000, 0.35000000, 0.01430152
-0.17500000, -0.17500000, 0.35000000, 0.01837357
-0.13125000, -0.21875000, 0.35000000, 0.02398467
-0.08750000, -0.26250000, 0.35000000, 0.03147280
-0.04375000, -0.30625000, 0.35000000, 0.04127568
0.00000000, -0.35000000, 0.35000000, 0.05373399
0.04375000, -0.35000000, 0.30625000, 0.06156124
0.08750000, -0.35000000, 0.26250000, 0.06825103
0.13125000, -0.35000000, 0.21875000, 0.07344190
0.17500000, -0.35000000, 0.17500000, 0.07712852
0.21875000, -0.35000000, 0.13125000, 0.07924009
0.26250000, -0.35000000, 0.08750000, 0.07945172
0.30625000, -0.35000000, 0.04375000, 0.07704569
0.35000000, -0.35000000, 0.00000000, 0.07034467
0.35000000, -0.30625000, -0.04375000, 0.05165588
0.35000000, -0.26250000, -0.08750000, 0.03848050
0.35000000, -0.21875000, -0.13125000, 0.02889882
0.35000000, -0.17500000, -0.17500000, 0.02200547
0.35000000, -0.13125000, -0.21875000, 0.01712213
0.35000000, -0.08750000, -0.26250000, 0.01367787
0.35000000, -0.04375000, -0.30625000, 0.01122613
0.40000000, 0.00000000, -0.40000000, 0.00706615
0.35000000, 0.05000000, -0.40000000, 0.00803050
0.30000000, 0.10000000, -0.40000000, 0.00980988
0.25000000, 0.15000000, -0.40000000, 0.01257475
0.20000000, 0.20000000, -0.40000000, 0.01655366
0.15000000, 0.25000000, -0.40000000, 0.02205472
0.10000000, 0.30000000, -0.40000000, 0.02950722
0.05000000, 0.35000000, -0.40000000, 0.03942012
0.00000000, 0.40000000, -0.40000000, 0.05207012
-0.05000000, 0.40000000, -0.35000000, 0.06638586
-0.10000000, 0.40000000, -0.30000000, 0.07956475
-0.15000000, 0.40000000, -0.25000000, 0.09017899
-0.20000000, 0.40000000, -0.20000000, 0.09748102
-0.25000000, 0.40000000, -0.15000000, 0.10087328
-0.30000000, 0.40000000, -0.10000000, 0.09963866
-0.35000000, 0.40000000, -0.05000000, 0.09295751
-0.40000000, 0.40000000, 0.00000000, 0.07961604
-0.40000000, 0.35000000, 0.05000000, 0.05862850
-0.40000000, 0.30000000, 0.10000000, 0.04323310
-0.40000000, 0.25000000, 0.15000000, 0.03180445
-0.40000000, 0.20000000, 0.20000000, 0.02345680
-0.40000000, 0.15000000, 0.25000000, 0.01740920
-0.40000000, 0.10000000, 0.30000000, 0.01297892
-0.40000000, 0.05000000, 0.35000000, 0.00964774
-0.40000000, 0.00000000, 0.40000000, 0.00706615
-0.35000000, -0.05000000, 0.40000000, 0.00803050
-0.30000000, -0.10000000, 0.40000000, 0.00980988
-0.25000000, -0.15000000, 0.40000000, 0.01257475
-0.20000000, -0.20000000, 0.40000000, 0.01655366
-0.15000000, -0.25000000, 0.40000000, 0.02205472
-0.10000000, -0.30000000, 0.40000000, 0.02950722
-0.05000000, -0.35000000, 0.40000000, 0.03942012
0.00000000, -0.40000000, 0.40000000, 0.05207012
0.05000000, -0.40000000, 0.35000000, 0.06638586
0.10000000, -0.40000000, 0.30000000, 0.07956475
0.15000000, -0.40000000, 0.25000000, 0.09017899
0.20000000, -0.40000000, 0.20000000, 0.09748102
0.25000000, -0.40000000, 0.15000000, 0.10087328
0.30000000, -0.40000000, 0.10000000, 0.09963866
0.35000000, -0.40000000, 0.05000000, 0.09295751
0.40000000, -0.40000000, 0.00000000, 0.07961604
0.40000000, -0.35000000, -0.05000000, 0.05862850
0.40000000, -0.30000000, -0.10000000, 0.04323310
0.40000000, -0.25000000, -0.15000000, 0.03180445
0.40000000, -0.20000000, -0.20000000, 0.02345680
0.40000000, -0.15000000, -0.25000000, 0.01740920
0.40000000, -0.10000000, -0.30000000, 0.01297892
0.40000000, -0.05000000, -0.35000000, 0.00964774
0.45000000, 0.00000000, -0.45000000, 0.00423094
0.39375000, 0.05625000, -0.45000000, 0.00534080
0.33750000, 0.11250000, -0.45000000, 0.00704291
0.28125000, 0.16875000, -0.45000000, 0.00950392
0.22500000, 0.22500000, -0.45000000, 0.01297488
0.16875000, 0.28125000, -0.45000000, 0.01779441
0.11250000, 0.33750000, -0.45000000, 0.02441654
0.05625000, 0.39375000, -0.45000000, 0.03332295
0.00000000, 0.45000000, -0.45000000, 0.04456573
-0.05625000, 0.45000000, -0.39375000, 0.06509114
-0.11250000, 0.45000000, -0.33750000, 0.08605379
-0.16875000, 0.45000000, -0.28125000, 0.10380578
-0.22500000, 0.45000000, -0.22500000, 0.11571591
-0.28125000, 0.45000000, -0.16875000, 0.11987604
-0.33750000, 0.45000000, -0.11250000, 0.11499154
-0.39375000, 0.45000000, -0.05625000, 0.10079673
-0.45000000, 0.45000000, 0.00000000, 0.07840461
-0.45000000, 0.39375000, 0.05625000, 0.05839465
-0.45000000, 0.33750000, 0.11250000, 0.04277790
-0.45000000, 0.28125000, 0.16875000, 0.03082199
-0.45000000, 0.22500000, 0.22500000, 0.02192860
-0.45000000, 0.16875000, 0.28125000, 0.01538589
-0.45000000, 0.11250000, 0.33750000, 0.01053795
-0.45000000, 0.05625000, 0.39375000, 0.00690681
-0.45000000, 0.00000000, 0.45000000, 0.00423094
-0.39375000, -0.05625000, 0.45000000, 0.00534080
-0.33750000, -0.11250000, 0.45000000, 0.00704291
-0.28125000, -0.16875000, 0.45000000, 0.00950392
-0.22500000, -0.22500000, 0.45000000, 0.01297488
-0.16875000, -0.28125000, 0.45000000, 0.01779441
-0.11250000, -0.33750000, 0.45000000, 0.02441654
-0.05625000, -0.39375000, 0.45000000, 0.03332295
0.00000000, -0.45000000, 0.45000000, 0.04456573
0.05625000, -0.45000000, 0.39375000, 0.06509114
0.11250000, -0.45000000, 0.33750000, 0.08605379
0.16875000, -0.45000000, 0.28125000, 0.10380578
0.22500000, -0.45000000, 0.22500000, 0.11571591
0.28125000, -0.45000000, 0.16875000, 0.11987604
0.33750000, -0.45000000, 0.11250000, 0.11499154
0.39375000, -0.45000000, 0.05625000, 0.10079673
0.45000000, -0.45000000, 0.00000000, 0.07840461
0.45000000, -0.39375000, -0.05625000, 0.05839465
0.45000000, -0.33750000, -0.11250000, 0.04277790
0.45000000, -0.28125000, -0.16875000, 0.03082199
0.45000000, -0.22500000, -0.22500000, 0.02192860
0.45000000, -0.16875000, -0.28125000, 0.01538589
0.45000000, -0.11250000, -0.33750000, 0.01053795
0.45000000, -0.05625000, -0.39375000, 0.00690681
0.50000000, 0.00000000, -0.50000000, 0.00194781
0.43750000, 0.06250000, -0.50000000, 0.00285845
0.37500000, 0.12500000, -0.50000000, 0.00419172
0.31250000, 0.18750000, -0.50000000, 0.00606665
0.25000000, 0.25000000, -0.50000000, 0.00870116
0.18750000, 0.31250000, -0.50000000, 0.01240033
0.12500000, 0.37500000, -0.50000000, 0.01756759
0.06250000, 0.43750000, -0.50000000, 0.02457137
0.00000000, 0.50000000, -0.50000000, 0.03318056
-0.06250000, 0.50000000, -0.43750000, 0.05737460
-0.12500000, 0.50000000, -0.37500000, 0.08568388
-0.18750000, 0.50000000, -0.31250000, 0.11134348
-0.25000000, 0.50000000, -0.25000000, 0.12831365
-0.31250000, 0.50000000, -0.18750000, 0.13224798
-0.37500000, 0.50000000, -0.12500000, 0.12129950
-0.43750000, 0.50000000, -0.06250000, 0.09723648
-0.50000000, 0.50000000, 0.00000000, 0.06617709
-0.50000000, 0.43750000, 0.06250000, 0.05023519
-0.50000000, 0.37500000, 0.12500000, 0.03666965
-0.50000000, 0.31250000, 0.18750000, 0.02587164
-0.50000000, 0.25000000, 0.25000000, 0.01769754
-0.50000000, 0.18750000, 0.31250000, 0.01166070
-0.50000000, 0.12500000, 0.37500000, 0.00724359
-0.50000000, 0.06250000, 0.43750000, 0.00406796
-0.50000000, 0.00000000, 0.50000000, 0.00194781
-0.43750000, -0.06250000, 0.50000000, 0.00285845
-0.37500000, -0.12500000, 0.50000000, 0.00419172
-0.31250000, -0.18750000, 0.50000000, 0.00606665
-0.25000000, -0.25000000, 0.50000000, 0.00870116
-0.18750000, -0.31250000, 0.50000000, 0.01240033
-0.12500000, -0.37500000, 0.50000000, 0.01756759
-0.06250000, -0.43750000, 0.50000000, 0.02457137
0.00000000, -0.50000000, 0.50000000, 0.03318056
0.06250000, -0.50000000, 0.43750000, 0.05737460
0.12500000, -0.50000000, 0.37500000, 0.08568388
0.18750000, -0.50000000, 0.31250000, 0.11134348
0.25000000, -0.50000000, 0.25000000, 0.12831365
0.31250000, -0.50000000, 0.18750000, 0.13224798
0.37500000, -0.50000000, 0.12500000, 0.12129950
0.43750000, -0.50000000, 0.06250000, 0.09723648
0.50000000, -0.50000000, 0.00000000, 0.06617709
0.50000000, -0.43750000, -0.06250000, 0.05023519
0.50000000, -0.37500000, -0.12500000, 0.03666965
0.50000000, -0.31250000, -0.18750000, 0.02587164
0.50000000, -0.25000000, -0.25000000, 0.01769754
0.50000000, -0.18750000, -0.31250000, 0.01166070
0.50000000, -0.12500000, -0.37500000, 0.00724359
0.50000000, -0.06250000, -0.43750000, 0.00406796
0.55000000, 0.00000000, -0.55000000, 0.00063849
0.48125000, 0.06875000, -0.55000000, 0.00117436
0.41250000, 0.13750000, -0.55000000, 0.00199457
0.34375000, 0.20625000, -0.55000000, 0.00317423
0.27500000, 0.27500000, -0.55000000, 0.00486948
0.20625000, 0.34375000, -0.55000000, 0.00730722
0.13750000, 0.41250000, -0.55000000, 0.01078685
0.06875000, 0.48125000, -0.55000000, 0.01552806
0.00000000, 0.55000000, -0.55000000, 0.02109572
-0.06875000, 0.55000000, -0.48125000, 0.04495807
-0.13750000, 0.55000000, -0.41250000, 0.07797131
-0.20625000, 0.55000000, -0.34375000, 0.11066811
-0.27500000, 0.55000000, -0.27500000, 0.13226166
-0.34375000, 0.55000000, -0.20625000, 0.13473910
-0.41250000, 0.55000000, -0.13750000, 0.11619089
-0.48125000, 0.55000000, -0.06875000, 0.08269936
-0.55000000, 0.55000000, 0.00000000, 0.04715415
-0.55000000, 0.48125000, 0.06875000, 0.03678706
-0.55000000, 0.41250000, 0.13750000, 0.02683654
-0.55000000, 0.34375000, 0.20625000, 0.01852938
-0.55000000, 0.27500000, 0.27500000, 0.01214100
-0.55000000, 0.20625000, 0.34375000, 0.00745927
-0.55000000, 0.13750000, 0.41250000, 0.00414779
-0.55000000, 0.06875000, 0.48125000, 0.00192928
-0.55000000, 0.00000000, 0.55000000, 0.00063849
-0.48125000, -0.06875000, 0.55000000, 0.00117436
-0.41250000, -0.13750000, 0.55000000, 0.00199457
-0.34375000, -0.20625000, 0.55000000, 0.00317423
-0.27500000, -0.27500000, 0.55000000, 0.00486948
-0.20625000, -0.34375000, 0.55000000, 0.00730722
-0.13750000, -0.41250000, 0.55000000, 0.01078685
-0.06875000, -0.48125000, 0.55000000, 0.01552806
0.00000000, -0.55000000, 0.55000000, 0.02109572
0.06875000, -0.55000000, 0.48125000, 0.04495807
0.13750000, -0.55000000, 0.41250000, 0.07797131
0.20625000, -0.55000000, 0.34375000, 0.11066811
0.27500000, -0.55000000, 0.27500000, 0.13226166
0.34375000, -0.55000000, 0.20625000, 0.13473910
0.41250000, -0.55000000, 0.13750000, 0.11619089
0.48125000, -0.55000000, 0.06875000, 0.08269936
0.55000000, -0.55000000, 0.00000000, 0.04715415
0.55000000, -0.48125000, -0.06875000, 0.03678706
0.55000000, -0.41250000, -0.13750000, 0.02683654
0.55000000, -0.34375000, -0.20625000, 0.01852938
0.55000000, -0.27500000, -0.27500000, 0.01214100
0.55000000, -0.20625000, -0.34375000, 0.00745927
0.55000000, -0.13750000, -0.41250000, 0.00414779
0.55000000, -0.06875000, -0.48125000, 0.00192928
0.60000000, 0.00000000, -0.60000000, 0.00012921
0.52500000, 0.07500000, -0.60000000, 0.00033012
0.45000000, 0.15000000, -0.60000000, 0.00069312
0.37500000, 0.22500000, -0.60000000, 0.00127304
0.30000000, 0.30000000, -0.60000000, 0.00216731
0.22500000, 0.37500000, -0.60000000, 0.00351366
0.15000000, 0.45000000, -0.60000000, 0.00549250
0.07500000, 0.52500000, -0.60000000, 0.00819467
0.00000000, 0.60000000, -0.60000000, 0.01114207
-0.07500000, 0.60000000, -0.52500000, 0.03087415
-0.15000000, 0.60000000, -0.45000000, 0.06431157
-0.22500000, 0.60000000, -0.37500000, 0.10132293
-0.30000000, 0.60000000, -0.30000000, 0.12607060
-0.37500000, 0.60000000, -0.22500000, 0.12607174
-0.45000000, 0.60000000, -0.15000000, 0.10031666
-0.52500000, 0.60000000, -0.07500000, 0.06128672
-0.60000000, 0.60000000, 0.00000000, 0.02773225
-0.60000000, 0.52500000, 0.07500000, 0.02247713
-0.60000000, 0.45000000, 0.15000000, 0.01644286
-0.60000000, 0.37500000, 0.22500000, 0.01109645
-0.60000000, 0.30000000, 0.30000000, 0.00692595
-0.60000000, 0.22500000, 0.37500000, 0.00392649
-0.60000000, 0.15000000, 0.45000000, 0.00191988
-0.60000000, 0.07500000, 0.52500000, 0.00070901
-0.60000000, 0.00000000, 0.60000000, 0.00012921
-0.52500000, -0.07500000, 0.60000000, 0.00033012
-0.45000000, -0.15000000, 0.60000000, 0.00069312
-0.37500000, -0.22500000, 0.60000000, 0.00127304
-0.30000000, -0.30000000, 0.60000000, 0.00216731
-0.22500000, -0.37500000, 0.60000000, 0.00351366
-0.15000000, -0.45000000, 0.60000000, 0.00549250
-0.07500000, -0.52500000, 0.60000000, 0.00819467
0.00000000, -0.60000000, 0.60000000, 0.01114207
0.07500000, -0.60000000, 0.52500000, 0.03087415
0.15000000, -0.60000000, 0.45000000, 0.06431157
0.22500000, -0.60000000, 0.37500000, 0.10132293
0.30000000, -0.60000000, 0.30000000, 0.12607060
0.37500000, -0.60000000, 0.22500000, 0.12607174
0.45000000, -0.60000000, 0.15000000, 0.10031666
0.52500000, -0.60000000, 0.07500000, 0.06128672
0.60000000, -0.60000000, 0.00000000, 0.02773225
0.60000000, -0.52500000, -0.07500000, 0.02247713
0.60000000, -0.45000000, -0.15000000, 0.01644286
0.60000000, -0.37500000, -0.22500000, 0.01109645
0.60000000, -0.30000000, -0.30000000, 0.00692595
0.60000000, -0.22500000, -0.37500000, 0.00392649
0.60000000, -0.15000000, -0.45000000, 0.00191988
0.60000000, -0.07500000, -0.52500000, 0.00070901
0.65000000, 0.00000000, -0.65000000, 0.00001821
0.56875000, 0.08125000, -0.65000000, 0.00003837
0.48750000, 0.16250000, -0.65000000, 0.00012255
0.40625000, 0.24375000, -0.65000000, 0.00031897
0.32500000, 0.32500000, -0.65000000, 0.00068695
0.24375000, 0.40625000, -0.65000000, 0.00129239
0.16250000, 0.48750000, -0.65000000, 0.00221645
0.08125000, 0.56875000, -0.65000000, 0.00347204
0.00000000, 0.65000000, -0.65000000, 0.00468342
-0.08125000, 0.65000000, -0.56875000, 0.01818122
-0.16250000, 0.65000000, -0.48750000, 0.04755643
-0.24375000, 0.65000000, -0.40625000, 0.08481051
-0.32500000, 0.65000000, -0.32500000, 0.11039096
-0.40625000, 0.65000000, -0.24375000, 0.10756093
-0.48750000, 0.65000000, -0.16250000, 0.07728761
-0.56875000, 0.65000000, -0.08125000, 0.03883244
-0.65000000, 0.65000000, 0.00000000, 0.01295464
-0.65000000, 0.56875000, 0.08125000, 0.01108490
-0.65000000, 0.48750000, 0.16250000, 0.00816985
-0.65000000, 0.40625000, 0.24375000, 0.00538048
-0.65000000, 0.32500000, 0.32500000, 0.00317460
-0.65000000, 0.24375000, 0.40625000, 0.00163481
-0.65000000, 0.16250000, 0.48750000, 0.00068437
-0.65000000, 0.08125000, 0.56875000, 0.00019127
-0.65000000, 0.00000000, 0.65000000, 0.00001821
-0.56875000, -0.08125000, 0.65000000, 0.00003837
-0.48750000, -0.16250000, 0.65000000, 0.00012255
-0.40625000, -0.24375000, 0.65000000, 0.00031897
-0.32500000, -0.32500000, 0.65000000, 0.00068695
-0.24375000, -0.40625000, 0.65000000, 0.00129239
-0.16250000, -0.48750000, 0.65000000, 0.00221645
-0.08125000, -0.56875000, 0.65000000, 0.00347204
0.00000000, -0.65000000, 0.65000000, 0.00468342
0.08125000, -0.65000000, 0.56875000, 0.01818122
0.16250000, -0.65000000, 0.48750000, 0.04755643
0.24375000, -0.65000000, 0.40625000, 0.08481051
0.32500000, -0.65000000, 0.32500000, 0.11039096
0.40625000, -0.65000000, 0.24375000, 0.10756093
0.48750000, -0.65000000, 0.16250000, 0.07728761
0.56875000, -0.65000000, 0.08125000, 0.03883244
0.65000000, -0.65000000, 0.00000000, 0.01295464
0.65000000, -0.56875000, -0.08125000, 0.01108490
0.65000000, -0.48750000, -0.16250000, 0.00816985
0.65000000, -0.40625000, -0.24375000, 0.00538048
0.65000000, -0.32500000, -0.32500000, 0.00317460
0.65000000, -0.24375000, -0.40625000, 0.00163481
0.65000000, -0.16250000, -0.48750000, 0.00068437
0.65000000, -0.08125000, -0.56875000, 0.00019127
0.70000000, 0.00000000, -0.70000000, 0.00000478
0.61250000, 0.08750000, -0.70000000, -0.00001710
0.52500000, 0.17500000, -0.70000000, -0.00003447
0.43750000, 0.26250000, -0.70000000, -0.00000824
0.35000000, 0.35000000, -0.70000000, 0.00010233
0.26250000, 0.43750000, -0.70000000, 0.00032064
0.17500000, 0.52500000, -0.70000000, 0.00066569
0.08750000, 0.61250000, -0.70000000, 0.00112201
0.00000000, 0.70000000, -0.70000000, 0.00147588
-0.08750000, 0.70000000, -0.61250000, 0.00885652
-0.17500000, 0.70000000, -0.52500000, 0.03103427
-0.26250000, 0.70000000, -0.43750000, 0.06420211
-0.35000000, 0.70000000, -0.35000000, 0.08793864
-0.43750000, 0.70000000, -0.26250000, 0.08280395
-0.52500000, 0.70000000, -0.17500000, 0.05235521
-0.61250000, 0.70000000, -0.08750000, 0.02038074
-0.70000000, 0.70000000, 0.00000000, 0.00450915
-0.70000000, 0.61250000, 0.08750000, 0.00417348
-0.70000000, 0.52500000, 0.17500000, 0.00312298
-0.70000000, 0.43750000, 0.26250000, 0.00200906
-0.70000000, 0.35000000, 0.35000000, 0.00111465
-0.70000000, 0.26250000, 0.43750000, 0.00051518
-0.70000000, 0.17500000, 0.52500000, 0.00018107
-0.70000000, 0.08750000, 0.61250000, 0.00003711
-0.70000000, 0.00000000, 0.70000000, 0.00000478
-0.61250000, -0.08750000, 0.70000000, -0.00001710
-0.52500000, -0.17500000, 0.70000000, -0.00003447
-0.43750000, -0.26250000, 0.70000000, -0.00000824
-0.35000000, -0.35000000, 0.70000000, 0.00010233
-0.26250000, -0.43750000, 0.70000000, 0.00032064
-0.17500000, -0.52500000, 0.70000000, 0.00066569
-0.08750000, -0.61250000, 0.70000000, 0.00112201
0.00000000, -0.70000000, 0.70000000, 0.00147588
0.08750000, -0.70000000, 0.61250000, 0.00885652
0.17500000, -0.70000000, 0.52500000, 0.03103427
0.26250000, -0.70000000, 0.43750000, 0.06420211
0.35000000, -0.70000000, 0.35000000, 0.08793864
0.43750000, -0.70000000, 0.26250000, 0.08280395
0.52500000, -0.70000000, 0.17500000, 0.05235521
0.61250000, -0.70000000, 0.08750000, 0.02038074
0.70000000, -0.70000000, 0.00000000, 0.00450915
0.70000000, -0.61250000, -0.08750000, 0.00417348
0.70000000, -0.52500000, -0.17500000, 0.00312298
0.70000000, -0.43750000, -0.26250000, 0.00200906
0.70000000, -0.35000000, -0.35000000, 0.00111465
0.70000000, -0.26250000, -0.43750000, 0.00051518
0.70000000, -0.17500000, -0.52500000, 0.00018107
0.70000000, -0.08750000, -0.61250000, 0.00003711
0.75000000, 0.00000000, -0.75000000, -0.00000977
0.65625000, 0.09375000, -0.75000000, -0.00001634
0.56250000, 0.18750000, -0.75000000, -0.00003853
0.46875000, 0.28125000, -0.75000000, -0.00005305
0.37500000, 0.37500000, -0.75000000, -0.00002927
0.28125000, 0.46875000, -0.75000000, 0.00003911
0.18750000, 0.56250000, -0.75000000, 0.00014439
0.09375000, 0.65625000, -0.75000000, 0.00027091
0.00000000, 0.75000000, -0.75000000, 0.00033694
-0.09375000, 0.75000000, -0.65625000, 0.00335261
-0.18750000, 0.75000000, -0.56250000, 0.01745593
-0.28125000, 0.75000000, -0.46875000, 0.04322070
-0.37500000, 0.75000000, -0.37500000, 0.06275242
-0.46875000, 0.75000000, -0.28125000, 0.05657028
-0.56250000, 0.75000000, -0.18750000, 0.03048744
-0.65625000, 0.75000000, -0.09375000, 0.00841501
-0.75000000, 0.75000000, 0.00000000, 0.00107241
-0.75000000, 0.65625000, 0.09375000, 0.00110159
-0.75000000, 0.56250000, 0.18750000, 0.00084834
-0.75000000, 0.46875000, 0.28125000, 0.00054153
-0.75000000, 0.37500000, 0.37500000, 0.00028938
-0.75000000, 0.28125000, 0.46875000, 0.00012766
-0.75000000, 0.18750000, 0.56250000, 0.00004348
-0.75000000, 0.09375000, 0.65625000, 0.00000534
-0.75000000, 0.00000000, 0.75000000, -0.00000977
-0.65625000, -0.09375000, 0.75000000, -0.00001634
-0.56250000, -0.18750000, 0.75000000, -0.00003853
-0.46875000, -0.28125000, 0.75000000, -0.00005305
-0.37500000, -0.37500000, 0.75000000, -0.00002927
-0.28125000, -0.46875000, 0.75000000, 0.00003911
-0.18750000, -0.56250000, 0.75000000, 0.00014439
-0.09375000, -0.65625000, 0.75000000, 0.00027091
0.00000000, -0.75000000, 0.75000000, 0.00033694
0.09375000, -0.75000000, 0.65625000, 0.00335261
0.18750000, -0.75000000, 0.56250000, 0.01745593
0.28125000, -0.75000000, 0.46875000, 0.04322070
0.37500000, -0.75000000, 0.37500000, 0.06275242
0.46875000, -0.75000000, 0.28125000, 0.05657028
0.56250000, -0.75000000, 0.18750000, 0.03048744
0.65625000, -0.75000000, 0.09375000, 0.00841501
0.75000000, -0.75000000, 0.00000000, 0.00107241
0.75000000, -0.65625000, -0.09375000, 0.00110159
0.75000000, -0.56250000, -0.18750000, 0.00084834
0.75000000, -0.46875000, -0.28125000, 0.00054153
0.75000000, -0.37500000, -0.37500000, 0.00028938
0.75000000, -0.28125000, -0.46875000, 0.00012766
0.75000000, -0.18750000, -0.56250000, 0.00004348
0.75000000, -0.09375000, -0.65625000, 0.00000534
0.80000000, 0.00000000, -0.80000000, -0.00001077
0.70000000, 0.10000000, -0.80000000, -0.00000868
0.60000000, 0.20000000, -0.80000000, -0.00001855
0.50000000, 0.30000000, -0.80000000, -0.00003212
0.40000000, 0.40000000, -0.80000000, -0.00002928
0.30000000, 0.50000000, -0.80000000, -0.00000712
0.20000000, 0.60000000, -0.80000000, 0.00002248
0.10000000, 0.70000000, -0.80000000, 0.00005042
0.00000000, 0.80000000, -0.80000000, 0.00005762
-0.10000000, 0.80000000, -0.70000000, 0.00087662
-0.20000000, 0.80000000, -0.60000000, 0.00816076
-0.30000000, 0.80000000, -0.50000000, 0.02515885
-0.40000000, 0.80000000, -0.40000000, 0.03906567
-0.50000000, 0.80000000, -0.30000000, 0.03335062
-0.60000000, 0.80000000, -0.20000000, 0.01473185
-0.70000000, 0.80000000, -0.10000000, 0.00253905
-0.80000000, 0.80000000, 0.00000000, 0.00016923
-0.80000000, 0.70000000, 0.10000000, 0.00018683
-0.80000000, 0.60000000, 0.20000000, 0.00015076
-0.80000000, 0.50000000, 0.30000000, 0.00010027
-0.80000000, 0.40000000, 0.40000000, 0.00005596
-0.80000000, 0.30000000, 0.50000000, 0.00002810
-0.80000000, 0.20000000, 0.60000000, 0.00001200
-0.80000000, 0.10000000, 0.70000000, -0.00000075
-0.80000000, 0.00000000, 0.80000000, -0.00001077
-0.70000000, -0.10000000, 0.80000000, -0.00000868
-0.60000000, -0.20000000, 0.80000000, -0.00001855
-0.50000000, -0.30000000, 0.80000000, -0.00003212
-0.40000000, -0.40000000, 0.80000000, -0.00002928
-0.30000000, -0.50000000, 0.80000000, -0.00000712
-0.20000000, -0.60000000, 0.80000000, 0.00002248
-0.10000000, -0.70000000, 0.80000000, 0.00005042
0.00000000, -0.80000000, 0.80000000, 0.00005762
0.10000000, -0.80000000, 0.70000000, 0.00087662
0.20000000, -0.80000000, 0.60000000, 0.00816076
0.30000000, -0.80000000, 0.50000000, 0.02515885
0.40000000, -0.80000000, 0.40000000, 0.03906567
0.50000000, -0.80000000, 0.30000000, 0.03335062
0.60000000, -0.80000000, 0.20000000, 0.01473185
0.70000000, -0.80000000, 0.10000000, 0.00253905
0.80000000, -0.80000000, 0.00000000, 0.00016923
0.80000000, -0.70000000, -0.10000000, 0.00018683
0.80000000, -0.60000000, -0.20000000, 0.00015076
0.80000000, -0.50000000, -0.30000000, 0.00010027
0.80000000, -0.40000000, -0.40000000, 0.00005596
0.80000000, -0.30000000, -0.50000000, 0.00002810
0.80000000, -0.20000000, -0.60000000, 0.00001200
0.80000000, -0.10000000, -0.70000000, -0.00000075
0.85000000, 0.00000000, -0.85000000, 0.00000577
0.74375000, 0.10625000, -0.85000000, 0.00000173
0.63750000, 0.21250000, -0.85000000, -0.00000622
0.53125000, 0.31875000, -0.85000000, -0.00001707
0.42500000, 0.42500000, -0.85000000, -0.00002184
0.31875000, 0.53125000, -0.85000000, -0.00001776
0.21250000, 0.63750000, -0.85000000, -0.00001226
0.10625000, 0.74375000, -0.85000000, -0.00001025
0.00000000, 0.85000000, -0.85000000, -0.00001739
-0.10625000, 0.85000000, -0.74375000, 0.00011509
-0.21250000, 0.85000000, -0.63750000, 0.00298345
-0.31875000, 0.85000000, -0.53125000, 0.01202766
-0.42500000, 0.85000000, -0.42500000, 0.02018750
-0.53125000, 0.85000000, -0.31875000, 0.01611427
-0.63750000, 0.85000000, -0.21250000, 0.00556549
-0.74375000, 0.85000000, -0.10625000, 0.00052981
-0.85000000, 0.85000000, 0.00000000, -0.00000742
-0.85000000, 0.74375000, 0.10625000, 0.00001107
-0.85000000, 0.63750000, 0.21250000, 0.00001103
-0.85000000, 0.53125000, 0.31875000, 0.00000366
-0.85000000, 0.42500000, 0.42500000, -0.00000418
-0.85000000, 0.31875000, 0.53125000, -0.00000759
-0.85000000, 0.21250000, 0.63750000, -0.00000509
-0.85000000, 0.10625000, 0.74375000, 0.00000063
-0.85000000, 0.00000000, 0.85000000, 0.00000577
-0.74375000, -0.10625000, 0.85000000, 0.00000173
-0.63750000, -0.21250000, 0.85000000, -0.00000622
-0.53125000, -0.31875000, 0.85000000, -0.00001707
-0.42500000, -0.42500000, 0.85000000, -0.00002184
-0.31875000, -0.53125000, 0.85000000, -0.00001776
-0.21250000, -0.63750000, 0.85000000, -0.00001226
-0.10625000, -0.74375000, 0.85000000, -0.00001025
0.00000000, -0.85000000, 0.85000000, -0.00001739
0.10625000, -0.85000000, 0.74375000, 0.00011509
0.21250000, -0.85000000, 0.63750000, 0.00298345
0.31875000, -0.85000000, 0.53125000, 0.01202766
0.42500000, -0.85000000, 0.42500000, 0.02018750
0.53125000, -0.85000000, 0.31875000, 0.01611427
0.63750000, -0.85000000, 0.21250000, 0.00556549
0.74375000, -0.85000000, 0.10625000, 0.00052981
0.85000000, -0.85000000, 0.00000000, -0.00000742
0.85000000, -0.74375000, -0.10625000, 0.00001107
0.85000000, -0.63750000, -0.21250000, 0.00001103
0.85000000, -0.53125000, -0.31875000, 0.00000366
0.85000000, -0.42500000, -0.42500000, -0.00000418
0.85000000, -0.31875000, -0.53125000, -0.00000759
0.85000000, -0.21250000, -0.63750000, -0.00000509
0.85000000, -0.10625000, -0.74375000, 0.00000063
0.90000000, 0.00000000, -0.90000000, 0.00000634
0.78750000, 0.11250000, -0.90000000, 0.00000305
0.67500000, 0.22500000, -0.90000000, -0.00000089
0.56250000, 0.33750000, -0.90000000, -0.00000574
0.45000000, 0.45000000, -0.90000000, -0.00000918
0.33750000, 0.56250000, -0.90000000, -0.00000971
0.22500000, 0.67500000, -0.90000000, -0.00001000
0.11250000, 0.78750000, -0.90000000, -0.00001187
0.00000000, 0.90000000, -0.90000000, -0.00001695
-0.11250000, 0.90000000, -0.78750000, -0.00002107
-0.22500000, 0.90000000, -0.67500000, 0.00074575
-0.33750000, 0.90000000, -0.56250000, 0.00421971
-0.45000000, 0.90000000, -0.45000000, 0.00775312
-0.56250000, 0.90000000, -0.33750000, 0.00570393
-0.67500000, 0.90000000, -0.22500000, 0.00144546
-0.78750000, 0.90000000, -0.11250000, 0.00005060
-0.90000000, 0.90000000, 0.00000000, -0.00002680
-0.90000000, 0.78750000, 0.11250000, -0.00001080
-0.90000000, 0.67500000, 0.22500000, -0.00000678
-0.90000000, 0.56250000, 0.33750000, -0.00000761
-0.90000000, 0.45000000, 0.45000000, -0.00000892
-0.90000000, 0.33750000, 0.56250000, -0.00000841
-0.90000000, 0.22500000, 0.67500000, -0.00000448
-0.90000000, 0.11250000, 0.78750000, 0.00000152
-0.90000000, 0.00000000, 0.90000000, 0.00000634
-0.78750000, -0.11250000, 0.90000000, 0.00000305
-0.67500000, -0.22500000, 0.90000000, -0.00000089
-0.56250000, -0.33750000, 0.90000000, -0.00000574
-0.45000000, -0.45000000, 0.90000000, -0.00000918
-0.33750000, -0.56250000, 0.90000000, -0.00000971
-0.22500000, -0.67500000, 0.90000000, -0.00001000
-0.11250000, -0.78750000, 0.90000000, -0.00001187
0.00000000, -0.90000000, 0.90000000, -0.00001695
0.11250000, -0.90000000, 0.78750000, -0.00002107
0.22500000, -0.90000000, 0.67500000, 0.00074575
0.33750000, -0.90000000, 0.56250000, 0.00421971
0.45000000, -0.90000000, 0.45000000, 0.00775312
0.56250000, -0.90000000, 0.33750000, 0.00570393
0.67500000, -0.90000000, 0.22500000, 0.00144546
0.78750000, -0.90000000, 0.11250000, 0.00005060
0.90000000, -0.90000000, 0.00000000, -0.00002680
0.90000000, -0.78750000, -0.11250000, -0.00001080
0.90000000, -0.67500000, -0.22500000, -0.00000678
0.90000000, -0.56250000, -0.33750000, -0.00000761
0.90000000, -0.45000000, -0.45000000, -0.00000892
0.90000000, -0.33750000, -0.56250000, -0.00000841
0.90000000, -0.22500000, -0.67500000, -0.00000448
0.90000000, -0.11250000, -0.78750000, 0.00000152
0.95000000, 0.00000000, -0.95000000, -0.00000626
0.83125000, 0.11875000, -0.95000000, -0.00000327
0.71250000, 0.23750000, -0.95000000, -0.00000048
0.59375000, 0.35625000, -0.95000000, 0.00000172
0.47500000, 0.47500000, -0.95000000, 0.00000403
0.35625000, 0.59375000, -0.95000000, 0.00000663
0.23750000, 0.71250000, -0.95000000, 0.00000925
0.11875000, 0.83125000, -0.95000000, 0.00001227
0.00000000, 0.95000000, -0.95000000, 0.00001829
-0.11875000, 0.95000000, -0.83125000, -0.00002244
-0.23750000, 0.95000000, -0.71250000, 0.00007744
-0.35625000, 0.95000000, -0.59375000, 0.00076298
-0.47500000, 0.95000000, -0.47500000, 0.00155938
-0.59375000, 0.95000000, -0.35625000, 0.00104092
-0.71250000, 0.95000000, -0.23750000, 0.00016305
-0.83125000, 0.95000000, -0.11875000, -0.00004750
-0.95000000, 0.95000000, 0.00000000, 0.00003053
-0.95000000, 0.83125000, 0.11875000, 0.00001416
-0.95000000, 0.71250000, 0.23750000, 0.00000949
-0.95000000, 0.59375000, 0.35625000, 0.00000956
-0.95000000, 0.47500000, 0.47500000, 0.00000976
-0.95000000, 0.35625000, 0.59375000, 0.00000841
-0.95000000, 0.23750000, 0.71250000, 0.00000428
-0.95000000, 0.11875000, 0.83125000, -0.00000170
-0.95000000, 0.00000000, 0.95000000, -0.00000626
-0.83125000, -0.11875000, 0.95000000, -0.00000327
-0.71250000, -0.23750000, 0.95000000, -0.00000048
-0.59375000, -0.35625000, 0.95000000, 0.00000172
-0.47500000, -0.47500000, 0.95000000, 0.00000403
-0.35625000, -0.59375000, 0.95000000, 0.00000663
-0.23750000, -0.71250000, 0.95000000, 0.00000925
-0.11875000, -0.83125000, 0.95000000, 0.00001227
0.00000000, -0.95000000, 0.95000000, 0.00001829
0.11875000, -0.95000000, 0.83125000, -0.00002244
0.23750000, -0.95000000, 0.71250000, 0.00007744
0.35625000, -0.95000000, 0.59375000, 0.00076298
0.47500000, -0.95000000, 0.47500000, 0.00155938
0.59375000, -0.95000000, 0.35625000, 0.00104092
0.71250000, -0.95000000, 0.23750000, 0.00016305
0.83125000, -0.95000000, 0.11875000, -0.00004750
0.95000000, -0.95000000, 0.00000000, 0.00003053
0.95000000, -0.83125000, -0.11875000, 0.00001416
0.95000000, -0.71250000, -0.23750000, 0.00000949
0.95000000, -0.59375000, -0.35625000, 0.00000956
0.95000000, -0.47500000, -0.47500000, 0.00000976
0.95000000, -0.35625000, -0.59375000, 0.00000841
0.95000000, -0.23750000, -0.71250000, 0.00000428
0.95000000, -0.11875000, -0.83125000, -0.00000170
1.00000000, 0.00000000, -1.00000000, 0.00000000
0.87500000, 0.12500000, -1.00000000, 0.00000000
0.75000000, 0.25000000, -1.00000000, 0.00000000
0.62500000, 0.37500000, -1.00000000, 0.00000000
0.50000000, 0.50000000, -1.00000000, 0.00000000
0.37500000, 0.62500000, -1.00000000, 0.00000000
0.25000000, 0.75000000, -1.00000000, 0.00000000
0.12500000, 0.87500000, -1.00000000, 0.00000000
0.00000000, 1.00000000, -1.00000000, 0.00000000
-0.12500000, 1.00000000, -0.87500000, 0.00000000
-0.25000000, 1.00000000, -0.75000000, 0.00000000
-0.37500000, 1.00000000, -0.62500000, 0.00000000
-0.50000000, 1.00000000, -0.50000000, 0.00000000
-0.62500000, 1.00000000, -0.37500000, 0.00000000
-0.75000000, 1.00000000, -0.25000000, 0.00000000
-0.87500000, 1.00000000, -0.12500000, 0.00000000
-1.00000000, 1.00000000, 0.00000000, 0.00000000
-1.00000000, 0.87500000, 0.12500000, 0.00000000
-1.00000000, 0.75000000, 0.25000000, 0.00000000
-1.00000000, 0.62500000, 0.37500000, 0.00000000
-1.00000000, 0.50000000, 0.50000000, 0.00000000
-1.00000000, 0.37500000, 0.62500000, 0.00000000
-1.00000000, 0.25000000, 0.75000000, 0.00000000
-1.00000000, 0.12500000, 0.87500000, 0.00000000
-1.00000000, 0.00000000, 1.00000000, 0.00000000
-0.87500000, -0.12500000, 1.00000000, 0.00000000
-0.75000000, -0.25000000, 1.00000000, 0.00000000
-0.62500000, -0.37500000, 1.00000000, 0.00000000
-0.50000000, -0.50000000, 1.00000000, 0.00000000
-0.37500000, -0.62500000, 1.00000000, 0.00000000
-0.25000000, -0.75000000, 1.00000000, 0.00000000
-0.12500000, -0.87500000, 1.00000000, 0.00000000
0.00000000, -1.00000000, 1.00000000, 0.00000000
0.12500000, -1.00000000, 0.87500000, 0.00000000
0.25000000, -1.00000000, 0.75000000, 0.00000000
0.37500000, -1.00000000, 0.62500000, 0.00000000
0.50000000, -1.00000000, 0.50000000, 0.00000000
0.62500000, -1.00000000, 0.37500000, 0.00000000
0.75000000, -1.00000000, 0.25000000, 0.00000000
0.87500000, -1.00000000, 0.12500000, 0.00000000
1.00000000, -1.00000000, 0.00000000, 0.00000000
1.00000000, -0.87500000, -0.12500000, 0.00000000
1.00000000, -0.75000000, -0.25000000, 0.00000000
1.00000000, -0.62500000, -0.37500000, 0.00000000
1.00000000, -0.50000000, -0.50000000, 0.00000000
1.00000000, -0.37500000, -0.62500000, 0.00000000
1.00000000, -0.25000000, -0.75000000, 0.00000000
1.00000000, -0.12500000, -0.87500000, 0.00000000
