0.01000000, 0.00000000, -0.01000000, 0.11716845
0.00000000, 0.01000000, -0.01000000, 0.44356793
-0.00125000, 0.01000000, -0.00875000, 0.55348015
-0.00250000, 0.01000000, -0.00750000, 0.44697055
-0.00375000, 0.01000000, -0.00625000, 0.26642200
-0.00500000, 0.01000000, -0.00500000, 0.03945398
-0.00625000, 0.01000000, -0.00375000, -0.19651465
-0.00750000, 0.01000000, -0.00250000, -0.40021449
-0.00875000, 0.01000000, -0.00125000, -0.54827935
-0.01000000, 0.01000000, 0.00000000, -0.49576426
-0.01000000, 0.00875000, 0.00125000, -0.37162554
-0.01000000, 0.00750000, 0.00250000, -0.31816840
-0.01000000, 0.00625000, 0.00375000, -0.28389320
-0.01000000, 0.00500000, 0.00500000, -0.25182053
-0.01000000, 0.00375000, 0.00625000, -0.22791733
-0.01000000, 0.00250000, 0.00750000, -0.20201801
-0.01000000, 0.00125000, 0.00875000, -0.18388797
-0.01000000, 0.00000000, 0.01000000, -0.16591674
0.00000000, -0.01000000, 0.01000000, -0.49576426
0.00125000, -0.01000000, 0.00875000, -0.54827935
0.00250000, -0.01000000, 0.00750000, -0.40021449
0.00375000, -0.01000000, 0.00625000, -0.19651465
0.00500000, -0.01000000, 0.00500000, 0.03945398
0.00625000, -0.01000000, 0.00375000, 0.26642200
0.00750000, -0.01000000, 0.00250000, 0.44697055
0.00875000, -0.01000000, 0.00125000, 0.55348015
0.01000000, -0.01000000, 0.00000000, 0.44356793
0.01000000, -0.00875000, -0.00125000, 0.31655338
0.01000000, -0.00750000, -0.00250000, 0.26318145
0.01000000, -0.00625000, -0.00375000, 0.22894363
0.01000000, -0.00500000, -0.00500000, 0.19843619
0.01000000, -0.00375000, -0.00625000, 0.17522079
0.01000000, -0.00250000, -0.00750000, 0.15144709
0.01000000, -0.00125000, -0.00875000, 0.13406801
0.02000000, 0.00000000, -0.02000000, 0.03643600
0.01750000, 0.00250000, -0.02000000, 0.04266793
0.01500000, 0.00500000, -0.02000000, 0.04946968
0.01250000, 0.00750000, -0.02000000, 0.05757014
0.01000000, 0.01000000, -0.02000000, 0.06628853
0.00750000, 0.01250000, -0.02000000, 0.07752208
0.00500000, 0.01500000, -0.02000000, 0.09112763
0.00250000, 0.01750000, -0.02000000, 0.11202703
0.00000000, 0.02000000, -0.02000000, 0.16406916
-0.00250000, 0.02000000, -0.01750000, 0.21175718
-0.00500000, 0.02000000, -0.01500000, 0.17327324
-0.00750000, 0.02000000, -0.01250000, 0.09823263
-0.01000000, 0.02000000, -0.01000000, 0.00911644
-0.01250000, 0.02000000, -0.00750000, -0.08463646
-0.01500000, 0.02000000, -0.00500000, -0.17168908
-0.01750000, 0.02000000, -0.00250000, -0.23098016
-0.02000000, 0.02000000, 0.00000000, -0.21283503
-0.02000000, 0.01750000, 0.00250000, -0.16213965
-0.02000000, 0.01500000, 0.00500000, -0.14040327
-0.02000000, 0.01250000, 0.00750000, -0.12570895
-0.02000000, 0.01000000, 0.01000000, -0.11249523
-0.02000000, 0.00750000, 0.01250000, -0.10209305
-0.02000000, 0.00500000, 0.01500000, -0.09224463
-0.02000000, 0.00250000, 0.01750000, -0.08390630
-0.02000000, 0.00000000, 0.02000000, -0.07660903
-0.01750000, -0.00250000, 0.02000000, -0.08390630
-0.01500000, -0.00500000, 0.02000000, -0.09224463
-0.01250000, -0.00750000, 0.02000000, -0.10209305
-0.01000000, -0.01000000, 0.02000000, -0.11249523
-0.00750000, -0.01250000, 0.02000000, -0.12570895
-0.00500000, -0.01500000, 0.02000000, -0.14040327
-0.00250000, -0.01750000, 0.02000000, -0.16213965
0.00000000, -0.02000000, 0.02000000, -0.21283503
0.00250000, -0.02000000, 0.01750000, -0.23098016
0.00500000, -0.02000000, 0.01500000, -0.17168908
0.00750000, -0.02000000, 0.01250000, -0.08463646
0.01000000, -0.02000000, 0.01000000, 0.00911644
0.01250000, -0.02000000, 0.00750000, 0.09823263
0.01500000, -0.02000000, 0.00500000, 0.17327324
0.01750000, -0.02000000, 0.00250000, 0.21175718
0.02000000, -0.02000000, 0.00000000, 0.16406916
0.02000000, -0.01750000, -0.00250000, 0.11202703
0.02000000, -0.01500000, -0.00500000, 0.09112763
0.02000000, -0.01250000, -0.00750000, 0.07752208
0.02000000, -0.01000000, -0.01000000, 0.06628853
0.02000000, -0.00750000, -0.01250000, 0.05757014
0.02000000, -0.00500000, -0.01500000, 0.04946968
0.02000000, -0.00250000, -0.01750000, 0.04266793
0.03000000, 0.00000000, -0.03000000, 0.01570362
0.02625000, 0.00375000, -0.03000000, 0.01911105
0.02250000, 0.00750000, -0.03000000, 0.02275580
0.01875000, 0.01125000, -0.03000000, 0.02713646
0.01500000, 0.01500000, -0.03000000, 0.03211120
0.01125000, 0.01875000, -0.03000000, 0.03818976
0.00750000, 0.02250000, -0.03000000, 0.04614401
0.00375000, 0.02625000, -0.03000000, 0.05877994
0.00000000, 0.03000000, -0.03000000, 0.09128799
-0.00375000, 0.03000000, -0.02625000, 0.12163714
-0.00750000, 0.03000000, -0.02250000, 0.09893376
-0.01125000, 0.03000000, -0.01875000, 0.05381262
-0.01500000, 0.03000000, -0.01500000, -0.00117038
-0.01875000, 0.03000000, -0.01125000, -0.05888424
-0.02250000, 0.03000000, -0.00750000, -0.11208376
-0.02625000, 0.03000000, -0.00375000, -0.14880958
-0.03000000, 0.03000000, 0.00000000, -0.13842601
-0.03000000, 0.02625000, 0.00375000, -0.10632503
-0.03000000, 0.02250000, 0.00750000, -0.09225862
-0.03000000, 0.01875000, 0.01125000, -0.08256128
-0.03000000, 0.01500000, 0.01500000, -0.07440024
-0.03000000, 0.01125000, 0.01875000, -0.06724276
-0.03000000, 0.00750000, 0.02250000, -0.06082689
-0.03000000, 0.00375000, 0.02625000, -0.05543527
-0.03000000, 0.00000000, 0.03000000, -0.05089853
-0.02625000, -0.00375000, 0.03000000, -0.05543527
-0.02250000, -0.00750000, 0.03000000, -0.06082689
-0.01875000, -0.01125000, 0.03000000, -0.06724276
-0.01500000, -0.01500000, 0.03000000, -0.07440024
-0.01125000, -0.01875000, 0.03000000, -0.08256128
-0.00750000, -0.02250000, 0.03000000, -0.09225862
-0.00375000, -0.02625000, 0.03000000, -0.10632503
0.00000000, -0.03000000, 0.03000000, -0.13842601
0.00375000, -0.03000000, 0.02625000, -0.14880958
0.00750000, -0.03000000, 0.02250000, -0.11208376
0.01125000, -0.03000000, 0.01875000, -0.05888424
0.01500000, -0.03000000, 0.01500000, -0.00117038
0.01875000, -0.03000000, 0.01125000, 0.05381262
0.02250000, -0.03000000, 0.00750000, 0.09893376
0.02625000, -0.03000000, 0.00375000, 0.12163714
0.03000000, -0.03000000, 0.00000000, 0.09128799
0.03000000, -0.02625000, -0.00375000, 0.05877994
0.03000000, -0.02250000, -0.00750000, 0.04614401
0.03000000, -0.01875000, -0.01125000, 0.03818976
0.03000000, -0.01500000, -0.01500000, 0.03211120
0.03000000, -0.01125000, -0.01875000, 0.02713646
0.03000000, -0.00750000, -0.02250000, 0.02275580
0.03000000, -0.00375000, -0.02625000, 0.01911105
0.04000000, 0.00000000, -0.04000000, 0.00715329
0.03500000, 0.00500000, -0.04000000, 0.00935426
0.03000000, 0.01000000, -0.04000000, 0.01167919
0.02500000, 0.01500000, -0.04000000, 0.01439267
0.02000000, 0.02000000, -0.04000000, 0.01757001
0.01500000, 0.02500000, -0.04000000, 0.02161370
0.01000000, 0.03000000, -0.04000000, 0.02710286
0.00500000, 0.03500000, -0.04000000, 0.03611341
0.00000000, 0.04000000, -0.04000000, 0.06009522
-0.00500000, 0.04000000, -0.03500000, 0.08268672
-0.01000000, 0.04000000, -0.03000000, 0.06605828
-0.01500000, 0.04000000, -0.02500000, 0.03373803
-0.02000000, 0.04000000, -0.02000000, -0.00626077
-0.02500000, 0.04000000, -0.01500000, -0.04830871
-0.03000000, 0.04000000, -0.01000000, -0.08679721
-0.03500000, 0.04000000, -0.00500000, -0.11386824
-0.04000000, 0.04000000, 0.00000000, -0.10636715
-0.04000000, 0.03500000, 0.00500000, -0.08208124
-0.04000000, 0.03000000, 0.01000000, -0.07125319
-0.04000000, 0.02500000, 0.01500000, -0.06348511
-0.04000000, 0.02000000, 0.02000000, -0.05701553
-0.04000000, 0.01500000, 0.02500000, -0.05141418
-0.04000000, 0.01000000, 0.03000000, -0.04645025
-0.04000000, 0.00500000, 0.03500000, -0.04221753
-0.04000000, 0.00000000, 0.04000000, -0.03880026
-0.03500000, -0.00500000, 0.04000000, -0.04221753
-0.03000000, -0.01000000, 0.04000000, -0.04645025
-0.02500000, -0.01500000, 0.04000000, -0.05141418
-0.02000000, -0.02000000, 0.04000000, -0.05701553
-0.01500000, -0.02500000, 0.04000000, -0.06348511
-0.01000000, -0.03000000, 0.04000000, -0.07125319
-0.00500000, -0.03500000, 0.04000000, -0.08208124
0.00000000, -0.04000000, 0.04000000, -0.10636715
0.00500000, -0.04000000, 0.03500000, -0.11386824
0.01000000, -0.04000000, 0.03000000, -0.08679721
0.01500000, -0.04000000, 0.02500000, -0.04830871
0.02000000, -0.04000000, 0.02000000, -0.00626077
0.02500000, -0.04000000, 0.01500000, 0.03373803
0.03000000, -0.04000000, 0.01000000, 0.06605828
0.03500000, -0.04000000, 0.00500000, 0.08268672
0.04000000, -0.04000000, 0.00000000, 0.06009522
0.04000000, -0.03500000, -0.00500000, 0.03611341
0.04000000, -0.03000000, -0.01000000, 0.02710286
0.04000000, -0.02500000, -0.01500000, 0.02161370
0.04000000, -0.02000000, -0.02000000, 0.01757001
0.04000000, -0.01500000, -0.02500000, 0.01439267
0.04000000, -0.01000000, -0.03000000, 0.01167919
0.04000000, -0.00500000, -0.03500000, 0.00935426
0.05000000, 0.00000000, -0.05000000, 0.00281472
0.04375000, 0.00625000, -0.05000000, 0.00431543
0.03750000, 0.01250000, -0.05000000, 0.00589782
0.03125000, 0.01875000, -0.05000000, 0.00775807
0.02500000, 0.02500000, -0.05000000, 0.00998838
0.01875000, 0.03125000, -0.05000000, 0.01287775
0.01250000, 0.03750000, -0.05000000, 0.01698035
0.00625000, 0.04375000, -0.05000000, 0.02398830
0.00000000, 0.05000000, -0.05000000, 0.04327686
-0.00625000, 0.05000000, -0.04375000, 0.06132422
-0.01250000, 0.05000000, -0.03750000, 0.04811434
-0.01875000, 0.05000000, -0.03125000, 0.02239491
-0.02500000, 0.05000000, -0.02500000, -0.00938007
-0.03125000, 0.05000000, -0.01875000, -0.04277487
-0.03750000, 0.05000000, -0.01250000, -0.07342093
-0.04375000, 0.05000000, -0.00625000, -0.09498315
-0.05000000, 0.05000000, 0.00000000, -0.08907755
-0.05000000, 0.04375000, 0.00625000, -0.06890450
-0.05000000, 0.03750000, 0.01250000, -0.05965099
-0.05000000, 0.03125000, 0.01875000, -0.05290887
-0.05000000, 0.02500000, 0.02500000, -0.04729147
-0.05000000, 0.01875000, 0.03125000, -0.04236845
-0.05000000, 0.01250000, 0.03750000, -0.03806951
-0.05000000, 0.00625000, 0.04375000, -0.03444138
-0.05000000, 0.00000000, 0.05000000, -0.03167069
-0.04375000, -0.00625000, 0.05000000, -0.03444138
-0.03750000, -0.01250000, 0.05000000, -0.03806951
-0.03125000, -0.01875000, 0.05000000, -0.04236845
-0.02500000, -0.02500000, 0.05000000, -0.04729147
-0.01875000, -0.03125000, 0.05000000, -0.05290887
-0.01250000, -0.03750000, 0.05000000, -0.05965099
-0.00625000, -0.04375000, 0.05000000, -0.06890450
0.00000000, -0.05000000, 0.05000000, -0.08907755
0.00625000, -0.05000000, 0.04375000, -0.09498315
0.01250000, -0.05000000, 0.03750000, -0.07342093
0.01875000, -0.05000000, 0.03125000, -0.04277487
0.02500000, -0.05000000, 0.02500000, -0.00938007
0.03125000, -0.05000000, 0.01875000, 0.02239491
0.03750000, -0.05000000, 0.01250000, 0.04811434
0.04375000, -0.05000000, 0.00625000, 0.06132422
0.05000000, -0.05000000, 0.00000000, 0.04327686
0.05000000, -0.04375000, -0.00625000, 0.02398830
0.05000000, -0.03750000, -0.01250000, 0.01698035
0.05000000, -0.03125000, -0.01875000, 0.01287775
0.05000000, -0.02500000, -0.02500000, 0.00998838
0.05000000, -0.01875000, -0.03125000, 0.00775807
0.05000000, -0.01250000, -0.03750000, 0.00589782
0.05000000, -0.00625000, -0.04375000, 0.00431543
0.06000000, 0.00000000, -0.06000000, 0.00044501
0.05250000, 0.00750000, -0.06000000, 0.00152155
0.04500000, 0.01500000, -0.06000000, 0.00260912
0.03750000, 0.02250000, -0.06000000, 0.00390645
0.03000000, 0.03000000, -0.06000000, 0.00549502
0.02250000, 0.03750000, -0.06000000, 0.00769613
0.01500000, 0.04500000, -0.06000000, 0.01093620
0.00750000, 0.05250000, -0.06000000, 0.01667793
0.00000000, 0.06000000, -0.06000000, 0.03303675
-0.00750000, 0.06000000, -0.05250000, 0.04833836
-0.01500000, 0.06000000, -0.04500000, 0.03711395
-0.02250000, 0.06000000, -0.03750000, 0.01541109
-0.03000000, 0.06000000, -0.03000000, -0.01149260
-0.03750000, 0.06000000, -0.02250000, -0.03977474
-0.04500000, 0.06000000, -0.01500000, -0.06557145
-0.05250000, 0.06000000, -0.00750000, -0.08373407
-0.06000000, 0.06000000, 0.00000000, -0.07861067
-0.06000000, 0.05250000, 0.00750000, -0.06084154
-0.06000000, 0.04500000, 0.01500000, -0.05246374
-0.06000000, 0.03750000, 0.02250000, -0.04626234
-0.06000000, 0.03000000, 0.03000000, -0.04105398
-0.06000000, 0.02250000, 0.03750000, -0.03659070
-0.06000000, 0.01500000, 0.04500000, -0.03269372
-0.06000000, 0.00750000, 0.05250000, -0.02945122
-0.06000000, 0.00000000, 0.06000000, -0.02703253
-0.05250000, -0.00750000, 0.06000000, -0.02945122
-0.04500000, -0.01500000, 0.06000000, -0.03269372
-0.03750000, -0.02250000, 0.06000000, -0.03659070
-0.03000000, -0.03000000, 0.06000000, -0.04105398
-0.02250000, -0.03750000, 0.06000000, -0.04626234
-0.01500000, -0.04500000, 0.06000000, -0.05246374
-0.00750000, -0.05250000, 0.06000000, -0.06084154
0.00000000, -0.06000000, 0.06000000, -0.07861067
0.00750000, -0.06000000, 0.05250000, -0.08373407
0.01500000, -0.06000000, 0.04500000, -0.06557145
0.02250000, -0.06000000, 0.03750000, -0.03977474
0.03000000, -0.06000000, 0.03000000, -0.01149260
0.03750000, -0.06000000, 0.02250000, 0.01541109
0.04500000, -0.06000000, 0.01500000, 0.03711395
0.05250000, -0.06000000, 0.00750000, 0.04833836
0.06000000, -0.06000000, 0.00000000, 0.03303675
0.06000000, -0.05250000, -0.00750000, 0.01667793
0.06000000, -0.04500000, -0.01500000, 0.01093620
0.06000000, -0.03750000, -0.02250000, 0.00769613
0.06000000, -0.03000000, -0.03000000, 0.00549502
0.06000000, -0.02250000, -0.03750000, 0.00390645
0.06000000, -0.01500000, -0.04500000, 0.00260912
0.06000000, -0.00750000, -0.05250000, 0.00152155
0.07000000, 0.00000000, -0.07000000, -0.00101570
0.06125000, 0.00875000, -0.07000000, -0.00024033
0.05250000, 0.01750000, -0.07000000, 0.00054073
0.04375000, 0.02625000, -0.07000000, 0.00146832
0.03500000, 0.03500000, -0.07000000, 0.00262877
0.02625000, 0.04375000, -0.07000000, 0.00431109
0.01750000, 0.05250000, -0.07000000, 0.00689833
0.00875000, 0.06125000, -0.07000000, 0.01171298
0.00000000, 0.07000000, -0.07000000, 0.02590151
-0.00875000, 0.07000000, -0.06125000, 0.03927949
-0.01750000, 0.07000000, -0.05250000, 0.02933862
-0.02625000, 0.07000000, -0.04375000, 0.01036488
-0.03500000, 0.07000000, -0.03500000, -0.01307657
-0.04375000, 0.07000000, -0.02625000, -0.03768197
-0.05250000, 0.07000000, -0.01750000, -0.06014493
-0.06125000, 0.07000000, -0.00875000, -0.07596161
-0.07000000, 0.07000000, 0.00000000, -0.07135648
-0.07000000, 0.06125000, 0.00875000, -0.05529053
-0.07000000, 0.05250000, 0.01750000, -0.04752289
-0.07000000, 0.04375000, 0.02625000, -0.04168705
-0.07000000, 0.03500000, 0.03500000, -0.03675025
-0.07000000, 0.02625000, 0.04375000, -0.03250751
-0.07000000, 0.01750000, 0.05250000, -0.02881957
-0.07000000, 0.00875000, 0.06125000, -0.02577965
-0.07000000, 0.00000000, 0.07000000, -0.02360262
-0.06125000, -0.00875000, 0.07000000, -0.02577965
-0.05250000, -0.01750000, 0.07000000, -0.02881957
-0.04375000, -0.02625000, 0.07000000, -0.03250751
-0.03500000, -0.03500000, 0.07000000, -0.03675025
-0.02625000, -0.04375000, 0.07000000, -0.04168705
-0.01750000, -0.05250000, 0.07000000, -0.04752289
-0.00875000, -0.06125000, 0.07000000, -0.05529053
0.00000000, -0.07000000, 0.07000000, -0.07135648
0.00875000, -0.07000000, 0.06125000, -0.07596161
0.01750000, -0.07000000, 0.05250000, -0.06014493
0.02625000, -0.07000000, 0.04375000, -0.03768197
0.03500000, -0.07000000, 0.03500000, -0.01307657
0.04375000, -0.07000000, 0.02625000, 0.01036488
0.05250000, -0.07000000, 0.01750000, 0.02933862
0.06125000, -0.07000000, 0.00875000, 0.03927949
0.07000000, -0.07000000, 0.00000000, 0.02590151
0.07000000, -0.06125000, -0.00875000, 0.01171298
0.07000000, -0.05250000, -0.01750000, 0.00689833
0.07000000, -0.04375000, -0.02625000, 0.00431109
0.07000000, -0.03500000, -0.03500000, 0.00262877
0.07000000, -0.02625000, -0.04375000, 0.00146832
0.07000000, -0.01750000, -0.05250000, 0.00054073
0.07000000, -0.00875000, -0.06125000, -0.00024033
0.08000000, 0.00000000, -0.08000000, -0.00191877
0.07000000, 0.01000000, -0.08000000, -0.00137128
0.06000000, 0.02000000, -0.08000000, -0.00080953
0.05000000, 0.03000000, -0.08000000, -0.00014929
0.04000000, 0.04000000, -0.08000000, 0.00070459
0.03000000, 0.05000000, -0.08000000, 0.00198001
0.02000000, 0.06000000, -0.08000000, 0.00406598
0.01000000, 0.07000000, -0.08000000, 0.00816951
0.00000000, 0.08000000, -0.08000000, 0.02072344
-0.01000000, 0.08000000, -0.07000000, 0.03259747
-0.02000000, 0.08000000, -0.06000000, 0.02360075
-0.03000000, 0.08000000, -0.05000000, 0.00659214
-0.04000000, 0.08000000, -0.04000000, -0.01431538
-0.05000000, 0.08000000, -0.03000000, -0.03621199
-0.06000000, 0.08000000, -0.02000000, -0.05624953
-0.07000000, 0.08000000, -0.01000000, -0.07032578
-0.08000000, 0.08000000, 0.00000000, -0.06613407
-0.08000000, 0.07000000, 0.01000000, -0.05129677
-0.08000000, 0.06000000, 0.02000000, -0.04394706
-0.08000000, 0.05000000, 0.03000000, -0.03834993
-0.08000000, 0.04000000, 0.04000000, -0.03359794
-0.08000000, 0.03000000, 0.05000000, -0.02945780
-0.08000000, 0.02000000, 0.06000000, -0.02589098
-0.08000000, 0.01000000, 0.07000000, -0.02297270
-0.08000000, 0.00000000, 0.08000000, -0.02097941
-0.07000000, -0.01000000, 0.08000000, -0.02297270
-0.06000000, -0.02000000, 0.08000000, -0.02589098
-0.05000000, -0.03000000, 0.08000000, -0.02945780
-0.04000000, -0.04000000, 0.08000000, -0.03359794
-0.03000000, -0.05000000, 0.08000000, -0.03834993
-0.02000000, -0.06000000, 0.08000000, -0.04394706
-0.01000000, -0.07000000, 0.08000000, -0.05129677
0.00000000, -0.08000000, 0.08000000, -0.06613407
0.01000000, -0.08000000, 0.07000000, -0.07032578
0.02000000, -0.08000000, 0.06000000, -0.05624953
0.03000000, -0.08000000, 0.05000000, -0.03621199
0.04000000, -0.08000000, 0.04000000, -0.01431538
0.05000000, -0.08000000, 0.03000000, 0.00659214
0.06000000, -0.08000000, 0.02000000, 0.02360075
0.07000000, -0.08000000, 0.01000000, 0.03259747
0.08000000, -0.08000000, 0.00000000, 0.02072344
0.08000000, -0.07000000, -0.01000000, 0.00816951
0.08000000, -0.06000000, -0.02000000, 0.00406598
0.08000000, -0.05000000, -0.03000000, 0.00198001
0.08000000, -0.04000000, -0.04000000, 0.00070459
0.08000000, -0.03000000, -0.05000000, -0.00014929
0.08000000, -0.02000000, -0.06000000, -0.00080953
0.08000000, -0.01000000, -0.07000000, -0.00137128
0.09000000, 0.00000000, -0.09000000, -0.00243603
0.07875000, 0.01125000, -0.09000000, -0.00205439
0.06750000, 0.02250000, -0.09000000, -0.00168128
0.05625000, 0.03375000, -0.09000000, -0.00124220
0.04500000, 0.04500000, -0.09000000, -0.00064102
0.03375000, 0.05625000, -0.09000000, 0.00032630
0.02250000, 0.06750000, -0.09000000, 0.00203166
0.01125000, 0.07875000, -0.09000000, 0.00557749
0.00000000, 0.09000000, -0.09000000, 0.01689972
-0.01125000, 0.09000000, -0.07875000, 0.02758839
-0.02250000, 0.09000000, -0.06750000, 0.01931827
-0.03375000, 0.09000000, -0.05625000, 0.00377611
-0.04500000, 0.09000000, -0.04500000, -0.01530706
-0.05625000, 0.09000000, -0.03375000, -0.03526101
-0.06750000, 0.09000000, -0.02250000, -0.05347028
-0.07875000, 0.09000000, -0.01125000, -0.06621610
-0.09000000, 0.09000000, 0.00000000, -0.06231675
-0.09000000, 0.07875000, 0.01125000, -0.04835486
-0.09000000, 0.06750000, 0.02250000, -0.04127617
-0.09000000, 0.05625000, 0.03375000, -0.03581578
-0.09000000, 0.04500000, 0.04500000, -0.03116751
-0.09000000, 0.03375000, 0.05625000, -0.02711325
-0.09000000, 0.02250000, 0.06750000, -0.02364256
-0.09000000, 0.01125000, 0.07875000, -0.02082704
-0.09000000, 0.00000000, 0.09000000, -0.01895862
-0.07875000, -0.01125000, 0.09000000, -0.02082704
-0.06750000, -0.02250000, 0.09000000, -0.02364256
-0.05625000, -0.03375000, 0.09000000, -0.02711325
-0.04500000, -0.04500000, 0.09000000, -0.03116751
-0.03375000, -0.05625000, 0.09000000, -0.03581578
-0.02250000, -0.06750000, 0.09000000, -0.04127617
-0.01125000, -0.07875000, 0.09000000, -0.04835486
0.00000000, -0.09000000, 0.09000000, -0.06231675
0.01125000, -0.09000000, 0.07875000, -0.06621610
0.02250000, -0.09000000, 0.06750000, -0.05347028
0.03375000, -0.09000000, 0.05625000, -0.03526101
0.04500000, -0.09000000, 0.04500000, -0.01530706
0.05625000, -0.09000000, 0.03375000, 0.00377611
0.06750000, -0.09000000, 0.02250000, 0.01931827
0.07875000, -0.09000000, 0.01125000, 0.02758839
0.09000000, -0.09000000, 0.00000000, 0.01689972
0.09000000, -0.07875000, -0.01125000, 0.00557749
0.09000000, -0.06750000, -0.02250000, 0.00203166
0.09000000, -0.05625000, -0.03375000, 0.00032630
0.09000000, -0.04500000, -0.04500000, -0.00064102
0.09000000, -0.03375000, -0.05625000, -0.00124220
0.09000000, -0.02250000, -0.06750000, -0.00168128
0.09000000, -0.01125000, -0.07875000, -0.00205439
0.10000000, 0.00000000, -0.10000000, -0.00271536
0.08750000, 0.01250000, -0.10000000, -0.00245401
0.07500000, 0.02500000, -0.10000000, -0.00224441
0.06250000, 0.03750000, -0.10000000, -0.00199341
0.05000000, 0.05000000, -0.10000000, -0.00161205
0.03750000, 0.06250000, -0.10000000, -0.00088726
0.02500000, 0.07500000, -0.10000000, 0.00051002
0.01250000, 0.08750000, -0.10000000, 0.00359632
0.00000000, 0.10000000, -0.10000000, 0.01392660
-0.01250000, 0.10000000, -0.08750000, 0.02368240
-0.02500000, 0.10000000, -0.07500000, 0.01598061
-0.03750000, 0.10000000, -0.06250000, 0.00157725
-0.05000000, 0.10000000, -0.05000000, -0.01612540
-0.06250000, 0.10000000, -0.03750000, -0.03461538
-0.07500000, 0.10000000, -0.02500000, -0.05138917
-0.08750000, 0.10000000, -0.01250000, -0.06308110
-0.10000000, 0.10000000, 0.00000000, -0.05936679
-0.10000000, 0.08750000, 0.01250000, -0.04607756
-0.10000000, 0.07500000, 0.02500000, -0.03918955
-0.10000000, 0.06250000, 0.03750000, -0.03381430
-0.10000000, 0.05000000, 0.05000000, -0.02922138
-0.10000000, 0.03750000, 0.06250000, -0.02524964
-0.10000000, 0.02500000, 0.07500000, -0.02185693
-0.10000000, 0.01250000, 0.08750000, -0.01912982
-0.10000000, 0.00000000, 0.10000000, -0.01734047
-0.08750000, -0.01250000, 0.10000000, -0.01912982
-0.07500000, -0.02500000, 0.10000000, -0.02185693
-0.06250000, -0.03750000, 0.10000000, -0.02524964
-0.05000000, -0.05000000, 0.10000000, -0.02922138
-0.03750000, -0.06250000, 0.10000000, -0.03381430
-0.02500000, -0.07500000, 0.10000000, -0.03918955
-0.01250000, -0.08750000, 0.10000000, -0.04607756
0.00000000, -0.10000000, 0.10000000, -0.05936679
0.01250000, -0.10000000, 0.08750000, -0.06308110
0.02500000, -0.10000000, 0.07500000, -0.05138917
0.03750000, -0.10000000, 0.06250000, -0.03461538
0.05000000, -0.10000000, 0.05000000, -0.01612540
0.06250000, -0.10000000, 0.03750000, 0.00157725
0.07500000, -0.10000000, 0.02500000, 0.01598061
0.08750000, -0.10000000, 0.01250000, 0.02368240
0.10000000, -0.10000000, 0.00000000, 0.01392660
0.10000000, -0.08750000, -0.01250000, 0.00359632
0.10000000, -0.07500000, -0.02500000, 0.00051002
0.10000000, -0.06250000, -0.03750000, -0.00088726
0.10000000, -0.05000000, -0.05000000, -0.00161205
0.10000000, -0.03750000, -0.06250000, -0.00199341
0.10000000, -0.02500000, -0.07500000, -0.00224441
0.10000000, -0.01250000, -0.08750000, -0.00245401
0.15000000, 0.00000000, -0.15000000, -0.00282274
0.13125000, 0.01875000, -0.15000000, -0.00292749
0.11250000, 0.03750000, -0.15000000, -0.00315933
0.09375000, 0.05625000, -0.15000000, -0.00346173
0.07500000, 0.07500000, -0.15000000, -0.00376973
0.05625000, 0.09375000, -0.15000000, -0.00392544
0.03750000, 0.11250000, -0.15000000, -0.00367264
0.01875000, 0.13125000, -0.15000000, -0.00223612
0.00000000, 0.15000000, -0.15000000, 0.00450751
-0.01875000, 0.15000000, -0.13125000, 0.01133921
-0.03750000, 0.15000000, -0.11250000, 0.00532435
-0.05625000, 0.15000000, -0.09375000, -0.00559128
-0.07500000, 0.15000000, -0.07500000, -0.01877689
-0.09375000, 0.15000000, -0.05625000, -0.03240302
-0.11250000, 0.15000000, -0.03750000, -0.04467788
-0.13125000, 0.15000000, -0.01875000, -0.05298135
-0.15000000, 0.15000000, 0.00000000, -0.04966988
-0.15000000, 0.13125000, 0.01875000, -0.03876342
-0.15000000, 0.11250000, 0.03750000, -0.03258380
-0.15000000, 0.09375000, 0.05625000, -0.02756799
-0.15000000, 0.07500000, 0.07500000, -0.02319321
-0.15000000, 0.05625000, 0.09375000, -0.01936286
-0.15000000, 0.03750000, 0.11250000, -0.01610564
-0.15000000, 0.01875000, 0.13125000, -0.01354498
-0.15000000, 0.00000000, 0.15000000, -0.01198747
-0.13125000, -0.01875000, 0.15000000, -0.01354498
-0.11250000, -0.03750000, 0.15000000, -0.01610564
-0.09375000, -0.05625000, 0.15000000, -0.01936286
-0.07500000, -0.07500000, 0.15000000, -0.02319321
-0.05625000, -0.09375000, 0.15000000, -0.02756799
-0.03750000, -0.11250000, 0.15000000, -0.03258380
-0.01875000, -0.13125000, 0.15000000, -0.03876342
0.00000000, -0.15000000, 0.15000000, -0.04966988
0.01875000, -0.15000000, 0.13125000, -0.05298135
0.03750000, -0.15000000, 0.11250000, -0.04467788
0.05625000, -0.15000000, 0.09375000, -0.03240302
0.07500000, -0.15000000, 0.07500000, -0.01877689
0.09375000, -0.15000000, 0.05625000, -0.00559128
0.11250000, -0.15000000, 0.03750000, 0.00532435
0.13125000, -0.15000000, 0.01875000, 0.01133921
0.15000000, -0.15000000, 0.00000000, 0.00450751
0.15000000, -0.13125000, -0.01875000, -0.00223612
0.15000000, -0.11250000, -0.03750000, -0.00367264
0.15000000, -0.09375000, -0.05625000, -0.00392544
0.15000000, -0.07500000, -0.07500000, -0.00376973
0.15000000, -0.05625000, -0.09375000, -0.00346173
0.15000000, -0.03750000, -0.11250000, -0.00315933
0.15000000, -0.01875000, -0.13125000, -0.00292749
0.20000000, 0.00000000, -0.20000000, -0.00205994
0.17500000, 0.02500000, -0.20000000, -0.00232980
0.15000000, 0.05000000, -0.20000000, -0.00280838
0.12500000, 0.07500000, -0.20000000, -0.00342553
0.10000000, 0.10000000, -0.20000000, -0.00412953
0.07500000, 0.12500000, -0.20000000, -0.00477735
0.05000000, 0.15000000, -0.20000000, -0.00519338
0.02500000, 0.17500000, -0.20000000, -0.00478327
0.00000000, 0.20000000, -0.20000000, -0.00021108
-0.02500000, 0.20000000, -0.17500000, 0.00489026
-0.05000000, 0.20000000, -0.15000000, -0.00021289
-0.07500000, 0.20000000, -0.12500000, -0.00917147
-0.10000000, 0.20000000, -0.10000000, -0.01992124
-0.12500000, 0.20000000, -0.07500000, -0.03090856
-0.15000000, 0.20000000, -0.05000000, -0.04054957
-0.17500000, 0.20000000, -0.02500000, -0.04679048
-0.20000000, 0.20000000, 0.00000000, -0.04340541
-0.20000000, 0.17500000, 0.02500000, -0.03404106
-0.20000000, 0.15000000, 0.05000000, -0.02842668
-0.20000000, 0.12500000, 0.07500000, -0.02372673
-0.20000000, 0.10000000, 0.10000000, -0.01956850
-0.20000000, 0.07500000, 0.12500000, -0.01594845
-0.20000000, 0.05000000, 0.15000000, -0.01286485
-0.20000000, 0.02500000, 0.17500000, -0.01045756
-0.20000000, 0.00000000, 0.20000000, -0.00900205
-0.17500000, -0.02500000, 0.20000000, -0.01045756
-0.15000000, -0.05000000, 0.20000000, -0.01286485
-0.12500000, -0.07500000, 0.20000000, -0.01594845
-0.10000000, -0.10000000, 0.20000000, -0.01956850
-0.07500000, -0.12500000, 0.20000000, -0.02372673
-0.05000000, -0.15000000, 0.20000000, -0.02842668
-0.02500000, -0.17500000, 0.20000000, -0.03404106
0.00000000, -0.20000000, 0.20000000, -0.04340541
0.02500000, -0.20000000, 0.17500000, -0.04679048
0.05000000, -0.20000000, 0.15000000, -0.04054957
0.07500000, -0.20000000, 0.12500000, -0.03090856
0.10000000, -0.20000000, 0.10000000, -0.01992124
0.12500000, -0.20000000, 0.07500000, -0.00917147
0.15000000, -0.20000000, 0.05000000, -0.00021289
0.17500000, -0.20000000, 0.02500000, 0.00489026
0.20000000, -0.20000000, 0.00000000, -0.00021108
0.20000000, -0.17500000, -0.02500000, -0.00478327
0.20000000, -0.15000000, -0.05000000, -0.00519338
0.20000000, -0.12500000, -0.07500000, -0.00477735
0.20000000, -0.10000000, -0.10000000, -0.00412953
0.20000000, -0.07500000, -0.12500000, -0.00342553
0.20000000, -0.05000000, -0.15000000, -0.00280838
0.20000000, -0.02500000, -0.17500000, -0.00232980
0.25000000, 0.00000000, -0.25000000, -0.00126583
0.21875000, 0.03125000, -0.25000000, -0.00161223
0.18750000, 0.06250000, -0.25000000, -0.00217768
0.15625000, 0.09375000, -0.25000000, -0.00292429
0.12500000, 0.12500000, -0.25000000, -0.00382280
0.09375000, 0.15625000, -0.25000000, -0.00477448
0.06250000, 0.18750000, -0.25000000, -0.00564435
0.03125000, 0.21875000, -0.25000000, -0.00594578
0.00000000, 0.25000000, -0.25000000, -0.00307785
-0.03125000, 0.25000000, -0.21875000, 0.00068613
-0.06250000, 0.25000000, -0.18750000, -0.00378349
-0.09375000, 0.25000000, -0.15625000, -0.01129586
-0.12500000, 0.25000000, -0.12500000, -0.02005756
-0.15625000, 0.25000000, -0.09375000, -0.02882665
-0.18750000, 0.25000000, -0.06250000, -0.03637683
-0.21875000, 0.25000000, -0.03125000, -0.04088989
-0.25000000, 0.25000000, 0.00000000, -0.03722890
-0.25000000, 0.21875000, 0.03125000, -0.02945314
-0.25000000, 0.18750000, 0.06250000, -0.02455744
-0.25000000, 0.15625000, 0.09375000, -0.02036069
-0.25000000, 0.12500000, 0.12500000, -0.01658092
-0.25000000, 0.09375000, 0.15625000, -0.01322925
-0.25000000, 0.06250000, 0.18750000, -0.01035469
-0.25000000, 0.03125000, 0.21875000, -0.00809698
-0.25000000, 0.00000000, 0.25000000, -0.00672405
-0.21875000, -0.03125000, 0.25000000, -0.00809698
-0.18750000, -0.06250000, 0.25000000, -0.01035469
-0.15625000, -0.09375000, 0.25000000, -0.01322925
-0.12500000, -0.12500000, 0.25000000, -0.01658092
-0.09375000, -0.15625000, 0.25000000, -0.02036069
-0.06250000, -0.18750000, 0.25000000, -0.02455744
-0.03125000, -0.21875000, 0.25000000, -0.02945314
0.00000000, -0.25000000, 0.25000000, -0.03722890
0.03125000, -0.25000000, 0.21875000, -0.04088989
0.06250000, -0.25000000, 0.18750000, -0.03637683
0.09375000, -0.25000000, 0.15625000, -0.02882665
0.12500000, -0.25000000, 0.12500000, -0.02005756
0.15625000, -0.25000000, 0.09375000, -0.01129586
0.18750000, -0.25000000, 0.06250000, -0.00378349
0.21875000, -0.25000000, 0.03125000, 0.00068613
0.25000000, -0.25000000, 0.00000000, -0.00307785
0.25000000, -0.21875000, -0.03125000, -0.00594578
0.25000000, -0.18750000, -0.06250000, -0.00564435
0.25000000, -0.15625000, -0.09375000, -0.00477448
0.25000000, -0.12500000, -0.12500000, -0.00382280
0.25000000, -0.09375000, -0.15625000, -0.00292429
0.25000000, -0.06250000, -0.18750000, -0.00217768
0.25000000, -0.03125000, -0.21875000, -0.00161223
0.30000000, 0.00000000, -0.30000000, -0.00054105
0.26250000, 0.03750000, -0.30000000, -0.00088747
0.22500000, 0.07500000, -0.30000000, -0.00145471
0.18750000, 0.11250000, -0.30000000, -0.00222147
0.15000000, 0.15000000, -0.30000000, -0.00316681
0.11250000, 0.18750000, -0.30000000, -0.00422735
0.07500000, 0.22500000, -0.30000000, -0.00530164
0.03750000, 0.26250000, -0.30000000, -0.00601822
0.00000000, 0.30000000, -0.30000000, -0.00431372
-0.03750000, 0.30000000, -0.26250000, -0.00173128
-0.07500000, 0.30000000, -0.22500000, -0.00575189
-0.11250000, 0.30000000, -0.18750000, -0.01210705
-0.15000000, 0.30000000, -0.15000000, -0.01932099
-0.18750000, 0.30000000, -0.11250000, -0.02632019
-0.22500000, 0.30000000, -0.07500000, -0.03204898
-0.26250000, 0.30000000, -0.03750000, -0.03502530
-0.30000000, 0.30000000, 0.00000000, -0.03099613
-0.30000000, 0.26250000, 0.03750000, -0.02472985
-0.30000000, 0.22500000, 0.07500000, -0.02062565
-0.30000000, 0.18750000, 0.11250000, -0.01701042
-0.30000000, 0.15000000, 0.15000000, -0.01370352
-0.30000000, 0.11250000, 0.18750000, -0.01073895
-0.30000000, 0.07500000, 0.22500000, -0.00817949
-0.30000000, 0.03750000, 0.26250000, -0.00614165
-0.30000000, 0.00000000, 0.30000000, -0.00486053
-0.26250000, -0.03750000, 0.30000000, -0.00614165
-0.22500000, -0.07500000, 0.30000000, -0.00817949
-0.18750000, -0.11250000, 0.30000000, -0.01073895
-0.15000000, -0.15000000, 0.30000000, -0.01370352
-0.11250000, -0.18750000, 0.30000000, -0.01701042
-0.07500000, -0.22500000, 0.30000000, -0.02062565
-0.03750000, -0.26250000, 0.30000000, -0.02472985
0.00000000, -0.30000000, 0.30000000, -0.03099613
0.03750000, -0.30000000, 0.26250000, -0.03502530
0.07500000, -0.30000000, 0.22500000, -0.03204898
0.11250000, -0.30000000, 0.18750000, -0.02632019
0.15000000, -0.30000000, 0.15000000, -0.01932099
0.18750000, -0.30000000, 0.11250000, -0.01210705
0.22500000, -0.30000000, 0.07500000, -0.00575189
0.26250000, -0.30000000, 0.03750000, -0.00173128
0.30000000, -0.30000000, 0.00000000, -0.00431372
0.30000000, -0.26250000, -0.03750000, -0.00601822
0.30000000, -0.22500000, -0.07500000, -0.00530164
0.30000000, -0.18750000, -0.11250000, -0.00422735
0.30000000, -0.15000000, -0.15000000, -0.00316681
0.30000000, -0.11250000, -0.18750000, -0.00222147
0.30000000, -0.07500000, -0.22500000, -0.00145471
0.30000000, -0.03750000, -0.26250000, -0.00088747
0.35000000, 0.00000000, -0.35000000, -0.00003991
0.30625000, 0.04375000, -0.35000000, -0.00030664
0.26250000, 0.08750000, -0.35000000, -0.00080184
0.21875000, 0.13125000, -0.35000000, -0.00149377
0.17500000, 0.17500000, -0.35000000, -0.00237314
0.13125000, 0.21875000, -0.35000000, -0.00338216
0.08750000, 0.26250000, -0.35000000, -0.00446764
0.04375000, 0.30625000, -0.35000000, -0.00535381
0.00000000, 0.35000000, -0.35000000, -0.00443063
-0.04375000, 0.35000000, -0.30625000, -0.00286566
-0.08750000, 0.35000000, -0.26250000, -0.00653087
-0.13125000, 0.35000000, -0.21875000, -0.01193792
-0.17500000, 0.35000000, -0.17500000, -0.01786141
-0.21875000, 0.35000000, -0.13125000, -0.02334156
-0.26250000, 0.35000000, -0.08750000, -0.02743319
-0.30625000, 0.35000000, -0.04375000, -0.02899275
-0.35000000, 0.35000000, 0.00000000, -0.02459675
-0.35000000, 0.30625000, 0.04375000, -0.01982552
-0.35000000, 0.26250000, 0.08750000, -0.01655612
-0.35000000, 0.21875000, 0.13125000, -0.01358413
-0.35000000, 0.17500000, 0.17500000, -0.01081598
-0.35000000, 0.13125000, 0.21875000, -0.00833424
-0.35000000, 0.08750000, 0.26250000, -0.00616620
-0.35000000, 0.04375000, 0.30625000, -0.00441565
-0.35000000, 0.00000000, 0.35000000, -0.00325142
-0.30625000, -0.04375000, 0.35000000, -0.00441565
-0.26250000, -0.08750000, 0.35000000, -0.00616620
-0.21875000, -0.13125000, 0.35000000, -0.00833424
-0.17500000, -0.17500000, 0.35000000, -0.01081598
-0.13125000, -0.21875000, 0.35000000, -0.01358413
-0.08750000, -0.26250000, 0.35000000, -0.01655612
-0.04375000, -0.30625000, 0.35000000, -0.01982552
0.00000000, -0.35000000, 0.35000000, -0.02459675
0.04375000, -0.35000000, 0.30625000, -0.02899275
0.08750000, -0.35000000, 0.26250000, -0.02743319
0.13125000, -0.35000000, 0.21875000, -0.02334156
0.17500000, -0.35000000, 0.17500000, -0.01786141
0.21875000, -0.35000000, 0.13125000, -0.01193792
0.26250000, -0.35000000, 0.08750000, -0.00653087
0.30625000, -0.35000000, 0.04375000, -0.00286566
0.35000000, -0.35000000, 0.00000000, -0.00443063
0.35000000, -0.30625000, -0.04375000, -0.00535381
0.35000000, -0.26250000, -0.08750000, -0.00446764
0.35000000, -0.21875000, -0.13125000, -0.00338216
0.35000000, -0.17500000, -0.17500000, -0.00237314
0.35000000, -0.13125000, -0.21875000, -0.00149377
0.35000000, -0.08750000, -0.26250000, -0.00080184
0.35000000, -0.04375000, -0.30625000, -0.00030664
0.40000000, 0.00000000, -0.40000000, 0.00016403
0.35000000, 0.05000000, -0.40000000, 0.00000630
0.30000000, 0.10000000, -0.40000000, -0.00034792
0.25000000, 0.15000000, -0.40000000, -0.00088235
0.20000000, 0.20000000, -0.40000000, -0.00160084
0.15000000, 0.25000000, -0.40000000, -0.00246534
0.10000000, 0.30000000, -0.40000000, -0.00344238
0.05000000, 0.35000000, -0.40000000, -0.00431873
0.00000000, 0.40000000, -0.40000000, -0.00392563
-0.05000000, 0.40000000, -0.35000000, -0.00320533
-0.10000000, 0.40000000, -0.30000000, -0.00654365
-0.15000000, 0.40000000, -0.25000000, -0.01113626
-0.20000000, 0.40000000, -0.20000000, -0.01585683
-0.25000000, 0.40000000, -0.15000000, -0.01988720
-0.30000000, 0.40000000, -0.10000000, -0.02249971
-0.35000000, 0.40000000, -0.05000000, -0.02279074
-0.40000000, 0.40000000, 0.00000000, -0.01821817
-0.40000000, 0.35000000, 0.05000000, -0.01490397
-0.40000000, 0.30000000, 0.10000000, -0.01247999
-0.40000000, 0.25000000, 0.15000000, -0.01019743
-0.40000000, 0.20000000, 0.20000000, -0.00802322
-0.40000000, 0.15000000, 0.25000000, -0.00604057
-0.40000000, 0.10000000, 0.30000000, -0.00428918
-0.40000000, 0.05000000, 0.35000000, -0.00285969
-0.40000000, 0.00000000, 0.40000000, -0.00188879
-0.35000000, -0.05000000, 0.40000000, -0.00285969
-0.30000000, -0.10000000, 0.40000000, -0.00428918
-0.25000000, -0.15000000, 0.40000000, -0.00604057
-0.20000000, -0.20000000, 0.40000000, -0.00802322
-0.15000000, -0.25000000, 0.40000000, -0.01019743
-0.10000000, -0.30000000, 0.40000000, -0.01247999
-0.05000000, -0.35000000, 0.40000000, -0.01490397
0.00000000, -0.40000000, 0.40000000, -0.01821817
0.05000000, -0.40000000, 0.35000000, -0.02279074
0.10000000, -0.40000000, 0.30000000, -0.02249971
0.15000000, -0.40000000, 0.25000000, -0.01988720
0.20000000, -0.40000000, 0.20000000, -0.01585683
0.25000000, -0.40000000, 0.15000000, -0.01113626
0.30000000, -0.40000000, 0.10000000, -0.00654365
0.35000000, -0.40000000, 0.05000000, -0.00320533
0.40000000, -0.40000000, 0.00000000, -0.00392563
0.40000000, -0.35000000, -0.05000000, -0.00431873
0.40000000, -0.30000000, -0.10000000, -0.00344238
0.40000000, -0.25000000, -0.15000000, -0.00246534
0.40000000, -0.20000000, -0.20000000, -0.00160084
0.40000000, -0.15000000, -0.25000000, -0.00088235
0.40000000, -0.10000000, -0.30000000, -0.00034792
0.40000000, -0.05000000, -0.35000000, 0.00000630
0.45000000, 0.00000000, -0.45000000, 0.00018689
0.39375000, 0.05625000, -0.45000000, 0.00012412
0.33750000, 0.11250000, -0.45000000, -0.00008117
0.28125000, 0.16875000, -0.45000000, -0.00043711
0.22500000, 0.22500000, -0.45000000, -0.00095343
0.16875000, 0.28125000, -0.45000000, -0.00161507
0.11250000, 0.33750000, -0.45000000, -0.00239227
0.05625000, 0.39375000, -0.45000000, -0.00312657
0.00000000, 0.45000000, -0.45000000, -0.00299206
-0.05625000, 0.45000000, -0.39375000, -0.00288805
-0.11250000, 0.45000000, -0.33750000, -0.00589813
-0.16875000, 0.45000000, -0.28125000, -0.00977896
-0.22500000, 0.45000000, -0.22500000, -0.01348592
-0.28125000, 0.45000000, -0.16875000, -0.01628887
-0.33750000, 0.45000000, -0.11250000, -0.01764618
-0.39375000, 0.45000000, -0.05625000, -0.01695194
-0.45000000, 0.45000000, 0.00000000, -0.01250783
-0.45000000, 0.39375000, 0.05625000, -0.01040810
-0.45000000, 0.33750000, 0.11250000, -0.00874352
-0.45000000, 0.28125000, 0.16875000, -0.00710712
-0.45000000, 0.22500000, 0.22500000, -0.00551446
-0.45000000, 0.16875000, 0.28125000, -0.00403130
-0.45000000, 0.11250000, 0.33750000, -0.00271677
-0.45000000, 0.05625000, 0.39375000, -0.00164202
-0.45000000, 0.00000000, 0.45000000, -0.00092677
-0.39375000, -0.05625000, 0.45000000, -0.00164202
-0.33750000, -0.11250000, 0.45000000, -0.00271677
-0.28125000, -0.16875000, 0.45000000, -0.00403130
-0.22500000, -0.22500000, 0.45000000, -0.00551446
-0.16875000, -0.28125000, 0.45000000, -0.00710712
-0.11250000, -0.33750000, 0.45000000, -0.00874352
-0.05625000, -0.39375000, 0.45000000, -0.01040810
0.00000000, -0.45000000, 0.45000000, -0.01250783
0.05625000, -0.45000000, 0.39375000, -0.01695194
0.11250000, -0.45000000, 0.33750000, -0.01764618
0.16875000, -0.45000000, 0.28125000, -0.01628887
0.22500000, -0.45000000, 0.22500000, -0.01348592
0.28125000, -0.45000000, 0.16875000, -0.00977896
0.33750000, -0.45000000, 0.11250000, -0.00589813
0.39375000, -0.45000000, 0.05625000, -0.00288805
0.45000000, -0.45000000, 0.00000000, -0.00299206
0.45000000, -0.39375000, -0.05625000, -0.00312657
0.45000000, -0.33750000, -0.11250000, -0.00239227
0.45000000, -0.28125000, -0.16875000, -0.00161507
0.45000000, -0.22500000, -0.22500000, -0.00095343
0.45000000, -0.16875000, -0.28125000, -0.00043711
0.45000000, -0.11250000, -0.33750000, -0.00008117
0.45000000, -0.05625000, -0.39375000, 0.00012412
0.50000000, 0.00000000, -0.50000000, 0.00014730
0.43750000, 0.06250000, -0.50000000, 0.00014706
0.37500000, 0.12500000, -0.50000000, 0.00005117
0.31250000, 0.18750000, -0.50000000, -0.00015557
0.25000000, 0.25000000, -0.50000000, -0.00048376
0.18750000, 0.31250000, -0.50000000, -0.00092542
0.12500000, 0.37500000, -0.50000000, -0.00146161
0.06250000, 0.43750000, -0.50000000, -0.00198768
0.00000000, 0.50000000, -0.50000000, -0.00191005
-0.06250000, 0.50000000, -0.43750000, -0.00214940
-0.12500000, 0.50000000, -0.37500000, -0.00478566
-0.18750000, 0.50000000, -0.31250000, -0.00803338
-0.25000000, 0.50000000, -0.25000000, -0.01094903
-0.31250000, 0.50000000, -0.18750000, -0.01282078
-0.37500000, 0.50000000, -0.12500000, -0.01321341
-0.43750000, 0.50000000, -0.06250000, -0.01190054
-0.50000000, 0.50000000, 0.00000000, -0.00791455
-0.50000000, 0.43750000, 0.06250000, -0.00669446
-0.50000000, 0.37500000, 0.12500000, -0.00563833
-0.50000000, 0.31250000, 0.18750000, -0.00454343
-0.50000000, 0.25000000, 0.25000000, -0.00345974
-0.50000000, 0.18750000, 0.31250000, -0.00245230
-0.50000000, 0.12500000, 0.37500000, -0.00156427
-0.50000000, 0.06250000, 0.43750000, -0.00084803
-0.50000000, 0.00000000, 0.50000000, -0.00038870
-0.43750000, -0.06250000, 0.50000000, -0.00084803
-0.37500000, -0.12500000, 0.50000000, -0.00156427
-0.31250000, -0.18750000, 0.50000000, -0.00245230
-0.25000000, -0.25000000, 0.50000000, -0.00345974
-0.18750000, -0.31250000, 0.50000000, -0.00454343
-0.12500000, -0.37500000, 0.50000000, -0.00563833
-0.06250000, -0.43750000, 0.50000000, -0.00669446
0.00000000, -0.50000000, 0.50000000, -0.00791455
0.06250000, -0.50000000, 0.43750000, -0.01190054
0.12500000, -0.50000000, 0.37500000, -0.01321341
0.18750000, -0.50000000, 0.31250000, -0.01282078
0.25000000, -0.50000000, 0.25000000, -0.01094903
0.31250000, -0.50000000, 0.18750000, -0.00803338
0.37500000, -0.50000000, 0.12500000, -0.00478566
0.43750000, -0.50000000, 0.06250000, -0.00214940
0.50000000, -0.50000000, 0.00000000, -0.00191005
0.50000000, -0.43750000, -0.06250000, -0.00198768
0.50000000, -0.37500000, -0.12500000, -0.00146161
0.50000000, -0.31250000, -0.18750000, -0.00092542
0.50000000, -0.25000000, -0.25000000, -0.00048376
0.50000000, -0.18750000, -0.31250000, -0.00015557
0.50000000, -0.12500000, -0.37500000, 0.00005117
0.50000000, -0.06250000, -0.43750000, 0.00014706
0.55000000, 0.00000000, -0.55000000, 0.00009029
0.48125000, 0.06875000, -0.55000000, 0.00011775
0.41250000, 0.13750000, -0.55000000, 0.00008741
0.34375000, 0.20625000, -0.55000000, -0.00001271
0.27500000, 0.27500000, -0.55000000, -0.00019466
0.20625000, 0.34375000, -0.55000000, -0.00044989
0.13750000, 0.41250000, -0.55000000, -0.00077266
0.06875000, 0.48125000, -0.55000000, -0.00109820
0.00000000, 0.55000000, -0.55000000, -0.00102263
-0.06875000, 0.55000000, -0.48125000, -0.00136298
-0.13750000, 0.55000000, -0.41250000, -0.00354507
-0.20625000, 0.55000000, -0.34375000, -0.00620312
-0.27500000, 0.55000000, -0.27500000, -0.00845248
-0.34375000, 0.55000000, -0.20625000, -0.00960092
-0.41250000, 0.55000000, -0.13750000, -0.00933710
-0.48125000, 0.55000000, -0.06875000, -0.00776491
-0.55000000, 0.55000000, 0.00000000, -0.00451619
-0.55000000, 0.48125000, 0.06875000, -0.00389206
-0.55000000, 0.41250000, 0.13750000, -0.00328638
-0.55000000, 0.34375000, 0.20625000, -0.00261871
-0.55000000, 0.27500000, 0.27500000, -0.00194717
-0.55000000, 0.20625000, 0.34375000, -0.00133631
-0.55000000, 0.13750000, 0.41250000, -0.00080470
-0.55000000, 0.06875000, 0.48125000, -0.00039004
-0.55000000, 0.00000000, 0.55000000, -0.00013630
-0.48125000, -0.06875000, 0.55000000, -0.00039004
-0.41250000, -0.13750000, 0.55000000, -0.00080470
-0.34375000, -0.20625000, 0.55000000, -0.00133631
-0.27500000, -0.27500000, 0.55000000, -0.00194717
-0.20625000, -0.34375000, 0.55000000, -0.00261871
-0.13750000, -0.41250000, 0.55000000, -0.00328638
-0.06875000, -0.48125000, 0.55000000, -0.00389206
0.00000000, -0.55000000, 0.55000000, -0.00451619
0.06875000, -0.55000000, 0.48125000, -0.00776491
0.13750000, -0.55000000, 0.41250000, -0.00933710
0.20625000, -0.55000000, 0.34375000, -0.00960092
0.27500000, -0.55000000, 0.27500000, -0.00845248
0.34375000, -0.55000000, 0.20625000, -0.00620312
0.41250000, -0.55000000, 0.13750000, -0.00354507
0.48125000, -0.55000000, 0.06875000, -0.00136298
0.55000000, -0.55000000, 0.00000000, -0.00102263
0.55000000, -0.48125000, -0.06875000, -0.00109820
0.55000000, -0.41250000, -0.13750000, -0.00077266
0.55000000, -0.34375000, -0.20625000, -0.00044989
0.55000000, -0.27500000, -0.27500000, -0.00019466
0.55000000, -0.20625000, -0.34375000, -0.00001271
0.55000000, -0.13750000, -0.41250000, 0.00008741
0.55000000, -0.06875000, -0.48125000, 0.00011775
0.60000000, 0.00000000, -0.60000000, 0.00003366
0.52500000, 0.07500000, -0.60000000, 0.00006205
0.45000000, 0.15000000, -0.60000000, 0.00006648
0.37500000, 0.22500000, -0.60000000, 0.00003406
0.30000000, 0.30000000, -0.60000000, -0.00004901
0.22500000, 0.37500000, -0.60000000, -0.00017898
0.15000000, 0.45000000, -0.60000000, -0.00035379
0.07500000, 0.52500000, -0.60000000, -0.00053049
0.00000000, 0.60000000, -0.60000000, -0.00048016
-0.07500000, 0.60000000, -0.52500000, -0.00076832
-0.15000000, 0.60000000, -0.45000000, -0.00243542
-0.22500000, 0.60000000, -0.37500000, -0.00452365
-0.30000000, 0.60000000, -0.30000000, -0.00616966
-0.37500000, 0.60000000, -0.22500000, -0.00674313
-0.45000000, 0.60000000, -0.15000000, -0.00611360
-0.52500000, 0.60000000, -0.07500000, -0.00458822
-0.60000000, 0.60000000, 0.00000000, -0.00222722
-0.60000000, 0.52500000, 0.07500000, -0.00197909
-0.60000000, 0.45000000, 0.15000000, -0.00168018
-0.60000000, 0.37500000, 0.22500000, -0.00132689
-0.60000000, 0.30000000, 0.30000000, -0.00096223
-0.60000000, 0.22500000, 0.37500000, -0.00063107
-0.60000000, 0.15000000, 0.45000000, -0.00034870
-0.60000000, 0.07500000, 0.52500000, -0.00013994
-0.60000000, 0.00000000, 0.60000000, -0.00002401
-0.52500000, -0.07500000, 0.60000000, -0.00013994
-0.45000000, -0.15000000, 0.60000000, -0.00034870
-0.37500000, -0.22500000, 0.60000000, -0.00063107
-0.30000000, -0.30000000, 0.60000000, -0.00096223
-0.22500000, -0.37500000, 0.60000000, -0.00132689
-0.15000000, -0.45000000, 0.60000000, -0.00168018
-0.07500000, -0.52500000, 0.60000000, -0.00197909
0.00000000, -0.60000000, 0.60000000, -0.00222722
0.07500000, -0.60000000, 0.52500000, -0.00458822
0.15000000, -0.60000000, 0.45000000, -0.00611360
0.22500000, -0.60000000, 0.37500000, -0.00674313
0.30000000, -0.60000000, 0.30000000, -0.00616966
0.37500000, -0.60000000, 0.22500000, -0.00452365
0.45000000, -0.60000000, 0.15000000, -0.00243542
0.52500000, -0.60000000, 0.07500000, -0.00076832
0.60000000, -0.60000000, 0.00000000, -0.00048016
0.60000000, -0.52500000, -0.07500000, -0.00053049
0.60000000, -0.45000000, -0.15000000, -0.00035379
0.60000000, -0.37500000, -0.22500000, -0.00017898
0.60000000, -0.30000000, -0.30000000, -0.00004901
0.60000000, -0.22500000, -0.37500000, 0.00003406
0.60000000, -0.15000000, -0.45000000, 0.00006648
0.60000000, -0.07500000, -0.52500000, 0.00006205
0.65000000, 0.00000000, -0.65000000, -0.00000068
0.56875000, 0.08125000, -0.65000000, 0.00001629
0.48750000, 0.16250000, -0.65000000, 0.00003323
0.40625000, 0.24375000, -0.65000000, 0.00003416
0.32500000, 0.32500000, -0.65000000, 0.00000690
0.24375000, 0.40625000, -0.65000000, -0.00005236
0.16250000, 0.48750000, -0.65000000, -0.00013830
0.08125000, 0.56875000, -0.65000000, -0.00022198
0.00000000, 0.65000000, -0.65000000, -0.00020065
-0.08125000, 0.65000000, -0.56875000, -0.00037779
-0.16250000, 0.65000000, -0.48750000, -0.00153640
-0.24375000, 0.65000000, -0.40625000, -0.00308114
-0.32500000, 0.65000000, -0.32500000, -0.00421863
-0.40625000, 0.65000000, -0.24375000, -0.00440078
-0.48750000, 0.65000000, -0.16250000, -0.00365827
-0.56875000, 0.65000000, -0.08125000, -0.00240687
-0.65000000, 0.65000000, 0.00000000, -0.00090780
-0.65000000, 0.56875000, 0.08125000, -0.00084664
-0.65000000, 0.48750000, 0.16250000, -0.00072713
-0.65000000, 0.40625000, 0.24375000, -0.00057294
-0.65000000, 0.32500000, 0.32500000, -0.00040668
-0.65000000, 0.24375000, 0.40625000, -0.00024640
-0.65000000, 0.16250000, 0.48750000, -0.00011421
-0.65000000, 0.08125000, 0.56875000, -0.00002267
-0.65000000, 0.00000000, 0.65000000, 0.00001676
-0.56875000, -0.08125000, 0.65000000, -0.00002267
-0.48750000, -0.16250000, 0.65000000, -0.00011421
-0.40625000, -0.24375000, 0.65000000, -0.00024640
-0.32500000, -0.32500000, 0.65000000, -0.00040668
-0.24375000, -0.40625000, 0.65000000, -0.00057294
-0.16250000, -0.48750000, 0.65000000, -0.00072713
-0.08125000, -0.56875000, 0.65000000, -0.00084664
0.00000000, -0.65000000, 0.65000000, -0.00090780
0.08125000, -0.65000000, 0.56875000, -0.00240687
0.16250000, -0.65000000, 0.48750000, -0.00365827
0.24375000, -0.65000000, 0.40625000, -0.00440078
0.32500000, -0.65000000, 0.32500000, -0.00421863
0.40625000, -0.65000000, 0.24375000, -0.00308114
0.48750000, -0.65000000, 0.16250000, -0.00153640
0.56875000, -0.65000000, 0.08125000, -0.00037779
0.65000000, -0.65000000, 0.00000000, -0.00020065
0.65000000, -0.56875000, -0.08125000, -0.00022198
0.65000000, -0.48750000, -0.16250000, -0.00013830
0.65000000, -0.40625000, -0.24375000, -0.00005236
0.65000000, -0.32500000, -0.32500000, 0.00000690
0.65000000, -0.24375000, -0.40625000, 0.00003416
0.65000000, -0.16250000, -0.48750000, 0.00003323
0.65000000, -0.08125000, -0.56875000, 0.00001629
0.70000000, 0.00000000, -0.70000000, -0.00000333
0.61250000, 0.08750000, -0.70000000, 0.00000318
0.52500000, 0.17500000, -0.70000000, 0.00001629
0.43750000, 0.26250000, -0.70000000, 0.00002393
0.35000000, 0.35000000, -0.70000000, 0.00001933
0.26250000, 0.43750000, -0.70000000, -0.00000236
0.17500000, 0.52500000, -0.70000000, -0.00003583
0.08750000, 0.61250000, -0.70000000, -0.00006697
0.00000000, 0.70000000, -0.70000000, -0.00004652
-0.08750000, 0.70000000, -0.61250000, -0.00011905
-0.17500000, 0.70000000, -0.52500000, -0.00084353
-0.26250000, 0.70000000, -0.43750000, -0.00189951
-0.35000000, 0.70000000, -0.35000000, -0.00266264
-0.43750000, 0.70000000, -0.26250000, -0.00266290
-0.52500000, 0.70000000, -0.17500000, -0.00199779
-0.61250000, 0.70000000, -0.08750000, -0.00113484
-0.70000000, 0.70000000, 0.00000000, -0.00031990
-0.70000000, 0.61250000, 0.08750000, -0.00030359
-0.70000000, 0.52500000, 0.17500000, -0.00026385
-0.70000000, 0.43750000, 0.26250000, -0.00020656
-0.70000000, 0.35000000, 0.35000000, -0.00014276
-0.70000000, 0.26250000, 0.43750000, -0.00007819
-0.70000000, 0.17500000, 0.52500000, -0.00002833
-0.70000000, 0.08750000, 0.61250000, 0.00000350
-0.70000000, 0.00000000, 0.70000000, 0.00001097
-0.61250000, -0.08750000, 0.70000000, 0.00000350
-0.52500000, -0.17500000, 0.70000000, -0.00002833
-0.43750000, -0.26250000, 0.70000000, -0.00007819
-0.35000000, -0.35000000, 0.70000000, -0.00014276
-0.26250000, -0.43750000, 0.70000000, -0.00020656
-0.17500000, -0.52500000, 0.70000000, -0.00026385
-0.08750000, -0.61250000, 0.70000000, -0.00030359
0.00000000, -0.70000000, 0.70000000, -0.00031990
0.08750000, -0.70000000, 0.61250000, -0.00113484
0.17500000, -0.70000000, 0.52500000, -0.00199779
0.26250000, -0.70000000, 0.43750000, -0.00266290
0.35000000, -0.70000000, 0.35000000, -0.00266264
0.43750000, -0.70000000, 0.26250000, -0.00189951
0.52500000, -0.70000000, 0.17500000, -0.00084353
0.61250000, -0.70000000, 0.08750000, -0.00011905
0.70000000, -0.70000000, 0.00000000, -0.00004652
0.70000000, -0.61250000, -0.08750000, -0.00006697
0.70000000, -0.52500000, -0.17500000, -0.00003583
0.70000000, -0.43750000, -0.26250000, -0.00000236
0.70000000, -0.35000000, -0.35000000, 0.00001933
0.70000000, -0.26250000, -0.43750000, 0.00002393
0.70000000, -0.17500000, -0.52500000, 0.00001629
0.70000000, -0.08750000, -0.61250000, 0.00000318
0.75000000, 0.00000000, -0.75000000, 0.00000747
0.65625000, 0.09375000, -0.75000000, 0.00000995
0.56250000, 0.18750000, -0.75000000, 0.00001361
0.46875000, 0.28125000, -0.75000000, 0.00001606
0.37500000, 0.37500000, -0.75000000, 0.00001570
0.28125000, 0.46875000, -0.75000000, 0.00001275
0.18750000, 0.56250000, -0.75000000, 0.00000756
0.09375000, 0.65625000, -0.75000000, 0.00000174
0.00000000, 0.75000000, -0.75000000, 0.00003224
-0.09375000, 0.75000000, -0.65625000, 0.00002673
-0.18750000, 0.75000000, -0.56250000, -0.00037055
-0.28125000, 0.75000000, -0.46875000, -0.00102189
-0.37500000, 0.75000000, -0.37500000, -0.00151764
-0.46875000, 0.75000000, -0.28125000, -0.00147760
-0.56250000, 0.75000000, -0.18750000, -0.00099369
-0.65625000, 0.75000000, -0.09375000, -0.00050293
-0.75000000, 0.75000000, 0.00000000, -0.00012980
-0.75000000, 0.65625000, 0.09375000, -0.00010367
-0.75000000, 0.56250000, 0.18750000, -0.00008794
-0.75000000, 0.46875000, 0.28125000, -0.00006433
-0.75000000, 0.37500000, 0.37500000, -0.00004039
-0.75000000, 0.28125000, 0.46875000, -0.00002418
-0.75000000, 0.18750000, 0.56250000, -0.00001413
-0.75000000, 0.09375000, 0.65625000, -0.00000964
-0.75000000, 0.00000000, 0.75000000, -0.00000901
-0.65625000, -0.09375000, 0.75000000, -0.00000964
-0.56250000, -0.18750000, 0.75000000, -0.00001413
-0.46875000, -0.28125000, 0.75000000, -0.00002418
-0.37500000, -0.37500000, 0.75000000, -0.00004039
-0.28125000, -0.46875000, 0.75000000, -0.00006433
-0.18750000, -0.56250000, 0.75000000, -0.00008794
-0.09375000, -0.65625000, 0.75000000, -0.00010367
0.00000000, -0.75000000, 0.75000000, -0.00012980
0.09375000, -0.75000000, 0.65625000, -0.00050293
0.18750000, -0.75000000, 0.56250000, -0.00099369
0.28125000, -0.75000000, 0.46875000, -0.00147760
0.37500000, -0.75000000, 0.37500000, -0.00151764
0.46875000, -0.75000000, 0.28125000, -0.00102189
0.56250000, -0.75000000, 0.18750000, -0.00037055
0.65625000, -0.75000000, 0.09375000, 0.00002673
0.75000000, -0.75000000, 0.00000000, 0.00003224
0.75000000, -0.65625000, -0.09375000, 0.00000174
0.75000000, -0.56250000, -0.18750000, 0.00000756
0.75000000, -0.46875000, -0.28125000, 0.00001275
0.75000000, -0.37500000, -0.37500000, 0.00001570
0.75000000, -0.28125000, -0.46875000, 0.00001606
0.75000000, -0.18750000, -0.56250000, 0.00001361
0.75000000, -0.09375000, -0.65625000, 0.00000995
0.80000000, 0.00000000, -0.80000000, 0.00000649
0.70000000, 0.10000000, -0.80000000, 0.00000876
0.60000000, 0.20000000, -0.80000000, 0.00000856
0.50000000, 0.30000000, -0.80000000, 0.00000840
0.40000000, 0.40000000, -0.80000000, 0.00000790
0.30000000, 0.50000000, -0.80000000, 0.00000958
0.20000000, 0.60000000, -0.80000000, 0.00001125
0.10000000, 0.70000000, -0.80000000, 0.00001144
0.00000000, 0.80000000, -0.80000000, 0.00002774
-0.10000000, 0.80000000, -0.70000000, 0.00004643
-0.20000000, 0.80000000, -0.60000000, -0.00013041
-0.30000000, 0.80000000, -0.50000000, -0.00047799
-0.40000000, 0.80000000, -0.40000000, -0.00075577
-0.50000000, 0.80000000, -0.30000000, -0.00070863
-0.60000000, 0.80000000, -0.20000000, -0.00042078
-0.70000000, 0.80000000, -0.10000000, -0.00019103
-0.80000000, 0.80000000, 0.00000000, -0.00004889
-0.80000000, 0.70000000, 0.10000000, -0.00003297
-0.80000000, 0.60000000, 0.20000000, -0.00002660
-0.80000000, 0.50000000, 0.30000000, -0.00001710
-0.80000000, 0.40000000, 0.40000000, -0.00000827
-0.80000000, 0.30000000, 0.50000000, -0.00000776
-0.80000000, 0.20000000, 0.60000000, -0.00000879
-0.80000000, 0.10000000, 0.70000000, -0.00001100
-0.80000000, 0.00000000, 0.80000000, -0.00000922
-0.70000000, -0.10000000, 0.80000000, -0.00001100
-0.60000000, -0.20000000, 0.80000000, -0.00000879
-0.50000000, -0.30000000, 0.80000000, -0.00000776
-0.40000000, -0.40000000, 0.80000000, -0.00000827
-0.30000000, -0.50000000, 0.80000000, -0.00001710
-0.20000000, -0.60000000, 0.80000000, -0.00002660
-0.10000000, -0.70000000, 0.80000000, -0.00003297
0.00000000, -0.80000000, 0.80000000, -0.00004889
0.10000000, -0.80000000, 0.70000000, -0.00019103
0.20000000, -0.80000000, 0.60000000, -0.00042078
0.30000000, -0.80000000, 0.50000000, -0.00070863
0.40000000, -0.80000000, 0.40000000, -0.00075577
0.50000000, -0.80000000, 0.30000000, -0.00047799
0.60000000, -0.80000000, 0.20000000, -0.00013041
0.70000000, -0.80000000, 0.10000000, 0.00004643
0.80000000, -0.80000000, 0.00000000, 0.00002774
0.80000000, -0.70000000, -0.10000000, 0.00001144
0.80000000, -0.60000000, -0.20000000, 0.00001125
0.80000000, -0.50000000, -0.30000000, 0.00000958
0.80000000, -0.40000000, -0.40000000, 0.00000790
0.80000000, -0.30000000, -0.50000000, 0.00000840
0.80000000, -0.20000000, -0.60000000, 0.00000856
0.80000000, -0.10000000, -0.70000000, 0.00000876
0.85000000, 0.00000000, -0.85000000, -0.00000507
0.74375000, 0.10625000, -0.85000000, -0.00000372
0.63750000, 0.21250000, -0.85000000, -0.00000154
0.53125000, 0.31875000, -0.85000000, 0.00000073
0.42500000, 0.42500000, -0.85000000, 0.00000155
0.31875000, 0.53125000, -0.85000000, 0.00000007
0.21250000, 0.63750000, -0.85000000, -0.00000303
0.10625000, 0.74375000, -0.85000000, -0.00000555
0.00000000, 0.85000000, -0.85000000, -0.00001678
-0.10625000, 0.85000000, -0.74375000, -0.00000344
-0.21250000, 0.85000000, -0.63750000, -0.00005632
-0.31875000, 0.85000000, -0.53125000, -0.00020402
-0.42500000, 0.85000000, -0.42500000, -0.00030975
-0.53125000, 0.85000000, -0.31875000, -0.00025244
-0.63750000, 0.85000000, -0.21250000, -0.00011644
-0.74375000, 0.85000000, -0.10625000, -0.00002478
-0.85000000, 0.85000000, 0.00000000, 0.00001729
-0.85000000, 0.74375000, 0.10625000, 0.00000530
-0.85000000, 0.63750000, 0.21250000, 0.00000269
-0.85000000, 0.53125000, 0.31875000, 0.00000040
-0.85000000, 0.42500000, 0.42500000, -0.00000011
-0.85000000, 0.31875000, 0.53125000, 0.00000232
-0.85000000, 0.21250000, 0.63750000, 0.00000445
-0.85000000, 0.10625000, 0.74375000, 0.00000594
-0.85000000, 0.00000000, 0.85000000, 0.00000719
-0.74375000, -0.10625000, 0.85000000, 0.00000594
-0.63750000, -0.21250000, 0.85000000, 0.00000445
-0.53125000, -0.31875000, 0.85000000, 0.00000232
-0.42500000, -0.42500000, 0.85000000, -0.00000011
-0.31875000, -0.53125000, 0.85000000, 0.00000040
-0.21250000, -0.63750000, 0.85000000, 0.00000269
-0.10625000, -0.74375000, 0.85000000, 0.00000530
0.00000000, -0.85000000, 0.85000000, 0.00001729
0.10625000, -0.85000000, 0.74375000, -0.00002478
0.21250000, -0.85000000, 0.63750000, -0.00011644
0.31875000, -0.85000000, 0.53125000, -0.00025244
0.42500000, -0.85000000, 0.42500000, -0.00030975
0.53125000, -0.85000000, 0.31875000, -0.00020402
0.63750000, -0.85000000, 0.21250000, -0.00005632
0.74375000, -0.85000000, 0.10625000, -0.00000344
0.85000000, -0.85000000, 0.00000000, -0.00001678
0.85000000, -0.74375000, -0.10625000, -0.00000555
0.85000000, -0.63750000, -0.21250000, -0.00000303
0.85000000, -0.53125000, -0.31875000, 0.00000007
0.85000000, -0.42500000, -0.42500000, 0.00000155
0.85000000, -0.31875000, -0.53125000, 0.00000073
0.85000000, -0.21250000, -0.63750000, -0.00000154
0.85000000, -0.10625000, -0.74375000, -0.00000372
0.90000000, 0.00000000, -0.90000000, -0.00000398
0.78750000, 0.11250000, -0.90000000, -0.00000448
0.67500000, 0.22500000, -0.90000000, -0.00000269
0.56250000, 0.33750000, -0.90000000, -0.00000092
0.45000000, 0.45000000, -0.90000000, 0.00000004
0.33750000, 0.56250000, -0.90000000, -0.00000159
0.22500000, 0.67500000, -0.90000000, -0.00000410
0.11250000, 0.78750000, -0.90000000, -0.00000560
0.00000000, 0.90000000, -0.90000000, -0.00001220
-0.11250000, 0.90000000, -0.78750000, -0.00001061
-0.22500000, 0.90000000, -0.67500000, -0.00002022
-0.33750000, 0.90000000, -0.56250000, -0.00006268
-0.45000000, 0.90000000, -0.45000000, -0.00008939
-0.56250000, 0.90000000, -0.33750000, -0.00005961
-0.67500000, 0.90000000, -0.22500000, -0.00001551
-0.78750000, 0.90000000, -0.11250000, 0.00000901
-0.90000000, 0.90000000, 0.00000000, 0.00001424
-0.90000000, 0.78750000, 0.11250000, 0.00000745
-0.90000000, 0.67500000, 0.22500000, 0.00000498
-0.90000000, 0.56250000, 0.33750000, 0.00000202
-0.90000000, 0.45000000, 0.45000000, 0.00000016
-0.90000000, 0.33750000, 0.56250000, 0.00000267
-0.90000000, 0.22500000, 0.67500000, 0.00000484
-0.90000000, 0.11250000, 0.78750000, 0.00000675
-0.90000000, 0.00000000, 0.90000000, 0.00000587
-0.78750000, -0.11250000, 0.90000000, 0.00000675
-0.67500000, -0.22500000, 0.90000000, 0.00000484
-0.56250000, -0.33750000, 0.90000000, 0.00000267
-0.45000000, -0.45000000, 0.90000000, 0.00000016
-0.33750000, -0.56250000, 0.90000000, 0.00000202
-0.22500000, -0.67500000, 0.90000000, 0.00000498
-0.11250000, -0.78750000, 0.90000000, 0.00000745
0.00000000, -0.90000000, 0.90000000, 0.00001424
0.11250000, -0.90000000, 0.78750000, 0.00000901
0.22500000, -0.90000000, 0.67500000, -0.00001551
0.33750000, -0.90000000, 0.56250000, -0.00005961
0.45000000, -0.90000000, 0.45000000, -0.00008939
0.56250000, -0.90000000, 0.33750000, -0.00006268
0.67500000, -0.90000000, 0.22500000, -0.00002022
0.78750000, -0.90000000, 0.11250000, -0.00001061
0.90000000, -0.90000000, 0.00000000, -0.00001220
0.90000000, -0.78750000, -0.11250000, -0.00000560
0.90000000, -0.67500000, -0.22500000, -0.00000410
0.90000000, -0.56250000, -0.33750000, -0.00000159
0.90000000, -0.45000000, -0.45000000, 0.00000004
0.90000000, -0.33750000, -0.56250000, -0.00000092
0.90000000, -0.22500000, -0.67500000, -0.00000269
0.90000000, -0.11250000, -0.78750000, -0.00000448
0.95000000, 0.00000000, -0.95000000, 0.00000495
0.83125000, 0.11875000, -0.95000000, 0.00000453
0.71250000, 0.23750000, -0.95000000, 0.00000299
0.59375000, 0.35625000, -0.95000000, 0.00000150
0.47500000, 0.47500000, -0.95000000, 0.00000086
0.35625000, 0.59375000, -0.95000000, 0.00000240
0.23750000, 0.71250000, -0.95000000, 0.00000501
0.11875000, 0.83125000, -0.95000000, 0.00000692
0.00000000, 0.95000000, -0.95000000, 0.00001835
-0.11875000, 0.95000000, -0.83125000, 0.00001790
-0.23750000, 0.95000000, -0.71250000, 0.00001263
-0.35625000, 0.95000000, -0.59375000, 0.00000672
-0.47500000, 0.95000000, -0.47500000, -0.00000981
-0.59375000, 0.95000000, -0.35625000, -0.00002080
-0.71250000, 0.95000000, -0.23750000, -0.00001648
-0.83125000, 0.95000000, -0.11875000, -0.00002058
-0.95000000, 0.95000000, 0.00000000, -0.00002144
-0.95000000, 0.83125000, 0.11875000, -0.00000901
-0.95000000, 0.71250000, 0.23750000, -0.00000601
-0.95000000, 0.59375000, 0.35625000, -0.00000273
-0.95000000, 0.47500000, 0.47500000, -0.00000073
-0.95000000, 0.35625000, 0.59375000, -0.00000280
-0.95000000, 0.23750000, 0.71250000, -0.00000485
-0.95000000, 0.11875000, 0.83125000, -0.00000663
-0.95000000, 0.00000000, 0.95000000, -0.00000716
-0.83125000, -0.11875000, 0.95000000, -0.00000663
-0.71250000, -0.23750000, 0.95000000, -0.00000485
-0.59375000, -0.35625000, 0.95000000, -0.00000280
-0.47500000, -0.47500000, 0.95000000, -0.00000073
-0.35625000, -0.59375000, 0.95000000, -0.00000273
-0.23750000, -0.71250000, 0.95000000, -0.00000601
-0.11875000, -0.83125000, 0.95000000, -0.00000901
0.00000000, -0.95000000, 0.95000000, -0.00002144
0.11875000, -0.95000000, 0.83125000, -0.00002058
0.23750000, -0.95000000, 0.71250000, -0.00001648
0.35625000, -0.95000000, 0.59375000, -0.00002080
0.47500000, -0.95000000, 0.47500000, -0.00000981
0.59375000, -0.95000000, 0.35625000, 0.00000672
0.71250000, -0.95000000, 0.23750000, 0.00001263
0.83125000, -0.95000000, 0.11875000, 0.00001790
0.95000000, -0.95000000, 0.00000000, 0.00001835
0.95000000, -0.83125000, -0.11875000, 0.00000692
0.95000000, -0.71250000, -0.23750000, 0.00000501
0.95000000, -0.59375000, -0.35625000, 0.00000240
0.95000000, -0.47500000, -0.47500000, 0.00000086
0.95000000, -0.35625000, -0.59375000, 0.00000150
0.95000000, -0.23750000, -0.71250000, 0.00000299
0.95000000, -0.11875000, -0.83125000, 0.00000453
1.00000000, 0.00000000, -1.00000000, 0.00000000
0.87500000, 0.12500000, -1.00000000, 0.00000000
0.75000000, 0.25000000, -1.00000000, 0.00000000
0.62500000, 0.37500000, -1.00000000, 0.00000000
0.50000000, 0.50000000, -1.00000000, 0.00000000
0.37500000, 0.62500000, -1.00000000, 0.00000000
0.25000000, 0.75000000, -1.00000000, 0.00000000
0.12500000, 0.87500000, -1.00000000, 0.00000000
0.00000000, 1.00000000, -1.00000000, 0.00000000
-0.12500000, 1.00000000, -0.87500000, 0.00000000
-0.25000000, 1.00000000, -0.75000000, 0.00000000
-0.37500000, 1.00000000, -0.62500000, 0.00000000
-0.50000000, 1.00000000, -0.50000000, 0.00000000
-0.62500000, 1.00000000, -0.37500000, 0.00000000
-0.75000000, 1.00000000, -0.25000000, 0.00000000
-0.87500000, 1.00000000, -0.12500000, 0.00000000
-1.00000000, 1.00000000, 0.00000000, 0.00000000
-1.00000000, 0.87500000, 0.12500000, 0.00000000
-1.00000000, 0.75000000, 0.25000000, 0.00000000
-1.00000000, 0.62500000, 0.37500000, 0.00000000
-1.00000000, 0.50000000, 0.50000000, 0.00000000
-1.00000000, 0.37500000, 0.62500000, 0.00000000
-1.00000000, 0.25000000, 0.75000000, 0.00000000
-1.00000000, 0.12500000, 0.87500000, 0.00000000
-1.00000000, 0.00000000, 1.00000000, 0.00000000
-0.87500000, -0.12500000, 1.00000000, 0.00000000
-0.75000000, -0.25000000, 1.00000000, 0.00000000
-0.62500000, -0.37500000, 1.00000000, 0.00000000
-0.50000000, -0.50000000, 1.00000000, 0.00000000
-0.37500000, -0.62500000, 1.00000000, 0.00000000
-0.25000000, -0.75000000, 1.00000000, 0.00000000
-0.12500000, -0.87500000, 1.00000000, 0.00000000
0.00000000, -1.00000000, 1.00000000, 0.00000000
0.12500000, -1.00000000, 0.87500000, 0.00000000
0.25000000, -1.00000000, 0.75000000, 0.00000000
0.37500000, -1.00000000, 0.62500000, 0.00000000
0.50000000, -1.00000000, 0.50000000, 0.00000000
0.62500000, -1.00000000, 0.37500000, 0.00000000
0.75000000, -1.00000000, 0.25000000, 0.00000000
0.87500000, -1.00000000, 0.12500000, 0.00000000
1.00000000, -1.00000000, 0.00000000, 0.00000000
1.00000000, -0.87500000, -0.12500000, 0.00000000
1.00000000, -0.75000000, -0.25000000, 0.00000000
1.00000000, -0.62500000, -0.37500000, 0.00000000
1.00000000, -0.50000000, -0.50000000, 0.00000000
1.00000000, -0.37500000, -0.62500000, 0.00000000
1.00000000, -0.25000000, -0.75000000, 0.00000000
1.00000000, -0.12500000, -0.87500000, 0.00000000
