0.01000000, 0.00000000, -0.01000000, 0.00000000
0.00000000, 0.01000000, -0.01000000, 0.02822351
-0.00125000, 0.01000000, -0.00875000, 0.05627843
-0.00250000, 0.01000000, -0.00750000, 0.06148009
-0.00375000, 0.01000000, -0.00625000, 0.07518046
-0.00500000, 0.01000000, -0.00500000, 0.07087076
-0.00625000, 0.01000000, -0.00375000, 0.07598241
-0.00750000, 0.01000000, -0.00250000, 0.06279818
-0.00875000, 0.01000000, -0.00125000, 0.05827212
-0.01000000, 0.01000000, 0.00000000, 0.03014789
-0.01000000, 0.00875000, 0.00125000, 0.00330777
-0.01000000, 0.00750000, 0.00250000, -0.00769957
-0.01000000, 0.00625000, 0.00375000, -0.01338727
-0.01000000, 0.00500000, 0.00500000, -0.01443414
-0.01000000, 0.00375000, 0.00625000, -0.01206393
-0.01000000, 0.00250000, 0.00750000, -0.01008101
-0.01000000, 0.00125000, 0.00875000, -0.00498491
-0.01000000, 0.00000000, 0.01000000, 0.00000000
0.00000000, -0.01000000, 0.01000000, -0.03014789
0.00125000, -0.01000000, 0.00875000, -0.05827212
0.00250000, -0.01000000, 0.00750000, -0.06279818
0.00375000, -0.01000000, 0.00625000, -0.07598241
0.00500000, -0.01000000, 0.00500000, -0.07087076
0.00625000, -0.01000000, 0.00375000, -0.07518046
0.00750000, -0.01000000, 0.00250000, -0.06148009
0.00875000, -0.01000000, 0.00125000, -0.05627843
0.01000000, -0.01000000, 0.00000000, -0.02822351
0.01000000, -0.00875000, -0.00125000, -0.00227527
0.01000000, -0.00750000, -0.00250000, 0.00855717
0.01000000, -0.00625000, -0.00375000, 0.01303757
0.01000000, -0.00500000, -0.00500000, 0.01432133
0.01000000, -0.00375000, -0.00625000, 0.01174416
0.01000000, -0.00250000, -0.00750000, 0.00981861
0.01000000, -0.00125000, -0.00875000, 0.00462276
0.02000000, 0.00000000, -0.02000000, -0.00000000
0.01750000, 0.00250000, -0.02000000, -0.00152063
0.01500000, 0.00500000, -0.02000000, -0.00262683
0.01250000, 0.00750000, -0.02000000, -0.00321675
0.01000000, 0.01000000, -0.02000000, -0.00292581
0.00750000, 0.01250000, -0.02000000, -0.00106663
0.00500000, 0.01500000, -0.02000000, 0.00187136
0.00250000, 0.01750000, -0.02000000, 0.00784349
0.00000000, 0.02000000, -0.02000000, 0.02049285
-0.00250000, 0.02000000, -0.01750000, 0.03257267
-0.00500000, 0.02000000, -0.01500000, 0.03760976
-0.00750000, 0.02000000, -0.01250000, 0.04158112
-0.01000000, 0.02000000, -0.01000000, 0.04105400
-0.01250000, 0.02000000, -0.00750000, 0.04210833
-0.01500000, 0.02000000, -0.00500000, 0.03876736
-0.01750000, 0.02000000, -0.00250000, 0.03411754
-0.02000000, 0.02000000, 0.00000000, 0.02195568
-0.02000000, 0.01750000, 0.00250000, 0.00842917
-0.02000000, 0.01500000, 0.00500000, 0.00192709
-0.02000000, 0.01250000, 0.00750000, -0.00121817
-0.02000000, 0.01000000, 0.01000000, -0.00317108
-0.02000000, 0.00750000, 0.01250000, -0.00368091
-0.02000000, 0.00500000, 0.01500000, -0.00286178
-0.02000000, 0.00250000, 0.01750000, -0.00174582
-0.02000000, 0.00000000, 0.02000000, -0.00000000
-0.01750000, -0.00250000, 0.02000000, 0.00174582
-0.01500000, -0.00500000, 0.02000000, 0.00286178
-0.01250000, -0.00750000, 0.02000000, 0.00368091
-0.01000000, -0.01000000, 0.02000000, 0.00317108
-0.00750000, -0.01250000, 0.02000000, 0.00121817
-0.00500000, -0.01500000, 0.02000000, -0.00192709
-0.00250000, -0.01750000, 0.02000000, -0.00842917
0.00000000, -0.02000000, 0.02000000, -0.02195568
0.00250000, -0.02000000, 0.01750000, -0.03411754
0.00500000, -0.02000000, 0.01500000, -0.03876736
0.00750000, -0.02000000, 0.01250000, -0.04210833
0.01000000, -0.02000000, 0.01000000, -0.04105400
0.01250000, -0.02000000, 0.00750000, -0.04158112
0.01500000, -0.02000000, 0.00500000, -0.03760976
0.01750000, -0.02000000, 0.00250000, -0.03257267
0.02000000, -0.02000000, 0.00000000, -0.02049285
0.02000000, -0.01750000, -0.00250000, -0.00784349
0.02000000, -0.01500000, -0.00500000, -0.00187136
0.02000000, -0.01250000, -0.00750000, 0.00106663
0.02000000, -0.01000000, -0.01000000, 0.00292581
0.02000000, -0.00750000, -0.01250000, 0.00321675
0.02000000, -0.00500000, -0.01500000, 0.00262683
0.02000000, -0.00250000, -0.01750000, 0.00152063
0.03000000, 0.00000000, -0.03000000, 0.00000000
0.02625000, 0.00375000, -0.03000000, -0.00073466
0.02250000, 0.00750000, -0.03000000, -0.00105401
0.01875000, 0.01125000, -0.03000000, -0.00092255
0.01500000, 0.01500000, -0.03000000, -0.00012724
0.01125000, 0.01875000, -0.03000000, 0.00148103
0.00750000, 0.02250000, -0.03000000, 0.00406777
0.00375000, 0.02625000, -0.03000000, 0.00852627
0.00000000, 0.03000000, -0.03000000, 0.01719514
-0.00375000, 0.03000000, -0.02625000, 0.02530321
-0.00750000, 0.03000000, -0.02250000, 0.02884272
-0.01125000, 0.03000000, -0.01875000, 0.03133518
-0.01500000, 0.03000000, -0.01500000, 0.03222221
-0.01875000, 0.03000000, -0.01125000, 0.03173380
-0.02250000, 0.03000000, -0.00750000, 0.02965078
-0.02625000, 0.03000000, -0.00375000, 0.02632465
-0.03000000, 0.03000000, 0.00000000, 0.01800807
-0.03000000, 0.02625000, 0.00375000, 0.00862591
-0.03000000, 0.02250000, 0.00750000, 0.00375972
-0.03000000, 0.01875000, 0.01125000, 0.00101436
-0.03000000, 0.01500000, 0.01500000, -0.00065800
-0.03000000, 0.01125000, 0.01875000, -0.00141800
-0.03000000, 0.00750000, 0.02250000, -0.00136455
-0.03000000, 0.00375000, 0.02625000, -0.00097981
-0.03000000, 0.00000000, 0.03000000, 0.00000000
-0.02625000, -0.00375000, 0.03000000, 0.00097981
-0.02250000, -0.00750000, 0.03000000, 0.00136455
-0.01875000, -0.01125000, 0.03000000, 0.00141800
-0.01500000, -0.01500000, 0.03000000, 0.00065800
-0.01125000, -0.01875000, 0.03000000, -0.00101436
-0.00750000, -0.02250000, 0.03000000, -0.00375972
-0.00375000, -0.02625000, 0.03000000, -0.00862591
0.00000000, -0.03000000, 0.03000000, -0.01800807
0.00375000, -0.03000000, 0.02625000, -0.02632465
0.00750000, -0.03000000, 0.02250000, -0.02965078
0.01125000, -0.03000000, 0.01875000, -0.03173380
0.01500000, -0.03000000, 0.01500000, -0.03222221
0.01875000, -0.03000000, 0.01125000, -0.03133518
0.02250000, -0.03000000, 0.00750000, -0.02884272
0.02625000, -0.03000000, 0.00375000, -0.02530321
0.03000000, -0.03000000, 0.00000000, -0.01719514
0.03000000, -0.02625000, -0.00375000, -0.00852627
0.03000000, -0.02250000, -0.00750000, -0.00406777
0.03000000, -0.01875000, -0.01125000, -0.00148103
0.03000000, -0.01500000, -0.01500000, 0.00012724
0.03000000, -0.01125000, -0.01875000, 0.00092255
0.03000000, -0.00750000, -0.02250000, 0.00105401
0.03000000, -0.00375000, -0.02625000, 0.00073466
0.04000000, 0.00000000, -0.04000000, -0.00000000
0.03500000, 0.00500000, -0.04000000, -0.00036606
0.03000000, 0.01000000, -0.04000000, -0.00040391
0.02500000, 0.01500000, -0.04000000, -0.00002372
0.02000000, 0.02000000, -0.04000000, 0.00086053
0.01500000, 0.02500000, -0.04000000, 0.00238855
0.01000000, 0.03000000, -0.04000000, 0.00474629
0.00500000, 0.03500000, -0.04000000, 0.00837427
0.00000000, 0.04000000, -0.04000000, 0.01521605
-0.00500000, 0.04000000, -0.03500000, 0.02160216
-0.01000000, 0.04000000, -0.03000000, 0.02464450
-0.01500000, 0.04000000, -0.02500000, 0.02637566
-0.02000000, 0.04000000, -0.02000000, 0.02700304
-0.02500000, 0.04000000, -0.01500000, 0.02660503
-0.03000000, 0.04000000, -0.01000000, 0.02506818
-0.03500000, 0.04000000, -0.00500000, 0.02210543
-0.04000000, 0.04000000, 0.00000000, 0.01535817
-0.04000000, 0.03500000, 0.00500000, 0.00790924
-0.04000000, 0.03000000, 0.01000000, 0.00401300
-0.04000000, 0.02500000, 0.01500000, 0.00156254
-0.04000000, 0.02000000, 0.02000000, 0.00007867
-0.04000000, 0.01500000, 0.02500000, -0.00068998
-0.04000000, 0.01000000, 0.03000000, -0.00088616
-0.04000000, 0.00500000, 0.03500000, -0.00065293
-0.04000000, 0.00000000, 0.04000000, -0.00000000
-0.03500000, -0.00500000, 0.04000000, 0.00065293
-0.03000000, -0.01000000, 0.04000000, 0.00088616
-0.02500000, -0.01500000, 0.04000000, 0.00068998
-0.02000000, -0.02000000, 0.04000000, -0.00007867
-0.01500000, -0.02500000, 0.04000000, -0.00156254
-0.01000000, -0.03000000, 0.04000000, -0.00401300
-0.00500000, -0.03500000, 0.04000000, -0.00790924
0.00000000, -0.04000000, 0.04000000, -0.01535817
0.00500000, -0.04000000, 0.03500000, -0.02210543
0.01000000, -0.04000000, 0.03000000, -0.02506818
0.01500000, -0.04000000, 0.02500000, -0.02660503
0.02000000, -0.04000000, 0.02000000, -0.02700304
0.02500000, -0.04000000, 0.01500000, -0.02637566
0.03000000, -0.04000000, 0.01000000, -0.02464450
0.03500000, -0.04000000, 0.00500000, -0.02160216
0.04000000, -0.04000000, 0.00000000, -0.01521605
0.04000000, -0.03500000, -0.00500000, -0.00837427
0.04000000, -0.03000000, -0.01000000, -0.00474629
0.04000000, -0.02500000, -0.01500000, -0.00238855
0.04000000, -0.02000000, -0.02000000, -0.00086053
0.04000000, -0.01500000, -0.02500000, 0.00002372
0.04000000, -0.01000000, -0.03000000, 0.00040391
0.04000000, -0.00500000, -0.03500000, 0.00036606
0.05000000, 0.00000000, -0.05000000, 0.00000000
0.04375000, 0.00625000, -0.05000000, -0.00022569
0.03750000, 0.01250000, -0.05000000, -0.00011213
0.03125000, 0.01875000, -0.05000000, 0.00036987
0.02500000, 0.02500000, -0.05000000, 0.00130360
0.01875000, 0.03125000, -0.05000000, 0.00276499
0.01250000, 0.03750000, -0.05000000, 0.00489912
0.00625000, 0.04375000, -0.05000000, 0.00806769
0.00000000, 0.05000000, -0.05000000, 0.01384772
-0.00625000, 0.05000000, -0.04375000, 0.01916145
-0.01250000, 0.05000000, -0.03750000, 0.02175722
-0.01875000, 0.05000000, -0.03125000, 0.02319595
-0.02500000, 0.05000000, -0.02500000, 0.02374825
-0.03125000, 0.05000000, -0.01875000, 0.02325237
-0.03750000, 0.05000000, -0.01250000, 0.02184057
-0.04375000, 0.05000000, -0.00625000, 0.01916164
-0.05000000, 0.05000000, 0.00000000, 0.01333809
-0.05000000, 0.04375000, 0.00625000, 0.00707406
-0.05000000, 0.03750000, 0.01250000, 0.00373634
-0.05000000, 0.03125000, 0.01875000, 0.00160382
-0.05000000, 0.02500000, 0.02500000, 0.00025000
-0.05000000, 0.01875000, 0.03125000, -0.00049365
-0.05000000, 0.01250000, 0.03750000, -0.00072017
-0.05000000, 0.00625000, 0.04375000, -0.00056895
-0.05000000, 0.00000000, 0.05000000, 0.00000000
-0.04375000, -0.00625000, 0.05000000, 0.00056895
-0.03750000, -0.01250000, 0.05000000, 0.00072017
-0.03125000, -0.01875000, 0.05000000, 0.00049365
-0.02500000, -0.02500000, 0.05000000, -0.00025000
-0.01875000, -0.03125000, 0.05000000, -0.00160382
-0.01250000, -0.03750000, 0.05000000, -0.00373634
-0.00625000, -0.04375000, 0.05000000, -0.00707406
0.00000000, -0.05000000, 0.05000000, -0.01333809
0.00625000, -0.05000000, 0.04375000, -0.01916164
0.01250000, -0.05000000, 0.03750000, -0.02184057
0.01875000, -0.05000000, 0.03125000, -0.02325237
0.02500000, -0.05000000, 0.02500000, -0.02374825
0.03125000, -0.05000000, 0.01875000, -0.02319595
0.03750000, -0.05000000, 0.01250000, -0.02175722
0.04375000, -0.05000000, 0.00625000, -0.01916145
0.05000000, -0.05000000, 0.00000000, -0.01384772
0.05000000, -0.04375000, -0.00625000, -0.00806769
0.05000000, -0.03750000, -0.01250000, -0.00489912
0.05000000, -0.03125000, -0.01875000, -0.00276499
0.05000000, -0.02500000, -0.02500000, -0.00130360
0.05000000, -0.01875000, -0.03125000, -0.00036987
0.05000000, -0.01250000, -0.03750000, 0.00011213
0.05000000, -0.00625000, -0.04375000, 0.00022569
0.06000000, 0.00000000, -0.06000000, 0.00000000
0.05250000, 0.00750000, -0.06000000, -0.00008092
0.04500000, 0.01500000, -0.06000000, 0.00009656
0.03750000, 0.02250000, -0.06000000, 0.00061203
0.03000000, 0.03000000, -0.06000000, 0.00149487
0.02250000, 0.03750000, -0.06000000, 0.00287757
0.01500000, 0.04500000, -0.06000000, 0.00484127
0.00750000, 0.05250000, -0.06000000, 0.00771030
0.00000000, 0.06000000, -0.06000000, 0.01292232
-0.00750000, 0.06000000, -0.05250000, 0.01757309
-0.01500000, 0.06000000, -0.04500000, 0.01977817
-0.02250000, 0.06000000, -0.03750000, 0.02095009
-0.03000000, 0.06000000, -0.03000000, 0.02123343
-0.03750000, 0.06000000, -0.02250000, 0.02085559
-0.04500000, 0.06000000, -0.01500000, 0.01955047
-0.05250000, 0.06000000, -0.00750000, 0.01710761
-0.06000000, 0.06000000, 0.00000000, 0.01178655
-0.06000000, 0.05250000, 0.00750000, 0.00614609
-0.06000000, 0.04500000, 0.01500000, 0.00320952
-0.06000000, 0.03750000, 0.02250000, 0.00135206
-0.06000000, 0.03000000, 0.03000000, 0.00018210
-0.06000000, 0.02250000, 0.03750000, -0.00041996
-0.06000000, 0.01500000, 0.04500000, -0.00061692
-0.06000000, 0.00750000, 0.05250000, -0.00045851
-0.06000000, 0.00000000, 0.06000000, 0.00000000
-0.05250000, -0.00750000, 0.06000000, 0.00045851
-0.04500000, -0.01500000, 0.06000000, 0.00061692
-0.03750000, -0.02250000, 0.06000000, 0.00041996
-0.03000000, -0.03000000, 0.06000000, -0.00018210
-0.02250000, -0.03750000, 0.06000000, -0.00135206
-0.01500000, -0.04500000, 0.06000000, -0.00320952
-0.00750000, -0.05250000, 0.06000000, -0.00614609
0.00000000, -0.06000000, 0.06000000, -0.01178655
0.00750000, -0.06000000, 0.05250000, -0.01710761
0.01500000, -0.06000000, 0.04500000, -0.01955047
0.02250000, -0.06000000, 0.03750000, -0.02085559
0.03000000, -0.06000000, 0.03000000, -0.02123343
0.03750000, -0.06000000, 0.02250000, -0.02095009
0.04500000, -0.06000000, 0.01500000, -0.01977817
0.05250000, -0.06000000, 0.00750000, -0.01757309
0.06000000, -0.06000000, 0.00000000, -0.01292232
0.06000000, -0.05250000, -0.00750000, -0.00771030
0.06000000, -0.04500000, -0.01500000, -0.00484127
0.06000000, -0.03750000, -0.02250000, -0.00287757
0.06000000, -0.03000000, -0.03000000, -0.00149487
0.06000000, -0.02250000, -0.03750000, -0.00061203
0.06000000, -0.01500000, -0.04500000, -0.00009656
0.06000000, -0.00750000, -0.05250000, 0.00008092
0.07000000, 0.00000000, -0.07000000, 0.00000000
0.06125000, 0.00875000, -0.07000000, -0.00003364
0.05250000, 0.01750000, -0.07000000, 0.00018435
0.04375000, 0.02625000, -0.07000000, 0.00071525
0.03500000, 0.03500000, -0.07000000, 0.00159498
0.02625000, 0.04375000, -0.07000000, 0.00290942
0.01750000, 0.05250000, -0.07000000, 0.00475284
0.00875000, 0.06125000, -0.07000000, 0.00737394
0.00000000, 0.07000000, -0.07000000, 0.01205328
-0.00875000, 0.07000000, -0.06125000, 0.01616417
-0.01750000, 0.07000000, -0.05250000, 0.01818257
-0.02625000, 0.07000000, -0.04375000, 0.01920757
-0.03500000, 0.07000000, -0.03500000, 0.01943148
-0.04375000, 0.07000000, -0.02625000, 0.01895754
-0.05250000, 0.07000000, -0.01750000, 0.01764638
-0.06125000, 0.07000000, -0.00875000, 0.01524846
-0.07000000, 0.07000000, 0.00000000, 0.01031939
-0.07000000, 0.06125000, 0.00875000, 0.00532840
-0.07000000, 0.05250000, 0.01750000, 0.00273774
-0.07000000, 0.04375000, 0.02625000, 0.00107339
-0.07000000, 0.03500000, 0.03500000, 0.00004286
-0.07000000, 0.02625000, 0.04375000, -0.00049603
-0.07000000, 0.01750000, 0.05250000, -0.00064312
-0.07000000, 0.00875000, 0.06125000, -0.00044746
-0.07000000, 0.00000000, 0.07000000, 0.00000000
-0.06125000, -0.00875000, 0.07000000, 0.00044746
-0.05250000, -0.01750000, 0.07000000, 0.00064312
-0.04375000, -0.02625000, 0.07000000, 0.00049603
-0.03500000, -0.03500000, 0.07000000, -0.00004286
-0.02625000, -0.04375000, 0.07000000, -0.00107339
-0.01750000, -0.05250000, 0.07000000, -0.00273774
-0.00875000, -0.06125000, 0.07000000, -0.00532840
0.00000000, -0.07000000, 0.07000000, -0.01031939
0.00875000, -0.07000000, 0.06125000, -0.01524846
0.01750000, -0.07000000, 0.05250000, -0.01764638
0.02625000, -0.07000000, 0.04375000, -0.01895754
0.03500000, -0.07000000, 0.03500000, -0.01943148
0.04375000, -0.07000000, 0.02625000, -0.01920757
0.05250000, -0.07000000, 0.01750000, -0.01818257
0.06125000, -0.07000000, 0.00875000, -0.01616417
0.07000000, -0.07000000, 0.00000000, -0.01205328
0.07000000, -0.06125000, -0.00875000, -0.00737394
0.07000000, -0.05250000, -0.01750000, -0.00475284
0.07000000, -0.04375000, -0.02625000, -0.00290942
0.07000000, -0.03500000, -0.03500000, -0.00159498
0.07000000, -0.02625000, -0.04375000, -0.00071525
0.07000000, -0.01750000, -0.05250000, -0.00018435
0.07000000, -0.00875000, -0.06125000, 0.00003364
0.08000000, 0.00000000, -0.08000000, -0.00000000
0.07000000, 0.01000000, -0.08000000, -0.00002929
0.06000000, 0.02000000, -0.08000000, 0.00021511
0.05000000, 0.03000000, -0.08000000, 0.00075145
0.04000000, 0.04000000, -0.08000000, 0.00163366
0.03000000, 0.05000000, -0.08000000, 0.00289503
0.02000000, 0.06000000, -0.08000000, 0.00464255
0.01000000, 0.07000000, -0.08000000, 0.00708115
0.00000000, 0.08000000, -0.08000000, 0.01135093
-0.01000000, 0.08000000, -0.07000000, 0.01502188
-0.02000000, 0.08000000, -0.06000000, 0.01688124
-0.03000000, 0.08000000, -0.05000000, 0.01778596
-0.04000000, 0.08000000, -0.04000000, 0.01799995
-0.05000000, 0.08000000, -0.03000000, 0.01739002
-0.06000000, 0.08000000, -0.02000000, 0.01605765
-0.07000000, 0.08000000, -0.01000000, 0.01368117
-0.08000000, 0.08000000, 0.00000000, 0.00906103
-0.08000000, 0.07000000, 0.01000000, 0.00460096
-0.08000000, 0.06000000, 0.02000000, 0.00228005
-0.08000000, 0.05000000, 0.03000000, 0.00078088
-0.08000000, 0.04000000, 0.04000000, -0.00014105
-0.08000000, 0.03000000, 0.05000000, -0.00062684
-0.08000000, 0.02000000, 0.06000000, -0.00071844
-0.08000000, 0.01000000, 0.07000000, -0.00048718
-0.08000000, 0.00000000, 0.08000000, 0.00000000
-0.07000000, -0.01000000, 0.08000000, 0.00048718
-0.06000000, -0.02000000, 0.08000000, 0.00071844
-0.05000000, -0.03000000, 0.08000000, 0.00062684
-0.04000000, -0.04000000, 0.08000000, 0.00014105
-0.03000000, -0.05000000, 0.08000000, -0.00078088
-0.02000000, -0.06000000, 0.08000000, -0.00228005
-0.01000000, -0.07000000, 0.08000000, -0.00460096
0.00000000, -0.08000000, 0.08000000, -0.00906103
0.01000000, -0.08000000, 0.07000000, -0.01368117
0.02000000, -0.08000000, 0.06000000, -0.01605765
0.03000000, -0.08000000, 0.05000000, -0.01739002
0.04000000, -0.08000000, 0.04000000, -0.01799995
0.05000000, -0.08000000, 0.03000000, -0.01778596
0.06000000, -0.08000000, 0.02000000, -0.01688124
0.07000000, -0.08000000, 0.01000000, -0.01502188
0.08000000, -0.08000000, 0.00000000, -0.01135093
0.08000000, -0.07000000, -0.01000000, -0.00708115
0.08000000, -0.06000000, -0.02000000, -0.00464255
0.08000000, -0.05000000, -0.03000000, -0.00289503
0.08000000, -0.04000000, -0.04000000, -0.00163366
0.08000000, -0.03000000, -0.05000000, -0.00075145
0.08000000, -0.02000000, -0.06000000, -0.00021511
0.08000000, -0.01000000, -0.07000000, 0.00002929
0.09000000, 0.00000000, -0.09000000, -0.00000000
0.07875000, 0.01125000, -0.09000000, -0.00001022
0.06750000, 0.02250000, -0.09000000, 0.00024263
0.05625000, 0.03375000, -0.09000000, 0.00077253
0.04500000, 0.04500000, -0.09000000, 0.00162510
0.03375000, 0.05625000, -0.09000000, 0.00284059
0.02250000, 0.06750000, -0.09000000, 0.00450531
0.01125000, 0.07875000, -0.09000000, 0.00682090
0.00000000, 0.09000000, -0.09000000, 0.01085321
-0.01125000, 0.09000000, -0.07875000, 0.01420144
-0.02250000, 0.09000000, -0.06750000, 0.01585180
-0.03375000, 0.09000000, -0.05625000, 0.01661049
-0.04500000, 0.09000000, -0.04500000, 0.01672798
-0.05625000, 0.09000000, -0.03375000, 0.01608642
-0.06750000, 0.09000000, -0.02250000, 0.01477040
-0.07875000, 0.09000000, -0.01125000, 0.01247030
-0.09000000, 0.09000000, 0.00000000, 0.00805306
-0.09000000, 0.07875000, 0.01125000, 0.00391526
-0.09000000, 0.06750000, 0.02250000, 0.00179761
-0.09000000, 0.05625000, 0.03375000, 0.00045950
-0.09000000, 0.04500000, 0.04500000, -0.00035237
-0.09000000, 0.03375000, 0.05625000, -0.00074522
-0.09000000, 0.02250000, 0.06750000, -0.00077889
-0.09000000, 0.01125000, 0.07875000, -0.00051178
-0.09000000, 0.00000000, 0.09000000, -0.00000000
-0.07875000, -0.01125000, 0.09000000, 0.00051178
-0.06750000, -0.02250000, 0.09000000, 0.00077889
-0.05625000, -0.03375000, 0.09000000, 0.00074522
-0.04500000, -0.04500000, 0.09000000, 0.00035237
-0.03375000, -0.05625000, 0.09000000, -0.00045950
-0.02250000, -0.06750000, 0.09000000, -0.00179761
-0.01125000, -0.07875000, 0.09000000, -0.00391526
0.00000000, -0.09000000, 0.09000000, -0.00805306
0.01125000, -0.09000000, 0.07875000, -0.01247030
0.02250000, -0.09000000, 0.06750000, -0.01477040
0.03375000, -0.09000000, 0.05625000, -0.01608642
0.04500000, -0.09000000, 0.04500000, -0.01672798
0.05625000, -0.09000000, 0.03375000, -0.01661049
0.06750000, -0.09000000, 0.02250000, -0.01585180
0.07875000, -0.09000000, 0.01125000, -0.01420144
0.09000000, -0.09000000, 0.00000000, -0.01085321
0.09000000, -0.07875000, -0.01125000, -0.00682090
0.09000000, -0.06750000, -0.02250000, -0.00450531
0.09000000, -0.05625000, -0.03375000, -0.00284059
0.09000000, -0.04500000, -0.04500000, -0.00162510
0.09000000, -0.03375000, -0.05625000, -0.00077253
0.09000000, -0.02250000, -0.06750000, -0.00024263
0.09000000, -0.01125000, -0.07875000, 0.00001022
0.10000000, 0.00000000, -0.10000000, -0.00000000
0.08750000, 0.01250000, -0.10000000, 0.00001966
0.07500000, 0.02500000, -0.10000000, 0.00026849
0.06250000, 0.03750000, -0.10000000, 0.00078373
0.05000000, 0.05000000, -0.10000000, 0.00159036
0.03750000, 0.06250000, -0.10000000, 0.00276206
0.02500000, 0.07500000, -0.10000000, 0.00435677
0.01250000, 0.08750000, -0.10000000, 0.00658145
0.00000000, 0.10000000, -0.10000000, 0.01046544
-0.01250000, 0.10000000, -0.08750000, 0.01357257
-0.02500000, 0.10000000, -0.07500000, 0.01500707
-0.03750000, 0.10000000, -0.06250000, 0.01561921
-0.05000000, 0.10000000, -0.05000000, 0.01559550
-0.06250000, 0.10000000, -0.03750000, 0.01498060
-0.07500000, 0.10000000, -0.02500000, 0.01369236
-0.08750000, 0.10000000, -0.01250000, 0.01148521
-0.10000000, 0.10000000, 0.00000000, 0.00719817
-0.10000000, 0.08750000, 0.01250000, 0.00327519
-0.10000000, 0.07500000, 0.02500000, 0.00132505
-0.10000000, 0.06250000, 0.03750000, 0.00013416
-0.10000000, 0.05000000, 0.05000000, -0.00056483
-0.10000000, 0.03750000, 0.06250000, -0.00085013
-0.10000000, 0.02500000, 0.07500000, -0.00082509
-0.10000000, 0.01250000, 0.08750000, -0.00051926
-0.10000000, 0.00000000, 0.10000000, -0.00000000
-0.08750000, -0.01250000, 0.10000000, 0.00051926
-0.07500000, -0.02500000, 0.10000000, 0.00082509
-0.06250000, -0.03750000, 0.10000000, 0.00085013
-0.05000000, -0.05000000, 0.10000000, 0.00056483
-0.03750000, -0.06250000, 0.10000000, -0.00013416
-0.02500000, -0.07500000, 0.10000000, -0.00132505
-0.01250000, -0.08750000, 0.10000000, -0.00327519
0.00000000, -0.10000000, 0.10000000, -0.00719817
0.01250000, -0.10000000, 0.08750000, -0.01148521
0.02500000, -0.10000000, 0.07500000, -0.01369236
0.03750000, -0.10000000, 0.06250000, -0.01498060
0.05000000, -0.10000000, 0.05000000, -0.01559550
0.06250000, -0.10000000, 0.03750000, -0.01561921
0.07500000, -0.10000000, 0.02500000, -0.01500707
0.08750000, -0.10000000, 0.01250000, -0.01357257
0.10000000, -0.10000000, 0.00000000, -0.01046544
0.10000000, -0.08750000, -0.01250000, -0.00658145
0.10000000, -0.07500000, -0.02500000, -0.00435677
0.10000000, -0.06250000, -0.03750000, -0.00276206
0.10000000, -0.05000000, -0.05000000, -0.00159036
0.10000000, -0.03750000, -0.06250000, -0.00078373
0.10000000, -0.02500000, -0.07500000, -0.00026849
0.10000000, -0.01250000, -0.08750000, -0.00001966
0.15000000, 0.00000000, -0.15000000, -0.00000000
0.13125000, 0.01875000, -0.15000000, -0.00002552
0.11250000, 0.03750000, -0.15000000, 0.00017418
0.09375000, 0.05625000, -0.15000000, 0.00060687
0.07500000, 0.07500000, -0.15000000, 0.00131493
0.05625000, 0.09375000, -0.15000000, 0.00231987
0.03750000, 0.11250000, -0.15000000, 0.00370378
0.01875000, 0.13125000, -0.15000000, 0.00561451
0.00000000, 0.15000000, -0.15000000, 0.00882635
-0.01875000, 0.15000000, -0.13125000, 0.01098345
-0.03750000, 0.15000000, -0.11250000, 0.01186227
-0.05625000, 0.15000000, -0.09375000, 0.01209448
-0.07500000, 0.15000000, -0.07500000, 0.01184825
-0.09375000, 0.15000000, -0.05625000, 0.01101671
-0.11250000, 0.15000000, -0.03750000, 0.00967467
-0.13125000, 0.15000000, -0.01875000, 0.00759312
-0.15000000, 0.15000000, 0.00000000, 0.00387108
-0.15000000, 0.13125000, 0.01875000, 0.00103957
-0.15000000, 0.11250000, 0.03750000, -0.00028936
-0.15000000, 0.09375000, 0.05625000, -0.00102708
-0.15000000, 0.07500000, 0.07500000, -0.00135214
-0.15000000, 0.05625000, 0.09375000, -0.00137355
-0.15000000, 0.03750000, 0.11250000, -0.00111757
-0.15000000, 0.01875000, 0.13125000, -0.00064999
-0.15000000, 0.00000000, 0.15000000, 0.00000000
-0.13125000, -0.01875000, 0.15000000, 0.00064999
-0.11250000, -0.03750000, 0.15000000, 0.00111757
-0.09375000, -0.05625000, 0.15000000, 0.00137355
-0.07500000, -0.07500000, 0.15000000, 0.00135214
-0.05625000, -0.09375000, 0.15000000, 0.00102708
-0.03750000, -0.11250000, 0.15000000, 0.00028936
-0.01875000, -0.13125000, 0.15000000, -0.00103957
0.00000000, -0.15000000, 0.15000000, -0.00387108
0.01875000, -0.15000000, 0.13125000, -0.00759312
0.03750000, -0.15000000, 0.11250000, -0.00967467
0.05625000, -0.15000000, 0.09375000, -0.01101671
0.07500000, -0.15000000, 0.07500000, -0.01184825
0.09375000, -0.15000000, 0.05625000, -0.01209448
0.11250000, -0.15000000, 0.03750000, -0.01186227
0.13125000, -0.15000000, 0.01875000, -0.01098345
0.15000000, -0.15000000, 0.00000000, -0.00882635
0.15000000, -0.13125000, -0.01875000, -0.00561451
0.15000000, -0.11250000, -0.03750000, -0.00370378
0.15000000, -0.09375000, -0.05625000, -0.00231987
0.15000000, -0.07500000, -0.07500000, -0.00131493
0.15000000, -0.05625000, -0.09375000, -0.00060687
0.15000000, -0.03750000, -0.11250000, -0.00017418
0.15000000, -0.01875000, -0.13125000, 0.00002552
0.20000000, 0.00000000, -0.20000000, -0.00000000
0.17500000, 0.02500000, -0.20000000, -0.00006224
0.15000000, 0.05000000, -0.20000000, 0.00004895
0.12500000, 0.07500000, -0.20000000, 0.00038316
0.10000000, 0.10000000, -0.20000000, 0.00095396
0.07500000, 0.12500000, -0.20000000, 0.00183833
0.05000000, 0.15000000, -0.20000000, 0.00307268
0.02500000, 0.17500000, -0.20000000, 0.00482597
0.00000000, 0.20000000, -0.20000000, 0.00780000
-0.02500000, 0.20000000, -0.17500000, 0.00940714
-0.05000000, 0.20000000, -0.15000000, 0.00986491
-0.07500000, 0.20000000, -0.12500000, 0.00981266
-0.10000000, 0.20000000, -0.10000000, 0.00934151
-0.12500000, 0.20000000, -0.07500000, 0.00856507
-0.15000000, 0.20000000, -0.05000000, 0.00733414
-0.17500000, 0.20000000, -0.02500000, 0.00550903
-0.20000000, 0.20000000, 0.00000000, 0.00223647
-0.20000000, 0.17500000, 0.02500000, -0.00014608
-0.20000000, 0.15000000, 0.05000000, -0.00116149
-0.20000000, 0.12500000, 0.07500000, -0.00162229
-0.20000000, 0.10000000, 0.10000000, -0.00173690
-0.20000000, 0.07500000, 0.12500000, -0.00155903
-0.20000000, 0.05000000, 0.15000000, -0.00118993
-0.20000000, 0.02500000, 0.17500000, -0.00064905
-0.20000000, 0.00000000, 0.20000000, -0.00000000
-0.17500000, -0.02500000, 0.20000000, 0.00064905
-0.15000000, -0.05000000, 0.20000000, 0.00118993
-0.12500000, -0.07500000, 0.20000000, 0.00155903
-0.10000000, -0.10000000, 0.20000000, 0.00173690
-0.07500000, -0.12500000, 0.20000000, 0.00162229
-0.05000000, -0.15000000, 0.20000000, 0.00116149
-0.02500000, -0.17500000, 0.20000000, 0.00014608
0.00000000, -0.20000000, 0.20000000, -0.00223647
0.02500000, -0.20000000, 0.17500000, -0.00550903
0.05000000, -0.20000000, 0.15000000, -0.00733414
0.07500000, -0.20000000, 0.12500000, -0.00856507
0.10000000, -0.20000000, 0.10000000, -0.00934151
0.12500000, -0.20000000, 0.07500000, -0.00981266
0.15000000, -0.20000000, 0.05000000, -0.00986491
0.17500000, -0.20000000, 0.02500000, -0.00940714
0.20000000, -0.20000000, 0.00000000, -0.00780000
0.20000000, -0.17500000, -0.02500000, -0.00482597
0.20000000, -0.15000000, -0.05000000, -0.00307268
0.20000000, -0.12500000, -0.07500000, -0.00183833
0.20000000, -0.10000000, -0.10000000, -0.00095396
0.20000000, -0.07500000, -0.12500000, -0.00038316
0.20000000, -0.05000000, -0.15000000, -0.00004895
0.20000000, -0.02500000, -0.17500000, 0.00006224
0.25000000, 0.00000000, -0.25000000, -0.00000000
0.21875000, 0.03125000, -0.25000000, -0.00013263
0.18750000, 0.06250000, -0.25000000, -0.00008611
0.15625000, 0.09375000, -0.25000000, 0.00016435
0.12500000, 0.12500000, -0.25000000, 0.00065643
0.09375000, 0.15625000, -0.25000000, 0.00141815
0.06250000, 0.18750000, -0.25000000, 0.00251262
0.03125000, 0.21875000, -0.25000000, 0.00405627
0.00000000, 0.25000000, -0.25000000, 0.00659319
-0.03125000, 0.25000000, -0.21875000, 0.00780078
-0.06250000, 0.25000000, -0.18750000, 0.00812578
-0.09375000, 0.25000000, -0.15625000, 0.00802742
-0.12500000, 0.25000000, -0.12500000, 0.00760532
-0.15625000, 0.25000000, -0.09375000, 0.00680718
-0.18750000, 0.25000000, -0.06250000, 0.00566026
-0.21875000, 0.25000000, -0.03125000, 0.00402998
-0.25000000, 0.25000000, 0.00000000, 0.00130255
-0.25000000, 0.21875000, 0.03125000, -0.00055770
-0.25000000, 0.18750000, 0.06250000, -0.00135770
-0.25000000, 0.15625000, 0.09375000, -0.00170684
-0.25000000, 0.12500000, 0.12500000, -0.00173703
-0.25000000, 0.09375000, 0.15625000, -0.00153907
-0.25000000, 0.06250000, 0.18750000, -0.00114670
-0.25000000, 0.03125000, 0.21875000, -0.00062007
-0.25000000, 0.00000000, 0.25000000, 0.00000000
-0.21875000, -0.03125000, 0.25000000, 0.00062007
-0.18750000, -0.06250000, 0.25000000, 0.00114670
-0.15625000, -0.09375000, 0.25000000, 0.00153907
-0.12500000, -0.12500000, 0.25000000, 0.00173703
-0.09375000, -0.15625000, 0.25000000, 0.00170684
-0.06250000, -0.18750000, 0.25000000, 0.00135770
-0.03125000, -0.21875000, 0.25000000, 0.00055770
0.00000000, -0.25000000, 0.25000000, -0.00130255
0.03125000, -0.25000000, 0.21875000, -0.00402998
0.06250000, -0.25000000, 0.18750000, -0.00566026
0.09375000, -0.25000000, 0.15625000, -0.00680718
0.12500000, -0.25000000, 0.12500000, -0.00760532
0.15625000, -0.25000000, 0.09375000, -0.00802742
0.18750000, -0.25000000, 0.06250000, -0.00812578
0.21875000, -0.25000000, 0.03125000, -0.00780078
0.25000000, -0.25000000, 0.00000000, -0.00659319
0.25000000, -0.21875000, -0.03125000, -0.00405627
0.25000000, -0.18750000, -0.06250000, -0.00251262
0.25000000, -0.15625000, -0.09375000, -0.00141815
0.25000000, -0.12500000, -0.12500000, -0.00065643
0.25000000, -0.09375000, -0.15625000, -0.00016435
0.25000000, -0.06250000, -0.18750000, 0.00008611
0.25000000, -0.03125000, -0.21875000, 0.00013263
0.30000000, 0.00000000, -0.30000000, -0.00000000
0.26250000, 0.03750000, -0.30000000, -0.00014767
0.22500000, 0.07500000, -0.30000000, -0.00014525
0.18750000, 0.11250000, -0.30000000, 0.00003818
0.15000000, 0.15000000, -0.30000000, 0.00043346
0.11250000, 0.18750000, -0.30000000, 0.00107510
0.07500000, 0.22500000, -0.30000000, 0.00200033
0.03750000, 0.26250000, -0.30000000, 0.00330761
0.00000000, 0.30000000, -0.30000000, 0.00541298
-0.03750000, 0.30000000, -0.26250000, 0.00635114
-0.07500000, 0.30000000, -0.22500000, 0.00660376
-0.11250000, 0.30000000, -0.18750000, 0.00650731
-0.15000000, 0.30000000, -0.15000000, 0.00613644
-0.18750000, 0.30000000, -0.11250000, 0.00546000
-0.22500000, 0.30000000, -0.07500000, 0.00449337
-0.26250000, 0.30000000, -0.03750000, 0.00314544
-0.30000000, 0.30000000, 0.00000000, 0.00098868
-0.30000000, 0.26250000, 0.03750000, -0.00055836
-0.30000000, 0.22500000, 0.07500000, -0.00123498
-0.30000000, 0.18750000, 0.11250000, -0.00151406
-0.30000000, 0.15000000, 0.15000000, -0.00152535
-0.30000000, 0.11250000, 0.18750000, -0.00132805
-0.30000000, 0.07500000, 0.22500000, -0.00097572
-0.30000000, 0.03750000, 0.26250000, -0.00051686
-0.30000000, 0.00000000, 0.30000000, 0.00000000
-0.26250000, -0.03750000, 0.30000000, 0.00051686
-0.22500000, -0.07500000, 0.30000000, 0.00097572
-0.18750000, -0.11250000, 0.30000000, 0.00132805
-0.15000000, -0.15000000, 0.30000000, 0.00152535
-0.11250000, -0.18750000, 0.30000000, 0.00151406
-0.07500000, -0.22500000, 0.30000000, 0.00123498
-0.03750000, -0.26250000, 0.30000000, 0.00055836
0.00000000, -0.30000000, 0.30000000, -0.00098868
0.03750000, -0.30000000, 0.26250000, -0.00314544
0.07500000, -0.30000000, 0.22500000, -0.00449337
0.11250000, -0.30000000, 0.18750000, -0.00546000
0.15000000, -0.30000000, 0.15000000, -0.00613644
0.18750000, -0.30000000, 0.11250000, -0.00650731
0.22500000, -0.30000000, 0.07500000, -0.00660376
0.26250000, -0.30000000, 0.03750000, -0.00635114
0.30000000, -0.30000000, 0.00000000, -0.00541298
0.30000000, -0.26250000, -0.03750000, -0.00330761
0.30000000, -0.22500000, -0.07500000, -0.00200033
0.30000000, -0.18750000, -0.11250000, -0.00107510
0.30000000, -0.15000000, -0.15000000, -0.00043346
0.30000000, -0.11250000, -0.18750000, -0.00003818
0.30000000, -0.07500000, -0.22500000, 0.00014525
0.30000000, -0.03750000, -0.26250000, 0.00014767
0.35000000, 0.00000000, -0.35000000, 0.00000000
0.30625000, 0.04375000, -0.35000000, -0.00011602
0.26250000, 0.08750000, -0.35000000, -0.00013493
0.21875000, 0.13125000, -0.35000000, -0.00000348
0.17500000, 0.17500000, -0.35000000, 0.00029351
0.13125000, 0.21875000, -0.35000000, 0.00080893
0.08750000, 0.26250000, -0.35000000, 0.00154792
0.04375000, 0.30625000, -0.35000000, 0.00258166
0.00000000, 0.35000000, -0.35000000, 0.00419327
-0.04375000, 0.35000000, -0.30625000, 0.00497299
-0.08750000, 0.35000000, -0.26250000, 0.00520908
-0.13125000, 0.35000000, -0.21875000, 0.00516237
-0.17500000, 0.35000000, -0.17500000, 0.00484953
-0.21875000, 0.35000000, -0.13125000, 0.00435260
-0.26250000, 0.35000000, -0.08750000, 0.00358438
-0.30625000, 0.35000000, -0.04375000, 0.00252792
-0.35000000, 0.35000000, 0.00000000, 0.00088159
-0.35000000, 0.30625000, 0.04375000, -0.00039300
-0.35000000, 0.26250000, 0.08750000, -0.00096368
-0.35000000, 0.21875000, 0.13125000, -0.00119354
-0.35000000, 0.17500000, 0.17500000, -0.00120090
-0.35000000, 0.13125000, 0.21875000, -0.00102044
-0.35000000, 0.08750000, 0.26250000, -0.00073518
-0.35000000, 0.04375000, 0.30625000, -0.00037222
-0.35000000, 0.00000000, 0.35000000, -0.00000000
-0.30625000, -0.04375000, 0.35000000, 0.00037222
-0.26250000, -0.08750000, 0.35000000, 0.00073518
-0.21875000, -0.13125000, 0.35000000, 0.00102044
-0.17500000, -0.17500000, 0.35000000, 0.00120090
-0.13125000, -0.21875000, 0.35000000, 0.00119354
-0.08750000, -0.26250000, 0.35000000, 0.00096368
-0.04375000, -0.30625000, 0.35000000, 0.00039300
0.00000000, -0.35000000, 0.35000000, -0.00088159
0.04375000, -0.35000000, 0.30625000, -0.00252792
0.08750000, -0.35000000, 0.26250000, -0.00358438
0.13125000, -0.35000000, 0.21875000, -0.00435260
0.17500000, -0.35000000, 0.17500000, -0.00484953
0.21875000, -0.35000000, 0.13125000, -0.00516237
0.26250000, -0.35000000, 0.08750000, -0.00520908
0.30625000, -0.35000000, 0.04375000, -0.00497299
0.35000000, -0.35000000, 0.00000000, -0.00419327
0.35000000, -0.30625000, -0.04375000, -0.00258166
0.35000000, -0.26250000, -0.08750000, -0.00154792
0.35000000, -0.21875000, -0.13125000, -0.00080893
0.35000000, -0.17500000, -0.17500000, -0.00029351
0.35000000, -0.13125000, -0.21875000, 0.00000348
0.35000000, -0.08750000, -0.26250000, 0.00013493
0.35000000, -0.04375000, -0.30625000, 0.00011602
0.40000000, 0.00000000, -0.40000000, -0.00000000
0.35000000, 0.05000000, -0.40000000, -0.00009670
0.30000000, 0.10000000, -0.40000000, -0.00011373
0.25000000, 0.15000000, -0.40000000, -0.00001631
0.20000000, 0.20000000, -0.40000000, 0.00021965
0.15000000, 0.25000000, -0.40000000, 0.00061083
0.10000000, 0.30000000, -0.40000000, 0.00116837
0.05000000, 0.35000000, -0.40000000, 0.00190669
0.00000000, 0.40000000, -0.40000000, 0.00294068
-0.05000000, 0.40000000, -0.35000000, 0.00357983
-0.10000000, 0.40000000, -0.30000000, 0.00388308
-0.15000000, 0.40000000, -0.25000000, 0.00395007
-0.20000000, 0.40000000, -0.20000000, 0.00378186
-0.25000000, 0.40000000, -0.15000000, 0.00337306
-0.30000000, 0.40000000, -0.10000000, 0.00273924
-0.35000000, 0.40000000, -0.05000000, 0.00188763
-0.40000000, 0.40000000, 0.00000000, 0.00070587
-0.40000000, 0.35000000, 0.05000000, -0.00018444
-0.40000000, 0.30000000, 0.10000000, -0.00062770
-0.40000000, 0.25000000, 0.15000000, -0.00082812
-0.40000000, 0.20000000, 0.20000000, -0.00084370
-0.40000000, 0.15000000, 0.25000000, -0.00072718
-0.40000000, 0.10000000, 0.30000000, -0.00051655
-0.40000000, 0.05000000, 0.35000000, -0.00025822
-0.40000000, 0.00000000, 0.40000000, -0.00000000
-0.35000000, -0.05000000, 0.40000000, 0.00025822
-0.30000000, -0.10000000, 0.40000000, 0.00051655
-0.25000000, -0.15000000, 0.40000000, 0.00072718
-0.20000000, -0.20000000, 0.40000000, 0.00084370
-0.15000000, -0.25000000, 0.40000000, 0.00082812
-0.10000000, -0.30000000, 0.40000000, 0.00062770
-0.05000000, -0.35000000, 0.40000000, 0.00018444
0.00000000, -0.40000000, 0.40000000, -0.00070587
0.05000000, -0.40000000, 0.35000000, -0.00188763
0.10000000, -0.40000000, 0.30000000, -0.00273924
0.15000000, -0.40000000, 0.25000000, -0.00337306
0.20000000, -0.40000000, 0.20000000, -0.00378186
0.25000000, -0.40000000, 0.15000000, -0.00395007
0.30000000, -0.40000000, 0.10000000, -0.00388308
0.35000000, -0.40000000, 0.05000000, -0.00357983
0.40000000, -0.40000000, 0.00000000, -0.00294068
0.40000000, -0.35000000, -0.05000000, -0.00190669
0.40000000, -0.30000000, -0.10000000, -0.00116837
0.40000000, -0.25000000, -0.15000000, -0.00061083
0.40000000, -0.20000000, -0.20000000, -0.00021965
0.40000000, -0.15000000, -0.25000000, 0.00001631
0.40000000, -0.10000000, -0.30000000, 0.00011373
0.40000000, -0.05000000, -0.35000000, 0.00009670
0.45000000, 0.00000000, -0.45000000, -0.00000000
0.39375000, 0.05625000, -0.45000000, -0.00007655
0.33750000, 0.11250000, -0.45000000, -0.00008686
0.28125000, 0.16875000, -0.45000000, -0.00001403
0.22500000, 0.22500000, -0.45000000, 0.00016788
0.16875000, 0.28125000, -0.45000000, 0.00044931
0.11250000, 0.33750000, -0.45000000, 0.00083976
0.05625000, 0.39375000, -0.45000000, 0.00131888
0.00000000, 0.45000000, -0.45000000, 0.00188525
-0.05625000, 0.45000000, -0.39375000, 0.00238882
-0.11250000, 0.45000000, -0.33750000, 0.00273801
-0.16875000, 0.45000000, -0.28125000, 0.00289409
-0.22500000, 0.45000000, -0.22500000, 0.00284398
-0.28125000, 0.45000000, -0.16875000, 0.00251419
-0.33750000, 0.45000000, -0.11250000, 0.00199930
-0.39375000, 0.45000000, -0.05625000, 0.00132584
-0.45000000, 0.45000000, 0.00000000, 0.00052958
-0.45000000, 0.39375000, 0.05625000, -0.00003489
-0.45000000, 0.33750000, 0.11250000, -0.00035414
-0.45000000, 0.28125000, 0.16875000, -0.00051395
-0.45000000, 0.22500000, 0.22500000, -0.00053713
-0.45000000, 0.16875000, 0.28125000, -0.00047392
-0.45000000, 0.11250000, 0.33750000, -0.00033346
-0.45000000, 0.05625000, 0.39375000, -0.00016609
-0.45000000, 0.00000000, 0.45000000, 0.00000000
-0.39375000, -0.05625000, 0.45000000, 0.00016609
-0.33750000, -0.11250000, 0.45000000, 0.00033346
-0.28125000, -0.16875000, 0.45000000, 0.00047392
-0.22500000, -0.22500000, 0.45000000, 0.00053713
-0.16875000, -0.28125000, 0.45000000, 0.00051395
-0.11250000, -0.33750000, 0.45000000, 0.00035414
-0.05625000, -0.39375000, 0.45000000, 0.00003489
0.00000000, -0.45000000, 0.45000000, -0.00052958
0.05625000, -0.45000000, 0.39375000, -0.00132584
0.11250000, -0.45000000, 0.33750000, -0.00199930
0.16875000, -0.45000000, 0.28125000, -0.00251419
0.22500000, -0.45000000, 0.22500000, -0.00284398
0.28125000, -0.45000000, 0.16875000, -0.00289409
0.33750000, -0.45000000, 0.11250000, -0.00273801
0.39375000, -0.45000000, 0.05625000, -0.00238882
0.45000000, -0.45000000, 0.00000000, -0.00188525
0.45000000, -0.39375000, -0.05625000, -0.00131888
0.45000000, -0.33750000, -0.11250000, -0.00083976
0.45000000, -0.28125000, -0.16875000, -0.00044931
0.45000000, -0.22500000, -0.22500000, -0.00016788
0.45000000, -0.16875000, -0.28125000, 0.00001403
0.45000000, -0.11250000, -0.33750000, 0.00008686
0.45000000, -0.05625000, -0.39375000, 0.00007655
0.50000000, 0.00000000, -0.50000000, 0.00000000
0.43750000, 0.06250000, -0.50000000, -0.00004379
0.37500000, 0.12500000, -0.50000000, -0.00005270
0.31250000, 0.18750000, -0.50000000, -0.00000290
0.25000000, 0.25000000, -0.50000000, 0.00011565
0.18750000, 0.31250000, -0.50000000, 0.00030565
0.12500000, 0.37500000, -0.50000000, 0.00055392
0.06250000, 0.43750000, -0.50000000, 0.00083999
0.00000000, 0.50000000, -0.50000000, 0.00112829
-0.06250000, 0.50000000, -0.43750000, 0.00151668
-0.12500000, 0.50000000, -0.37500000, 0.00184072
-0.18750000, 0.50000000, -0.31250000, 0.00202134
-0.25000000, 0.50000000, -0.25000000, 0.00200735
-0.31250000, 0.50000000, -0.18750000, 0.00179087
-0.37500000, 0.50000000, -0.12500000, 0.00140414
-0.43750000, 0.50000000, -0.06250000, 0.00091427
-0.50000000, 0.50000000, 0.00000000, 0.00039614
-0.50000000, 0.43750000, 0.06250000, 0.00002340
-0.50000000, 0.37500000, 0.12500000, -0.00019261
-0.50000000, 0.31250000, 0.18750000, -0.00029694
-0.50000000, 0.25000000, 0.25000000, -0.00031660
-0.50000000, 0.18750000, 0.31250000, -0.00026980
-0.50000000, 0.12500000, 0.37500000, -0.00018510
-0.50000000, 0.06250000, 0.43750000, -0.00008463
-0.50000000, 0.00000000, 0.50000000, -0.00000000
-0.43750000, -0.06250000, 0.50000000, 0.00008463
-0.37500000, -0.12500000, 0.50000000, 0.00018510
-0.31250000, -0.18750000, 0.50000000, 0.00026980
-0.25000000, -0.25000000, 0.50000000, 0.00031660
-0.18750000, -0.31250000, 0.50000000, 0.00029694
-0.12500000, -0.37500000, 0.50000000, 0.00019261
-0.06250000, -0.43750000, 0.50000000, -0.00002340
0.00000000, -0.50000000, 0.50000000, -0.00039614
0.06250000, -0.50000000, 0.43750000, -0.00091427
0.12500000, -0.50000000, 0.37500000, -0.00140414
0.18750000, -0.50000000, 0.31250000, -0.00179087
0.25000000, -0.50000000, 0.25000000, -0.00200735
0.31250000, -0.50000000, 0.18750000, -0.00202134
0.37500000, -0.50000000, 0.12500000, -0.00184072
0.43750000, -0.50000000, 0.06250000, -0.00151668
0.50000000, -0.50000000, 0.00000000, -0.00112829
0.50000000, -0.43750000, -0.06250000, -0.00083999
0.50000000, -0.37500000, -0.12500000, -0.00055392
0.50000000, -0.31250000, -0.18750000, -0.00030565
0.50000000, -0.25000000, -0.25000000, -0.00011565
0.50000000, -0.18750000, -0.31250000, 0.00000290
0.50000000, -0.12500000, -0.37500000, 0.00005270
0.50000000, -0.06250000, -0.43750000, 0.00004379
0.55000000, 0.00000000, -0.55000000, 0.00000000
0.48125000, 0.06875000, -0.55000000, -0.00001751
0.41250000, 0.13750000, -0.55000000, -0.00002638
0.34375000, 0.20625000, -0.55000000, 0.00000252
0.27500000, 0.27500000, -0.55000000, 0.00006812
0.20625000, 0.34375000, -0.55000000, 0.00018473
0.13750000, 0.41250000, -0.55000000, 0.00032672
0.06875000, 0.48125000, -0.55000000, 0.00047904
0.00000000, 0.55000000, -0.55000000, 0.00060539
-0.06875000, 0.55000000, -0.48125000, 0.00089088
-0.13750000, 0.55000000, -0.41250000, 0.00115857
-0.20625000, 0.55000000, -0.34375000, 0.00133154
-0.27500000, 0.55000000, -0.27500000, 0.00133013
-0.34375000, 0.55000000, -0.20625000, 0.00120055
-0.41250000, 0.55000000, -0.13750000, 0.00092088
-0.48125000, 0.55000000, -0.06875000, 0.00058425
-0.55000000, 0.55000000, 0.00000000, 0.00025756
-0.55000000, 0.48125000, 0.06875000, 0.00002682
-0.55000000, 0.41250000, 0.13750000, -0.00010394
-0.55000000, 0.34375000, 0.20625000, -0.00016134
-0.55000000, 0.27500000, 0.27500000, -0.00017149
-0.55000000, 0.20625000, 0.34375000, -0.00013298
-0.55000000, 0.13750000, 0.41250000, -0.00008571
-0.55000000, 0.06875000, 0.48125000, -0.00003097
-0.55000000, 0.00000000, 0.55000000, -0.00000000
-0.48125000, -0.06875000, 0.55000000, 0.00003097
-0.41250000, -0.13750000, 0.55000000, 0.00008571
-0.34375000, -0.20625000, 0.55000000, 0.00013298
-0.27500000, -0.27500000, 0.55000000, 0.00017149
-0.20625000, -0.34375000, 0.55000000, 0.00016134
-0.13750000, -0.41250000, 0.55000000, 0.00010394
-0.06875000, -0.48125000, 0.55000000, -0.00002682
0.00000000, -0.55000000, 0.55000000, -0.00025756
0.06875000, -0.55000000, 0.48125000, -0.00058425
0.13750000, -0.55000000, 0.41250000, -0.00092088
0.20625000, -0.55000000, 0.34375000, -0.00120055
0.27500000, -0.55000000, 0.27500000, -0.00133013
0.34375000, -0.55000000, 0.20625000, -0.00133154
0.41250000, -0.55000000, 0.13750000, -0.00115857
0.48125000, -0.55000000, 0.06875000, -0.00089088
0.55000000, -0.55000000, 0.00000000, -0.00060539
0.55000000, -0.48125000, -0.06875000, -0.00047904
0.55000000, -0.41250000, -0.13750000, -0.00032672
0.55000000, -0.34375000, -0.20625000, -0.00018473
0.55000000, -0.27500000, -0.27500000, -0.00006812
0.55000000, -0.20625000, -0.34375000, -0.00000252
0.55000000, -0.13750000, -0.41250000, 0.00002638
0.55000000, -0.06875000, -0.48125000, 0.00001751
0.60000000, 0.00000000, -0.60000000, 0.00000000
0.52500000, 0.07500000, -0.60000000, -0.00001089
0.45000000, 0.15000000, -0.60000000, -0.00001679
0.37500000, 0.22500000, -0.60000000, -0.00000294
0.30000000, 0.30000000, -0.60000000, 0.00003453
0.22500000, 0.37500000, -0.60000000, 0.00009694
0.15000000, 0.45000000, -0.60000000, 0.00017044
0.07500000, 0.52500000, -0.60000000, 0.00023559
0.00000000, 0.60000000, -0.60000000, 0.00025256
-0.07500000, 0.60000000, -0.52500000, 0.00043673
-0.15000000, 0.60000000, -0.45000000, 0.00065199
-0.22500000, 0.60000000, -0.37500000, 0.00081218
-0.30000000, 0.60000000, -0.30000000, 0.00084220
-0.37500000, 0.60000000, -0.22500000, 0.00073945
-0.45000000, 0.60000000, -0.15000000, 0.00053015
-0.52500000, 0.60000000, -0.07500000, 0.00029617
-0.60000000, 0.60000000, 0.00000000, 0.00010895
-0.60000000, 0.52500000, 0.07500000, 0.00001883
-0.60000000, 0.45000000, 0.15000000, -0.00004492
-0.60000000, 0.37500000, 0.22500000, -0.00007711
-0.60000000, 0.30000000, 0.30000000, -0.00008087
-0.60000000, 0.22500000, 0.37500000, -0.00006291
-0.60000000, 0.15000000, 0.45000000, -0.00003782
-0.60000000, 0.07500000, 0.52500000, -0.00001287
-0.60000000, 0.00000000, 0.60000000, -0.00000000
-0.52500000, -0.07500000, 0.60000000, 0.00001287
-0.45000000, -0.15000000, 0.60000000, 0.00003782
-0.37500000, -0.22500000, 0.60000000, 0.00006291
-0.30000000, -0.30000000, 0.60000000, 0.00008087
-0.22500000, -0.37500000, 0.60000000, 0.00007711
-0.15000000, -0.45000000, 0.60000000, 0.00004492
-0.07500000, -0.52500000, 0.60000000, -0.00001883
0.00000000, -0.60000000, 0.60000000, -0.00010895
0.07500000, -0.60000000, 0.52500000, -0.00029617
0.15000000, -0.60000000, 0.45000000, -0.00053015
0.22500000, -0.60000000, 0.37500000, -0.00073945
0.30000000, -0.60000000, 0.30000000, -0.00084220
0.37500000, -0.60000000, 0.22500000, -0.00081218
0.45000000, -0.60000000, 0.15000000, -0.00065199
0.52500000, -0.60000000, 0.07500000, -0.00043673
0.60000000, -0.60000000, 0.00000000, -0.00025256
0.60000000, -0.52500000, -0.07500000, -0.00023559
0.60000000, -0.45000000, -0.15000000, -0.00017044
0.60000000, -0.37500000, -0.22500000, -0.00009694
0.60000000, -0.30000000, -0.30000000, -0.00003453
0.60000000, -0.22500000, -0.37500000, 0.00000294
0.60000000, -0.15000000, -0.45000000, 0.00001679
0.60000000, -0.07500000, -0.52500000, 0.00001089
0.65000000, 0.00000000, -0.65000000, -0.00000000
0.56875000, 0.08125000, -0.65000000, -0.00001269
0.48750000, 0.16250000, -0.65000000, -0.00001500
0.40625000, 0.24375000, -0.65000000, -0.00000956
0.32500000, 0.32500000, -0.65000000, 0.00001463
0.24375000, 0.40625000, -0.65000000, 0.00004296
0.16250000, 0.48750000, -0.65000000, 0.00007734
0.08125000, 0.56875000, -0.65000000, 0.00009609
0.00000000, 0.65000000, -0.65000000, 0.00006222
-0.08125000, 0.65000000, -0.56875000, 0.00015686
-0.16250000, 0.65000000, -0.48750000, 0.00031585
-0.24375000, 0.65000000, -0.40625000, 0.00044998
-0.32500000, 0.65000000, -0.32500000, 0.00050375
-0.40625000, 0.65000000, -0.24375000, 0.00040996
-0.48750000, 0.65000000, -0.16250000, 0.00025640
-0.56875000, 0.65000000, -0.08125000, 0.00009897
-0.65000000, 0.65000000, 0.00000000, 0.00001190
-0.65000000, 0.56875000, 0.08125000, 0.00001332
-0.65000000, 0.48750000, 0.16250000, -0.00000937
-0.65000000, 0.40625000, 0.24375000, -0.00002942
-0.65000000, 0.32500000, 0.32500000, -0.00003149
-0.65000000, 0.24375000, 0.40625000, -0.00003278
-0.65000000, 0.16250000, 0.48750000, -0.00002044
-0.65000000, 0.08125000, 0.56875000, -0.00001182
-0.65000000, 0.00000000, 0.65000000, 0.00000000
-0.56875000, -0.08125000, 0.65000000, 0.00001182
-0.48750000, -0.16250000, 0.65000000, 0.00002044
-0.40625000, -0.24375000, 0.65000000, 0.00003278
-0.32500000, -0.32500000, 0.65000000, 0.00003149
-0.24375000, -0.40625000, 0.65000000, 0.00002942
-0.16250000, -0.48750000, 0.65000000, 0.00000937
-0.08125000, -0.56875000, 0.65000000, -0.00001332
0.00000000, -0.65000000, 0.65000000, -0.00001190
0.08125000, -0.65000000, 0.56875000, -0.00009897
0.16250000, -0.65000000, 0.48750000, -0.00025640
0.24375000, -0.65000000, 0.40625000, -0.00040996
0.32500000, -0.65000000, 0.32500000, -0.00050375
0.40625000, -0.65000000, 0.24375000, -0.00044998
0.48750000, -0.65000000, 0.16250000, -0.00031585
0.56875000, -0.65000000, 0.08125000, -0.00015686
0.65000000, -0.65000000, 0.00000000, -0.00006222
0.65000000, -0.56875000, -0.08125000, -0.00009609
0.65000000, -0.48750000, -0.16250000, -0.00007734
0.65000000, -0.40625000, -0.24375000, -0.00004296
0.65000000, -0.32500000, -0.32500000, -0.00001463
0.65000000, -0.24375000, -0.40625000, 0.00000956
0.65000000, -0.16250000, -0.48750000, 0.00001500
0.65000000, -0.08125000, -0.56875000, 0.00001269
0.70000000, 0.00000000, -0.70000000, -0.00000000
0.61250000, 0.08750000, -0.70000000, -0.00000763
0.52500000, 0.17500000, -0.70000000, -0.00000926
0.43750000, 0.26250000, -0.70000000, -0.00000786
0.35000000, 0.35000000, -0.70000000, 0.00000309
0.26250000, 0.43750000, -0.70000000, 0.00001444
0.17500000, 0.52500000, -0.70000000, 0.00002781
0.08750000, 0.61250000, -0.70000000, 0.00003238
0.00000000, 0.70000000, -0.70000000, 0.00001293
-0.08750000, 0.70000000, -0.61250000, 0.00004919
-0.17500000, 0.70000000, -0.52500000, 0.00013815
-0.26250000, 0.70000000, -0.43750000, 0.00022415
-0.35000000, 0.70000000, -0.35000000, 0.00026212
-0.43750000, 0.70000000, -0.26250000, 0.00020425
-0.52500000, 0.70000000, -0.17500000, 0.00011231
-0.61250000, 0.70000000, -0.08750000, 0.00002929
-0.70000000, 0.70000000, 0.00000000, -0.00000038
-0.70000000, 0.61250000, 0.08750000, 0.00000592
-0.70000000, 0.52500000, 0.17500000, -0.00000233
-0.70000000, 0.43750000, 0.26250000, -0.00001113
-0.70000000, 0.35000000, 0.35000000, -0.00001235
-0.70000000, 0.26250000, 0.43750000, -0.00001456
-0.70000000, 0.17500000, 0.52500000, -0.00000966
-0.70000000, 0.08750000, 0.61250000, -0.00000663
-0.70000000, 0.00000000, 0.70000000, 0.00000000
-0.61250000, -0.08750000, 0.70000000, 0.00000663
-0.52500000, -0.17500000, 0.70000000, 0.00000966
-0.43750000, -0.26250000, 0.70000000, 0.00001456
-0.35000000, -0.35000000, 0.70000000, 0.00001235
-0.26250000, -0.43750000, 0.70000000, 0.00001113
-0.17500000, -0.52500000, 0.70000000, 0.00000233
-0.08750000, -0.61250000, 0.70000000, -0.00000592
0.00000000, -0.70000000, 0.70000000, 0.00000038
0.08750000, -0.70000000, 0.61250000, -0.00002929
0.17500000, -0.70000000, 0.52500000, -0.00011231
0.26250000, -0.70000000, 0.43750000, -0.00020425
0.35000000, -0.70000000, 0.35000000, -0.00026212
0.43750000, -0.70000000, 0.26250000, -0.00022415
0.52500000, -0.70000000, 0.17500000, -0.00013815
0.61250000, -0.70000000, 0.08750000, -0.00004919
0.70000000, -0.70000000, 0.00000000, -0.00001293
0.70000000, -0.61250000, -0.08750000, -0.00003238
0.70000000, -0.52500000, -0.17500000, -0.00002781
0.70000000, -0.43750000, -0.26250000, -0.00001444
0.70000000, -0.35000000, -0.35000000, -0.00000309
0.70000000, -0.26250000, -0.43750000, 0.00000786
0.70000000, -0.17500000, -0.52500000, 0.00000926
0.70000000, -0.08750000, -0.61250000, 0.00000763
0.75000000, 0.00000000, -0.75000000, 0.00000000
0.65625000, 0.09375000, -0.75000000, 0.00000226
0.56250000, 0.18750000, -0.75000000, -0.00000046
0.46875000, 0.28125000, -0.75000000, -0.00000093
0.37500000, 0.37500000, -0.75000000, -0.00000264
0.28125000, 0.46875000, -0.75000000, 0.00000193
0.18750000, 0.56250000, -0.75000000, 0.00000500
0.09375000, 0.65625000, -0.75000000, 0.00000995
0.00000000, 0.75000000, -0.75000000, 0.00002465
-0.09375000, 0.75000000, -0.65625000, 0.00003739
-0.18750000, 0.75000000, -0.56250000, 0.00006462
-0.28125000, 0.75000000, -0.46875000, 0.00009989
-0.37500000, 0.75000000, -0.37500000, 0.00010311
-0.46875000, 0.75000000, -0.28125000, 0.00009247
-0.56250000, 0.75000000, -0.18750000, 0.00005639
-0.65625000, 0.75000000, -0.09375000, 0.00003331
-0.75000000, 0.75000000, 0.00000000, 0.00002349
-0.75000000, 0.65625000, 0.09375000, -0.00000267
-0.75000000, 0.56250000, 0.18750000, -0.00000978
-0.75000000, 0.46875000, 0.28125000, -0.00000858
-0.75000000, 0.37500000, 0.37500000, -0.00000798
-0.75000000, 0.28125000, 0.46875000, -0.00000059
-0.75000000, 0.18750000, 0.56250000, 0.00000062
-0.75000000, 0.09375000, 0.65625000, 0.00000313
-0.75000000, 0.00000000, 0.75000000, -0.00000000
-0.65625000, -0.09375000, 0.75000000, -0.00000313
-0.56250000, -0.18750000, 0.75000000, -0.00000062
-0.46875000, -0.28125000, 0.75000000, 0.00000059
-0.37500000, -0.37500000, 0.75000000, 0.00000798
-0.28125000, -0.46875000, 0.75000000, 0.00000858
-0.18750000, -0.56250000, 0.75000000, 0.00000978
-0.09375000, -0.65625000, 0.75000000, 0.00000267
0.00000000, -0.75000000, 0.75000000, -0.00002349
0.09375000, -0.75000000, 0.65625000, -0.00003331
0.18750000, -0.75000000, 0.56250000, -0.00005639
0.28125000, -0.75000000, 0.46875000, -0.00009247
0.37500000, -0.75000000, 0.37500000, -0.00010311
0.46875000, -0.75000000, 0.28125000, -0.00009989
0.56250000, -0.75000000, 0.18750000, -0.00006462
0.65625000, -0.75000000, 0.09375000, -0.00003739
0.75000000, -0.75000000, 0.00000000, -0.00002465
0.75000000, -0.65625000, -0.09375000, -0.00000995
0.75000000, -0.56250000, -0.18750000, -0.00000500
0.75000000, -0.46875000, -0.28125000, -0.00000193
0.75000000, -0.37500000, -0.37500000, 0.00000264
0.75000000, -0.28125000, -0.46875000, 0.00000093
0.75000000, -0.18750000, -0.56250000, 0.00000046
0.75000000, -0.09375000, -0.65625000, -0.00000226
0.80000000, 0.00000000, -0.80000000, 0.00000000
0.70000000, 0.10000000, -0.80000000, 0.00000428
0.60000000, 0.20000000, -0.80000000, 0.00000238
0.50000000, 0.30000000, -0.80000000, 0.00000154
0.40000000, 0.40000000, -0.80000000, -0.00000254
0.30000000, 0.50000000, -0.80000000, -0.00000110
0.20000000, 0.60000000, -0.80000000, -0.00000110
0.10000000, 0.70000000, -0.80000000, 0.00000210
0.00000000, 0.80000000, -0.80000000, 0.00001557
-0.10000000, 0.80000000, -0.70000000, 0.00002295
-0.20000000, 0.80000000, -0.60000000, 0.00002673
-0.30000000, 0.80000000, -0.50000000, 0.00003720
-0.40000000, 0.80000000, -0.40000000, 0.00003141
-0.50000000, 0.80000000, -0.30000000, 0.00003503
-0.60000000, 0.80000000, -0.20000000, 0.00002494
-0.70000000, 0.80000000, -0.10000000, 0.00002290
-0.80000000, 0.80000000, 0.00000000, 0.00001595
-0.80000000, 0.70000000, 0.10000000, -0.00000442
-0.80000000, 0.60000000, 0.20000000, -0.00000841
-0.80000000, 0.50000000, 0.30000000, -0.00000560
-0.80000000, 0.40000000, 0.40000000, -0.00000426
-0.80000000, 0.30000000, 0.50000000, 0.00000296
-0.80000000, 0.20000000, 0.60000000, 0.00000335
-0.80000000, 0.10000000, 0.70000000, 0.00000479
-0.80000000, 0.00000000, 0.80000000, -0.00000000
-0.70000000, -0.10000000, 0.80000000, -0.00000479
-0.60000000, -0.20000000, 0.80000000, -0.00000335
-0.50000000, -0.30000000, 0.80000000, -0.00000296
-0.40000000, -0.40000000, 0.80000000, 0.00000426
-0.30000000, -0.50000000, 0.80000000, 0.00000560
-0.20000000, -0.60000000, 0.80000000, 0.00000841
-0.10000000, -0.70000000, 0.80000000, 0.00000442
0.00000000, -0.80000000, 0.80000000, -0.00001595
0.10000000, -0.80000000, 0.70000000, -0.00002290
0.20000000, -0.80000000, 0.60000000, -0.00002494
0.30000000, -0.80000000, 0.50000000, -0.00003503
0.40000000, -0.80000000, 0.40000000, -0.00003141
0.50000000, -0.80000000, 0.30000000, -0.00003720
0.60000000, -0.80000000, 0.20000000, -0.00002673
0.70000000, -0.80000000, 0.10000000, -0.00002295
0.80000000, -0.80000000, 0.00000000, -0.00001557
0.80000000, -0.70000000, -0.10000000, -0.00000210
0.80000000, -0.60000000, -0.20000000, 0.00000110
0.80000000, -0.50000000, -0.30000000, 0.00000110
0.80000000, -0.40000000, -0.40000000, 0.00000254
0.80000000, -0.30000000, -0.50000000, -0.00000154
0.80000000, -0.20000000, -0.60000000, -0.00000238
0.80000000, -0.10000000, -0.70000000, -0.00000428
0.85000000, 0.00000000, -0.85000000, -0.00000000
0.74375000, 0.10625000, -0.85000000, -0.00000220
0.63750000, 0.21250000, -0.85000000, -0.00000151
0.53125000, 0.31875000, -0.85000000, -0.00000167
0.42500000, 0.42500000, -0.85000000, 0.00000053
0.31875000, 0.53125000, -0.85000000, 0.00000010
0.21250000, 0.63750000, -0.85000000, 0.00000072
0.10625000, 0.74375000, -0.85000000, -0.00000153
0.00000000, 0.85000000, -0.85000000, -0.00001505
-0.10625000, 0.85000000, -0.74375000, -0.00001255
-0.21250000, 0.85000000, -0.63750000, -0.00000240
-0.31875000, 0.85000000, -0.53125000, 0.00000789
-0.42500000, 0.85000000, -0.42500000, 0.00001894
-0.53125000, 0.85000000, -0.31875000, 0.00000624
-0.63750000, 0.85000000, -0.21250000, -0.00000390
-0.74375000, 0.85000000, -0.10625000, -0.00001350
-0.85000000, 0.85000000, 0.00000000, -0.00001613
-0.85000000, 0.74375000, 0.10625000, 0.00000097
-0.85000000, 0.63750000, 0.21250000, 0.00000321
-0.85000000, 0.53125000, 0.31875000, 0.00000116
-0.85000000, 0.42500000, 0.42500000, 0.00000117
-0.85000000, 0.31875000, 0.53125000, -0.00000218
-0.85000000, 0.21250000, 0.63750000, -0.00000153
-0.85000000, 0.10625000, 0.74375000, -0.00000232
-0.85000000, 0.00000000, 0.85000000, 0.00000000
-0.74375000, -0.10625000, 0.85000000, 0.00000232
-0.63750000, -0.21250000, 0.85000000, 0.00000153
-0.53125000, -0.31875000, 0.85000000, 0.00000218
-0.42500000, -0.42500000, 0.85000000, -0.00000117
-0.31875000, -0.53125000, 0.85000000, -0.00000116
-0.21250000, -0.63750000, 0.85000000, -0.00000321
-0.10625000, -0.74375000, 0.85000000, -0.00000097
0.00000000, -0.85000000, 0.85000000, 0.00001613
0.10625000, -0.85000000, 0.74375000, 0.00001350
0.21250000, -0.85000000, 0.63750000, 0.00000390
0.31875000, -0.85000000, 0.53125000, -0.00000624
0.42500000, -0.85000000, 0.42500000, -0.00001894
0.53125000, -0.85000000, 0.31875000, -0.00000789
0.63750000, -0.85000000, 0.21250000, 0.00000240
0.74375000, -0.85000000, 0.10625000, 0.00001255
0.85000000, -0.85000000, 0.00000000, 0.00001505
0.85000000, -0.74375000, -0.10625000, 0.00000153
0.85000000, -0.63750000, -0.21250000, -0.00000072
0.85000000, -0.53125000, -0.31875000, -0.00000010
0.85000000, -0.42500000, -0.42500000, -0.00000053
0.85000000, -0.31875000, -0.53125000, 0.00000167
0.85000000, -0.21250000, -0.63750000, 0.00000151
0.85000000, -0.10625000, -0.74375000, 0.00000220
0.90000000, 0.00000000, -0.90000000, -0.00000000
0.78750000, 0.11250000, -0.90000000, -0.00000276
0.67500000, 0.22500000, -0.90000000, -0.00000193
0.56250000, 0.33750000, -0.90000000, -0.00000172
0.45000000, 0.45000000, -0.90000000, 0.00000088
0.33750000, 0.56250000, -0.90000000, 0.00000055
0.22500000, 0.67500000, -0.90000000, 0.00000113
0.11250000, 0.78750000, -0.90000000, -0.00000063
0.00000000, 0.90000000, -0.90000000, -0.00000927
-0.11250000, 0.90000000, -0.78750000, -0.00001180
-0.22500000, 0.90000000, -0.67500000, -0.00000560
-0.33750000, 0.90000000, -0.56250000, -0.00000003
-0.45000000, 0.90000000, -0.45000000, 0.00000850
-0.56250000, 0.90000000, -0.33750000, -0.00000082
-0.67500000, 0.90000000, -0.22500000, -0.00000638
-0.78750000, 0.90000000, -0.11250000, -0.00001244
-0.90000000, 0.90000000, 0.00000000, -0.00000972
-0.90000000, 0.78750000, 0.11250000, 0.00000222
-0.90000000, 0.67500000, 0.22500000, 0.00000403
-0.90000000, 0.56250000, 0.33750000, 0.00000202
-0.90000000, 0.45000000, 0.45000000, 0.00000143
-0.90000000, 0.33750000, 0.56250000, -0.00000246
-0.90000000, 0.22500000, 0.67500000, -0.00000225
-0.90000000, 0.11250000, 0.78750000, -0.00000296
-0.90000000, 0.00000000, 0.90000000, 0.00000000
-0.78750000, -0.11250000, 0.90000000, 0.00000296
-0.67500000, -0.22500000, 0.90000000, 0.00000225
-0.56250000, -0.33750000, 0.90000000, 0.00000246
-0.45000000, -0.45000000, 0.90000000, -0.00000143
-0.33750000, -0.56250000, 0.90000000, -0.00000202
-0.22500000, -0.67500000, 0.90000000, -0.00000403
-0.11250000, -0.78750000, 0.90000000, -0.00000222
0.00000000, -0.90000000, 0.90000000, 0.00000972
0.11250000, -0.90000000, 0.78750000, 0.00001244
0.22500000, -0.90000000, 0.67500000, 0.00000638
0.33750000, -0.90000000, 0.56250000, 0.00000082
0.45000000, -0.90000000, 0.45000000, -0.00000850
0.56250000, -0.90000000, 0.33750000, 0.00000003
0.67500000, -0.90000000, 0.22500000, 0.00000560
0.78750000, -0.90000000, 0.11250000, 0.00001180
0.90000000, -0.90000000, 0.00000000, 0.00000927
0.90000000, -0.78750000, -0.11250000, 0.00000063
0.90000000, -0.67500000, -0.22500000, -0.00000113
0.90000000, -0.56250000, -0.33750000, -0.00000055
0.90000000, -0.45000000, -0.45000000, -0.00000088
0.90000000, -0.33750000, -0.56250000, 0.00000172
0.90000000, -0.22500000, -0.67500000, 0.00000193
0.90000000, -0.11250000, -0.78750000, 0.00000276
0.95000000, 0.00000000, -0.95000000, 0.00000000
0.83125000, 0.11875000, -0.95000000, 0.00000257
0.71250000, 0.23750000, -0.95000000, 0.00000171
0.59375000, 0.35625000, -0.95000000, 0.00000159
0.47500000, 0.47500000, -0.95000000, -0.00000091
0.35625000, 0.59375000, -0.95000000, -0.00000043
0.23750000, 0.71250000, -0.95000000, -0.00000091
0.11875000, 0.83125000, -0.95000000, 0.00000128
0.00000000, 0.95000000, -0.95000000, 0.00001396
-0.11875000, 0.95000000, -0.83125000, 0.00001326
-0.23750000, 0.95000000, -0.71250000, 0.00000645
-0.35625000, 0.95000000, -0.59375000, 0.00000156
-0.47500000, 0.95000000, -0.47500000, -0.00000729
-0.59375000, 0.95000000, -0.35625000, 0.00000229
-0.71250000, 0.95000000, -0.23750000, 0.00000726
-0.83125000, 0.95000000, -0.11875000, 0.00001404
-0.95000000, 0.95000000, 0.00000000, 0.00001485
-0.95000000, 0.83125000, 0.11875000, -0.00000173
-0.95000000, 0.71250000, 0.23750000, -0.00000402
-0.95000000, 0.59375000, 0.35625000, -0.00000201
-0.95000000, 0.47500000, 0.47500000, -0.00000160
-0.95000000, 0.35625000, 0.59375000, 0.00000228
-0.95000000, 0.23750000, 0.71250000, 0.00000196
-0.95000000, 0.11875000, 0.83125000, 0.00000275
-0.95000000, 0.00000000, 0.95000000, -0.00000000
-0.83125000, -0.11875000, 0.95000000, -0.00000275
-0.71250000, -0.23750000, 0.95000000, -0.00000196
-0.59375000, -0.35625000, 0.95000000, -0.00000228
-0.47500000, -0.47500000, 0.95000000, 0.00000160
-0.35625000, -0.59375000, 0.95000000, 0.00000201
-0.23750000, -0.71250000, 0.95000000, 0.00000402
-0.11875000, -0.83125000, 0.95000000, 0.00000173
0.00000000, -0.95000000, 0.95000000, -0.00001485
0.11875000, -0.95000000, 0.83125000, -0.00001404
0.23750000, -0.95000000, 0.71250000, -0.00000726
0.35625000, -0.95000000, 0.59375000, -0.00000229
0.47500000, -0.95000000, 0.47500000, 0.00000729
0.59375000, -0.95000000, 0.35625000, -0.00000156
0.71250000, -0.95000000, 0.23750000, -0.00000645
0.83125000, -0.95000000, 0.11875000, -0.00001326
0.95000000, -0.95000000, 0.00000000, -0.00001396
0.95000000, -0.83125000, -0.11875000, -0.00000128
0.95000000, -0.71250000, -0.23750000, 0.00000091
0.95000000, -0.59375000, -0.35625000, 0.00000043
0.95000000, -0.47500000, -0.47500000, 0.00000091
0.95000000, -0.35625000, -0.59375000, -0.00000159
0.95000000, -0.23750000, -0.71250000, -0.00000171
0.95000000, -0.11875000, -0.83125000, -0.00000257
1.00000000, 0.00000000, -1.00000000, 0.00000000
0.87500000, 0.12500000, -1.00000000, 0.00000000
0.75000000, 0.25000000, -1.00000000, 0.00000000
0.62500000, 0.37500000, -1.00000000, 0.00000000
0.50000000, 0.50000000, -1.00000000, 0.00000000
0.37500000, 0.62500000, -1.00000000, 0.00000000
0.25000000, 0.75000000, -1.00000000, 0.00000000
0.12500000, 0.87500000, -1.00000000, 0.00000000
0.00000000, 1.00000000, -1.00000000, 0.00000000
-0.12500000, 1.00000000, -0.87500000, 0.00000000
-0.25000000, 1.00000000, -0.75000000, 0.00000000
-0.37500000, 1.00000000, -0.62500000, 0.00000000
-0.50000000, 1.00000000, -0.50000000, 0.00000000
-0.62500000, 1.00000000, -0.37500000, 0.00000000
-0.75000000, 1.00000000, -0.25000000, 0.00000000
-0.87500000, 1.00000000, -0.12500000, 0.00000000
-1.00000000, 1.00000000, 0.00000000, 0.00000000
-1.00000000, 0.87500000, 0.12500000, 0.00000000
-1.00000000, 0.75000000, 0.25000000, 0.00000000
-1.00000000, 0.62500000, 0.37500000, 0.00000000
-1.00000000, 0.50000000, 0.50000000, 0.00000000
-1.00000000, 0.37500000, 0.62500000, 0.00000000
-1.00000000, 0.25000000, 0.75000000, 0.00000000
-1.00000000, 0.12500000, 0.87500000, 0.00000000
-1.00000000, 0.00000000, 1.00000000, 0.00000000
-0.87500000, -0.12500000, 1.00000000, 0.00000000
-0.75000000, -0.25000000, 1.00000000, 0.00000000
-0.62500000, -0.37500000, 1.00000000, 0.00000000
-0.50000000, -0.50000000, 1.00000000, 0.00000000
-0.37500000, -0.62500000, 1.00000000, 0.00000000
-0.25000000, -0.75000000, 1.00000000, 0.00000000
-0.12500000, -0.87500000, 1.00000000, 0.00000000
0.00000000, -1.00000000, 1.00000000, 0.00000000
0.12500000, -1.00000000, 0.87500000, 0.00000000
0.25000000, -1.00000000, 0.75000000, 0.00000000
0.37500000, -1.00000000, 0.62500000, 0.00000000
0.50000000, -1.00000000, 0.50000000, 0.00000000
0.62500000, -1.00000000, 0.37500000, 0.00000000
0.75000000, -1.00000000, 0.25000000, 0.00000000
0.87500000, -1.00000000, 0.12500000, 0.00000000
1.00000000, -1.00000000, 0.00000000, 0.00000000
1.00000000, -0.87500000, -0.12500000, 0.00000000
1.00000000, -0.75000000, -0.25000000, 0.00000000
1.00000000, -0.62500000, -0.37500000, 0.00000000
1.00000000, -0.50000000, -0.50000000, 0.00000000
1.00000000, -0.37500000, -0.62500000, 0.00000000
1.00000000, -0.25000000, -0.75000000, 0.00000000
1.00000000, -0.12500000, -0.87500000, 0.00000000
