0.01000000, 0.00000000, -0.01000000, 0.05962573
0.00000000, 0.01000000, -0.01000000, 0.13406079
-0.00125000, 0.01000000, -0.00875000, 0.15694933
-0.00250000, 0.01000000, -0.00750000, 0.11614985
-0.00375000, 0.01000000, -0.00625000, 0.05056540
-0.00500000, 0.01000000, -0.00500000, -0.02274651
-0.00625000, 0.01000000, -0.00375000, -0.09811454
-0.00750000, 0.01000000, -0.00250000, -0.15878570
-0.00875000, 0.01000000, -0.00125000, -0.19837320
-0.01000000, 0.01000000, 0.00000000, -0.16741139
-0.01000000, 0.00875000, 0.00125000, -0.12111735
-0.01000000, 0.00750000, 0.00250000, -0.10193926
-0.01000000, 0.00625000, 0.00375000, -0.09008710
-0.01000000, 0.00500000, 0.00500000, -0.08093228
-0.01000000, 0.00375000, 0.00625000, -0.07471183
-0.01000000, 0.00250000, 0.00750000, -0.06840959
-0.01000000, 0.00125000, 0.00875000, -0.06443829
-0.01000000, 0.00000000, 0.01000000, -0.05962573
0.00000000, -0.01000000, 0.01000000, -0.13406079
0.00125000, -0.01000000, 0.00875000, -0.15694933
0.00250000, -0.01000000, 0.00750000, -0.11614985
0.00375000, -0.01000000, 0.00625000, -0.05056540
0.00500000, -0.01000000, 0.00500000, 0.02274651
0.00625000, -0.01000000, 0.00375000, 0.09811454
0.00750000, -0.01000000, 0.00250000, 0.15878570
0.00875000, -0.01000000, 0.00125000, 0.19837320
0.01000000, -0.01000000, 0.00000000, 0.16741139
0.01000000, -0.00875000, -0.00125000, 0.12111735
0.01000000, -0.00750000, -0.00250000, 0.10193926
0.01000000, -0.00625000, -0.00375000, 0.09008710
0.01000000, -0.00500000, -0.00500000, 0.08093228
0.01000000, -0.00375000, -0.00625000, 0.07471183
0.01000000, -0.00250000, -0.00750000, 0.06840959
0.01000000, -0.00125000, -0.00875000, 0.06443829
0.02000000, 0.00000000, -0.02000000, 0.03246697
0.01750000, 0.00250000, -0.02000000, 0.03463345
0.01500000, 0.00500000, -0.02000000, 0.03581784
0.01250000, 0.00750000, -0.02000000, 0.03709034
0.01000000, 0.01000000, -0.02000000, 0.03772911
0.00750000, 0.01250000, -0.02000000, 0.03879224
0.00500000, 0.01500000, -0.02000000, 0.04015528
0.00250000, 0.01750000, -0.02000000, 0.04317547
0.00000000, 0.02000000, -0.02000000, 0.05537713
-0.00250000, 0.02000000, -0.01750000, 0.06491889
-0.00500000, 0.02000000, -0.01500000, 0.04503169
-0.00750000, 0.02000000, -0.01250000, 0.01376538
-0.01000000, 0.02000000, -0.01000000, -0.02070497
-0.01250000, 0.02000000, -0.00750000, -0.05565000
-0.01500000, 0.02000000, -0.00500000, -0.08525433
-0.01750000, 0.02000000, -0.00250000, -0.10313894
-0.02000000, 0.02000000, 0.00000000, -0.08888791
-0.02000000, 0.01750000, 0.00250000, -0.06604260
-0.02000000, 0.01500000, 0.00500000, -0.05609646
-0.02000000, 0.01250000, 0.00750000, -0.04978266
-0.02000000, 0.01000000, 0.01000000, -0.04461483
-0.02000000, 0.00750000, 0.01250000, -0.04086090
-0.02000000, 0.00500000, 0.01500000, -0.03775571
-0.02000000, 0.00250000, 0.01750000, -0.03515170
-0.02000000, 0.00000000, 0.02000000, -0.03246697
-0.01750000, -0.00250000, 0.02000000, -0.03463345
-0.01500000, -0.00500000, 0.02000000, -0.03581784
-0.01250000, -0.00750000, 0.02000000, -0.03709034
-0.01000000, -0.01000000, 0.02000000, -0.03772911
-0.00750000, -0.01250000, 0.02000000, -0.03879224
-0.00500000, -0.01500000, 0.02000000, -0.04015528
-0.00250000, -0.01750000, 0.02000000, -0.04317547
0.00000000, -0.02000000, 0.02000000, -0.05537713
0.00250000, -0.02000000, 0.01750000, -0.06491889
0.00500000, -0.02000000, 0.01500000, -0.04503169
0.00750000, -0.02000000, 0.01250000, -0.01376538
0.01000000, -0.02000000, 0.01000000, 0.02070497
0.01250000, -0.02000000, 0.00750000, 0.05565000
0.01500000, -0.02000000, 0.00500000, 0.08525433
0.01750000, -0.02000000, 0.00250000, 0.10313894
0.02000000, -0.02000000, 0.00000000, 0.08888791
0.02000000, -0.01750000, -0.00250000, 0.06604260
0.02000000, -0.01500000, -0.00500000, 0.05609646
0.02000000, -0.01250000, -0.00750000, 0.04978266
0.02000000, -0.01000000, -0.01000000, 0.04461483
0.02000000, -0.00750000, -0.01250000, 0.04086090
0.02000000, -0.00500000, -0.01500000, 0.03775571
0.02000000, -0.00250000, -0.01750000, 0.03515170
0.03000000, 0.00000000, -0.03000000, 0.02304204
0.02625000, 0.00375000, -0.03000000, 0.02415579
0.02250000, 0.00750000, -0.03000000, 0.02443959
0.01875000, 0.01125000, -0.03000000, 0.02458300
0.01500000, 0.01500000, -0.03000000, 0.02432905
0.01125000, 0.01875000, -0.03000000, 0.02389319
0.00750000, 0.02250000, -0.03000000, 0.02359952
0.00375000, 0.02625000, -0.03000000, 0.02426214
0.00000000, 0.03000000, -0.03000000, 0.03083574
-0.00375000, 0.03000000, -0.02625000, 0.03636545
-0.00750000, 0.03000000, -0.02250000, 0.02282930
-0.01125000, 0.03000000, -0.01875000, 0.00200554
-0.01500000, 0.03000000, -0.01500000, -0.02132671
-0.01875000, 0.03000000, -0.01125000, -0.04426702
-0.02250000, 0.03000000, -0.00750000, -0.06380858
-0.02625000, 0.03000000, -0.00375000, -0.07553262
-0.03000000, 0.03000000, 0.00000000, -0.06594243
-0.03000000, 0.02625000, 0.00375000, -0.04952542
-0.03000000, 0.02250000, 0.00750000, -0.04198554
-0.03000000, 0.01875000, 0.01125000, -0.03700184
-0.03000000, 0.01500000, 0.01500000, -0.03311276
-0.03000000, 0.01125000, 0.01875000, -0.02996401
-0.03000000, 0.00750000, 0.02250000, -0.02733518
-0.03000000, 0.00375000, 0.02625000, -0.02516375
-0.03000000, 0.00000000, 0.03000000, -0.02304204
-0.02625000, -0.00375000, 0.03000000, -0.02415579
-0.02250000, -0.00750000, 0.03000000, -0.02443959
-0.01875000, -0.01125000, 0.03000000, -0.02458300
-0.01500000, -0.01500000, 0.03000000, -0.02432905
-0.01125000, -0.01875000, 0.03000000, -0.02389319
-0.00750000, -0.02250000, 0.03000000, -0.02359952
-0.00375000, -0.02625000, 0.03000000, -0.02426214
0.00000000, -0.03000000, 0.03000000, -0.03083574
0.00375000, -0.03000000, 0.02625000, -0.03636545
0.00750000, -0.03000000, 0.02250000, -0.02282930
0.01125000, -0.03000000, 0.01875000, -0.00200554
0.01500000, -0.03000000, 0.01500000, 0.02132671
0.01875000, -0.03000000, 0.01125000, 0.04426702
0.02250000, -0.03000000, 0.00750000, 0.06380858
0.02625000, -0.03000000, 0.00375000, 0.07553262
0.03000000, -0.03000000, 0.00000000, 0.06594243
0.03000000, -0.02625000, -0.00375000, 0.04952542
0.03000000, -0.02250000, -0.00750000, 0.04198554
0.03000000, -0.01875000, -0.01125000, 0.03700184
0.03000000, -0.01500000, -0.01500000, 0.03311276
0.03000000, -0.01125000, -0.01875000, 0.02996401
0.03000000, -0.00750000, -0.02250000, 0.02733518
0.03000000, -0.00375000, -0.02625000, 0.02516375
0.04000000, 0.00000000, -0.04000000, 0.01794100
0.03500000, 0.00500000, -0.04000000, 0.01851613
0.03000000, 0.01000000, -0.04000000, 0.01841836
0.02500000, 0.01500000, -0.04000000, 0.01795416
0.02000000, 0.02000000, -0.04000000, 0.01714488
0.01500000, 0.02500000, -0.04000000, 0.01611409
0.01000000, 0.03000000, -0.04000000, 0.01506490
0.00500000, 0.03500000, -0.04000000, 0.01467184
0.00000000, 0.04000000, -0.04000000, 0.01874396
-0.00500000, 0.04000000, -0.03500000, 0.02253517
-0.01000000, 0.04000000, -0.03000000, 0.01175307
-0.01500000, 0.04000000, -0.02500000, -0.00423174
-0.02000000, 0.04000000, -0.02000000, -0.02221849
-0.02500000, 0.04000000, -0.01500000, -0.03986996
-0.03000000, 0.04000000, -0.01000000, -0.05480182
-0.03500000, 0.04000000, -0.00500000, -0.06364223
-0.04000000, 0.04000000, 0.00000000, -0.05588006
-0.04000000, 0.03500000, 0.00500000, -0.04199291
-0.04000000, 0.03000000, 0.01000000, -0.03539768
-0.04000000, 0.02500000, 0.01500000, -0.03082284
-0.04000000, 0.02000000, 0.02000000, -0.02727265
-0.04000000, 0.01500000, 0.02500000, -0.02438897
-0.04000000, 0.01000000, 0.03000000, -0.02196805
-0.04000000, 0.00500000, 0.03500000, -0.01988088
-0.04000000, 0.00000000, 0.04000000, -0.01794100
-0.03500000, -0.00500000, 0.04000000, -0.01851613
-0.03000000, -0.01000000, 0.04000000, -0.01841836
-0.02500000, -0.01500000, 0.04000000, -0.01795416
-0.02000000, -0.02000000, 0.04000000, -0.01714488
-0.01500000, -0.02500000, 0.04000000, -0.01611409
-0.01000000, -0.03000000, 0.04000000, -0.01506490
-0.00500000, -0.03500000, 0.04000000, -0.01467184
0.00000000, -0.04000000, 0.04000000, -0.01874396
0.00500000, -0.04000000, 0.03500000, -0.02253517
0.01000000, -0.04000000, 0.03000000, -0.01175307
0.01500000, -0.04000000, 0.02500000, 0.00423174
0.02000000, -0.04000000, 0.02000000, 0.02221849
0.02500000, -0.04000000, 0.01500000, 0.03986996
0.03000000, -0.04000000, 0.01000000, 0.05480182
0.03500000, -0.04000000, 0.00500000, 0.06364223
0.04000000, -0.04000000, 0.00000000, 0.05588006
0.04000000, -0.03500000, -0.00500000, 0.04199291
0.04000000, -0.03000000, -0.01000000, 0.03539768
0.04000000, -0.02500000, -0.01500000, 0.03082284
0.04000000, -0.02000000, -0.02000000, 0.02727265
0.04000000, -0.01500000, -0.02500000, 0.02438897
0.04000000, -0.01000000, -0.03000000, 0.02196805
0.04000000, -0.00500000, -0.03500000, 0.01988088
0.05000000, 0.00000000, -0.05000000, 0.01457241
0.04375000, 0.00625000, -0.05000000, 0.01481836
0.03750000, 0.01250000, -0.05000000, 0.01443361
0.03125000, 0.01875000, -0.05000000, 0.01364525
0.02500000, 0.02500000, -0.05000000, 0.01248690
0.01875000, 0.03125000, -0.05000000, 0.01104138
0.01250000, 0.03750000, -0.05000000, 0.00953243
0.00625000, 0.04375000, -0.05000000, 0.00853110
0.00000000, 0.05000000, -0.05000000, 0.01130312
-0.00625000, 0.05000000, -0.04375000, 0.01418769
-0.01250000, 0.05000000, -0.03750000, 0.00502934
-0.01875000, 0.05000000, -0.03125000, -0.00839495
-0.02500000, 0.05000000, -0.02500000, -0.02343842
-0.03125000, 0.05000000, -0.01875000, -0.03809324
-0.03750000, 0.05000000, -0.01250000, -0.05044636
-0.04375000, 0.05000000, -0.00625000, -0.05761041
-0.05000000, 0.05000000, 0.00000000, -0.05070232
-0.05000000, 0.04375000, 0.00625000, -0.03791242
-0.05000000, 0.03750000, 0.01250000, -0.03163012
-0.05000000, 0.03125000, 0.01875000, -0.02720954
-0.05000000, 0.02500000, 0.02500000, -0.02374416
-0.05000000, 0.01875000, 0.03125000, -0.02089045
-0.05000000, 0.01250000, 0.03750000, -0.01851277
-0.05000000, 0.00625000, 0.04375000, -0.01642573
-0.05000000, 0.00000000, 0.05000000, -0.01457241
-0.04375000, -0.00625000, 0.05000000, -0.01481836
-0.03750000, -0.01250000, 0.05000000, -0.01443361
-0.03125000, -0.01875000, 0.05000000, -0.01364525
-0.02500000, -0.02500000, 0.05000000, -0.01248690
-0.01875000, -0.03125000, 0.05000000, -0.01104138
-0.01250000, -0.03750000, 0.05000000, -0.00953243
-0.00625000, -0.04375000, 0.05000000, -0.00853110
0.00000000, -0.05000000, 0.05000000, -0.01130312
0.00625000, -0.05000000, 0.04375000, -0.01418769
0.01250000, -0.05000000, 0.03750000, -0.00502934
0.01875000, -0.05000000, 0.03125000, 0.00839495
0.02500000, -0.05000000, 0.02500000, 0.02343842
0.03125000, -0.05000000, 0.01875000, 0.03809324
0.03750000, -0.05000000, 0.01250000, 0.05044636
0.04375000, -0.05000000, 0.00625000, 0.05761041
0.05000000, -0.05000000, 0.00000000, 0.05070232
0.05000000, -0.04375000, -0.00625000, 0.03791242
0.05000000, -0.03750000, -0.01250000, 0.03163012
0.05000000, -0.03125000, -0.01875000, 0.02720954
0.05000000, -0.02500000, -0.02500000, 0.02374416
0.05000000, -0.01875000, -0.03125000, 0.02089045
0.05000000, -0.01250000, -0.03750000, 0.01851277
0.05000000, -0.00625000, -0.04375000, 0.01642573
0.06000000, 0.00000000, -0.06000000, 0.01209045
0.05250000, 0.00750000, -0.06000000, 0.01208173
0.04500000, 0.01500000, -0.06000000, 0.01147428
0.03750000, 0.02250000, -0.06000000, 0.01044446
0.03000000, 0.03000000, -0.06000000, 0.00902873
0.02250000, 0.03750000, -0.06000000, 0.00732726
0.01500000, 0.04500000, -0.06000000, 0.00550378
0.00750000, 0.05250000, -0.06000000, 0.00408112
0.00000000, 0.06000000, -0.06000000, 0.00600192
-0.00750000, 0.06000000, -0.05250000, 0.00845754
-0.01500000, 0.06000000, -0.04500000, 0.00032610
-0.02250000, 0.06000000, -0.03750000, -0.01153181
-0.03000000, 0.06000000, -0.03000000, -0.02477093
-0.03750000, 0.06000000, -0.02250000, -0.03768854
-0.04500000, 0.06000000, -0.01500000, -0.04846536
-0.05250000, 0.06000000, -0.00750000, -0.05456407
-0.06000000, 0.06000000, 0.00000000, -0.04792712
-0.06000000, 0.05250000, 0.00750000, -0.03550148
-0.06000000, 0.04500000, 0.01500000, -0.02926199
-0.06000000, 0.03750000, 0.02250000, -0.02482164
-0.06000000, 0.03000000, 0.03000000, -0.02132989
-0.06000000, 0.02250000, 0.03750000, -0.01848540
-0.06000000, 0.01500000, 0.04500000, -0.01607135
-0.06000000, 0.00750000, 0.05250000, -0.01397923
-0.06000000, 0.00000000, 0.06000000, -0.01209045
-0.05250000, -0.00750000, 0.06000000, -0.01208173
-0.04500000, -0.01500000, 0.06000000, -0.01147428
-0.03750000, -0.02250000, 0.06000000, -0.01044446
-0.03000000, -0.03000000, 0.06000000, -0.00902873
-0.02250000, -0.03750000, 0.06000000, -0.00732726
-0.01500000, -0.04500000, 0.06000000, -0.00550378
-0.00750000, -0.05250000, 0.06000000, -0.00408112
0.00000000, -0.06000000, 0.06000000, -0.00600192
0.00750000, -0.06000000, 0.05250000, -0.00845754
0.01500000, -0.06000000, 0.04500000, -0.00032610
0.02250000, -0.06000000, 0.03750000, 0.01153181
0.03000000, -0.06000000, 0.03000000, 0.02477093
0.03750000, -0.06000000, 0.02250000, 0.03768854
0.04500000, -0.06000000, 0.01500000, 0.04846536
0.05250000, -0.06000000, 0.00750000, 0.05456407
0.06000000, -0.06000000, 0.00000000, 0.04792712
0.06000000, -0.05250000, -0.00750000, 0.03550148
0.06000000, -0.04500000, -0.01500000, 0.02926199
0.06000000, -0.03750000, -0.02250000, 0.02482164
0.06000000, -0.03000000, -0.03000000, 0.02132989
0.06000000, -0.02250000, -0.03750000, 0.01848540
0.06000000, -0.01500000, -0.04500000, 0.01607135
0.06000000, -0.00750000, -0.05250000, 0.01397923
0.07000000, 0.00000000, -0.07000000, 0.01010486
0.06125000, 0.00875000, -0.07000000, 0.00989166
0.05250000, 0.01750000, -0.07000000, 0.00912514
0.04375000, 0.02625000, -0.07000000, 0.00789669
0.03500000, 0.03500000, -0.07000000, 0.00625761
0.02625000, 0.04375000, -0.07000000, 0.00430544
0.01750000, 0.05250000, -0.07000000, 0.00219462
0.00875000, 0.06125000, -0.07000000, 0.00043301
0.00000000, 0.07000000, -0.07000000, 0.00179623
-0.00875000, 0.07000000, -0.06125000, 0.00407879
-0.01750000, 0.07000000, -0.05250000, -0.00339839
-0.02625000, 0.07000000, -0.04375000, -0.01422712
-0.03500000, 0.07000000, -0.03500000, -0.02629496
-0.04375000, 0.07000000, -0.02625000, -0.03801562
-0.05250000, 0.07000000, -0.01750000, -0.04772398
-0.06125000, 0.07000000, -0.00875000, -0.05305376
-0.07000000, 0.07000000, 0.00000000, -0.04645906
-0.07000000, 0.06125000, 0.00875000, -0.03403816
-0.07000000, 0.05250000, 0.01750000, -0.02770663
-0.07000000, 0.04375000, 0.02625000, -0.02316640
-0.07000000, 0.03500000, 0.03500000, -0.01958791
-0.07000000, 0.02625000, 0.04375000, -0.01666380
-0.07000000, 0.01750000, 0.05250000, -0.01418601
-0.07000000, 0.00875000, 0.06125000, -0.01205219
-0.07000000, 0.00000000, 0.07000000, -0.01010486
-0.06125000, -0.00875000, 0.07000000, -0.00989166
-0.05250000, -0.01750000, 0.07000000, -0.00912514
-0.04375000, -0.02625000, 0.07000000, -0.00789669
-0.03500000, -0.03500000, 0.07000000, -0.00625761
-0.02625000, -0.04375000, 0.07000000, -0.00430544
-0.01750000, -0.05250000, 0.07000000, -0.00219462
-0.00875000, -0.06125000, 0.07000000, -0.00043301
0.00000000, -0.07000000, 0.07000000, -0.00179623
0.00875000, -0.07000000, 0.06125000, -0.00407879
0.01750000, -0.07000000, 0.05250000, 0.00339839
0.02625000, -0.07000000, 0.04375000, 0.01422712
0.03500000, -0.07000000, 0.03500000, 0.02629496
0.04375000, -0.07000000, 0.02625000, 0.03801562
0.05250000, -0.07000000, 0.01750000, 0.04772398
0.06125000, -0.07000000, 0.00875000, 0.05305376
0.07000000, -0.07000000, 0.00000000, 0.04645906
0.07000000, -0.06125000, -0.00875000, 0.03403816
0.07000000, -0.05250000, -0.01750000, 0.02770663
0.07000000, -0.04375000, -0.02625000, 0.02316640
0.07000000, -0.03500000, -0.03500000, 0.01958791
0.07000000, -0.02625000, -0.04375000, 0.01666380
0.07000000, -0.01750000, -0.05250000, 0.01418601
0.07000000, -0.00875000, -0.06125000, 0.01205219
0.08000000, 0.00000000, -0.08000000, 0.00842863
0.07000000, 0.01000000, -0.08000000, 0.00805020
0.06000000, 0.02000000, -0.08000000, 0.00713965
0.05000000, 0.03000000, -0.08000000, 0.00573276
0.04000000, 0.04000000, -0.08000000, 0.00388857
0.03000000, 0.05000000, -0.08000000, 0.00168697
0.02000000, 0.06000000, -0.08000000, -0.00069709
0.01000000, 0.07000000, -0.08000000, -0.00276767
0.00000000, 0.08000000, -0.08000000, -0.00182228
-0.01000000, 0.08000000, -0.07000000, 0.00041660
-0.02000000, 0.08000000, -0.06000000, -0.00658053
-0.03000000, 0.08000000, -0.05000000, -0.01669730
-0.04000000, 0.08000000, -0.04000000, -0.02796835
-0.05000000, 0.08000000, -0.03000000, -0.03883824
-0.06000000, 0.08000000, -0.02000000, -0.04778914
-0.07000000, 0.08000000, -0.01000000, -0.05252867
-0.08000000, 0.08000000, 0.00000000, -0.04581982
-0.08000000, 0.07000000, 0.01000000, -0.03318344
-0.08000000, 0.06000000, 0.02000000, -0.02666090
-0.08000000, 0.05000000, 0.03000000, -0.02196877
-0.08000000, 0.04000000, 0.04000000, -0.01826508
-0.08000000, 0.03000000, 0.05000000, -0.01522013
-0.08000000, 0.02000000, 0.06000000, -0.01265712
-0.08000000, 0.01000000, 0.07000000, -0.01044441
-0.08000000, 0.00000000, 0.08000000, -0.00842863
-0.07000000, -0.01000000, 0.08000000, -0.00805020
-0.06000000, -0.02000000, 0.08000000, -0.00713965
-0.05000000, -0.03000000, 0.08000000, -0.00573276
-0.04000000, -0.04000000, 0.08000000, -0.00388857
-0.03000000, -0.05000000, 0.08000000, -0.00168697
-0.02000000, -0.06000000, 0.08000000, 0.00069709
-0.01000000, -0.07000000, 0.08000000, 0.00276767
0.00000000, -0.08000000, 0.08000000, 0.00182228
0.01000000, -0.08000000, 0.07000000, -0.00041660
0.02000000, -0.08000000, 0.06000000, 0.00658053
0.03000000, -0.08000000, 0.05000000, 0.01669730
0.04000000, -0.08000000, 0.04000000, 0.02796835
0.05000000, -0.08000000, 0.03000000, 0.03883824
0.06000000, -0.08000000, 0.02000000, 0.04778914
0.07000000, -0.08000000, 0.01000000, 0.05252867
0.08000000, -0.08000000, 0.00000000, 0.04581982
0.08000000, -0.07000000, -0.01000000, 0.03318344
0.08000000, -0.06000000, -0.02000000, 0.02666090
0.08000000, -0.05000000, -0.03000000, 0.02196877
0.08000000, -0.04000000, -0.04000000, 0.01826508
0.08000000, -0.03000000, -0.05000000, 0.01522013
0.08000000, -0.02000000, -0.06000000, 0.01265712
0.08000000, -0.01000000, -0.07000000, 0.01044441
0.09000000, 0.00000000, -0.09000000, 0.00695845
0.07875000, 0.01125000, -0.09000000, 0.00643583
0.06750000, 0.02250000, -0.09000000, 0.00537380
0.05625000, 0.03375000, -0.09000000, 0.00379369
0.04500000, 0.04500000, -0.09000000, 0.00175249
0.03375000, 0.05625000, -0.09000000, -0.00067819
0.02250000, 0.06750000, -0.09000000, -0.00332209
0.01125000, 0.07875000, -0.09000000, -0.00569698
0.00000000, 0.09000000, -0.09000000, -0.00513456
-0.01125000, 0.09000000, -0.07875000, -0.00285084
-0.02250000, 0.09000000, -0.06750000, -0.00945229
-0.03375000, 0.09000000, -0.05625000, -0.01905278
-0.04500000, 0.09000000, -0.04500000, -0.02975528
-0.05625000, 0.09000000, -0.03375000, -0.04004793
-0.06750000, 0.09000000, -0.02250000, -0.04845296
-0.07875000, 0.09000000, -0.01125000, -0.05272672
-0.09000000, 0.09000000, 0.00000000, -0.04575822
-0.09000000, 0.07875000, 0.01125000, -0.03274665
-0.09000000, 0.06750000, 0.02250000, -0.02596024
-0.09000000, 0.05625000, 0.03375000, -0.02107298
-0.09000000, 0.04500000, 0.04500000, -0.01721727
-0.09000000, 0.03375000, 0.05625000, -0.01405172
-0.09000000, 0.02250000, 0.06750000, -0.01138353
-0.09000000, 0.01125000, 0.07875000, -0.00906867
-0.09000000, 0.00000000, 0.09000000, -0.00695845
-0.07875000, -0.01125000, 0.09000000, -0.00643583
-0.06750000, -0.02250000, 0.09000000, -0.00537380
-0.05625000, -0.03375000, 0.09000000, -0.00379369
-0.04500000, -0.04500000, 0.09000000, -0.00175249
-0.03375000, -0.05625000, 0.09000000, 0.00067819
-0.02250000, -0.06750000, 0.09000000, 0.00332209
-0.01125000, -0.07875000, 0.09000000, 0.00569698
0.00000000, -0.09000000, 0.09000000, 0.00513456
0.01125000, -0.09000000, 0.07875000, 0.00285084
0.02250000, -0.09000000, 0.06750000, 0.00945229
0.03375000, -0.09000000, 0.05625000, 0.01905278
0.04500000, -0.09000000, 0.04500000, 0.02975528
0.05625000, -0.09000000, 0.03375000, 0.04004793
0.06750000, -0.09000000, 0.02250000, 0.04845296
0.07875000, -0.09000000, 0.01125000, 0.05272672
0.09000000, -0.09000000, 0.00000000, 0.04575822
0.09000000, -0.07875000, -0.01125000, 0.03274665
0.09000000, -0.06750000, -0.02250000, 0.02596024
0.09000000, -0.05625000, -0.03375000, 0.02107298
0.09000000, -0.04500000, -0.04500000, 0.01721727
0.09000000, -0.03375000, -0.05625000, 0.01405172
0.09000000, -0.02250000, -0.06750000, 0.01138353
0.09000000, -0.01125000, -0.07875000, 0.00906867
0.10000000, 0.00000000, -0.10000000, 0.00562782
0.08750000, 0.01250000, -0.10000000, 0.00496773
0.07500000, 0.02500000, -0.10000000, 0.00374905
0.06250000, 0.03750000, -0.10000000, 0.00199514
0.05000000, 0.05000000, -0.10000000, -0.00024495
0.03750000, 0.06250000, -0.10000000, -0.00289623
0.02500000, 0.07500000, -0.10000000, -0.00580172
0.01250000, 0.08750000, -0.10000000, -0.00848877
0.00000000, 0.10000000, -0.10000000, -0.00830476
-0.01250000, 0.10000000, -0.08750000, -0.00590428
-0.02500000, 0.10000000, -0.07500000, -0.01217133
-0.03750000, 0.10000000, -0.06250000, -0.02138237
-0.05000000, 0.10000000, -0.05000000, -0.03166321
-0.06250000, 0.10000000, -0.03750000, -0.04155634
-0.07500000, 0.10000000, -0.02500000, -0.04955214
-0.08750000, 0.10000000, -0.01250000, -0.05343999
-0.10000000, 0.10000000, 0.00000000, -0.04610850
-0.10000000, 0.08750000, 0.01250000, -0.03261065
-0.10000000, 0.07500000, 0.02500000, -0.02551185
-0.10000000, 0.06250000, 0.03750000, -0.02039731
-0.10000000, 0.05000000, 0.05000000, -0.01636963
-0.10000000, 0.03750000, 0.06250000, -0.01308081
-0.10000000, 0.02500000, 0.07500000, -0.01029122
-0.10000000, 0.01250000, 0.08750000, -0.00785907
-0.10000000, 0.00000000, 0.10000000, -0.00562782
-0.08750000, -0.01250000, 0.10000000, -0.00496773
-0.07500000, -0.02500000, 0.10000000, -0.00374905
-0.06250000, -0.03750000, 0.10000000, -0.00199514
-0.05000000, -0.05000000, 0.10000000, 0.00024495
-0.03750000, -0.06250000, 0.10000000, 0.00289623
-0.02500000, -0.07500000, 0.10000000, 0.00580172
-0.01250000, -0.08750000, 0.10000000, 0.00848877
0.00000000, -0.10000000, 0.10000000, 0.00830476
0.01250000, -0.10000000, 0.08750000, 0.00590428
0.02500000, -0.10000000, 0.07500000, 0.01217133
0.03750000, -0.10000000, 0.06250000, 0.02138237
0.05000000, -0.10000000, 0.05000000, 0.03166321
0.06250000, -0.10000000, 0.03750000, 0.04155634
0.07500000, -0.10000000, 0.02500000, 0.04955214
0.08750000, -0.10000000, 0.01250000, 0.05343999
0.10000000, -0.10000000, 0.00000000, 0.04610850
0.10000000, -0.08750000, -0.01250000, 0.03261065
0.10000000, -0.07500000, -0.02500000, 0.02551185
0.10000000, -0.06250000, -0.03750000, 0.02039731
0.10000000, -0.05000000, -0.05000000, 0.01636963
0.10000000, -0.03750000, -0.06250000, 0.01308081
0.10000000, -0.02500000, -0.07500000, 0.01029122
0.10000000, -0.01250000, -0.08750000, 0.00785907
0.15000000, 0.00000000, -0.15000000, 0.00002327
0.13125000, 0.01875000, -0.15000000, -0.00137881
0.11250000, 0.03750000, -0.15000000, -0.00342183
0.09375000, 0.05625000, -0.15000000, -0.00613199
0.07500000, 0.07500000, -0.15000000, -0.00951225
0.05625000, 0.09375000, -0.15000000, -0.01351315
0.03750000, 0.11250000, -0.15000000, -0.01800548
0.01875000, 0.13125000, -0.15000000, -0.02251357
0.00000000, 0.15000000, -0.15000000, -0.02425417
-0.01875000, 0.15000000, -0.13125000, -0.02082275
-0.03750000, 0.15000000, -0.11250000, -0.02597404
-0.05625000, 0.15000000, -0.09375000, -0.03407500
-0.07500000, 0.15000000, -0.07500000, -0.04323047
-0.09375000, 0.15000000, -0.05625000, -0.05193106
-0.11250000, 0.15000000, -0.03750000, -0.05863148
-0.13125000, 0.15000000, -0.01875000, -0.06094836
-0.15000000, 0.15000000, 0.00000000, -0.05120125
-0.15000000, 0.13125000, 0.01875000, -0.03457044
-0.15000000, 0.11250000, 0.03750000, -0.02556417
-0.15000000, 0.09375000, 0.05625000, -0.01906294
-0.15000000, 0.07500000, 0.07500000, -0.01396819
-0.15000000, 0.05625000, 0.09375000, -0.00980228
-0.15000000, 0.03750000, 0.11250000, -0.00624389
-0.15000000, 0.01875000, 0.13125000, -0.00305625
-0.15000000, 0.00000000, 0.15000000, -0.00002327
-0.13125000, -0.01875000, 0.15000000, 0.00137881
-0.11250000, -0.03750000, 0.15000000, 0.00342183
-0.09375000, -0.05625000, 0.15000000, 0.00613199
-0.07500000, -0.07500000, 0.15000000, 0.00951225
-0.05625000, -0.09375000, 0.15000000, 0.01351315
-0.03750000, -0.11250000, 0.15000000, 0.01800548
-0.01875000, -0.13125000, 0.15000000, 0.02251357
0.00000000, -0.15000000, 0.15000000, 0.02425417
0.01875000, -0.15000000, 0.13125000, 0.02082275
0.03750000, -0.15000000, 0.11250000, 0.02597404
0.05625000, -0.15000000, 0.09375000, 0.03407500
0.07500000, -0.15000000, 0.07500000, 0.04323047
0.09375000, -0.15000000, 0.05625000, 0.05193106
0.11250000, -0.15000000, 0.03750000, 0.05863148
0.13125000, -0.15000000, 0.01875000, 0.06094836
0.15000000, -0.15000000, 0.00000000, 0.05120125
0.15000000, -0.13125000, -0.01875000, 0.03457044
0.15000000, -0.11250000, -0.03750000, 0.02556417
0.15000000, -0.09375000, -0.05625000, 0.01906294
0.15000000, -0.07500000, -0.07500000, 0.01396819
0.15000000, -0.05625000, -0.09375000, 0.00980228
0.15000000, -0.03750000, -0.11250000, 0.00624389
0.15000000, -0.01875000, -0.13125000, 0.00305625
0.20000000, 0.00000000, -0.20000000, -0.00440740
0.17500000, 0.02500000, -0.20000000, -0.00676521
0.15000000, 0.05000000, -0.20000000, -0.00987517
0.12500000, 0.07500000, -0.20000000, -0.01377216
0.10000000, 0.10000000, -0.20000000, -0.01851719
0.07500000, 0.12500000, -0.20000000, -0.02410598
0.05000000, 0.15000000, -0.20000000, -0.03046369
0.02500000, 0.17500000, -0.20000000, -0.03711335
0.00000000, 0.20000000, -0.20000000, -0.04107390
-0.02500000, 0.20000000, -0.17500000, -0.03696195
-0.05000000, 0.20000000, -0.15000000, -0.04148504
-0.07500000, 0.20000000, -0.12500000, -0.04894312
-0.10000000, 0.20000000, -0.10000000, -0.05736686
-0.12500000, 0.20000000, -0.07500000, -0.06522299
-0.15000000, 0.20000000, -0.05000000, -0.07076772
-0.17500000, 0.20000000, -0.02500000, -0.07138249
-0.20000000, 0.20000000, 0.00000000, -0.05853103
-0.20000000, 0.17500000, 0.02500000, -0.03870224
-0.20000000, 0.15000000, 0.05000000, -0.02760334
-0.20000000, 0.12500000, 0.07500000, -0.01950631
-0.20000000, 0.10000000, 0.10000000, -0.01315028
-0.20000000, 0.07500000, 0.12500000, -0.00796972
-0.20000000, 0.05000000, 0.15000000, -0.00350676
-0.20000000, 0.02500000, 0.17500000, 0.00052462
-0.20000000, 0.00000000, 0.20000000, 0.00440740
-0.17500000, -0.02500000, 0.20000000, 0.00676521
-0.15000000, -0.05000000, 0.20000000, 0.00987517
-0.12500000, -0.07500000, 0.20000000, 0.01377216
-0.10000000, -0.10000000, 0.20000000, 0.01851719
-0.07500000, -0.12500000, 0.20000000, 0.02410598
-0.05000000, -0.15000000, 0.20000000, 0.03046369
-0.02500000, -0.17500000, 0.20000000, 0.03711335
0.00000000, -0.20000000, 0.20000000, 0.04107390
0.02500000, -0.20000000, 0.17500000, 0.03696195
0.05000000, -0.20000000, 0.15000000, 0.04148504
0.07500000, -0.20000000, 0.12500000, 0.04894312
0.10000000, -0.20000000, 0.10000000, 0.05736686
0.12500000, -0.20000000, 0.07500000, 0.06522299
0.15000000, -0.20000000, 0.05000000, 0.07076772
0.17500000, -0.20000000, 0.02500000, 0.07138249
0.20000000, -0.20000000, 0.00000000, 0.05853103
0.20000000, -0.17500000, -0.02500000, 0.03870224
0.20000000, -0.15000000, -0.05000000, 0.02760334
0.20000000, -0.12500000, -0.07500000, 0.01950631
0.20000000, -0.10000000, -0.10000000, 0.01315028
0.20000000, -0.07500000, -0.12500000, 0.00796972
0.20000000, -0.05000000, -0.15000000, 0.00350676
0.20000000, -0.02500000, -0.17500000, -0.00052462
0.25000000, 0.00000000, -0.25000000, -0.00726980
0.21875000, 0.03125000, -0.25000000, -0.01066756
0.18750000, 0.06250000, -0.25000000, -0.01491423
0.15625000, 0.09375000, -0.25000000, -0.02007373
0.12500000, 0.12500000, -0.25000000, -0.02624887
0.09375000, 0.15625000, -0.25000000, -0.03346975
0.06250000, 0.18750000, -0.25000000, -0.04166839
0.03125000, 0.21875000, -0.25000000, -0.05029853
0.00000000, 0.25000000, -0.25000000, -0.05611711
-0.03125000, 0.25000000, -0.21875000, -0.05276913
-0.06250000, 0.25000000, -0.18750000, -0.05757957
-0.09375000, 0.25000000, -0.15625000, -0.06479078
-0.12500000, 0.25000000, -0.12500000, -0.07248642
-0.15625000, 0.25000000, -0.09375000, -0.07911667
-0.18750000, 0.25000000, -0.06250000, -0.08293055
-0.21875000, 0.25000000, -0.03125000, -0.08114962
-0.25000000, 0.25000000, 0.00000000, -0.06483635
-0.25000000, 0.21875000, 0.03125000, -0.04290855
-0.25000000, 0.18750000, 0.06250000, -0.03005606
-0.25000000, 0.15625000, 0.09375000, -0.02049894
-0.25000000, 0.12500000, 0.12500000, -0.01295138
-0.25000000, 0.09375000, 0.15625000, -0.00680644
-0.25000000, 0.06250000, 0.18750000, -0.00158530
-0.25000000, 0.03125000, 0.21875000, 0.00302556
-0.25000000, 0.00000000, 0.25000000, 0.00726980
-0.21875000, -0.03125000, 0.25000000, 0.01066756
-0.18750000, -0.06250000, 0.25000000, 0.01491423
-0.15625000, -0.09375000, 0.25000000, 0.02007373
-0.12500000, -0.12500000, 0.25000000, 0.02624887
-0.09375000, -0.15625000, 0.25000000, 0.03346975
-0.06250000, -0.18750000, 0.25000000, 0.04166839
-0.03125000, -0.21875000, 0.25000000, 0.05029853
0.00000000, -0.25000000, 0.25000000, 0.05611711
0.03125000, -0.25000000, 0.21875000, 0.05276913
0.06250000, -0.25000000, 0.18750000, 0.05757957
0.09375000, -0.25000000, 0.15625000, 0.06479078
0.12500000, -0.25000000, 0.12500000, 0.07248642
0.15625000, -0.25000000, 0.09375000, 0.07911667
0.18750000, -0.25000000, 0.06250000, 0.08293055
0.21875000, -0.25000000, 0.03125000, 0.08114962
0.25000000, -0.25000000, 0.00000000, 0.06483635
0.25000000, -0.21875000, -0.03125000, 0.04290855
0.25000000, -0.18750000, -0.06250000, 0.03005606
0.25000000, -0.15625000, -0.09375000, 0.02049894
0.25000000, -0.12500000, -0.12500000, 0.01295138
0.25000000, -0.09375000, -0.15625000, 0.00680644
0.25000000, -0.06250000, -0.18750000, 0.00158530
0.25000000, -0.03125000, -0.21875000, -0.00302556
0.30000000, 0.00000000, -0.30000000, -0.00810637
0.26250000, 0.03750000, -0.30000000, -0.01228711
0.22500000, 0.07500000, -0.30000000, -0.01746868
0.18750000, 0.11250000, -0.30000000, -0.02367572
0.15000000, 0.15000000, -0.30000000, -0.03100296
0.11250000, 0.18750000, -0.30000000, -0.03948263
0.07500000, 0.22500000, -0.30000000, -0.04901139
0.03750000, 0.26250000, -0.30000000, -0.05892866
0.00000000, 0.30000000, -0.30000000, -0.06569228
-0.03750000, 0.30000000, -0.26250000, -0.06515036
-0.07500000, 0.30000000, -0.22500000, -0.07159074
-0.11250000, 0.30000000, -0.18750000, -0.07925108
-0.15000000, 0.30000000, -0.15000000, -0.08630681
-0.18750000, 0.30000000, -0.11250000, -0.09130812
-0.22500000, 0.30000000, -0.07500000, -0.09258843
-0.26250000, 0.30000000, -0.03750000, -0.08749927
-0.30000000, 0.30000000, 0.00000000, -0.06751597
-0.30000000, 0.26250000, 0.03750000, -0.04528884
-0.30000000, 0.22500000, 0.07500000, -0.03150428
-0.30000000, 0.18750000, 0.11250000, -0.02099082
-0.30000000, 0.15000000, 0.15000000, -0.01264252
-0.30000000, 0.11250000, 0.18750000, -0.00591932
-0.30000000, 0.07500000, 0.22500000, -0.00037432
-0.30000000, 0.03750000, 0.26250000, 0.00425272
-0.30000000, 0.00000000, 0.30000000, 0.00810637
-0.26250000, -0.03750000, 0.30000000, 0.01228711
-0.22500000, -0.07500000, 0.30000000, 0.01746868
-0.18750000, -0.11250000, 0.30000000, 0.02367572
-0.15000000, -0.15000000, 0.30000000, 0.03100296
-0.11250000, -0.18750000, 0.30000000, 0.03948263
-0.07500000, -0.22500000, 0.30000000, 0.04901139
-0.03750000, -0.26250000, 0.30000000, 0.05892866
0.00000000, -0.30000000, 0.30000000, 0.06569228
0.03750000, -0.30000000, 0.26250000, 0.06515036
0.07500000, -0.30000000, 0.22500000, 0.07159074
0.11250000, -0.30000000, 0.18750000, 0.07925108
0.15000000, -0.30000000, 0.15000000, 0.08630681
0.18750000, -0.30000000, 0.11250000, 0.09130812
0.22500000, -0.30000000, 0.07500000, 0.09258843
0.26250000, -0.30000000, 0.03750000, 0.08749927
0.30000000, -0.30000000, 0.00000000, 0.06751597
0.30000000, -0.26250000, -0.03750000, 0.04528884
0.30000000, -0.22500000, -0.07500000, 0.03150428
0.30000000, -0.18750000, -0.11250000, 0.02099082
0.30000000, -0.15000000, -0.15000000, 0.01264252
0.30000000, -0.11250000, -0.18750000, 0.00591932
0.30000000, -0.07500000, -0.22500000, 0.00037432
0.30000000, -0.03750000, -0.26250000, -0.00425272
0.35000000, 0.00000000, -0.35000000, -0.00712768
0.30625000, 0.04375000, -0.35000000, -0.01151755
0.26250000, 0.08750000, -0.35000000, -0.01709571
0.21875000, 0.13125000, -0.35000000, -0.02379317
0.17500000, 0.17500000, -0.35000000, -0.03165495
0.13125000, 0.21875000, -0.35000000, -0.04066072
0.08750000, 0.26250000, -0.35000000, -0.05063908
0.04375000, 0.30625000, -0.35000000, -0.06077690
0.00000000, 0.35000000, -0.35000000, -0.06730680
-0.04375000, 0.35000000, -0.30625000, -0.07135897
-0.08750000, 0.35000000, -0.26250000, -0.08087052
-0.13125000, 0.35000000, -0.21875000, -0.08990311
-0.17500000, 0.35000000, -0.17500000, -0.09657870
-0.21875000, 0.35000000, -0.13125000, -0.09960016
-0.26250000, 0.35000000, -0.08750000, -0.09754871
-0.30625000, 0.35000000, -0.04375000, -0.08834758
-0.35000000, 0.35000000, 0.00000000, -0.06491224
-0.35000000, 0.30625000, 0.04375000, -0.04442817
-0.35000000, 0.26250000, 0.08750000, -0.03085776
-0.35000000, 0.21875000, 0.13125000, -0.02020226
-0.35000000, 0.17500000, 0.17500000, -0.01171540
-0.35000000, 0.13125000, 0.21875000, -0.00501838
-0.35000000, 0.08750000, 0.26250000, 0.00025835
-0.35000000, 0.04375000, 0.30625000, 0.00428306
-0.35000000, 0.00000000, 0.35000000, 0.00712768
-0.30625000, -0.04375000, 0.35000000, 0.01151755
-0.26250000, -0.08750000, 0.35000000, 0.01709571
-0.21875000, -0.13125000, 0.35000000, 0.02379317
-0.17500000, -0.17500000, 0.35000000, 0.03165495
-0.13125000, -0.21875000, 0.35000000, 0.04066072
-0.08750000, -0.26250000, 0.35000000, 0.05063908
-0.04375000, -0.30625000, 0.35000000, 0.06077690
0.00000000, -0.35000000, 0.35000000, 0.06730680
0.04375000, -0.35000000, 0.30625000, 0.07135897
0.08750000, -0.35000000, 0.26250000, 0.08087052
0.13125000, -0.35000000, 0.21875000, 0.08990311
0.17500000, -0.35000000, 0.17500000, 0.09657870
0.21875000, -0.35000000, 0.13125000, 0.09960016
0.26250000, -0.35000000, 0.08750000, 0.09754871
0.30625000, -0.35000000, 0.04375000, 0.08834758
0.35000000, -0.35000000, 0.00000000, 0.06491224
0.35000000, -0.30625000, -0.04375000, 0.04442817
0.35000000, -0.26250000, -0.08750000, 0.03085776
0.35000000, -0.21875000, -0.13125000, 0.02020226
0.35000000, -0.17500000, -0.17500000, 0.01171540
0.35000000, -0.13125000, -0.21875000, 0.00501838
0.35000000, -0.08750000, -0.26250000, -0.00025835
0.35000000, -0.04375000, -0.30625000, -0.00428306
0.40000000, 0.00000000, -0.40000000, -0.00514961
0.35000000, 0.05000000, -0.40000000, -0.00907528
0.30000000, 0.10000000, -0.40000000, -0.01430975
0.25000000, 0.15000000, -0.40000000, -0.02072075
0.20000000, 0.20000000, -0.40000000, -0.02828972
0.15000000, 0.25000000, -0.40000000, -0.03691933
0.10000000, 0.30000000, -0.40000000, -0.04632792
0.05000000, 0.35000000, -0.40000000, -0.05555312
0.00000000, 0.40000000, -0.40000000, -0.06079951
-0.05000000, 0.40000000, -0.35000000, -0.07012342
-0.10000000, 0.40000000, -0.30000000, -0.08367279
-0.15000000, 0.40000000, -0.25000000, -0.09492686
-0.20000000, 0.40000000, -0.20000000, -0.10158662
-0.25000000, 0.40000000, -0.15000000, -0.10238643
-0.30000000, 0.40000000, -0.10000000, -0.09646113
-0.35000000, 0.40000000, -0.05000000, -0.08283489
-0.40000000, 0.40000000, 0.00000000, -0.05689115
-0.40000000, 0.35000000, 0.05000000, -0.03988583
-0.40000000, 0.30000000, 0.10000000, -0.02771991
-0.40000000, 0.25000000, 0.15000000, -0.01786205
-0.40000000, 0.20000000, 0.20000000, -0.01000610
-0.40000000, 0.15000000, 0.25000000, -0.00396642
-0.40000000, 0.10000000, 0.30000000, 0.00049560
-0.40000000, 0.05000000, 0.35000000, 0.00350839
-0.40000000, 0.00000000, 0.40000000, 0.00514961
-0.35000000, -0.05000000, 0.40000000, 0.00907528
-0.30000000, -0.10000000, 0.40000000, 0.01430975
-0.25000000, -0.15000000, 0.40000000, 0.02072075
-0.20000000, -0.20000000, 0.40000000, 0.02828972
-0.15000000, -0.25000000, 0.40000000, 0.03691933
-0.10000000, -0.30000000, 0.40000000, 0.04632792
-0.05000000, -0.35000000, 0.40000000, 0.05555312
0.00000000, -0.40000000, 0.40000000, 0.06079951
0.05000000, -0.40000000, 0.35000000, 0.07012342
0.10000000, -0.40000000, 0.30000000, 0.08367279
0.15000000, -0.40000000, 0.25000000, 0.09492686
0.20000000, -0.40000000, 0.20000000, 0.10158662
0.25000000, -0.40000000, 0.15000000, 0.10238643
0.30000000, -0.40000000, 0.10000000, 0.09646113
0.35000000, -0.40000000, 0.05000000, 0.08283489
0.40000000, -0.40000000, 0.00000000, 0.05689115
0.40000000, -0.35000000, -0.05000000, 0.03988583
0.40000000, -0.30000000, -0.10000000, 0.02771991
0.40000000, -0.25000000, -0.15000000, 0.01786205
0.40000000, -0.20000000, -0.20000000, 0.01000610
0.40000000, -0.15000000, -0.25000000, 0.00396642
0.40000000, -0.10000000, -0.30000000, -0.00049560
0.40000000, -0.05000000, -0.35000000, -0.00350839
0.45000000, 0.00000000, -0.45000000, -0.00308491
0.39375000, 0.05625000, -0.45000000, -0.00606820
0.33750000, 0.11250000, -0.45000000, -0.01032435
0.28125000, 0.16875000, -0.45000000, -0.01572142
0.22500000, 0.22500000, -0.45000000, -0.02219710
0.16875000, 0.28125000, -0.45000000, -0.02959411
0.11250000, 0.33750000, -0.45000000, -0.03753342
0.05625000, 0.39375000, -0.45000000, -0.04498344
0.00000000, 0.45000000, -0.45000000, -0.04842414
-0.05625000, 0.45000000, -0.39375000, -0.06206751
-0.11250000, 0.45000000, -0.33750000, -0.07959598
-0.16875000, 0.45000000, -0.28125000, -0.09348883
-0.22500000, 0.45000000, -0.22500000, -0.10045760
-0.28125000, 0.45000000, -0.16875000, -0.09905751
-0.33750000, 0.45000000, -0.11250000, -0.08923279
-0.39375000, 0.45000000, -0.05625000, -0.07169119
-0.45000000, 0.45000000, 0.00000000, -0.04497039
-0.45000000, 0.39375000, 0.05625000, -0.03238232
-0.45000000, 0.33750000, 0.11250000, -0.02253111
-0.45000000, 0.28125000, 0.16875000, -0.01427382
-0.45000000, 0.22500000, 0.22500000, -0.00770934
-0.45000000, 0.16875000, 0.28125000, -0.00283037
-0.45000000, 0.11250000, 0.33750000, 0.00049636
-0.45000000, 0.05625000, 0.39375000, 0.00241570
-0.45000000, 0.00000000, 0.45000000, 0.00308491
-0.39375000, -0.05625000, 0.45000000, 0.00606820
-0.33750000, -0.11250000, 0.45000000, 0.01032435
-0.28125000, -0.16875000, 0.45000000, 0.01572142
-0.22500000, -0.22500000, 0.45000000, 0.02219710
-0.16875000, -0.28125000, 0.45000000, 0.02959411
-0.11250000, -0.33750000, 0.45000000, 0.03753342
-0.05625000, -0.39375000, 0.45000000, 0.04498344
0.00000000, -0.45000000, 0.45000000, 0.04842414
0.05625000, -0.45000000, 0.39375000, 0.06206751
0.11250000, -0.45000000, 0.33750000, 0.07959598
0.16875000, -0.45000000, 0.28125000, 0.09348883
0.22500000, -0.45000000, 0.22500000, 0.10045760
0.28125000, -0.45000000, 0.16875000, 0.09905751
0.33750000, -0.45000000, 0.11250000, 0.08923279
0.39375000, -0.45000000, 0.05625000, 0.07169119
0.45000000, -0.45000000, 0.00000000, 0.04497039
0.45000000, -0.39375000, -0.05625000, 0.03238232
0.45000000, -0.33750000, -0.11250000, 0.02253111
0.45000000, -0.28125000, -0.16875000, 0.01427382
0.45000000, -0.22500000, -0.22500000, 0.00770934
0.45000000, -0.16875000, -0.28125000, 0.00283037
0.45000000, -0.11250000, -0.33750000, -0.00049636
0.45000000, -0.05625000, -0.39375000, -0.00241570
0.50000000, 0.00000000, -0.50000000, -0.00151977
0.43750000, 0.06250000, -0.50000000, -0.00343522
0.37500000, 0.12500000, -0.50000000, -0.00641210
0.31250000, 0.18750000, -0.50000000, -0.01036654
0.25000000, 0.25000000, -0.50000000, -0.01523400
0.18750000, 0.31250000, -0.50000000, -0.02084129
0.12500000, 0.37500000, -0.50000000, -0.02678307
0.06250000, 0.43750000, -0.50000000, -0.03208398
0.00000000, 0.50000000, -0.50000000, -0.03380756
-0.06250000, 0.50000000, -0.43750000, -0.04942755
-0.12500000, 0.50000000, -0.37500000, -0.06967513
-0.18750000, 0.50000000, -0.31250000, -0.08593671
-0.25000000, 0.50000000, -0.25000000, -0.09336215
-0.31250000, 0.50000000, -0.18750000, -0.09006042
-0.37500000, 0.50000000, -0.12500000, -0.07695805
-0.43750000, 0.50000000, -0.06250000, -0.05691539
-0.50000000, 0.50000000, 0.00000000, -0.03168910
-0.50000000, 0.43750000, 0.06250000, -0.02349812
-0.50000000, 0.37500000, 0.12500000, -0.01636451
-0.50000000, 0.31250000, 0.18750000, -0.01015993
-0.50000000, 0.25000000, 0.25000000, -0.00525773
-0.50000000, 0.18750000, 0.31250000, -0.00177363
-0.50000000, 0.12500000, 0.37500000, 0.00038835
-0.50000000, 0.06250000, 0.43750000, 0.00140550
-0.50000000, 0.00000000, 0.50000000, 0.00151977
-0.43750000, -0.06250000, 0.50000000, 0.00343522
-0.37500000, -0.12500000, 0.50000000, 0.00641210
-0.31250000, -0.18750000, 0.50000000, 0.01036654
-0.25000000, -0.25000000, 0.50000000, 0.01523400
-0.18750000, -0.31250000, 0.50000000, 0.02084129
-0.12500000, -0.37500000, 0.50000000, 0.02678307
-0.06250000, -0.43750000, 0.50000000, 0.03208398
0.00000000, -0.50000000, 0.50000000, 0.03380756
0.06250000, -0.50000000, 0.43750000, 0.04942755
0.12500000, -0.50000000, 0.37500000, 0.06967513
0.18750000, -0.50000000, 0.31250000, 0.08593671
0.25000000, -0.50000000, 0.25000000, 0.09336215
0.31250000, -0.50000000, 0.18750000, 0.09006042
0.37500000, -0.50000000, 0.12500000, 0.07695805
0.43750000, -0.50000000, 0.06250000, 0.05691539
0.50000000, -0.50000000, 0.00000000, 0.03168910
0.50000000, -0.43750000, -0.06250000, 0.02349812
0.50000000, -0.37500000, -0.12500000, 0.01636451
0.50000000, -0.31250000, -0.18750000, 0.01015993
0.50000000, -0.25000000, -0.25000000, 0.00525773
0.50000000, -0.18750000, -0.31250000, 0.00177363
0.50000000, -0.12500000, -0.37500000, -0.00038835
0.50000000, -0.06250000, -0.43750000, -0.00140550
0.55000000, 0.00000000, -0.55000000, -0.00060480
0.48125000, 0.06875000, -0.55000000, -0.00162927
0.41250000, 0.13750000, -0.55000000, -0.00339243
0.34375000, 0.20625000, -0.55000000, -0.00587240
0.27500000, 0.27500000, -0.55000000, -0.00903752
0.20625000, 0.34375000, -0.55000000, -0.01274604
0.13750000, 0.41250000, -0.55000000, -0.01664455
0.06875000, 0.48125000, -0.55000000, -0.01992614
0.00000000, 0.55000000, -0.55000000, -0.02042493
-0.06875000, 0.55000000, -0.48125000, -0.03521257
-0.13750000, 0.55000000, -0.41250000, -0.05602816
-0.20625000, 0.55000000, -0.34375000, -0.07366545
-0.27500000, 0.55000000, -0.27500000, -0.08143947
-0.34375000, 0.55000000, -0.20625000, -0.07674193
-0.41250000, 0.55000000, -0.13750000, -0.06158467
-0.48125000, 0.55000000, -0.06875000, -0.04110517
-0.55000000, 0.55000000, 0.00000000, -0.01959770
-0.55000000, 0.48125000, 0.06875000, -0.01502017
-0.55000000, 0.41250000, 0.13750000, -0.01046195
-0.55000000, 0.34375000, 0.20625000, -0.00633135
-0.55000000, 0.27500000, 0.27500000, -0.00310328
-0.55000000, 0.20625000, 0.34375000, -0.00093692
-0.55000000, 0.13750000, 0.41250000, 0.00026255
-0.55000000, 0.06875000, 0.48125000, 0.00068931
-0.55000000, 0.00000000, 0.55000000, 0.00060480
-0.48125000, -0.06875000, 0.55000000, 0.00162927
-0.41250000, -0.13750000, 0.55000000, 0.00339243
-0.34375000, -0.20625000, 0.55000000, 0.00587240
-0.27500000, -0.27500000, 0.55000000, 0.00903752
-0.20625000, -0.34375000, 0.55000000, 0.01274604
-0.13750000, -0.41250000, 0.55000000, 0.01664455
-0.06875000, -0.48125000, 0.55000000, 0.01992614
0.00000000, -0.55000000, 0.55000000, 0.02042493
0.06875000, -0.55000000, 0.48125000, 0.03521257
0.13750000, -0.55000000, 0.41250000, 0.05602816
0.20625000, -0.55000000, 0.34375000, 0.07366545
0.27500000, -0.55000000, 0.27500000, 0.08143947
0.34375000, -0.55000000, 0.20625000, 0.07674193
0.41250000, -0.55000000, 0.13750000, 0.06158467
0.48125000, -0.55000000, 0.06875000, 0.04110517
0.55000000, -0.55000000, 0.00000000, 0.01959770
0.55000000, -0.48125000, -0.06875000, 0.01502017
0.55000000, -0.41250000, -0.13750000, 0.01046195
0.55000000, -0.34375000, -0.20625000, 0.00633135
0.55000000, -0.27500000, -0.27500000, 0.00310328
0.55000000, -0.20625000, -0.34375000, 0.00093692
0.55000000, -0.13750000, -0.41250000, -0.00026255
0.55000000, -0.06875000, -0.48125000, -0.00068931
0.60000000, 0.00000000, -0.60000000, -0.00019357
0.52500000, 0.07500000, -0.60000000, -0.00063810
0.45000000, 0.15000000, -0.60000000, -0.00149608
0.37500000, 0.22500000, -0.60000000, -0.00279011
0.30000000, 0.30000000, -0.60000000, -0.00452841
0.22500000, 0.37500000, -0.60000000, -0.00662831
0.15000000, 0.45000000, -0.60000000, -0.00883464
0.07500000, 0.52500000, -0.60000000, -0.01056829
0.00000000, 0.60000000, -0.60000000, -0.01043974
-0.07500000, 0.60000000, -0.52500000, -0.02219211
-0.15000000, 0.60000000, -0.45000000, -0.04119795
-0.22500000, 0.60000000, -0.37500000, -0.05871382
-0.30000000, 0.60000000, -0.30000000, -0.06648088
-0.37500000, 0.60000000, -0.22500000, -0.06103193
-0.45000000, 0.60000000, -0.15000000, -0.04542451
-0.52500000, 0.60000000, -0.07500000, -0.02670167
-0.60000000, 0.60000000, 0.00000000, -0.01039832
-0.60000000, 0.52500000, 0.07500000, -0.00828585
-0.60000000, 0.45000000, 0.15000000, -0.00576303
-0.60000000, 0.37500000, 0.22500000, -0.00336840
-0.60000000, 0.30000000, 0.30000000, -0.00152981
-0.60000000, 0.22500000, 0.37500000, -0.00038202
-0.60000000, 0.15000000, 0.45000000, 0.00016308
-0.60000000, 0.07500000, 0.52500000, 0.00028675
-0.60000000, 0.00000000, 0.60000000, 0.00019357
-0.52500000, -0.07500000, 0.60000000, 0.00063810
-0.45000000, -0.15000000, 0.60000000, 0.00149608
-0.37500000, -0.22500000, 0.60000000, 0.00279011
-0.30000000, -0.30000000, 0.60000000, 0.00452841
-0.22500000, -0.37500000, 0.60000000, 0.00662831
-0.15000000, -0.45000000, 0.60000000, 0.00883464
-0.07500000, -0.52500000, 0.60000000, 0.01056829
0.00000000, -0.60000000, 0.60000000, 0.01043974
0.07500000, -0.60000000, 0.52500000, 0.02219211
0.15000000, -0.60000000, 0.45000000, 0.04119795
0.22500000, -0.60000000, 0.37500000, 0.05871382
0.30000000, -0.60000000, 0.30000000, 0.06648088
0.37500000, -0.60000000, 0.22500000, 0.06103193
0.45000000, -0.60000000, 0.15000000, 0.04542451
0.52500000, -0.60000000, 0.07500000, 0.02670167
0.60000000, -0.60000000, 0.00000000, 0.01039832
0.60000000, -0.52500000, -0.07500000, 0.00828585
0.60000000, -0.45000000, -0.15000000, 0.00576303
0.60000000, -0.37500000, -0.22500000, 0.00336840
0.60000000, -0.30000000, -0.30000000, 0.00152981
0.60000000, -0.22500000, -0.37500000, 0.00038202
0.60000000, -0.15000000, -0.45000000, -0.00016308
0.60000000, -0.07500000, -0.52500000, -0.00028675
0.65000000, 0.00000000, -0.65000000, -0.00005357
0.56875000, 0.08125000, -0.65000000, -0.00020414
0.48750000, 0.16250000, -0.65000000, -0.00053017
0.40625000, 0.24375000, -0.65000000, -0.00106576
0.32500000, 0.32500000, -0.65000000, -0.00184011
0.24375000, 0.40625000, -0.65000000, -0.00282772
0.16250000, 0.48750000, -0.65000000, -0.00387912
0.08125000, 0.56875000, -0.65000000, -0.00464121
0.00000000, 0.65000000, -0.65000000, -0.00435536
-0.08125000, 0.65000000, -0.56875000, -0.01214175
-0.16250000, 0.65000000, -0.48750000, -0.02746868
-0.24375000, 0.65000000, -0.40625000, -0.04326359
-0.32500000, 0.65000000, -0.32500000, -0.05051425
-0.40625000, 0.65000000, -0.24375000, -0.04501429
-0.48750000, 0.65000000, -0.16250000, -0.03059940
-0.56875000, 0.65000000, -0.08125000, -0.01536387
-0.65000000, 0.65000000, 0.00000000, -0.00458086
-0.65000000, 0.56875000, 0.08125000, -0.00382842
-0.65000000, 0.48750000, 0.16250000, -0.00264842
-0.65000000, 0.40625000, 0.24375000, -0.00146731
-0.65000000, 0.32500000, 0.32500000, -0.00058682
-0.65000000, 0.24375000, 0.40625000, -0.00008883
-0.65000000, 0.16250000, 0.48750000, 0.00009543
-0.65000000, 0.08125000, 0.56875000, 0.00010431
-0.65000000, 0.00000000, 0.65000000, 0.00005357
-0.56875000, -0.08125000, 0.65000000, 0.00020414
-0.48750000, -0.16250000, 0.65000000, 0.00053017
-0.40625000, -0.24375000, 0.65000000, 0.00106576
-0.32500000, -0.32500000, 0.65000000, 0.00184011
-0.24375000, -0.40625000, 0.65000000, 0.00282772
-0.16250000, -0.48750000, 0.65000000, 0.00387912
-0.08125000, -0.56875000, 0.65000000, 0.00464121
0.00000000, -0.65000000, 0.65000000, 0.00435536
0.08125000, -0.65000000, 0.56875000, 0.01214175
0.16250000, -0.65000000, 0.48750000, 0.02746868
0.24375000, -0.65000000, 0.40625000, 0.04326359
0.32500000, -0.65000000, 0.32500000, 0.05051425
0.40625000, -0.65000000, 0.24375000, 0.04501429
0.48750000, -0.65000000, 0.16250000, 0.03059940
0.56875000, -0.65000000, 0.08125000, 0.01536387
0.65000000, -0.65000000, 0.00000000, 0.00458086
0.65000000, -0.56875000, -0.08125000, 0.00382842
0.65000000, -0.48750000, -0.16250000, 0.00264842
0.65000000, -0.40625000, -0.24375000, 0.00146731
0.65000000, -0.32500000, -0.32500000, 0.00058682
0.65000000, -0.24375000, -0.40625000, 0.00008883
0.65000000, -0.16250000, -0.48750000, -0.00009543
0.65000000, -0.08125000, -0.56875000, -0.00010431
0.70000000, 0.00000000, -0.70000000, -0.00001287
0.61250000, 0.08750000, -0.70000000, -0.00005189
0.52500000, 0.17500000, -0.70000000, -0.00014272
0.43750000, 0.26250000, -0.70000000, -0.00030515
0.35000000, 0.35000000, -0.70000000, -0.00056497
0.26250000, 0.43750000, -0.70000000, -0.00093084
0.17500000, 0.52500000, -0.70000000, -0.00133840
0.08750000, 0.61250000, -0.70000000, -0.00161198
0.00000000, 0.70000000, -0.70000000, -0.00141052
-0.08750000, 0.70000000, -0.61250000, -0.00559023
-0.17500000, 0.70000000, -0.52500000, -0.01638301
-0.26250000, 0.70000000, -0.43750000, -0.02919095
-0.35000000, 0.70000000, -0.35000000, -0.03540868
-0.43750000, 0.70000000, -0.26250000, -0.03049367
-0.52500000, 0.70000000, -0.17500000, -0.01858100
-0.61250000, 0.70000000, -0.08750000, -0.00767053
-0.70000000, 0.70000000, 0.00000000, -0.00160476
-0.70000000, 0.61250000, 0.08750000, -0.00141956
-0.70000000, 0.52500000, 0.17500000, -0.00096553
-0.70000000, 0.43750000, 0.26250000, -0.00048327
-0.70000000, 0.35000000, 0.35000000, -0.00014289
-0.70000000, 0.26250000, 0.43750000, 0.00001817
-0.70000000, 0.17500000, 0.52500000, 0.00005000
-0.70000000, 0.08750000, 0.61250000, 0.00003298
-0.70000000, 0.00000000, 0.70000000, 0.00001287
-0.61250000, -0.08750000, 0.70000000, 0.00005189
-0.52500000, -0.17500000, 0.70000000, 0.00014272
-0.43750000, -0.26250000, 0.70000000, 0.00030515
-0.35000000, -0.35000000, 0.70000000, 0.00056497
-0.26250000, -0.43750000, 0.70000000, 0.00093084
-0.17500000, -0.52500000, 0.70000000, 0.00133840
-0.08750000, -0.61250000, 0.70000000, 0.00161198
0.00000000, -0.70000000, 0.70000000, 0.00141052
0.08750000, -0.70000000, 0.61250000, 0.00559023
0.17500000, -0.70000000, 0.52500000, 0.01638301
0.26250000, -0.70000000, 0.43750000, 0.02919095
0.35000000, -0.70000000, 0.35000000, 0.03540868
0.43750000, -0.70000000, 0.26250000, 0.03049367
0.52500000, -0.70000000, 0.17500000, 0.01858100
0.61250000, -0.70000000, 0.08750000, 0.00767053
0.70000000, -0.70000000, 0.00000000, 0.00160476
0.70000000, -0.61250000, -0.08750000, 0.00141956
0.70000000, -0.52500000, -0.17500000, 0.00096553
0.70000000, -0.43750000, -0.26250000, 0.00048327
0.70000000, -0.35000000, -0.35000000, 0.00014289
0.70000000, -0.26250000, -0.43750000, -0.00001817
0.70000000, -0.17500000, -0.52500000, -0.00005000
0.70000000, -0.08750000, -0.61250000, -0.00003298
0.75000000, 0.00000000, -0.75000000, 0.00000174
0.65625000, 0.09375000, -0.75000000, -0.00000705
0.56250000, 0.18750000, -0.75000000, -0.00002668
0.46875000, 0.28125000, -0.75000000, -0.00005827
0.37500000, 0.37500000, -0.75000000, -0.00011362
0.28125000, 0.46875000, -0.75000000, -0.00020993
0.18750000, 0.56250000, -0.75000000, -0.00033334
0.09375000, 0.65625000, -0.75000000, -0.00041641
0.00000000, 0.75000000, -0.75000000, -0.00033832
-0.09375000, 0.75000000, -0.65625000, -0.00205182
-0.18750000, 0.75000000, -0.56250000, -0.00855888
-0.28125000, 0.75000000, -0.46875000, -0.01775989
-0.37500000, 0.75000000, -0.37500000, -0.02256992
-0.46875000, 0.75000000, -0.28125000, -0.01868322
-0.56250000, 0.75000000, -0.18750000, -0.00997320
-0.65625000, 0.75000000, -0.09375000, -0.00322982
-0.75000000, 0.75000000, 0.00000000, -0.00042947
-0.75000000, 0.65625000, 0.09375000, -0.00039932
-0.75000000, 0.56250000, 0.18750000, -0.00025717
-0.75000000, 0.46875000, 0.28125000, -0.00009736
-0.75000000, 0.37500000, 0.37500000, 0.00000327
-0.75000000, 0.28125000, 0.46875000, 0.00003036
-0.75000000, 0.18750000, 0.56250000, 0.00002070
-0.75000000, 0.09375000, 0.65625000, 0.00000585
-0.75000000, 0.00000000, 0.75000000, -0.00000174
-0.65625000, -0.09375000, 0.75000000, 0.00000705
-0.56250000, -0.18750000, 0.75000000, 0.00002668
-0.46875000, -0.28125000, 0.75000000, 0.00005827
-0.37500000, -0.37500000, 0.75000000, 0.00011362
-0.28125000, -0.46875000, 0.75000000, 0.00020993
-0.18750000, -0.56250000, 0.75000000, 0.00033334
-0.09375000, -0.65625000, 0.75000000, 0.00041641
0.00000000, -0.75000000, 0.75000000, 0.00033832
0.09375000, -0.75000000, 0.65625000, 0.00205182
0.18750000, -0.75000000, 0.56250000, 0.00855888
0.28125000, -0.75000000, 0.46875000, 0.01775989
0.37500000, -0.75000000, 0.37500000, 0.02256992
0.46875000, -0.75000000, 0.28125000, 0.01868322
0.56250000, -0.75000000, 0.18750000, 0.00997320
0.65625000, -0.75000000, 0.09375000, 0.00322982
0.75000000, -0.75000000, 0.00000000, 0.00042947
0.75000000, -0.65625000, -0.09375000, 0.00039932
0.75000000, -0.56250000, -0.18750000, 0.00025717
0.75000000, -0.46875000, -0.28125000, 0.00009736
0.75000000, -0.37500000, -0.37500000, -0.00000327
0.75000000, -0.28125000, -0.46875000, -0.00003036
0.75000000, -0.18750000, -0.56250000, -0.00002070
0.75000000, -0.09375000, -0.65625000, -0.00000585
0.80000000, 0.00000000, -0.80000000, 0.00000353
0.70000000, 0.10000000, -0.80000000, 0.00000193
0.60000000, 0.20000000, -0.80000000, -0.00000211
0.50000000, 0.30000000, -0.80000000, -0.00000351
0.40000000, 0.40000000, -0.80000000, -0.00000529
0.30000000, 0.50000000, -0.80000000, -0.00001924
0.20000000, 0.60000000, -0.80000000, -0.00004824
0.10000000, 0.70000000, -0.80000000, -0.00007152
0.00000000, 0.80000000, -0.80000000, -0.00005579
-0.10000000, 0.80000000, -0.70000000, -0.00053634
-0.20000000, 0.80000000, -0.60000000, -0.00379046
-0.30000000, 0.80000000, -0.50000000, -0.00949813
-0.40000000, 0.80000000, -0.40000000, -0.01276830
-0.50000000, 0.80000000, -0.30000000, -0.01008662
-0.60000000, 0.80000000, -0.20000000, -0.00458278
-0.70000000, 0.80000000, -0.10000000, -0.00109792
-0.80000000, 0.80000000, 0.00000000, -0.00008376
-0.80000000, 0.70000000, 0.10000000, -0.00007768
-0.80000000, 0.60000000, 0.20000000, -0.00004088
-0.80000000, 0.50000000, 0.30000000, 0.00000226
-0.80000000, 0.40000000, 0.40000000, 0.00002336
-0.80000000, 0.30000000, 0.50000000, 0.00001757
-0.80000000, 0.20000000, 0.60000000, 0.00000656
-0.80000000, 0.10000000, 0.70000000, -0.00000120
-0.80000000, 0.00000000, 0.80000000, -0.00000353
-0.70000000, -0.10000000, 0.80000000, -0.00000193
-0.60000000, -0.20000000, 0.80000000, 0.00000211
-0.50000000, -0.30000000, 0.80000000, 0.00000351
-0.40000000, -0.40000000, 0.80000000, 0.00000529
-0.30000000, -0.50000000, 0.80000000, 0.00001924
-0.20000000, -0.60000000, 0.80000000, 0.00004824
-0.10000000, -0.70000000, 0.80000000, 0.00007152
0.00000000, -0.80000000, 0.80000000, 0.00005579
0.10000000, -0.80000000, 0.70000000, 0.00053634
0.20000000, -0.80000000, 0.60000000, 0.00379046
0.30000000, -0.80000000, 0.50000000, 0.00949813
0.40000000, -0.80000000, 0.40000000, 0.01276830
0.50000000, -0.80000000, 0.30000000, 0.01008662
0.60000000, -0.80000000, 0.20000000, 0.00458278
0.70000000, -0.80000000, 0.10000000, 0.00109792
0.80000000, -0.80000000, 0.00000000, 0.00008376
0.80000000, -0.70000000, -0.10000000, 0.00007768
0.80000000, -0.60000000, -0.20000000, 0.00004088
0.80000000, -0.50000000, -0.30000000, -0.00000226
0.80000000, -0.40000000, -0.40000000, -0.00002336
0.80000000, -0.30000000, -0.50000000, -0.00001757
0.80000000, -0.20000000, -0.60000000, -0.00000656
0.80000000, -0.10000000, -0.70000000, 0.00000120
0.85000000, 0.00000000, -0.85000000, -0.00000216
0.74375000, 0.10625000, -0.85000000, -0.00000135
0.63750000, 0.21250000, -0.85000000, 0.00000125
0.53125000, 0.31875000, -0.85000000, 0.00000614
0.42500000, 0.42500000, -0.85000000, 0.00001114
0.31875000, 0.53125000, -0.85000000, 0.00001104
0.21250000, 0.63750000, -0.85000000, 0.00000506
0.10625000, 0.74375000, -0.85000000, 0.00000159
0.00000000, 0.85000000, -0.85000000, 0.00000905
-0.10625000, 0.85000000, -0.74375000, -0.00006615
-0.21250000, 0.85000000, -0.63750000, -0.00134558
-0.31875000, 0.85000000, -0.53125000, -0.00425933
-0.42500000, 0.85000000, -0.42500000, -0.00612312
-0.53125000, 0.85000000, -0.31875000, -0.00457053
-0.63750000, 0.85000000, -0.21250000, -0.00170187
-0.74375000, 0.85000000, -0.10625000, -0.00027600
-0.85000000, 0.85000000, 0.00000000, 0.00000054
-0.85000000, 0.74375000, 0.10625000, -0.00000294
-0.85000000, 0.63750000, 0.21250000, 0.00000302
-0.85000000, 0.53125000, 0.31875000, 0.00001143
-0.85000000, 0.42500000, 0.42500000, 0.00001337
-0.85000000, 0.31875000, 0.53125000, 0.00000902
-0.85000000, 0.21250000, 0.63750000, 0.00000330
-0.85000000, 0.10625000, 0.74375000, 0.00000167
-0.85000000, 0.00000000, 0.85000000, 0.00000216
-0.74375000, -0.10625000, 0.85000000, 0.00000135
-0.63750000, -0.21250000, 0.85000000, -0.00000125
-0.53125000, -0.31875000, 0.85000000, -0.00000614
-0.42500000, -0.42500000, 0.85000000, -0.00001114
-0.31875000, -0.53125000, 0.85000000, -0.00001104
-0.21250000, -0.63750000, 0.85000000, -0.00000506
-0.10625000, -0.74375000, 0.85000000, -0.00000159
0.00000000, -0.85000000, 0.85000000, -0.00000905
0.10625000, -0.85000000, 0.74375000, 0.00006615
0.21250000, -0.85000000, 0.63750000, 0.00134558
0.31875000, -0.85000000, 0.53125000, 0.00425933
0.42500000, -0.85000000, 0.42500000, 0.00612312
0.53125000, -0.85000000, 0.31875000, 0.00457053
0.63750000, -0.85000000, 0.21250000, 0.00170187
0.74375000, -0.85000000, 0.10625000, 0.00027600
0.85000000, -0.85000000, 0.00000000, -0.00000054
0.85000000, -0.74375000, -0.10625000, 0.00000294
0.85000000, -0.63750000, -0.21250000, -0.00000302
0.85000000, -0.53125000, -0.31875000, -0.00001143
0.85000000, -0.42500000, -0.42500000, -0.00001337
0.85000000, -0.31875000, -0.53125000, -0.00000902
0.85000000, -0.21250000, -0.63750000, -0.00000330
0.85000000, -0.10625000, -0.74375000, -0.00000167
0.90000000, 0.00000000, -0.90000000, -0.00000219
0.78750000, 0.11250000, -0.90000000, -0.00000187
0.67500000, 0.22500000, -0.90000000, 0.00000043
0.56250000, 0.33750000, -0.90000000, 0.00000340
0.45000000, 0.45000000, -0.90000000, 0.00000581
0.33750000, 0.56250000, -0.90000000, 0.00000582
0.22500000, 0.67500000, -0.90000000, 0.00000457
0.11250000, 0.78750000, -0.90000000, 0.00000519
0.00000000, 0.90000000, -0.90000000, 0.00000900
-0.11250000, 0.90000000, -0.78750000, 0.00001359
-0.22500000, 0.90000000, -0.67500000, -0.00033760
-0.33750000, 0.90000000, -0.56250000, -0.00143807
-0.45000000, 0.90000000, -0.45000000, -0.00223941
-0.56250000, 0.90000000, -0.33750000, -0.00156240
-0.67500000, 0.90000000, -0.22500000, -0.00045379
-0.78750000, 0.90000000, -0.11250000, -0.00004275
-0.90000000, 0.90000000, 0.00000000, 0.00000699
-0.90000000, 0.78750000, 0.11250000, 0.00000397
-0.90000000, 0.67500000, 0.22500000, 0.00000376
-0.90000000, 0.56250000, 0.33750000, 0.00000446
-0.90000000, 0.45000000, 0.45000000, 0.00000402
-0.90000000, 0.33750000, 0.56250000, 0.00000338
-0.90000000, 0.22500000, 0.67500000, 0.00000165
-0.90000000, 0.11250000, 0.78750000, 0.00000195
-0.90000000, 0.00000000, 0.90000000, 0.00000219
-0.78750000, -0.11250000, 0.90000000, 0.00000187
-0.67500000, -0.22500000, 0.90000000, -0.00000043
-0.56250000, -0.33750000, 0.90000000, -0.00000340
-0.45000000, -0.45000000, 0.90000000, -0.00000581
-0.33750000, -0.56250000, 0.90000000, -0.00000582
-0.22500000, -0.67500000, 0.90000000, -0.00000457
-0.11250000, -0.78750000, 0.90000000, -0.00000519
0.00000000, -0.90000000, 0.90000000, -0.00000900
0.11250000, -0.90000000, 0.78750000, -0.00001359
0.22500000, -0.90000000, 0.67500000, 0.00033760
0.33750000, -0.90000000, 0.56250000, 0.00143807
0.45000000, -0.90000000, 0.45000000, 0.00223941
0.56250000, -0.90000000, 0.33750000, 0.00156240
0.67500000, -0.90000000, 0.22500000, 0.00045379
0.78750000, -0.90000000, 0.11250000, 0.00004275
0.90000000, -0.90000000, 0.00000000, -0.00000699
0.90000000, -0.78750000, -0.11250000, -0.00000397
0.90000000, -0.67500000, -0.22500000, -0.00000376
0.90000000, -0.56250000, -0.33750000, -0.00000446
0.90000000, -0.45000000, -0.45000000, -0.00000402
0.90000000, -0.33750000, -0.56250000, -0.00000338
0.90000000, -0.22500000, -0.67500000, -0.00000165
0.90000000, -0.11250000, -0.78750000, -0.00000195
0.95000000, 0.00000000, -0.95000000, 0.00000225
0.83125000, 0.11875000, -0.95000000, 0.00000187
0.71250000, 0.23750000, -0.95000000, -0.00000009
0.59375000, 0.35625000, -0.95000000, -0.00000218
0.47500000, 0.47500000, -0.95000000, -0.00000323
0.35625000, 0.59375000, -0.95000000, -0.00000335
0.23750000, 0.71250000, -0.95000000, -0.00000379
0.11875000, 0.83125000, -0.95000000, -0.00000575
0.00000000, 0.95000000, -0.95000000, -0.00001007
-0.11875000, 0.95000000, -0.83125000, 0.00000478
-0.23750000, 0.95000000, -0.71250000, -0.00003846
-0.35625000, 0.95000000, -0.59375000, -0.00025834
-0.47500000, 0.95000000, -0.47500000, -0.00044431
-0.59375000, 0.95000000, -0.35625000, -0.00028922
-0.71250000, 0.95000000, -0.23750000, -0.00006301
-0.83125000, 0.95000000, -0.11875000, -0.00000657
-0.95000000, 0.95000000, 0.00000000, -0.00000901
-0.95000000, 0.83125000, 0.11875000, -0.00000449
-0.95000000, 0.71250000, 0.23750000, -0.00000271
-0.95000000, 0.59375000, 0.35625000, -0.00000126
-0.95000000, 0.47500000, 0.47500000, -0.00000036
-0.95000000, 0.35625000, 0.59375000, -0.00000116
-0.95000000, 0.23750000, 0.71250000, -0.00000095
-0.95000000, 0.11875000, 0.83125000, -0.00000170
-0.95000000, 0.00000000, 0.95000000, -0.00000225
-0.83125000, -0.11875000, 0.95000000, -0.00000187
-0.71250000, -0.23750000, 0.95000000, 0.00000009
-0.59375000, -0.35625000, 0.95000000, 0.00000218
-0.47500000, -0.47500000, 0.95000000, 0.00000323
-0.35625000, -0.59375000, 0.95000000, 0.00000335
-0.23750000, -0.71250000, 0.95000000, 0.00000379
-0.11875000, -0.83125000, 0.95000000, 0.00000575
0.00000000, -0.95000000, 0.95000000, 0.00001007
0.11875000, -0.95000000, 0.83125000, -0.00000478
0.23750000, -0.95000000, 0.71250000, 0.00003846
0.35625000, -0.95000000, 0.59375000, 0.00025834
0.47500000, -0.95000000, 0.47500000, 0.00044431
0.59375000, -0.95000000, 0.35625000, 0.00028922
0.71250000, -0.95000000, 0.23750000, 0.00006301
0.83125000, -0.95000000, 0.11875000, 0.00000657
0.95000000, -0.95000000, 0.00000000, 0.00000901
0.95000000, -0.83125000, -0.11875000, 0.00000449
0.95000000, -0.71250000, -0.23750000, 0.00000271
0.95000000, -0.59375000, -0.35625000, 0.00000126
0.95000000, -0.47500000, -0.47500000, 0.00000036
0.95000000, -0.35625000, -0.59375000, 0.00000116
0.95000000, -0.23750000, -0.71250000, 0.00000095
0.95000000, -0.11875000, -0.83125000, 0.00000170
1.00000000, 0.00000000, -1.00000000, 0.00000000
0.87500000, 0.12500000, -1.00000000, 0.00000000
0.75000000, 0.25000000, -1.00000000, 0.00000000
0.62500000, 0.37500000, -1.00000000, 0.00000000
0.50000000, 0.50000000, -1.00000000, 0.00000000
0.37500000, 0.62500000, -1.00000000, 0.00000000
0.25000000, 0.75000000, -1.00000000, 0.00000000
0.12500000, 0.87500000, -1.00000000, 0.00000000
0.00000000, 1.00000000, -1.00000000, 0.00000000
-0.12500000, 1.00000000, -0.87500000, 0.00000000
-0.25000000, 1.00000000, -0.75000000, 0.00000000
-0.37500000, 1.00000000, -0.62500000, 0.00000000
-0.50000000, 1.00000000, -0.50000000, 0.00000000
-0.62500000, 1.00000000, -0.37500000, 0.00000000
-0.75000000, 1.00000000, -0.25000000, 0.00000000
-0.87500000, 1.00000000, -0.12500000, 0.00000000
-1.00000000, 1.00000000, 0.00000000, 0.00000000
-1.00000000, 0.87500000, 0.12500000, 0.00000000
-1.00000000, 0.75000000, 0.25000000, 0.00000000
-1.00000000, 0.62500000, 0.37500000, 0.00000000
-1.00000000, 0.50000000, 0.50000000, 0.00000000
-1.00000000, 0.37500000, 0.62500000, 0.00000000
-1.00000000, 0.25000000, 0.75000000, 0.00000000
-1.00000000, 0.12500000, 0.87500000, 0.00000000
-1.00000000, 0.00000000, 1.00000000, 0.00000000
-0.87500000, -0.12500000, 1.00000000, 0.00000000
-0.75000000, -0.25000000, 1.00000000, 0.00000000
-0.62500000, -0.37500000, 1.00000000, 0.00000000
-0.50000000, -0.50000000, 1.00000000, 0.00000000
-0.37500000, -0.62500000, 1.00000000, 0.00000000
-0.25000000, -0.75000000, 1.00000000, 0.00000000
-0.12500000, -0.87500000, 1.00000000, 0.00000000
0.00000000, -1.00000000, 1.00000000, 0.00000000
0.12500000, -1.00000000, 0.87500000, 0.00000000
0.25000000, -1.00000000, 0.75000000, 0.00000000
0.37500000, -1.00000000, 0.62500000, 0.00000000
0.50000000, -1.00000000, 0.50000000, 0.00000000
0.62500000, -1.00000000, 0.37500000, 0.00000000
0.75000000, -1.00000000, 0.25000000, 0.00000000
0.87500000, -1.00000000, 0.12500000, 0.00000000
1.00000000, -1.00000000, 0.00000000, 0.00000000
1.00000000, -0.87500000, -0.12500000, 0.00000000
1.00000000, -0.75000000, -0.25000000, 0.00000000
1.00000000, -0.62500000, -0.37500000, 0.00000000
1.00000000, -0.50000000, -0.50000000, 0.00000000
1.00000000, -0.37500000, -0.62500000, 0.00000000
1.00000000, -0.25000000, -0.75000000, 0.00000000
1.00000000, -0.12500000, -0.87500000, 0.00000000
