0.01000000, 0.00000000, -0.01000000, 0.15223746
0.00000000, 0.01000000, -0.01000000, 0.46153349
-0.00125000, 0.01000000, -0.00875000, 0.59061986
-0.00250000, 0.01000000, -0.00750000, 0.50247562
-0.00375000, 0.01000000, -0.00625000, 0.33496770
-0.00500000, 0.01000000, -0.00500000, 0.11718615
-0.00625000, 0.01000000, -0.00375000, -0.11378296
-0.00750000, 0.01000000, -0.00250000, -0.32202354
-0.00875000, 0.01000000, -0.00125000, -0.47716227
-0.01000000, 0.01000000, 0.00000000, -0.44209453
-0.01000000, 0.00875000, 0.00125000, -0.31854817
-0.01000000, 0.00750000, 0.00250000, -0.26681125
-0.01000000, 0.00625000, 0.00375000, -0.23484182
-0.01000000, 0.00500000, 0.00500000, -0.20626684
-0.01000000, 0.00375000, 0.00625000, -0.18544158
-0.01000000, 0.00250000, 0.00750000, -0.16399205
-0.01000000, 0.00125000, 0.00875000, -0.14883509
-0.01000000, 0.00000000, 0.01000000, -0.13271222
0.00000000, -0.01000000, 0.01000000, -0.44209453
0.00125000, -0.01000000, 0.00875000, -0.47716227
0.00250000, -0.01000000, 0.00750000, -0.32202354
0.00375000, -0.01000000, 0.00625000, -0.11378296
0.00500000, -0.01000000, 0.00500000, 0.11718615
0.00625000, -0.01000000, 0.00375000, 0.33496770
0.00750000, -0.01000000, 0.00250000, 0.50247562
0.00875000, -0.01000000, 0.00125000, 0.59061986
0.01000000, -0.01000000, 0.00000000, 0.46153349
0.01000000, -0.00875000, -0.00125000, 0.33894977
0.01000000, -0.00750000, -0.00250000, 0.28761846
0.01000000, -0.00625000, -0.00375000, 0.25532734
0.01000000, -0.00500000, -0.00500000, 0.22674061
0.01000000, -0.00375000, -0.00625000, 0.20571871
0.01000000, -0.00250000, -0.00750000, 0.18382074
0.01000000, -0.00125000, -0.00875000, 0.16839758
0.02000000, 0.00000000, -0.02000000, 0.07308815
0.01750000, 0.00250000, -0.02000000, 0.07971188
0.01500000, 0.00500000, -0.02000000, 0.08664507
0.01250000, 0.00750000, -0.02000000, 0.09481388
0.01000000, 0.01000000, -0.02000000, 0.10361647
0.00750000, 0.01250000, -0.02000000, 0.11510525
0.00500000, 0.01500000, -0.02000000, 0.12852862
0.00250000, 0.01750000, -0.02000000, 0.14913285
0.00000000, 0.02000000, -0.02000000, 0.19911061
-0.00250000, 0.02000000, -0.01750000, 0.25622365
-0.00500000, 0.02000000, -0.01500000, 0.22359292
-0.00750000, 0.02000000, -0.01250000, 0.15236999
-0.01000000, 0.02000000, -0.01000000, 0.06324249
-0.01250000, 0.02000000, -0.00750000, -0.03242131
-0.01500000, 0.02000000, -0.00500000, -0.12387323
-0.01750000, 0.02000000, -0.00250000, -0.18996161
-0.02000000, 0.02000000, 0.00000000, -0.17946720
-0.02000000, 0.01750000, 0.00250000, -0.12843715
-0.02000000, 0.01500000, 0.00500000, -0.10760278
-0.02000000, 0.01250000, 0.00750000, -0.09402680
-0.02000000, 0.01000000, 0.01000000, -0.08271461
-0.02000000, 0.00750000, 0.01250000, -0.07416823
-0.02000000, 0.00500000, 0.01500000, -0.06613144
-0.02000000, 0.00250000, 0.01750000, -0.05950485
-0.02000000, 0.00000000, 0.02000000, -0.05297704
-0.01750000, -0.00250000, 0.02000000, -0.05950485
-0.01500000, -0.00500000, 0.02000000, -0.06613144
-0.01250000, -0.00750000, 0.02000000, -0.07416823
-0.01000000, -0.01000000, 0.02000000, -0.08271461
-0.00750000, -0.01250000, 0.02000000, -0.09402680
-0.00500000, -0.01500000, 0.02000000, -0.10760278
-0.00250000, -0.01750000, 0.02000000, -0.12843715
0.00000000, -0.02000000, 0.02000000, -0.17946720
0.00250000, -0.02000000, 0.01750000, -0.18996161
0.00500000, -0.02000000, 0.01500000, -0.12387323
0.00750000, -0.02000000, 0.01250000, -0.03242131
0.01000000, -0.02000000, 0.01000000, 0.06324249
0.01250000, -0.02000000, 0.00750000, 0.15236999
0.01500000, -0.02000000, 0.00500000, 0.22359292
0.01750000, -0.02000000, 0.00250000, 0.25622365
0.02000000, -0.02000000, 0.00000000, 0.19911061
0.02000000, -0.01750000, -0.00250000, 0.14913285
0.02000000, -0.01500000, -0.00500000, 0.12852862
0.02000000, -0.01250000, -0.00750000, 0.11510525
0.02000000, -0.01000000, -0.01000000, 0.10361647
0.02000000, -0.00750000, -0.01250000, 0.09481388
0.02000000, -0.00500000, -0.01500000, 0.08664507
0.02000000, -0.00250000, -0.01750000, 0.07971188
0.03000000, 0.00000000, -0.03000000, 0.05089666
0.02625000, 0.00375000, -0.03000000, 0.05484976
0.02250000, 0.00750000, -0.03000000, 0.05905575
0.01875000, 0.01125000, -0.03000000, 0.06400216
0.01500000, 0.01500000, -0.03000000, 0.06962397
0.01125000, 0.01875000, -0.03000000, 0.07620036
0.00750000, 0.02250000, -0.03000000, 0.08435178
0.00375000, 0.02625000, -0.03000000, 0.09686647
0.00000000, 0.03000000, -0.03000000, 0.12722549
-0.00375000, 0.03000000, -0.02625000, 0.16289185
-0.00750000, 0.03000000, -0.02250000, 0.14351331
-0.01125000, 0.03000000, -0.01875000, 0.10046186
-0.01500000, 0.03000000, -0.01500000, 0.04556169
-0.01875000, 0.03000000, -0.01125000, -0.01379351
-0.02250000, 0.03000000, -0.00750000, -0.07024195
-0.02625000, 0.03000000, -0.00375000, -0.11170930
-0.03000000, 0.03000000, 0.00000000, -0.10666919
-0.03000000, 0.02625000, 0.00375000, -0.07521734
-0.03000000, 0.02250000, 0.00750000, -0.06254237
-0.03000000, 0.01875000, 0.01125000, -0.05437701
-0.03000000, 0.01500000, 0.01500000, -0.04800975
-0.03000000, 0.01125000, 0.01875000, -0.04268888
-0.03000000, 0.00750000, 0.02250000, -0.03796493
-0.03000000, 0.00375000, 0.02625000, -0.03406502
-0.03000000, 0.00000000, 0.03000000, -0.03021285
-0.02625000, -0.00375000, 0.03000000, -0.03406502
-0.02250000, -0.00750000, 0.03000000, -0.03796493
-0.01875000, -0.01125000, 0.03000000, -0.04268888
-0.01500000, -0.01500000, 0.03000000, -0.04800975
-0.01125000, -0.01875000, 0.03000000, -0.05437701
-0.00750000, -0.02250000, 0.03000000, -0.06254237
-0.00375000, -0.02625000, 0.03000000, -0.07521734
0.00000000, -0.03000000, 0.03000000, -0.10666919
0.00375000, -0.03000000, 0.02625000, -0.11170930
0.00750000, -0.03000000, 0.02250000, -0.07024195
0.01125000, -0.03000000, 0.01875000, -0.01379351
0.01500000, -0.03000000, 0.01500000, 0.04556169
0.01875000, -0.03000000, 0.01125000, 0.10046186
0.02250000, -0.03000000, 0.00750000, 0.14351331
0.02625000, -0.03000000, 0.00375000, 0.16289185
0.03000000, -0.03000000, 0.00000000, 0.12722549
0.03000000, -0.02625000, -0.00375000, 0.09686647
0.03000000, -0.02250000, -0.00750000, 0.08435178
0.03000000, -0.01875000, -0.01125000, 0.07620036
0.03000000, -0.01500000, -0.01500000, 0.06962397
0.03000000, -0.01125000, -0.01875000, 0.06400216
0.03000000, -0.00750000, -0.02250000, 0.05905575
0.03000000, -0.00375000, -0.02625000, 0.05484976
0.04000000, 0.00000000, -0.04000000, 0.04109623
0.03500000, 0.00500000, -0.04000000, 0.04388177
0.03000000, 0.01000000, -0.04000000, 0.04692733
0.02500000, 0.01500000, -0.04000000, 0.05045879
0.02000000, 0.02000000, -0.04000000, 0.05449685
0.01500000, 0.02500000, -0.04000000, 0.05927547
0.01000000, 0.03000000, -0.04000000, 0.06527553
0.00500000, 0.03500000, -0.04000000, 0.07419332
0.00000000, 0.04000000, -0.04000000, 0.09603025
-0.00500000, 0.04000000, -0.03500000, 0.12177838
-0.01000000, 0.04000000, -0.03000000, 0.10760079
-0.01500000, 0.04000000, -0.02500000, 0.07672616
-0.02000000, 0.04000000, -0.02000000, 0.03693683
-0.02500000, 0.04000000, -0.01500000, -0.00616417
-0.03000000, 0.04000000, -0.01000000, -0.04695829
-0.03500000, 0.04000000, -0.00500000, -0.07756156
-0.04000000, 0.04000000, 0.00000000, -0.07436574
-0.04000000, 0.03500000, 0.00500000, -0.05148378
-0.04000000, 0.03000000, 0.01000000, -0.04242850
-0.04000000, 0.02500000, 0.01500000, -0.03660339
-0.04000000, 0.02000000, 0.02000000, -0.03213872
-0.04000000, 0.01500000, 0.02500000, -0.02848188
-0.04000000, 0.01000000, 0.03000000, -0.02530685
-0.04000000, 0.00500000, 0.03500000, -0.02254277
-0.04000000, 0.00000000, 0.04000000, -0.01985988
-0.03500000, -0.00500000, 0.04000000, -0.02254277
-0.03000000, -0.01000000, 0.04000000, -0.02530685
-0.02500000, -0.01500000, 0.04000000, -0.02848188
-0.02000000, -0.02000000, 0.04000000, -0.03213872
-0.01500000, -0.02500000, 0.04000000, -0.03660339
-0.01000000, -0.03000000, 0.04000000, -0.04242850
-0.00500000, -0.03500000, 0.04000000, -0.05148378
0.00000000, -0.04000000, 0.04000000, -0.07436574
0.00500000, -0.04000000, 0.03500000, -0.07756156
0.01000000, -0.04000000, 0.03000000, -0.04695829
0.01500000, -0.04000000, 0.02500000, -0.00616417
0.02000000, -0.04000000, 0.02000000, 0.03693683
0.02500000, -0.04000000, 0.01500000, 0.07672616
0.03000000, -0.04000000, 0.01000000, 0.10760079
0.03500000, -0.04000000, 0.00500000, 0.12177838
0.04000000, -0.04000000, 0.00000000, 0.09603025
0.04000000, -0.03500000, -0.00500000, 0.07419332
0.04000000, -0.03000000, -0.01000000, 0.06527553
0.04000000, -0.02500000, -0.01500000, 0.05927547
0.04000000, -0.02000000, -0.02000000, 0.05449685
0.04000000, -0.01500000, -0.02500000, 0.05045879
0.04000000, -0.01000000, -0.03000000, 0.04692733
0.04000000, -0.00500000, -0.03500000, 0.04388177
0.05000000, 0.00000000, -0.05000000, 0.03583796
0.04375000, 0.00625000, -0.05000000, 0.03791934
0.03750000, 0.01250000, -0.05000000, 0.04032922
0.03125000, 0.01875000, -0.05000000, 0.04316113
0.02500000, 0.02500000, -0.05000000, 0.04644668
0.01875000, 0.03125000, -0.05000000, 0.05026771
0.01250000, 0.03750000, -0.05000000, 0.05507372
0.00625000, 0.04375000, -0.05000000, 0.06215756
0.00000000, 0.05000000, -0.05000000, 0.07942628
-0.00625000, 0.05000000, -0.04375000, 0.09933490
-0.01250000, 0.05000000, -0.03750000, 0.08795505
-0.01875000, 0.05000000, -0.03125000, 0.06344704
-0.02500000, 0.05000000, -0.02500000, 0.03197719
-0.03125000, 0.05000000, -0.01875000, -0.00211919
-0.03750000, 0.05000000, -0.01250000, -0.03447274
-0.04375000, 0.05000000, -0.00625000, -0.05881697
-0.05000000, 0.05000000, 0.00000000, -0.05655943
-0.05000000, 0.04375000, 0.00625000, -0.03830060
-0.05000000, 0.03750000, 0.01250000, -0.03119435
-0.05000000, 0.03125000, 0.01875000, -0.02669802
-0.05000000, 0.02500000, 0.02500000, -0.02332445
-0.05000000, 0.01875000, 0.03125000, -0.02053637
-0.05000000, 0.01250000, 0.03750000, -0.01814136
-0.05000000, 0.00625000, 0.04375000, -0.01604286
-0.05000000, 0.00000000, 0.05000000, -0.01405125
-0.04375000, -0.00625000, 0.05000000, -0.01604286
-0.03750000, -0.01250000, 0.05000000, -0.01814136
-0.03125000, -0.01875000, 0.05000000, -0.02053637
-0.02500000, -0.02500000, 0.05000000, -0.02332445
-0.01875000, -0.03125000, 0.05000000, -0.02669802
-0.01250000, -0.03750000, 0.05000000, -0.03119435
-0.00625000, -0.04375000, 0.05000000, -0.03830060
0.00000000, -0.05000000, 0.05000000, -0.05655943
0.00625000, -0.05000000, 0.04375000, -0.05881697
0.01250000, -0.05000000, 0.03750000, -0.03447274
0.01875000, -0.05000000, 0.03125000, -0.00211919
0.02500000, -0.05000000, 0.02500000, 0.03197719
0.03125000, -0.05000000, 0.01875000, 0.06344704
0.03750000, -0.05000000, 0.01250000, 0.08795505
0.04375000, -0.05000000, 0.00625000, 0.09933490
0.05000000, -0.05000000, 0.00000000, 0.07942628
0.05000000, -0.04375000, -0.00625000, 0.06215756
0.05000000, -0.03750000, -0.01250000, 0.05507372
0.05000000, -0.03125000, -0.01875000, 0.05026771
0.05000000, -0.02500000, -0.02500000, 0.04644668
0.05000000, -0.01875000, -0.03125000, 0.04316113
0.05000000, -0.01250000, -0.03750000, 0.04032922
0.05000000, -0.00625000, -0.04375000, 0.03791934
0.06000000, 0.00000000, -0.06000000, 0.03280376
0.05250000, 0.00750000, -0.06000000, 0.03447529
0.04500000, 0.01500000, -0.06000000, 0.03647419
0.03750000, 0.02250000, -0.06000000, 0.03886765
0.03000000, 0.03000000, -0.06000000, 0.04164694
0.02250000, 0.03750000, -0.06000000, 0.04496375
0.01500000, 0.04500000, -0.06000000, 0.04909724
0.00750000, 0.05250000, -0.06000000, 0.05511859
0.00000000, 0.06000000, -0.06000000, 0.06967208
-0.00750000, 0.06000000, -0.05250000, 0.08593436
-0.01500000, 0.06000000, -0.04500000, 0.07611600
-0.02250000, 0.06000000, -0.03750000, 0.05541344
-0.03000000, 0.06000000, -0.03000000, 0.02884055
-0.03750000, 0.06000000, -0.02250000, 0.00011869
-0.04500000, 0.06000000, -0.01500000, -0.02702932
-0.05250000, 0.06000000, -0.00750000, -0.04748129
-0.06000000, 0.06000000, 0.00000000, -0.04553327
-0.06000000, 0.05250000, 0.00750000, -0.03011036
-0.06000000, 0.04500000, 0.01500000, -0.02419950
-0.06000000, 0.03750000, 0.02250000, -0.02050116
-0.06000000, 0.03000000, 0.03000000, -0.01774646
-0.06000000, 0.02250000, 0.03750000, -0.01555550
-0.06000000, 0.01500000, 0.04500000, -0.01367194
-0.06000000, 0.00750000, 0.05250000, -0.01202760
-0.06000000, 0.00000000, 0.06000000, -0.01044454
-0.05250000, -0.00750000, 0.06000000, -0.01202760
-0.04500000, -0.01500000, 0.06000000, -0.01367194
-0.03750000, -0.02250000, 0.06000000, -0.01555550
-0.03000000, -0.03000000, 0.06000000, -0.01774646
-0.02250000, -0.03750000, 0.06000000, -0.02050116
-0.01500000, -0.04500000, 0.06000000, -0.02419950
-0.00750000, -0.05250000, 0.06000000, -0.03011036
0.00000000, -0.06000000, 0.06000000, -0.04553327
0.00750000, -0.06000000, 0.05250000, -0.04748129
0.01500000, -0.06000000, 0.04500000, -0.02702932
0.02250000, -0.06000000, 0.03750000, 0.00011869
0.03000000, -0.06000000, 0.03000000, 0.02884055
0.03750000, -0.06000000, 0.02250000, 0.05541344
0.04500000, -0.06000000, 0.01500000, 0.07611600
0.05250000, -0.06000000, 0.00750000, 0.08593436
0.06000000, -0.06000000, 0.00000000, 0.06967208
0.06000000, -0.05250000, -0.00750000, 0.05511859
0.06000000, -0.04500000, -0.01500000, 0.04909724
0.06000000, -0.03750000, -0.02250000, 0.04496375
0.06000000, -0.03000000, -0.03000000, 0.04164694
0.06000000, -0.02250000, -0.03750000, 0.03886765
0.06000000, -0.01500000, -0.04500000, 0.03647419
0.06000000, -0.00750000, -0.05250000, 0.03447529
0.07000000, 0.00000000, -0.07000000, 0.03089641
0.06125000, 0.00875000, -0.07000000, 0.03226089
0.05250000, 0.01750000, -0.07000000, 0.03401591
0.04375000, 0.02625000, -0.07000000, 0.03615975
0.03500000, 0.03500000, -0.07000000, 0.03866493
0.02625000, 0.04375000, -0.07000000, 0.04164715
0.01750000, 0.05250000, -0.07000000, 0.04533622
0.00875000, 0.06125000, -0.07000000, 0.05063185
0.00000000, 0.07000000, -0.07000000, 0.06333827
-0.00875000, 0.07000000, -0.06125000, 0.07699227
-0.01750000, 0.07000000, -0.05250000, 0.06812914
-0.02625000, 0.07000000, -0.04375000, 0.04994342
-0.03500000, 0.07000000, -0.03500000, 0.02675562
-0.04375000, 0.07000000, -0.02625000, 0.00175460
-0.05250000, 0.07000000, -0.01750000, -0.02185700
-0.06125000, 0.07000000, -0.00875000, -0.03967478
-0.07000000, 0.07000000, 0.00000000, -0.03788358
-0.07000000, 0.06125000, 0.00875000, -0.02441428
-0.07000000, 0.05250000, 0.01750000, -0.01934963
-0.07000000, 0.04375000, 0.02625000, -0.01624488
-0.07000000, 0.03500000, 0.03500000, -0.01395785
-0.07000000, 0.02625000, 0.04375000, -0.01215364
-0.07000000, 0.01750000, 0.05250000, -0.01060324
-0.07000000, 0.00875000, 0.06125000, -0.00923928
-0.07000000, 0.00000000, 0.07000000, -0.00795563
-0.06125000, -0.00875000, 0.07000000, -0.00923928
-0.05250000, -0.01750000, 0.07000000, -0.01060324
-0.04375000, -0.02625000, 0.07000000, -0.01215364
-0.03500000, -0.03500000, 0.07000000, -0.01395785
-0.02625000, -0.04375000, 0.07000000, -0.01624488
-0.01750000, -0.05250000, 0.07000000, -0.01934963
-0.00875000, -0.06125000, 0.07000000, -0.02441428
0.00000000, -0.07000000, 0.07000000, -0.03788358
0.00875000, -0.07000000, 0.06125000, -0.03967478
0.01750000, -0.07000000, 0.05250000, -0.02185700
0.02625000, -0.07000000, 0.04375000, 0.00175460
0.03500000, -0.07000000, 0.03500000, 0.02675562
0.04375000, -0.07000000, 0.02625000, 0.04994342
0.05250000, -0.07000000, 0.01750000, 0.06812914
0.06125000, -0.07000000, 0.00875000, 0.07699227
0.07000000, -0.07000000, 0.00000000, 0.06333827
0.07000000, -0.06125000, -0.00875000, 0.05063185
0.07000000, -0.05250000, -0.01750000, 0.04533622
0.07000000, -0.04375000, -0.02625000, 0.04164715
0.07000000, -0.03500000, -0.03500000, 0.03866493
0.07000000, -0.02625000, -0.04375000, 0.03615975
0.07000000, -0.01750000, -0.05250000, 0.03401591
0.07000000, -0.00875000, -0.06125000, 0.03226089
0.08000000, 0.00000000, -0.08000000, 0.02972300
0.07000000, 0.01000000, -0.08000000, 0.03083905
0.06000000, 0.02000000, -0.08000000, 0.03243134
0.05000000, 0.03000000, -0.08000000, 0.03441905
0.04000000, 0.04000000, -0.08000000, 0.03677277
0.03000000, 0.05000000, -0.08000000, 0.03952388
0.02000000, 0.06000000, -0.08000000, 0.04291657
0.01000000, 0.07000000, -0.08000000, 0.04771378
0.00000000, 0.08000000, -0.08000000, 0.05910153
-0.01000000, 0.08000000, -0.07000000, 0.07075556
-0.02000000, 0.08000000, -0.06000000, 0.06252709
-0.03000000, 0.08000000, -0.05000000, 0.04609116
-0.04000000, 0.08000000, -0.04000000, 0.02532512
-0.05000000, 0.08000000, -0.03000000, 0.00299862
-0.06000000, 0.08000000, -0.02000000, -0.01808157
-0.07000000, 0.08000000, -0.01000000, -0.03397111
-0.08000000, 0.08000000, 0.00000000, -0.03229735
-0.08000000, 0.07000000, 0.01000000, -0.02024228
-0.08000000, 0.06000000, 0.02000000, -0.01580722
-0.08000000, 0.05000000, 0.03000000, -0.01315093
-0.08000000, 0.04000000, 0.04000000, -0.01123167
-0.08000000, 0.03000000, 0.05000000, -0.00969554
-0.08000000, 0.02000000, 0.06000000, -0.00838395
-0.08000000, 0.01000000, 0.07000000, -0.00721831
-0.08000000, 0.00000000, 0.08000000, -0.00616357
-0.07000000, -0.01000000, 0.08000000, -0.00721831
-0.06000000, -0.02000000, 0.08000000, -0.00838395
-0.05000000, -0.03000000, 0.08000000, -0.00969554
-0.04000000, -0.04000000, 0.08000000, -0.01123167
-0.03000000, -0.05000000, 0.08000000, -0.01315093
-0.02000000, -0.06000000, 0.08000000, -0.01580722
-0.01000000, -0.07000000, 0.08000000, -0.02024228
0.00000000, -0.08000000, 0.08000000, -0.03229735
0.01000000, -0.08000000, 0.07000000, -0.03397111
0.02000000, -0.08000000, 0.06000000, -0.01808157
0.03000000, -0.08000000, 0.05000000, 0.00299862
0.04000000, -0.08000000, 0.04000000, 0.02532512
0.05000000, -0.08000000, 0.03000000, 0.04609116
0.06000000, -0.08000000, 0.02000000, 0.06252709
0.07000000, -0.08000000, 0.01000000, 0.07075556
0.08000000, -0.08000000, 0.00000000, 0.05910153
0.08000000, -0.07000000, -0.01000000, 0.04771378
0.08000000, -0.06000000, -0.02000000, 0.04291657
0.08000000, -0.05000000, -0.03000000, 0.03952388
0.08000000, -0.04000000, -0.04000000, 0.03677277
0.08000000, -0.03000000, -0.05000000, 0.03441905
0.08000000, -0.02000000, -0.06000000, 0.03243134
0.08000000, -0.01000000, -0.07000000, 0.03083905
0.09000000, 0.00000000, -0.09000000, 0.02907743
0.07875000, 0.01125000, -0.09000000, 0.03000869
0.06750000, 0.02250000, -0.09000000, 0.03146833
0.05625000, 0.03375000, -0.09000000, 0.03333505
0.04500000, 0.04500000, -0.09000000, 0.03557218
0.03375000, 0.05625000, -0.09000000, 0.03818072
0.02250000, 0.06750000, -0.09000000, 0.04138600
0.01125000, 0.07875000, -0.09000000, 0.04584672
0.00000000, 0.09000000, -0.09000000, 0.05627139
-0.01125000, 0.09000000, -0.07875000, 0.06637943
-0.02250000, 0.09000000, -0.06750000, 0.05857624
-0.03375000, 0.09000000, -0.05625000, 0.04338830
-0.04500000, 0.09000000, -0.04500000, 0.02432566
-0.05625000, 0.09000000, -0.03375000, 0.00390944
-0.06750000, 0.09000000, -0.02250000, -0.01529962
-0.07875000, 0.09000000, -0.01125000, -0.02971958
-0.09000000, 0.09000000, 0.00000000, -0.02809202
-0.09000000, 0.07875000, 0.01125000, -0.01710174
-0.09000000, 0.06750000, 0.02250000, -0.01314709
-0.09000000, 0.05625000, 0.03375000, -0.01082044
-0.09000000, 0.04500000, 0.04500000, -0.00917019
-0.09000000, 0.03375000, 0.05625000, -0.00785535
-0.09000000, 0.02250000, 0.06750000, -0.00674049
-0.09000000, 0.01125000, 0.07875000, -0.00574473
-0.09000000, 0.00000000, 0.09000000, -0.00485145
-0.07875000, -0.01125000, 0.09000000, -0.00574473
-0.06750000, -0.02250000, 0.09000000, -0.00674049
-0.05625000, -0.03375000, 0.09000000, -0.00785535
-0.04500000, -0.04500000, 0.09000000, -0.00917019
-0.03375000, -0.05625000, 0.09000000, -0.01082044
-0.02250000, -0.06750000, 0.09000000, -0.01314709
-0.01125000, -0.07875000, 0.09000000, -0.01710174
0.00000000, -0.09000000, 0.09000000, -0.02809202
0.01125000, -0.09000000, 0.07875000, -0.02971958
0.02250000, -0.09000000, 0.06750000, -0.01529962
0.03375000, -0.09000000, 0.05625000, 0.00390944
0.04500000, -0.09000000, 0.04500000, 0.02432566
0.05625000, -0.09000000, 0.03375000, 0.04338830
0.06750000, -0.09000000, 0.02250000, 0.05857624
0.07875000, -0.09000000, 0.01125000, 0.06637943
0.09000000, -0.09000000, 0.00000000, 0.05627139
0.09000000, -0.07875000, -0.01125000, 0.04584672
0.09000000, -0.06750000, -0.02250000, 0.04138600
0.09000000, -0.05625000, -0.03375000, 0.03818072
0.09000000, -0.04500000, -0.04500000, 0.03557218
0.09000000, -0.03375000, -0.05625000, 0.03333505
0.09000000, -0.02250000, -0.06750000, 0.03146833
0.09000000, -0.01125000, -0.07875000, 0.03000869
0.10000000, 0.00000000, -0.10000000, 0.02878815
0.08750000, 0.01250000, -0.10000000, 0.02958402
0.07500000, 0.02500000, -0.10000000, 0.03093339
0.06250000, 0.03750000, -0.10000000, 0.03270474
0.05000000, 0.05000000, -0.10000000, 0.03484416
0.03750000, 0.06250000, -0.10000000, 0.03736812
0.02500000, 0.07500000, -0.10000000, 0.04044826
0.01250000, 0.08750000, -0.10000000, 0.04466632
0.00000000, 0.10000000, -0.10000000, 0.05434279
-0.01250000, 0.10000000, -0.08750000, 0.06322793
-0.02500000, 0.10000000, -0.07500000, 0.05570957
-0.03750000, 0.10000000, -0.06250000, 0.04144383
-0.05000000, 0.10000000, -0.05000000, 0.02362527
-0.06250000, 0.10000000, -0.03750000, 0.00462745
-0.07500000, 0.10000000, -0.02500000, -0.01314761
-0.08750000, 0.10000000, -0.01250000, -0.02641783
-0.10000000, 0.10000000, 0.00000000, -0.02477456
-0.10000000, 0.08750000, 0.01250000, -0.01463496
-0.10000000, 0.07500000, 0.02500000, -0.01106773
-0.10000000, 0.06250000, 0.03750000, -0.00900077
-0.10000000, 0.05000000, 0.05000000, -0.00755387
-0.10000000, 0.03750000, 0.06250000, -0.00643380
-0.10000000, 0.02500000, 0.07500000, -0.00548564
-0.10000000, 0.01250000, 0.08750000, -0.00463794
-0.10000000, 0.00000000, 0.10000000, -0.00385848
-0.08750000, -0.01250000, 0.10000000, -0.00463794
-0.07500000, -0.02500000, 0.10000000, -0.00548564
-0.06250000, -0.03750000, 0.10000000, -0.00643380
-0.05000000, -0.05000000, 0.10000000, -0.00755387
-0.03750000, -0.06250000, 0.10000000, -0.00900077
-0.02500000, -0.07500000, 0.10000000, -0.01106773
-0.01250000, -0.08750000, 0.10000000, -0.01463496
0.00000000, -0.10000000, 0.10000000, -0.02477456
0.01250000, -0.10000000, 0.08750000, -0.02641783
0.02500000, -0.10000000, 0.07500000, -0.01314761
0.03750000, -0.10000000, 0.06250000, 0.00462745
0.05000000, -0.10000000, 0.05000000, 0.02362527
0.06250000, -0.10000000, 0.03750000, 0.04144383
0.07500000, -0.10000000, 0.02500000, 0.05570957
0.08750000, -0.10000000, 0.01250000, 0.06322793
0.10000000, -0.10000000, 0.00000000, 0.05434279
0.10000000, -0.08750000, -0.01250000, 0.04466632
0.10000000, -0.07500000, -0.02500000, 0.04044826
0.10000000, -0.06250000, -0.03750000, 0.03736812
0.10000000, -0.05000000, -0.05000000, 0.03484416
0.10000000, -0.03750000, -0.06250000, 0.03270474
0.10000000, -0.02500000, -0.07500000, 0.03093339
0.10000000, -0.01250000, -0.08750000, 0.02958402
0.15000000, 0.00000000, -0.15000000, 0.02976198
0.13125000, 0.01875000, -0.15000000, 0.03011952
0.11250000, 0.03750000, -0.15000000, 0.03124106
0.09375000, 0.05625000, -0.15000000, 0.03286924
0.07500000, 0.07500000, -0.15000000, 0.03487800
0.05625000, 0.09375000, -0.15000000, 0.03719258
0.03750000, 0.11250000, -0.15000000, 0.03986930
0.01875000, 0.13125000, -0.15000000, 0.04326368
0.00000000, 0.15000000, -0.15000000, 0.05030001
-0.01875000, 0.15000000, -0.13125000, 0.05518874
-0.03750000, 0.15000000, -0.11250000, 0.04826545
-0.05625000, 0.15000000, -0.09375000, 0.03652835
-0.07500000, 0.15000000, -0.07500000, 0.02241877
-0.09375000, 0.15000000, -0.05625000, 0.00767426
-0.11250000, 0.15000000, -0.03750000, -0.00592673
-0.13125000, 0.15000000, -0.01875000, -0.01581236
-0.15000000, 0.15000000, 0.00000000, -0.01404179
-0.15000000, 0.13125000, 0.01875000, -0.00679601
-0.15000000, 0.11250000, 0.03750000, -0.00463455
-0.15000000, 0.09375000, 0.05625000, -0.00357208
-0.15000000, 0.07500000, 0.07500000, -0.00290136
-0.15000000, 0.05625000, 0.09375000, -0.00239444
-0.15000000, 0.03750000, 0.11250000, -0.00194325
-0.15000000, 0.01875000, 0.13125000, -0.00151210
-0.15000000, 0.00000000, 0.15000000, -0.00110515
-0.13125000, -0.01875000, 0.15000000, -0.00151210
-0.11250000, -0.03750000, 0.15000000, -0.00194325
-0.09375000, -0.05625000, 0.15000000, -0.00239444
-0.07500000, -0.07500000, 0.15000000, -0.00290136
-0.05625000, -0.09375000, 0.15000000, -0.00357208
-0.03750000, -0.11250000, 0.15000000, -0.00463455
-0.01875000, -0.13125000, 0.15000000, -0.00679601
0.00000000, -0.15000000, 0.15000000, -0.01404179
0.01875000, -0.15000000, 0.13125000, -0.01581236
0.03750000, -0.15000000, 0.11250000, -0.00592673
0.05625000, -0.15000000, 0.09375000, 0.00767426
0.07500000, -0.15000000, 0.07500000, 0.02241877
0.09375000, -0.15000000, 0.05625000, 0.03652835
0.11250000, -0.15000000, 0.03750000, 0.04826545
0.13125000, -0.15000000, 0.01875000, 0.05518874
0.15000000, -0.15000000, 0.00000000, 0.05030001
0.15000000, -0.13125000, -0.01875000, 0.04326368
0.15000000, -0.11250000, -0.03750000, 0.03986930
0.15000000, -0.09375000, -0.05625000, 0.03719258
0.15000000, -0.07500000, -0.07500000, 0.03487800
0.15000000, -0.05625000, -0.09375000, 0.03286924
0.15000000, -0.03750000, -0.11250000, 0.03124106
0.15000000, -0.01875000, -0.13125000, 0.03011952
0.20000000, 0.00000000, -0.20000000, 0.03171958
0.17500000, 0.02500000, -0.20000000, 0.03212575
0.15000000, 0.05000000, -0.20000000, 0.03328560
0.12500000, 0.07500000, -0.20000000, 0.03494190
0.10000000, 0.10000000, -0.20000000, 0.03693309
0.07500000, 0.12500000, -0.20000000, 0.03917285
0.05000000, 0.15000000, -0.20000000, 0.04156928
0.02500000, 0.17500000, -0.20000000, 0.04426786
0.00000000, 0.20000000, -0.20000000, 0.04918382
-0.02500000, 0.20000000, -0.17500000, 0.05186469
-0.05000000, 0.20000000, -0.15000000, 0.04523413
-0.07500000, 0.20000000, -0.12500000, 0.03481328
-0.10000000, 0.20000000, -0.10000000, 0.02254125
-0.12500000, 0.20000000, -0.07500000, 0.00992332
-0.15000000, 0.20000000, -0.05000000, -0.00150223
-0.17500000, 0.20000000, -0.02500000, -0.00960852
-0.20000000, 0.20000000, 0.00000000, -0.00773562
-0.20000000, 0.17500000, 0.02500000, -0.00242281
-0.20000000, 0.15000000, 0.05000000, -0.00123881
-0.20000000, 0.12500000, 0.07500000, -0.00083213
-0.20000000, 0.10000000, 0.10000000, -0.00064669
-0.20000000, 0.07500000, 0.12500000, -0.00054340
-0.20000000, 0.05000000, 0.15000000, -0.00041396
-0.20000000, 0.02500000, 0.17500000, -0.00023835
-0.20000000, 0.00000000, 0.20000000, 0.00000597
-0.17500000, -0.02500000, 0.20000000, -0.00023835
-0.15000000, -0.05000000, 0.20000000, -0.00041396
-0.12500000, -0.07500000, 0.20000000, -0.00054340
-0.10000000, -0.10000000, 0.20000000, -0.00064669
-0.07500000, -0.12500000, 0.20000000, -0.00083213
-0.05000000, -0.15000000, 0.20000000, -0.00123881
-0.02500000, -0.17500000, 0.20000000, -0.00242281
0.00000000, -0.20000000, 0.20000000, -0.00773562
0.02500000, -0.20000000, 0.17500000, -0.00960852
0.05000000, -0.20000000, 0.15000000, -0.00150223
0.07500000, -0.20000000, 0.12500000, 0.00992332
0.10000000, -0.20000000, 0.10000000, 0.02254125
0.12500000, -0.20000000, 0.07500000, 0.03481328
0.15000000, -0.20000000, 0.05000000, 0.04523413
0.17500000, -0.20000000, 0.02500000, 0.05186469
0.20000000, -0.20000000, 0.00000000, 0.04918382
0.20000000, -0.17500000, -0.02500000, 0.04426786
0.20000000, -0.15000000, -0.05000000, 0.04156928
0.20000000, -0.12500000, -0.07500000, 0.03917285
0.20000000, -0.10000000, -0.10000000, 0.03693309
0.20000000, -0.07500000, -0.12500000, 0.03494190
0.20000000, -0.05000000, -0.15000000, 0.03328560
0.20000000, -0.02500000, -0.17500000, 0.03212575
0.25000000, 0.00000000, -0.25000000, 0.03169521
0.21875000, 0.03125000, -0.25000000, 0.03269571
0.18750000, 0.06250000, -0.25000000, 0.03425704
0.15625000, 0.09375000, -0.25000000, 0.03616759
0.12500000, 0.12500000, -0.25000000, 0.03827270
0.09375000, 0.15625000, -0.25000000, 0.04042122
0.06250000, 0.18750000, -0.25000000, 0.04245116
0.03125000, 0.21875000, -0.25000000, 0.04429917
0.00000000, 0.25000000, -0.25000000, 0.04695340
-0.03125000, 0.25000000, -0.21875000, 0.04842015
-0.06250000, 0.25000000, -0.18750000, 0.04241506
-0.09375000, 0.25000000, -0.15625000, 0.03324870
-0.12500000, 0.25000000, -0.12500000, 0.02260243
-0.15625000, 0.25000000, -0.09375000, 0.01172398
-0.18750000, 0.25000000, -0.06250000, 0.00190802
-0.21875000, 0.25000000, -0.03125000, -0.00495214
-0.25000000, 0.25000000, 0.00000000, -0.00314623
-0.25000000, 0.21875000, 0.03125000, 0.00057333
-0.25000000, 0.18750000, 0.06250000, 0.00099240
-0.25000000, 0.15625000, 0.09375000, 0.00087034
-0.25000000, 0.12500000, 0.12500000, 0.00068037
-0.25000000, 0.09375000, 0.15625000, 0.00052621
-0.25000000, 0.06250000, 0.18750000, 0.00047490
-0.25000000, 0.03125000, 0.21875000, 0.00052352
-0.25000000, 0.00000000, 0.25000000, 0.00067136
-0.21875000, -0.03125000, 0.25000000, 0.00052352
-0.18750000, -0.06250000, 0.25000000, 0.00047490
-0.15625000, -0.09375000, 0.25000000, 0.00052621
-0.12500000, -0.12500000, 0.25000000, 0.00068037
-0.09375000, -0.15625000, 0.25000000, 0.00087034
-0.06250000, -0.18750000, 0.25000000, 0.00099240
-0.03125000, -0.21875000, 0.25000000, 0.00057333
0.00000000, -0.25000000, 0.25000000, -0.00314623
0.03125000, -0.25000000, 0.21875000, -0.00495214
0.06250000, -0.25000000, 0.18750000, 0.00190802
0.09375000, -0.25000000, 0.15625000, 0.01172398
0.12500000, -0.25000000, 0.12500000, 0.02260243
0.15625000, -0.25000000, 0.09375000, 0.03324870
0.18750000, -0.25000000, 0.06250000, 0.04241506
0.21875000, -0.25000000, 0.03125000, 0.04842015
0.25000000, -0.25000000, 0.00000000, 0.04695340
0.25000000, -0.21875000, -0.03125000, 0.04429917
0.25000000, -0.18750000, -0.06250000, 0.04245116
0.25000000, -0.15625000, -0.09375000, 0.04042122
0.25000000, -0.12500000, -0.12500000, 0.03827270
0.25000000, -0.09375000, -0.15625000, 0.03616759
0.25000000, -0.06250000, -0.18750000, 0.03425704
0.25000000, -0.03125000, -0.21875000, 0.03269571
0.30000000, 0.00000000, -0.30000000, 0.02852455
0.26250000, 0.03750000, -0.30000000, 0.03055804
0.22500000, 0.07500000, -0.30000000, 0.03279476
0.18750000, 0.11250000, -0.30000000, 0.03511133
0.15000000, 0.15000000, -0.30000000, 0.03739583
0.11250000, 0.18750000, -0.30000000, 0.03948031
0.07500000, 0.22500000, -0.30000000, 0.04114681
0.03750000, 0.26250000, -0.30000000, 0.04214119
0.00000000, 0.30000000, -0.30000000, 0.04263929
-0.03750000, 0.30000000, -0.26250000, 0.04383015
-0.07500000, 0.30000000, -0.22500000, 0.03891363
-0.11250000, 0.30000000, -0.18750000, 0.03117347
-0.15000000, 0.30000000, -0.15000000, 0.02203917
-0.18750000, 0.30000000, -0.11250000, 0.01265376
-0.22500000, 0.30000000, -0.07500000, 0.00419813
-0.26250000, 0.30000000, -0.03750000, -0.00166948
-0.30000000, 0.30000000, 0.00000000, -0.00004818
-0.30000000, 0.26250000, 0.03750000, 0.00246555
-0.30000000, 0.22500000, 0.07500000, 0.00236606
-0.30000000, 0.18750000, 0.11250000, 0.00192366
-0.30000000, 0.15000000, 0.15000000, 0.00151109
-0.30000000, 0.11250000, 0.18750000, 0.00120472
-0.30000000, 0.07500000, 0.22500000, 0.00104135
-0.30000000, 0.03750000, 0.26250000, 0.00101252
-0.30000000, 0.00000000, 0.30000000, 0.00109739
-0.26250000, -0.03750000, 0.30000000, 0.00101252
-0.22500000, -0.07500000, 0.30000000, 0.00104135
-0.18750000, -0.11250000, 0.30000000, 0.00120472
-0.15000000, -0.15000000, 0.30000000, 0.00151109
-0.11250000, -0.18750000, 0.30000000, 0.00192366
-0.07500000, -0.22500000, 0.30000000, 0.00236606
-0.03750000, -0.26250000, 0.30000000, 0.00246555
0.00000000, -0.30000000, 0.30000000, -0.00004818
0.03750000, -0.30000000, 0.26250000, -0.00166948
0.07500000, -0.30000000, 0.22500000, 0.00419813
0.11250000, -0.30000000, 0.18750000, 0.01265376
0.15000000, -0.30000000, 0.15000000, 0.02203917
0.18750000, -0.30000000, 0.11250000, 0.03117347
0.22500000, -0.30000000, 0.07500000, 0.03891363
0.26250000, -0.30000000, 0.03750000, 0.04383015
0.30000000, -0.30000000, 0.00000000, 0.04263929
0.30000000, -0.26250000, -0.03750000, 0.04214119
0.30000000, -0.22500000, -0.07500000, 0.04114681
0.30000000, -0.18750000, -0.11250000, 0.03948031
0.30000000, -0.15000000, -0.15000000, 0.03739583
0.30000000, -0.11250000, -0.18750000, 0.03511133
0.30000000, -0.07500000, -0.22500000, 0.03279476
0.30000000, -0.03750000, -0.26250000, 0.03055804
0.35000000, 0.00000000, -0.35000000, 0.02254493
0.30625000, 0.04375000, -0.35000000, 0.02562230
0.26250000, 0.08750000, -0.35000000, 0.02856685
0.21875000, 0.13125000, -0.35000000, 0.03131288
0.17500000, 0.17500000, -0.35000000, 0.03377231
0.13125000, 0.21875000, -0.35000000, 0.03580457
0.08750000, 0.26250000, -0.35000000, 0.03713876
0.04375000, 0.30625000, -0.35000000, 0.03739078
0.00000000, 0.35000000, -0.35000000, 0.03609637
-0.04375000, 0.35000000, -0.30625000, 0.03777161
-0.08750000, 0.35000000, -0.26250000, 0.03436989
-0.13125000, 0.35000000, -0.21875000, 0.02825770
-0.17500000, 0.35000000, -0.17500000, 0.02064738
-0.21875000, 0.35000000, -0.13125000, 0.01265614
-0.26250000, 0.35000000, -0.08750000, 0.00542495
-0.30625000, 0.35000000, -0.04375000, 0.00041670
-0.35000000, 0.35000000, 0.00000000, 0.00176920
-0.35000000, 0.30625000, 0.04375000, 0.00343435
-0.35000000, 0.26250000, 0.08750000, 0.00306346
-0.35000000, 0.21875000, 0.13125000, 0.00248346
-0.35000000, 0.17500000, 0.17500000, 0.00198570
-0.35000000, 0.13125000, 0.21875000, 0.00160113
-0.35000000, 0.08750000, 0.26250000, 0.00137131
-0.35000000, 0.04375000, 0.30625000, 0.00127232
-0.35000000, 0.00000000, 0.35000000, 0.00128358
-0.30625000, -0.04375000, 0.35000000, 0.00127232
-0.26250000, -0.08750000, 0.35000000, 0.00137131
-0.21875000, -0.13125000, 0.35000000, 0.00160113
-0.17500000, -0.17500000, 0.35000000, 0.00198570
-0.13125000, -0.21875000, 0.35000000, 0.00248346
-0.08750000, -0.26250000, 0.35000000, 0.00306346
-0.04375000, -0.30625000, 0.35000000, 0.00343435
0.00000000, -0.35000000, 0.35000000, 0.00176920
0.04375000, -0.35000000, 0.30625000, 0.00041670
0.08750000, -0.35000000, 0.26250000, 0.00542495
0.13125000, -0.35000000, 0.21875000, 0.01265614
0.17500000, -0.35000000, 0.17500000, 0.02064738
0.21875000, -0.35000000, 0.13125000, 0.02825770
0.26250000, -0.35000000, 0.08750000, 0.03436989
0.30625000, -0.35000000, 0.04375000, 0.03777161
0.35000000, -0.35000000, 0.00000000, 0.03609637
0.35000000, -0.30625000, -0.04375000, 0.03739078
0.35000000, -0.26250000, -0.08750000, 0.03713876
0.35000000, -0.21875000, -0.13125000, 0.03580457
0.35000000, -0.17500000, -0.17500000, 0.03377231
0.35000000, -0.13125000, -0.21875000, 0.03131288
0.35000000, -0.08750000, -0.26250000, 0.02856685
0.35000000, -0.04375000, -0.30625000, 0.02562230
0.40000000, 0.00000000, -0.40000000, 0.01536579
0.35000000, 0.05000000, -0.40000000, 0.01894664
0.30000000, 0.10000000, -0.40000000, 0.02230377
0.25000000, 0.15000000, -0.40000000, 0.02530503
0.20000000, 0.20000000, -0.40000000, 0.02784404
0.15000000, 0.25000000, -0.40000000, 0.02975965
0.10000000, 0.30000000, -0.40000000, 0.03078289
0.05000000, 0.35000000, -0.40000000, 0.03047723
0.00000000, 0.40000000, -0.40000000, 0.02798043
-0.05000000, 0.40000000, -0.35000000, 0.03046430
-0.10000000, 0.40000000, -0.30000000, 0.02879707
-0.15000000, 0.40000000, -0.25000000, 0.02444240
-0.20000000, 0.40000000, -0.20000000, 0.01845512
-0.25000000, 0.40000000, -0.15000000, 0.01187982
-0.30000000, 0.40000000, -0.10000000, 0.00580320
-0.35000000, 0.40000000, -0.05000000, 0.00157662
-0.40000000, 0.40000000, 0.00000000, 0.00255611
-0.40000000, 0.35000000, 0.05000000, 0.00367187
-0.40000000, 0.30000000, 0.10000000, 0.00322761
-0.40000000, 0.25000000, 0.15000000, 0.00262873
-0.40000000, 0.20000000, 0.20000000, 0.00212091
-0.40000000, 0.15000000, 0.25000000, 0.00172722
-0.40000000, 0.10000000, 0.30000000, 0.00147078
-0.40000000, 0.05000000, 0.35000000, 0.00131085
-0.40000000, 0.00000000, 0.40000000, 0.00120948
-0.35000000, -0.05000000, 0.40000000, 0.00131085
-0.30000000, -0.10000000, 0.40000000, 0.00147078
-0.25000000, -0.15000000, 0.40000000, 0.00172722
-0.20000000, -0.20000000, 0.40000000, 0.00212091
-0.15000000, -0.25000000, 0.40000000, 0.00262873
-0.10000000, -0.30000000, 0.40000000, 0.00322761
-0.05000000, -0.35000000, 0.40000000, 0.00367187
0.00000000, -0.40000000, 0.40000000, 0.00255611
0.05000000, -0.40000000, 0.35000000, 0.00157662
0.10000000, -0.40000000, 0.30000000, 0.00580320
0.15000000, -0.40000000, 0.25000000, 0.01187982
0.20000000, -0.40000000, 0.20000000, 0.01845512
0.25000000, -0.40000000, 0.15000000, 0.02444240
0.30000000, -0.40000000, 0.10000000, 0.02879707
0.35000000, -0.40000000, 0.05000000, 0.03046430
0.40000000, -0.40000000, 0.00000000, 0.02798043
0.40000000, -0.35000000, -0.05000000, 0.03047723
0.40000000, -0.30000000, -0.10000000, 0.03078289
0.40000000, -0.25000000, -0.15000000, 0.02975965
0.40000000, -0.20000000, -0.20000000, 0.02784404
0.40000000, -0.15000000, -0.25000000, 0.02530503
0.40000000, -0.10000000, -0.30000000, 0.02230377
0.40000000, -0.05000000, -0.35000000, 0.01894664
0.45000000, 0.00000000, -0.45000000, 0.00890519
0.39375000, 0.05625000, -0.45000000, 0.01223391
0.33750000, 0.11250000, -0.45000000, 0.01546928
0.28125000, 0.16875000, -0.45000000, 0.01835808
0.22500000, 0.22500000, -0.45000000, 0.02074811
0.16875000, 0.28125000, -0.45000000, 0.02244199
0.11250000, 0.33750000, -0.45000000, 0.02319409
0.05625000, 0.39375000, -0.45000000, 0.02258187
0.00000000, 0.45000000, -0.45000000, 0.01963408
-0.05625000, 0.45000000, -0.39375000, 0.02280509
-0.11250000, 0.45000000, -0.33750000, 0.02274726
-0.16875000, 0.45000000, -0.28125000, 0.02008729
-0.22500000, 0.45000000, -0.22500000, 0.01565025
-0.28125000, 0.45000000, -0.16875000, 0.01040514
-0.33750000, 0.45000000, -0.11250000, 0.00540945
-0.39375000, 0.45000000, -0.05625000, 0.00189933
-0.45000000, 0.45000000, 0.00000000, 0.00248352
-0.45000000, 0.39375000, 0.05625000, 0.00329042
-0.45000000, 0.33750000, 0.11250000, 0.00291289
-0.45000000, 0.28125000, 0.16875000, 0.00239682
-0.45000000, 0.22500000, 0.22500000, 0.00194249
-0.45000000, 0.16875000, 0.28125000, 0.00158265
-0.45000000, 0.11250000, 0.33750000, 0.00131846
-0.45000000, 0.05625000, 0.39375000, 0.00111038
-0.45000000, 0.00000000, 0.45000000, 0.00091332
-0.39375000, -0.05625000, 0.45000000, 0.00111038
-0.33750000, -0.11250000, 0.45000000, 0.00131846
-0.28125000, -0.16875000, 0.45000000, 0.00158265
-0.22500000, -0.22500000, 0.45000000, 0.00194249
-0.16875000, -0.28125000, 0.45000000, 0.00239682
-0.11250000, -0.33750000, 0.45000000, 0.00291289
-0.05625000, -0.39375000, 0.45000000, 0.00329042
0.00000000, -0.45000000, 0.45000000, 0.00248352
0.05625000, -0.45000000, 0.39375000, 0.00189933
0.11250000, -0.45000000, 0.33750000, 0.00540945
0.16875000, -0.45000000, 0.28125000, 0.01040514
0.22500000, -0.45000000, 0.22500000, 0.01565025
0.28125000, -0.45000000, 0.16875000, 0.02008729
0.33750000, -0.45000000, 0.11250000, 0.02274726
0.39375000, -0.45000000, 0.05625000, 0.02280509
0.45000000, -0.45000000, 0.00000000, 0.01963408
0.45000000, -0.39375000, -0.05625000, 0.02258187
0.45000000, -0.33750000, -0.11250000, 0.02319409
0.45000000, -0.28125000, -0.16875000, 0.02244199
0.45000000, -0.22500000, -0.22500000, 0.02074811
0.45000000, -0.16875000, -0.28125000, 0.01835808
0.45000000, -0.11250000, -0.33750000, 0.01546928
0.45000000, -0.05625000, -0.39375000, 0.01223391
0.50000000, 0.00000000, -0.50000000, 0.00431341
0.43750000, 0.06250000, -0.50000000, 0.00683504
0.37500000, 0.12500000, -0.50000000, 0.00944941
0.31250000, 0.18750000, -0.50000000, 0.01184271
0.25000000, 0.25000000, -0.50000000, 0.01382393
0.18750000, 0.31250000, -0.50000000, 0.01519243
0.12500000, 0.37500000, -0.50000000, 0.01571873
0.06250000, 0.43750000, -0.50000000, 0.01504401
0.00000000, 0.50000000, -0.50000000, 0.01232409
-0.06250000, 0.50000000, -0.43750000, 0.01572740
-0.12500000, 0.50000000, -0.37500000, 0.01684934
-0.18750000, 0.50000000, -0.31250000, 0.01562061
-0.25000000, 0.50000000, -0.25000000, 0.01252183
-0.31250000, 0.50000000, -0.18750000, 0.00844738
-0.37500000, 0.50000000, -0.12500000, 0.00444864
-0.43750000, 0.50000000, -0.06250000, 0.00161166
-0.50000000, 0.50000000, 0.00000000, 0.00187855
-0.50000000, 0.43750000, 0.06250000, 0.00250949
-0.50000000, 0.37500000, 0.12500000, 0.00226427
-0.50000000, 0.31250000, 0.18750000, 0.00189323
-0.50000000, 0.25000000, 0.25000000, 0.00154122
-0.50000000, 0.18750000, 0.31250000, 0.00123710
-0.50000000, 0.12500000, 0.37500000, 0.00098425
-0.50000000, 0.06250000, 0.43750000, 0.00075924
-0.50000000, 0.00000000, 0.50000000, 0.00054011
-0.43750000, -0.06250000, 0.50000000, 0.00075924
-0.37500000, -0.12500000, 0.50000000, 0.00098425
-0.31250000, -0.18750000, 0.50000000, 0.00123710
-0.25000000, -0.25000000, 0.50000000, 0.00154122
-0.18750000, -0.31250000, 0.50000000, 0.00189323
-0.12500000, -0.37500000, 0.50000000, 0.00226427
-0.06250000, -0.43750000, 0.50000000, 0.00250949
0.00000000, -0.50000000, 0.50000000, 0.00187855
0.06250000, -0.50000000, 0.43750000, 0.00161166
0.12500000, -0.50000000, 0.37500000, 0.00444864
0.18750000, -0.50000000, 0.31250000, 0.00844738
0.25000000, -0.50000000, 0.25000000, 0.01252183
0.31250000, -0.50000000, 0.18750000, 0.01562061
0.37500000, -0.50000000, 0.12500000, 0.01684934
0.43750000, -0.50000000, 0.06250000, 0.01572740
0.50000000, -0.50000000, 0.00000000, 0.01232409
0.50000000, -0.43750000, -0.06250000, 0.01504401
0.50000000, -0.37500000, -0.12500000, 0.01571873
0.50000000, -0.31250000, -0.18750000, 0.01519243
0.50000000, -0.25000000, -0.25000000, 0.01382393
0.50000000, -0.18750000, -0.31250000, 0.01184271
0.50000000, -0.12500000, -0.37500000, 0.00944941
0.50000000, -0.06250000, -0.43750000, 0.00683504
0.55000000, 0.00000000, -0.55000000, 0.00169747
0.48125000, 0.06875000, -0.55000000, 0.00325086
0.41250000, 0.13750000, -0.55000000, 0.00501092
0.34375000, 0.20625000, -0.55000000, 0.00669891
0.27500000, 0.27500000, -0.55000000, 0.00812101
0.20625000, 0.34375000, -0.55000000, 0.00910136
0.13750000, 0.41250000, -0.55000000, 0.00943732
0.06875000, 0.48125000, -0.55000000, 0.00886399
0.00000000, 0.55000000, -0.55000000, 0.00677763
-0.06875000, 0.55000000, -0.48125000, 0.00984454
-0.13750000, 0.55000000, -0.41250000, 0.01157114
-0.20625000, 0.55000000, -0.34375000, 0.01138317
-0.27500000, 0.55000000, -0.27500000, 0.00939273
-0.34375000, 0.55000000, -0.20625000, 0.00635597
-0.41250000, 0.55000000, -0.13750000, 0.00327567
-0.48125000, 0.55000000, -0.06875000, 0.00109157
-0.55000000, 0.55000000, 0.00000000, 0.00115857
-0.55000000, 0.48125000, 0.06875000, 0.00164129
-0.55000000, 0.41250000, 0.13750000, 0.00152162
-0.55000000, 0.34375000, 0.20625000, 0.00129332
-0.55000000, 0.27500000, 0.27500000, 0.00105380
-0.55000000, 0.20625000, 0.34375000, 0.00082138
-0.55000000, 0.13750000, 0.41250000, 0.00061161
-0.55000000, 0.06875000, 0.48125000, 0.00041696
-0.55000000, 0.00000000, 0.55000000, 0.00024476
-0.48125000, -0.06875000, 0.55000000, 0.00041696
-0.41250000, -0.13750000, 0.55000000, 0.00061161
-0.34375000, -0.20625000, 0.55000000, 0.00082138
-0.27500000, -0.27500000, 0.55000000, 0.00105380
-0.20625000, -0.34375000, 0.55000000, 0.00129332
-0.13750000, -0.41250000, 0.55000000, 0.00152162
-0.06875000, -0.48125000, 0.55000000, 0.00164129
0.00000000, -0.55000000, 0.55000000, 0.00115857
0.06875000, -0.55000000, 0.48125000, 0.00109157
0.13750000, -0.55000000, 0.41250000, 0.00327567
0.20625000, -0.55000000, 0.34375000, 0.00635597
0.27500000, -0.55000000, 0.27500000, 0.00939273
0.34375000, -0.55000000, 0.20625000, 0.01138317
0.41250000, -0.55000000, 0.13750000, 0.01157114
0.48125000, -0.55000000, 0.06875000, 0.00984454
0.55000000, -0.55000000, 0.00000000, 0.00677763
0.55000000, -0.48125000, -0.06875000, 0.00886399
0.55000000, -0.41250000, -0.13750000, 0.00943732
0.55000000, -0.34375000, -0.20625000, 0.00910136
0.55000000, -0.27500000, -0.27500000, 0.00812101
0.55000000, -0.20625000, -0.34375000, 0.00669891
0.55000000, -0.13750000, -0.41250000, 0.00501092
0.55000000, -0.06875000, -0.48125000, 0.00325086
0.60000000, 0.00000000, -0.60000000, 0.00051776
0.52500000, 0.07500000, -0.60000000, 0.00127570
0.45000000, 0.15000000, -0.60000000, 0.00224959
0.37500000, 0.22500000, -0.60000000, 0.00325082
0.30000000, 0.30000000, -0.60000000, 0.00412383
0.22500000, 0.37500000, -0.60000000, 0.00472583
0.15000000, 0.45000000, -0.60000000, 0.00490781
0.07500000, 0.52500000, -0.60000000, 0.00450369
0.00000000, 0.60000000, -0.60000000, 0.00315225
-0.07500000, 0.60000000, -0.52500000, 0.00545998
-0.15000000, 0.60000000, -0.45000000, 0.00724415
-0.22500000, 0.60000000, -0.37500000, 0.00766856
-0.30000000, 0.60000000, -0.30000000, 0.00655131
-0.37500000, 0.60000000, -0.22500000, 0.00443180
-0.45000000, 0.60000000, -0.15000000, 0.00218706
-0.52500000, 0.60000000, -0.07500000, 0.00062546
-0.60000000, 0.60000000, 0.00000000, 0.00059989
-0.60000000, 0.52500000, 0.07500000, 0.00092536
-0.60000000, 0.45000000, 0.15000000, 0.00088569
-0.60000000, 0.37500000, 0.22500000, 0.00075845
-0.60000000, 0.30000000, 0.30000000, 0.00061052
-0.60000000, 0.22500000, 0.37500000, 0.00045820
-0.60000000, 0.15000000, 0.45000000, 0.00031737
-0.60000000, 0.07500000, 0.52500000, 0.00018817
-0.60000000, 0.00000000, 0.60000000, 0.00008673
-0.52500000, -0.07500000, 0.60000000, 0.00018817
-0.45000000, -0.15000000, 0.60000000, 0.00031737
-0.37500000, -0.22500000, 0.60000000, 0.00045820
-0.30000000, -0.30000000, 0.60000000, 0.00061052
-0.22500000, -0.37500000, 0.60000000, 0.00075845
-0.15000000, -0.45000000, 0.60000000, 0.00088569
-0.07500000, -0.52500000, 0.60000000, 0.00092536
0.00000000, -0.60000000, 0.60000000, 0.00059989
0.07500000, -0.60000000, 0.52500000, 0.00062546
0.15000000, -0.60000000, 0.45000000, 0.00218706
0.22500000, -0.60000000, 0.37500000, 0.00443180
0.30000000, -0.60000000, 0.30000000, 0.00655131
0.37500000, -0.60000000, 0.22500000, 0.00766856
0.45000000, -0.60000000, 0.15000000, 0.00724415
0.52500000, -0.60000000, 0.07500000, 0.00545998
0.60000000, -0.60000000, 0.00000000, 0.00315225
0.60000000, -0.52500000, -0.07500000, 0.00450369
0.60000000, -0.45000000, -0.15000000, 0.00490781
0.60000000, -0.37500000, -0.22500000, 0.00472583
0.60000000, -0.30000000, -0.30000000, 0.00412383
0.60000000, -0.22500000, -0.37500000, 0.00325082
0.60000000, -0.15000000, -0.45000000, 0.00224959
0.60000000, -0.07500000, -0.52500000, 0.00127570
0.65000000, 0.00000000, -0.65000000, 0.00011426
0.56875000, 0.08125000, -0.65000000, 0.00039240
0.48750000, 0.16250000, -0.65000000, 0.00082410
0.40625000, 0.24375000, -0.65000000, 0.00131173
0.32500000, 0.32500000, -0.65000000, 0.00175983
0.24375000, 0.40625000, -0.65000000, 0.00206536
0.16250000, 0.48750000, -0.65000000, 0.00214288
0.08125000, 0.56875000, -0.65000000, 0.00190610
0.00000000, 0.65000000, -0.65000000, 0.00118013
-0.08125000, 0.65000000, -0.56875000, 0.00260976
-0.16250000, 0.65000000, -0.48750000, 0.00406369
-0.24375000, 0.65000000, -0.40625000, 0.00471479
-0.32500000, 0.65000000, -0.32500000, 0.00420034
-0.40625000, 0.65000000, -0.24375000, 0.00283174
-0.48750000, 0.65000000, -0.16250000, 0.00131242
-0.56875000, 0.65000000, -0.08125000, 0.00029896
-0.65000000, 0.65000000, 0.00000000, 0.00025961
-0.65000000, 0.56875000, 0.08125000, 0.00044352
-0.65000000, 0.48750000, 0.16250000, 0.00043898
-0.65000000, 0.40625000, 0.24375000, 0.00037333
-0.65000000, 0.32500000, 0.32500000, 0.00029071
-0.65000000, 0.24375000, 0.40625000, 0.00020987
-0.65000000, 0.16250000, 0.48750000, 0.00013708
-0.65000000, 0.08125000, 0.56875000, 0.00007431
-0.65000000, 0.00000000, 0.65000000, 0.00002860
-0.56875000, -0.08125000, 0.65000000, 0.00007431
-0.48750000, -0.16250000, 0.65000000, 0.00013708
-0.40625000, -0.24375000, 0.65000000, 0.00020987
-0.32500000, -0.32500000, 0.65000000, 0.00029071
-0.24375000, -0.40625000, 0.65000000, 0.00037333
-0.16250000, -0.48750000, 0.65000000, 0.00043898
-0.08125000, -0.56875000, 0.65000000, 0.00044352
0.00000000, -0.65000000, 0.65000000, 0.00025961
0.08125000, -0.65000000, 0.56875000, 0.00029896
0.16250000, -0.65000000, 0.48750000, 0.00131242
0.24375000, -0.65000000, 0.40625000, 0.00283174
0.32500000, -0.65000000, 0.32500000, 0.00420034
0.40625000, -0.65000000, 0.24375000, 0.00471479
0.48750000, -0.65000000, 0.16250000, 0.00406369
0.56875000, -0.65000000, 0.08125000, 0.00260976
0.65000000, -0.65000000, 0.00000000, 0.00118013
0.65000000, -0.56875000, -0.08125000, 0.00190610
0.65000000, -0.48750000, -0.16250000, 0.00214288
0.65000000, -0.40625000, -0.24375000, 0.00206536
0.65000000, -0.32500000, -0.32500000, 0.00175983
0.65000000, -0.24375000, -0.40625000, 0.00131173
0.65000000, -0.16250000, -0.48750000, 0.00082410
0.65000000, -0.08125000, -0.56875000, 0.00039240
0.70000000, 0.00000000, -0.70000000, 0.00001765
0.61250000, 0.08750000, -0.70000000, 0.00009235
0.52500000, 0.17500000, -0.70000000, 0.00024003
0.43750000, 0.26250000, -0.70000000, 0.00042556
0.35000000, 0.35000000, -0.70000000, 0.00060786
0.26250000, 0.43750000, -0.70000000, 0.00073205
0.17500000, 0.52500000, -0.70000000, 0.00075835
0.08750000, 0.61250000, -0.70000000, 0.00064982
0.00000000, 0.70000000, -0.70000000, 0.00034745
-0.08750000, 0.70000000, -0.61250000, 0.00105950
-0.17500000, 0.70000000, -0.52500000, 0.00201822
-0.26250000, 0.70000000, -0.43750000, 0.00261848
-0.35000000, 0.70000000, -0.35000000, 0.00243387
-0.43750000, 0.70000000, -0.26250000, 0.00161000
-0.52500000, 0.70000000, -0.17500000, 0.00067297
-0.61250000, 0.70000000, -0.08750000, 0.00008862
-0.70000000, 0.70000000, 0.00000000, 0.00007739
-0.70000000, 0.61250000, 0.08750000, 0.00016596
-0.70000000, 0.52500000, 0.17500000, 0.00017120
-0.70000000, 0.43750000, 0.26250000, 0.00014511
-0.70000000, 0.35000000, 0.35000000, 0.00010847
-0.70000000, 0.26250000, 0.43750000, 0.00007512
-0.70000000, 0.17500000, 0.52500000, 0.00004618
-0.70000000, 0.08750000, 0.61250000, 0.00002421
-0.70000000, 0.00000000, 0.70000000, 0.00000822
-0.61250000, -0.08750000, 0.70000000, 0.00002421
-0.52500000, -0.17500000, 0.70000000, 0.00004618
-0.43750000, -0.26250000, 0.70000000, 0.00007512
-0.35000000, -0.35000000, 0.70000000, 0.00010847
-0.26250000, -0.43750000, 0.70000000, 0.00014511
-0.17500000, -0.52500000, 0.70000000, 0.00017120
-0.08750000, -0.61250000, 0.70000000, 0.00016596
0.00000000, -0.70000000, 0.70000000, 0.00007739
0.08750000, -0.70000000, 0.61250000, 0.00008862
0.17500000, -0.70000000, 0.52500000, 0.00067297
0.26250000, -0.70000000, 0.43750000, 0.00161000
0.35000000, -0.70000000, 0.35000000, 0.00243387
0.43750000, -0.70000000, 0.26250000, 0.00261848
0.52500000, -0.70000000, 0.17500000, 0.00201822
0.61250000, -0.70000000, 0.08750000, 0.00105950
0.70000000, -0.70000000, 0.00000000, 0.00034745
0.70000000, -0.61250000, -0.08750000, 0.00064982
0.70000000, -0.52500000, -0.17500000, 0.00075835
0.70000000, -0.43750000, -0.26250000, 0.00073205
0.70000000, -0.35000000, -0.35000000, 0.00060786
0.70000000, -0.26250000, -0.43750000, 0.00042556
0.70000000, -0.17500000, -0.52500000, 0.00024003
0.70000000, -0.08750000, -0.61250000, 0.00009235
0.75000000, 0.00000000, -0.75000000, 0.00000246
0.65625000, 0.09375000, -0.75000000, 0.00002356
0.56250000, 0.18750000, -0.75000000, 0.00006112
0.46875000, 0.28125000, -0.75000000, 0.00011071
0.37500000, 0.37500000, -0.75000000, 0.00016241
0.28125000, 0.46875000, -0.75000000, 0.00020304
0.18750000, 0.56250000, -0.75000000, 0.00021357
0.09375000, 0.65625000, -0.75000000, 0.00018045
0.00000000, 0.75000000, -0.75000000, 0.00009718
-0.09375000, 0.75000000, -0.65625000, 0.00037414
-0.18750000, 0.75000000, -0.56250000, 0.00087816
-0.28125000, 0.75000000, -0.46875000, 0.00129227
-0.37500000, 0.75000000, -0.37500000, 0.00124167
-0.46875000, 0.75000000, -0.28125000, 0.00078022
-0.56250000, 0.75000000, -0.18750000, 0.00026768
-0.65625000, 0.75000000, -0.09375000, -0.00002207
-0.75000000, 0.75000000, 0.00000000, -0.00000396
-0.75000000, 0.65625000, 0.09375000, 0.00003449
-0.75000000, 0.56250000, 0.18750000, 0.00004017
-0.75000000, 0.46875000, 0.28125000, 0.00003788
-0.75000000, 0.37500000, 0.37500000, 0.00002981
-0.75000000, 0.28125000, 0.46875000, 0.00001855
-0.75000000, 0.18750000, 0.56250000, 0.00000784
-0.75000000, 0.09375000, 0.65625000, 0.00000034
-0.75000000, 0.00000000, 0.75000000, -0.00000360
-0.65625000, -0.09375000, 0.75000000, 0.00000034
-0.56250000, -0.18750000, 0.75000000, 0.00000784
-0.46875000, -0.28125000, 0.75000000, 0.00001855
-0.37500000, -0.37500000, 0.75000000, 0.00002981
-0.28125000, -0.46875000, 0.75000000, 0.00003788
-0.18750000, -0.56250000, 0.75000000, 0.00004017
-0.09375000, -0.65625000, 0.75000000, 0.00003449
0.00000000, -0.75000000, 0.75000000, -0.00000396
0.09375000, -0.75000000, 0.65625000, -0.00002207
0.18750000, -0.75000000, 0.56250000, 0.00026768
0.28125000, -0.75000000, 0.46875000, 0.00078022
0.37500000, -0.75000000, 0.37500000, 0.00124167
0.46875000, -0.75000000, 0.28125000, 0.00129227
0.56250000, -0.75000000, 0.18750000, 0.00087816
0.65625000, -0.75000000, 0.09375000, 0.00037414
0.75000000, -0.75000000, 0.00000000, 0.00009718
0.75000000, -0.65625000, -0.09375000, 0.00018045
0.75000000, -0.56250000, -0.18750000, 0.00021357
0.75000000, -0.46875000, -0.28125000, 0.00020304
0.75000000, -0.37500000, -0.37500000, 0.00016241
0.75000000, -0.28125000, -0.46875000, 0.00011071
0.75000000, -0.18750000, -0.56250000, 0.00006112
0.75000000, -0.09375000, -0.65625000, 0.00002356
0.80000000, 0.00000000, -0.80000000, 0.00000015
0.70000000, 0.10000000, -0.80000000, 0.00000840
0.60000000, 0.20000000, -0.80000000, 0.00001469
0.50000000, 0.30000000, -0.80000000, 0.00002228
0.40000000, 0.40000000, -0.80000000, 0.00003016
0.30000000, 0.50000000, -0.80000000, 0.00004087
0.20000000, 0.60000000, -0.80000000, 0.00004550
0.10000000, 0.70000000, -0.80000000, 0.00004017
0.00000000, 0.80000000, -0.80000000, 0.00002657
-0.10000000, 0.80000000, -0.70000000, 0.00010887
-0.20000000, 0.80000000, -0.60000000, 0.00031511
-0.30000000, 0.80000000, -0.50000000, 0.00053533
-0.40000000, 0.80000000, -0.40000000, 0.00053425
-0.50000000, 0.80000000, -0.30000000, 0.00031447
-0.60000000, 0.80000000, -0.20000000, 0.00007899
-0.70000000, 0.80000000, -0.10000000, -0.00003499
-0.80000000, 0.80000000, 0.00000000, -0.00001297
-0.80000000, 0.70000000, 0.10000000, -0.00000147
-0.80000000, 0.60000000, 0.20000000, 0.00000134
-0.80000000, 0.50000000, 0.30000000, 0.00000449
-0.80000000, 0.40000000, 0.40000000, 0.00000565
-0.80000000, 0.30000000, 0.50000000, 0.00000205
-0.80000000, 0.20000000, 0.60000000, -0.00000193
-0.80000000, 0.10000000, 0.70000000, -0.00000518
-0.80000000, 0.00000000, 0.80000000, -0.00000471
-0.70000000, -0.10000000, 0.80000000, -0.00000518
-0.60000000, -0.20000000, 0.80000000, -0.00000193
-0.50000000, -0.30000000, 0.80000000, 0.00000205
-0.40000000, -0.40000000, 0.80000000, 0.00000565
-0.30000000, -0.50000000, 0.80000000, 0.00000449
-0.20000000, -0.60000000, 0.80000000, 0.00000134
-0.10000000, -0.70000000, 0.80000000, -0.00000147
0.00000000, -0.80000000, 0.80000000, -0.00001297
0.10000000, -0.80000000, 0.70000000, -0.00003499
0.20000000, -0.80000000, 0.60000000, 0.00007899
0.30000000, -0.80000000, 0.50000000, 0.00031447
0.40000000, -0.80000000, 0.40000000, 0.00053425
0.50000000, -0.80000000, 0.30000000, 0.00053533
0.60000000, -0.80000000, 0.20000000, 0.00031511
0.70000000, -0.80000000, 0.10000000, 0.00010887
0.80000000, -0.80000000, 0.00000000, 0.00002657
0.80000000, -0.70000000, -0.10000000, 0.00004017
0.80000000, -0.60000000, -0.20000000, 0.00004550
0.80000000, -0.50000000, -0.30000000, 0.00004087
0.80000000, -0.40000000, -0.40000000, 0.00003016
0.80000000, -0.30000000, -0.50000000, 0.00002228
0.80000000, -0.20000000, -0.60000000, 0.00001469
0.80000000, -0.10000000, -0.70000000, 0.00000840
0.85000000, 0.00000000, -0.85000000, 0.00000005
0.74375000, 0.10625000, -0.85000000, -0.00000293
0.63750000, 0.21250000, -0.85000000, -0.00000385
0.53125000, 0.31875000, -0.85000000, -0.00000241
0.42500000, 0.42500000, -0.85000000, -0.00000005
0.31875000, 0.53125000, -0.85000000, -0.00000005
0.21250000, 0.63750000, -0.85000000, -0.00000187
0.10625000, 0.74375000, -0.85000000, -0.00000509
0.00000000, 0.85000000, -0.85000000, -0.00001457
-0.10625000, 0.85000000, -0.74375000, 0.00000172
-0.21250000, 0.85000000, -0.63750000, 0.00006804
-0.31875000, 0.85000000, -0.53125000, 0.00015631
-0.42500000, 0.85000000, -0.42500000, 0.00017909
-0.53125000, 0.85000000, -0.31875000, 0.00011179
-0.63750000, 0.85000000, -0.21250000, 0.00003112
-0.74375000, 0.85000000, -0.10625000, 0.00000280
-0.85000000, 0.85000000, 0.00000000, 0.00000908
-0.85000000, 0.74375000, 0.10625000, 0.00000554
-0.85000000, 0.63750000, 0.21250000, 0.00000486
-0.85000000, 0.53125000, 0.31875000, 0.00000217
-0.85000000, 0.42500000, 0.42500000, 0.00000021
-0.85000000, 0.31875000, 0.53125000, 0.00000011
-0.85000000, 0.21250000, 0.63750000, 0.00000107
-0.85000000, 0.10625000, 0.74375000, 0.00000202
-0.85000000, 0.00000000, 0.85000000, 0.00000317
-0.74375000, -0.10625000, 0.85000000, 0.00000202
-0.63750000, -0.21250000, 0.85000000, 0.00000107
-0.53125000, -0.31875000, 0.85000000, 0.00000011
-0.42500000, -0.42500000, 0.85000000, 0.00000021
-0.31875000, -0.53125000, 0.85000000, 0.00000217
-0.21250000, -0.63750000, 0.85000000, 0.00000486
-0.10625000, -0.74375000, 0.85000000, 0.00000554
0.00000000, -0.85000000, 0.85000000, 0.00000908
0.10625000, -0.85000000, 0.74375000, 0.00000280
0.21250000, -0.85000000, 0.63750000, 0.00003112
0.31875000, -0.85000000, 0.53125000, 0.00011179
0.42500000, -0.85000000, 0.42500000, 0.00017909
0.53125000, -0.85000000, 0.31875000, 0.00015631
0.63750000, -0.85000000, 0.21250000, 0.00006804
0.74375000, -0.85000000, 0.10625000, 0.00000172
0.85000000, -0.85000000, 0.00000000, -0.00001457
0.85000000, -0.74375000, -0.10625000, -0.00000509
0.85000000, -0.63750000, -0.21250000, -0.00000187
0.85000000, -0.53125000, -0.31875000, -0.00000005
0.85000000, -0.42500000, -0.42500000, -0.00000005
0.85000000, -0.31875000, -0.53125000, -0.00000241
0.85000000, -0.21250000, -0.63750000, -0.00000385
0.85000000, -0.10625000, -0.74375000, -0.00000293
0.90000000, 0.00000000, -0.90000000, -0.00000000
0.78750000, 0.11250000, -0.90000000, -0.00000340
0.67500000, 0.22500000, -0.90000000, -0.00000382
0.56250000, 0.33750000, -0.90000000, -0.00000292
0.45000000, 0.45000000, -0.90000000, -0.00000121
0.33750000, 0.56250000, -0.90000000, -0.00000272
0.22500000, 0.67500000, -0.90000000, -0.00000478
0.11250000, 0.78750000, -0.90000000, -0.00000663
0.00000000, 0.90000000, -0.90000000, -0.00000991
-0.11250000, 0.90000000, -0.78750000, -0.00001194
-0.22500000, 0.90000000, -0.67500000, 0.00000208
-0.33750000, 0.90000000, -0.56250000, 0.00002493
-0.45000000, 0.90000000, -0.45000000, 0.00003893
-0.56250000, 0.90000000, -0.33750000, 0.00002903
-0.67500000, 0.90000000, -0.22500000, 0.00001229
-0.78750000, 0.90000000, -0.11250000, 0.00000904
-0.90000000, 0.90000000, 0.00000000, 0.00000729
-0.90000000, 0.78750000, 0.11250000, 0.00000520
-0.90000000, 0.67500000, 0.22500000, 0.00000434
-0.90000000, 0.56250000, 0.33750000, 0.00000165
-0.90000000, 0.45000000, 0.45000000, -0.00000046
-0.90000000, 0.33750000, 0.56250000, 0.00000040
-0.90000000, 0.22500000, 0.67500000, 0.00000194
-0.90000000, 0.11250000, 0.78750000, 0.00000349
-0.90000000, 0.00000000, 0.90000000, 0.00000310
-0.78750000, -0.11250000, 0.90000000, 0.00000349
-0.67500000, -0.22500000, 0.90000000, 0.00000194
-0.56250000, -0.33750000, 0.90000000, 0.00000040
-0.45000000, -0.45000000, 0.90000000, -0.00000046
-0.33750000, -0.56250000, 0.90000000, 0.00000165
-0.22500000, -0.67500000, 0.90000000, 0.00000434
-0.11250000, -0.78750000, 0.90000000, 0.00000520
0.00000000, -0.90000000, 0.90000000, 0.00000729
0.11250000, -0.90000000, 0.78750000, 0.00000904
0.22500000, -0.90000000, 0.67500000, 0.00001229
0.33750000, -0.90000000, 0.56250000, 0.00002903
0.45000000, -0.90000000, 0.45000000, 0.00003893
0.56250000, -0.90000000, 0.33750000, 0.00002493
0.67500000, -0.90000000, 0.22500000, 0.00000208
0.78750000, -0.90000000, 0.11250000, -0.00001194
0.90000000, -0.90000000, 0.00000000, -0.00000991
0.90000000, -0.78750000, -0.11250000, -0.00000663
0.90000000, -0.67500000, -0.22500000, -0.00000478
0.90000000, -0.56250000, -0.33750000, -0.00000272
0.90000000, -0.45000000, -0.45000000, -0.00000121
0.90000000, -0.33750000, -0.56250000, -0.00000292
0.90000000, -0.22500000, -0.67500000, -0.00000382
0.90000000, -0.11250000, -0.78750000, -0.00000340
0.95000000, 0.00000000, -0.95000000, -0.00000019
0.83125000, 0.11875000, -0.95000000, 0.00000298
0.71250000, 0.23750000, -0.95000000, 0.00000413
0.59375000, 0.35625000, -0.95000000, 0.00000366
0.47500000, 0.47500000, -0.95000000, 0.00000236
0.35625000, 0.59375000, -0.95000000, 0.00000382
0.23750000, 0.71250000, -0.95000000, 0.00000597
0.11875000, 0.83125000, -0.95000000, 0.00000810
0.00000000, 0.95000000, -0.95000000, 0.00001430
-0.11875000, 0.95000000, -0.83125000, 0.00001350
-0.23750000, 0.95000000, -0.71250000, 0.00001028
-0.35625000, 0.95000000, -0.59375000, 0.00001069
-0.47500000, 0.95000000, -0.47500000, 0.00000279
-0.59375000, 0.95000000, -0.35625000, -0.00000672
-0.71250000, 0.95000000, -0.23750000, -0.00000944
-0.83125000, 0.95000000, -0.11875000, -0.00001215
-0.95000000, 0.95000000, 0.00000000, -0.00000952
-0.95000000, 0.83125000, 0.11875000, -0.00000525
-0.95000000, 0.71250000, 0.23750000, -0.00000429
-0.95000000, 0.59375000, 0.35625000, -0.00000161
-0.95000000, 0.47500000, 0.47500000, 0.00000035
-0.95000000, 0.35625000, 0.59375000, -0.00000018
-0.95000000, 0.23750000, 0.71250000, -0.00000153
-0.95000000, 0.11875000, 0.83125000, -0.00000293
-0.95000000, 0.00000000, 0.95000000, -0.00000355
-0.83125000, -0.11875000, 0.95000000, -0.00000293
-0.71250000, -0.23750000, 0.95000000, -0.00000153
-0.59375000, -0.35625000, 0.95000000, -0.00000018
-0.47500000, -0.47500000, 0.95000000, 0.00000035
-0.35625000, -0.59375000, 0.95000000, -0.00000161
-0.23750000, -0.71250000, 0.95000000, -0.00000429
-0.11875000, -0.83125000, 0.95000000, -0.00000525
0.00000000, -0.95000000, 0.95000000, -0.00000952
0.11875000, -0.95000000, 0.83125000, -0.00001215
0.23750000, -0.95000000, 0.71250000, -0.00000944
0.35625000, -0.95000000, 0.59375000, -0.00000672
0.47500000, -0.95000000, 0.47500000, 0.00000279
0.59375000, -0.95000000, 0.35625000, 0.00001069
0.71250000, -0.95000000, 0.23750000, 0.00001028
0.83125000, -0.95000000, 0.11875000, 0.00001350
0.95000000, -0.95000000, 0.00000000, 0.00001430
0.95000000, -0.83125000, -0.11875000, 0.00000810
0.95000000, -0.71250000, -0.23750000, 0.00000597
0.95000000, -0.59375000, -0.35625000, 0.00000382
0.95000000, -0.47500000, -0.47500000, 0.00000236
0.95000000, -0.35625000, -0.59375000, 0.00000366
0.95000000, -0.23750000, -0.71250000, 0.00000413
0.95000000, -0.11875000, -0.83125000, 0.00000298
1.00000000, 0.00000000, -1.00000000, 0.00000000
0.87500000, 0.12500000, -1.00000000, 0.00000000
0.75000000, 0.25000000, -1.00000000, 0.00000000
0.62500000, 0.37500000, -1.00000000, 0.00000000
0.50000000, 0.50000000, -1.00000000, 0.00000000
0.37500000, 0.62500000, -1.00000000, 0.00000000
0.25000000, 0.75000000, -1.00000000, 0.00000000
0.12500000, 0.87500000, -1.00000000, 0.00000000
0.00000000, 1.00000000, -1.00000000, 0.00000000
-0.12500000, 1.00000000, -0.87500000, 0.00000000
-0.25000000, 1.00000000, -0.75000000, 0.00000000
-0.37500000, 1.00000000, -0.62500000, 0.00000000
-0.50000000, 1.00000000, -0.50000000, 0.00000000
-0.62500000, 1.00000000, -0.37500000, 0.00000000
-0.75000000, 1.00000000, -0.25000000, 0.00000000
-0.87500000, 1.00000000, -0.12500000, 0.00000000
-1.00000000, 1.00000000, 0.00000000, 0.00000000
-1.00000000, 0.87500000, 0.12500000, 0.00000000
-1.00000000, 0.75000000, 0.25000000, 0.00000000
-1.00000000, 0.62500000, 0.37500000, 0.00000000
-1.00000000, 0.50000000, 0.50000000, 0.00000000
-1.00000000, 0.37500000, 0.62500000, 0.00000000
-1.00000000, 0.25000000, 0.75000000, 0.00000000
-1.00000000, 0.12500000, 0.87500000, 0.00000000
-1.00000000, 0.00000000, 1.00000000, 0.00000000
-0.87500000, -0.12500000, 1.00000000, 0.00000000
-0.75000000, -0.25000000, 1.00000000, 0.00000000
-0.62500000, -0.37500000, 1.00000000, 0.00000000
-0.50000000, -0.50000000, 1.00000000, 0.00000000
-0.37500000, -0.62500000, 1.00000000, 0.00000000
-0.25000000, -0.75000000, 1.00000000, 0.00000000
-0.12500000, -0.87500000, 1.00000000, 0.00000000
0.00000000, -1.00000000, 1.00000000, 0.00000000
0.12500000, -1.00000000, 0.87500000, 0.00000000
0.25000000, -1.00000000, 0.75000000, 0.00000000
0.37500000, -1.00000000, 0.62500000, 0.00000000
0.50000000, -1.00000000, 0.50000000, 0.00000000
0.62500000, -1.00000000, 0.37500000, 0.00000000
0.75000000, -1.00000000, 0.25000000, 0.00000000
0.87500000, -1.00000000, 0.12500000, 0.00000000
1.00000000, -1.00000000, 0.00000000, 0.00000000
1.00000000, -0.87500000, -0.12500000, 0.00000000
1.00000000, -0.75000000, -0.25000000, 0.00000000
1.00000000, -0.62500000, -0.37500000, 0.00000000
1.00000000, -0.50000000, -0.50000000, 0.00000000
1.00000000, -0.37500000, -0.62500000, 0.00000000
1.00000000, -0.25000000, -0.75000000, 0.00000000
1.00000000, -0.12500000, -0.87500000, 0.00000000
