0.01000000, 0.00000000, -0.01000000, 0.00037008
0.00000000, 0.01000000, -0.01000000, 0.00974003
-0.00125000, 0.01000000, -0.00875000, 0.00892141
-0.00250000, 0.01000000, -0.00750000, 0.00672140
-0.00375000, 0.01000000, -0.00625000, 0.00359047
-0.00500000, 0.01000000, -0.00500000, 0.00000000
-0.00625000, 0.01000000, -0.00375000, -0.00359047
-0.00750000, 0.01000000, -0.00250000, -0.00672140
-0.00875000, 0.01000000, -0.00125000, -0.00892141
-0.01000000, 0.01000000, 0.00000000, -0.00974003
-0.01000000, 0.00875000, 0.00125000, -0.00937062
-0.01000000, 0.00750000, 0.00250000, -0.00806068
-0.01000000, 0.00625000, 0.00375000, -0.00676934
-0.01000000, 0.00500000, 0.00500000, -0.00483115
-0.01000000, 0.00375000, 0.00625000, -0.00321144
-0.01000000, 0.00250000, 0.00750000, -0.00165001
-0.01000000, 0.00125000, 0.00875000, -0.00074183
-0.01000000, 0.00000000, 0.01000000, -0.00037008
0.00000000, -0.01000000, 0.01000000, -0.00974003
0.00125000, -0.01000000, 0.00875000, -0.00892141
0.00250000, -0.01000000, 0.00750000, -0.00672140
0.00375000, -0.01000000, 0.00625000, -0.00359047
0.00500000, -0.01000000, 0.00500000, 0.00000000
0.00625000, -0.01000000, 0.00375000, 0.00359047
0.00750000, -0.01000000, 0.00250000, 0.00672140
0.00875000, -0.01000000, 0.00125000, 0.00892141
0.01000000, -0.01000000, 0.00000000, 0.00974003
0.01000000, -0.00875000, -0.00125000, 0.00937062
0.01000000, -0.00750000, -0.00250000, 0.00806068
0.01000000, -0.00625000, -0.00375000, 0.00676934
0.01000000, -0.00500000, -0.00500000, 0.00483115
0.01000000, -0.00375000, -0.00625000, 0.00321144
0.01000000, -0.00250000, -0.00750000, 0.00165001
0.01000000, -0.00125000, -0.00875000, 0.00074183
0.02000000, 0.00000000, -0.02000000, 0.00085046
0.01750000, 0.00250000, -0.02000000, 0.00110183
0.01500000, 0.00500000, -0.02000000, 0.00199138
0.01250000, 0.00750000, -0.02000000, 0.00358399
0.01000000, 0.01000000, -0.02000000, 0.00521230
0.00750000, 0.01250000, -0.02000000, 0.00707533
0.00500000, 0.01500000, -0.02000000, 0.00864458
0.00250000, 0.01750000, -0.02000000, 0.00975448
0.00000000, 0.02000000, -0.02000000, 0.01014723
-0.00250000, 0.02000000, -0.01750000, 0.00925564
-0.00500000, 0.02000000, -0.01500000, 0.00695027
-0.00750000, 0.02000000, -0.01250000, 0.00371169
-0.01000000, 0.02000000, -0.01000000, 0.00000000
-0.01250000, 0.02000000, -0.00750000, -0.00371169
-0.01500000, 0.02000000, -0.00500000, -0.00695027
-0.01750000, 0.02000000, -0.00250000, -0.00925564
-0.02000000, 0.02000000, 0.00000000, -0.01014723
-0.02000000, 0.01750000, 0.00250000, -0.00975448
-0.02000000, 0.01500000, 0.00500000, -0.00864458
-0.02000000, 0.01250000, 0.00750000, -0.00707533
-0.02000000, 0.01000000, 0.01000000, -0.00521230
-0.02000000, 0.00750000, 0.01250000, -0.00358399
-0.02000000, 0.00500000, 0.01500000, -0.00199138
-0.02000000, 0.00250000, 0.01750000, -0.00110183
-0.02000000, 0.00000000, 0.02000000, -0.00085046
-0.01750000, -0.00250000, 0.02000000, -0.00110183
-0.01500000, -0.00500000, 0.02000000, -0.00199138
-0.01250000, -0.00750000, 0.02000000, -0.00358399
-0.01000000, -0.01000000, 0.02000000, -0.00521230
-0.00750000, -0.01250000, 0.02000000, -0.00707533
-0.00500000, -0.01500000, 0.02000000, -0.00864458
-0.00250000, -0.01750000, 0.02000000, -0.00975448
0.00000000, -0.02000000, 0.02000000, -0.01014723
0.00250000, -0.02000000, 0.01750000, -0.00925564
0.00500000, -0.02000000, 0.01500000, -0.00695027
0.00750000, -0.02000000, 0.01250000, -0.00371169
0.01000000, -0.02000000, 0.01000000, 0.00000000
0.01250000, -0.02000000, 0.00750000, 0.00371169
0.01500000, -0.02000000, 0.00500000, 0.00695027
0.01750000, -0.02000000, 0.00250000, 0.00925564
0.02000000, -0.02000000, 0.00000000, 0.01014723
0.02000000, -0.01750000, -0.00250000, 0.00975448
0.02000000, -0.01500000, -0.00500000, 0.00864458
0.02000000, -0.01250000, -0.00750000, 0.00707533
0.02000000, -0.01000000, -0.01000000, 0.00521230
0.02000000, -0.00750000, -0.01250000, 0.00358399
0.02000000, -0.00500000, -0.01500000, 0.00199138
0.02000000, -0.00250000, -0.01750000, 0.00110183
0.03000000, 0.00000000, -0.03000000, 0.00154295
0.02625000, 0.00375000, -0.03000000, 0.00169341
0.02250000, 0.00750000, -0.03000000, 0.00254168
0.01875000, 0.01125000, -0.03000000, 0.00409676
0.01500000, 0.01500000, -0.03000000, 0.00583263
0.01125000, 0.01875000, -0.03000000, 0.00758228
0.00750000, 0.02250000, -0.03000000, 0.00911773
0.00375000, 0.02625000, -0.03000000, 0.01020978
0.00000000, 0.03000000, -0.03000000, 0.01059792
-0.00375000, 0.03000000, -0.02625000, 0.00961390
-0.00750000, 0.03000000, -0.02250000, 0.00719582
-0.01125000, 0.03000000, -0.01875000, 0.00383900
-0.01500000, 0.03000000, -0.01500000, 0.00000000
-0.01875000, 0.03000000, -0.01125000, -0.00383900
-0.02250000, 0.03000000, -0.00750000, -0.00719582
-0.02625000, 0.03000000, -0.00375000, -0.00961390
-0.03000000, 0.03000000, 0.00000000, -0.01059792
-0.03000000, 0.02625000, 0.00375000, -0.01020978
-0.03000000, 0.02250000, 0.00750000, -0.00911773
-0.03000000, 0.01875000, 0.01125000, -0.00758228
-0.03000000, 0.01500000, 0.01500000, -0.00583263
-0.03000000, 0.01125000, 0.01875000, -0.00409676
-0.03000000, 0.00750000, 0.02250000, -0.00254168
-0.03000000, 0.00375000, 0.02625000, -0.00169341
-0.03000000, 0.00000000, 0.03000000, -0.00154295
-0.02625000, -0.00375000, 0.03000000, -0.00169341
-0.02250000, -0.00750000, 0.03000000, -0.00254168
-0.01875000, -0.01125000, 0.03000000, -0.00409676
-0.01500000, -0.01500000, 0.03000000, -0.00583263
-0.01125000, -0.01875000, 0.03000000, -0.00758228
-0.00750000, -0.02250000, 0.03000000, -0.00911773
-0.00375000, -0.02625000, 0.03000000, -0.01020978
0.00000000, -0.03000000, 0.03000000, -0.01059792
0.00375000, -0.03000000, 0.02625000, -0.00961390
0.00750000, -0.03000000, 0.02250000, -0.00719582
0.01125000, -0.03000000, 0.01875000, -0.00383900
0.01500000, -0.03000000, 0.01500000, 0.00000000
0.01875000, -0.03000000, 0.01125000, 0.00383900
0.02250000, -0.03000000, 0.00750000, 0.00719582
0.02625000, -0.03000000, 0.00375000, 0.00961390
0.03000000, -0.03000000, 0.00000000, 0.01059792
0.03000000, -0.02625000, -0.00375000, 0.01020978
0.03000000, -0.02250000, -0.00750000, 0.00911773
0.03000000, -0.01875000, -0.01125000, 0.00758228
0.03000000, -0.01500000, -0.01500000, 0.00583263
0.03000000, -0.01125000, -0.01875000, 0.00409676
0.03000000, -0.00750000, -0.02250000, 0.00254168
0.03000000, -0.00375000, -0.02625000, 0.00169341
0.04000000, 0.00000000, -0.04000000, 0.00231965
0.03500000, 0.00500000, -0.04000000, 0.00238599
0.03000000, 0.01000000, -0.04000000, 0.00328677
0.02500000, 0.01500000, -0.04000000, 0.00472147
0.02000000, 0.02000000, -0.04000000, 0.00641946
0.01500000, 0.02500000, -0.04000000, 0.00814269
0.01000000, 0.03000000, -0.04000000, 0.00965300
0.00500000, 0.03500000, -0.04000000, 0.01071425
0.00000000, 0.04000000, -0.04000000, 0.01108630
-0.00500000, 0.04000000, -0.03500000, 0.00999418
-0.01000000, 0.04000000, -0.03000000, 0.00746170
-0.01500000, 0.04000000, -0.02500000, 0.00397029
-0.02000000, 0.04000000, -0.02000000, 0.00000000
-0.02500000, 0.04000000, -0.01500000, -0.00397029
-0.03000000, 0.04000000, -0.01000000, -0.00746170
-0.03500000, 0.04000000, -0.00500000, -0.00999418
-0.04000000, 0.04000000, 0.00000000, -0.01108630
-0.04000000, 0.03500000, 0.00500000, -0.01071425
-0.04000000, 0.03000000, 0.01000000, -0.00965300
-0.04000000, 0.02500000, 0.01500000, -0.00814269
-0.04000000, 0.02000000, 0.02000000, -0.00641946
-0.04000000, 0.01500000, 0.02500000, -0.00472147
-0.04000000, 0.01000000, 0.03000000, -0.00328677
-0.04000000, 0.00500000, 0.03500000, -0.00238599
-0.04000000, 0.00000000, 0.04000000, -0.00231965
-0.03500000, -0.00500000, 0.04000000, -0.00238599
-0.03000000, -0.01000000, 0.04000000, -0.00328677
-0.02500000, -0.01500000, 0.04000000, -0.00472147
-0.02000000, -0.02000000, 0.04000000, -0.00641946
-0.01500000, -0.02500000, 0.04000000, -0.00814269
-0.01000000, -0.03000000, 0.04000000, -0.00965300
-0.00500000, -0.03500000, 0.04000000, -0.01071425
0.00000000, -0.04000000, 0.04000000, -0.01108630
0.00500000, -0.04000000, 0.03500000, -0.00999418
0.01000000, -0.04000000, 0.03000000, -0.00746170
0.01500000, -0.04000000, 0.02500000, -0.00397029
0.02000000, -0.04000000, 0.02000000, 0.00000000
0.02500000, -0.04000000, 0.01500000, 0.00397029
0.03000000, -0.04000000, 0.01000000, 0.00746170
0.03500000, -0.04000000, 0.00500000, 0.00999418
0.04000000, -0.04000000, 0.00000000, 0.01108630
0.04000000, -0.03500000, -0.00500000, 0.01071425
0.04000000, -0.03000000, -0.01000000, 0.00965300
0.04000000, -0.02500000, -0.01500000, 0.00814269
0.04000000, -0.02000000, -0.02000000, 0.00641946
0.04000000, -0.01500000, -0.02500000, 0.00472147
0.04000000, -0.01000000, -0.03000000, 0.00328677
0.04000000, -0.00500000, -0.03500000, 0.00238599
0.05000000, 0.00000000, -0.05000000, 0.00313161
0.04375000, 0.00625000, -0.05000000, 0.00312960
0.03750000, 0.01250000, -0.05000000, 0.00399927
0.03125000, 0.01875000, -0.05000000, 0.00538845
0.02500000, 0.02500000, -0.05000000, 0.00704696
0.01875000, 0.03125000, -0.05000000, 0.00872728
0.01250000, 0.03750000, -0.05000000, 0.01020801
0.00625000, 0.04375000, -0.05000000, 0.01124377
0.00000000, 0.05000000, -0.05000000, 0.01159922
-0.00625000, 0.05000000, -0.04375000, 0.01039186
-0.01250000, 0.05000000, -0.03750000, 0.00773328
-0.01875000, 0.05000000, -0.03125000, 0.00410819
-0.02500000, 0.05000000, -0.02500000, 0.00000000
-0.03125000, 0.05000000, -0.01875000, -0.00410819
-0.03750000, 0.05000000, -0.01250000, -0.00773328
-0.04375000, 0.05000000, -0.00625000, -0.01039186
-0.05000000, 0.05000000, 0.00000000, -0.01159922
-0.05000000, 0.04375000, 0.00625000, -0.01124377
-0.05000000, 0.03750000, 0.01250000, -0.01020801
-0.05000000, 0.03125000, 0.01875000, -0.00872728
-0.05000000, 0.02500000, 0.02500000, -0.00704696
-0.05000000, 0.01875000, 0.03125000, -0.00538845
-0.05000000, 0.01250000, 0.03750000, -0.00399927
-0.05000000, 0.00625000, 0.04375000, -0.00312960
-0.05000000, 0.00000000, 0.05000000, -0.00313161
-0.04375000, -0.00625000, 0.05000000, -0.00312960
-0.03750000, -0.01250000, 0.05000000, -0.00399927
-0.03125000, -0.01875000, 0.05000000, -0.00538845
-0.02500000, -0.02500000, 0.05000000, -0.00704696
-0.01875000, -0.03125000, 0.05000000, -0.00872728
-0.01250000, -0.03750000, 0.05000000, -0.01020801
-0.00625000, -0.04375000, 0.05000000, -0.01124377
0.00000000, -0.05000000, 0.05000000, -0.01159922
0.00625000, -0.05000000, 0.04375000, -0.01039186
0.01250000, -0.05000000, 0.03750000, -0.00773328
0.01875000, -0.05000000, 0.03125000, -0.00410819
0.02500000, -0.05000000, 0.02500000, 0.00000000
0.03125000, -0.05000000, 0.01875000, 0.00410819
0.03750000, -0.05000000, 0.01250000, 0.00773328
0.04375000, -0.05000000, 0.00625000, 0.01039186
0.05000000, -0.05000000, 0.00000000, 0.01159922
0.05000000, -0.04375000, -0.00625000, 0.01124377
0.05000000, -0.03750000, -0.01250000, 0.01020801
0.05000000, -0.03125000, -0.01875000, 0.00872728
0.05000000, -0.02500000, -0.02500000, 0.00704696
0.05000000, -0.01875000, -0.03125000, 0.00538845
0.05000000, -0.01250000, -0.03750000, 0.00399927
0.05000000, -0.00625000, -0.04375000, 0.00312960
0.06000000, 0.00000000, -0.06000000, 0.00395007
0.05250000, 0.00750000, -0.06000000, 0.00387342
0.04500000, 0.01500000, -0.06000000, 0.00470556
0.03750000, 0.02250000, -0.06000000, 0.00605991
0.03000000, 0.03000000, -0.06000000, 0.00767809
0.02250000, 0.03750000, -0.06000000, 0.00933915
0.01500000, 0.04500000, -0.06000000, 0.01079299
0.00750000, 0.05250000, -0.06000000, 0.01179779
0.00000000, 0.06000000, -0.06000000, 0.01212341
-0.00750000, 0.06000000, -0.05250000, 0.01079154
-0.01500000, 0.06000000, -0.04500000, 0.00800669
-0.02250000, 0.06000000, -0.03750000, 0.00424760
-0.03000000, 0.06000000, -0.03000000, 0.00000000
-0.03750000, 0.06000000, -0.02250000, -0.00424760
-0.04500000, 0.06000000, -0.01500000, -0.00800669
-0.05250000, 0.06000000, -0.00750000, -0.01079154
-0.06000000, 0.06000000, 0.00000000, -0.01212341
-0.06000000, 0.05250000, 0.00750000, -0.01179779
-0.06000000, 0.04500000, 0.01500000, -0.01079299
-0.06000000, 0.03750000, 0.02250000, -0.00933915
-0.06000000, 0.03000000, 0.03000000, -0.00767809
-0.06000000, 0.02250000, 0.03750000, -0.00605991
-0.06000000, 0.01500000, 0.04500000, -0.00470556
-0.06000000, 0.00750000, 0.05250000, -0.00387342
-0.06000000, 0.00000000, 0.06000000, -0.00395007
-0.05250000, -0.00750000, 0.06000000, -0.00387342
-0.04500000, -0.01500000, 0.06000000, -0.00470556
-0.03750000, -0.02250000, 0.06000000, -0.00605991
-0.03000000, -0.03000000, 0.06000000, -0.00767809
-0.02250000, -0.03750000, 0.06000000, -0.00933915
-0.01500000, -0.04500000, 0.06000000, -0.01079299
-0.00750000, -0.05250000, 0.06000000, -0.01179779
0.00000000, -0.06000000, 0.06000000, -0.01212341
0.00750000, -0.06000000, 0.05250000, -0.01079154
0.01500000, -0.06000000, 0.04500000, -0.00800669
0.02250000, -0.06000000, 0.03750000, -0.00424760
0.03000000, -0.06000000, 0.03000000, 0.00000000
0.03750000, -0.06000000, 0.02250000, 0.00424760
0.04500000, -0.06000000, 0.01500000, 0.00800669
0.05250000, -0.06000000, 0.00750000, 0.01079154
0.06000000, -0.06000000, 0.00000000, 0.01212341
0.06000000, -0.05250000, -0.00750000, 0.01179779
0.06000000, -0.04500000, -0.01500000, 0.01079299
0.06000000, -0.03750000, -0.02250000, 0.00933915
0.06000000, -0.03000000, -0.03000000, 0.00767809
0.06000000, -0.02250000, -0.03750000, 0.00605991
0.06000000, -0.01500000, -0.04500000, 0.00470556
0.06000000, -0.00750000, -0.05250000, 0.00387342
0.07000000, 0.00000000, -0.07000000, 0.00476023
0.06125000, 0.00875000, -0.07000000, 0.00461151
0.05250000, 0.01750000, -0.07000000, 0.00542655
0.04375000, 0.02625000, -0.07000000, 0.00674008
0.03500000, 0.03500000, -0.07000000, 0.00832494
0.02625000, 0.04375000, -0.07000000, 0.00994982
0.01750000, 0.05250000, -0.07000000, 0.01136894
0.00875000, 0.06125000, -0.07000000, 0.01233723
0.00000000, 0.07000000, -0.07000000, 0.01263816
-0.00875000, 0.07000000, -0.06125000, 0.01118702
-0.01750000, 0.07000000, -0.05250000, 0.00828088
-0.02625000, 0.07000000, -0.04375000, 0.00438703
-0.03500000, 0.07000000, -0.03500000, 0.00000000
-0.04375000, 0.07000000, -0.02625000, -0.00438703
-0.05250000, 0.07000000, -0.01750000, -0.00828088
-0.06125000, 0.07000000, -0.00875000, -0.01118702
-0.07000000, 0.07000000, 0.00000000, -0.01263816
-0.07000000, 0.06125000, 0.00875000, -0.01233723
-0.07000000, 0.05250000, 0.01750000, -0.01136894
-0.07000000, 0.04375000, 0.02625000, -0.00994982
-0.07000000, 0.03500000, 0.03500000, -0.00832494
-0.07000000, 0.02625000, 0.04375000, -0.00674008
-0.07000000, 0.01750000, 0.05250000, -0.00542655
-0.07000000, 0.00875000, 0.06125000, -0.00461151
-0.07000000, 0.00000000, 0.07000000, -0.00476023
-0.06125000, -0.00875000, 0.07000000, -0.00461151
-0.05250000, -0.01750000, 0.07000000, -0.00542655
-0.04375000, -0.02625000, 0.07000000, -0.00674008
-0.03500000, -0.03500000, 0.07000000, -0.00832494
-0.02625000, -0.04375000, 0.07000000, -0.00994982
-0.01750000, -0.05250000, 0.07000000, -0.01136894
-0.00875000, -0.06125000, 0.07000000, -0.01233723
0.00000000, -0.07000000, 0.07000000, -0.01263816
0.00875000, -0.07000000, 0.06125000, -0.01118702
0.01750000, -0.07000000, 0.05250000, -0.00828088
0.02625000, -0.07000000, 0.04375000, -0.00438703
0.03500000, -0.07000000, 0.03500000, 0.00000000
0.04375000, -0.07000000, 0.02625000, 0.00438703
0.05250000, -0.07000000, 0.01750000, 0.00828088
0.06125000, -0.07000000, 0.00875000, 0.01118702
0.07000000, -0.07000000, 0.00000000, 0.01263816
0.07000000, -0.06125000, -0.00875000, 0.01233723
0.07000000, -0.05250000, -0.01750000, 0.01136894
0.07000000, -0.04375000, -0.02625000, 0.00994982
0.07000000, -0.03500000, -0.03500000, 0.00832494
0.07000000, -0.02625000, -0.04375000, 0.00674008
0.07000000, -0.01750000, -0.05250000, 0.00542655
0.07000000, -0.00875000, -0.06125000, 0.00461151
0.08000000, 0.00000000, -0.08000000, 0.00554851
0.07000000, 0.01000000, -0.08000000, 0.00534356
0.06000000, 0.02000000, -0.08000000, 0.00613568
0.05000000, 0.03000000, -0.08000000, 0.00741151
0.04000000, 0.04000000, -0.08000000, 0.00896775
0.03000000, 0.05000000, -0.08000000, 0.01055493
0.02000000, 0.06000000, -0.08000000, 0.01193884
0.01000000, 0.07000000, -0.08000000, 0.01286884
0.00000000, 0.08000000, -0.08000000, 0.01314093
-0.01000000, 0.08000000, -0.07000000, 0.01157543
-0.02000000, 0.08000000, -0.06000000, 0.00855054
-0.03000000, 0.08000000, -0.05000000, 0.00452469
-0.04000000, 0.08000000, -0.04000000, 0.00000000
-0.05000000, 0.08000000, -0.03000000, -0.00452469
-0.06000000, 0.08000000, -0.02000000, -0.00855054
-0.07000000, 0.08000000, -0.01000000, -0.01157543
-0.08000000, 0.08000000, 0.00000000, -0.01314093
-0.08000000, 0.07000000, 0.01000000, -0.01286884
-0.08000000, 0.06000000, 0.02000000, -0.01193884
-0.08000000, 0.05000000, 0.03000000, -0.01055493
-0.08000000, 0.04000000, 0.04000000, -0.00896775
-0.08000000, 0.03000000, 0.05000000, -0.00741151
-0.08000000, 0.02000000, 0.06000000, -0.00613568
-0.08000000, 0.01000000, 0.07000000, -0.00534356
-0.08000000, 0.00000000, 0.08000000, -0.00554851
-0.07000000, -0.01000000, 0.08000000, -0.00534356
-0.06000000, -0.02000000, 0.08000000, -0.00613568
-0.05000000, -0.03000000, 0.08000000, -0.00741151
-0.04000000, -0.04000000, 0.08000000, -0.00896775
-0.03000000, -0.05000000, 0.08000000, -0.01055493
-0.02000000, -0.06000000, 0.08000000, -0.01193884
-0.01000000, -0.07000000, 0.08000000, -0.01286884
0.00000000, -0.08000000, 0.08000000, -0.01314093
0.01000000, -0.08000000, 0.07000000, -0.01157543
0.02000000, -0.08000000, 0.06000000, -0.00855054
0.03000000, -0.08000000, 0.05000000, -0.00452469
0.04000000, -0.08000000, 0.04000000, 0.00000000
0.05000000, -0.08000000, 0.03000000, 0.00452469
0.06000000, -0.08000000, 0.02000000, 0.00855054
0.07000000, -0.08000000, 0.01000000, 0.01157543
0.08000000, -0.08000000, 0.00000000, 0.01314093
0.08000000, -0.07000000, -0.01000000, 0.01286884
0.08000000, -0.06000000, -0.02000000, 0.01193884
0.08000000, -0.05000000, -0.03000000, 0.01055493
0.08000000, -0.04000000, -0.04000000, 0.00896775
0.08000000, -0.03000000, -0.05000000, 0.00741151
0.08000000, -0.02000000, -0.06000000, 0.00613568
0.08000000, -0.01000000, -0.07000000, 0.00534356
0.09000000, 0.00000000, -0.09000000, 0.00630386
0.07875000, 0.01125000, -0.09000000, 0.00605768
0.06750000, 0.02250000, -0.09000000, 0.00681664
0.05625000, 0.03375000, -0.09000000, 0.00806218
0.04500000, 0.04500000, -0.09000000, 0.00959160
0.03375000, 0.05625000, -0.09000000, 0.01115180
0.02250000, 0.06750000, -0.09000000, 0.01250417
0.01125000, 0.07875000, -0.09000000, 0.01339494
0.00000000, 0.09000000, -0.09000000, 0.01362728
-0.01125000, 0.09000000, -0.07875000, 0.01195110
-0.02250000, 0.09000000, -0.06750000, 0.00881062
-0.03375000, 0.09000000, -0.05625000, 0.00465820
-0.04500000, 0.09000000, -0.04500000, 0.00000000
-0.05625000, 0.09000000, -0.03375000, -0.00465820
-0.06750000, 0.09000000, -0.02250000, -0.00881062
-0.07875000, 0.09000000, -0.01125000, -0.01195110
-0.09000000, 0.09000000, 0.00000000, -0.01362728
-0.09000000, 0.07875000, 0.01125000, -0.01339494
-0.09000000, 0.06750000, 0.02250000, -0.01250417
-0.09000000, 0.05625000, 0.03375000, -0.01115180
-0.09000000, 0.04500000, 0.04500000, -0.00959160
-0.09000000, 0.03375000, 0.05625000, -0.00806218
-0.09000000, 0.02250000, 0.06750000, -0.00681664
-0.09000000, 0.01125000, 0.07875000, -0.00605768
-0.09000000, 0.00000000, 0.09000000, -0.00630386
-0.07875000, -0.01125000, 0.09000000, -0.00605768
-0.06750000, -0.02250000, 0.09000000, -0.00681664
-0.05625000, -0.03375000, 0.09000000, -0.00806218
-0.04500000, -0.04500000, 0.09000000, -0.00959160
-0.03375000, -0.05625000, 0.09000000, -0.01115180
-0.02250000, -0.06750000, 0.09000000, -0.01250417
-0.01125000, -0.07875000, 0.09000000, -0.01339494
0.00000000, -0.09000000, 0.09000000, -0.01362728
0.01125000, -0.09000000, 0.07875000, -0.01195110
0.02250000, -0.09000000, 0.06750000, -0.00881062
0.03375000, -0.09000000, 0.05625000, -0.00465820
0.04500000, -0.09000000, 0.04500000, 0.00000000
0.05625000, -0.09000000, 0.03375000, 0.00465820
0.06750000, -0.09000000, 0.02250000, 0.00881062
0.07875000, -0.09000000, 0.01125000, 0.01195110
0.09000000, -0.09000000, 0.00000000, 0.01362728
0.09000000, -0.07875000, -0.01125000, 0.01339494
0.09000000, -0.06750000, -0.02250000, 0.01250417
0.09000000, -0.05625000, -0.03375000, 0.01115180
0.09000000, -0.04500000, -0.04500000, 0.00959160
0.09000000, -0.03375000, -0.05625000, 0.00806218
0.09000000, -0.02250000, -0.06750000, 0.00681664
0.09000000, -0.01125000, -0.07875000, 0.00605768
0.10000000, 0.00000000, -0.10000000, 0.00701895
0.08750000, 0.01250000, -0.10000000, 0.00674078
0.07500000, 0.02500000, -0.10000000, 0.00746628
0.06250000, 0.03750000, -0.10000000, 0.00868780
0.05000000, 0.05000000, -0.10000000, 0.01019218
0.03750000, 0.06250000, -0.10000000, 0.01173171
0.02500000, 0.07500000, -0.10000000, 0.01305403
0.01250000, 0.08750000, -0.10000000, 0.01390404
0.00000000, 0.10000000, -0.10000000, 0.01408910
-0.01250000, 0.10000000, -0.08750000, 0.01230836
-0.02500000, 0.10000000, -0.07500000, 0.00905817
-0.03750000, 0.10000000, -0.06250000, 0.00478573
-0.05000000, 0.10000000, -0.05000000, 0.00000000
-0.06250000, 0.10000000, -0.03750000, -0.00478573
-0.07500000, 0.10000000, -0.02500000, -0.00905817
-0.08750000, 0.10000000, -0.01250000, -0.01230836
-0.10000000, 0.10000000, 0.00000000, -0.01408910
-0.10000000, 0.08750000, 0.01250000, -0.01390404
-0.10000000, 0.07500000, 0.02500000, -0.01305403
-0.10000000, 0.06250000, 0.03750000, -0.01173171
-0.10000000, 0.05000000, 0.05000000, -0.01019218
-0.10000000, 0.03750000, 0.06250000, -0.00868780
-0.10000000, 0.02500000, 0.07500000, -0.00746628
-0.10000000, 0.01250000, 0.08750000, -0.00674078
-0.10000000, 0.00000000, 0.10000000, -0.00701895
-0.08750000, -0.01250000, 0.10000000, -0.00674078
-0.07500000, -0.02500000, 0.10000000, -0.00746628
-0.06250000, -0.03750000, 0.10000000, -0.00868780
-0.05000000, -0.05000000, 0.10000000, -0.01019218
-0.03750000, -0.06250000, 0.10000000, -0.01173171
-0.02500000, -0.07500000, 0.10000000, -0.01305403
-0.01250000, -0.08750000, 0.10000000, -0.01390404
0.00000000, -0.10000000, 0.10000000, -0.01408910
0.01250000, -0.10000000, 0.08750000, -0.01230836
0.02500000, -0.10000000, 0.07500000, -0.00905817
0.03750000, -0.10000000, 0.06250000, -0.00478573
0.05000000, -0.10000000, 0.05000000, 0.00000000
0.06250000, -0.10000000, 0.03750000, 0.00478573
0.07500000, -0.10000000, 0.02500000, 0.00905817
0.08750000, -0.10000000, 0.01250000, 0.01230836
0.10000000, -0.10000000, 0.00000000, 0.01408910
0.10000000, -0.08750000, -0.01250000, 0.01390404
0.10000000, -0.07500000, -0.02500000, 0.01305403
0.10000000, -0.06250000, -0.03750000, 0.01173171
0.10000000, -0.05000000, -0.05000000, 0.01019218
0.10000000, -0.03750000, -0.06250000, 0.00868780
0.10000000, -0.02500000, -0.07500000, 0.00746628
0.10000000, -0.01250000, -0.08750000, 0.00674078
0.15000000, 0.00000000, -0.15000000, 0.00979926
0.13125000, 0.01875000, -0.15000000, 0.00947844
0.11250000, 0.03750000, -0.15000000, 0.01013467
0.09375000, 0.05625000, -0.15000000, 0.01129022
0.07500000, 0.07500000, -0.15000000, 0.01271337
0.05625000, 0.09375000, -0.15000000, 0.01413871
0.03750000, 0.11250000, -0.15000000, 0.01530247
0.01875000, 0.13125000, -0.15000000, 0.01593776
0.00000000, 0.15000000, -0.15000000, 0.01587098
-0.01875000, 0.15000000, -0.13125000, 0.01372974
-0.03750000, 0.15000000, -0.11250000, 0.01006400
-0.05625000, 0.15000000, -0.09375000, 0.00530834
-0.07500000, 0.15000000, -0.07500000, 0.00000000
-0.09375000, 0.15000000, -0.05625000, -0.00530834
-0.11250000, 0.15000000, -0.03750000, -0.01006400
-0.13125000, 0.15000000, -0.01875000, -0.01372974
-0.15000000, 0.15000000, 0.00000000, -0.01587098
-0.15000000, 0.13125000, 0.01875000, -0.01593776
-0.15000000, 0.11250000, 0.03750000, -0.01530247
-0.15000000, 0.09375000, 0.05625000, -0.01413871
-0.15000000, 0.07500000, 0.07500000, -0.01271337
-0.15000000, 0.05625000, 0.09375000, -0.01129022
-0.15000000, 0.03750000, 0.11250000, -0.01013467
-0.15000000, 0.01875000, 0.13125000, -0.00947844
-0.15000000, 0.00000000, 0.15000000, -0.00979926
-0.13125000, -0.01875000, 0.15000000, -0.00947844
-0.11250000, -0.03750000, 0.15000000, -0.01013467
-0.09375000, -0.05625000, 0.15000000, -0.01129022
-0.07500000, -0.07500000, 0.15000000, -0.01271337
-0.05625000, -0.09375000, 0.15000000, -0.01413871
-0.03750000, -0.11250000, 0.15000000, -0.01530247
-0.01875000, -0.13125000, 0.15000000, -0.01593776
0.00000000, -0.15000000, 0.15000000, -0.01587098
0.01875000, -0.15000000, 0.13125000, -0.01372974
0.03750000, -0.15000000, 0.11250000, -0.01006400
0.05625000, -0.15000000, 0.09375000, -0.00530834
0.07500000, -0.15000000, 0.07500000, 0.00000000
0.09375000, -0.15000000, 0.05625000, 0.00530834
0.11250000, -0.15000000, 0.03750000, 0.01006400
0.13125000, -0.15000000, 0.01875000, 0.01372974
0.15000000, -0.15000000, 0.00000000, 0.01587098
0.15000000, -0.13125000, -0.01875000, 0.01593776
0.15000000, -0.11250000, -0.03750000, 0.01530247
0.15000000, -0.09375000, -0.05625000, 0.01413871
0.15000000, -0.07500000, -0.07500000, 0.01271337
0.15000000, -0.05625000, -0.09375000, 0.01129022
0.15000000, -0.03750000, -0.11250000, 0.01013467
0.15000000, -0.01875000, -0.13125000, 0.00947844
0.20000000, 0.00000000, -0.20000000, 0.01089226
0.17500000, 0.02500000, -0.20000000, 0.01074958
0.15000000, 0.05000000, -0.20000000, 0.01145671
0.12500000, 0.07500000, -0.20000000, 0.01263392
0.10000000, 0.10000000, -0.20000000, 0.01403285
0.07500000, 0.12500000, -0.20000000, 0.01540036
0.05000000, 0.15000000, -0.20000000, 0.01644769
0.02500000, 0.17500000, -0.20000000, 0.01689897
0.00000000, 0.20000000, -0.20000000, 0.01657629
-0.02500000, 0.20000000, -0.17500000, 0.01441874
-0.05000000, 0.20000000, -0.15000000, 0.01061103
-0.07500000, 0.20000000, -0.12500000, 0.00560954
-0.10000000, 0.20000000, -0.10000000, 0.00000000
-0.12500000, 0.20000000, -0.07500000, -0.00560954
-0.15000000, 0.20000000, -0.05000000, -0.01061103
-0.17500000, 0.20000000, -0.02500000, -0.01441874
-0.20000000, 0.20000000, 0.00000000, -0.01657629
-0.20000000, 0.17500000, 0.02500000, -0.01689897
-0.20000000, 0.15000000, 0.05000000, -0.01644769
-0.20000000, 0.12500000, 0.07500000, -0.01540036
-0.20000000, 0.10000000, 0.10000000, -0.01403285
-0.20000000, 0.07500000, 0.12500000, -0.01263392
-0.20000000, 0.05000000, 0.15000000, -0.01145671
-0.20000000, 0.02500000, 0.17500000, -0.01074958
-0.20000000, 0.00000000, 0.20000000, -0.01089226
-0.17500000, -0.02500000, 0.20000000, -0.01074958
-0.15000000, -0.05000000, 0.20000000, -0.01145671
-0.12500000, -0.07500000, 0.20000000, -0.01263392
-0.10000000, -0.10000000, 0.20000000, -0.01403285
-0.07500000, -0.12500000, 0.20000000, -0.01540036
-0.05000000, -0.15000000, 0.20000000, -0.01644769
-0.02500000, -0.17500000, 0.20000000, -0.01689897
0.00000000, -0.20000000, 0.20000000, -0.01657629
0.02500000, -0.20000000, 0.17500000, -0.01441874
0.05000000, -0.20000000, 0.15000000, -0.01061103
0.07500000, -0.20000000, 0.12500000, -0.00560954
0.10000000, -0.20000000, 0.10000000, 0.00000000
0.12500000, -0.20000000, 0.07500000, 0.00560954
0.15000000, -0.20000000, 0.05000000, 0.01061103
0.17500000, -0.20000000, 0.02500000, 0.01441874
0.20000000, -0.20000000, 0.00000000, 0.01657629
0.20000000, -0.17500000, -0.02500000, 0.01689897
0.20000000, -0.15000000, -0.05000000, 0.01644769
0.20000000, -0.12500000, -0.07500000, 0.01540036
0.20000000, -0.10000000, -0.10000000, 0.01403285
0.20000000, -0.07500000, -0.12500000, 0.01263392
0.20000000, -0.05000000, -0.15000000, 0.01145671
0.20000000, -0.02500000, -0.17500000, 0.01074958
0.25000000, 0.00000000, -0.25000000, 0.01030000
0.21875000, 0.03125000, -0.25000000, 0.01043963
0.18750000, 0.06250000, -0.25000000, 0.01128754
0.15625000, 0.09375000, -0.25000000, 0.01252070
0.12500000, 0.12500000, -0.25000000, 0.01392155
0.09375000, 0.15625000, -0.25000000, 0.01524233
0.06250000, 0.18750000, -0.25000000, 0.01620680
0.03125000, 0.21875000, -0.25000000, 0.01653089
0.00000000, 0.25000000, -0.25000000, 0.01604468
-0.03125000, 0.25000000, -0.21875000, 0.01429313
-0.06250000, 0.25000000, -0.18750000, 0.01066818
-0.09375000, 0.25000000, -0.15625000, 0.00568084
-0.12500000, 0.25000000, -0.12500000, 0.00000000
-0.15625000, 0.25000000, -0.09375000, -0.00568084
-0.18750000, 0.25000000, -0.06250000, -0.01066818
-0.21875000, 0.25000000, -0.03125000, -0.01429313
-0.25000000, 0.25000000, 0.00000000, -0.01604468
-0.25000000, 0.21875000, 0.03125000, -0.01653089
-0.25000000, 0.18750000, 0.06250000, -0.01620680
-0.25000000, 0.15625000, 0.09375000, -0.01524233
-0.25000000, 0.12500000, 0.12500000, -0.01392155
-0.25000000, 0.09375000, 0.15625000, -0.01252070
-0.25000000, 0.06250000, 0.18750000, -0.01128754
-0.25000000, 0.03125000, 0.21875000, -0.01043963
-0.25000000, 0.00000000, 0.25000000, -0.01030000
-0.21875000, -0.03125000, 0.25000000, -0.01043963
-0.18750000, -0.06250000, 0.25000000, -0.01128754
-0.15625000, -0.09375000, 0.25000000, -0.01252070
-0.12500000, -0.12500000, 0.25000000, -0.01392155
-0.09375000, -0.15625000, 0.25000000, -0.01524233
-0.06250000, -0.18750000, 0.25000000, -0.01620680
-0.03125000, -0.21875000, 0.25000000, -0.01653089
0.00000000, -0.25000000, 0.25000000, -0.01604468
0.03125000, -0.25000000, 0.21875000, -0.01429313
0.06250000, -0.25000000, 0.18750000, -0.01066818
0.09375000, -0.25000000, 0.15625000, -0.00568084
0.12500000, -0.25000000, 0.12500000, 0.00000000
0.15625000, -0.25000000, 0.09375000, 0.00568084
0.18750000, -0.25000000, 0.06250000, 0.01066818
0.21875000, -0.25000000, 0.03125000, 0.01429313
0.25000000, -0.25000000, 0.00000000, 0.01604468
0.25000000, -0.21875000, -0.03125000, 0.01653089
0.25000000, -0.18750000, -0.06250000, 0.01620680
0.25000000, -0.15625000, -0.09375000, 0.01524233
0.25000000, -0.12500000, -0.12500000, 0.01392155
0.25000000, -0.09375000, -0.15625000, 0.01252070
0.25000000, -0.06250000, -0.18750000, 0.01128754
0.25000000, -0.03125000, -0.21875000, 0.01043963
0.30000000, 0.00000000, -0.30000000, 0.00848967
0.26250000, 0.03750000, -0.30000000, 0.00889726
0.22500000, 0.07500000, -0.30000000, 0.00984071
0.18750000, 0.11250000, -0.30000000, 0.01109409
0.15000000, 0.15000000, -0.30000000, 0.01247296
0.11250000, 0.18750000, -0.30000000, 0.01374928
0.07500000, 0.22500000, -0.30000000, 0.01465322
0.03750000, 0.26250000, -0.30000000, 0.01491029
0.00000000, 0.30000000, -0.30000000, 0.01437287
-0.03750000, 0.30000000, -0.26250000, 0.01338819
-0.07500000, 0.30000000, -0.22500000, 0.01024899
-0.11250000, 0.30000000, -0.18750000, 0.00552922
-0.15000000, 0.30000000, -0.15000000, 0.00000000
-0.18750000, 0.30000000, -0.11250000, -0.00552922
-0.22500000, 0.30000000, -0.07500000, -0.01024899
-0.26250000, 0.30000000, -0.03750000, -0.01338819
-0.30000000, 0.30000000, 0.00000000, -0.01437287
-0.30000000, 0.26250000, 0.03750000, -0.01491029
-0.30000000, 0.22500000, 0.07500000, -0.01465322
-0.30000000, 0.18750000, 0.11250000, -0.01374928
-0.30000000, 0.15000000, 0.15000000, -0.01247296
-0.30000000, 0.11250000, 0.18750000, -0.01109409
-0.30000000, 0.07500000, 0.22500000, -0.00984071
-0.30000000, 0.03750000, 0.26250000, -0.00889726
-0.30000000, 0.00000000, 0.30000000, -0.00848967
-0.26250000, -0.03750000, 0.30000000, -0.00889726
-0.22500000, -0.07500000, 0.30000000, -0.00984071
-0.18750000, -0.11250000, 0.30000000, -0.01109409
-0.15000000, -0.15000000, 0.30000000, -0.01247296
-0.11250000, -0.18750000, 0.30000000, -0.01374928
-0.07500000, -0.22500000, 0.30000000, -0.01465322
-0.03750000, -0.26250000, 0.30000000, -0.01491029
0.00000000, -0.30000000, 0.30000000, -0.01437287
0.03750000, -0.30000000, 0.26250000, -0.01338819
0.07500000, -0.30000000, 0.22500000, -0.01024899
0.11250000, -0.30000000, 0.18750000, -0.00552922
0.15000000, -0.30000000, 0.15000000, 0.00000000
0.18750000, -0.30000000, 0.11250000, 0.00552922
0.22500000, -0.30000000, 0.07500000, 0.01024899
0.26250000, -0.30000000, 0.03750000, 0.01338819
0.30000000, -0.30000000, 0.00000000, 0.01437287
0.30000000, -0.26250000, -0.03750000, 0.01491029
0.30000000, -0.22500000, -0.07500000, 0.01465322
0.30000000, -0.18750000, -0.11250000, 0.01374928
0.30000000, -0.15000000, -0.15000000, 0.01247296
0.30000000, -0.11250000, -0.18750000, 0.01109409
0.30000000, -0.07500000, -0.22500000, 0.00984071
0.30000000, -0.03750000, -0.26250000, 0.00889726
0.35000000, 0.00000000, -0.35000000, 0.00615670
0.30625000, 0.04375000, -0.35000000, 0.00669828
0.26250000, 0.08750000, -0.35000000, 0.00762229
0.21875000, 0.13125000, -0.35000000, 0.00880782
0.17500000, 0.17500000, -0.35000000, 0.01009918
0.13125000, 0.21875000, -0.35000000, 0.01129096
0.08750000, 0.26250000, -0.35000000, 0.01212183
0.04375000, 0.30625000, -0.35000000, 0.01234233
0.00000000, 0.35000000, -0.35000000, 0.01184845
-0.04375000, 0.35000000, -0.30625000, 0.01182143
-0.08750000, 0.35000000, -0.26250000, 0.00939782
-0.13125000, 0.35000000, -0.21875000, 0.00516836
-0.17500000, 0.35000000, -0.17500000, 0.00000000
-0.21875000, 0.35000000, -0.13125000, -0.00516836
-0.26250000, 0.35000000, -0.08750000, -0.00939782
-0.30625000, 0.35000000, -0.04375000, -0.01182143
-0.35000000, 0.35000000, 0.00000000, -0.01184845
-0.35000000, 0.30625000, 0.04375000, -0.01234233
-0.35000000, 0.26250000, 0.08750000, -0.01212183
-0.35000000, 0.21875000, 0.13125000, -0.01129096
-0.35000000, 0.17500000, 0.17500000, -0.01009918
-0.35000000, 0.13125000, 0.21875000, -0.00880782
-0.35000000, 0.08750000, 0.26250000, -0.00762229
-0.35000000, 0.04375000, 0.30625000, -0.00669828
-0.35000000, 0.00000000, 0.35000000, -0.00615670
-0.30625000, -0.04375000, 0.35000000, -0.00669828
-0.26250000, -0.08750000, 0.35000000, -0.00762229
-0.21875000, -0.13125000, 0.35000000, -0.00880782
-0.17500000, -0.17500000, 0.35000000, -0.01009918
-0.13125000, -0.21875000, 0.35000000, -0.01129096
-0.08750000, -0.26250000, 0.35000000, -0.01212183
-0.04375000, -0.30625000, 0.35000000, -0.01234233
0.00000000, -0.35000000, 0.35000000, -0.01184845
0.04375000, -0.35000000, 0.30625000, -0.01182143
0.08750000, -0.35000000, 0.26250000, -0.00939782
0.13125000, -0.35000000, 0.21875000, -0.00516836
0.17500000, -0.35000000, 0.17500000, 0.00000000
0.21875000, -0.35000000, 0.13125000, 0.00516836
0.26250000, -0.35000000, 0.08750000, 0.00939782
0.30625000, -0.35000000, 0.04375000, 0.01182143
0.35000000, -0.35000000, 0.00000000, 0.01184845
0.35000000, -0.30625000, -0.04375000, 0.01234233
0.35000000, -0.26250000, -0.08750000, 0.01212183
0.35000000, -0.21875000, -0.13125000, 0.01129096
0.35000000, -0.17500000, -0.17500000, 0.01009918
0.35000000, -0.13125000, -0.21875000, 0.00880782
0.35000000, -0.08750000, -0.26250000, 0.00762229
0.35000000, -0.04375000, -0.30625000, 0.00669828
0.40000000, 0.00000000, -0.40000000, 0.00394711
0.35000000, 0.05000000, -0.40000000, 0.00445051
0.30000000, 0.10000000, -0.40000000, 0.00523441
0.25000000, 0.15000000, -0.40000000, 0.00625082
0.20000000, 0.20000000, -0.40000000, 0.00737519
0.15000000, 0.25000000, -0.40000000, 0.00841292
0.10000000, 0.30000000, -0.40000000, 0.00913013
0.05000000, 0.35000000, -0.40000000, 0.00931001
0.00000000, 0.40000000, -0.40000000, 0.00891357
-0.05000000, 0.40000000, -0.35000000, 0.00979671
-0.10000000, 0.40000000, -0.30000000, 0.00819965
-0.15000000, 0.40000000, -0.25000000, 0.00462742
-0.20000000, 0.40000000, -0.20000000, 0.00000000
-0.25000000, 0.40000000, -0.15000000, -0.00462742
-0.30000000, 0.40000000, -0.10000000, -0.00819965
-0.35000000, 0.40000000, -0.05000000, -0.00979671
-0.40000000, 0.40000000, 0.00000000, -0.00891357
-0.40000000, 0.35000000, 0.05000000, -0.00931001
-0.40000000, 0.30000000, 0.10000000, -0.00913013
-0.40000000, 0.25000000, 0.15000000, -0.00841292
-0.40000000, 0.20000000, 0.20000000, -0.00737519
-0.40000000, 0.15000000, 0.25000000, -0.00625082
-0.40000000, 0.10000000, 0.30000000, -0.00523441
-0.40000000, 0.05000000, 0.35000000, -0.00445051
-0.40000000, 0.00000000, 0.40000000, -0.00394711
-0.35000000, -0.05000000, 0.40000000, -0.00445051
-0.30000000, -0.10000000, 0.40000000, -0.00523441
-0.25000000, -0.15000000, 0.40000000, -0.00625082
-0.20000000, -0.20000000, 0.40000000, -0.00737519
-0.15000000, -0.25000000, 0.40000000, -0.00841292
-0.10000000, -0.30000000, 0.40000000, -0.00913013
-0.05000000, -0.35000000, 0.40000000, -0.00931001
0.00000000, -0.40000000, 0.40000000, -0.00891357
0.05000000, -0.40000000, 0.35000000, -0.00979671
0.10000000, -0.40000000, 0.30000000, -0.00819965
0.15000000, -0.40000000, 0.25000000, -0.00462742
0.20000000, -0.40000000, 0.20000000, 0.00000000
0.25000000, -0.40000000, 0.15000000, 0.00462742
0.30000000, -0.40000000, 0.10000000, 0.00819965
0.35000000, -0.40000000, 0.05000000, 0.00979671
0.40000000, -0.40000000, 0.00000000, 0.00891357
0.40000000, -0.35000000, -0.05000000, 0.00931001
0.40000000, -0.30000000, -0.10000000, 0.00913013
0.40000000, -0.25000000, -0.15000000, 0.00841292
0.40000000, -0.20000000, -0.20000000, 0.00737519
0.40000000, -0.15000000, -0.25000000, 0.00625082
0.40000000, -0.10000000, -0.30000000, 0.00523441
0.40000000, -0.05000000, -0.35000000, 0.00445051
0.45000000, 0.00000000, -0.45000000, 0.00223915
0.39375000, 0.05625000, -0.45000000, 0.00259166
0.33750000, 0.11250000, -0.45000000, 0.00315408
0.28125000, 0.16875000, -0.45000000, 0.00393468
0.22500000, 0.22500000, -0.45000000, 0.00483321
0.16875000, 0.28125000, -0.45000000, 0.00566814
0.11250000, 0.33750000, -0.45000000, 0.00623534
0.05625000, 0.39375000, -0.45000000, 0.00635675
0.00000000, 0.45000000, -0.45000000, 0.00606086
-0.05625000, 0.45000000, -0.39375000, 0.00757866
-0.11250000, 0.45000000, -0.33750000, 0.00677719
-0.16875000, 0.45000000, -0.28125000, 0.00395283
-0.22500000, 0.45000000, -0.22500000, 0.00000000
-0.28125000, 0.45000000, -0.16875000, -0.00395283
-0.33750000, 0.45000000, -0.11250000, -0.00677719
-0.39375000, 0.45000000, -0.05625000, -0.00757866
-0.45000000, 0.45000000, 0.00000000, -0.00606086
-0.45000000, 0.39375000, 0.05625000, -0.00635675
-0.45000000, 0.33750000, 0.11250000, -0.00623534
-0.45000000, 0.28125000, 0.16875000, -0.00566814
-0.45000000, 0.22500000, 0.22500000, -0.00483321
-0.45000000, 0.16875000, 0.28125000, -0.00393468
-0.45000000, 0.11250000, 0.33750000, -0.00315408
-0.45000000, 0.05625000, 0.39375000, -0.00259166
-0.45000000, 0.00000000, 0.45000000, -0.00223915
-0.39375000, -0.05625000, 0.45000000, -0.00259166
-0.33750000, -0.11250000, 0.45000000, -0.00315408
-0.28125000, -0.16875000, 0.45000000, -0.00393468
-0.22500000, -0.22500000, 0.45000000, -0.00483321
-0.16875000, -0.28125000, 0.45000000, -0.00566814
-0.11250000, -0.33750000, 0.45000000, -0.00623534
-0.05625000, -0.39375000, 0.45000000, -0.00635675
0.00000000, -0.45000000, 0.45000000, -0.00606086
0.05625000, -0.45000000, 0.39375000, -0.00757866
0.11250000, -0.45000000, 0.33750000, -0.00677719
0.16875000, -0.45000000, 0.28125000, -0.00395283
0.22500000, -0.45000000, 0.22500000, 0.00000000
0.28125000, -0.45000000, 0.16875000, 0.00395283
0.33750000, -0.45000000, 0.11250000, 0.00677719
0.39375000, -0.45000000, 0.05625000, 0.00757866
0.45000000, -0.45000000, 0.00000000, 0.00606086
0.45000000, -0.39375000, -0.05625000, 0.00635675
0.45000000, -0.33750000, -0.11250000, 0.00623534
0.45000000, -0.28125000, -0.16875000, 0.00566814
0.45000000, -0.22500000, -0.22500000, 0.00483321
0.45000000, -0.16875000, -0.28125000, 0.00393468
0.45000000, -0.11250000, -0.33750000, 0.00315408
0.45000000, -0.05625000, -0.39375000, 0.00259166
0.50000000, 0.00000000, -0.50000000, 0.00111830
0.43750000, 0.06250000, -0.50000000, 0.00129756
0.37500000, 0.12500000, -0.50000000, 0.00162704
0.31250000, 0.18750000, -0.50000000, 0.00216291
0.25000000, 0.25000000, -0.50000000, 0.00282053
0.18750000, 0.31250000, -0.50000000, 0.00344145
0.12500000, 0.37500000, -0.50000000, 0.00384596
0.06250000, 0.43750000, -0.50000000, 0.00389888
0.00000000, 0.50000000, -0.50000000, 0.00367924
-0.06250000, 0.50000000, -0.43750000, 0.00543652
-0.12500000, 0.50000000, -0.37500000, 0.00527663
-0.18750000, 0.50000000, -0.31250000, 0.00320498
-0.25000000, 0.50000000, -0.25000000, 0.00000000
-0.31250000, 0.50000000, -0.18750000, -0.00320498
-0.37500000, 0.50000000, -0.12500000, -0.00527663
-0.43750000, 0.50000000, -0.06250000, -0.00543652
-0.50000000, 0.50000000, 0.00000000, -0.00367924
-0.50000000, 0.43750000, 0.06250000, -0.00389888
-0.50000000, 0.37500000, 0.12500000, -0.00384596
-0.50000000, 0.31250000, 0.18750000, -0.00344145
-0.50000000, 0.25000000, 0.25000000, -0.00282053
-0.50000000, 0.18750000, 0.31250000, -0.00216291
-0.50000000, 0.12500000, 0.37500000, -0.00162704
-0.50000000, 0.06250000, 0.43750000, -0.00129756
-0.50000000, 0.00000000, 0.50000000, -0.00111830
-0.43750000, -0.06250000, 0.50000000, -0.00129756
-0.37500000, -0.12500000, 0.50000000, -0.00162704
-0.31250000, -0.18750000, 0.50000000, -0.00216291
-0.25000000, -0.25000000, 0.50000000, -0.00282053
-0.18750000, -0.31250000, 0.50000000, -0.00344145
-0.12500000, -0.37500000, 0.50000000, -0.00384596
-0.06250000, -0.43750000, 0.50000000, -0.00389888
0.00000000, -0.50000000, 0.50000000, -0.00367924
0.06250000, -0.50000000, 0.43750000, -0.00543652
0.12500000, -0.50000000, 0.37500000, -0.00527663
0.18750000, -0.50000000, 0.31250000, -0.00320498
0.25000000, -0.50000000, 0.25000000, 0.00000000
0.31250000, -0.50000000, 0.18750000, 0.00320498
0.37500000, -0.50000000, 0.12500000, 0.00527663
0.43750000, -0.50000000, 0.06250000, 0.00543652
0.50000000, -0.50000000, 0.00000000, 0.00367924
0.50000000, -0.43750000, -0.06250000, 0.00389888
0.50000000, -0.37500000, -0.12500000, 0.00384596
0.50000000, -0.31250000, -0.18750000, 0.00344145
0.50000000, -0.25000000, -0.25000000, 0.00282053
0.50000000, -0.18750000, -0.31250000, 0.00216291
0.50000000, -0.12500000, -0.37500000, 0.00162704
0.50000000, -0.06250000, -0.43750000, 0.00129756
0.55000000, 0.00000000, -0.55000000, 0.00048431
0.48125000, 0.06875000, -0.55000000, 0.00053093
0.41250000, 0.13750000, -0.55000000, 0.00067775
0.34375000, 0.20625000, -0.55000000, 0.00100818
0.27500000, 0.27500000, -0.55000000, 0.00145249
0.20625000, 0.34375000, -0.55000000, 0.00187804
0.13750000, 0.41250000, -0.55000000, 0.00213354
0.06875000, 0.48125000, -0.55000000, 0.00212569
0.00000000, 0.55000000, -0.55000000, 0.00195916
-0.06875000, 0.55000000, -0.48125000, 0.00358682
-0.13750000, 0.55000000, -0.41250000, 0.00384413
-0.20625000, 0.55000000, -0.34375000, 0.00245119
-0.27500000, 0.55000000, -0.27500000, 0.00000000
-0.34375000, 0.55000000, -0.20625000, -0.00245119
-0.41250000, 0.55000000, -0.13750000, -0.00384413
-0.48125000, 0.55000000, -0.06875000, -0.00358682
-0.55000000, 0.55000000, 0.00000000, -0.00195916
-0.55000000, 0.48125000, 0.06875000, -0.00212569
-0.55000000, 0.41250000, 0.13750000, -0.00213354
-0.55000000, 0.34375000, 0.20625000, -0.00187804
-0.55000000, 0.27500000, 0.27500000, -0.00145249
-0.55000000, 0.20625000, 0.34375000, -0.00100818
-0.55000000, 0.13750000, 0.41250000, -0.00067775
-0.55000000, 0.06875000, 0.48125000, -0.00053093
-0.55000000, 0.00000000, 0.55000000, -0.00048431
-0.48125000, -0.06875000, 0.55000000, -0.00053093
-0.41250000, -0.13750000, 0.55000000, -0.00067775
-0.34375000, -0.20625000, 0.55000000, -0.00100818
-0.27500000, -0.27500000, 0.55000000, -0.00145249
-0.20625000, -0.34375000, 0.55000000, -0.00187804
-0.13750000, -0.41250000, 0.55000000, -0.00213354
-0.06875000, -0.48125000, 0.55000000, -0.00212569
0.00000000, -0.55000000, 0.55000000, -0.00195916
0.06875000, -0.55000000, 0.48125000, -0.00358682
0.13750000, -0.55000000, 0.41250000, -0.00384413
0.20625000, -0.55000000, 0.34375000, -0.00245119
0.27500000, -0.55000000, 0.27500000, 0.00000000
0.34375000, -0.55000000, 0.20625000, 0.00245119
0.41250000, -0.55000000, 0.13750000, 0.00384413
0.48125000, -0.55000000, 0.06875000, 0.00358682
0.55000000, -0.55000000, 0.00000000, 0.00195916
0.55000000, -0.48125000, -0.06875000, 0.00212569
0.55000000, -0.41250000, -0.13750000, 0.00213354
0.55000000, -0.34375000, -0.20625000, 0.00187804
0.55000000, -0.27500000, -0.27500000, 0.00145249
0.55000000, -0.20625000, -0.34375000, 0.00100818
0.55000000, -0.13750000, -0.41250000, 0.00067775
0.55000000, -0.06875000, -0.48125000, 0.00053093
0.60000000, 0.00000000, -0.60000000, 0.00017570
0.52500000, 0.07500000, -0.60000000, 0.00015011
0.45000000, 0.15000000, -0.60000000, 0.00018818
0.37500000, 0.22500000, -0.60000000, 0.00037371
0.30000000, 0.30000000, -0.60000000, 0.00065549
0.22500000, 0.37500000, -0.60000000, 0.00092361
0.15000000, 0.45000000, -0.60000000, 0.00106327
0.07500000, 0.52500000, -0.60000000, 0.00101715
0.00000000, 0.60000000, -0.60000000, 0.00089221
-0.07500000, 0.60000000, -0.52500000, 0.00215498
-0.15000000, 0.60000000, -0.45000000, 0.00259910
-0.22500000, 0.60000000, -0.37500000, 0.00175493
-0.30000000, 0.60000000, -0.30000000, 0.00000000
-0.37500000, 0.60000000, -0.22500000, -0.00175493
-0.45000000, 0.60000000, -0.15000000, -0.00259910
-0.52500000, 0.60000000, -0.07500000, -0.00215498
-0.60000000, 0.60000000, 0.00000000, -0.00089221
-0.60000000, 0.52500000, 0.07500000, -0.00101715
-0.60000000, 0.45000000, 0.15000000, -0.00106327
-0.60000000, 0.37500000, 0.22500000, -0.00092361
-0.60000000, 0.30000000, 0.30000000, -0.00065549
-0.60000000, 0.22500000, 0.37500000, -0.00037371
-0.60000000, 0.15000000, 0.45000000, -0.00018818
-0.60000000, 0.07500000, 0.52500000, -0.00015011
-0.60000000, 0.00000000, 0.60000000, -0.00017570
-0.52500000, -0.07500000, 0.60000000, -0.00015011
-0.45000000, -0.15000000, 0.60000000, -0.00018818
-0.37500000, -0.22500000, 0.60000000, -0.00037371
-0.30000000, -0.30000000, 0.60000000, -0.00065549
-0.22500000, -0.37500000, 0.60000000, -0.00092361
-0.15000000, -0.45000000, 0.60000000, -0.00106327
-0.07500000, -0.52500000, 0.60000000, -0.00101715
0.00000000, -0.60000000, 0.60000000, -0.00089221
0.07500000, -0.60000000, 0.52500000, -0.00215498
0.15000000, -0.60000000, 0.45000000, -0.00259910
0.22500000, -0.60000000, 0.37500000, -0.00175493
0.30000000, -0.60000000, 0.30000000, 0.00000000
0.37500000, -0.60000000, 0.22500000, 0.00175493
0.45000000, -0.60000000, 0.15000000, 0.00259910
0.52500000, -0.60000000, 0.07500000, 0.00215498
0.60000000, -0.60000000, 0.00000000, 0.00089221
0.60000000, -0.52500000, -0.07500000, 0.00101715
0.60000000, -0.45000000, -0.15000000, 0.00106327
0.60000000, -0.37500000, -0.22500000, 0.00092361
0.60000000, -0.30000000, -0.30000000, 0.00065549
0.60000000, -0.22500000, -0.37500000, 0.00037371
0.60000000, -0.15000000, -0.45000000, 0.00018818
0.60000000, -0.07500000, -0.52500000, 0.00015011
0.65000000, 0.00000000, -0.65000000, 0.00004928
0.56875000, 0.08125000, -0.65000000, 0.00000133
0.48750000, 0.16250000, -0.65000000, -0.00000820
0.40625000, 0.24375000, -0.65000000, 0.00008914
0.32500000, 0.32500000, -0.65000000, 0.00026029
0.24375000, 0.40625000, -0.65000000, 0.00041761
0.16250000, 0.48750000, -0.65000000, 0.00048224
0.08125000, 0.56875000, -0.65000000, 0.00042460
0.00000000, 0.65000000, -0.65000000, 0.00033647
-0.08125000, 0.65000000, -0.56875000, 0.00116532
-0.16250000, 0.65000000, -0.48750000, 0.00161387
-0.24375000, 0.65000000, -0.40625000, 0.00116470
-0.32500000, 0.65000000, -0.32500000, 0.00000000
-0.40625000, 0.65000000, -0.24375000, -0.00116470
-0.48750000, 0.65000000, -0.16250000, -0.00161387
-0.56875000, 0.65000000, -0.08125000, -0.00116532
-0.65000000, 0.65000000, 0.00000000, -0.00033647
-0.65000000, 0.56875000, 0.08125000, -0.00042460
-0.65000000, 0.48750000, 0.16250000, -0.00048224
-0.65000000, 0.40625000, 0.24375000, -0.00041761
-0.65000000, 0.32500000, 0.32500000, -0.00026029
-0.65000000, 0.24375000, 0.40625000, -0.00008914
-0.65000000, 0.16250000, 0.48750000, 0.00000820
-0.65000000, 0.08125000, 0.56875000, -0.00000133
-0.65000000, 0.00000000, 0.65000000, -0.00004928
-0.56875000, -0.08125000, 0.65000000, -0.00000133
-0.48750000, -0.16250000, 0.65000000, 0.00000820
-0.40625000, -0.24375000, 0.65000000, -0.00008914
-0.32500000, -0.32500000, 0.65000000, -0.00026029
-0.24375000, -0.40625000, 0.65000000, -0.00041761
-0.16250000, -0.48750000, 0.65000000, -0.00048224
-0.08125000, -0.56875000, 0.65000000, -0.00042460
0.00000000, -0.65000000, 0.65000000, -0.00033647
0.08125000, -0.65000000, 0.56875000, -0.00116532
0.16250000, -0.65000000, 0.48750000, -0.00161387
0.24375000, -0.65000000, 0.40625000, -0.00116470
0.32500000, -0.65000000, 0.32500000, 0.00000000
0.40625000, -0.65000000, 0.24375000, 0.00116470
0.48750000, -0.65000000, 0.16250000, 0.00161387
0.56875000, -0.65000000, 0.08125000, 0.00116532
0.65000000, -0.65000000, 0.00000000, 0.00033647
0.65000000, -0.56875000, -0.08125000, 0.00042460
0.65000000, -0.48750000, -0.16250000, 0.00048224
0.65000000, -0.40625000, -0.24375000, 0.00041761
0.65000000, -0.32500000, -0.32500000, 0.00026029
0.65000000, -0.24375000, -0.40625000, 0.00008914
0.65000000, -0.16250000, -0.48750000, -0.00000820
0.65000000, -0.08125000, -0.56875000, 0.00000133
0.70000000, 0.00000000, -0.70000000, 0.00000845
0.61250000, 0.08750000, -0.70000000, -0.00003367
0.52500000, 0.17500000, -0.70000000, -0.00005606
0.43750000, 0.26250000, -0.70000000, -0.00000695
0.35000000, 0.35000000, -0.70000000, 0.00009353
0.26250000, 0.43750000, -0.70000000, 0.00018281
0.17500000, 0.52500000, -0.70000000, 0.00020823
0.08750000, 0.61250000, -0.70000000, 0.00015924
0.00000000, 0.70000000, -0.70000000, 0.00010278
-0.08750000, 0.70000000, -0.61250000, 0.00055969
-0.17500000, 0.70000000, -0.52500000, 0.00090705
-0.26250000, 0.70000000, -0.43750000, 0.00070666
-0.35000000, 0.70000000, -0.35000000, 0.00000000
-0.43750000, 0.70000000, -0.26250000, -0.00070666
-0.52500000, 0.70000000, -0.17500000, -0.00090705
-0.61250000, 0.70000000, -0.08750000, -0.00055969
-0.70000000, 0.70000000, 0.00000000, -0.00010278
-0.70000000, 0.61250000, 0.08750000, -0.00015924
-0.70000000, 0.52500000, 0.17500000, -0.00020823
-0.70000000, 0.43750000, 0.26250000, -0.00018281
-0.70000000, 0.35000000, 0.35000000, -0.00009353
-0.70000000, 0.26250000, 0.43750000, 0.00000695
-0.70000000, 0.17500000, 0.52500000, 0.00005606
-0.70000000, 0.08750000, 0.61250000, 0.00003367
-0.70000000, 0.00000000, 0.70000000, -0.00000845
-0.61250000, -0.08750000, 0.70000000, 0.00003367
-0.52500000, -0.17500000, 0.70000000, 0.00005606
-0.43750000, -0.26250000, 0.70000000, 0.00000695
-0.35000000, -0.35000000, 0.70000000, -0.00009353
-0.26250000, -0.43750000, 0.70000000, -0.00018281
-0.17500000, -0.52500000, 0.70000000, -0.00020823
-0.08750000, -0.61250000, 0.70000000, -0.00015924
0.00000000, -0.70000000, 0.70000000, -0.00010278
0.08750000, -0.70000000, 0.61250000, -0.00055969
0.17500000, -0.70000000, 0.52500000, -0.00090705
0.26250000, -0.70000000, 0.43750000, -0.00070666
0.35000000, -0.70000000, 0.35000000, 0.00000000
0.43750000, -0.70000000, 0.26250000, 0.00070666
0.52500000, -0.70000000, 0.17500000, 0.00090705
0.61250000, -0.70000000, 0.08750000, 0.00055969
0.70000000, -0.70000000, 0.00000000, 0.00010278
0.70000000, -0.61250000, -0.08750000, 0.00015924
0.70000000, -0.52500000, -0.17500000, 0.00020823
0.70000000, -0.43750000, -0.26250000, 0.00018281
0.70000000, -0.35000000, -0.35000000, 0.00009353
0.70000000, -0.26250000, -0.43750000, -0.00000695
0.70000000, -0.17500000, -0.52500000, -0.00005606
0.70000000, -0.08750000, -0.61250000, -0.00003367
0.75000000, 0.00000000, -0.75000000, -0.00000006
0.65625000, 0.09375000, -0.75000000, -0.00002719
0.56250000, 0.18750000, -0.75000000, -0.00004784
0.46875000, 0.28125000, -0.75000000, -0.00002417
0.37500000, 0.37500000, -0.75000000, 0.00003174
0.28125000, 0.46875000, -0.75000000, 0.00008178
0.18750000, 0.56250000, -0.75000000, 0.00009077
0.09375000, 0.65625000, -0.75000000, 0.00005866
0.00000000, 0.75000000, -0.75000000, 0.00002652
-0.09375000, 0.75000000, -0.65625000, 0.00023492
-0.18750000, 0.75000000, -0.56250000, 0.00045147
-0.28125000, 0.75000000, -0.46875000, 0.00038357
-0.37500000, 0.75000000, -0.37500000, 0.00000000
-0.46875000, 0.75000000, -0.28125000, -0.00038357
-0.56250000, 0.75000000, -0.18750000, -0.00045147
-0.65625000, 0.75000000, -0.09375000, -0.00023492
-0.75000000, 0.75000000, 0.00000000, -0.00002652
-0.75000000, 0.65625000, 0.09375000, -0.00005866
-0.75000000, 0.56250000, 0.18750000, -0.00009077
-0.75000000, 0.46875000, 0.28125000, -0.00008178
-0.75000000, 0.37500000, 0.37500000, -0.00003174
-0.75000000, 0.28125000, 0.46875000, 0.00002417
-0.75000000, 0.18750000, 0.56250000, 0.00004784
-0.75000000, 0.09375000, 0.65625000, 0.00002719
-0.75000000, 0.00000000, 0.75000000, 0.00000006
-0.65625000, -0.09375000, 0.75000000, 0.00002719
-0.56250000, -0.18750000, 0.75000000, 0.00004784
-0.46875000, -0.28125000, 0.75000000, 0.00002417
-0.37500000, -0.37500000, 0.75000000, -0.00003174
-0.28125000, -0.46875000, 0.75000000, -0.00008178
-0.18750000, -0.56250000, 0.75000000, -0.00009077
-0.09375000, -0.65625000, 0.75000000, -0.00005866
0.00000000, -0.75000000, 0.75000000, -0.00002652
0.09375000, -0.75000000, 0.65625000, -0.00023492
0.18750000, -0.75000000, 0.56250000, -0.00045147
0.28125000, -0.75000000, 0.46875000, -0.00038357
0.37500000, -0.75000000, 0.37500000, 0.00000000
0.46875000, -0.75000000, 0.28125000, 0.00038357
0.56250000, -0.75000000, 0.18750000, 0.00045147
0.65625000, -0.75000000, 0.09375000, 0.00023492
0.75000000, -0.75000000, 0.00000000, 0.00002652
0.75000000, -0.65625000, -0.09375000, 0.00005866
0.75000000, -0.56250000, -0.18750000, 0.00009077
0.75000000, -0.46875000, -0.28125000, 0.00008178
0.75000000, -0.37500000, -0.37500000, 0.00003174
0.75000000, -0.28125000, -0.46875000, -0.00002417
0.75000000, -0.18750000, -0.56250000, -0.00004784
0.75000000, -0.09375000, -0.65625000, -0.00002719
0.80000000, 0.00000000, -0.80000000, -0.00000031
0.70000000, 0.10000000, -0.80000000, -0.00001418
0.60000000, 0.20000000, -0.80000000, -0.00002765
0.50000000, 0.30000000, -0.80000000, -0.00001769
0.40000000, 0.40000000, -0.80000000, 0.00001025
0.30000000, 0.50000000, -0.80000000, 0.00003536
0.20000000, 0.60000000, -0.80000000, 0.00003782
0.10000000, 0.70000000, -0.80000000, 0.00002083
0.00000000, 0.80000000, -0.80000000, 0.00000533
-0.10000000, 0.80000000, -0.70000000, 0.00008370
-0.20000000, 0.80000000, -0.60000000, 0.00019191
-0.30000000, 0.80000000, -0.50000000, 0.00017949
-0.40000000, 0.80000000, -0.40000000, 0.00000000
-0.50000000, 0.80000000, -0.30000000, -0.00017949
-0.60000000, 0.80000000, -0.20000000, -0.00019191
-0.70000000, 0.80000000, -0.10000000, -0.00008370
-0.80000000, 0.80000000, 0.00000000, -0.00000533
-0.80000000, 0.70000000, 0.10000000, -0.00002083
-0.80000000, 0.60000000, 0.20000000, -0.00003782
-0.80000000, 0.50000000, 0.30000000, -0.00003536
-0.80000000, 0.40000000, 0.40000000, -0.00001025
-0.80000000, 0.30000000, 0.50000000, 0.00001769
-0.80000000, 0.20000000, 0.60000000, 0.00002765
-0.80000000, 0.10000000, 0.70000000, 0.00001418
-0.80000000, 0.00000000, 0.80000000, 0.00000031
-0.70000000, -0.10000000, 0.80000000, 0.00001418
-0.60000000, -0.20000000, 0.80000000, 0.00002765
-0.50000000, -0.30000000, 0.80000000, 0.00001769
-0.40000000, -0.40000000, 0.80000000, -0.00001025
-0.30000000, -0.50000000, 0.80000000, -0.00003536
-0.20000000, -0.60000000, 0.80000000, -0.00003782
-0.10000000, -0.70000000, 0.80000000, -0.00002083
0.00000000, -0.80000000, 0.80000000, -0.00000533
0.10000000, -0.80000000, 0.70000000, -0.00008370
0.20000000, -0.80000000, 0.60000000, -0.00019191
0.30000000, -0.80000000, 0.50000000, -0.00017949
0.40000000, -0.80000000, 0.40000000, 0.00000000
0.50000000, -0.80000000, 0.30000000, 0.00017949
0.60000000, -0.80000000, 0.20000000, 0.00019191
0.70000000, -0.80000000, 0.10000000, 0.00008370
0.80000000, -0.80000000, 0.00000000, 0.00000533
0.80000000, -0.70000000, -0.10000000, 0.00002083
0.80000000, -0.60000000, -0.20000000, 0.00003782
0.80000000, -0.50000000, -0.30000000, 0.00003536
0.80000000, -0.40000000, -0.40000000, 0.00001025
0.80000000, -0.30000000, -0.50000000, -0.00001769
0.80000000, -0.20000000, -0.60000000, -0.00002765
0.80000000, -0.10000000, -0.70000000, -0.00001418
0.85000000, 0.00000000, -0.85000000, -0.00000017
0.74375000, 0.10625000, -0.85000000, -0.00000574
0.63750000, 0.21250000, -0.85000000, -0.00001116
0.53125000, 0.31875000, -0.85000000, -0.00000807
0.42500000, 0.42500000, -0.85000000, 0.00000346
0.31875000, 0.53125000, -0.85000000, 0.00001208
0.21250000, 0.63750000, -0.85000000, 0.00001157
0.10625000, 0.74375000, -0.85000000, 0.00000413
0.00000000, 0.85000000, -0.85000000, -0.00000135
-0.10625000, 0.85000000, -0.74375000, 0.00002347
-0.21250000, 0.85000000, -0.63750000, 0.00006511
-0.31875000, 0.85000000, -0.53125000, 0.00006756
-0.42500000, 0.85000000, -0.42500000, 0.00000000
-0.53125000, 0.85000000, -0.31875000, -0.00006756
-0.63750000, 0.85000000, -0.21250000, -0.00006511
-0.74375000, 0.85000000, -0.10625000, -0.00002347
-0.85000000, 0.85000000, 0.00000000, 0.00000135
-0.85000000, 0.74375000, 0.10625000, -0.00000413
-0.85000000, 0.63750000, 0.21250000, -0.00001157
-0.85000000, 0.53125000, 0.31875000, -0.00001208
-0.85000000, 0.42500000, 0.42500000, -0.00000346
-0.85000000, 0.31875000, 0.53125000, 0.00000807
-0.85000000, 0.21250000, 0.63750000, 0.00001116
-0.85000000, 0.10625000, 0.74375000, 0.00000574
-0.85000000, 0.00000000, 0.85000000, 0.00000017
-0.74375000, -0.10625000, 0.85000000, 0.00000574
-0.63750000, -0.21250000, 0.85000000, 0.00001116
-0.53125000, -0.31875000, 0.85000000, 0.00000807
-0.42500000, -0.42500000, 0.85000000, -0.00000346
-0.31875000, -0.53125000, 0.85000000, -0.00001208
-0.21250000, -0.63750000, 0.85000000, -0.00001157
-0.10625000, -0.74375000, 0.85000000, -0.00000413
0.00000000, -0.85000000, 0.85000000, 0.00000135
0.10625000, -0.85000000, 0.74375000, -0.00002347
0.21250000, -0.85000000, 0.63750000, -0.00006511
0.31875000, -0.85000000, 0.53125000, -0.00006756
0.42500000, -0.85000000, 0.42500000, 0.00000000
0.53125000, -0.85000000, 0.31875000, 0.00006756
0.63750000, -0.85000000, 0.21250000, 0.00006511
0.74375000, -0.85000000, 0.10625000, 0.00002347
0.85000000, -0.85000000, 0.00000000, -0.00000135
0.85000000, -0.74375000, -0.10625000, 0.00000413
0.85000000, -0.63750000, -0.21250000, 0.00001157
0.85000000, -0.53125000, -0.31875000, 0.00001208
0.85000000, -0.42500000, -0.42500000, 0.00000346
0.85000000, -0.31875000, -0.53125000, -0.00000807
0.85000000, -0.21250000, -0.63750000, -0.00001116
0.85000000, -0.10625000, -0.74375000, -0.00000574
0.90000000, 0.00000000, -0.90000000, -0.00000027
0.78750000, 0.11250000, -0.90000000, -0.00000168
0.67500000, 0.22500000, -0.90000000, -0.00000270
0.56250000, 0.33750000, -0.90000000, -0.00000194
0.45000000, 0.45000000, -0.90000000, 0.00000146
0.33750000, 0.56250000, -0.90000000, 0.00000332
0.22500000, 0.67500000, -0.90000000, 0.00000274
0.11250000, 0.78750000, -0.90000000, 0.00000052
0.00000000, 0.90000000, -0.90000000, -0.00000058
-0.11250000, 0.90000000, -0.78750000, 0.00000457
-0.22500000, 0.90000000, -0.67500000, 0.00001524
-0.33750000, 0.90000000, -0.56250000, 0.00001763
-0.45000000, 0.90000000, -0.45000000, 0.00000000
-0.56250000, 0.90000000, -0.33750000, -0.00001763
-0.67500000, 0.90000000, -0.22500000, -0.00001524
-0.78750000, 0.90000000, -0.11250000, -0.00000457
-0.90000000, 0.90000000, 0.00000000, 0.00000058
-0.90000000, 0.78750000, 0.11250000, -0.00000052
-0.90000000, 0.67500000, 0.22500000, -0.00000274
-0.90000000, 0.56250000, 0.33750000, -0.00000332
-0.90000000, 0.45000000, 0.45000000, -0.00000146
-0.90000000, 0.33750000, 0.56250000, 0.00000194
-0.90000000, 0.22500000, 0.67500000, 0.00000270
-0.90000000, 0.11250000, 0.78750000, 0.00000168
-0.90000000, 0.00000000, 0.90000000, 0.00000027
-0.78750000, -0.11250000, 0.90000000, 0.00000168
-0.67500000, -0.22500000, 0.90000000, 0.00000270
-0.56250000, -0.33750000, 0.90000000, 0.00000194
-0.45000000, -0.45000000, 0.90000000, -0.00000146
-0.33750000, -0.56250000, 0.90000000, -0.00000332
-0.22500000, -0.67500000, 0.90000000, -0.00000274
-0.11250000, -0.78750000, 0.90000000, -0.00000052
0.00000000, -0.90000000, 0.90000000, 0.00000058
0.11250000, -0.90000000, 0.78750000, -0.00000457
0.22500000, -0.90000000, 0.67500000, -0.00001524
0.33750000, -0.90000000, 0.56250000, -0.00001763
0.45000000, -0.90000000, 0.45000000, 0.00000000
0.56250000, -0.90000000, 0.33750000, 0.00001763
0.67500000, -0.90000000, 0.22500000, 0.00001524
0.78750000, -0.90000000, 0.11250000, 0.00000457
0.90000000, -0.90000000, 0.00000000, -0.00000058
0.90000000, -0.78750000, -0.11250000, 0.00000052
0.90000000, -0.67500000, -0.22500000, 0.00000274
0.90000000, -0.56250000, -0.33750000, 0.00000332
0.90000000, -0.45000000, -0.45000000, 0.00000146
0.90000000, -0.33750000, -0.56250000, -0.00000194
0.90000000, -0.22500000, -0.67500000, -0.00000270
0.90000000, -0.11250000, -0.78750000, -0.00000168
0.95000000, 0.00000000, -0.95000000, 0.00000003
0.83125000, 0.11875000, -0.95000000, 0.00000001
0.71250000, 0.23750000, -0.95000000, -0.00000064
0.59375000, 0.35625000, -0.95000000, -0.00000039
0.47500000, 0.47500000, -0.95000000, 0.00000002
0.35625000, 0.59375000, -0.95000000, 0.00000134
0.23750000, 0.71250000, -0.95000000, 0.00000181
0.11875000, 0.83125000, -0.95000000, 0.00000184
0.00000000, 0.95000000, -0.95000000, 0.00000154
-0.11875000, 0.95000000, -0.83125000, 0.00000088
-0.23750000, 0.95000000, -0.71250000, 0.00000163
-0.35625000, 0.95000000, -0.59375000, 0.00000207
-0.47500000, 0.95000000, -0.47500000, 0.00000000
-0.59375000, 0.95000000, -0.35625000, -0.00000207
-0.71250000, 0.95000000, -0.23750000, -0.00000163
-0.83125000, 0.95000000, -0.11875000, -0.00000088
-0.95000000, 0.95000000, 0.00000000, -0.00000154
-0.95000000, 0.83125000, 0.11875000, -0.00000184
-0.95000000, 0.71250000, 0.23750000, -0.00000181
-0.95000000, 0.59375000, 0.35625000, -0.00000134
-0.95000000, 0.47500000, 0.47500000, -0.00000002
-0.95000000, 0.35625000, 0.59375000, 0.00000039
-0.95000000, 0.23750000, 0.71250000, 0.00000064
-0.95000000, 0.11875000, 0.83125000, -0.00000001
-0.95000000, 0.00000000, 0.95000000, -0.00000003
-0.83125000, -0.11875000, 0.95000000, -0.00000001
-0.71250000, -0.23750000, 0.95000000, 0.00000064
-0.59375000, -0.35625000, 0.95000000, 0.00000039
-0.47500000, -0.47500000, 0.95000000, -0.00000002
-0.35625000, -0.59375000, 0.95000000, -0.00000134
-0.23750000, -0.71250000, 0.95000000, -0.00000181
-0.11875000, -0.83125000, 0.95000000, -0.00000184
0.00000000, -0.95000000, 0.95000000, -0.00000154
0.11875000, -0.95000000, 0.83125000, -0.00000088
0.23750000, -0.95000000, 0.71250000, -0.00000163
0.35625000, -0.95000000, 0.59375000, -0.00000207
0.47500000, -0.95000000, 0.47500000, 0.00000000
0.59375000, -0.95000000, 0.35625000, 0.00000207
0.71250000, -0.95000000, 0.23750000, 0.00000163
0.83125000, -0.95000000, 0.11875000, 0.00000088
0.95000000, -0.95000000, 0.00000000, 0.00000154
0.95000000, -0.83125000, -0.11875000, 0.00000184
0.95000000, -0.71250000, -0.23750000, 0.00000181
0.95000000, -0.59375000, -0.35625000, 0.00000134
0.95000000, -0.47500000, -0.47500000, 0.00000002
0.95000000, -0.35625000, -0.59375000, -0.00000039
0.95000000, -0.23750000, -0.71250000, -0.00000064
0.95000000, -0.11875000, -0.83125000, 0.00000001
1.00000000, 0.00000000, -1.00000000, 0.00000000
0.87500000, 0.12500000, -1.00000000, 0.00000000
0.75000000, 0.25000000, -1.00000000, 0.00000000
0.62500000, 0.37500000, -1.00000000, 0.00000000
0.50000000, 0.50000000, -1.00000000, 0.00000000
0.37500000, 0.62500000, -1.00000000, 0.00000000
0.25000000, 0.75000000, -1.00000000, 0.00000000
0.12500000, 0.87500000, -1.00000000, 0.00000000
0.00000000, 1.00000000, -1.00000000, 0.00000000
-0.12500000, 1.00000000, -0.87500000, 0.00000000
-0.25000000, 1.00000000, -0.75000000, 0.00000000
-0.37500000, 1.00000000, -0.62500000, 0.00000000
-0.50000000, 1.00000000, -0.50000000, 0.00000000
-0.62500000, 1.00000000, -0.37500000, 0.00000000
-0.75000000, 1.00000000, -0.25000000, 0.00000000
-0.87500000, 1.00000000, -0.12500000, 0.00000000
-1.00000000, 1.00000000, 0.00000000, 0.00000000
-1.00000000, 0.87500000, 0.12500000, 0.00000000
-1.00000000, 0.75000000, 0.25000000, 0.00000000
-1.00000000, 0.62500000, 0.37500000, 0.00000000
-1.00000000, 0.50000000, 0.50000000, 0.00000000
-1.00000000, 0.37500000, 0.62500000, 0.00000000
-1.00000000, 0.25000000, 0.75000000, 0.00000000
-1.00000000, 0.12500000, 0.87500000, 0.00000000
-1.00000000, 0.00000000, 1.00000000, 0.00000000
-0.87500000, -0.12500000, 1.00000000, 0.00000000
-0.75000000, -0.25000000, 1.00000000, 0.00000000
-0.62500000, -0.37500000, 1.00000000, 0.00000000
-0.50000000, -0.50000000, 1.00000000, 0.00000000
-0.37500000, -0.62500000, 1.00000000, 0.00000000
-0.25000000, -0.75000000, 1.00000000, 0.00000000
-0.12500000, -0.87500000, 1.00000000, 0.00000000
0.00000000, -1.00000000, 1.00000000, 0.00000000
0.12500000, -1.00000000, 0.87500000, 0.00000000
0.25000000, -1.00000000, 0.75000000, 0.00000000
0.37500000, -1.00000000, 0.62500000, 0.00000000
0.50000000, -1.00000000, 0.50000000, 0.00000000
0.62500000, -1.00000000, 0.37500000, 0.00000000
0.75000000, -1.00000000, 0.25000000, 0.00000000
0.87500000, -1.00000000, 0.12500000, 0.00000000
1.00000000, -1.00000000, 0.00000000, 0.00000000
1.00000000, -0.87500000, -0.12500000, 0.00000000
1.00000000, -0.75000000, -0.25000000, 0.00000000
1.00000000, -0.62500000, -0.37500000, 0.00000000
1.00000000, -0.50000000, -0.50000000, 0.00000000
1.00000000, -0.37500000, -0.62500000, 0.00000000
1.00000000, -0.25000000, -0.75000000, 0.00000000
1.00000000, -0.12500000, -0.87500000, 0.00000000
