0.01000000, 0.00000000, -0.01000000, -0.00003062
0.00000000, 0.01000000, -0.01000000, 0.01104723
-0.00125000, 0.01000000, -0.00875000, 0.01010346
-0.00250000, 0.01000000, -0.00750000, 0.00760334
-0.00375000, 0.01000000, -0.00625000, 0.00406268
-0.00500000, 0.01000000, -0.00500000, 0.00000000
-0.00625000, 0.01000000, -0.00375000, -0.00406268
-0.00750000, 0.01000000, -0.00250000, -0.00760334
-0.00875000, 0.01000000, -0.00125000, -0.01010346
-0.01000000, 0.01000000, 0.00000000, -0.01104723
-0.01000000, 0.00875000, 0.00125000, -0.01059146
-0.01000000, 0.00750000, 0.00250000, -0.00907306
-0.01000000, 0.00625000, 0.00375000, -0.00756133
-0.01000000, 0.00500000, 0.00500000, -0.00532320
-0.01000000, 0.00375000, 0.00625000, -0.00342587
-0.01000000, 0.00250000, 0.00750000, -0.00159688
-0.01000000, 0.00125000, 0.00875000, -0.00048278
-0.01000000, 0.00000000, 0.01000000, 0.00003062
0.00000000, -0.01000000, 0.01000000, -0.01104723
0.00125000, -0.01000000, 0.00875000, -0.01010346
0.00250000, -0.01000000, 0.00750000, -0.00760334
0.00375000, -0.01000000, 0.00625000, -0.00406268
0.00500000, -0.01000000, 0.00500000, 0.00000000
0.00625000, -0.01000000, 0.00375000, 0.00406268
0.00750000, -0.01000000, 0.00250000, 0.00760334
0.00875000, -0.01000000, 0.00125000, 0.01010346
0.01000000, -0.01000000, 0.00000000, 0.01104723
0.01000000, -0.00875000, -0.00125000, 0.01059146
0.01000000, -0.00750000, -0.00250000, 0.00907306
0.01000000, -0.00625000, -0.00375000, 0.00756133
0.01000000, -0.00500000, -0.00500000, 0.00532320
0.01000000, -0.00375000, -0.00625000, 0.00342587
0.01000000, -0.00250000, -0.00750000, 0.00159688
0.01000000, -0.00125000, -0.00875000, 0.00048278
0.02000000, 0.00000000, -0.02000000, 0.00044797
0.01750000, 0.00250000, -0.02000000, 0.00087320
0.01500000, 0.00500000, -0.02000000, 0.00196219
0.01250000, 0.00750000, -0.02000000, 0.00379684
0.01000000, 0.01000000, -0.02000000, 0.00564948
0.00750000, 0.01250000, -0.02000000, 0.00773929
0.00500000, 0.01500000, -0.02000000, 0.00951523
0.00250000, 0.01750000, -0.02000000, 0.01078379
0.00000000, 0.02000000, -0.02000000, 0.01127186
-0.00250000, 0.02000000, -0.01750000, 0.01027503
-0.00500000, 0.02000000, -0.01500000, 0.00771597
-0.00750000, 0.02000000, -0.01250000, 0.00411862
-0.01000000, 0.02000000, -0.01000000, 0.00000000
-0.01250000, 0.02000000, -0.00750000, -0.00411862
-0.01500000, 0.02000000, -0.00500000, -0.00771597
-0.01750000, 0.02000000, -0.00250000, -0.01027503
-0.02000000, 0.02000000, 0.00000000, -0.01127186
-0.02000000, 0.01750000, 0.00250000, -0.01078379
-0.02000000, 0.01500000, 0.00500000, -0.00951523
-0.02000000, 0.01250000, 0.00750000, -0.00773929
-0.02000000, 0.01000000, 0.01000000, -0.00564948
-0.02000000, 0.00750000, 0.01250000, -0.00379684
-0.02000000, 0.00500000, 0.01500000, -0.00196219
-0.02000000, 0.00250000, 0.01750000, -0.00087320
-0.02000000, 0.00000000, 0.02000000, -0.00044797
-0.01750000, -0.00250000, 0.02000000, -0.00087320
-0.01500000, -0.00500000, 0.02000000, -0.00196219
-0.01250000, -0.00750000, 0.02000000, -0.00379684
-0.01000000, -0.01000000, 0.02000000, -0.00564948
-0.00750000, -0.01250000, 0.02000000, -0.00773929
-0.00500000, -0.01500000, 0.02000000, -0.00951523
-0.00250000, -0.01750000, 0.02000000, -0.01078379
0.00000000, -0.02000000, 0.02000000, -0.01127186
0.00250000, -0.02000000, 0.01750000, -0.01027503
0.00500000, -0.02000000, 0.01500000, -0.00771597
0.00750000, -0.02000000, 0.01250000, -0.00411862
0.01000000, -0.02000000, 0.01000000, 0.00000000
0.01250000, -0.02000000, 0.00750000, 0.00411862
0.01500000, -0.02000000, 0.00500000, 0.00771597
0.01750000, -0.02000000, 0.00250000, 0.01027503
0.02000000, -0.02000000, 0.00000000, 0.01127186
0.02000000, -0.01750000, -0.00250000, 0.01078379
0.02000000, -0.01500000, -0.00500000, 0.00951523
0.02000000, -0.01250000, -0.00750000, 0.00773929
0.02000000, -0.01000000, -0.01000000, 0.00564948
0.02000000, -0.00750000, -0.01250000, 0.00379684
0.02000000, -0.00500000, -0.01500000, 0.00196219
0.02000000, -0.00250000, -0.01750000, 0.00087320
0.03000000, 0.00000000, -0.03000000, 0.00108443
0.02625000, 0.00375000, -0.03000000, 0.00143522
0.02250000, 0.00750000, -0.03000000, 0.00246661
0.01875000, 0.01125000, -0.03000000, 0.00421723
0.01500000, 0.01500000, -0.03000000, 0.00616343
0.01125000, 0.01875000, -0.03000000, 0.00812018
0.00750000, 0.02250000, -0.03000000, 0.00983957
0.00375000, 0.02625000, -0.03000000, 0.01106770
0.00000000, 0.03000000, -0.03000000, 0.01153716
-0.00375000, 0.03000000, -0.02625000, 0.01047713
-0.00750000, 0.03000000, -0.02250000, 0.00785060
-0.01125000, 0.03000000, -0.01875000, 0.00418964
-0.01500000, 0.03000000, -0.01500000, 0.00000000
-0.01875000, 0.03000000, -0.01125000, -0.00418964
-0.02250000, 0.03000000, -0.00750000, -0.00785060
-0.02625000, 0.03000000, -0.00375000, -0.01047713
-0.03000000, 0.03000000, 0.00000000, -0.01153716
-0.03000000, 0.02625000, 0.00375000, -0.01106770
-0.03000000, 0.02250000, 0.00750000, -0.00983957
-0.03000000, 0.01875000, 0.01125000, -0.00812018
-0.03000000, 0.01500000, 0.01500000, -0.00616343
-0.03000000, 0.01125000, 0.01875000, -0.00421723
-0.03000000, 0.00750000, 0.02250000, -0.00246661
-0.03000000, 0.00375000, 0.02625000, -0.00143522
-0.03000000, 0.00000000, 0.03000000, -0.00108443
-0.02625000, -0.00375000, 0.03000000, -0.00143522
-0.02250000, -0.00750000, 0.03000000, -0.00246661
-0.01875000, -0.01125000, 0.03000000, -0.00421723
-0.01500000, -0.01500000, 0.03000000, -0.00616343
-0.01125000, -0.01875000, 0.03000000, -0.00812018
-0.00750000, -0.02250000, 0.03000000, -0.00983957
-0.00375000, -0.02625000, 0.03000000, -0.01106770
0.00000000, -0.03000000, 0.03000000, -0.01153716
0.00375000, -0.03000000, 0.02625000, -0.01047713
0.00750000, -0.03000000, 0.02250000, -0.00785060
0.01125000, -0.03000000, 0.01875000, -0.00418964
0.01500000, -0.03000000, 0.01500000, 0.00000000
0.01875000, -0.03000000, 0.01125000, 0.00418964
0.02250000, -0.03000000, 0.00750000, 0.00785060
0.02625000, -0.03000000, 0.00375000, 0.01047713
0.03000000, -0.03000000, 0.00000000, 0.01153716
0.03000000, -0.02625000, -0.00375000, 0.01106770
0.03000000, -0.02250000, -0.00750000, 0.00983957
0.03000000, -0.01875000, -0.01125000, 0.00812018
0.03000000, -0.01500000, -0.01500000, 0.00616343
0.03000000, -0.01125000, -0.01875000, 0.00421723
0.03000000, -0.00750000, -0.02250000, 0.00246661
0.03000000, -0.00375000, -0.02625000, 0.00143522
0.04000000, 0.00000000, -0.04000000, 0.00177626
0.03500000, 0.00500000, -0.04000000, 0.00206431
0.03000000, 0.01000000, -0.04000000, 0.00312506
0.02500000, 0.01500000, -0.04000000, 0.00473918
0.02000000, 0.02000000, -0.04000000, 0.00663225
0.01500000, 0.02500000, -0.04000000, 0.00854383
0.01000000, 0.03000000, -0.04000000, 0.01021405
0.00500000, 0.03500000, -0.04000000, 0.01138829
0.00000000, 0.04000000, -0.04000000, 0.01181446
-0.00500000, 0.04000000, -0.03500000, 0.01068558
-0.01000000, 0.04000000, -0.03000000, 0.00799554
-0.01500000, 0.04000000, -0.02500000, 0.00426004
-0.02000000, 0.04000000, -0.02000000, 0.00000000
-0.02500000, 0.04000000, -0.01500000, -0.00426004
-0.03000000, 0.04000000, -0.01000000, -0.00799554
-0.03500000, 0.04000000, -0.00500000, -0.01068558
-0.04000000, 0.04000000, 0.00000000, -0.01181446
-0.04000000, 0.03500000, 0.00500000, -0.01138829
-0.04000000, 0.03000000, 0.01000000, -0.01021405
-0.04000000, 0.02500000, 0.01500000, -0.00854383
-0.04000000, 0.02000000, 0.02000000, -0.00663225
-0.04000000, 0.01500000, 0.02500000, -0.00473918
-0.04000000, 0.01000000, 0.03000000, -0.00312506
-0.04000000, 0.00500000, 0.03500000, -0.00206431
-0.04000000, 0.00000000, 0.04000000, -0.00177626
-0.03500000, -0.00500000, 0.04000000, -0.00206431
-0.03000000, -0.01000000, 0.04000000, -0.00312506
-0.02500000, -0.01500000, 0.04000000, -0.00473918
-0.02000000, -0.02000000, 0.04000000, -0.00663225
-0.01500000, -0.02500000, 0.04000000, -0.00854383
-0.01000000, -0.03000000, 0.04000000, -0.01021405
-0.00500000, -0.03500000, 0.04000000, -0.01138829
0.00000000, -0.04000000, 0.04000000, -0.01181446
0.00500000, -0.04000000, 0.03500000, -0.01068558
0.01000000, -0.04000000, 0.03000000, -0.00799554
0.01500000, -0.04000000, 0.02500000, -0.00426004
0.02000000, -0.04000000, 0.02000000, 0.00000000
0.02500000, -0.04000000, 0.01500000, 0.00426004
0.03000000, -0.04000000, 0.01000000, 0.00799554
0.03500000, -0.04000000, 0.00500000, 0.01068558
0.04000000, -0.04000000, 0.00000000, 0.01181446
0.04000000, -0.03500000, -0.00500000, 0.01138829
0.04000000, -0.03000000, -0.01000000, 0.01021405
0.04000000, -0.02500000, -0.01500000, 0.00854383
0.04000000, -0.02000000, -0.02000000, 0.00663225
0.04000000, -0.01500000, -0.02500000, 0.00473918
0.04000000, -0.01000000, -0.03000000, 0.00312506
0.04000000, -0.00500000, -0.03500000, 0.00206431
0.05000000, 0.00000000, -0.05000000, 0.00248403
0.04375000, 0.00625000, -0.05000000, 0.00272254
0.03750000, 0.01250000, -0.05000000, 0.00373435
0.03125000, 0.01875000, -0.05000000, 0.00529035
0.02500000, 0.02500000, -0.05000000, 0.00712601
0.01875000, 0.03125000, -0.05000000, 0.00897306
0.01250000, 0.03750000, -0.05000000, 0.01058832
0.00625000, 0.04375000, -0.05000000, 0.01170623
0.00000000, 0.05000000, -0.05000000, 0.01208261
-0.00625000, 0.05000000, -0.04375000, 0.01088426
-0.01250000, 0.05000000, -0.03750000, 0.00812812
-0.01875000, 0.05000000, -0.03125000, 0.00432641
-0.02500000, 0.05000000, -0.02500000, 0.00000000
-0.03125000, 0.05000000, -0.01875000, -0.00432641
-0.03750000, 0.05000000, -0.01250000, -0.00812812
-0.04375000, 0.05000000, -0.00625000, -0.01088426
-0.05000000, 0.05000000, 0.00000000, -0.01208261
-0.05000000, 0.04375000, 0.00625000, -0.01170623
-0.05000000, 0.03750000, 0.01250000, -0.01058832
-0.05000000, 0.03125000, 0.01875000, -0.00897306
-0.05000000, 0.02500000, 0.02500000, -0.00712601
-0.05000000, 0.01875000, 0.03125000, -0.00529035
-0.05000000, 0.01250000, 0.03750000, -0.00373435
-0.05000000, 0.00625000, 0.04375000, -0.00272254
-0.05000000, 0.00000000, 0.05000000, -0.00248403
-0.04375000, -0.00625000, 0.05000000, -0.00272254
-0.03750000, -0.01250000, 0.05000000, -0.00373435
-0.03125000, -0.01875000, 0.05000000, -0.00529035
-0.02500000, -0.02500000, 0.05000000, -0.00712601
-0.01875000, -0.03125000, 0.05000000, -0.00897306
-0.01250000, -0.03750000, 0.05000000, -0.01058832
-0.00625000, -0.04375000, 0.05000000, -0.01170623
0.00000000, -0.05000000, 0.05000000, -0.01208261
0.00625000, -0.05000000, 0.04375000, -0.01088426
0.01250000, -0.05000000, 0.03750000, -0.00812812
0.01875000, -0.05000000, 0.03125000, -0.00432641
0.02500000, -0.05000000, 0.02500000, 0.00000000
0.03125000, -0.05000000, 0.01875000, 0.00432641
0.03750000, -0.05000000, 0.01250000, 0.00812812
0.04375000, -0.05000000, 0.00625000, 0.01088426
0.05000000, -0.05000000, 0.00000000, 0.01208261
0.05000000, -0.04375000, -0.00625000, 0.01170623
0.05000000, -0.03750000, -0.01250000, 0.01058832
0.05000000, -0.03125000, -0.01875000, 0.00897306
0.05000000, -0.02500000, -0.02500000, 0.00712601
0.05000000, -0.01875000, -0.03125000, 0.00529035
0.05000000, -0.01250000, -0.03750000, 0.00373435
0.05000000, -0.00625000, -0.04375000, 0.00272254
0.06000000, 0.00000000, -0.06000000, 0.00318291
0.05250000, 0.00750000, -0.06000000, 0.00336010
0.04500000, 0.01500000, -0.06000000, 0.00432531
0.03750000, 0.02250000, -0.06000000, 0.00582992
0.03000000, 0.03000000, -0.06000000, 0.00760748
0.02250000, 0.03750000, -0.06000000, 0.00941104
0.01500000, 0.04500000, -0.06000000, 0.01096855
0.00750000, 0.05250000, -0.06000000, 0.01202253
0.00000000, 0.06000000, -0.06000000, 0.01233014
-0.00750000, 0.06000000, -0.05250000, 0.01105985
-0.01500000, 0.06000000, -0.04500000, 0.00824341
-0.02250000, 0.06000000, -0.03750000, 0.00438409
-0.03000000, 0.06000000, -0.03000000, 0.00000000
-0.03750000, 0.06000000, -0.02250000, -0.00438409
-0.04500000, 0.06000000, -0.01500000, -0.00824341
-0.05250000, 0.06000000, -0.00750000, -0.01105985
-0.06000000, 0.06000000, 0.00000000, -0.01233014
-0.06000000, 0.05250000, 0.00750000, -0.01202253
-0.06000000, 0.04500000, 0.01500000, -0.01096855
-0.06000000, 0.03750000, 0.02250000, -0.00941104
-0.06000000, 0.03000000, 0.03000000, -0.00760748
-0.06000000, 0.02250000, 0.03750000, -0.00582992
-0.06000000, 0.01500000, 0.04500000, -0.00432531
-0.06000000, 0.00750000, 0.05250000, -0.00336010
-0.06000000, 0.00000000, 0.06000000, -0.00318291
-0.05250000, -0.00750000, 0.06000000, -0.00336010
-0.04500000, -0.01500000, 0.06000000, -0.00432531
-0.03750000, -0.02250000, 0.06000000, -0.00582992
-0.03000000, -0.03000000, 0.06000000, -0.00760748
-0.02250000, -0.03750000, 0.06000000, -0.00941104
-0.01500000, -0.04500000, 0.06000000, -0.01096855
-0.00750000, -0.05250000, 0.06000000, -0.01202253
0.00000000, -0.06000000, 0.06000000, -0.01233014
0.00750000, -0.06000000, 0.05250000, -0.01105985
0.01500000, -0.06000000, 0.04500000, -0.00824341
0.02250000, -0.06000000, 0.03750000, -0.00438409
0.03000000, -0.06000000, 0.03000000, 0.00000000
0.03750000, -0.06000000, 0.02250000, 0.00438409
0.04500000, -0.06000000, 0.01500000, 0.00824341
0.05250000, -0.06000000, 0.00750000, 0.01105985
0.06000000, -0.06000000, 0.00000000, 0.01233014
0.06000000, -0.05250000, -0.00750000, 0.01202253
0.06000000, -0.04500000, -0.01500000, 0.01096855
0.06000000, -0.03750000, -0.02250000, 0.00941104
0.06000000, -0.03000000, -0.03000000, 0.00760748
0.06000000, -0.02250000, -0.03750000, 0.00582992
0.06000000, -0.01500000, -0.04500000, 0.00432531
0.06000000, -0.00750000, -0.05250000, 0.00336010
0.07000000, 0.00000000, -0.07000000, 0.00385715
0.06125000, 0.00875000, -0.07000000, 0.00397619
0.05250000, 0.01750000, -0.07000000, 0.00491872
0.04375000, 0.02625000, -0.07000000, 0.00636874
0.03500000, 0.03500000, -0.07000000, 0.00808951
0.02625000, 0.04375000, -0.07000000, 0.00982724
0.01750000, 0.05250000, -0.07000000, 0.01131748
0.00875000, 0.06125000, -0.07000000, 0.01229992
0.00000000, 0.07000000, -0.07000000, 0.01254336
-0.00875000, 0.07000000, -0.06125000, 0.01120970
-0.01750000, 0.07000000, -0.05250000, 0.00834227
-0.02625000, 0.07000000, -0.04375000, 0.00443225
-0.03500000, 0.07000000, -0.03500000, 0.00000000
-0.04375000, 0.07000000, -0.02625000, -0.00443225
-0.05250000, 0.07000000, -0.01750000, -0.00834227
-0.06125000, 0.07000000, -0.00875000, -0.01120970
-0.07000000, 0.07000000, 0.00000000, -0.01254336
-0.07000000, 0.06125000, 0.00875000, -0.01229992
-0.07000000, 0.05250000, 0.01750000, -0.01131748
-0.07000000, 0.04375000, 0.02625000, -0.00982724
-0.07000000, 0.03500000, 0.03500000, -0.00808951
-0.07000000, 0.02625000, 0.04375000, -0.00636874
-0.07000000, 0.01750000, 0.05250000, -0.00491872
-0.07000000, 0.00875000, 0.06125000, -0.00397619
-0.07000000, 0.00000000, 0.07000000, -0.00385715
-0.06125000, -0.00875000, 0.07000000, -0.00397619
-0.05250000, -0.01750000, 0.07000000, -0.00491872
-0.04375000, -0.02625000, 0.07000000, -0.00636874
-0.03500000, -0.03500000, 0.07000000, -0.00808951
-0.02625000, -0.04375000, 0.07000000, -0.00982724
-0.01750000, -0.05250000, 0.07000000, -0.01131748
-0.00875000, -0.06125000, 0.07000000, -0.01229992
0.00000000, -0.07000000, 0.07000000, -0.01254336
0.00875000, -0.07000000, 0.06125000, -0.01120970
0.01750000, -0.07000000, 0.05250000, -0.00834227
0.02625000, -0.07000000, 0.04375000, -0.00443225
0.03500000, -0.07000000, 0.03500000, 0.00000000
0.04375000, -0.07000000, 0.02625000, 0.00443225
0.05250000, -0.07000000, 0.01750000, 0.00834227
0.06125000, -0.07000000, 0.00875000, 0.01120970
0.07000000, -0.07000000, 0.00000000, 0.01254336
0.07000000, -0.06125000, -0.00875000, 0.01229992
0.07000000, -0.05250000, -0.01750000, 0.01131748
0.07000000, -0.04375000, -0.02625000, 0.00982724
0.07000000, -0.03500000, -0.03500000, 0.00808951
0.07000000, -0.02625000, -0.04375000, 0.00636874
0.07000000, -0.01750000, -0.05250000, 0.00491872
0.07000000, -0.00875000, -0.06125000, 0.00397619
0.08000000, 0.00000000, -0.08000000, 0.00449264
0.07000000, 0.01000000, -0.08000000, 0.00457360
0.06000000, 0.02000000, -0.08000000, 0.00548803
0.05000000, 0.03000000, -0.08000000, 0.00688668
0.04000000, 0.04000000, -0.08000000, 0.00855281
0.03000000, 0.05000000, -0.08000000, 0.01022050
0.02000000, 0.06000000, -0.08000000, 0.01164175
0.01000000, 0.07000000, -0.08000000, 0.01255068
0.00000000, 0.08000000, -0.08000000, 0.01272674
-0.01000000, 0.08000000, -0.07000000, 0.01133604
-0.02000000, 0.08000000, -0.06000000, 0.00842379
-0.03000000, 0.08000000, -0.05000000, 0.00447151
-0.04000000, 0.08000000, -0.04000000, 0.00000000
-0.05000000, 0.08000000, -0.03000000, -0.00447151
-0.06000000, 0.08000000, -0.02000000, -0.00842379
-0.07000000, 0.08000000, -0.01000000, -0.01133604
-0.08000000, 0.08000000, 0.00000000, -0.01272674
-0.08000000, 0.07000000, 0.01000000, -0.01255068
-0.08000000, 0.06000000, 0.02000000, -0.01164175
-0.08000000, 0.05000000, 0.03000000, -0.01022050
-0.08000000, 0.04000000, 0.04000000, -0.00855281
-0.08000000, 0.03000000, 0.05000000, -0.00688668
-0.08000000, 0.02000000, 0.06000000, -0.00548803
-0.08000000, 0.01000000, 0.07000000, -0.00457360
-0.08000000, 0.00000000, 0.08000000, -0.00449264
-0.07000000, -0.01000000, 0.08000000, -0.00457360
-0.06000000, -0.02000000, 0.08000000, -0.00548803
-0.05000000, -0.03000000, 0.08000000, -0.00688668
-0.04000000, -0.04000000, 0.08000000, -0.00855281
-0.03000000, -0.05000000, 0.08000000, -0.01022050
-0.02000000, -0.06000000, 0.08000000, -0.01164175
-0.01000000, -0.07000000, 0.08000000, -0.01255068
0.00000000, -0.08000000, 0.08000000, -0.01272674
0.01000000, -0.08000000, 0.07000000, -0.01133604
0.02000000, -0.08000000, 0.06000000, -0.00842379
0.03000000, -0.08000000, 0.05000000, -0.00447151
0.04000000, -0.08000000, 0.04000000, 0.00000000
0.05000000, -0.08000000, 0.03000000, 0.00447151
0.06000000, -0.08000000, 0.02000000, 0.00842379
0.07000000, -0.08000000, 0.01000000, 0.01133604
0.08000000, -0.08000000, 0.00000000, 0.01272674
0.08000000, -0.07000000, -0.01000000, 0.01255068
0.08000000, -0.06000000, -0.02000000, 0.01164175
0.08000000, -0.05000000, -0.03000000, 0.01022050
0.08000000, -0.04000000, -0.04000000, 0.00855281
0.08000000, -0.03000000, -0.05000000, 0.00688668
0.08000000, -0.02000000, -0.06000000, 0.00548803
0.08000000, -0.01000000, -0.07000000, 0.00457360
0.09000000, 0.00000000, -0.09000000, 0.00507897
0.07875000, 0.01125000, -0.09000000, 0.00514064
0.06750000, 0.02250000, -0.09000000, 0.00601705
0.05625000, 0.03375000, -0.09000000, 0.00736992
0.04500000, 0.04500000, -0.09000000, 0.00898293
0.03375000, 0.05625000, -0.09000000, 0.01059073
0.02250000, 0.06750000, -0.09000000, 0.01194556
0.01125000, 0.07875000, -0.09000000, 0.01278151
0.00000000, 0.09000000, -0.09000000, 0.01288050
-0.01125000, 0.09000000, -0.07875000, 0.01143782
-0.02250000, 0.09000000, -0.06750000, 0.00848671
-0.03375000, 0.09000000, -0.05625000, 0.00450165
-0.04500000, 0.09000000, -0.04500000, 0.00000000
-0.05625000, 0.09000000, -0.03375000, -0.00450165
-0.06750000, 0.09000000, -0.02250000, -0.00848671
-0.07875000, 0.09000000, -0.01125000, -0.01143782
-0.09000000, 0.09000000, 0.00000000, -0.01288050
-0.09000000, 0.07875000, 0.01125000, -0.01278151
-0.09000000, 0.06750000, 0.02250000, -0.01194556
-0.09000000, 0.05625000, 0.03375000, -0.01059073
-0.09000000, 0.04500000, 0.04500000, -0.00898293
-0.09000000, 0.03375000, 0.05625000, -0.00736992
-0.09000000, 0.02250000, 0.06750000, -0.00601705
-0.09000000, 0.01125000, 0.07875000, -0.00514064
-0.09000000, 0.00000000, 0.09000000, -0.00507897
-0.07875000, -0.01125000, 0.09000000, -0.00514064
-0.06750000, -0.02250000, 0.09000000, -0.00601705
-0.05625000, -0.03375000, 0.09000000, -0.00736992
-0.04500000, -0.04500000, 0.09000000, -0.00898293
-0.03375000, -0.05625000, 0.09000000, -0.01059073
-0.02250000, -0.06750000, 0.09000000, -0.01194556
-0.01125000, -0.07875000, 0.09000000, -0.01278151
0.00000000, -0.09000000, 0.09000000, -0.01288050
0.01125000, -0.09000000, 0.07875000, -0.01143782
0.02250000, -0.09000000, 0.06750000, -0.00848671
0.03375000, -0.09000000, 0.05625000, -0.00450165
0.04500000, -0.09000000, 0.04500000, 0.00000000
0.05625000, -0.09000000, 0.03375000, 0.00450165
0.06750000, -0.09000000, 0.02250000, 0.00848671
0.07875000, -0.09000000, 0.01125000, 0.01143782
0.09000000, -0.09000000, 0.00000000, 0.01288050
0.09000000, -0.07875000, -0.01125000, 0.01278151
0.09000000, -0.06750000, -0.02250000, 0.01194556
0.09000000, -0.05625000, -0.03375000, 0.01059073
0.09000000, -0.04500000, -0.04500000, 0.00898293
0.09000000, -0.03375000, -0.05625000, 0.00736992
0.09000000, -0.02250000, -0.06750000, 0.00601705
0.09000000, -0.01125000, -0.07875000, 0.00514064
0.10000000, 0.00000000, -0.10000000, 0.00560978
0.08750000, 0.01250000, -0.10000000, 0.00566349
0.07500000, 0.02500000, -0.10000000, 0.00650291
0.06250000, 0.03750000, -0.10000000, 0.00781521
0.05000000, 0.05000000, -0.10000000, 0.00937671
0.03750000, 0.06250000, -0.10000000, 0.01093078
0.02500000, 0.07500000, -0.10000000, 0.01222066
0.01250000, 0.08750000, -0.10000000, 0.01298405
0.00000000, 0.10000000, -0.10000000, 0.01300049
-0.01250000, 0.10000000, -0.08750000, 0.01151317
-0.02500000, 0.10000000, -0.07500000, 0.00853085
-0.03750000, 0.10000000, -0.06250000, 0.00452240
-0.05000000, 0.10000000, -0.05000000, 0.00000000
-0.06250000, 0.10000000, -0.03750000, -0.00452240
-0.07500000, 0.10000000, -0.02500000, -0.00853085
-0.08750000, 0.10000000, -0.01250000, -0.01151317
-0.10000000, 0.10000000, 0.00000000, -0.01300049
-0.10000000, 0.08750000, 0.01250000, -0.01298405
-0.10000000, 0.07500000, 0.02500000, -0.01222066
-0.10000000, 0.06250000, 0.03750000, -0.01093078
-0.10000000, 0.05000000, 0.05000000, -0.00937671
-0.10000000, 0.03750000, 0.06250000, -0.00781521
-0.10000000, 0.02500000, 0.07500000, -0.00650291
-0.10000000, 0.01250000, 0.08750000, -0.00566349
-0.10000000, 0.00000000, 0.10000000, -0.00560978
-0.08750000, -0.01250000, 0.10000000, -0.00566349
-0.07500000, -0.02500000, 0.10000000, -0.00650291
-0.06250000, -0.03750000, 0.10000000, -0.00781521
-0.05000000, -0.05000000, 0.10000000, -0.00937671
-0.03750000, -0.06250000, 0.10000000, -0.01093078
-0.02500000, -0.07500000, 0.10000000, -0.01222066
-0.01250000, -0.08750000, 0.10000000, -0.01298405
0.00000000, -0.10000000, 0.10000000, -0.01300049
0.01250000, -0.10000000, 0.08750000, -0.01151317
0.02500000, -0.10000000, 0.07500000, -0.00853085
0.03750000, -0.10000000, 0.06250000, -0.00452240
0.05000000, -0.10000000, 0.05000000, 0.00000000
0.06250000, -0.10000000, 0.03750000, 0.00452240
0.07500000, -0.10000000, 0.02500000, 0.00853085
0.08750000, -0.10000000, 0.01250000, 0.01151317
0.10000000, -0.10000000, 0.00000000, 0.01300049
0.10000000, -0.08750000, -0.01250000, 0.01298405
0.10000000, -0.07500000, -0.02500000, 0.01222066
0.10000000, -0.06250000, -0.03750000, 0.01093078
0.10000000, -0.05000000, -0.05000000, 0.00937671
0.10000000, -0.03750000, -0.06250000, 0.00781521
0.10000000, -0.02500000, -0.07500000, 0.00650291
0.10000000, -0.01250000, -0.08750000, 0.00566349
0.15000000, 0.00000000, -0.15000000, 0.00731715
0.13125000, 0.01875000, -0.15000000, 0.00743959
0.11250000, 0.03750000, -0.15000000, 0.00821184
0.09375000, 0.05625000, -0.15000000, 0.00938150
0.07500000, 0.07500000, -0.15000000, 0.01073106
0.05625000, 0.09375000, -0.15000000, 0.01201496
0.03750000, 0.11250000, -0.15000000, 0.01299600
0.01875000, 0.13125000, -0.15000000, 0.01341902
0.00000000, 0.15000000, -0.15000000, 0.01306360
-0.01875000, 0.15000000, -0.13125000, 0.01150560
-0.03750000, 0.15000000, -0.11250000, 0.00850021
-0.05625000, 0.15000000, -0.09375000, 0.00449985
-0.07500000, 0.15000000, -0.07500000, 0.00000000
-0.09375000, 0.15000000, -0.05625000, -0.00449985
-0.11250000, 0.15000000, -0.03750000, -0.00850021
-0.13125000, 0.15000000, -0.01875000, -0.01150560
-0.15000000, 0.15000000, 0.00000000, -0.01306360
-0.15000000, 0.13125000, 0.01875000, -0.01341902
-0.15000000, 0.11250000, 0.03750000, -0.01299600
-0.15000000, 0.09375000, 0.05625000, -0.01201496
-0.15000000, 0.07500000, 0.07500000, -0.01073106
-0.15000000, 0.05625000, 0.09375000, -0.00938150
-0.15000000, 0.03750000, 0.11250000, -0.00821184
-0.15000000, 0.01875000, 0.13125000, -0.00743959
-0.15000000, 0.00000000, 0.15000000, -0.00731715
-0.13125000, -0.01875000, 0.15000000, -0.00743959
-0.11250000, -0.03750000, 0.15000000, -0.00821184
-0.09375000, -0.05625000, 0.15000000, -0.00938150
-0.07500000, -0.07500000, 0.15000000, -0.01073106
-0.05625000, -0.09375000, 0.15000000, -0.01201496
-0.03750000, -0.11250000, 0.15000000, -0.01299600
-0.01875000, -0.13125000, 0.15000000, -0.01341902
0.00000000, -0.15000000, 0.15000000, -0.01306360
0.01875000, -0.15000000, 0.13125000, -0.01150560
0.03750000, -0.15000000, 0.11250000, -0.00850021
0.05625000, -0.15000000, 0.09375000, -0.00449985
0.07500000, -0.15000000, 0.07500000, 0.00000000
0.09375000, -0.15000000, 0.05625000, 0.00449985
0.11250000, -0.15000000, 0.03750000, 0.00850021
0.13125000, -0.15000000, 0.01875000, 0.01150560
0.15000000, -0.15000000, 0.00000000, 0.01306360
0.15000000, -0.13125000, -0.01875000, 0.01341902
0.15000000, -0.11250000, -0.03750000, 0.01299600
0.15000000, -0.09375000, -0.05625000, 0.01201496
0.15000000, -0.07500000, -0.07500000, 0.01073106
0.15000000, -0.05625000, -0.09375000, 0.00938150
0.15000000, -0.03750000, -0.11250000, 0.00821184
0.15000000, -0.01875000, -0.13125000, 0.00743959
0.20000000, 0.00000000, -0.20000000, 0.00741356
0.17500000, 0.02500000, -0.20000000, 0.00775173
0.15000000, 0.05000000, -0.20000000, 0.00854736
0.12500000, 0.07500000, -0.20000000, 0.00965363
0.10000000, 0.10000000, -0.20000000, 0.01086883
0.07500000, 0.12500000, -0.20000000, 0.01197749
0.05000000, 0.15000000, -0.20000000, 0.01274114
0.02500000, 0.17500000, -0.20000000, 0.01292346
0.00000000, 0.20000000, -0.20000000, 0.01229875
-0.02500000, 0.20000000, -0.17500000, 0.01093436
-0.05000000, 0.20000000, -0.15000000, 0.00811991
-0.07500000, 0.20000000, -0.12500000, 0.00431061
-0.10000000, 0.20000000, -0.10000000, 0.00000000
-0.12500000, 0.20000000, -0.07500000, -0.00431061
-0.15000000, 0.20000000, -0.05000000, -0.00811991
-0.17500000, 0.20000000, -0.02500000, -0.01093436
-0.20000000, 0.20000000, 0.00000000, -0.01229875
-0.20000000, 0.17500000, 0.02500000, -0.01292346
-0.20000000, 0.15000000, 0.05000000, -0.01274114
-0.20000000, 0.12500000, 0.07500000, -0.01197749
-0.20000000, 0.10000000, 0.10000000, -0.01086883
-0.20000000, 0.07500000, 0.12500000, -0.00965363
-0.20000000, 0.05000000, 0.15000000, -0.00854736
-0.20000000, 0.02500000, 0.17500000, -0.00775173
-0.20000000, 0.00000000, 0.20000000, -0.00741356
-0.17500000, -0.02500000, 0.20000000, -0.00775173
-0.15000000, -0.05000000, 0.20000000, -0.00854736
-0.12500000, -0.07500000, 0.20000000, -0.00965363
-0.10000000, -0.10000000, 0.20000000, -0.01086883
-0.07500000, -0.12500000, 0.20000000, -0.01197749
-0.05000000, -0.15000000, 0.20000000, -0.01274114
-0.02500000, -0.17500000, 0.20000000, -0.01292346
0.00000000, -0.20000000, 0.20000000, -0.01229875
0.02500000, -0.20000000, 0.17500000, -0.01093436
0.05000000, -0.20000000, 0.15000000, -0.00811991
0.07500000, -0.20000000, 0.12500000, -0.00431061
0.10000000, -0.20000000, 0.10000000, 0.00000000
0.12500000, -0.20000000, 0.07500000, 0.00431061
0.15000000, -0.20000000, 0.05000000, 0.00811991
0.17500000, -0.20000000, 0.02500000, 0.01093436
0.20000000, -0.20000000, 0.00000000, 0.01229875
0.20000000, -0.17500000, -0.02500000, 0.01292346
0.20000000, -0.15000000, -0.05000000, 0.01274114
0.20000000, -0.12500000, -0.07500000, 0.01197749
0.20000000, -0.10000000, -0.10000000, 0.01086883
0.20000000, -0.07500000, -0.12500000, 0.00965363
0.20000000, -0.05000000, -0.15000000, 0.00854736
0.20000000, -0.02500000, -0.17500000, 0.00775173
0.25000000, 0.00000000, -0.25000000, 0.00630531
0.21875000, 0.03125000, -0.25000000, 0.00684569
0.18750000, 0.06250000, -0.25000000, 0.00769759
0.15625000, 0.09375000, -0.25000000, 0.00876370
0.12500000, 0.12500000, -0.25000000, 0.00988446
0.09375000, 0.15625000, -0.25000000, 0.01086233
0.06250000, 0.18750000, -0.25000000, 0.01149104
0.03125000, 0.21875000, -0.25000000, 0.01154888
0.00000000, 0.25000000, -0.25000000, 0.01083322
-0.03125000, 0.25000000, -0.21875000, 0.00991321
-0.06250000, 0.25000000, -0.18750000, 0.00748119
-0.09375000, 0.25000000, -0.15625000, 0.00400444
-0.12500000, 0.25000000, -0.12500000, 0.00000000
-0.15625000, 0.25000000, -0.09375000, -0.00400444
-0.18750000, 0.25000000, -0.06250000, -0.00748119
-0.21875000, 0.25000000, -0.03125000, -0.00991321
-0.25000000, 0.25000000, 0.00000000, -0.01083322
-0.25000000, 0.21875000, 0.03125000, -0.01154888
-0.25000000, 0.18750000, 0.06250000, -0.01149104
-0.25000000, 0.15625000, 0.09375000, -0.01086233
-0.25000000, 0.12500000, 0.12500000, -0.00988446
-0.25000000, 0.09375000, 0.15625000, -0.00876370
-0.25000000, 0.06250000, 0.18750000, -0.00769759
-0.25000000, 0.03125000, 0.21875000, -0.00684569
-0.25000000, 0.00000000, 0.25000000, -0.00630531
-0.21875000, -0.03125000, 0.25000000, -0.00684569
-0.18750000, -0.06250000, 0.25000000, -0.00769759
-0.15625000, -0.09375000, 0.25000000, -0.00876370
-0.12500000, -0.12500000, 0.25000000, -0.00988446
-0.09375000, -0.15625000, 0.25000000, -0.01086233
-0.06250000, -0.18750000, 0.25000000, -0.01149104
-0.03125000, -0.21875000, 0.25000000, -0.01154888
0.00000000, -0.25000000, 0.25000000, -0.01083322
0.03125000, -0.25000000, 0.21875000, -0.00991321
0.06250000, -0.25000000, 0.18750000, -0.00748119
0.09375000, -0.25000000, 0.15625000, -0.00400444
0.12500000, -0.25000000, 0.12500000, 0.00000000
0.15625000, -0.25000000, 0.09375000, 0.00400444
0.18750000, -0.25000000, 0.06250000, 0.00748119
0.21875000, -0.25000000, 0.03125000, 0.00991321
0.25000000, -0.25000000, 0.00000000, 0.01083322
0.25000000, -0.21875000, -0.03125000, 0.01154888
0.25000000, -0.18750000, -0.06250000, 0.01149104
0.25000000, -0.15625000, -0.09375000, 0.01086233
0.25000000, -0.12500000, -0.12500000, 0.00988446
0.25000000, -0.09375000, -0.15625000, 0.00876370
0.25000000, -0.06250000, -0.18750000, 0.00769759
0.25000000, -0.03125000, -0.21875000, 0.00684569
0.30000000, 0.00000000, -0.30000000, 0.00463704
0.26250000, 0.03750000, -0.30000000, 0.00527178
0.22500000, 0.07500000, -0.30000000, 0.00610068
0.18750000, 0.11250000, -0.30000000, 0.00708902
0.15000000, 0.15000000, -0.30000000, 0.00810950
0.11250000, 0.18750000, -0.30000000, 0.00899010
0.07500000, 0.22500000, -0.30000000, 0.00954313
0.03750000, 0.26250000, -0.30000000, 0.00957194
0.00000000, 0.30000000, -0.30000000, 0.00891180
-0.03750000, 0.30000000, -0.26250000, 0.00858067
-0.07500000, 0.30000000, -0.22500000, 0.00666044
-0.11250000, 0.30000000, -0.18750000, 0.00361753
-0.15000000, 0.30000000, -0.15000000, 0.00000000
-0.18750000, 0.30000000, -0.11250000, -0.00361753
-0.22500000, 0.30000000, -0.07500000, -0.00666044
-0.26250000, 0.30000000, -0.03750000, -0.00858067
-0.30000000, 0.30000000, 0.00000000, -0.00891180
-0.30000000, 0.26250000, 0.03750000, -0.00957194
-0.30000000, 0.22500000, 0.07500000, -0.00954313
-0.30000000, 0.18750000, 0.11250000, -0.00899010
-0.30000000, 0.15000000, 0.15000000, -0.00810950
-0.30000000, 0.11250000, 0.18750000, -0.00708902
-0.30000000, 0.07500000, 0.22500000, -0.00610068
-0.30000000, 0.03750000, 0.26250000, -0.00527178
-0.30000000, 0.00000000, 0.30000000, -0.00463704
-0.26250000, -0.03750000, 0.30000000, -0.00527178
-0.22500000, -0.07500000, 0.30000000, -0.00610068
-0.18750000, -0.11250000, 0.30000000, -0.00708902
-0.15000000, -0.15000000, 0.30000000, -0.00810950
-0.11250000, -0.18750000, 0.30000000, -0.00899010
-0.07500000, -0.22500000, 0.30000000, -0.00954313
-0.03750000, -0.26250000, 0.30000000, -0.00957194
0.00000000, -0.30000000, 0.30000000, -0.00891180
0.03750000, -0.30000000, 0.26250000, -0.00858067
0.07500000, -0.30000000, 0.22500000, -0.00666044
0.11250000, -0.30000000, 0.18750000, -0.00361753
0.15000000, -0.30000000, 0.15000000, 0.00000000
0.18750000, -0.30000000, 0.11250000, 0.00361753
0.22500000, -0.30000000, 0.07500000, 0.00666044
0.26250000, -0.30000000, 0.03750000, 0.00858067
0.30000000, -0.30000000, 0.00000000, 0.00891180
0.30000000, -0.26250000, -0.03750000, 0.00957194
0.30000000, -0.22500000, -0.07500000, 0.00954313
0.30000000, -0.18750000, -0.11250000, 0.00899010
0.30000000, -0.15000000, -0.15000000, 0.00810950
0.30000000, -0.11250000, -0.18750000, 0.00708902
0.30000000, -0.07500000, -0.22500000, 0.00610068
0.30000000, -0.03750000, -0.26250000, 0.00527178
0.35000000, 0.00000000, -0.35000000, 0.00298487
0.30625000, 0.04375000, -0.35000000, 0.00356950
0.26250000, 0.08750000, -0.35000000, 0.00427461
0.21875000, 0.13125000, -0.35000000, 0.00512196
0.17500000, 0.17500000, -0.35000000, 0.00600703
0.13125000, 0.21875000, -0.35000000, 0.00678385
0.08750000, 0.26250000, -0.35000000, 0.00727741
0.04375000, 0.30625000, -0.35000000, 0.00732128
0.00000000, 0.35000000, -0.35000000, 0.00680050
-0.04375000, 0.35000000, -0.30625000, 0.00706652
-0.08750000, 0.35000000, -0.26250000, 0.00571668
-0.13125000, 0.35000000, -0.21875000, 0.00317147
-0.17500000, 0.35000000, -0.17500000, 0.00000000
-0.21875000, 0.35000000, -0.13125000, -0.00317147
-0.26250000, 0.35000000, -0.08750000, -0.00571668
-0.30625000, 0.35000000, -0.04375000, -0.00706652
-0.35000000, 0.35000000, 0.00000000, -0.00680050
-0.35000000, 0.30625000, 0.04375000, -0.00732128
-0.35000000, 0.26250000, 0.08750000, -0.00727741
-0.35000000, 0.21875000, 0.13125000, -0.00678385
-0.35000000, 0.17500000, 0.17500000, -0.00600703
-0.35000000, 0.13125000, 0.21875000, -0.00512196
-0.35000000, 0.08750000, 0.26250000, -0.00427461
-0.35000000, 0.04375000, 0.30625000, -0.00356950
-0.35000000, 0.00000000, 0.35000000, -0.00298487
-0.30625000, -0.04375000, 0.35000000, -0.00356950
-0.26250000, -0.08750000, 0.35000000, -0.00427461
-0.21875000, -0.13125000, 0.35000000, -0.00512196
-0.17500000, -0.17500000, 0.35000000, -0.00600703
-0.13125000, -0.21875000, 0.35000000, -0.00678385
-0.08750000, -0.26250000, 0.35000000, -0.00727741
-0.04375000, -0.30625000, 0.35000000, -0.00732128
0.00000000, -0.35000000, 0.35000000, -0.00680050
0.04375000, -0.35000000, 0.30625000, -0.00706652
0.08750000, -0.35000000, 0.26250000, -0.00571668
0.13125000, -0.35000000, 0.21875000, -0.00317147
0.17500000, -0.35000000, 0.17500000, 0.00000000
0.21875000, -0.35000000, 0.13125000, 0.00317147
0.26250000, -0.35000000, 0.08750000, 0.00571668
0.30625000, -0.35000000, 0.04375000, 0.00706652
0.35000000, -0.35000000, 0.00000000, 0.00680050
0.35000000, -0.30625000, -0.04375000, 0.00732128
0.35000000, -0.26250000, -0.08750000, 0.00727741
0.35000000, -0.21875000, -0.13125000, 0.00678385
0.35000000, -0.17500000, -0.17500000, 0.00600703
0.35000000, -0.13125000, -0.21875000, 0.00512196
0.35000000, -0.08750000, -0.26250000, 0.00427461
0.35000000, -0.04375000, -0.30625000, 0.00356950
0.40000000, 0.00000000, -0.40000000, 0.00169143
0.35000000, 0.05000000, -0.40000000, 0.00211838
0.30000000, 0.10000000, -0.40000000, 0.00263730
0.25000000, 0.15000000, -0.40000000, 0.00329434
0.20000000, 0.20000000, -0.40000000, 0.00400918
0.15000000, 0.25000000, -0.40000000, 0.00465080
0.10000000, 0.30000000, -0.40000000, 0.00507058
0.05000000, 0.35000000, -0.40000000, 0.00512897
0.00000000, 0.40000000, -0.40000000, 0.00477075
-0.05000000, 0.40000000, -0.35000000, 0.00550841
-0.10000000, 0.40000000, -0.30000000, 0.00471103
-0.15000000, 0.40000000, -0.25000000, 0.00268788
-0.20000000, 0.40000000, -0.20000000, 0.00000000
-0.25000000, 0.40000000, -0.15000000, -0.00268788
-0.30000000, 0.40000000, -0.10000000, -0.00471103
-0.35000000, 0.40000000, -0.05000000, -0.00550841
-0.40000000, 0.40000000, 0.00000000, -0.00477075
-0.40000000, 0.35000000, 0.05000000, -0.00512897
-0.40000000, 0.30000000, 0.10000000, -0.00507058
-0.40000000, 0.25000000, 0.15000000, -0.00465080
-0.40000000, 0.20000000, 0.20000000, -0.00400918
-0.40000000, 0.15000000, 0.25000000, -0.00329434
-0.40000000, 0.10000000, 0.30000000, -0.00263730
-0.40000000, 0.05000000, 0.35000000, -0.00211838
-0.40000000, 0.00000000, 0.40000000, -0.00169143
-0.35000000, -0.05000000, 0.40000000, -0.00211838
-0.30000000, -0.10000000, 0.40000000, -0.00263730
-0.25000000, -0.15000000, 0.40000000, -0.00329434
-0.20000000, -0.20000000, 0.40000000, -0.00400918
-0.15000000, -0.25000000, 0.40000000, -0.00465080
-0.10000000, -0.30000000, 0.40000000, -0.00507058
-0.05000000, -0.35000000, 0.40000000, -0.00512897
0.00000000, -0.40000000, 0.40000000, -0.00477075
0.05000000, -0.40000000, 0.35000000, -0.00550841
0.10000000, -0.40000000, 0.30000000, -0.00471103
0.15000000, -0.40000000, 0.25000000, -0.00268788
0.20000000, -0.40000000, 0.20000000, 0.00000000
0.25000000, -0.40000000, 0.15000000, 0.00268788
0.30000000, -0.40000000, 0.10000000, 0.00471103
0.35000000, -0.40000000, 0.05000000, 0.00550841
0.40000000, -0.40000000, 0.00000000, 0.00477075
0.40000000, -0.35000000, -0.05000000, 0.00512897
0.40000000, -0.30000000, -0.10000000, 0.00507058
0.40000000, -0.25000000, -0.15000000, 0.00465080
0.40000000, -0.20000000, -0.20000000, 0.00400918
0.40000000, -0.15000000, -0.25000000, 0.00329434
0.40000000, -0.10000000, -0.30000000, 0.00263730
0.40000000, -0.05000000, -0.35000000, 0.00211838
0.45000000, 0.00000000, -0.45000000, 0.00084507
0.39375000, 0.05625000, -0.45000000, 0.00108700
0.33750000, 0.11250000, -0.45000000, 0.00140577
0.28125000, 0.16875000, -0.45000000, 0.00186095
0.22500000, 0.22500000, -0.45000000, 0.00239349
0.16875000, 0.28125000, -0.45000000, 0.00288734
0.11250000, 0.33750000, -0.45000000, 0.00321770
0.05625000, 0.39375000, -0.45000000, 0.00327205
0.00000000, 0.45000000, -0.45000000, 0.00304829
-0.05625000, 0.45000000, -0.39375000, 0.00404139
-0.11250000, 0.45000000, -0.33750000, 0.00370869
-0.16875000, 0.45000000, -0.28125000, 0.00219191
-0.22500000, 0.45000000, -0.22500000, 0.00000000
-0.28125000, 0.45000000, -0.16875000, -0.00219191
-0.33750000, 0.45000000, -0.11250000, -0.00370869
-0.39375000, 0.45000000, -0.05625000, -0.00404139
-0.45000000, 0.45000000, 0.00000000, -0.00304829
-0.45000000, 0.39375000, 0.05625000, -0.00327205
-0.45000000, 0.33750000, 0.11250000, -0.00321770
-0.45000000, 0.28125000, 0.16875000, -0.00288734
-0.45000000, 0.22500000, 0.22500000, -0.00239349
-0.45000000, 0.16875000, 0.28125000, -0.00186095
-0.45000000, 0.11250000, 0.33750000, -0.00140577
-0.45000000, 0.05625000, 0.39375000, -0.00108700
-0.45000000, 0.00000000, 0.45000000, -0.00084507
-0.39375000, -0.05625000, 0.45000000, -0.00108700
-0.33750000, -0.11250000, 0.45000000, -0.00140577
-0.28125000, -0.16875000, 0.45000000, -0.00186095
-0.22500000, -0.22500000, 0.45000000, -0.00239349
-0.16875000, -0.28125000, 0.45000000, -0.00288734
-0.11250000, -0.33750000, 0.45000000, -0.00321770
-0.05625000, -0.39375000, 0.45000000, -0.00327205
0.00000000, -0.45000000, 0.45000000, -0.00304829
0.05625000, -0.45000000, 0.39375000, -0.00404139
0.11250000, -0.45000000, 0.33750000, -0.00370869
0.16875000, -0.45000000, 0.28125000, -0.00219191
0.22500000, -0.45000000, 0.22500000, 0.00000000
0.28125000, -0.45000000, 0.16875000, 0.00219191
0.33750000, -0.45000000, 0.11250000, 0.00370869
0.39375000, -0.45000000, 0.05625000, 0.00404139
0.45000000, -0.45000000, 0.00000000, 0.00304829
0.45000000, -0.39375000, -0.05625000, 0.00327205
0.45000000, -0.33750000, -0.11250000, 0.00321770
0.45000000, -0.28125000, -0.16875000, 0.00288734
0.45000000, -0.22500000, -0.22500000, 0.00239349
0.45000000, -0.16875000, -0.28125000, 0.00186095
0.45000000, -0.11250000, -0.33750000, 0.00140577
0.45000000, -0.05625000, -0.39375000, 0.00108700
0.50000000, 0.00000000, -0.50000000, 0.00037059
0.43750000, 0.06250000, -0.50000000, 0.00046447
0.37500000, 0.12500000, -0.50000000, 0.00061472
0.31250000, 0.18750000, -0.50000000, 0.00089476
0.25000000, 0.25000000, -0.50000000, 0.00126115
0.18750000, 0.31250000, -0.50000000, 0.00161849
0.12500000, 0.37500000, -0.50000000, 0.00185615
0.06250000, 0.43750000, -0.50000000, 0.00189010
0.00000000, 0.50000000, -0.50000000, 0.00175306
-0.06250000, 0.50000000, -0.43750000, 0.00277200
-0.12500000, 0.50000000, -0.37500000, 0.00277227
-0.18750000, 0.50000000, -0.31250000, 0.00171012
-0.25000000, 0.50000000, -0.25000000, 0.00000000
-0.31250000, 0.50000000, -0.18750000, -0.00171012
-0.37500000, 0.50000000, -0.12500000, -0.00277227
-0.43750000, 0.50000000, -0.06250000, -0.00277200
-0.50000000, 0.50000000, 0.00000000, -0.00175306
-0.50000000, 0.43750000, 0.06250000, -0.00189010
-0.50000000, 0.37500000, 0.12500000, -0.00185615
-0.50000000, 0.31250000, 0.18750000, -0.00161849
-0.50000000, 0.25000000, 0.25000000, -0.00126115
-0.50000000, 0.18750000, 0.31250000, -0.00089476
-0.50000000, 0.12500000, 0.37500000, -0.00061472
-0.50000000, 0.06250000, 0.43750000, -0.00046447
-0.50000000, 0.00000000, 0.50000000, -0.00037059
-0.43750000, -0.06250000, 0.50000000, -0.00046447
-0.37500000, -0.12500000, 0.50000000, -0.00061472
-0.31250000, -0.18750000, 0.50000000, -0.00089476
-0.25000000, -0.25000000, 0.50000000, -0.00126115
-0.18750000, -0.31250000, 0.50000000, -0.00161849
-0.12500000, -0.37500000, 0.50000000, -0.00185615
-0.06250000, -0.43750000, 0.50000000, -0.00189010
0.00000000, -0.50000000, 0.50000000, -0.00175306
0.06250000, -0.50000000, 0.43750000, -0.00277200
0.12500000, -0.50000000, 0.37500000, -0.00277227
0.18750000, -0.50000000, 0.31250000, -0.00171012
0.25000000, -0.50000000, 0.25000000, 0.00000000
0.31250000, -0.50000000, 0.18750000, 0.00171012
0.37500000, -0.50000000, 0.12500000, 0.00277227
0.43750000, -0.50000000, 0.06250000, 0.00277200
0.50000000, -0.50000000, 0.00000000, 0.00175306
0.50000000, -0.43750000, -0.06250000, 0.00189010
0.50000000, -0.37500000, -0.12500000, 0.00185615
0.50000000, -0.31250000, -0.18750000, 0.00161849
0.50000000, -0.25000000, -0.25000000, 0.00126115
0.50000000, -0.18750000, -0.31250000, 0.00089476
0.50000000, -0.12500000, -0.37500000, 0.00061472
0.50000000, -0.06250000, -0.43750000, 0.00046447
0.55000000, 0.00000000, -0.55000000, 0.00013994
0.48125000, 0.06875000, -0.55000000, 0.00014568
0.41250000, 0.13750000, -0.55000000, 0.00018627
0.34375000, 0.20625000, -0.55000000, 0.00033940
0.27500000, 0.27500000, -0.55000000, 0.00057493
0.20625000, 0.34375000, -0.55000000, 0.00081749
0.13750000, 0.41250000, -0.55000000, 0.00097192
0.06875000, 0.48125000, -0.55000000, 0.00097987
0.00000000, 0.55000000, -0.55000000, 0.00089134
-0.06875000, 0.55000000, -0.48125000, 0.00176282
-0.13750000, 0.55000000, -0.41250000, 0.00195413
-0.20625000, 0.55000000, -0.34375000, 0.00126809
-0.27500000, 0.55000000, -0.27500000, 0.00000000
-0.34375000, 0.55000000, -0.20625000, -0.00126809
-0.41250000, 0.55000000, -0.13750000, -0.00195413
-0.48125000, 0.55000000, -0.06875000, -0.00176282
-0.55000000, 0.55000000, 0.00000000, -0.00089134
-0.55000000, 0.48125000, 0.06875000, -0.00097987
-0.55000000, 0.41250000, 0.13750000, -0.00097192
-0.55000000, 0.34375000, 0.20625000, -0.00081749
-0.55000000, 0.27500000, 0.27500000, -0.00057493
-0.55000000, 0.20625000, 0.34375000, -0.00033940
-0.55000000, 0.13750000, 0.41250000, -0.00018627
-0.55000000, 0.06875000, 0.48125000, -0.00014568
-0.55000000, 0.00000000, 0.55000000, -0.00013994
-0.48125000, -0.06875000, 0.55000000, -0.00014568
-0.41250000, -0.13750000, 0.55000000, -0.00018627
-0.34375000, -0.20625000, 0.55000000, -0.00033940
-0.27500000, -0.27500000, 0.55000000, -0.00057493
-0.20625000, -0.34375000, 0.55000000, -0.00081749
-0.13750000, -0.41250000, 0.55000000, -0.00097192
-0.06875000, -0.48125000, 0.55000000, -0.00097987
0.00000000, -0.55000000, 0.55000000, -0.00089134
0.06875000, -0.55000000, 0.48125000, -0.00176282
0.13750000, -0.55000000, 0.41250000, -0.00195413
0.20625000, -0.55000000, 0.34375000, -0.00126809
0.27500000, -0.55000000, 0.27500000, 0.00000000
0.34375000, -0.55000000, 0.20625000, 0.00126809
0.41250000, -0.55000000, 0.13750000, 0.00195413
0.48125000, -0.55000000, 0.06875000, 0.00176282
0.55000000, -0.55000000, 0.00000000, 0.00089134
0.55000000, -0.48125000, -0.06875000, 0.00097987
0.55000000, -0.41250000, -0.13750000, 0.00097192
0.55000000, -0.34375000, -0.20625000, 0.00081749
0.55000000, -0.27500000, -0.27500000, 0.00057493
0.55000000, -0.20625000, -0.34375000, 0.00033940
0.55000000, -0.13750000, -0.41250000, 0.00018627
0.55000000, -0.06875000, -0.48125000, 0.00014568
0.60000000, 0.00000000, -0.60000000, 0.00004271
0.52500000, 0.07500000, -0.60000000, 0.00001165
0.45000000, 0.15000000, -0.60000000, 0.00000060
0.37500000, 0.22500000, -0.60000000, 0.00007600
0.30000000, 0.30000000, -0.60000000, 0.00022066
0.22500000, 0.37500000, -0.60000000, 0.00037391
0.15000000, 0.45000000, -0.60000000, 0.00046344
0.07500000, 0.52500000, -0.60000000, 0.00045073
0.00000000, 0.60000000, -0.60000000, 0.00039034
-0.07500000, 0.60000000, -0.52500000, 0.00102953
-0.15000000, 0.60000000, -0.45000000, 0.00128877
-0.22500000, 0.60000000, -0.37500000, 0.00088713
-0.30000000, 0.60000000, -0.30000000, 0.00000000
-0.37500000, 0.60000000, -0.22500000, -0.00088713
-0.45000000, 0.60000000, -0.15000000, -0.00128877
-0.52500000, 0.60000000, -0.07500000, -0.00102953
-0.60000000, 0.60000000, 0.00000000, -0.00039034
-0.60000000, 0.52500000, 0.07500000, -0.00045073
-0.60000000, 0.45000000, 0.15000000, -0.00046344
-0.60000000, 0.37500000, 0.22500000, -0.00037391
-0.60000000, 0.30000000, 0.30000000, -0.00022066
-0.60000000, 0.22500000, 0.37500000, -0.00007600
-0.60000000, 0.15000000, 0.45000000, -0.00000060
-0.60000000, 0.07500000, 0.52500000, -0.00001165
-0.60000000, 0.00000000, 0.60000000, -0.00004271
-0.52500000, -0.07500000, 0.60000000, -0.00001165
-0.45000000, -0.15000000, 0.60000000, -0.00000060
-0.37500000, -0.22500000, 0.60000000, -0.00007600
-0.30000000, -0.30000000, 0.60000000, -0.00022066
-0.22500000, -0.37500000, 0.60000000, -0.00037391
-0.15000000, -0.45000000, 0.60000000, -0.00046344
-0.07500000, -0.52500000, 0.60000000, -0.00045073
0.00000000, -0.60000000, 0.60000000, -0.00039034
0.07500000, -0.60000000, 0.52500000, -0.00102953
0.15000000, -0.60000000, 0.45000000, -0.00128877
0.22500000, -0.60000000, 0.37500000, -0.00088713
0.30000000, -0.60000000, 0.30000000, 0.00000000
0.37500000, -0.60000000, 0.22500000, 0.00088713
0.45000000, -0.60000000, 0.15000000, 0.00128877
0.52500000, -0.60000000, 0.07500000, 0.00102953
0.60000000, -0.60000000, 0.00000000, 0.00039034
0.60000000, -0.52500000, -0.07500000, 0.00045073
0.60000000, -0.45000000, -0.15000000, 0.00046344
0.60000000, -0.37500000, -0.22500000, 0.00037391
0.60000000, -0.30000000, -0.30000000, 0.00022066
0.60000000, -0.22500000, -0.37500000, 0.00007600
0.60000000, -0.15000000, -0.45000000, 0.00000060
0.60000000, -0.07500000, -0.52500000, 0.00001165
0.65000000, 0.00000000, -0.65000000, 0.00000829
0.56875000, 0.08125000, -0.65000000, -0.00002814
0.48750000, 0.16250000, -0.65000000, -0.00005323
0.40625000, 0.24375000, -0.65000000, -0.00001870
0.32500000, 0.32500000, -0.65000000, 0.00006843
0.24375000, 0.40625000, -0.65000000, 0.00015995
0.16250000, 0.48750000, -0.65000000, 0.00020631
0.08125000, 0.56875000, -0.65000000, 0.00018416
0.00000000, 0.65000000, -0.65000000, 0.00014297
-0.08125000, 0.65000000, -0.56875000, 0.00054695
-0.16250000, 0.65000000, -0.48750000, 0.00078802
-0.24375000, 0.65000000, -0.40625000, 0.00058049
-0.32500000, 0.65000000, -0.32500000, 0.00000000
-0.40625000, 0.65000000, -0.24375000, -0.00058049
-0.48750000, 0.65000000, -0.16250000, -0.00078802
-0.56875000, 0.65000000, -0.08125000, -0.00054695
-0.65000000, 0.65000000, 0.00000000, -0.00014297
-0.65000000, 0.56875000, 0.08125000, -0.00018416
-0.65000000, 0.48750000, 0.16250000, -0.00020631
-0.65000000, 0.40625000, 0.24375000, -0.00015995
-0.65000000, 0.32500000, 0.32500000, -0.00006843
-0.65000000, 0.24375000, 0.40625000, 0.00001870
-0.65000000, 0.16250000, 0.48750000, 0.00005323
-0.65000000, 0.08125000, 0.56875000, 0.00002814
-0.65000000, 0.00000000, 0.65000000, -0.00000829
-0.56875000, -0.08125000, 0.65000000, 0.00002814
-0.48750000, -0.16250000, 0.65000000, 0.00005323
-0.40625000, -0.24375000, 0.65000000, 0.00001870
-0.32500000, -0.32500000, 0.65000000, -0.00006843
-0.24375000, -0.40625000, 0.65000000, -0.00015995
-0.16250000, -0.48750000, 0.65000000, -0.00020631
-0.08125000, -0.56875000, 0.65000000, -0.00018416
0.00000000, -0.65000000, 0.65000000, -0.00014297
0.08125000, -0.65000000, 0.56875000, -0.00054695
0.16250000, -0.65000000, 0.48750000, -0.00078802
0.24375000, -0.65000000, 0.40625000, -0.00058049
0.32500000, -0.65000000, 0.32500000, 0.00000000
0.40625000, -0.65000000, 0.24375000, 0.00058049
0.48750000, -0.65000000, 0.16250000, 0.00078802
0.56875000, -0.65000000, 0.08125000, 0.00054695
0.65000000, -0.65000000, 0.00000000, 0.00014297
0.65000000, -0.56875000, -0.08125000, 0.00018416
0.65000000, -0.48750000, -0.16250000, 0.00020631
0.65000000, -0.40625000, -0.24375000, 0.00015995
0.65000000, -0.32500000, -0.32500000, 0.00006843
0.65000000, -0.24375000, -0.40625000, -0.00001870
0.65000000, -0.16250000, -0.48750000, -0.00005323
0.65000000, -0.08125000, -0.56875000, -0.00002814
0.70000000, 0.00000000, -0.70000000, -0.00000045
0.61250000, 0.08750000, -0.70000000, -0.00002847
0.52500000, 0.17500000, -0.70000000, -0.00005189
0.43750000, 0.26250000, -0.70000000, -0.00003666
0.35000000, 0.35000000, -0.70000000, 0.00001530
0.26250000, 0.43750000, -0.70000000, 0.00006986
0.17500000, 0.52500000, -0.70000000, 0.00009217
0.08750000, 0.61250000, -0.70000000, 0.00007102
0.00000000, 0.70000000, -0.70000000, 0.00004390
-0.08750000, 0.70000000, -0.61250000, 0.00026215
-0.17500000, 0.70000000, -0.52500000, 0.00044135
-0.26250000, 0.70000000, -0.43750000, 0.00035112
-0.35000000, 0.70000000, -0.35000000, 0.00000000
-0.43750000, 0.70000000, -0.26250000, -0.00035112
-0.52500000, 0.70000000, -0.17500000, -0.00044135
-0.61250000, 0.70000000, -0.08750000, -0.00026215
-0.70000000, 0.70000000, 0.00000000, -0.00004390
-0.70000000, 0.61250000, 0.08750000, -0.00007102
-0.70000000, 0.52500000, 0.17500000, -0.00009217
-0.70000000, 0.43750000, 0.26250000, -0.00006986
-0.70000000, 0.35000000, 0.35000000, -0.00001530
-0.70000000, 0.26250000, 0.43750000, 0.00003666
-0.70000000, 0.17500000, 0.52500000, 0.00005189
-0.70000000, 0.08750000, 0.61250000, 0.00002847
-0.70000000, 0.00000000, 0.70000000, 0.00000045
-0.61250000, -0.08750000, 0.70000000, 0.00002847
-0.52500000, -0.17500000, 0.70000000, 0.00005189
-0.43750000, -0.26250000, 0.70000000, 0.00003666
-0.35000000, -0.35000000, 0.70000000, -0.00001530
-0.26250000, -0.43750000, 0.70000000, -0.00006986
-0.17500000, -0.52500000, 0.70000000, -0.00009217
-0.08750000, -0.61250000, 0.70000000, -0.00007102
0.00000000, -0.70000000, 0.70000000, -0.00004390
0.08750000, -0.70000000, 0.61250000, -0.00026215
0.17500000, -0.70000000, 0.52500000, -0.00044135
0.26250000, -0.70000000, 0.43750000, -0.00035112
0.35000000, -0.70000000, 0.35000000, 0.00000000
0.43750000, -0.70000000, 0.26250000, 0.00035112
0.52500000, -0.70000000, 0.17500000, 0.00044135
0.61250000, -0.70000000, 0.08750000, 0.00026215
0.70000000, -0.70000000, 0.00000000, 0.00004390
0.70000000, -0.61250000, -0.08750000, 0.00007102
0.70000000, -0.52500000, -0.17500000, 0.00009217
0.70000000, -0.43750000, -0.26250000, 0.00006986
0.70000000, -0.35000000, -0.35000000, 0.00001530
0.70000000, -0.26250000, -0.43750000, -0.00003666
0.70000000, -0.17500000, -0.52500000, -0.00005189
0.70000000, -0.08750000, -0.61250000, -0.00002847
0.75000000, 0.00000000, -0.75000000, -0.00000084
0.65625000, 0.09375000, -0.75000000, -0.00001771
0.56250000, 0.18750000, -0.75000000, -0.00003540
0.46875000, 0.28125000, -0.75000000, -0.00002912
0.37500000, 0.37500000, -0.75000000, 0.00000068
0.28125000, 0.46875000, -0.75000000, 0.00003385
0.18750000, 0.56250000, -0.75000000, 0.00004435
0.09375000, 0.65625000, -0.75000000, 0.00002947
0.00000000, 0.75000000, -0.75000000, 0.00001257
-0.09375000, 0.75000000, -0.65625000, 0.00011220
-0.18750000, 0.75000000, -0.56250000, 0.00022215
-0.28125000, 0.75000000, -0.46875000, 0.00019256
-0.37500000, 0.75000000, -0.37500000, 0.00000000
-0.46875000, 0.75000000, -0.28125000, -0.00019256
-0.56250000, 0.75000000, -0.18750000, -0.00022215
-0.65625000, 0.75000000, -0.09375000, -0.00011220
-0.75000000, 0.75000000, 0.00000000, -0.00001257
-0.75000000, 0.65625000, 0.09375000, -0.00002947
-0.75000000, 0.56250000, 0.18750000, -0.00004435
-0.75000000, 0.46875000, 0.28125000, -0.00003385
-0.75000000, 0.37500000, 0.37500000, -0.00000068
-0.75000000, 0.28125000, 0.46875000, 0.00002912
-0.75000000, 0.18750000, 0.56250000, 0.00003540
-0.75000000, 0.09375000, 0.65625000, 0.00001771
-0.75000000, 0.00000000, 0.75000000, 0.00000084
-0.65625000, -0.09375000, 0.75000000, 0.00001771
-0.56250000, -0.18750000, 0.75000000, 0.00003540
-0.46875000, -0.28125000, 0.75000000, 0.00002912
-0.37500000, -0.37500000, 0.75000000, -0.00000068
-0.28125000, -0.46875000, 0.75000000, -0.00003385
-0.18750000, -0.56250000, 0.75000000, -0.00004435
-0.09375000, -0.65625000, 0.75000000, -0.00002947
0.00000000, -0.75000000, 0.75000000, -0.00001257
0.09375000, -0.75000000, 0.65625000, -0.00011220
0.18750000, -0.75000000, 0.56250000, -0.00022215
0.28125000, -0.75000000, 0.46875000, -0.00019256
0.37500000, -0.75000000, 0.37500000, 0.00000000
0.46875000, -0.75000000, 0.28125000, 0.00019256
0.56250000, -0.75000000, 0.18750000, 0.00022215
0.65625000, -0.75000000, 0.09375000, 0.00011220
0.75000000, -0.75000000, 0.00000000, 0.00001257
0.75000000, -0.65625000, -0.09375000, 0.00002947
0.75000000, -0.56250000, -0.18750000, 0.00004435
0.75000000, -0.46875000, -0.28125000, 0.00003385
0.75000000, -0.37500000, -0.37500000, 0.00000068
0.75000000, -0.28125000, -0.46875000, -0.00002912
0.75000000, -0.18750000, -0.56250000, -0.00003540
0.75000000, -0.09375000, -0.65625000, -0.00001771
0.80000000, 0.00000000, -0.80000000, -0.00000018
0.70000000, 0.10000000, -0.80000000, -0.00000838
0.60000000, 0.20000000, -0.80000000, -0.00001897
0.50000000, 0.30000000, -0.80000000, -0.00001687
0.40000000, 0.40000000, -0.80000000, -0.00000149
0.30000000, 0.50000000, -0.80000000, 0.00001625
0.20000000, 0.60000000, -0.80000000, 0.00002046
0.10000000, 0.70000000, -0.80000000, 0.00001185
0.00000000, 0.80000000, -0.80000000, 0.00000278
-0.10000000, 0.80000000, -0.70000000, 0.00004150
-0.20000000, 0.80000000, -0.60000000, 0.00009706
-0.30000000, 0.80000000, -0.50000000, 0.00009243
-0.40000000, 0.80000000, -0.40000000, 0.00000000
-0.50000000, 0.80000000, -0.30000000, -0.00009243
-0.60000000, 0.80000000, -0.20000000, -0.00009706
-0.70000000, 0.80000000, -0.10000000, -0.00004150
-0.80000000, 0.80000000, 0.00000000, -0.00000278
-0.80000000, 0.70000000, 0.10000000, -0.00001185
-0.80000000, 0.60000000, 0.20000000, -0.00002046
-0.80000000, 0.50000000, 0.30000000, -0.00001625
-0.80000000, 0.40000000, 0.40000000, 0.00000149
-0.80000000, 0.30000000, 0.50000000, 0.00001687
-0.80000000, 0.20000000, 0.60000000, 0.00001897
-0.80000000, 0.10000000, 0.70000000, 0.00000838
-0.80000000, 0.00000000, 0.80000000, 0.00000018
-0.70000000, -0.10000000, 0.80000000, 0.00000838
-0.60000000, -0.20000000, 0.80000000, 0.00001897
-0.50000000, -0.30000000, 0.80000000, 0.00001687
-0.40000000, -0.40000000, 0.80000000, 0.00000149
-0.30000000, -0.50000000, 0.80000000, -0.00001625
-0.20000000, -0.60000000, 0.80000000, -0.00002046
-0.10000000, -0.70000000, 0.80000000, -0.00001185
0.00000000, -0.80000000, 0.80000000, -0.00000278
0.10000000, -0.80000000, 0.70000000, -0.00004150
0.20000000, -0.80000000, 0.60000000, -0.00009706
0.30000000, -0.80000000, 0.50000000, -0.00009243
0.40000000, -0.80000000, 0.40000000, 0.00000000
0.50000000, -0.80000000, 0.30000000, 0.00009243
0.60000000, -0.80000000, 0.20000000, 0.00009706
0.70000000, -0.80000000, 0.10000000, 0.00004150
0.80000000, -0.80000000, 0.00000000, 0.00000278
0.80000000, -0.70000000, -0.10000000, 0.00001185
0.80000000, -0.60000000, -0.20000000, 0.00002046
0.80000000, -0.50000000, -0.30000000, 0.00001625
0.80000000, -0.40000000, -0.40000000, -0.00000149
0.80000000, -0.30000000, -0.50000000, -0.00001687
0.80000000, -0.20000000, -0.60000000, -0.00001897
0.80000000, -0.10000000, -0.70000000, -0.00000838
0.85000000, 0.00000000, -0.85000000, -0.00000029
0.74375000, 0.10625000, -0.85000000, -0.00000353
0.63750000, 0.21250000, -0.85000000, -0.00000726
0.53125000, 0.31875000, -0.85000000, -0.00000675
0.42500000, 0.42500000, -0.85000000, -0.00000019
0.31875000, 0.53125000, -0.85000000, 0.00000577
0.21250000, 0.63750000, -0.85000000, 0.00000636
0.10625000, 0.74375000, -0.85000000, 0.00000197
0.00000000, 0.85000000, -0.85000000, -0.00000125
-0.10625000, 0.85000000, -0.74375000, 0.00001201
-0.21250000, 0.85000000, -0.63750000, 0.00003445
-0.31875000, 0.85000000, -0.53125000, 0.00003633
-0.42500000, 0.85000000, -0.42500000, 0.00000000
-0.53125000, 0.85000000, -0.31875000, -0.00003633
-0.63750000, 0.85000000, -0.21250000, -0.00003445
-0.74375000, 0.85000000, -0.10625000, -0.00001201
-0.85000000, 0.85000000, 0.00000000, 0.00000125
-0.85000000, 0.74375000, 0.10625000, -0.00000197
-0.85000000, 0.63750000, 0.21250000, -0.00000636
-0.85000000, 0.53125000, 0.31875000, -0.00000577
-0.85000000, 0.42500000, 0.42500000, 0.00000019
-0.85000000, 0.31875000, 0.53125000, 0.00000675
-0.85000000, 0.21250000, 0.63750000, 0.00000726
-0.85000000, 0.10625000, 0.74375000, 0.00000353
-0.85000000, 0.00000000, 0.85000000, 0.00000029
-0.74375000, -0.10625000, 0.85000000, 0.00000353
-0.63750000, -0.21250000, 0.85000000, 0.00000726
-0.53125000, -0.31875000, 0.85000000, 0.00000675
-0.42500000, -0.42500000, 0.85000000, 0.00000019
-0.31875000, -0.53125000, 0.85000000, -0.00000577
-0.21250000, -0.63750000, 0.85000000, -0.00000636
-0.10625000, -0.74375000, 0.85000000, -0.00000197
0.00000000, -0.85000000, 0.85000000, 0.00000125
0.10625000, -0.85000000, 0.74375000, -0.00001201
0.21250000, -0.85000000, 0.63750000, -0.00003445
0.31875000, -0.85000000, 0.53125000, -0.00003633
0.42500000, -0.85000000, 0.42500000, 0.00000000
0.53125000, -0.85000000, 0.31875000, 0.00003633
0.63750000, -0.85000000, 0.21250000, 0.00003445
0.74375000, -0.85000000, 0.10625000, 0.00001201
0.85000000, -0.85000000, 0.00000000, -0.00000125
0.85000000, -0.74375000, -0.10625000, 0.00000197
0.85000000, -0.63750000, -0.21250000, 0.00000636
0.85000000, -0.53125000, -0.31875000, 0.00000577
0.85000000, -0.42500000, -0.42500000, -0.00000019
0.85000000, -0.31875000, -0.53125000, -0.00000675
0.85000000, -0.21250000, -0.63750000, -0.00000726
0.85000000, -0.10625000, -0.74375000, -0.00000353
0.90000000, 0.00000000, -0.90000000, -0.00000026
0.78750000, 0.11250000, -0.90000000, -0.00000127
0.67500000, 0.22500000, -0.90000000, -0.00000191
0.56250000, 0.33750000, -0.90000000, -0.00000173
0.45000000, 0.45000000, -0.90000000, 0.00000039
0.33750000, 0.56250000, -0.90000000, 0.00000169
0.22500000, 0.67500000, -0.90000000, 0.00000155
0.11250000, 0.78750000, -0.90000000, 0.00000006
0.00000000, 0.90000000, -0.90000000, -0.00000045
-0.11250000, 0.90000000, -0.78750000, 0.00000263
-0.22500000, 0.90000000, -0.67500000, 0.00000886
-0.33750000, 0.90000000, -0.56250000, 0.00001032
-0.45000000, 0.90000000, -0.45000000, 0.00000000
-0.56250000, 0.90000000, -0.33750000, -0.00001032
-0.67500000, 0.90000000, -0.22500000, -0.00000886
-0.78750000, 0.90000000, -0.11250000, -0.00000263
-0.90000000, 0.90000000, 0.00000000, 0.00000045
-0.90000000, 0.78750000, 0.11250000, -0.00000006
-0.90000000, 0.67500000, 0.22500000, -0.00000155
-0.90000000, 0.56250000, 0.33750000, -0.00000169
-0.90000000, 0.45000000, 0.45000000, -0.00000039
-0.90000000, 0.33750000, 0.56250000, 0.00000173
-0.90000000, 0.22500000, 0.67500000, 0.00000191
-0.90000000, 0.11250000, 0.78750000, 0.00000127
-0.90000000, 0.00000000, 0.90000000, 0.00000026
-0.78750000, -0.11250000, 0.90000000, 0.00000127
-0.67500000, -0.22500000, 0.90000000, 0.00000191
-0.56250000, -0.33750000, 0.90000000, 0.00000173
-0.45000000, -0.45000000, 0.90000000, -0.00000039
-0.33750000, -0.56250000, 0.90000000, -0.00000169
-0.22500000, -0.67500000, 0.90000000, -0.00000155
-0.11250000, -0.78750000, 0.90000000, -0.00000006
0.00000000, -0.90000000, 0.90000000, 0.00000045
0.11250000, -0.90000000, 0.78750000, -0.00000263
0.22500000, -0.90000000, 0.67500000, -0.00000886
0.33750000, -0.90000000, 0.56250000, -0.00001032
0.45000000, -0.90000000, 0.45000000, 0.00000000
0.56250000, -0.90000000, 0.33750000, 0.00001032
0.67500000, -0.90000000, 0.22500000, 0.00000886
0.78750000, -0.90000000, 0.11250000, 0.00000263
0.90000000, -0.90000000, 0.00000000, -0.00000045
0.90000000, -0.78750000, -0.11250000, 0.00000006
0.90000000, -0.67500000, -0.22500000, 0.00000155
0.90000000, -0.56250000, -0.33750000, 0.00000169
0.90000000, -0.45000000, -0.45000000, 0.00000039
0.90000000, -0.33750000, -0.56250000, -0.00000173
0.90000000, -0.22500000, -0.67500000, -0.00000191
0.90000000, -0.11250000, -0.78750000, -0.00000127
0.95000000, 0.00000000, -0.95000000, 0.00000017
0.83125000, 0.11875000, -0.95000000, 0.00000005
0.71250000, 0.23750000, -0.95000000, -0.00000073
0.59375000, 0.35625000, -0.95000000, -0.00000072
0.47500000, 0.47500000, -0.95000000, -0.00000034
0.35625000, 0.59375000, -0.95000000, 0.00000103
0.23750000, 0.71250000, -0.95000000, 0.00000147
0.11875000, 0.83125000, -0.95000000, 0.00000157
0.00000000, 0.95000000, -0.95000000, 0.00000122
-0.11875000, 0.95000000, -0.83125000, 0.00000086
-0.23750000, 0.95000000, -0.71250000, 0.00000131
-0.35625000, 0.95000000, -0.59375000, 0.00000155
-0.47500000, 0.95000000, -0.47500000, 0.00000000
-0.59375000, 0.95000000, -0.35625000, -0.00000155
-0.71250000, 0.95000000, -0.23750000, -0.00000131
-0.83125000, 0.95000000, -0.11875000, -0.00000086
-0.95000000, 0.95000000, 0.00000000, -0.00000122
-0.95000000, 0.83125000, 0.11875000, -0.00000157
-0.95000000, 0.71250000, 0.23750000, -0.00000147
-0.95000000, 0.59375000, 0.35625000, -0.00000103
-0.95000000, 0.47500000, 0.47500000, 0.00000034
-0.95000000, 0.35625000, 0.59375000, 0.00000072
-0.95000000, 0.23750000, 0.71250000, 0.00000073
-0.95000000, 0.11875000, 0.83125000, -0.00000005
-0.95000000, 0.00000000, 0.95000000, -0.00000017
-0.83125000, -0.11875000, 0.95000000, -0.00000005
-0.71250000, -0.23750000, 0.95000000, 0.00000073
-0.59375000, -0.35625000, 0.95000000, 0.00000072
-0.47500000, -0.47500000, 0.95000000, 0.00000034
-0.35625000, -0.59375000, 0.95000000, -0.00000103
-0.23750000, -0.71250000, 0.95000000, -0.00000147
-0.11875000, -0.83125000, 0.95000000, -0.00000157
0.00000000, -0.95000000, 0.95000000, -0.00000122
0.11875000, -0.95000000, 0.83125000, -0.00000086
0.23750000, -0.95000000, 0.71250000, -0.00000131
0.35625000, -0.95000000, 0.59375000, -0.00000155
0.47500000, -0.95000000, 0.47500000, 0.00000000
0.59375000, -0.95000000, 0.35625000, 0.00000155
0.71250000, -0.95000000, 0.23750000, 0.00000131
0.83125000, -0.95000000, 0.11875000, 0.00000086
0.95000000, -0.95000000, 0.00000000, 0.00000122
0.95000000, -0.83125000, -0.11875000, 0.00000157
0.95000000, -0.71250000, -0.23750000, 0.00000147
0.95000000, -0.59375000, -0.35625000, 0.00000103
0.95000000, -0.47500000, -0.47500000, -0.00000034
0.95000000, -0.35625000, -0.59375000, -0.00000072
0.95000000, -0.23750000, -0.71250000, -0.00000073
0.95000000, -0.11875000, -0.83125000, 0.00000005
1.00000000, 0.00000000, -1.00000000, 0.00000000
0.87500000, 0.12500000, -1.00000000, 0.00000000
0.75000000, 0.25000000, -1.00000000, 0.00000000
0.62500000, 0.37500000, -1.00000000, 0.00000000
0.50000000, 0.50000000, -1.00000000, 0.00000000
0.37500000, 0.62500000, -1.00000000, 0.00000000
0.25000000, 0.75000000, -1.00000000, 0.00000000
0.12500000, 0.87500000, -1.00000000, 0.00000000
0.00000000, 1.00000000, -1.00000000, 0.00000000
-0.12500000, 1.00000000, -0.87500000, 0.00000000
-0.25000000, 1.00000000, -0.75000000, 0.00000000
-0.37500000, 1.00000000, -0.62500000, 0.00000000
-0.50000000, 1.00000000, -0.50000000, 0.00000000
-0.62500000, 1.00000000, -0.37500000, 0.00000000
-0.75000000, 1.00000000, -0.25000000, 0.00000000
-0.87500000, 1.00000000, -0.12500000, 0.00000000
-1.00000000, 1.00000000, 0.00000000, 0.00000000
-1.00000000, 0.87500000, 0.12500000, 0.00000000
-1.00000000, 0.75000000, 0.25000000, 0.00000000
-1.00000000, 0.62500000, 0.37500000, 0.00000000
-1.00000000, 0.50000000, 0.50000000, 0.00000000
-1.00000000, 0.37500000, 0.62500000, 0.00000000
-1.00000000, 0.25000000, 0.75000000, 0.00000000
-1.00000000, 0.12500000, 0.87500000, 0.00000000
-1.00000000, 0.00000000, 1.00000000, 0.00000000
-0.87500000, -0.12500000, 1.00000000, 0.00000000
-0.75000000, -0.25000000, 1.00000000, 0.00000000
-0.62500000, -0.37500000, 1.00000000, 0.00000000
-0.50000000, -0.50000000, 1.00000000, 0.00000000
-0.37500000, -0.62500000, 1.00000000, 0.00000000
-0.25000000, -0.75000000, 1.00000000, 0.00000000
-0.12500000, -0.87500000, 1.00000000, 0.00000000
0.00000000, -1.00000000, 1.00000000, 0.00000000
0.12500000, -1.00000000, 0.87500000, 0.00000000
0.25000000, -1.00000000, 0.75000000, 0.00000000
0.37500000, -1.00000000, 0.62500000, 0.00000000
0.50000000, -1.00000000, 0.50000000, 0.00000000
0.62500000, -1.00000000, 0.37500000, 0.00000000
0.75000000, -1.00000000, 0.25000000, 0.00000000
0.87500000, -1.00000000, 0.12500000, 0.00000000
1.00000000, -1.00000000, 0.00000000, 0.00000000
1.00000000, -0.87500000, -0.12500000, 0.00000000
1.00000000, -0.75000000, -0.25000000, 0.00000000
1.00000000, -0.62500000, -0.37500000, 0.00000000
1.00000000, -0.50000000, -0.50000000, 0.00000000
1.00000000, -0.37500000, -0.62500000, 0.00000000
1.00000000, -0.25000000, -0.75000000, 0.00000000
1.00000000, -0.12500000, -0.87500000, 0.00000000
