0.01000000, 0.00000000, -0.01000000, -0.24834511
0.00000000, 0.01000000, -0.01000000, -0.80412763
-0.00125000, 0.01000000, -0.00875000, -0.86459708
-0.00250000, 0.01000000, -0.00750000, -0.61498898
-0.00375000, 0.01000000, -0.00625000, -0.22921269
-0.00500000, 0.01000000, -0.00500000, 0.18118007
-0.00625000, 0.01000000, -0.00375000, 0.61400157
-0.00750000, 0.01000000, -0.00250000, 0.92910606
-0.00875000, 0.01000000, -0.00125000, 1.14779973
-0.01000000, 0.01000000, 0.00000000, 0.93288666
-0.01000000, 0.00875000, 0.00125000, 0.62973869
-0.01000000, 0.00750000, 0.00250000, 0.50263238
-0.01000000, 0.00625000, 0.00375000, 0.42572960
-0.01000000, 0.00500000, 0.00500000, 0.36465946
-0.01000000, 0.00375000, 0.00625000, 0.32673499
-0.01000000, 0.00250000, 0.00750000, 0.28602746
-0.01000000, 0.00125000, 0.00875000, 0.26620400
-0.01000000, 0.00000000, 0.01000000, 0.24834511
0.00000000, -0.01000000, 0.01000000, 0.80412763
0.00125000, -0.01000000, 0.00875000, 0.86459708
0.00250000, -0.01000000, 0.00750000, 0.61498898
0.00375000, -0.01000000, 0.00625000, 0.22921269
0.00500000, -0.01000000, 0.00500000, -0.18118007
0.00625000, -0.01000000, 0.00375000, -0.61400157
0.00750000, -0.01000000, 0.00250000, -0.92910606
0.00875000, -0.01000000, 0.00125000, -1.14779973
0.01000000, -0.01000000, 0.00000000, -0.93288666
0.01000000, -0.00875000, -0.00125000, -0.62973869
0.01000000, -0.00750000, -0.00250000, -0.50263238
0.01000000, -0.00625000, -0.00375000, -0.42572960
0.01000000, -0.00500000, -0.00500000, -0.36465946
0.01000000, -0.00375000, -0.00625000, -0.32673499
0.01000000, -0.00250000, -0.00750000, -0.28602746
0.01000000, -0.00125000, -0.00875000, -0.26620400
0.02000000, 0.00000000, -0.02000000, -0.09192585
0.01750000, 0.00250000, -0.02000000, -0.10879104
0.01500000, 0.00500000, -0.02000000, -0.12805839
0.01250000, 0.00750000, -0.02000000, -0.15013020
0.01000000, 0.01000000, -0.02000000, -0.17131323
0.00750000, 0.01250000, -0.02000000, -0.19433585
0.00500000, 0.01500000, -0.02000000, -0.21800785
0.00250000, 0.01750000, -0.02000000, -0.24659796
0.00000000, 0.02000000, -0.02000000, -0.31169459
-0.00250000, 0.02000000, -0.01750000, -0.32708272
-0.00500000, 0.02000000, -0.01500000, -0.21973306
-0.00750000, 0.02000000, -0.01250000, -0.05917308
-0.01000000, 0.02000000, -0.01000000, 0.10743286
-0.01250000, 0.02000000, -0.00750000, 0.27686131
-0.01500000, 0.02000000, -0.00500000, 0.41487628
-0.01750000, 0.02000000, -0.00250000, 0.49013636
-0.02000000, 0.02000000, 0.00000000, 0.39727598
-0.02000000, 0.01750000, 0.00250000, 0.26398176
-0.02000000, 0.01500000, 0.00500000, 0.20728421
-0.02000000, 0.01250000, 0.00750000, 0.17231475
-0.02000000, 0.01000000, 0.01000000, 0.14446896
-0.02000000, 0.00750000, 0.01250000, 0.12525298
-0.02000000, 0.00500000, 0.01500000, 0.11019257
-0.02000000, 0.00250000, 0.01750000, 0.09908974
-0.02000000, 0.00000000, 0.02000000, 0.09192585
-0.01750000, -0.00250000, 0.02000000, 0.10879104
-0.01500000, -0.00500000, 0.02000000, 0.12805839
-0.01250000, -0.00750000, 0.02000000, 0.15013020
-0.01000000, -0.01000000, 0.02000000, 0.17131323
-0.00750000, -0.01250000, 0.02000000, 0.19433585
-0.00500000, -0.01500000, 0.02000000, 0.21800785
-0.00250000, -0.01750000, 0.02000000, 0.24659796
0.00000000, -0.02000000, 0.02000000, 0.31169459
0.00250000, -0.02000000, 0.01750000, 0.32708272
0.00500000, -0.02000000, 0.01500000, 0.21973306
0.00750000, -0.02000000, 0.01250000, 0.05917308
0.01000000, -0.02000000, 0.01000000, -0.10743286
0.01250000, -0.02000000, 0.00750000, -0.27686131
0.01500000, -0.02000000, 0.00500000, -0.41487628
0.01750000, -0.02000000, 0.00250000, -0.49013636
0.02000000, -0.02000000, 0.00000000, -0.39727598
0.02000000, -0.01750000, -0.00250000, -0.26398176
0.02000000, -0.01500000, -0.00500000, -0.20728421
0.02000000, -0.01250000, -0.00750000, -0.17231475
0.02000000, -0.01000000, -0.01000000, -0.14446896
0.02000000, -0.00750000, -0.01250000, -0.12525298
0.02000000, -0.00500000, -0.01500000, -0.11019257
0.02000000, -0.00250000, -0.01750000, -0.09908974
0.03000000, 0.00000000, -0.03000000, -0.04887078
0.02625000, 0.00375000, -0.03000000, -0.05919250
0.02250000, 0.00750000, -0.03000000, -0.07120965
0.01875000, 0.01125000, -0.03000000, -0.08506329
0.01500000, 0.01500000, -0.03000000, -0.09914218
0.01125000, 0.01875000, -0.03000000, -0.11364090
0.00750000, 0.02250000, -0.03000000, -0.12881166
0.00375000, 0.02625000, -0.03000000, -0.14701900
0.00000000, 0.03000000, -0.03000000, -0.18713246
-0.00375000, 0.03000000, -0.02625000, -0.19098449
-0.00750000, 0.03000000, -0.02250000, -0.12206891
-0.01125000, 0.03000000, -0.01875000, -0.02267367
-0.01500000, 0.03000000, -0.01500000, 0.08429967
-0.01875000, 0.03000000, -0.01125000, 0.18651825
-0.02250000, 0.03000000, -0.00750000, 0.27019736
-0.02625000, 0.03000000, -0.00375000, 0.31397316
-0.03000000, 0.03000000, 0.00000000, 0.25183380
-0.03000000, 0.02625000, 0.00375000, 0.16405359
-0.03000000, 0.02250000, 0.00750000, 0.12603167
-0.03000000, 0.01875000, 0.01125000, 0.10198221
-0.03000000, 0.01500000, 0.01500000, 0.08410528
-0.03000000, 0.01125000, 0.01875000, 0.07069456
-0.03000000, 0.00750000, 0.02250000, 0.06050990
-0.03000000, 0.00375000, 0.02625000, 0.05314127
-0.03000000, 0.00000000, 0.03000000, 0.04887078
-0.02625000, -0.00375000, 0.03000000, 0.05919250
-0.02250000, -0.00750000, 0.03000000, 0.07120965
-0.01875000, -0.01125000, 0.03000000, 0.08506329
-0.01500000, -0.01500000, 0.03000000, 0.09914218
-0.01125000, -0.01875000, 0.03000000, 0.11364090
-0.00750000, -0.02250000, 0.03000000, 0.12881166
-0.00375000, -0.02625000, 0.03000000, 0.14701900
0.00000000, -0.03000000, 0.03000000, 0.18713246
0.00375000, -0.03000000, 0.02625000, 0.19098449
0.00750000, -0.03000000, 0.02250000, 0.12206891
0.01125000, -0.03000000, 0.01875000, 0.02267367
0.01500000, -0.03000000, 0.01500000, -0.08429967
0.01875000, -0.03000000, 0.01125000, -0.18651825
0.02250000, -0.03000000, 0.00750000, -0.27019736
0.02625000, -0.03000000, 0.00375000, -0.31397316
0.03000000, -0.03000000, 0.00000000, -0.25183380
0.03000000, -0.02625000, -0.00375000, -0.16405359
0.03000000, -0.02250000, -0.00750000, -0.12603167
0.03000000, -0.01875000, -0.01125000, -0.10198221
0.03000000, -0.01500000, -0.01500000, -0.08410528
0.03000000, -0.01125000, -0.01875000, -0.07069456
0.03000000, -0.00750000, -0.02250000, -0.06050990
0.03000000, -0.00375000, -0.02625000, -0.05314127
0.04000000, 0.00000000, -0.04000000, -0.02947860
0.03500000, 0.00500000, -0.04000000, -0.03707545
0.03000000, 0.01000000, -0.04000000, -0.04639262
0.02500000, 0.01500000, -0.04000000, -0.05685228
0.02000000, 0.02000000, -0.04000000, -0.06782164
0.01500000, 0.02500000, -0.04000000, -0.07933679
0.01000000, 0.03000000, -0.04000000, -0.09131858
0.00500000, 0.03500000, -0.04000000, -0.10562300
0.00000000, 0.04000000, -0.04000000, -0.13548316
-0.00500000, 0.04000000, -0.03500000, -0.13487363
-0.01000000, 0.04000000, -0.03000000, -0.08158026
-0.01500000, 0.04000000, -0.02500000, -0.00887431
-0.02000000, 0.04000000, -0.02000000, 0.06985387
-0.02500000, 0.04000000, -0.01500000, 0.14472638
-0.03000000, 0.04000000, -0.01000000, 0.20512618
-0.03500000, 0.04000000, -0.00500000, 0.23553455
-0.04000000, 0.04000000, 0.00000000, 0.18632358
-0.04000000, 0.03500000, 0.00500000, 0.11860523
-0.04000000, 0.03000000, 0.01000000, 0.08918471
-0.04000000, 0.02500000, 0.01500000, 0.07013794
-0.04000000, 0.02000000, 0.02000000, 0.05622707
-0.04000000, 0.01500000, 0.02500000, 0.04592280
-0.04000000, 0.01000000, 0.03000000, 0.03812155
-0.04000000, 0.00500000, 0.03500000, 0.03259164
-0.04000000, 0.00000000, 0.04000000, 0.02947860
-0.03500000, -0.00500000, 0.04000000, 0.03707545
-0.03000000, -0.01000000, 0.04000000, 0.04639262
-0.02500000, -0.01500000, 0.04000000, 0.05685228
-0.02000000, -0.02000000, 0.04000000, 0.06782164
-0.01500000, -0.02500000, 0.04000000, 0.07933679
-0.01000000, -0.03000000, 0.04000000, 0.09131858
-0.00500000, -0.03500000, 0.04000000, 0.10562300
0.00000000, -0.04000000, 0.04000000, 0.13548316
0.00500000, -0.04000000, 0.03500000, 0.13487363
0.01000000, -0.04000000, 0.03000000, 0.08158026
0.01500000, -0.04000000, 0.02500000, 0.00887431
0.02000000, -0.04000000, 0.02000000, -0.06985387
0.02500000, -0.04000000, 0.01500000, -0.14472638
0.03000000, -0.04000000, 0.01000000, -0.20512618
0.03500000, -0.04000000, 0.00500000, -0.23553455
0.04000000, -0.04000000, 0.00000000, -0.18632358
0.04000000, -0.03500000, -0.00500000, -0.11860523
0.04000000, -0.03000000, -0.01000000, -0.08918471
0.04000000, -0.02500000, -0.01500000, -0.07013794
0.04000000, -0.02000000, -0.02000000, -0.05622707
0.04000000, -0.01500000, -0.02500000, -0.04592280
0.04000000, -0.01000000, -0.03000000, -0.03812155
0.04000000, -0.00500000, -0.03500000, -0.03259164
0.05000000, 0.00000000, -0.05000000, -0.01852586
0.04375000, 0.00625000, -0.05000000, -0.02476441
0.03750000, 0.01250000, -0.05000000, -0.03260048
0.03125000, 0.01875000, -0.05000000, -0.04152495
0.02500000, 0.02500000, -0.05000000, -0.05100830
0.01875000, 0.03125000, -0.05000000, -0.06096577
0.01250000, 0.03750000, -0.05000000, -0.07149485
0.00625000, 0.04375000, -0.05000000, -0.08390471
0.00000000, 0.05000000, -0.05000000, -0.10858789
-0.00625000, 0.05000000, -0.04375000, -0.10581158
-0.01250000, 0.05000000, -0.03750000, -0.06188365
-0.01875000, 0.05000000, -0.03125000, -0.00301371
-0.02500000, 0.05000000, -0.02500000, 0.06031580
-0.03125000, 0.05000000, -0.01875000, 0.11977133
-0.03750000, 0.05000000, -0.01250000, 0.16752407
-0.04375000, 0.05000000, -0.00625000, 0.19064900
-0.05000000, 0.05000000, 0.00000000, 0.14906545
-0.05000000, 0.04375000, 0.00625000, 0.09257890
-0.05000000, 0.03750000, 0.01250000, 0.06791669
-0.05000000, 0.03125000, 0.01875000, 0.05195975
-0.05000000, 0.02500000, 0.02500000, 0.04032755
-0.05000000, 0.01875000, 0.03125000, 0.03167289
-0.05000000, 0.01250000, 0.03750000, 0.02524124
-0.05000000, 0.00625000, 0.04375000, 0.02074440
-0.05000000, 0.00000000, 0.05000000, 0.01852586
-0.04375000, -0.00625000, 0.05000000, 0.02476441
-0.03750000, -0.01250000, 0.05000000, 0.03260048
-0.03125000, -0.01875000, 0.05000000, 0.04152495
-0.02500000, -0.02500000, 0.05000000, 0.05100830
-0.01875000, -0.03125000, 0.05000000, 0.06096577
-0.01250000, -0.03750000, 0.05000000, 0.07149485
-0.00625000, -0.04375000, 0.05000000, 0.08390471
0.00000000, -0.05000000, 0.05000000, 0.10858789
0.00625000, -0.05000000, 0.04375000, 0.10581158
0.01250000, -0.05000000, 0.03750000, 0.06188365
0.01875000, -0.05000000, 0.03125000, 0.00301371
0.02500000, -0.05000000, 0.02500000, -0.06031580
0.03125000, -0.05000000, 0.01875000, -0.11977133
0.03750000, -0.05000000, 0.01250000, -0.16752407
0.04375000, -0.05000000, 0.00625000, -0.19064900
0.05000000, -0.05000000, 0.00000000, -0.14906545
0.05000000, -0.04375000, -0.00625000, -0.09257890
0.05000000, -0.03750000, -0.01250000, -0.06791669
0.05000000, -0.03125000, -0.01875000, -0.05195975
0.05000000, -0.02500000, -0.02500000, -0.04032755
0.05000000, -0.01875000, -0.03125000, -0.03167289
0.05000000, -0.01250000, -0.03750000, -0.02524124
0.05000000, -0.00625000, -0.04375000, -0.02074440
0.06000000, 0.00000000, -0.06000000, -0.01169108
0.05250000, 0.00750000, -0.06000000, -0.01699573
0.04500000, 0.01500000, -0.06000000, -0.02396212
0.03750000, 0.02250000, -0.06000000, -0.03197101
0.03000000, 0.03000000, -0.06000000, -0.04065817
0.02250000, 0.03750000, -0.06000000, -0.04992529
0.01500000, 0.04500000, -0.06000000, -0.05974963
0.00750000, 0.05250000, -0.06000000, -0.07114638
0.00000000, 0.06000000, -0.06000000, -0.09256332
-0.00750000, 0.06000000, -0.05250000, -0.08886456
-0.01500000, 0.06000000, -0.04500000, -0.05100315
-0.02250000, 0.06000000, -0.03750000, -0.00091181
-0.03000000, 0.06000000, -0.03000000, 0.05268468
-0.03750000, 0.06000000, -0.02250000, 0.10342877
-0.04500000, 0.06000000, -0.01500000, 0.14349546
-0.05250000, 0.06000000, -0.00750000, 0.16242343
-0.06000000, 0.06000000, 0.00000000, 0.12526742
-0.06000000, 0.05250000, 0.00750000, 0.07553699
-0.06000000, 0.04500000, 0.01500000, 0.05393459
-0.06000000, 0.03750000, 0.02250000, 0.04000805
-0.06000000, 0.03000000, 0.03000000, 0.02990169
-0.06000000, 0.02250000, 0.03750000, 0.02262863
-0.06000000, 0.01500000, 0.04500000, 0.01720189
-0.06000000, 0.00750000, 0.05250000, 0.01353471
-0.06000000, 0.00000000, 0.06000000, 0.01169108
-0.05250000, -0.00750000, 0.06000000, 0.01699573
-0.04500000, -0.01500000, 0.06000000, 0.02396212
-0.03750000, -0.02250000, 0.06000000, 0.03197101
-0.03000000, -0.03000000, 0.06000000, 0.04065817
-0.02250000, -0.03750000, 0.06000000, 0.04992529
-0.01500000, -0.04500000, 0.06000000, 0.05974963
-0.00750000, -0.05250000, 0.06000000, 0.07114638
0.00000000, -0.06000000, 0.06000000, 0.09256332
0.00750000, -0.06000000, 0.05250000, 0.08886456
0.01500000, -0.06000000, 0.04500000, 0.05100315
0.02250000, -0.06000000, 0.03750000, 0.00091181
0.03000000, -0.06000000, 0.03000000, -0.05268468
0.03750000, -0.06000000, 0.02250000, -0.10342877
0.04500000, -0.06000000, 0.01500000, -0.14349546
0.05250000, -0.06000000, 0.00750000, -0.16242343
0.06000000, -0.06000000, 0.00000000, -0.12526742
0.06000000, -0.05250000, -0.00750000, -0.07553699
0.06000000, -0.04500000, -0.01500000, -0.05393459
0.06000000, -0.03750000, -0.02250000, -0.04000805
0.06000000, -0.03000000, -0.03000000, -0.02990169
0.06000000, -0.02250000, -0.03750000, -0.02262863
0.06000000, -0.01500000, -0.04500000, -0.01720189
0.06000000, -0.00750000, -0.05250000, -0.01353471
0.07000000, 0.00000000, -0.07000000, -0.00682238
0.06125000, 0.00875000, -0.07000000, -0.01160010
0.05250000, 0.01750000, -0.07000000, -0.01807012
0.04375000, 0.02625000, -0.07000000, -0.02553654
0.03500000, 0.03500000, -0.07000000, -0.03365685
0.02625000, 0.04375000, -0.07000000, -0.04241318
0.01750000, 0.05250000, -0.07000000, -0.05168572
0.00875000, 0.06125000, -0.07000000, -0.06244900
0.00000000, 0.07000000, -0.07000000, -0.08193454
-0.00875000, 0.07000000, -0.06125000, -0.07796717
-0.01750000, 0.07000000, -0.05250000, -0.04411972
-0.02625000, 0.07000000, -0.04375000, -0.00000832
-0.03500000, 0.07000000, -0.03500000, 0.04692214
-0.04375000, 0.07000000, -0.02625000, 0.09095882
-0.05250000, 0.07000000, -0.01750000, 0.12556769
-0.06125000, 0.07000000, -0.00875000, 0.14137934
-0.07000000, 0.07000000, 0.00000000, 0.10747885
-0.07000000, 0.06125000, 0.00875000, 0.06317057
-0.07000000, 0.05250000, 0.01750000, 0.04390828
-0.07000000, 0.04375000, 0.02625000, 0.03150347
-0.07000000, 0.03500000, 0.03500000, 0.02255695
-0.07000000, 0.02625000, 0.04375000, 0.01611130
-0.07000000, 0.01750000, 0.05250000, 0.01138402
-0.07000000, 0.00875000, 0.06125000, 0.00827151
-0.07000000, 0.00000000, 0.07000000, 0.00682238
-0.06125000, -0.00875000, 0.07000000, 0.01160010
-0.05250000, -0.01750000, 0.07000000, 0.01807012
-0.04375000, -0.02625000, 0.07000000, 0.02553654
-0.03500000, -0.03500000, 0.07000000, 0.03365685
-0.02625000, -0.04375000, 0.07000000, 0.04241318
-0.01750000, -0.05250000, 0.07000000, 0.05168572
-0.00875000, -0.06125000, 0.07000000, 0.06244900
0.00000000, -0.07000000, 0.07000000, 0.08193454
0.00875000, -0.07000000, 0.06125000, 0.07796717
0.01750000, -0.07000000, 0.05250000, 0.04411972
0.02625000, -0.07000000, 0.04375000, 0.00000832
0.03500000, -0.07000000, 0.03500000, -0.04692214
0.04375000, -0.07000000, 0.02625000, -0.09095882
0.05250000, -0.07000000, 0.01750000, -0.12556769
0.06125000, -0.07000000, 0.00875000, -0.14137934
0.07000000, -0.07000000, 0.00000000, -0.10747885
0.07000000, -0.06125000, -0.00875000, -0.06317057
0.07000000, -0.05250000, -0.01750000, -0.04390828
0.07000000, -0.04375000, -0.02625000, -0.03150347
0.07000000, -0.03500000, -0.03500000, -0.02255695
0.07000000, -0.02625000, -0.04375000, -0.01611130
0.07000000, -0.01750000, -0.05250000, -0.01138402
0.07000000, -0.00875000, -0.06125000, -0.00827151
0.08000000, 0.00000000, -0.08000000, -0.00321808
0.07000000, 0.01000000, -0.08000000, -0.00767644
0.06000000, 0.02000000, -0.08000000, -0.01379000
0.05000000, 0.03000000, -0.08000000, -0.02088304
0.04000000, 0.04000000, -0.08000000, -0.02861270
0.03000000, 0.05000000, -0.08000000, -0.03695551
0.02000000, 0.06000000, -0.08000000, -0.04584046
0.01000000, 0.07000000, -0.08000000, -0.05614840
0.00000000, 0.08000000, -0.08000000, -0.07432532
-0.01000000, 0.08000000, -0.07000000, -0.07031251
-0.02000000, 0.08000000, -0.06000000, -0.03957049
-0.03000000, 0.08000000, -0.05000000, 0.00010180
-0.04000000, 0.08000000, -0.04000000, 0.04216939
-0.05000000, 0.08000000, -0.03000000, 0.08108020
-0.06000000, 0.08000000, -0.02000000, 0.11167491
-0.07000000, 0.08000000, -0.01000000, 0.12516871
-0.08000000, 0.08000000, 0.00000000, 0.09387755
-0.08000000, 0.07000000, 0.01000000, 0.05373916
-0.08000000, 0.06000000, 0.02000000, 0.03628008
-0.08000000, 0.05000000, 0.03000000, 0.02507595
-0.08000000, 0.04000000, 0.04000000, 0.01703638
-0.08000000, 0.03000000, 0.05000000, 0.01118046
-0.08000000, 0.02000000, 0.06000000, 0.00698709
-0.08000000, 0.01000000, 0.07000000, 0.00427497
-0.08000000, 0.00000000, 0.08000000, 0.00321808
-0.07000000, -0.01000000, 0.08000000, 0.00767644
-0.06000000, -0.02000000, 0.08000000, 0.01379000
-0.05000000, -0.03000000, 0.08000000, 0.02088304
-0.04000000, -0.04000000, 0.08000000, 0.02861270
-0.03000000, -0.05000000, 0.08000000, 0.03695551
-0.02000000, -0.06000000, 0.08000000, 0.04584046
-0.01000000, -0.07000000, 0.08000000, 0.05614840
0.00000000, -0.08000000, 0.08000000, 0.07432532
0.01000000, -0.08000000, 0.07000000, 0.07031251
0.02000000, -0.08000000, 0.06000000, 0.03957049
0.03000000, -0.08000000, 0.05000000, -0.00010180
0.04000000, -0.08000000, 0.04000000, -0.04216939
0.05000000, -0.08000000, 0.03000000, -0.08108020
0.06000000, -0.08000000, 0.02000000, -0.11167491
0.07000000, -0.08000000, 0.01000000, -0.12516871
0.08000000, -0.08000000, 0.00000000, -0.09387755
0.08000000, -0.07000000, -0.01000000, -0.05373916
0.08000000, -0.06000000, -0.02000000, -0.03628008
0.08000000, -0.05000000, -0.03000000, -0.02507595
0.08000000, -0.04000000, -0.04000000, -0.01703638
0.08000000, -0.03000000, -0.05000000, -0.01118046
0.08000000, -0.02000000, -0.06000000, -0.00698709
0.08000000, -0.01000000, -0.07000000, -0.00427497
0.09000000, 0.00000000, -0.09000000, -0.00053154
0.07875000, 0.01125000, -0.09000000, -0.00472572
0.06750000, 0.02250000, -0.09000000, -0.01052668
0.05625000, 0.03375000, -0.09000000, -0.01730619
0.04500000, 0.04500000, -0.09000000, -0.02477375
0.03375000, 0.05625000, -0.09000000, -0.03283701
0.02250000, 0.06750000, -0.09000000, -0.04149457
0.01125000, 0.07875000, -0.09000000, -0.05145513
0.00000000, 0.09000000, -0.09000000, -0.06854381
-0.01125000, 0.09000000, -0.07875000, -0.06458575
-0.02250000, 0.09000000, -0.06750000, -0.03651501
-0.03375000, 0.09000000, -0.05625000, -0.00038896
-0.04500000, 0.09000000, -0.04500000, 0.03789384
-0.05625000, 0.09000000, -0.03375000, 0.07323976
-0.06750000, 0.09000000, -0.02250000, 0.10087531
-0.07875000, 0.09000000, -0.01125000, 0.11275902
-0.09000000, 0.09000000, 0.00000000, 0.08343505
-0.09000000, 0.07875000, 0.01125000, 0.04627324
-0.09000000, 0.06750000, 0.02250000, 0.03020859
-0.09000000, 0.05625000, 0.03375000, 0.01997360
-0.09000000, 0.04500000, 0.04500000, 0.01266360
-0.09000000, 0.03375000, 0.05625000, 0.00740188
-0.09000000, 0.02250000, 0.06750000, 0.00367964
-0.09000000, 0.01125000, 0.07875000, 0.00132972
-0.09000000, 0.00000000, 0.09000000, 0.00053154
-0.07875000, -0.01125000, 0.09000000, 0.00472572
-0.06750000, -0.02250000, 0.09000000, 0.01052668
-0.05625000, -0.03375000, 0.09000000, 0.01730619
-0.04500000, -0.04500000, 0.09000000, 0.02477375
-0.03375000, -0.05625000, 0.09000000, 0.03283701
-0.02250000, -0.06750000, 0.09000000, 0.04149457
-0.01125000, -0.07875000, 0.09000000, 0.05145513
0.00000000, -0.09000000, 0.09000000, 0.06854381
0.01125000, -0.09000000, 0.07875000, 0.06458575
0.02250000, -0.09000000, 0.06750000, 0.03651501
0.03375000, -0.09000000, 0.05625000, 0.00038896
0.04500000, -0.09000000, 0.04500000, -0.03789384
0.05625000, -0.09000000, 0.03375000, -0.07323976
0.06750000, -0.09000000, 0.02250000, -0.10087531
0.07875000, -0.09000000, 0.01125000, -0.11275902
0.09000000, -0.09000000, 0.00000000, -0.08343505
0.09000000, -0.07875000, -0.01125000, -0.04627324
0.09000000, -0.06750000, -0.02250000, -0.03020859
0.09000000, -0.05625000, -0.03375000, -0.01997360
0.09000000, -0.04500000, -0.04500000, -0.01266360
0.09000000, -0.03375000, -0.05625000, -0.00740188
0.09000000, -0.02250000, -0.06750000, -0.00367964
0.09000000, -0.01125000, -0.07875000, -0.00132972
0.10000000, 0.00000000, -0.10000000, 0.00155351
0.08750000, 0.01250000, -0.10000000, -0.00240637
0.07500000, 0.02500000, -0.10000000, -0.00793047
0.06250000, 0.03750000, -0.10000000, -0.01443487
0.05000000, 0.05000000, -0.10000000, -0.02168965
0.03750000, 0.06250000, -0.10000000, -0.02955929
0.02500000, 0.07500000, -0.10000000, -0.03805039
0.01250000, 0.08750000, -0.10000000, -0.04773190
0.00000000, 0.10000000, -0.10000000, -0.06389707
-0.01250000, 0.10000000, -0.08750000, -0.06010932
-0.02500000, 0.10000000, -0.07500000, -0.03434938
-0.03750000, 0.10000000, -0.06250000, -0.00114631
-0.05000000, 0.10000000, -0.05000000, 0.03404305
-0.06250000, 0.10000000, -0.03750000, 0.06677506
-0.07500000, 0.10000000, -0.02500000, 0.09210577
-0.08750000, 0.10000000, -0.01250000, 0.10280034
-0.10000000, 0.10000000, 0.00000000, 0.07494787
-0.10000000, 0.08750000, 0.01250000, 0.04010359
-0.10000000, 0.07500000, 0.02500000, 0.02519249
-0.10000000, 0.06250000, 0.03750000, 0.01577302
-0.10000000, 0.05000000, 0.05000000, 0.00908584
-0.10000000, 0.03750000, 0.06250000, 0.00440814
-0.10000000, 0.02500000, 0.07500000, 0.00111119
-0.10000000, 0.01250000, 0.08750000, -0.00090249
-0.10000000, 0.00000000, 0.10000000, -0.00155351
-0.08750000, -0.01250000, 0.10000000, 0.00240637
-0.07500000, -0.02500000, 0.10000000, 0.00793047
-0.06250000, -0.03750000, 0.10000000, 0.01443487
-0.05000000, -0.05000000, 0.10000000, 0.02168965
-0.03750000, -0.06250000, 0.10000000, 0.02955929
-0.02500000, -0.07500000, 0.10000000, 0.03805039
-0.01250000, -0.08750000, 0.10000000, 0.04773190
0.00000000, -0.10000000, 0.10000000, 0.06389707
0.01250000, -0.10000000, 0.08750000, 0.06010932
0.02500000, -0.10000000, 0.07500000, 0.03434938
0.03750000, -0.10000000, 0.06250000, 0.00114631
0.05000000, -0.10000000, 0.05000000, -0.03404305
0.06250000, -0.10000000, 0.03750000, -0.06677506
0.07500000, -0.10000000, 0.02500000, -0.09210577
0.08750000, -0.10000000, 0.01250000, -0.10280034
0.10000000, -0.10000000, 0.00000000, -0.07494787
0.10000000, -0.08750000, -0.01250000, -0.04010359
0.10000000, -0.07500000, -0.02500000, -0.02519249
0.10000000, -0.06250000, -0.03750000, -0.01577302
0.10000000, -0.05000000, -0.05000000, -0.00908584
0.10000000, -0.03750000, -0.06250000, -0.00440814
0.10000000, -0.02500000, -0.07500000, -0.00111119
0.10000000, -0.01250000, -0.08750000, 0.00090249
0.15000000, 0.00000000, -0.15000000, 0.00805282
0.13125000, 0.01875000, -0.15000000, 0.00480220
0.11250000, 0.03750000, -0.15000000, 0.00026447
0.09375000, 0.05625000, -0.15000000, -0.00519200
0.07500000, 0.07500000, -0.15000000, -0.01130932
0.05625000, 0.09375000, -0.15000000, -0.01808747
0.03750000, 0.11250000, -0.15000000, -0.02546639
0.01875000, 0.13125000, -0.15000000, -0.03399574
0.00000000, 0.15000000, -0.15000000, -0.04765368
-0.01875000, 0.15000000, -0.13125000, -0.04605824
-0.03750000, 0.15000000, -0.11250000, -0.02802874
-0.05625000, 0.15000000, -0.09375000, -0.00440910
-0.07500000, 0.15000000, -0.07500000, 0.02061868
-0.09375000, 0.15000000, -0.05625000, 0.04347981
-0.11250000, 0.15000000, -0.03750000, 0.06093411
-0.13125000, 0.15000000, -0.01875000, 0.06727201
-0.15000000, 0.15000000, 0.00000000, 0.04449904
-0.15000000, 0.13125000, 0.01875000, 0.01896095
-0.15000000, 0.11250000, 0.03750000, 0.00844940
-0.15000000, 0.09375000, 0.05625000, 0.00206161
-0.15000000, 0.07500000, 0.07500000, -0.00225573
-0.15000000, 0.05625000, 0.09375000, -0.00518017
-0.15000000, 0.03750000, 0.11250000, -0.00706489
-0.15000000, 0.01875000, 0.13125000, -0.00805527
-0.15000000, 0.00000000, 0.15000000, -0.00805282
-0.13125000, -0.01875000, 0.15000000, -0.00480220
-0.11250000, -0.03750000, 0.15000000, -0.00026447
-0.09375000, -0.05625000, 0.15000000, 0.00519200
-0.07500000, -0.07500000, 0.15000000, 0.01130932
-0.05625000, -0.09375000, 0.15000000, 0.01808747
-0.03750000, -0.11250000, 0.15000000, 0.02546639
-0.01875000, -0.13125000, 0.15000000, 0.03399574
0.00000000, -0.15000000, 0.15000000, 0.04765368
0.01875000, -0.15000000, 0.13125000, 0.04605824
0.03750000, -0.15000000, 0.11250000, 0.02802874
0.05625000, -0.15000000, 0.09375000, 0.00440910
0.07500000, -0.15000000, 0.07500000, -0.02061868
0.09375000, -0.15000000, 0.05625000, -0.04347981
0.11250000, -0.15000000, 0.03750000, -0.06093411
0.13125000, -0.15000000, 0.01875000, -0.06727201
0.15000000, -0.15000000, 0.00000000, -0.04449904
0.15000000, -0.13125000, -0.01875000, -0.01896095
0.15000000, -0.11250000, -0.03750000, -0.00844940
0.15000000, -0.09375000, -0.05625000, -0.00206161
0.15000000, -0.07500000, -0.07500000, 0.00225573
0.15000000, -0.05625000, -0.09375000, 0.00518017
0.15000000, -0.03750000, -0.11250000, 0.00706489
0.15000000, -0.01875000, -0.13125000, 0.00805527
0.20000000, 0.00000000, -0.20000000, 0.01087348
0.17500000, 0.02500000, -0.20000000, 0.00846974
0.15000000, 0.05000000, -0.20000000, 0.00499015
0.12500000, 0.07500000, -0.20000000, 0.00071366
0.10000000, 0.10000000, -0.20000000, -0.00425818
0.07500000, 0.12500000, -0.20000000, -0.00987808
0.05000000, 0.15000000, -0.20000000, -0.01617888
0.02500000, 0.17500000, -0.20000000, -0.02355421
0.00000000, 0.20000000, -0.20000000, -0.03534973
-0.02500000, 0.20000000, -0.17500000, -0.03619138
-0.05000000, 0.20000000, -0.15000000, -0.02374697
-0.07500000, 0.20000000, -0.12500000, -0.00663743
-0.10000000, 0.20000000, -0.10000000, 0.01178753
-0.12500000, 0.20000000, -0.07500000, 0.02901938
-0.15000000, 0.20000000, -0.05000000, 0.04178147
-0.17500000, 0.20000000, -0.02500000, 0.04575041
-0.20000000, 0.20000000, 0.00000000, 0.02615078
-0.20000000, 0.17500000, 0.02500000, 0.00617878
-0.20000000, 0.15000000, 0.05000000, -0.00144099
-0.20000000, 0.12500000, 0.07500000, -0.00575652
-0.20000000, 0.10000000, 0.10000000, -0.00848403
-0.20000000, 0.07500000, 0.12500000, -0.01004047
-0.20000000, 0.05000000, 0.15000000, -0.01091805
-0.20000000, 0.02500000, 0.17500000, -0.01116748
-0.20000000, 0.00000000, 0.20000000, -0.01087348
-0.17500000, -0.02500000, 0.20000000, -0.00846974
-0.15000000, -0.05000000, 0.20000000, -0.00499015
-0.12500000, -0.07500000, 0.20000000, -0.00071366
-0.10000000, -0.10000000, 0.20000000, 0.00425818
-0.07500000, -0.12500000, 0.20000000, 0.00987808
-0.05000000, -0.15000000, 0.20000000, 0.01617888
-0.02500000, -0.17500000, 0.20000000, 0.02355421
0.00000000, -0.20000000, 0.20000000, 0.03534973
0.02500000, -0.20000000, 0.17500000, 0.03619138
0.05000000, -0.20000000, 0.15000000, 0.02374697
0.07500000, -0.20000000, 0.12500000, 0.00663743
0.10000000, -0.20000000, 0.10000000, -0.01178753
0.12500000, -0.20000000, 0.07500000, -0.02901938
0.15000000, -0.20000000, 0.05000000, -0.04178147
0.17500000, -0.20000000, 0.02500000, -0.04575041
0.20000000, -0.20000000, 0.00000000, -0.02615078
0.20000000, -0.17500000, -0.02500000, -0.00617878
0.20000000, -0.15000000, -0.05000000, 0.00144099
0.20000000, -0.12500000, -0.07500000, 0.00575652
0.20000000, -0.10000000, -0.10000000, 0.00848403
0.20000000, -0.07500000, -0.12500000, 0.01004047
0.20000000, -0.05000000, -0.15000000, 0.01091805
0.20000000, -0.02500000, -0.17500000, 0.01116748
0.25000000, 0.00000000, -0.25000000, 0.01166657
0.21875000, 0.03125000, -0.25000000, 0.01016623
0.18750000, 0.06250000, -0.25000000, 0.00779591
0.15625000, 0.09375000, -0.25000000, 0.00472784
0.12500000, 0.12500000, -0.25000000, 0.00109502
0.09375000, 0.15625000, -0.25000000, -0.00319135
0.06250000, 0.18750000, -0.25000000, -0.00814080
0.03125000, 0.21875000, -0.25000000, -0.01429194
0.00000000, 0.25000000, -0.25000000, -0.02465691
-0.03125000, 0.25000000, -0.21875000, -0.02755426
-0.06250000, 0.25000000, -0.18750000, -0.01926097
-0.09375000, 0.25000000, -0.15625000, -0.00707420
-0.12500000, 0.25000000, -0.12500000, 0.00620730
-0.15625000, 0.25000000, -0.09375000, 0.01836833
-0.18750000, 0.25000000, -0.06250000, 0.02730565
-0.21875000, 0.25000000, -0.03125000, 0.02932111
-0.25000000, 0.25000000, 0.00000000, 0.01267049
-0.25000000, 0.21875000, 0.03125000, -0.00225435
-0.25000000, 0.18750000, 0.06250000, -0.00759045
-0.25000000, 0.15625000, 0.09375000, -0.01033248
-0.25000000, 0.12500000, 0.12500000, -0.01183619
-0.25000000, 0.09375000, 0.15625000, -0.01253038
-0.25000000, 0.06250000, 0.18750000, -0.01268184
-0.25000000, 0.03125000, 0.21875000, -0.01239142
-0.25000000, 0.00000000, 0.25000000, -0.01166657
-0.21875000, -0.03125000, 0.25000000, -0.01016623
-0.18750000, -0.06250000, 0.25000000, -0.00779591
-0.15625000, -0.09375000, 0.25000000, -0.00472784
-0.12500000, -0.12500000, 0.25000000, -0.00109502
-0.09375000, -0.15625000, 0.25000000, 0.00319135
-0.06250000, -0.18750000, 0.25000000, 0.00814080
-0.03125000, -0.21875000, 0.25000000, 0.01429194
0.00000000, -0.25000000, 0.25000000, 0.02465691
0.03125000, -0.25000000, 0.21875000, 0.02755426
0.06250000, -0.25000000, 0.18750000, 0.01926097
0.09375000, -0.25000000, 0.15625000, 0.00707420
0.12500000, -0.25000000, 0.12500000, -0.00620730
0.15625000, -0.25000000, 0.09375000, -0.01836833
0.18750000, -0.25000000, 0.06250000, -0.02730565
0.21875000, -0.25000000, 0.03125000, -0.02932111
0.25000000, -0.25000000, 0.00000000, -0.01267049
0.25000000, -0.21875000, -0.03125000, 0.00225435
0.25000000, -0.18750000, -0.06250000, 0.00759045
0.25000000, -0.15625000, -0.09375000, 0.01033248
0.25000000, -0.12500000, -0.12500000, 0.01183619
0.25000000, -0.09375000, -0.15625000, 0.01253038
0.25000000, -0.06250000, -0.18750000, 0.01268184
0.25000000, -0.03125000, -0.21875000, 0.01239142
0.30000000, 0.00000000, -0.30000000, 0.01050054
0.26250000, 0.03750000, -0.30000000, 0.00999661
0.22500000, 0.07500000, -0.30000000, 0.00874378
0.18750000, 0.11250000, -0.30000000, 0.00689029
0.15000000, 0.15000000, -0.30000000, 0.00449455
0.11250000, 0.18750000, -0.30000000, 0.00149766
0.07500000, 0.22500000, -0.30000000, -0.00220180
0.03750000, 0.26250000, -0.30000000, -0.00707741
0.00000000, 0.30000000, -0.30000000, -0.01583063
-0.03750000, 0.30000000, -0.26250000, -0.01992858
-0.07500000, 0.30000000, -0.22500000, -0.01486873
-0.11250000, 0.30000000, -0.18750000, -0.00669816
-0.15000000, 0.30000000, -0.15000000, 0.00246504
-0.18750000, 0.30000000, -0.11250000, 0.01092263
-0.22500000, 0.30000000, -0.07500000, 0.01701322
-0.26250000, 0.30000000, -0.03750000, 0.01792419
-0.30000000, 0.30000000, 0.00000000, 0.00434546
-0.30000000, 0.26250000, 0.03750000, -0.00698766
-0.30000000, 0.22500000, 0.07500000, -0.01069291
-0.30000000, 0.18750000, 0.11250000, -0.01231126
-0.30000000, 0.15000000, 0.15000000, -0.01295271
-0.30000000, 0.11250000, 0.18750000, -0.01292951
-0.30000000, 0.07500000, 0.22500000, -0.01247887
-0.30000000, 0.03750000, 0.26250000, -0.01167135
-0.30000000, 0.00000000, 0.30000000, -0.01050054
-0.26250000, -0.03750000, 0.30000000, -0.00999661
-0.22500000, -0.07500000, 0.30000000, -0.00874378
-0.18750000, -0.11250000, 0.30000000, -0.00689029
-0.15000000, -0.15000000, 0.30000000, -0.00449455
-0.11250000, -0.18750000, 0.30000000, -0.00149766
-0.07500000, -0.22500000, 0.30000000, 0.00220180
-0.03750000, -0.26250000, 0.30000000, 0.00707741
0.00000000, -0.30000000, 0.30000000, 0.01583063
0.03750000, -0.30000000, 0.26250000, 0.01992858
0.07500000, -0.30000000, 0.22500000, 0.01486873
0.11250000, -0.30000000, 0.18750000, 0.00669816
0.15000000, -0.30000000, 0.15000000, -0.00246504
0.18750000, -0.30000000, 0.11250000, -0.01092263
0.22500000, -0.30000000, 0.07500000, -0.01701322
0.26250000, -0.30000000, 0.03750000, -0.01792419
0.30000000, -0.30000000, 0.00000000, -0.00434546
0.30000000, -0.26250000, -0.03750000, 0.00698766
0.30000000, -0.22500000, -0.07500000, 0.01069291
0.30000000, -0.18750000, -0.11250000, 0.01231126
0.30000000, -0.15000000, -0.15000000, 0.01295271
0.30000000, -0.11250000, -0.18750000, 0.01292951
0.30000000, -0.07500000, -0.22500000, 0.01247887
0.30000000, -0.03750000, -0.26250000, 0.01167135
0.35000000, 0.00000000, -0.35000000, 0.00803680
0.30625000, 0.04375000, -0.35000000, 0.00836329
0.26250000, 0.08750000, -0.35000000, 0.00806394
0.21875000, 0.13125000, -0.35000000, 0.00724769
0.17500000, 0.17500000, -0.35000000, 0.00591272
0.13125000, 0.21875000, -0.35000000, 0.00401567
0.08750000, 0.26250000, -0.35000000, 0.00144260
0.04375000, 0.30625000, -0.35000000, -0.00220128
0.00000000, 0.35000000, -0.35000000, -0.00920221
-0.04375000, 0.35000000, -0.30625000, -0.01357765
-0.08750000, 0.35000000, -0.26250000, -0.01085827
-0.13125000, 0.35000000, -0.21875000, -0.00577220
-0.17500000, 0.35000000, -0.17500000, 0.00014620
-0.21875000, 0.35000000, -0.13125000, 0.00588097
-0.26250000, 0.35000000, -0.08750000, 0.00990557
-0.30625000, 0.35000000, -0.04375000, 0.01030806
-0.35000000, 0.35000000, 0.00000000, -0.00019635
-0.35000000, 0.30625000, 0.04375000, -0.00874772
-0.35000000, 0.26250000, 0.08750000, -0.01129440
-0.35000000, 0.21875000, 0.13125000, -0.01215659
-0.35000000, 0.17500000, 0.17500000, -0.01221415
-0.35000000, 0.13125000, 0.21875000, -0.01163948
-0.35000000, 0.08750000, 0.26250000, -0.01073104
-0.35000000, 0.04375000, 0.30625000, -0.00950453
-0.35000000, 0.00000000, 0.35000000, -0.00803680
-0.30625000, -0.04375000, 0.35000000, -0.00836329
-0.26250000, -0.08750000, 0.35000000, -0.00806394
-0.21875000, -0.13125000, 0.35000000, -0.00724769
-0.17500000, -0.17500000, 0.35000000, -0.00591272
-0.13125000, -0.21875000, 0.35000000, -0.00401567
-0.08750000, -0.26250000, 0.35000000, -0.00144260
-0.04375000, -0.30625000, 0.35000000, 0.00220128
0.00000000, -0.35000000, 0.35000000, 0.00920221
0.04375000, -0.35000000, 0.30625000, 0.01357765
0.08750000, -0.35000000, 0.26250000, 0.01085827
0.13125000, -0.35000000, 0.21875000, 0.00577220
0.17500000, -0.35000000, 0.17500000, -0.00014620
0.21875000, -0.35000000, 0.13125000, -0.00588097
0.26250000, -0.35000000, 0.08750000, -0.00990557
0.30625000, -0.35000000, 0.04375000, -0.01030806
0.35000000, -0.35000000, 0.00000000, 0.00019635
0.35000000, -0.30625000, -0.04375000, 0.00874772
0.35000000, -0.26250000, -0.08750000, 0.01129440
0.35000000, -0.21875000, -0.13125000, 0.01215659
0.35000000, -0.17500000, -0.17500000, 0.01221415
0.35000000, -0.13125000, -0.21875000, 0.01163948
0.35000000, -0.08750000, -0.26250000, 0.01073104
0.35000000, -0.04375000, -0.30625000, 0.00950453
0.40000000, 0.00000000, -0.40000000, 0.00528624
0.35000000, 0.05000000, -0.40000000, 0.00602685
0.30000000, 0.10000000, -0.40000000, 0.00633160
0.25000000, 0.15000000, -0.40000000, 0.00621410
0.20000000, 0.20000000, -0.40000000, 0.00570394
0.15000000, 0.25000000, -0.40000000, 0.00469732
0.10000000, 0.30000000, -0.40000000, 0.00313205
0.05000000, 0.35000000, -0.40000000, 0.00060094
0.00000000, 0.40000000, -0.40000000, -0.00474292
-0.05000000, 0.40000000, -0.35000000, -0.00870047
-0.10000000, 0.40000000, -0.30000000, -0.00739106
-0.15000000, 0.40000000, -0.25000000, -0.00443936
-0.20000000, 0.40000000, -0.20000000, -0.00092450
-0.25000000, 0.40000000, -0.15000000, 0.00244178
-0.30000000, 0.40000000, -0.10000000, 0.00489938
-0.35000000, 0.40000000, -0.05000000, 0.00503294
-0.40000000, 0.40000000, 0.00000000, -0.00239729
-0.40000000, 0.35000000, 0.05000000, -0.00838313
-0.40000000, 0.30000000, 0.10000000, -0.01006846
-0.40000000, 0.25000000, 0.15000000, -0.01045005
-0.40000000, 0.20000000, 0.20000000, -0.01014991
-0.40000000, 0.15000000, 0.25000000, -0.00935383
-0.40000000, 0.10000000, 0.30000000, -0.00823844
-0.40000000, 0.05000000, 0.35000000, -0.00686172
-0.40000000, 0.00000000, 0.40000000, -0.00528624
-0.35000000, -0.05000000, 0.40000000, -0.00602685
-0.30000000, -0.10000000, 0.40000000, -0.00633160
-0.25000000, -0.15000000, 0.40000000, -0.00621410
-0.20000000, -0.20000000, 0.40000000, -0.00570394
-0.15000000, -0.25000000, 0.40000000, -0.00469732
-0.10000000, -0.30000000, 0.40000000, -0.00313205
-0.05000000, -0.35000000, 0.40000000, -0.00060094
0.00000000, -0.40000000, 0.40000000, 0.00474292
0.05000000, -0.40000000, 0.35000000, 0.00870047
0.10000000, -0.40000000, 0.30000000, 0.00739106
0.15000000, -0.40000000, 0.25000000, 0.00443936
0.20000000, -0.40000000, 0.20000000, 0.00092450
0.25000000, -0.40000000, 0.15000000, -0.00244178
0.30000000, -0.40000000, 0.10000000, -0.00489938
0.35000000, -0.40000000, 0.05000000, -0.00503294
0.40000000, -0.40000000, 0.00000000, 0.00239729
0.40000000, -0.35000000, -0.05000000, 0.00838313
0.40000000, -0.30000000, -0.10000000, 0.01006846
0.40000000, -0.25000000, -0.15000000, 0.01045005
0.40000000, -0.20000000, -0.20000000, 0.01014991
0.40000000, -0.15000000, -0.25000000, 0.00935383
0.40000000, -0.10000000, -0.30000000, 0.00823844
0.40000000, -0.05000000, -0.35000000, 0.00686172
0.45000000, 0.00000000, -0.45000000, 0.00293086
0.39375000, 0.05625000, -0.45000000, 0.00371322
0.33750000, 0.11250000, -0.45000000, 0.00425218
0.28125000, 0.16875000, -0.45000000, 0.00449625
0.22500000, 0.22500000, -0.45000000, 0.00447218
0.16875000, 0.28125000, -0.45000000, 0.00407237
0.11250000, 0.33750000, -0.45000000, 0.00324207
0.05625000, 0.39375000, -0.45000000, 0.00163799
0.00000000, 0.45000000, -0.45000000, -0.00213077
-0.05625000, 0.45000000, -0.39375000, -0.00524789
-0.11250000, 0.45000000, -0.33750000, -0.00469004
-0.16875000, 0.45000000, -0.28125000, -0.00315296
-0.22500000, 0.45000000, -0.22500000, -0.00128473
-0.28125000, 0.45000000, -0.16875000, 0.00045587
-0.33750000, 0.45000000, -0.11250000, 0.00189803
-0.39375000, 0.45000000, -0.05625000, 0.00205600
-0.45000000, 0.45000000, 0.00000000, -0.00264803
-0.45000000, 0.39375000, 0.05625000, -0.00669166
-0.45000000, 0.33750000, 0.11250000, -0.00779712
-0.45000000, 0.28125000, 0.16875000, -0.00792191
-0.45000000, 0.22500000, 0.22500000, -0.00748749
-0.45000000, 0.16875000, 0.28125000, -0.00668495
-0.45000000, 0.11250000, 0.33750000, -0.00559914
-0.45000000, 0.05625000, 0.39375000, -0.00432891
-0.45000000, 0.00000000, 0.45000000, -0.00293086
-0.39375000, -0.05625000, 0.45000000, -0.00371322
-0.33750000, -0.11250000, 0.45000000, -0.00425218
-0.28125000, -0.16875000, 0.45000000, -0.00449625
-0.22500000, -0.22500000, 0.45000000, -0.00447218
-0.16875000, -0.28125000, 0.45000000, -0.00407237
-0.11250000, -0.33750000, 0.45000000, -0.00324207
-0.05625000, -0.39375000, 0.45000000, -0.00163799
0.00000000, -0.45000000, 0.45000000, 0.00213077
0.05625000, -0.45000000, 0.39375000, 0.00524789
0.11250000, -0.45000000, 0.33750000, 0.00469004
0.16875000, -0.45000000, 0.28125000, 0.00315296
0.22500000, -0.45000000, 0.22500000, 0.00128473
0.28125000, -0.45000000, 0.16875000, -0.00045587
0.33750000, -0.45000000, 0.11250000, -0.00189803
0.39375000, -0.45000000, 0.05625000, -0.00205600
0.45000000, -0.45000000, 0.00000000, 0.00264803
0.45000000, -0.39375000, -0.05625000, 0.00669166
0.45000000, -0.33750000, -0.11250000, 0.00779712
0.45000000, -0.28125000, -0.16875000, 0.00792191
0.45000000, -0.22500000, -0.22500000, 0.00748749
0.45000000, -0.16875000, -0.28125000, 0.00668495
0.45000000, -0.11250000, -0.33750000, 0.00559914
0.45000000, -0.05625000, -0.39375000, 0.00432891
0.50000000, 0.00000000, -0.50000000, 0.00130357
0.43750000, 0.06250000, -0.50000000, 0.00191420
0.37500000, 0.12500000, -0.50000000, 0.00241880
0.31250000, 0.18750000, -0.50000000, 0.00276155
0.25000000, 0.25000000, -0.50000000, 0.00291214
0.18750000, 0.31250000, -0.50000000, 0.00282484
0.12500000, 0.37500000, -0.50000000, 0.00242225
0.06250000, 0.43750000, -0.50000000, 0.00151212
0.00000000, 0.50000000, -0.50000000, -0.00083990
-0.06250000, 0.50000000, -0.43750000, -0.00298628
-0.12500000, 0.50000000, -0.37500000, -0.00279924
-0.18750000, 0.50000000, -0.31250000, -0.00214388
-0.25000000, 0.50000000, -0.25000000, -0.00131074
-0.31250000, 0.50000000, -0.18750000, -0.00036402
-0.37500000, 0.50000000, -0.12500000, 0.00055286
-0.43750000, 0.50000000, -0.06250000, 0.00092366
-0.50000000, 0.50000000, 0.00000000, -0.00175172
-0.50000000, 0.43750000, 0.06250000, -0.00453212
-0.50000000, 0.37500000, 0.12500000, -0.00527560
-0.50000000, 0.31250000, 0.18750000, -0.00530117
-0.50000000, 0.25000000, 0.25000000, -0.00490269
-0.50000000, 0.18750000, 0.31250000, -0.00419130
-0.50000000, 0.12500000, 0.37500000, -0.00329454
-0.50000000, 0.06250000, 0.43750000, -0.00229238
-0.50000000, 0.00000000, 0.50000000, -0.00130357
-0.43750000, -0.06250000, 0.50000000, -0.00191420
-0.37500000, -0.12500000, 0.50000000, -0.00241880
-0.31250000, -0.18750000, 0.50000000, -0.00276155
-0.25000000, -0.25000000, 0.50000000, -0.00291214
-0.18750000, -0.31250000, 0.50000000, -0.00282484
-0.12500000, -0.37500000, 0.50000000, -0.00242225
-0.06250000, -0.43750000, 0.50000000, -0.00151212
0.00000000, -0.50000000, 0.50000000, 0.00083990
0.06250000, -0.50000000, 0.43750000, 0.00298628
0.12500000, -0.50000000, 0.37500000, 0.00279924
0.18750000, -0.50000000, 0.31250000, 0.00214388
0.25000000, -0.50000000, 0.25000000, 0.00131074
0.31250000, -0.50000000, 0.18750000, 0.00036402
0.37500000, -0.50000000, 0.12500000, -0.00055286
0.43750000, -0.50000000, 0.06250000, -0.00092366
0.50000000, -0.50000000, 0.00000000, 0.00175172
0.50000000, -0.43750000, -0.06250000, 0.00453212
0.50000000, -0.37500000, -0.12500000, 0.00527560
0.50000000, -0.31250000, -0.18750000, 0.00530117
0.50000000, -0.25000000, -0.25000000, 0.00490269
0.50000000, -0.18750000, -0.31250000, 0.00419130
0.50000000, -0.12500000, -0.37500000, 0.00329454
0.50000000, -0.06250000, -0.43750000, 0.00229238
0.55000000, 0.00000000, -0.55000000, 0.00043938
0.48125000, 0.06875000, -0.55000000, 0.00080252
0.41250000, 0.13750000, -0.55000000, 0.00114153
0.34375000, 0.20625000, -0.55000000, 0.00141458
0.27500000, 0.27500000, -0.55000000, 0.00156771
0.20625000, 0.34375000, -0.55000000, 0.00159269
0.13750000, 0.41250000, -0.55000000, 0.00142193
0.06875000, 0.48125000, -0.55000000, 0.00096988
0.00000000, 0.55000000, -0.55000000, -0.00031280
-0.06875000, 0.55000000, -0.48125000, -0.00161169
-0.13750000, 0.55000000, -0.41250000, -0.00156165
-0.20625000, 0.55000000, -0.34375000, -0.00135729
-0.27500000, 0.55000000, -0.27500000, -0.00110380
-0.34375000, 0.55000000, -0.20625000, -0.00057762
-0.41250000, 0.55000000, -0.13750000, 0.00005503
-0.48125000, 0.55000000, -0.06875000, 0.00054612
-0.55000000, 0.55000000, 0.00000000, -0.00083406
-0.55000000, 0.48125000, 0.06875000, -0.00262783
-0.55000000, 0.41250000, 0.13750000, -0.00311089
-0.55000000, 0.34375000, 0.20625000, -0.00311416
-0.55000000, 0.27500000, 0.27500000, -0.00282593
-0.55000000, 0.20625000, 0.34375000, -0.00228777
-0.55000000, 0.13750000, 0.41250000, -0.00165916
-0.55000000, 0.06875000, 0.48125000, -0.00099317
-0.55000000, 0.00000000, 0.55000000, -0.00043938
-0.48125000, -0.06875000, 0.55000000, -0.00080252
-0.41250000, -0.13750000, 0.55000000, -0.00114153
-0.34375000, -0.20625000, 0.55000000, -0.00141458
-0.27500000, -0.27500000, 0.55000000, -0.00156771
-0.20625000, -0.34375000, 0.55000000, -0.00159269
-0.13750000, -0.41250000, 0.55000000, -0.00142193
-0.06875000, -0.48125000, 0.55000000, -0.00096988
0.00000000, -0.55000000, 0.55000000, 0.00031280
0.06875000, -0.55000000, 0.48125000, 0.00161169
0.13750000, -0.55000000, 0.41250000, 0.00156165
0.20625000, -0.55000000, 0.34375000, 0.00135729
0.27500000, -0.55000000, 0.27500000, 0.00110380
0.34375000, -0.55000000, 0.20625000, 0.00057762
0.41250000, -0.55000000, 0.13750000, -0.00005503
0.48125000, -0.55000000, 0.06875000, -0.00054612
0.55000000, -0.55000000, 0.00000000, 0.00083406
0.55000000, -0.48125000, -0.06875000, 0.00262783
0.55000000, -0.41250000, -0.13750000, 0.00311089
0.55000000, -0.34375000, -0.20625000, 0.00311416
0.55000000, -0.27500000, -0.27500000, 0.00282593
0.55000000, -0.20625000, -0.34375000, 0.00228777
0.55000000, -0.13750000, -0.41250000, 0.00165916
0.55000000, -0.06875000, -0.48125000, 0.00099317
0.60000000, 0.00000000, -0.60000000, 0.00012441
0.52500000, 0.07500000, -0.60000000, 0.00026941
0.45000000, 0.15000000, -0.60000000, 0.00043139
0.37500000, 0.22500000, -0.60000000, 0.00057305
0.30000000, 0.30000000, -0.60000000, 0.00067935
0.22500000, 0.37500000, -0.60000000, 0.00072718
0.15000000, 0.45000000, -0.60000000, 0.00069232
0.07500000, 0.52500000, -0.60000000, 0.00050350
0.00000000, 0.60000000, -0.60000000, -0.00012897
-0.07500000, 0.60000000, -0.52500000, -0.00083283
-0.15000000, 0.60000000, -0.45000000, -0.00078704
-0.22500000, 0.60000000, -0.37500000, -0.00073566
-0.30000000, 0.60000000, -0.30000000, -0.00074990
-0.37500000, 0.60000000, -0.22500000, -0.00059205
-0.45000000, 0.60000000, -0.15000000, -0.00018470
-0.52500000, 0.60000000, -0.07500000, 0.00022373
-0.60000000, 0.60000000, 0.00000000, -0.00041191
-0.60000000, 0.52500000, 0.07500000, -0.00131738
-0.60000000, 0.45000000, 0.15000000, -0.00158517
-0.60000000, 0.37500000, 0.22500000, -0.00158714
-0.60000000, 0.30000000, 0.30000000, -0.00140959
-0.60000000, 0.22500000, 0.37500000, -0.00109569
-0.60000000, 0.15000000, 0.45000000, -0.00073405
-0.60000000, 0.07500000, 0.52500000, -0.00038037
-0.60000000, 0.00000000, 0.60000000, -0.00012441
-0.52500000, -0.07500000, 0.60000000, -0.00026941
-0.45000000, -0.15000000, 0.60000000, -0.00043139
-0.37500000, -0.22500000, 0.60000000, -0.00057305
-0.30000000, -0.30000000, 0.60000000, -0.00067935
-0.22500000, -0.37500000, 0.60000000, -0.00072718
-0.15000000, -0.45000000, 0.60000000, -0.00069232
-0.07500000, -0.52500000, 0.60000000, -0.00050350
0.00000000, -0.60000000, 0.60000000, 0.00012897
0.07500000, -0.60000000, 0.52500000, 0.00083283
0.15000000, -0.60000000, 0.45000000, 0.00078704
0.22500000, -0.60000000, 0.37500000, 0.00073566
0.30000000, -0.60000000, 0.30000000, 0.00074990
0.37500000, -0.60000000, 0.22500000, 0.00059205
0.45000000, -0.60000000, 0.15000000, 0.00018470
0.52500000, -0.60000000, 0.07500000, -0.00022373
0.60000000, -0.60000000, 0.00000000, 0.00041191
0.60000000, -0.52500000, -0.07500000, 0.00131738
0.60000000, -0.45000000, -0.15000000, 0.00158517
0.60000000, -0.37500000, -0.22500000, 0.00158714
0.60000000, -0.30000000, -0.30000000, 0.00140959
0.60000000, -0.22500000, -0.37500000, 0.00109569
0.60000000, -0.15000000, -0.45000000, 0.00073405
0.60000000, -0.07500000, -0.52500000, 0.00038037
0.65000000, 0.00000000, -0.65000000, 0.00005320
0.56875000, 0.08125000, -0.65000000, 0.00007540
0.48750000, 0.16250000, -0.65000000, 0.00012046
0.40625000, 0.24375000, -0.65000000, 0.00015932
0.32500000, 0.32500000, -0.65000000, 0.00021795
0.24375000, 0.40625000, -0.65000000, 0.00025871
0.16250000, 0.48750000, -0.65000000, 0.00028734
0.08125000, 0.56875000, -0.65000000, 0.00022776
0.00000000, 0.65000000, -0.65000000, -0.00006241
-0.08125000, 0.65000000, -0.56875000, -0.00041572
-0.16250000, 0.65000000, -0.48750000, -0.00034619
-0.24375000, 0.65000000, -0.40625000, -0.00032178
-0.32500000, 0.65000000, -0.32500000, -0.00041716
-0.40625000, 0.65000000, -0.24375000, -0.00050138
-0.48750000, 0.65000000, -0.16250000, -0.00027145
-0.56875000, 0.65000000, -0.08125000, -0.00001895
-0.65000000, 0.65000000, 0.00000000, -0.00026592
-0.65000000, 0.56875000, 0.08125000, -0.00056724
-0.65000000, 0.48750000, 0.16250000, -0.00068471
-0.65000000, 0.40625000, 0.24375000, -0.00068806
-0.65000000, 0.32500000, 0.32500000, -0.00059512
-0.65000000, 0.24375000, 0.40625000, -0.00046772
-0.65000000, 0.16250000, 0.48750000, -0.00030399
-0.65000000, 0.08125000, 0.56875000, -0.00016308
-0.65000000, 0.00000000, 0.65000000, -0.00005320
-0.56875000, -0.08125000, 0.65000000, -0.00007540
-0.48750000, -0.16250000, 0.65000000, -0.00012046
-0.40625000, -0.24375000, 0.65000000, -0.00015932
-0.32500000, -0.32500000, 0.65000000, -0.00021795
-0.24375000, -0.40625000, 0.65000000, -0.00025871
-0.16250000, -0.48750000, 0.65000000, -0.00028734
-0.08125000, -0.56875000, 0.65000000, -0.00022776
0.00000000, -0.65000000, 0.65000000, 0.00006241
0.08125000, -0.65000000, 0.56875000, 0.00041572
0.16250000, -0.65000000, 0.48750000, 0.00034619
0.24375000, -0.65000000, 0.40625000, 0.00032178
0.32500000, -0.65000000, 0.32500000, 0.00041716
0.40625000, -0.65000000, 0.24375000, 0.00050138
0.48750000, -0.65000000, 0.16250000, 0.00027145
0.56875000, -0.65000000, 0.08125000, 0.00001895
0.65000000, -0.65000000, 0.00000000, 0.00026592
0.65000000, -0.56875000, -0.08125000, 0.00056724
0.65000000, -0.48750000, -0.16250000, 0.00068471
0.65000000, -0.40625000, -0.24375000, 0.00068806
0.65000000, -0.32500000, -0.32500000, 0.00059512
0.65000000, -0.24375000, -0.40625000, 0.00046772
0.65000000, -0.16250000, -0.48750000, 0.00030399
0.65000000, -0.08125000, -0.56875000, 0.00016308
0.70000000, 0.00000000, -0.70000000, 0.00001874
0.61250000, 0.08750000, -0.70000000, 0.00001489
0.52500000, 0.17500000, -0.70000000, 0.00001537
0.43750000, 0.26250000, -0.70000000, 0.00001521
0.35000000, 0.35000000, -0.70000000, 0.00003224
0.26250000, 0.43750000, -0.70000000, 0.00005342
0.17500000, 0.52500000, -0.70000000, 0.00007807
0.08750000, 0.61250000, -0.70000000, 0.00006990
0.00000000, 0.70000000, -0.70000000, -0.00003157
-0.08750000, 0.70000000, -0.61250000, -0.00019879
-0.17500000, 0.70000000, -0.52500000, -0.00014241
-0.26250000, 0.70000000, -0.43750000, -0.00013719
-0.35000000, 0.70000000, -0.35000000, -0.00022584
-0.43750000, 0.70000000, -0.26250000, -0.00030172
-0.52500000, 0.70000000, -0.17500000, -0.00016083
-0.61250000, 0.70000000, -0.08750000, 0.00000573
-0.70000000, 0.70000000, 0.00000000, -0.00007769
-0.70000000, 0.61250000, 0.08750000, -0.00018832
-0.70000000, 0.52500000, 0.17500000, -0.00023926
-0.70000000, 0.43750000, 0.26250000, -0.00024619
-0.70000000, 0.35000000, 0.35000000, -0.00021121
-0.70000000, 0.26250000, 0.43750000, -0.00016896
-0.70000000, 0.17500000, 0.52500000, -0.00010883
-0.70000000, 0.08750000, 0.61250000, -0.00006226
-0.70000000, 0.00000000, 0.70000000, -0.00001874
-0.61250000, -0.08750000, 0.70000000, -0.00001489
-0.52500000, -0.17500000, 0.70000000, -0.00001537
-0.43750000, -0.26250000, 0.70000000, -0.00001521
-0.35000000, -0.35000000, 0.70000000, -0.00003224
-0.26250000, -0.43750000, 0.70000000, -0.00005342
-0.17500000, -0.52500000, 0.70000000, -0.00007807
-0.08750000, -0.61250000, 0.70000000, -0.00006990
0.00000000, -0.70000000, 0.70000000, 0.00003157
0.08750000, -0.70000000, 0.61250000, 0.00019879
0.17500000, -0.70000000, 0.52500000, 0.00014241
0.26250000, -0.70000000, 0.43750000, 0.00013719
0.35000000, -0.70000000, 0.35000000, 0.00022584
0.43750000, -0.70000000, 0.26250000, 0.00030172
0.52500000, -0.70000000, 0.17500000, 0.00016083
0.61250000, -0.70000000, 0.08750000, -0.00000573
0.70000000, -0.70000000, 0.00000000, 0.00007769
0.70000000, -0.61250000, -0.08750000, 0.00018832
0.70000000, -0.52500000, -0.17500000, 0.00023926
0.70000000, -0.43750000, -0.26250000, 0.00024619
0.70000000, -0.35000000, -0.35000000, 0.00021121
0.70000000, -0.26250000, -0.43750000, 0.00016896
0.70000000, -0.17500000, -0.52500000, 0.00010883
0.70000000, -0.08750000, -0.61250000, 0.00006226
0.75000000, 0.00000000, -0.75000000, -0.00001807
0.65625000, 0.09375000, -0.75000000, -0.00000762
0.56250000, 0.18750000, -0.75000000, -0.00000987
0.46875000, 0.28125000, -0.75000000, -0.00000876
0.37500000, 0.37500000, -0.75000000, -0.00001835
0.28125000, 0.46875000, -0.75000000, -0.00001739
0.18750000, 0.56250000, -0.75000000, -0.00002289
0.09375000, 0.65625000, -0.75000000, -0.00001778
0.00000000, 0.75000000, -0.75000000, -0.00001663
-0.09375000, 0.75000000, -0.65625000, -0.00008661
-0.18750000, 0.75000000, -0.56250000, -0.00006914
-0.28125000, 0.75000000, -0.46875000, -0.00008854
-0.37500000, 0.75000000, -0.37500000, -0.00014543
-0.46875000, 0.75000000, -0.28125000, -0.00009272
-0.56250000, 0.75000000, -0.18750000, 0.00001743
-0.65625000, 0.75000000, -0.09375000, 0.00015402
-0.75000000, 0.75000000, 0.00000000, 0.00010896
-0.75000000, 0.65625000, 0.09375000, -0.00002556
-0.75000000, 0.56250000, 0.18750000, -0.00006040
-0.75000000, 0.46875000, 0.28125000, -0.00007003
-0.75000000, 0.37500000, 0.37500000, -0.00006679
-0.75000000, 0.28125000, 0.46875000, -0.00003562
-0.75000000, 0.18750000, 0.56250000, -0.00001105
-0.75000000, 0.09375000, 0.65625000, 0.00001352
-0.75000000, 0.00000000, 0.75000000, 0.00001807
-0.65625000, -0.09375000, 0.75000000, 0.00000762
-0.56250000, -0.18750000, 0.75000000, 0.00000987
-0.46875000, -0.28125000, 0.75000000, 0.00000876
-0.37500000, -0.37500000, 0.75000000, 0.00001835
-0.28125000, -0.46875000, 0.75000000, 0.00001739
-0.18750000, -0.56250000, 0.75000000, 0.00002289
-0.09375000, -0.65625000, 0.75000000, 0.00001778
0.00000000, -0.75000000, 0.75000000, 0.00001663
0.09375000, -0.75000000, 0.65625000, 0.00008661
0.18750000, -0.75000000, 0.56250000, 0.00006914
0.28125000, -0.75000000, 0.46875000, 0.00008854
0.37500000, -0.75000000, 0.37500000, 0.00014543
0.46875000, -0.75000000, 0.28125000, 0.00009272
0.56250000, -0.75000000, 0.18750000, -0.00001743
0.65625000, -0.75000000, 0.09375000, -0.00015402
0.75000000, -0.75000000, 0.00000000, -0.00010896
0.75000000, -0.65625000, -0.09375000, 0.00002556
0.75000000, -0.56250000, -0.18750000, 0.00006040
0.75000000, -0.46875000, -0.28125000, 0.00007003
0.75000000, -0.37500000, -0.37500000, 0.00006679
0.75000000, -0.28125000, -0.46875000, 0.00003562
0.75000000, -0.18750000, -0.56250000, 0.00001105
0.75000000, -0.09375000, -0.65625000, -0.00001352
0.80000000, 0.00000000, -0.80000000, -0.00001702
0.70000000, 0.10000000, -0.80000000, -0.00000830
0.60000000, 0.20000000, -0.80000000, -0.00000783
0.50000000, 0.30000000, -0.80000000, -0.00000533
0.40000000, 0.40000000, -0.80000000, -0.00001542
0.30000000, 0.50000000, -0.80000000, -0.00002046
0.20000000, 0.60000000, -0.80000000, -0.00003089
0.10000000, 0.70000000, -0.80000000, -0.00002707
0.00000000, 0.80000000, -0.80000000, -0.00000854
-0.10000000, 0.80000000, -0.70000000, -0.00003074
-0.20000000, 0.80000000, -0.60000000, -0.00003155
-0.30000000, 0.80000000, -0.50000000, -0.00004595
-0.40000000, 0.80000000, -0.40000000, -0.00007428
-0.50000000, 0.80000000, -0.30000000, -0.00001206
-0.60000000, 0.80000000, -0.20000000, 0.00005342
-0.70000000, 0.80000000, -0.10000000, 0.00012381
-0.80000000, 0.80000000, 0.00000000, 0.00008418
-0.80000000, 0.70000000, 0.10000000, 0.00000696
-0.80000000, 0.60000000, 0.20000000, -0.00001032
-0.80000000, 0.50000000, 0.30000000, -0.00001612
-0.80000000, 0.40000000, 0.40000000, -0.00001916
-0.80000000, 0.30000000, 0.50000000, 0.00000231
-0.80000000, 0.20000000, 0.60000000, 0.00001356
-0.80000000, 0.10000000, 0.70000000, 0.00002665
-0.80000000, 0.00000000, 0.80000000, 0.00001702
-0.70000000, -0.10000000, 0.80000000, 0.00000830
-0.60000000, -0.20000000, 0.80000000, 0.00000783
-0.50000000, -0.30000000, 0.80000000, 0.00000533
-0.40000000, -0.40000000, 0.80000000, 0.00001542
-0.30000000, -0.50000000, 0.80000000, 0.00002046
-0.20000000, -0.60000000, 0.80000000, 0.00003089
-0.10000000, -0.70000000, 0.80000000, 0.00002707
0.00000000, -0.80000000, 0.80000000, 0.00000854
0.10000000, -0.80000000, 0.70000000, 0.00003074
0.20000000, -0.80000000, 0.60000000, 0.00003155
0.30000000, -0.80000000, 0.50000000, 0.00004595
0.40000000, -0.80000000, 0.40000000, 0.00007428
0.50000000, -0.80000000, 0.30000000, 0.00001206
0.60000000, -0.80000000, 0.20000000, -0.00005342
0.70000000, -0.80000000, 0.10000000, -0.00012381
0.80000000, -0.80000000, 0.00000000, -0.00008418
0.80000000, -0.70000000, -0.10000000, -0.00000696
0.80000000, -0.60000000, -0.20000000, 0.00001032
0.80000000, -0.50000000, -0.30000000, 0.00001612
0.80000000, -0.40000000, -0.40000000, 0.00001916
0.80000000, -0.30000000, -0.50000000, -0.00000231
0.80000000, -0.20000000, -0.60000000, -0.00001356
0.80000000, -0.10000000, -0.70000000, -0.00002665
0.85000000, 0.00000000, -0.85000000, 0.00001364
0.74375000, 0.10625000, -0.85000000, 0.00000423
0.63750000, 0.21250000, -0.85000000, 0.00000123
0.53125000, 0.31875000, -0.85000000, -0.00000453
0.42500000, 0.42500000, -0.85000000, -0.00000041
0.31875000, 0.53125000, -0.85000000, 0.00000187
0.21250000, 0.63750000, -0.85000000, 0.00001141
0.10625000, 0.74375000, -0.85000000, 0.00001183
0.00000000, 0.85000000, -0.85000000, -0.00000134
-0.10625000, 0.85000000, -0.74375000, -0.00000745
-0.21250000, 0.85000000, -0.63750000, 0.00000158
-0.31875000, 0.85000000, -0.53125000, 0.00001395
-0.42500000, 0.85000000, -0.42500000, 0.00000404
-0.53125000, 0.85000000, -0.31875000, -0.00004289
-0.63750000, 0.85000000, -0.21250000, -0.00004065
-0.74375000, 0.85000000, -0.10625000, -0.00005983
-0.85000000, 0.85000000, 0.00000000, -0.00007542
-0.85000000, 0.74375000, 0.10625000, -0.00001373
-0.85000000, 0.63750000, 0.21250000, -0.00000555
-0.85000000, 0.53125000, 0.31875000, -0.00000410
-0.85000000, 0.42500000, 0.42500000, -0.00000087
-0.85000000, 0.31875000, 0.53125000, -0.00000806
-0.85000000, 0.21250000, 0.63750000, -0.00000932
-0.85000000, 0.10625000, 0.74375000, -0.00001457
-0.85000000, 0.00000000, 0.85000000, -0.00001364
-0.74375000, -0.10625000, 0.85000000, -0.00000423
-0.63750000, -0.21250000, 0.85000000, -0.00000123
-0.53125000, -0.31875000, 0.85000000, 0.00000453
-0.42500000, -0.42500000, 0.85000000, 0.00000041
-0.31875000, -0.53125000, 0.85000000, -0.00000187
-0.21250000, -0.63750000, 0.85000000, -0.00001141
-0.10625000, -0.74375000, 0.85000000, -0.00001183
0.00000000, -0.85000000, 0.85000000, 0.00000134
0.10625000, -0.85000000, 0.74375000, 0.00000745
0.21250000, -0.85000000, 0.63750000, -0.00000158
0.31875000, -0.85000000, 0.53125000, -0.00001395
0.42500000, -0.85000000, 0.42500000, -0.00000404
0.53125000, -0.85000000, 0.31875000, 0.00004289
0.63750000, -0.85000000, 0.21250000, 0.00004065
0.74375000, -0.85000000, 0.10625000, 0.00005983
0.85000000, -0.85000000, 0.00000000, 0.00007542
0.85000000, -0.74375000, -0.10625000, 0.00001373
0.85000000, -0.63750000, -0.21250000, 0.00000555
0.85000000, -0.53125000, -0.31875000, 0.00000410
0.85000000, -0.42500000, -0.42500000, 0.00000087
0.85000000, -0.31875000, -0.53125000, 0.00000806
0.85000000, -0.21250000, -0.63750000, 0.00000932
0.85000000, -0.10625000, -0.74375000, 0.00001457
0.90000000, 0.00000000, -0.90000000, 0.00001050
0.78750000, 0.11250000, -0.90000000, 0.00000442
0.67500000, 0.22500000, -0.90000000, 0.00000221
0.56250000, 0.33750000, -0.90000000, -0.00000198
0.45000000, 0.45000000, -0.90000000, 0.00000254
0.33750000, 0.56250000, -0.90000000, 0.00000604
0.22500000, 0.67500000, -0.90000000, 0.00001452
0.11250000, 0.78750000, -0.90000000, 0.00001425
0.00000000, 0.90000000, -0.90000000, 0.00000183
-0.11250000, 0.90000000, -0.78750000, -0.00000141
-0.22500000, 0.90000000, -0.67500000, 0.00000596
-0.33750000, 0.90000000, -0.56250000, 0.00001543
-0.45000000, 0.90000000, -0.45000000, 0.00001387
-0.56250000, 0.90000000, -0.33750000, -0.00002796
-0.67500000, 0.90000000, -0.22500000, -0.00003860
-0.78750000, 0.90000000, -0.11250000, -0.00005886
-0.90000000, 0.90000000, 0.00000000, -0.00004922
-0.90000000, 0.78750000, 0.11250000, -0.00000932
-0.90000000, 0.67500000, 0.22500000, -0.00000249
-0.90000000, 0.56250000, 0.33750000, -0.00000086
-0.90000000, 0.45000000, 0.45000000, 0.00000173
-0.90000000, 0.33750000, 0.56250000, -0.00000829
-0.90000000, 0.22500000, 0.67500000, -0.00001157
-0.90000000, 0.11250000, 0.78750000, -0.00001721
-0.90000000, 0.00000000, 0.90000000, -0.00001050
-0.78750000, -0.11250000, 0.90000000, -0.00000442
-0.67500000, -0.22500000, 0.90000000, -0.00000221
-0.56250000, -0.33750000, 0.90000000, 0.00000198
-0.45000000, -0.45000000, 0.90000000, -0.00000254
-0.33750000, -0.56250000, 0.90000000, -0.00000604
-0.22500000, -0.67500000, 0.90000000, -0.00001452
-0.11250000, -0.78750000, 0.90000000, -0.00001425
0.00000000, -0.90000000, 0.90000000, -0.00000183
0.11250000, -0.90000000, 0.78750000, 0.00000141
0.22500000, -0.90000000, 0.67500000, -0.00000596
0.33750000, -0.90000000, 0.56250000, -0.00001543
0.45000000, -0.90000000, 0.45000000, -0.00001387
0.56250000, -0.90000000, 0.33750000, 0.00002796
0.67500000, -0.90000000, 0.22500000, 0.00003860
0.78750000, -0.90000000, 0.11250000, 0.00005886
0.90000000, -0.90000000, 0.00000000, 0.00004922
0.90000000, -0.78750000, -0.11250000, 0.00000932
0.90000000, -0.67500000, -0.22500000, 0.00000249
0.90000000, -0.56250000, -0.33750000, 0.00000086
0.90000000, -0.45000000, -0.45000000, -0.00000173
0.90000000, -0.33750000, -0.56250000, 0.00000829
0.90000000, -0.22500000, -0.67500000, 0.00001157
0.90000000, -0.11250000, -0.78750000, 0.00001721
0.95000000, 0.00000000, -0.95000000, -0.00001333
0.83125000, 0.11875000, -0.95000000, -0.00000498
0.71250000, 0.23750000, -0.95000000, -0.00000263
0.59375000, 0.35625000, -0.95000000, 0.00000177
0.47500000, 0.47500000, -0.95000000, -0.00000314
0.35625000, 0.59375000, -0.95000000, -0.00000618
0.23750000, 0.71250000, -0.95000000, -0.00001492
0.11875000, 0.83125000, -0.95000000, -0.00001452
0.00000000, 0.95000000, -0.95000000, -0.00000067
-0.11875000, 0.95000000, -0.83125000, -0.00000051
-0.23750000, 0.95000000, -0.71250000, -0.00000770
-0.35625000, 0.95000000, -0.59375000, -0.00001856
-0.47500000, 0.95000000, -0.47500000, -0.00001887
-0.59375000, 0.95000000, -0.35625000, 0.00002770
-0.71250000, 0.95000000, -0.23750000, 0.00004197
-0.83125000, 0.95000000, -0.11875000, 0.00006873
-0.95000000, 0.95000000, 0.00000000, 0.00007185
-0.95000000, 0.83125000, 0.11875000, 0.00001192
-0.95000000, 0.71250000, 0.23750000, 0.00000295
-0.95000000, 0.59375000, 0.35625000, 0.00000068
-0.95000000, 0.47500000, 0.47500000, -0.00000230
-0.95000000, 0.35625000, 0.59375000, 0.00000732
-0.95000000, 0.23750000, 0.71250000, 0.00001053
-0.95000000, 0.11875000, 0.83125000, 0.00001672
-0.95000000, 0.00000000, 0.95000000, 0.00001333
-0.83125000, -0.11875000, 0.95000000, 0.00000498
-0.71250000, -0.23750000, 0.95000000, 0.00000263
-0.59375000, -0.35625000, 0.95000000, -0.00000177
-0.47500000, -0.47500000, 0.95000000, 0.00000314
-0.35625000, -0.59375000, 0.95000000, 0.00000618
-0.23750000, -0.71250000, 0.95000000, 0.00001492
-0.11875000, -0.83125000, 0.95000000, 0.00001452
0.00000000, -0.95000000, 0.95000000, 0.00000067
0.11875000, -0.95000000, 0.83125000, 0.00000051
0.23750000, -0.95000000, 0.71250000, 0.00000770
0.35625000, -0.95000000, 0.59375000, 0.00001856
0.47500000, -0.95000000, 0.47500000, 0.00001887
0.59375000, -0.95000000, 0.35625000, -0.00002770
0.71250000, -0.95000000, 0.23750000, -0.00004197
0.83125000, -0.95000000, 0.11875000, -0.00006873
0.95000000, -0.95000000, 0.00000000, -0.00007185
0.95000000, -0.83125000, -0.11875000, -0.00001192
0.95000000, -0.71250000, -0.23750000, -0.00000295
0.95000000, -0.59375000, -0.35625000, -0.00000068
0.95000000, -0.47500000, -0.47500000, 0.00000230
0.95000000, -0.35625000, -0.59375000, -0.00000732
0.95000000, -0.23750000, -0.71250000, -0.00001053
0.95000000, -0.11875000, -0.83125000, -0.00001672
1.00000000, 0.00000000, -1.00000000, 0.00000000
0.87500000, 0.12500000, -1.00000000, 0.00000000
0.75000000, 0.25000000, -1.00000000, 0.00000000
0.62500000, 0.37500000, -1.00000000, 0.00000000
0.50000000, 0.50000000, -1.00000000, 0.00000000
0.37500000, 0.62500000, -1.00000000, 0.00000000
0.25000000, 0.75000000, -1.00000000, 0.00000000
0.12500000, 0.87500000, -1.00000000, 0.00000000
0.00000000, 1.00000000, -1.00000000, 0.00000000
-0.12500000, 1.00000000, -0.87500000, 0.00000000
-0.25000000, 1.00000000, -0.75000000, 0.00000000
-0.37500000, 1.00000000, -0.62500000, 0.00000000
-0.50000000, 1.00000000, -0.50000000, 0.00000000
-0.62500000, 1.00000000, -0.37500000, 0.00000000
-0.75000000, 1.00000000, -0.25000000, 0.00000000
-0.87500000, 1.00000000, -0.12500000, 0.00000000
-1.00000000, 1.00000000, 0.00000000, 0.00000000
-1.00000000, 0.87500000, 0.12500000, 0.00000000
-1.00000000, 0.75000000, 0.25000000, 0.00000000
-1.00000000, 0.62500000, 0.37500000, 0.00000000
-1.00000000, 0.50000000, 0.50000000, 0.00000000
-1.00000000, 0.37500000, 0.62500000, 0.00000000
-1.00000000, 0.25000000, 0.75000000, 0.00000000
-1.00000000, 0.12500000, 0.87500000, 0.00000000
-1.00000000, 0.00000000, 1.00000000, 0.00000000
-0.87500000, -0.12500000, 1.00000000, 0.00000000
-0.75000000, -0.25000000, 1.00000000, 0.00000000
-0.62500000, -0.37500000, 1.00000000, 0.00000000
-0.50000000, -0.50000000, 1.00000000, 0.00000000
-0.37500000, -0.62500000, 1.00000000, 0.00000000
-0.25000000, -0.75000000, 1.00000000, 0.00000000
-0.12500000, -0.87500000, 1.00000000, 0.00000000
0.00000000, -1.00000000, 1.00000000, 0.00000000
0.12500000, -1.00000000, 0.87500000, 0.00000000
0.25000000, -1.00000000, 0.75000000, 0.00000000
0.37500000, -1.00000000, 0.62500000, 0.00000000
0.50000000, -1.00000000, 0.50000000, 0.00000000
0.62500000, -1.00000000, 0.37500000, 0.00000000
0.75000000, -1.00000000, 0.25000000, 0.00000000
0.87500000, -1.00000000, 0.12500000, 0.00000000
1.00000000, -1.00000000, 0.00000000, 0.00000000
1.00000000, -0.87500000, -0.12500000, 0.00000000
1.00000000, -0.75000000, -0.25000000, 0.00000000
1.00000000, -0.62500000, -0.37500000, 0.00000000
1.00000000, -0.50000000, -0.50000000, 0.00000000
1.00000000, -0.37500000, -0.62500000, 0.00000000
1.00000000, -0.25000000, -0.75000000, 0.00000000
1.00000000, -0.12500000, -0.87500000, 0.00000000
