0.01000000, 0.00000000, -0.01000000, 0.04644947
0.00000000, 0.01000000, -0.01000000, 0.15089789
-0.00125000, 0.01000000, -0.00875000, 0.16348316
-0.00250000, 0.01000000, -0.00750000, 0.11740145
-0.00375000, 0.01000000, -0.00625000, 0.04573547
-0.00500000, 0.01000000, -0.00500000, -0.03153680
-0.00625000, 0.01000000, -0.00375000, -0.11224555
-0.00750000, 0.01000000, -0.00250000, -0.17308524
-0.00875000, 0.01000000, -0.00125000, -0.21416892
-0.01000000, 0.01000000, 0.00000000, -0.17715731
-0.01000000, 0.00875000, 0.00125000, -0.12006135
-0.01000000, 0.00750000, 0.00250000, -0.09645296
-0.01000000, 0.00625000, 0.00375000, -0.08190501
-0.01000000, 0.00500000, 0.00500000, -0.07043679
-0.01000000, 0.00375000, 0.00625000, -0.06284008
-0.01000000, 0.00250000, 0.00750000, -0.05496603
-0.01000000, 0.00125000, 0.00875000, -0.05044143
-0.01000000, 0.00000000, 0.01000000, -0.04644947
0.00000000, -0.01000000, 0.01000000, -0.15089789
0.00125000, -0.01000000, 0.00875000, -0.16348316
0.00250000, -0.01000000, 0.00750000, -0.11740145
0.00375000, -0.01000000, 0.00625000, -0.04573547
0.00500000, -0.01000000, 0.00500000, 0.03153680
0.00625000, -0.01000000, 0.00375000, 0.11224555
0.00750000, -0.01000000, 0.00250000, 0.17308524
0.00875000, -0.01000000, 0.00125000, 0.21416892
0.01000000, -0.01000000, 0.00000000, 0.17715731
0.01000000, -0.00875000, -0.00125000, 0.12006135
0.01000000, -0.00750000, -0.00250000, 0.09645296
0.01000000, -0.00625000, -0.00375000, 0.08190501
0.01000000, -0.00500000, -0.00500000, 0.07043679
0.01000000, -0.00375000, -0.00625000, 0.06284008
0.01000000, -0.00250000, -0.00750000, 0.05496603
0.01000000, -0.00125000, -0.00875000, 0.05044143
0.02000000, 0.00000000, -0.02000000, 0.01442956
0.01750000, 0.00250000, -0.02000000, 0.01702125
0.01500000, 0.00500000, -0.02000000, 0.02000128
0.01250000, 0.00750000, -0.02000000, 0.02372427
0.01000000, 0.01000000, -0.02000000, 0.02733126
0.00750000, 0.01250000, -0.02000000, 0.03174825
0.00500000, 0.01500000, -0.02000000, 0.03665734
0.00250000, 0.01750000, -0.02000000, 0.04334512
0.00000000, 0.02000000, -0.02000000, 0.05978370
-0.00250000, 0.02000000, -0.01750000, 0.06379607
-0.00500000, 0.02000000, -0.01500000, 0.04214769
-0.00750000, 0.02000000, -0.01250000, 0.00948875
-0.01000000, 0.02000000, -0.01000000, -0.02491900
-0.01250000, 0.02000000, -0.00750000, -0.05973243
-0.01500000, 0.02000000, -0.00500000, -0.08826530
-0.01750000, 0.02000000, -0.00250000, -0.10398132
-0.02000000, 0.02000000, 0.00000000, -0.08553839
-0.02000000, 0.01750000, 0.00250000, -0.05685422
-0.02000000, 0.01500000, 0.00500000, -0.04429260
-0.02000000, 0.01250000, 0.00750000, -0.03606697
-0.02000000, 0.01000000, 0.01000000, -0.02946045
-0.02000000, 0.00750000, 0.01250000, -0.02447409
-0.02000000, 0.00500000, 0.01500000, -0.02035805
-0.02000000, 0.00250000, 0.01750000, -0.01703305
-0.02000000, 0.00000000, 0.02000000, -0.01442956
-0.01750000, -0.00250000, 0.02000000, -0.01702125
-0.01500000, -0.00500000, 0.02000000, -0.02000128
-0.01250000, -0.00750000, 0.02000000, -0.02372427
-0.01000000, -0.01000000, 0.02000000, -0.02733126
-0.00750000, -0.01250000, 0.02000000, -0.03174825
-0.00500000, -0.01500000, 0.02000000, -0.03665734
-0.00250000, -0.01750000, 0.02000000, -0.04334512
0.00000000, -0.02000000, 0.02000000, -0.05978370
0.00250000, -0.02000000, 0.01750000, -0.06379607
0.00500000, -0.02000000, 0.01500000, -0.04214769
0.00750000, -0.02000000, 0.01250000, -0.00948875
0.01000000, -0.02000000, 0.01000000, 0.02491900
0.01250000, -0.02000000, 0.00750000, 0.05973243
0.01500000, -0.02000000, 0.00500000, 0.08826530
0.01750000, -0.02000000, 0.00250000, 0.10398132
0.02000000, -0.02000000, 0.00000000, 0.08553839
0.02000000, -0.01750000, -0.00250000, 0.05685422
0.02000000, -0.01500000, -0.00500000, 0.04429260
0.02000000, -0.01250000, -0.00750000, 0.03606697
0.02000000, -0.01000000, -0.01000000, 0.02946045
0.02000000, -0.00750000, -0.01250000, 0.02447409
0.02000000, -0.00500000, -0.01500000, 0.02035805
0.02000000, -0.00250000, -0.01750000, 0.01703305
0.03000000, 0.00000000, -0.03000000, 0.00320542
0.02625000, 0.00375000, -0.03000000, 0.00465593
0.02250000, 0.00750000, -0.03000000, 0.00634827
0.01875000, 0.01125000, -0.03000000, 0.00859871
0.01500000, 0.01500000, -0.03000000, 0.01100062
0.01125000, 0.01875000, -0.03000000, 0.01376852
0.00750000, 0.02250000, -0.03000000, 0.01706023
0.00375000, 0.02625000, -0.03000000, 0.02167781
0.00000000, 0.03000000, -0.03000000, 0.03284825
-0.00375000, 0.03000000, -0.02625000, 0.03494391
-0.00750000, 0.03000000, -0.02250000, 0.02044821
-0.01125000, 0.03000000, -0.01875000, -0.00092416
-0.01500000, 0.03000000, -0.01500000, -0.02413873
-0.01875000, 0.03000000, -0.01125000, -0.04638879
-0.02250000, 0.03000000, -0.00750000, -0.06454897
-0.02625000, 0.03000000, -0.00375000, -0.07386807
-0.03000000, 0.03000000, 0.00000000, -0.05980211
-0.03000000, 0.02625000, 0.00375000, -0.03845897
-0.03000000, 0.02250000, 0.00750000, -0.02860598
-0.03000000, 0.01875000, 0.01125000, -0.02179587
-0.03000000, 0.01500000, 0.01500000, -0.01647039
-0.03000000, 0.01125000, 0.01875000, -0.01219222
-0.03000000, 0.00750000, 0.02250000, -0.00858805
-0.03000000, 0.00375000, 0.02625000, -0.00561021
-0.03000000, 0.00000000, 0.03000000, -0.00320542
-0.02625000, -0.00375000, 0.03000000, -0.00465593
-0.02250000, -0.00750000, 0.03000000, -0.00634827
-0.01875000, -0.01125000, 0.03000000, -0.00859871
-0.01500000, -0.01500000, 0.03000000, -0.01100062
-0.01125000, -0.01875000, 0.03000000, -0.01376852
-0.00750000, -0.02250000, 0.03000000, -0.01706023
-0.00375000, -0.02625000, 0.03000000, -0.02167781
0.00000000, -0.03000000, 0.03000000, -0.03284825
0.00375000, -0.03000000, 0.02625000, -0.03494391
0.00750000, -0.03000000, 0.02250000, -0.02044821
0.01125000, -0.03000000, 0.01875000, 0.00092416
0.01500000, -0.03000000, 0.01500000, 0.02413873
0.01875000, -0.03000000, 0.01125000, 0.04638879
0.02250000, -0.03000000, 0.00750000, 0.06454897
0.02625000, -0.03000000, 0.00375000, 0.07386807
0.03000000, -0.03000000, 0.00000000, 0.05980211
0.03000000, -0.02625000, -0.00375000, 0.03845897
0.03000000, -0.02250000, -0.00750000, 0.02860598
0.03000000, -0.01875000, -0.01125000, 0.02179587
0.03000000, -0.01500000, -0.01500000, 0.01647039
0.03000000, -0.01125000, -0.01875000, 0.01219222
0.03000000, -0.00750000, -0.02250000, 0.00858805
0.03000000, -0.00375000, -0.02625000, 0.00561021
0.04000000, 0.00000000, -0.04000000, -0.00319048
0.03500000, 0.00500000, -0.04000000, -0.00233113
0.03000000, 0.01000000, -0.04000000, -0.00120783
0.02500000, 0.01500000, -0.04000000, 0.00024592
0.02000000, 0.02000000, -0.04000000, 0.00195580
0.01500000, 0.02500000, -0.04000000, 0.00406283
0.01000000, 0.03000000, -0.04000000, 0.00666080
0.00500000, 0.03500000, -0.04000000, 0.01045229
0.00000000, 0.04000000, -0.04000000, 0.01950618
-0.00500000, 0.04000000, -0.03500000, 0.02119252
-0.01000000, 0.04000000, -0.03000000, 0.00983394
-0.01500000, 0.04000000, -0.02500000, -0.00633053
-0.02000000, 0.04000000, -0.02000000, -0.02404414
-0.02500000, 0.04000000, -0.01500000, -0.04091621
-0.03000000, 0.04000000, -0.01000000, -0.05438284
-0.03500000, 0.04000000, -0.00500000, -0.06071034
-0.04000000, 0.04000000, 0.00000000, -0.04811867
-0.04000000, 0.03500000, 0.00500000, -0.02973668
-0.04000000, 0.03000000, 0.01000000, -0.02086495
-0.04000000, 0.02500000, 0.01500000, -0.01461775
-0.04000000, 0.02000000, 0.02000000, -0.00967642
-0.04000000, 0.01500000, 0.02500000, -0.00564547
-0.04000000, 0.01000000, 0.03000000, -0.00221309
-0.04000000, 0.00500000, 0.03500000, 0.00071906
-0.04000000, 0.00000000, 0.04000000, 0.00319048
-0.03500000, -0.00500000, 0.04000000, 0.00233113
-0.03000000, -0.01000000, 0.04000000, 0.00120783
-0.02500000, -0.01500000, 0.04000000, -0.00024592
-0.02000000, -0.02000000, 0.04000000, -0.00195580
-0.01500000, -0.02500000, 0.04000000, -0.00406283
-0.01000000, -0.03000000, 0.04000000, -0.00666080
-0.00500000, -0.03500000, 0.04000000, -0.01045229
0.00000000, -0.04000000, 0.04000000, -0.01950618
0.00500000, -0.04000000, 0.03500000, -0.02119252
0.01000000, -0.04000000, 0.03000000, -0.00983394
0.01500000, -0.04000000, 0.02500000, 0.00633053
0.02000000, -0.04000000, 0.02000000, 0.02404414
0.02500000, -0.04000000, 0.01500000, 0.04091621
0.03000000, -0.04000000, 0.01000000, 0.05438284
0.03500000, -0.04000000, 0.00500000, 0.06071034
0.04000000, -0.04000000, 0.00000000, 0.04811867
0.04000000, -0.03500000, -0.00500000, 0.02973668
0.04000000, -0.03000000, -0.01000000, 0.02086495
0.04000000, -0.02500000, -0.01500000, 0.01461775
0.04000000, -0.02000000, -0.02000000, 0.00967642
0.04000000, -0.01500000, -0.02500000, 0.00564547
0.04000000, -0.01000000, -0.03000000, 0.00221309
0.04000000, -0.00500000, -0.03500000, -0.00071906
0.05000000, 0.00000000, -0.05000000, -0.00770530
0.04375000, 0.00625000, -0.05000000, -0.00722785
0.03750000, 0.01250000, -0.05000000, -0.00654202
0.03125000, 0.01875000, -0.05000000, -0.00555981
0.02500000, 0.02500000, -0.05000000, -0.00430577
0.01875000, 0.03125000, -0.05000000, -0.00266442
0.01250000, 0.03750000, -0.05000000, -0.00047913
0.00625000, 0.04375000, -0.05000000, 0.00286691
0.00000000, 0.05000000, -0.05000000, 0.01092826
-0.00625000, 0.05000000, -0.04375000, 0.01272918
-0.01250000, 0.05000000, -0.03750000, 0.00343465
-0.01875000, 0.05000000, -0.03125000, -0.00987144
-0.02500000, 0.05000000, -0.02500000, -0.02443366
-0.03125000, 0.05000000, -0.01875000, -0.03812186
-0.03750000, 0.05000000, -0.01250000, -0.04886976
-0.04375000, 0.05000000, -0.00625000, -0.05337634
-0.05000000, 0.05000000, 0.00000000, -0.04141282
-0.05000000, 0.04375000, 0.00625000, -0.02449377
-0.05000000, 0.03750000, 0.01250000, -0.01607850
-0.05000000, 0.03125000, 0.01875000, -0.01007616
-0.05000000, 0.02500000, 0.02500000, -0.00526636
-0.05000000, 0.01875000, 0.03125000, -0.00128471
-0.05000000, 0.01250000, 0.03750000, 0.00213901
-0.05000000, 0.00625000, 0.04375000, 0.00513277
-0.05000000, 0.00000000, 0.05000000, 0.00770530
-0.04375000, -0.00625000, 0.05000000, 0.00722785
-0.03750000, -0.01250000, 0.05000000, 0.00654202
-0.03125000, -0.01875000, 0.05000000, 0.00555981
-0.02500000, -0.02500000, 0.05000000, 0.00430577
-0.01875000, -0.03125000, 0.05000000, 0.00266442
-0.01250000, -0.03750000, 0.05000000, 0.00047913
-0.00625000, -0.04375000, 0.05000000, -0.00286691
0.00000000, -0.05000000, 0.05000000, -0.01092826
0.00625000, -0.05000000, 0.04375000, -0.01272918
0.01250000, -0.05000000, 0.03750000, -0.00343465
0.01875000, -0.05000000, 0.03125000, 0.00987144
0.02500000, -0.05000000, 0.02500000, 0.02443366
0.03125000, -0.05000000, 0.01875000, 0.03812186
0.03750000, -0.05000000, 0.01250000, 0.04886976
0.04375000, -0.05000000, 0.00625000, 0.05337634
0.05000000, -0.05000000, 0.00000000, 0.04141282
0.05000000, -0.04375000, -0.00625000, 0.02449377
0.05000000, -0.03750000, -0.01250000, 0.01607850
0.05000000, -0.03125000, -0.01875000, 0.01007616
0.05000000, -0.02500000, -0.02500000, 0.00526636
0.05000000, -0.01875000, -0.03125000, 0.00128471
0.05000000, -0.01250000, -0.03750000, -0.00213901
0.05000000, -0.00625000, -0.04375000, -0.00513277
0.06000000, 0.00000000, -0.06000000, -0.01124339
0.05250000, 0.00750000, -0.06000000, -0.01109923
0.04500000, 0.01500000, -0.06000000, -0.01077284
0.03750000, 0.02250000, -0.06000000, -0.01017371
0.03000000, 0.03000000, -0.06000000, -0.00928477
0.02250000, 0.03750000, -0.06000000, -0.00796658
0.01500000, 0.04500000, -0.06000000, -0.00607443
0.00750000, 0.05250000, -0.06000000, -0.00301999
0.00000000, 0.06000000, -0.06000000, 0.00446885
-0.00750000, 0.06000000, -0.05250000, 0.00670435
-0.01500000, 0.06000000, -0.04500000, -0.00109284
-0.02250000, 0.06000000, -0.03750000, -0.01245766
-0.03000000, 0.06000000, -0.03000000, -0.02490966
-0.03750000, 0.06000000, -0.02250000, -0.03665384
-0.04500000, 0.06000000, -0.01500000, -0.04561784
-0.05250000, 0.06000000, -0.00750000, -0.04890240
-0.06000000, 0.06000000, 0.00000000, -0.03703899
-0.06000000, 0.05250000, 0.00750000, -0.02088283
-0.06000000, 0.04500000, 0.01500000, -0.01268802
-0.06000000, 0.03750000, 0.02250000, -0.00677446
-0.06000000, 0.03000000, 0.03000000, -0.00200617
-0.06000000, 0.02250000, 0.03750000, 0.00195549
-0.06000000, 0.01500000, 0.04500000, 0.00542548
-0.06000000, 0.00750000, 0.05250000, 0.00848659
-0.06000000, 0.00000000, 0.06000000, 0.01124339
-0.05250000, -0.00750000, 0.06000000, 0.01109923
-0.04500000, -0.01500000, 0.06000000, 0.01077284
-0.03750000, -0.02250000, 0.06000000, 0.01017371
-0.03000000, -0.03000000, 0.06000000, 0.00928477
-0.02250000, -0.03750000, 0.06000000, 0.00796658
-0.01500000, -0.04500000, 0.06000000, 0.00607443
-0.00750000, -0.05250000, 0.06000000, 0.00301999
0.00000000, -0.06000000, 0.06000000, -0.00446885
0.00750000, -0.06000000, 0.05250000, -0.00670435
0.01500000, -0.06000000, 0.04500000, 0.00109284
0.02250000, -0.06000000, 0.03750000, 0.01245766
0.03000000, -0.06000000, 0.03000000, 0.02490966
0.03750000, -0.06000000, 0.02250000, 0.03665384
0.04500000, -0.06000000, 0.01500000, 0.04561784
0.05250000, -0.06000000, 0.00750000, 0.04890240
0.06000000, -0.06000000, 0.00000000, 0.03703899
0.06000000, -0.05250000, -0.00750000, 0.02088283
0.06000000, -0.04500000, -0.01500000, 0.01268802
0.06000000, -0.03750000, -0.02250000, 0.00677446
0.06000000, -0.03000000, -0.03000000, 0.00200617
0.06000000, -0.02250000, -0.03750000, -0.00195549
0.06000000, -0.01500000, -0.04500000, -0.00542548
0.06000000, -0.00750000, -0.05250000, -0.00848659
0.07000000, 0.00000000, -0.07000000, -0.01425046
0.06125000, 0.00875000, -0.07000000, -0.01438924
0.05250000, 0.01750000, -0.07000000, -0.01436634
0.04375000, 0.02625000, -0.07000000, -0.01411487
0.03500000, 0.03500000, -0.07000000, -0.01357526
0.02625000, 0.04375000, -0.07000000, -0.01258505
0.01750000, 0.05250000, -0.07000000, -0.01098501
0.00875000, 0.06125000, -0.07000000, -0.00815817
0.00000000, 0.07000000, -0.07000000, -0.00094806
-0.00875000, 0.07000000, -0.06125000, 0.00191093
-0.01750000, 0.07000000, -0.05250000, -0.00474126
-0.02625000, 0.07000000, -0.04375000, -0.01464801
-0.03500000, 0.07000000, -0.03500000, -0.02554819
-0.04375000, 0.07000000, -0.02625000, -0.03573944
-0.05250000, 0.07000000, -0.01750000, -0.04334269
-0.06125000, 0.07000000, -0.00875000, -0.04563756
-0.07000000, 0.07000000, 0.00000000, -0.03372371
-0.07000000, 0.06125000, 0.00875000, -0.01810709
-0.07000000, 0.05250000, 0.01750000, -0.01002496
-0.07000000, 0.04375000, 0.02625000, -0.00416368
-0.07000000, 0.03500000, 0.03500000, 0.00059954
-0.07000000, 0.02625000, 0.04375000, 0.00460774
-0.07000000, 0.01750000, 0.05250000, 0.00814562
-0.07000000, 0.00875000, 0.06125000, 0.01130884
-0.07000000, 0.00000000, 0.07000000, 0.01425046
-0.06125000, -0.00875000, 0.07000000, 0.01438924
-0.05250000, -0.01750000, 0.07000000, 0.01436634
-0.04375000, -0.02625000, 0.07000000, 0.01411487
-0.03500000, -0.03500000, 0.07000000, 0.01357526
-0.02625000, -0.04375000, 0.07000000, 0.01258505
-0.01750000, -0.05250000, 0.07000000, 0.01098501
-0.00875000, -0.06125000, 0.07000000, 0.00815817
0.00000000, -0.07000000, 0.07000000, 0.00094806
0.00875000, -0.07000000, 0.06125000, -0.00191093
0.01750000, -0.07000000, 0.05250000, 0.00474126
0.02625000, -0.07000000, 0.04375000, 0.01464801
0.03500000, -0.07000000, 0.03500000, 0.02554819
0.04375000, -0.07000000, 0.02625000, 0.03573944
0.05250000, -0.07000000, 0.01750000, 0.04334269
0.06125000, -0.07000000, 0.00875000, 0.04563756
0.07000000, -0.07000000, 0.00000000, 0.03372371
0.07000000, -0.06125000, -0.00875000, 0.01810709
0.07000000, -0.05250000, -0.01750000, 0.01002496
0.07000000, -0.04375000, -0.02625000, 0.00416368
0.07000000, -0.03500000, -0.03500000, -0.00059954
0.07000000, -0.02625000, -0.04375000, -0.00460774
0.07000000, -0.01750000, -0.05250000, -0.00814562
0.07000000, -0.00875000, -0.06125000, -0.01130884
0.08000000, 0.00000000, -0.08000000, -0.01691808
0.07000000, 0.01000000, -0.08000000, -0.01730610
0.06000000, 0.02000000, -0.08000000, -0.01758147
0.05000000, 0.03000000, -0.08000000, -0.01766814
0.04000000, 0.04000000, -0.08000000, -0.01747095
0.03000000, 0.05000000, -0.08000000, -0.01681753
0.02000000, 0.06000000, -0.08000000, -0.01550200
0.01000000, 0.07000000, -0.08000000, -0.01287887
0.00000000, 0.08000000, -0.08000000, -0.00580144
-0.01000000, 0.08000000, -0.07000000, -0.00223358
-0.02000000, 0.08000000, -0.06000000, -0.00786826
-0.03000000, 0.08000000, -0.05000000, -0.01657809
-0.04000000, 0.08000000, -0.04000000, -0.02624076
-0.05000000, 0.08000000, -0.03000000, -0.03515708
-0.06000000, 0.08000000, -0.02000000, -0.04166310
-0.07000000, 0.08000000, -0.01000000, -0.04311964
-0.08000000, 0.08000000, 0.00000000, -0.03106802
-0.08000000, 0.07000000, 0.01000000, -0.01581222
-0.08000000, 0.06000000, 0.02000000, -0.00779585
-0.08000000, 0.05000000, 0.03000000, -0.00196566
-0.08000000, 0.04000000, 0.04000000, 0.00281310
-0.08000000, 0.03000000, 0.05000000, 0.00688468
-0.08000000, 0.02000000, 0.06000000, 0.01050247
-0.08000000, 0.01000000, 0.07000000, 0.01379284
-0.08000000, 0.00000000, 0.08000000, 0.01691808
-0.07000000, -0.01000000, 0.08000000, 0.01730610
-0.06000000, -0.02000000, 0.08000000, 0.01758147
-0.05000000, -0.03000000, 0.08000000, 0.01766814
-0.04000000, -0.04000000, 0.08000000, 0.01747095
-0.03000000, -0.05000000, 0.08000000, 0.01681753
-0.02000000, -0.06000000, 0.08000000, 0.01550200
-0.01000000, -0.07000000, 0.08000000, 0.01287887
0.00000000, -0.08000000, 0.08000000, 0.00580144
0.01000000, -0.08000000, 0.07000000, 0.00223358
0.02000000, -0.08000000, 0.06000000, 0.00786826
0.03000000, -0.08000000, 0.05000000, 0.01657809
0.04000000, -0.08000000, 0.04000000, 0.02624076
0.05000000, -0.08000000, 0.03000000, 0.03515708
0.06000000, -0.08000000, 0.02000000, 0.04166310
0.07000000, -0.08000000, 0.01000000, 0.04311964
0.08000000, -0.08000000, 0.00000000, 0.03106802
0.08000000, -0.07000000, -0.01000000, 0.01581222
0.08000000, -0.06000000, -0.02000000, 0.00779585
0.08000000, -0.05000000, -0.03000000, 0.00196566
0.08000000, -0.04000000, -0.04000000, -0.00281310
0.08000000, -0.03000000, -0.05000000, -0.00688468
0.08000000, -0.02000000, -0.06000000, -0.01050247
0.08000000, -0.01000000, -0.07000000, -0.01379284
0.09000000, 0.00000000, -0.09000000, -0.01934239
0.07875000, 0.01125000, -0.09000000, -0.01997331
0.06750000, 0.02250000, -0.09000000, -0.02056155
0.05625000, 0.03375000, -0.09000000, -0.02099077
0.04500000, 0.04500000, -0.09000000, -0.02113497
0.03375000, 0.05625000, -0.09000000, -0.02080804
0.02250000, 0.06750000, -0.09000000, -0.01976213
0.01125000, 0.07875000, -0.09000000, -0.01733223
0.00000000, 0.09000000, -0.09000000, -0.01032943
-0.01125000, 0.09000000, -0.07875000, -0.00599920
-0.02250000, 0.09000000, -0.06750000, -0.01065405
-0.03375000, 0.09000000, -0.05625000, -0.01831029
-0.04500000, 0.09000000, -0.04500000, -0.02691235
-0.05625000, 0.09000000, -0.03375000, -0.03481673
-0.06750000, 0.09000000, -0.02250000, -0.04041190
-0.07875000, 0.09000000, -0.01125000, -0.04115458
-0.09000000, 0.09000000, 0.00000000, -0.02886421
-0.09000000, 0.07875000, 0.01125000, -0.01381734
-0.09000000, 0.06750000, 0.02250000, -0.00584475
-0.09000000, 0.05625000, 0.03375000, -0.00002648
-0.09000000, 0.04500000, 0.04500000, 0.00477577
-0.09000000, 0.03375000, 0.05625000, 0.00889318
-0.09000000, 0.02250000, 0.06750000, 0.01259478
-0.09000000, 0.01125000, 0.07875000, 0.01601682
-0.09000000, 0.00000000, 0.09000000, 0.01934239
-0.07875000, -0.01125000, 0.09000000, 0.01997331
-0.06750000, -0.02250000, 0.09000000, 0.02056155
-0.05625000, -0.03375000, 0.09000000, 0.02099077
-0.04500000, -0.04500000, 0.09000000, 0.02113497
-0.03375000, -0.05625000, 0.09000000, 0.02080804
-0.02250000, -0.06750000, 0.09000000, 0.01976213
-0.01125000, -0.07875000, 0.09000000, 0.01733223
0.00000000, -0.09000000, 0.09000000, 0.01032943
0.01125000, -0.09000000, 0.07875000, 0.00599920
0.02250000, -0.09000000, 0.06750000, 0.01065405
0.03375000, -0.09000000, 0.05625000, 0.01831029
0.04500000, -0.09000000, 0.04500000, 0.02691235
0.05625000, -0.09000000, 0.03375000, 0.03481673
0.06750000, -0.09000000, 0.02250000, 0.04041190
0.07875000, -0.09000000, 0.01125000, 0.04115458
0.09000000, -0.09000000, 0.00000000, 0.02886421
0.09000000, -0.07875000, -0.01125000, 0.01381734
0.09000000, -0.06750000, -0.02250000, 0.00584475
0.09000000, -0.05625000, -0.03375000, 0.00002648
0.09000000, -0.04500000, -0.04500000, -0.00477577
0.09000000, -0.03375000, -0.05625000, -0.00889318
0.09000000, -0.02250000, -0.06750000, -0.01259478
0.09000000, -0.01125000, -0.07875000, -0.01601682
0.10000000, 0.00000000, -0.10000000, -0.02158846
0.08750000, 0.01250000, -0.10000000, -0.02246915
0.07500000, 0.02500000, -0.10000000, -0.02338311
0.06250000, 0.03750000, -0.10000000, -0.02416446
0.05000000, 0.05000000, -0.10000000, -0.02466039
0.03750000, 0.06250000, -0.10000000, -0.02465795
0.02500000, 0.07500000, -0.10000000, -0.02388197
0.01250000, 0.08750000, -0.10000000, -0.02163964
0.00000000, 0.10000000, -0.10000000, -0.01466770
-0.01250000, 0.10000000, -0.08750000, -0.00951968
-0.02500000, 0.10000000, -0.07500000, -0.01322610
-0.03750000, 0.10000000, -0.06250000, -0.01991753
-0.05000000, 0.10000000, -0.05000000, -0.02756536
-0.06250000, 0.10000000, -0.03750000, -0.03461639
-0.07500000, 0.10000000, -0.02500000, -0.03941352
-0.08750000, 0.10000000, -0.01250000, -0.03951946
-0.10000000, 0.10000000, 0.00000000, -0.02692239
-0.10000000, 0.08750000, 0.01250000, -0.01201116
-0.10000000, 0.07500000, 0.02500000, -0.00407449
-0.10000000, 0.06250000, 0.03750000, 0.00173991
-0.10000000, 0.05000000, 0.05000000, 0.00656280
-0.10000000, 0.03750000, 0.06250000, 0.01071256
-0.10000000, 0.02500000, 0.07500000, 0.01449681
-0.10000000, 0.01250000, 0.08750000, 0.01804852
-0.10000000, 0.00000000, 0.10000000, 0.02158846
-0.08750000, -0.01250000, 0.10000000, 0.02246915
-0.07500000, -0.02500000, 0.10000000, 0.02338311
-0.06250000, -0.03750000, 0.10000000, 0.02416446
-0.05000000, -0.05000000, 0.10000000, 0.02466039
-0.03750000, -0.06250000, 0.10000000, 0.02465795
-0.02500000, -0.07500000, 0.10000000, 0.02388197
-0.01250000, -0.08750000, 0.10000000, 0.02163964
0.00000000, -0.10000000, 0.10000000, 0.01466770
0.01250000, -0.10000000, 0.08750000, 0.00951968
0.02500000, -0.10000000, 0.07500000, 0.01322610
0.03750000, -0.10000000, 0.06250000, 0.01991753
0.05000000, -0.10000000, 0.05000000, 0.02756536
0.06250000, -0.10000000, 0.03750000, 0.03461639
0.07500000, -0.10000000, 0.02500000, 0.03941352
0.08750000, -0.10000000, 0.01250000, 0.03951946
0.10000000, -0.10000000, 0.00000000, 0.02692239
0.10000000, -0.08750000, -0.01250000, 0.01201116
0.10000000, -0.07500000, -0.02500000, 0.00407449
0.10000000, -0.06250000, -0.03750000, -0.00173991
0.10000000, -0.05000000, -0.05000000, -0.00656280
0.10000000, -0.03750000, -0.06250000, -0.01071256
0.10000000, -0.02500000, -0.07500000, -0.01449681
0.10000000, -0.01250000, -0.08750000, -0.01804852
0.15000000, 0.00000000, -0.15000000, -0.03103712
0.13125000, 0.01875000, -0.15000000, -0.03335224
0.11250000, 0.03750000, -0.15000000, -0.03607179
0.09375000, 0.05625000, -0.15000000, -0.03882895
0.07500000, 0.07500000, -0.15000000, -0.04134075
0.05625000, 0.09375000, -0.15000000, -0.04322099
0.03750000, 0.11250000, -0.15000000, -0.04400560
0.01875000, 0.13125000, -0.15000000, -0.04269494
0.00000000, 0.15000000, -0.15000000, -0.03525077
-0.01875000, 0.15000000, -0.13125000, -0.02540774
-0.03750000, 0.15000000, -0.11250000, -0.02472892
-0.05625000, 0.15000000, -0.09375000, -0.02714944
-0.07500000, 0.15000000, -0.07500000, -0.03070142
-0.09375000, 0.15000000, -0.05625000, -0.03388060
-0.11250000, 0.15000000, -0.03750000, -0.03523465
-0.13125000, 0.15000000, -0.01875000, -0.03250585
-0.15000000, 0.15000000, 0.00000000, -0.01839314
-0.15000000, 0.13125000, 0.01875000, -0.00415361
-0.15000000, 0.11250000, 0.03750000, 0.00348568
-0.15000000, 0.09375000, 0.05625000, 0.00917296
-0.15000000, 0.07500000, 0.07500000, 0.01396523
-0.15000000, 0.05625000, 0.09375000, 0.01825370
-0.15000000, 0.03750000, 0.11250000, 0.02236079
-0.15000000, 0.01875000, 0.13125000, 0.02650926
-0.15000000, 0.00000000, 0.15000000, 0.03103712
-0.13125000, -0.01875000, 0.15000000, 0.03335224
-0.11250000, -0.03750000, 0.15000000, 0.03607179
-0.09375000, -0.05625000, 0.15000000, 0.03882895
-0.07500000, -0.07500000, 0.15000000, 0.04134075
-0.05625000, -0.09375000, 0.15000000, 0.04322099
-0.03750000, -0.11250000, 0.15000000, 0.04400560
-0.01875000, -0.13125000, 0.15000000, 0.04269494
0.00000000, -0.15000000, 0.15000000, 0.03525077
0.01875000, -0.15000000, 0.13125000, 0.02540774
0.03750000, -0.15000000, 0.11250000, 0.02472892
0.05625000, -0.15000000, 0.09375000, 0.02714944
0.07500000, -0.15000000, 0.07500000, 0.03070142
0.09375000, -0.15000000, 0.05625000, 0.03388060
0.11250000, -0.15000000, 0.03750000, 0.03523465
0.13125000, -0.15000000, 0.01875000, 0.03250585
0.15000000, -0.15000000, 0.00000000, 0.01839314
0.15000000, -0.13125000, -0.01875000, 0.00415361
0.15000000, -0.11250000, -0.03750000, -0.00348568
0.15000000, -0.09375000, -0.05625000, -0.00917296
0.15000000, -0.07500000, -0.07500000, -0.01396523
0.15000000, -0.05625000, -0.09375000, -0.01825370
0.15000000, -0.03750000, -0.11250000, -0.02236079
0.15000000, -0.01875000, -0.13125000, -0.02650926
0.20000000, 0.00000000, -0.20000000, -0.03714767
0.17500000, 0.02500000, -0.20000000, -0.04147331
0.15000000, 0.05000000, -0.20000000, -0.04646508
0.12500000, 0.07500000, -0.20000000, -0.05159356
0.10000000, 0.10000000, -0.20000000, -0.05643755
0.07500000, 0.12500000, -0.20000000, -0.06044902
0.05000000, 0.15000000, -0.20000000, -0.06293409
0.02500000, 0.17500000, -0.20000000, -0.06253493
0.00000000, 0.20000000, -0.20000000, -0.05415115
-0.02500000, 0.20000000, -0.17500000, -0.03968398
-0.05000000, 0.20000000, -0.15000000, -0.03479807
-0.07500000, 0.20000000, -0.12500000, -0.03317384
-0.10000000, 0.20000000, -0.10000000, -0.03289903
-0.12500000, 0.20000000, -0.07500000, -0.03265984
-0.15000000, 0.20000000, -0.05000000, -0.03102516
-0.17500000, 0.20000000, -0.02500000, -0.02598449
-0.20000000, 0.20000000, 0.00000000, -0.01079790
-0.20000000, 0.17500000, 0.02500000, 0.00260541
-0.20000000, 0.15000000, 0.05000000, 0.00970708
-0.20000000, 0.12500000, 0.07500000, 0.01502348
-0.20000000, 0.10000000, 0.10000000, 0.01954341
-0.20000000, 0.07500000, 0.12500000, 0.02367075
-0.20000000, 0.05000000, 0.15000000, 0.02777952
-0.20000000, 0.02500000, 0.17500000, 0.03212772
-0.20000000, 0.00000000, 0.20000000, 0.03714767
-0.17500000, -0.02500000, 0.20000000, 0.04147331
-0.15000000, -0.05000000, 0.20000000, 0.04646508
-0.12500000, -0.07500000, 0.20000000, 0.05159356
-0.10000000, -0.10000000, 0.20000000, 0.05643755
-0.07500000, -0.12500000, 0.20000000, 0.06044902
-0.05000000, -0.15000000, 0.20000000, 0.06293409
-0.02500000, -0.17500000, 0.20000000, 0.06253493
0.00000000, -0.20000000, 0.20000000, 0.05415115
0.02500000, -0.20000000, 0.17500000, 0.03968398
0.05000000, -0.20000000, 0.15000000, 0.03479807
0.07500000, -0.20000000, 0.12500000, 0.03317384
0.10000000, -0.20000000, 0.10000000, 0.03289903
0.12500000, -0.20000000, 0.07500000, 0.03265984
0.15000000, -0.20000000, 0.05000000, 0.03102516
0.17500000, -0.20000000, 0.02500000, 0.02598449
0.20000000, -0.20000000, 0.00000000, 0.01079790
0.20000000, -0.17500000, -0.02500000, -0.00260541
0.20000000, -0.15000000, -0.05000000, -0.00970708
0.20000000, -0.12500000, -0.07500000, -0.01502348
0.20000000, -0.10000000, -0.10000000, -0.01954341
0.20000000, -0.07500000, -0.12500000, -0.02367075
0.20000000, -0.05000000, -0.15000000, -0.02777952
0.20000000, -0.02500000, -0.17500000, -0.03212772
0.25000000, 0.00000000, -0.25000000, -0.03853630
0.21875000, 0.03125000, -0.25000000, -0.04536519
0.18750000, 0.06250000, -0.25000000, -0.05297203
0.15625000, 0.09375000, -0.25000000, -0.06072825
0.12500000, 0.12500000, -0.25000000, -0.06811134
0.09375000, 0.15625000, -0.25000000, -0.07439695
0.06250000, 0.18750000, -0.25000000, -0.07866221
0.03125000, 0.21875000, -0.25000000, -0.07910578
0.00000000, 0.25000000, -0.25000000, -0.06950079
-0.03125000, 0.25000000, -0.21875000, -0.05158249
-0.06250000, 0.25000000, -0.18750000, -0.04317328
-0.09375000, 0.25000000, -0.15625000, -0.03784739
-0.12500000, 0.25000000, -0.12500000, -0.03394065
-0.15625000, 0.25000000, -0.09375000, -0.03036280
-0.18750000, 0.25000000, -0.06250000, -0.02604309
-0.21875000, 0.25000000, -0.03125000, -0.01925662
-0.25000000, 0.25000000, 0.00000000, -0.00410079
-0.25000000, 0.21875000, 0.03125000, 0.00787357
-0.25000000, 0.18750000, 0.06250000, 0.01419701
-0.25000000, 0.15625000, 0.09375000, 0.01886146
-0.25000000, 0.12500000, 0.12500000, 0.02280592
-0.25000000, 0.09375000, 0.15625000, 0.02642638
-0.25000000, 0.06250000, 0.18750000, 0.03006173
-0.25000000, 0.03125000, 0.21875000, 0.03396687
-0.25000000, 0.00000000, 0.25000000, 0.03853630
-0.21875000, -0.03125000, 0.25000000, 0.04536519
-0.18750000, -0.06250000, 0.25000000, 0.05297203
-0.15625000, -0.09375000, 0.25000000, 0.06072825
-0.12500000, -0.12500000, 0.25000000, 0.06811134
-0.09375000, -0.15625000, 0.25000000, 0.07439695
-0.06250000, -0.18750000, 0.25000000, 0.07866221
-0.03125000, -0.21875000, 0.25000000, 0.07910578
0.00000000, -0.25000000, 0.25000000, 0.06950079
0.03125000, -0.25000000, 0.21875000, 0.05158249
0.06250000, -0.25000000, 0.18750000, 0.04317328
0.09375000, -0.25000000, 0.15625000, 0.03784739
0.12500000, -0.25000000, 0.12500000, 0.03394065
0.15625000, -0.25000000, 0.09375000, 0.03036280
0.18750000, -0.25000000, 0.06250000, 0.02604309
0.21875000, -0.25000000, 0.03125000, 0.01925662
0.25000000, -0.25000000, 0.00000000, 0.00410079
0.25000000, -0.21875000, -0.03125000, -0.00787357
0.25000000, -0.18750000, -0.06250000, -0.01419701
0.25000000, -0.15625000, -0.09375000, -0.01886146
0.25000000, -0.12500000, -0.12500000, -0.02280592
0.25000000, -0.09375000, -0.15625000, -0.02642638
0.25000000, -0.06250000, -0.18750000, -0.03006173
0.25000000, -0.03125000, -0.21875000, -0.03396687
0.30000000, 0.00000000, -0.30000000, -0.03473865
0.26250000, 0.03750000, -0.30000000, -0.04399983
0.22500000, 0.07500000, -0.30000000, -0.05415837
0.18750000, 0.11250000, -0.30000000, -0.06445716
0.15000000, 0.15000000, -0.30000000, -0.07425500
0.11250000, 0.18750000, -0.30000000, -0.08268167
0.07500000, 0.22500000, -0.30000000, -0.08858782
0.03750000, 0.26250000, -0.30000000, -0.08978416
0.00000000, 0.30000000, -0.30000000, -0.07906423
-0.03750000, 0.30000000, -0.26250000, -0.05985308
-0.07500000, 0.30000000, -0.22500000, -0.04908906
-0.11250000, 0.30000000, -0.18750000, -0.04071727
-0.15000000, 0.30000000, -0.15000000, -0.03361285
-0.18750000, 0.30000000, -0.11250000, -0.02717791
-0.22500000, 0.30000000, -0.07500000, -0.02076597
-0.26250000, 0.30000000, -0.03750000, -0.01310382
-0.30000000, 0.30000000, 0.00000000, 0.00078072
-0.30000000, 0.26250000, 0.03750000, 0.01100681
-0.30000000, 0.22500000, 0.07500000, 0.01631060
-0.30000000, 0.18750000, 0.11250000, 0.02010982
-0.30000000, 0.15000000, 0.15000000, 0.02322025
-0.30000000, 0.11250000, 0.18750000, 0.02598259
-0.30000000, 0.07500000, 0.22500000, 0.02868081
-0.30000000, 0.03750000, 0.26250000, 0.03150145
-0.30000000, 0.00000000, 0.30000000, 0.03473865
-0.26250000, -0.03750000, 0.30000000, 0.04399983
-0.22500000, -0.07500000, 0.30000000, 0.05415837
-0.18750000, -0.11250000, 0.30000000, 0.06445716
-0.15000000, -0.15000000, 0.30000000, 0.07425500
-0.11250000, -0.18750000, 0.30000000, 0.08268167
-0.07500000, -0.22500000, 0.30000000, 0.08858782
-0.03750000, -0.26250000, 0.30000000, 0.08978416
0.00000000, -0.30000000, 0.30000000, 0.07906423
0.03750000, -0.30000000, 0.26250000, 0.05985308
0.07500000, -0.30000000, 0.22500000, 0.04908906
0.11250000, -0.30000000, 0.18750000, 0.04071727
0.15000000, -0.30000000, 0.15000000, 0.03361285
0.18750000, -0.30000000, 0.11250000, 0.02717791
0.22500000, -0.30000000, 0.07500000, 0.02076597
0.26250000, -0.30000000, 0.03750000, 0.01310382
0.30000000, -0.30000000, 0.00000000, -0.00078072
0.30000000, -0.26250000, -0.03750000, -0.01100681
0.30000000, -0.22500000, -0.07500000, -0.01631060
0.30000000, -0.18750000, -0.11250000, -0.02010982
0.30000000, -0.15000000, -0.15000000, -0.02322025
0.30000000, -0.11250000, -0.18750000, -0.02598259
0.30000000, -0.07500000, -0.22500000, -0.02868081
0.30000000, -0.03750000, -0.26250000, -0.03150145
0.35000000, 0.00000000, -0.35000000, -0.02711981
0.30625000, 0.04375000, -0.35000000, -0.03788874
0.26250000, 0.08750000, -0.35000000, -0.04987675
0.21875000, 0.13125000, -0.35000000, -0.06210109
0.17500000, 0.17500000, -0.35000000, -0.07377593
0.13125000, 0.21875000, -0.35000000, -0.08387833
0.08750000, 0.26250000, -0.35000000, -0.09107840
0.04375000, 0.30625000, -0.35000000, -0.09288421
0.00000000, 0.35000000, -0.35000000, -0.08146256
-0.04375000, 0.35000000, -0.30625000, -0.06356347
-0.08750000, 0.35000000, -0.26250000, -0.05200684
-0.13125000, 0.35000000, -0.21875000, -0.04157829
-0.17500000, 0.35000000, -0.17500000, -0.03197620
-0.21875000, 0.35000000, -0.13125000, -0.02336961
-0.26250000, 0.35000000, -0.08750000, -0.01563995
-0.30625000, 0.35000000, -0.04375000, -0.00804143
-0.35000000, 0.35000000, 0.00000000, 0.00351625
-0.35000000, 0.30625000, 0.04375000, 0.01176864
-0.35000000, 0.26250000, 0.08750000, 0.01592064
-0.35000000, 0.21875000, 0.13125000, 0.01874707
-0.35000000, 0.17500000, 0.17500000, 0.02089450
-0.35000000, 0.13125000, 0.21875000, 0.02262197
-0.35000000, 0.08750000, 0.26250000, 0.02415220
-0.35000000, 0.04375000, 0.30625000, 0.02558299
-0.35000000, 0.00000000, 0.35000000, 0.02711981
-0.30625000, -0.04375000, 0.35000000, 0.03788874
-0.26250000, -0.08750000, 0.35000000, 0.04987675
-0.21875000, -0.13125000, 0.35000000, 0.06210109
-0.17500000, -0.17500000, 0.35000000, 0.07377593
-0.13125000, -0.21875000, 0.35000000, 0.08387833
-0.08750000, -0.26250000, 0.35000000, 0.09107840
-0.04375000, -0.30625000, 0.35000000, 0.09288421
0.00000000, -0.35000000, 0.35000000, 0.08146256
0.04375000, -0.35000000, 0.30625000, 0.06356347
0.08750000, -0.35000000, 0.26250000, 0.05200684
0.13125000, -0.35000000, 0.21875000, 0.04157829
0.17500000, -0.35000000, 0.17500000, 0.03197620
0.21875000, -0.35000000, 0.13125000, 0.02336961
0.26250000, -0.35000000, 0.08750000, 0.01563995
0.30625000, -0.35000000, 0.04375000, 0.00804143
0.35000000, -0.35000000, 0.00000000, -0.00351625
0.35000000, -0.30625000, -0.04375000, -0.01176864
0.35000000, -0.26250000, -0.08750000, -0.01592064
0.35000000, -0.21875000, -0.13125000, -0.01874707
0.35000000, -0.17500000, -0.17500000, -0.02089450
0.35000000, -0.13125000, -0.21875000, -0.02262197
0.35000000, -0.08750000, -0.26250000, -0.02415220
0.35000000, -0.04375000, -0.30625000, -0.02558299
0.40000000, 0.00000000, -0.40000000, -0.01824257
0.35000000, 0.05000000, -0.40000000, -0.02895224
0.30000000, 0.10000000, -0.40000000, -0.04142826
0.25000000, 0.15000000, -0.40000000, -0.05443119
0.20000000, 0.20000000, -0.40000000, -0.06701918
0.15000000, 0.25000000, -0.40000000, -0.07801615
0.10000000, 0.30000000, -0.40000000, -0.08595451
0.05000000, 0.35000000, -0.40000000, -0.08815671
0.00000000, 0.40000000, -0.40000000, -0.07664490
-0.05000000, 0.40000000, -0.35000000, -0.06244060
-0.10000000, 0.40000000, -0.30000000, -0.05175966
-0.15000000, 0.40000000, -0.25000000, -0.04045519
-0.20000000, 0.40000000, -0.20000000, -0.02925473
-0.25000000, 0.40000000, -0.15000000, -0.01923148
-0.30000000, 0.40000000, -0.10000000, -0.01100745
-0.35000000, 0.40000000, -0.05000000, -0.00426557
-0.40000000, 0.40000000, 0.00000000, 0.00434137
-0.40000000, 0.35000000, 0.05000000, 0.01052900
-0.40000000, 0.30000000, 0.10000000, 0.01354150
-0.40000000, 0.25000000, 0.15000000, 0.01542742
-0.40000000, 0.20000000, 0.20000000, 0.01666720
-0.40000000, 0.15000000, 0.25000000, 0.01745138
-0.40000000, 0.10000000, 0.30000000, 0.01792410
-0.40000000, 0.05000000, 0.35000000, 0.01813826
-0.40000000, 0.00000000, 0.40000000, 0.01824257
-0.35000000, -0.05000000, 0.40000000, 0.02895224
-0.30000000, -0.10000000, 0.40000000, 0.04142826
-0.25000000, -0.15000000, 0.40000000, 0.05443119
-0.20000000, -0.20000000, 0.40000000, 0.06701918
-0.15000000, -0.25000000, 0.40000000, 0.07801615
-0.10000000, -0.30000000, 0.40000000, 0.08595451
-0.05000000, -0.35000000, 0.40000000, 0.08815671
0.00000000, -0.40000000, 0.40000000, 0.07664490
0.05000000, -0.40000000, 0.35000000, 0.06244060
0.10000000, -0.40000000, 0.30000000, 0.05175966
0.15000000, -0.40000000, 0.25000000, 0.04045519
0.20000000, -0.40000000, 0.20000000, 0.02925473
0.25000000, -0.40000000, 0.15000000, 0.01923148
0.30000000, -0.40000000, 0.10000000, 0.01100745
0.35000000, -0.40000000, 0.05000000, 0.00426557
0.40000000, -0.40000000, 0.00000000, -0.00434137
0.40000000, -0.35000000, -0.05000000, -0.01052900
0.40000000, -0.30000000, -0.10000000, -0.01354150
0.40000000, -0.25000000, -0.15000000, -0.01542742
0.40000000, -0.20000000, -0.20000000, -0.01666720
0.40000000, -0.15000000, -0.25000000, -0.01745138
0.40000000, -0.10000000, -0.30000000, -0.01792410
0.40000000, -0.05000000, -0.35000000, -0.01813826
0.45000000, 0.00000000, -0.45000000, -0.01047351
0.39375000, 0.05625000, -0.45000000, -0.01959761
0.33750000, 0.11250000, -0.45000000, -0.03102243
0.28125000, 0.16875000, -0.45000000, -0.04338507
0.22500000, 0.22500000, -0.45000000, -0.05563553
0.16875000, 0.28125000, -0.45000000, -0.06650348
0.11250000, 0.33750000, -0.45000000, -0.07444138
0.05625000, 0.39375000, -0.45000000, -0.07676509
0.00000000, 0.45000000, -0.45000000, -0.06589834
-0.05625000, 0.45000000, -0.39375000, -0.05696178
-0.11250000, 0.45000000, -0.33750000, -0.04854271
-0.16875000, 0.45000000, -0.28125000, -0.03752528
-0.22500000, 0.45000000, -0.22500000, -0.02569572
-0.28125000, 0.45000000, -0.16875000, -0.01513805
-0.33750000, 0.45000000, -0.11250000, -0.00721514
-0.39375000, 0.45000000, -0.05625000, -0.00187220
-0.45000000, 0.45000000, 0.00000000, 0.00379691
-0.45000000, 0.39375000, 0.05625000, 0.00810120
-0.45000000, 0.33750000, 0.11250000, 0.01011269
-0.45000000, 0.28125000, 0.16875000, 0.01122716
-0.45000000, 0.22500000, 0.22500000, 0.01177456
-0.45000000, 0.16875000, 0.28125000, 0.01189027
-0.45000000, 0.11250000, 0.33750000, 0.01166653
-0.45000000, 0.05625000, 0.39375000, 0.01114874
-0.45000000, 0.00000000, 0.45000000, 0.01047351
-0.39375000, -0.05625000, 0.45000000, 0.01959761
-0.33750000, -0.11250000, 0.45000000, 0.03102243
-0.28125000, -0.16875000, 0.45000000, 0.04338507
-0.22500000, -0.22500000, 0.45000000, 0.05563553
-0.16875000, -0.28125000, 0.45000000, 0.06650348
-0.11250000, -0.33750000, 0.45000000, 0.07444138
-0.05625000, -0.39375000, 0.45000000, 0.07676509
0.00000000, -0.45000000, 0.45000000, 0.06589834
0.05625000, -0.45000000, 0.39375000, 0.05696178
0.11250000, -0.45000000, 0.33750000, 0.04854271
0.16875000, -0.45000000, 0.28125000, 0.03752528
0.22500000, -0.45000000, 0.22500000, 0.02569572
0.28125000, -0.45000000, 0.16875000, 0.01513805
0.33750000, -0.45000000, 0.11250000, 0.00721514
0.39375000, -0.45000000, 0.05625000, 0.00187220
0.45000000, -0.45000000, 0.00000000, -0.00379691
0.45000000, -0.39375000, -0.05625000, -0.00810120
0.45000000, -0.33750000, -0.11250000, -0.01011269
0.45000000, -0.28125000, -0.16875000, -0.01122716
0.45000000, -0.22500000, -0.22500000, -0.01177456
0.45000000, -0.16875000, -0.28125000, -0.01189027
0.45000000, -0.11250000, -0.33750000, -0.01166653
0.45000000, -0.05625000, -0.39375000, -0.01114874
0.50000000, 0.00000000, -0.50000000, -0.00504829
0.43750000, 0.06250000, -0.50000000, -0.01171130
0.37500000, 0.12500000, -0.50000000, -0.02088923
0.31250000, 0.18750000, -0.50000000, -0.03134376
0.25000000, 0.25000000, -0.50000000, -0.04204713
0.18750000, 0.31250000, -0.50000000, -0.05174927
0.12500000, 0.37500000, -0.50000000, -0.05892430
0.06250000, 0.43750000, -0.50000000, -0.06107908
0.00000000, 0.50000000, -0.50000000, -0.05155363
-0.06250000, 0.50000000, -0.43750000, -0.04824083
-0.12500000, 0.50000000, -0.37500000, -0.04291590
-0.18750000, 0.50000000, -0.31250000, -0.03315976
-0.25000000, 0.50000000, -0.25000000, -0.02161518
-0.31250000, 0.50000000, -0.18750000, -0.01138625
-0.37500000, 0.50000000, -0.12500000, -0.00440077
-0.43750000, 0.50000000, -0.06250000, -0.00065496
-0.50000000, 0.50000000, 0.00000000, 0.00261588
-0.50000000, 0.43750000, 0.06250000, 0.00539345
-0.50000000, 0.37500000, 0.12500000, 0.00662188
-0.50000000, 0.31250000, 0.18750000, 0.00720096
-0.50000000, 0.25000000, 0.25000000, 0.00733286
-0.50000000, 0.18750000, 0.31250000, 0.00710671
-0.50000000, 0.12500000, 0.37500000, 0.00660221
-0.50000000, 0.06250000, 0.43750000, 0.00586791
-0.50000000, 0.00000000, 0.50000000, 0.00504829
-0.43750000, -0.06250000, 0.50000000, 0.01171130
-0.37500000, -0.12500000, 0.50000000, 0.02088923
-0.31250000, -0.18750000, 0.50000000, 0.03134376
-0.25000000, -0.25000000, 0.50000000, 0.04204713
-0.18750000, -0.31250000, 0.50000000, 0.05174927
-0.12500000, -0.37500000, 0.50000000, 0.05892430
-0.06250000, -0.43750000, 0.50000000, 0.06107908
0.00000000, -0.50000000, 0.50000000, 0.05155363
0.06250000, -0.50000000, 0.43750000, 0.04824083
0.12500000, -0.50000000, 0.37500000, 0.04291590
0.18750000, -0.50000000, 0.31250000, 0.03315976
0.25000000, -0.50000000, 0.25000000, 0.02161518
0.31250000, -0.50000000, 0.18750000, 0.01138625
0.37500000, -0.50000000, 0.12500000, 0.00440077
0.43750000, -0.50000000, 0.06250000, 0.00065496
0.50000000, -0.50000000, 0.00000000, -0.00261588
0.50000000, -0.43750000, -0.06250000, -0.00539345
0.50000000, -0.37500000, -0.12500000, -0.00662188
0.50000000, -0.31250000, -0.18750000, -0.00720096
0.50000000, -0.25000000, -0.25000000, -0.00733286
0.50000000, -0.18750000, -0.31250000, -0.00710671
0.50000000, -0.12500000, -0.37500000, -0.00660221
0.50000000, -0.06250000, -0.43750000, -0.00586791
0.55000000, 0.00000000, -0.55000000, -0.00199677
0.48125000, 0.06875000, -0.55000000, -0.00614826
0.41250000, 0.13750000, -0.55000000, -0.01257617
0.34375000, 0.20625000, -0.55000000, -0.02038080
0.27500000, 0.27500000, -0.55000000, -0.02871635
0.20625000, 0.34375000, -0.55000000, -0.03648530
0.13750000, 0.41250000, -0.55000000, -0.04231487
0.06875000, 0.48125000, -0.55000000, -0.04406786
0.00000000, 0.55000000, -0.55000000, -0.03637487
-0.06875000, 0.55000000, -0.48125000, -0.03778291
-0.13750000, 0.55000000, -0.41250000, -0.03570955
-0.20625000, 0.55000000, -0.34375000, -0.02787602
-0.27500000, 0.55000000, -0.27500000, -0.01737549
-0.34375000, 0.55000000, -0.20625000, -0.00814116
-0.41250000, 0.55000000, -0.13750000, -0.00246863
-0.48125000, 0.55000000, -0.06875000, -0.00017784
-0.55000000, 0.55000000, 0.00000000, 0.00145382
-0.55000000, 0.48125000, 0.06875000, 0.00308845
-0.55000000, 0.41250000, 0.13750000, 0.00377221
-0.55000000, 0.34375000, 0.20625000, 0.00403666
-0.55000000, 0.27500000, 0.27500000, 0.00398999
-0.55000000, 0.20625000, 0.34375000, 0.00368912
-0.55000000, 0.13750000, 0.41250000, 0.00320907
-0.55000000, 0.06875000, 0.48125000, 0.00260104
-0.55000000, 0.00000000, 0.55000000, 0.00199677
-0.48125000, -0.06875000, 0.55000000, 0.00614826
-0.41250000, -0.13750000, 0.55000000, 0.01257617
-0.34375000, -0.20625000, 0.55000000, 0.02038080
-0.27500000, -0.27500000, 0.55000000, 0.02871635
-0.20625000, -0.34375000, 0.55000000, 0.03648530
-0.13750000, -0.41250000, 0.55000000, 0.04231487
-0.06875000, -0.48125000, 0.55000000, 0.04406786
0.00000000, -0.55000000, 0.55000000, 0.03637487
0.06875000, -0.55000000, 0.48125000, 0.03778291
0.13750000, -0.55000000, 0.41250000, 0.03570955
0.20625000, -0.55000000, 0.34375000, 0.02787602
0.27500000, -0.55000000, 0.27500000, 0.01737549
0.34375000, -0.55000000, 0.20625000, 0.00814116
0.41250000, -0.55000000, 0.13750000, 0.00246863
0.48125000, -0.55000000, 0.06875000, 0.00017784
0.55000000, -0.55000000, 0.00000000, -0.00145382
0.55000000, -0.48125000, -0.06875000, -0.00308845
0.55000000, -0.41250000, -0.13750000, -0.00377221
0.55000000, -0.34375000, -0.20625000, -0.00403666
0.55000000, -0.27500000, -0.27500000, -0.00398999
0.55000000, -0.20625000, -0.34375000, -0.00368912
0.55000000, -0.13750000, -0.41250000, -0.00320907
0.55000000, -0.06875000, -0.48125000, -0.00260104
0.60000000, 0.00000000, -0.60000000, -0.00063773
0.52500000, 0.07500000, -0.60000000, -0.00282096
0.45000000, 0.15000000, -0.60000000, -0.00670176
0.37500000, 0.22500000, -0.60000000, -0.01178444
0.30000000, 0.30000000, -0.60000000, -0.01750558
0.22500000, 0.37500000, -0.60000000, -0.02302468
0.15000000, 0.45000000, -0.60000000, -0.02723851
0.07500000, 0.52500000, -0.60000000, -0.02847514
0.00000000, 0.60000000, -0.60000000, -0.02281512
-0.07500000, 0.60000000, -0.52500000, -0.02716509
-0.15000000, 0.60000000, -0.45000000, -0.02785685
-0.22500000, 0.60000000, -0.37500000, -0.02222450
-0.30000000, 0.60000000, -0.30000000, -0.01330161
-0.37500000, 0.60000000, -0.22500000, -0.00548607
-0.45000000, 0.60000000, -0.15000000, -0.00123542
-0.52500000, 0.60000000, -0.07500000, -0.00004524
-0.60000000, 0.60000000, 0.00000000, 0.00065081
-0.60000000, 0.52500000, 0.07500000, 0.00149697
-0.60000000, 0.45000000, 0.15000000, 0.00184453
-0.60000000, 0.37500000, 0.22500000, 0.00195323
-0.60000000, 0.30000000, 0.30000000, 0.00187371
-0.60000000, 0.22500000, 0.37500000, 0.00164498
-0.60000000, 0.15000000, 0.45000000, 0.00132298
-0.60000000, 0.07500000, 0.52500000, 0.00095770
-0.60000000, 0.00000000, 0.60000000, 0.00063773
-0.52500000, -0.07500000, 0.60000000, 0.00282096
-0.45000000, -0.15000000, 0.60000000, 0.00670176
-0.37500000, -0.22500000, 0.60000000, 0.01178444
-0.30000000, -0.30000000, 0.60000000, 0.01750558
-0.22500000, -0.37500000, 0.60000000, 0.02302468
-0.15000000, -0.45000000, 0.60000000, 0.02723851
-0.07500000, -0.52500000, 0.60000000, 0.02847514
0.00000000, -0.60000000, 0.60000000, 0.02281512
0.07500000, -0.60000000, 0.52500000, 0.02716509
0.15000000, -0.60000000, 0.45000000, 0.02785685
0.22500000, -0.60000000, 0.37500000, 0.02222450
0.30000000, -0.60000000, 0.30000000, 0.01330161
0.37500000, -0.60000000, 0.22500000, 0.00548607
0.45000000, -0.60000000, 0.15000000, 0.00123542
0.52500000, -0.60000000, 0.07500000, 0.00004524
0.60000000, -0.60000000, 0.00000000, -0.00065081
0.60000000, -0.52500000, -0.07500000, -0.00149697
0.60000000, -0.45000000, -0.15000000, -0.00184453
0.60000000, -0.37500000, -0.22500000, -0.00195323
0.60000000, -0.30000000, -0.30000000, -0.00187371
0.60000000, -0.22500000, -0.37500000, -0.00164498
0.60000000, -0.15000000, -0.45000000, -0.00132298
0.60000000, -0.07500000, -0.52500000, -0.00095770
0.65000000, 0.00000000, -0.65000000, -0.00016960
0.56875000, 0.08125000, -0.65000000, -0.00112699
0.48750000, 0.16250000, -0.65000000, -0.00311169
0.40625000, 0.24375000, -0.65000000, -0.00594522
0.32500000, 0.32500000, -0.65000000, -0.00934077
0.24375000, 0.40625000, -0.65000000, -0.01275539
0.16250000, 0.48750000, -0.65000000, -0.01541449
0.08125000, 0.56875000, -0.65000000, -0.01615375
0.00000000, 0.65000000, -0.65000000, -0.01243309
-0.08125000, 0.65000000, -0.56875000, -0.01771853
-0.16250000, 0.65000000, -0.48750000, -0.02023087
-0.24375000, 0.65000000, -0.40625000, -0.01670288
-0.32500000, 0.65000000, -0.32500000, -0.00963301
-0.40625000, 0.65000000, -0.24375000, -0.00345427
-0.48750000, 0.65000000, -0.16250000, -0.00052971
-0.56875000, 0.65000000, -0.08125000, -0.00004009
-0.65000000, 0.65000000, 0.00000000, 0.00022584
-0.65000000, 0.56875000, 0.08125000, 0.00059919
-0.65000000, 0.48750000, 0.16250000, 0.00076234
-0.65000000, 0.40625000, 0.24375000, 0.00080711
-0.65000000, 0.32500000, 0.32500000, 0.00075307
-0.65000000, 0.24375000, 0.40625000, 0.00062714
-0.65000000, 0.16250000, 0.48750000, 0.00046078
-0.65000000, 0.08125000, 0.56875000, 0.00029477
-0.65000000, 0.00000000, 0.65000000, 0.00016960
-0.56875000, -0.08125000, 0.65000000, 0.00112699
-0.48750000, -0.16250000, 0.65000000, 0.00311169
-0.40625000, -0.24375000, 0.65000000, 0.00594522
-0.32500000, -0.32500000, 0.65000000, 0.00934077
-0.24375000, -0.40625000, 0.65000000, 0.01275539
-0.16250000, -0.48750000, 0.65000000, 0.01541449
-0.08125000, -0.56875000, 0.65000000, 0.01615375
0.00000000, -0.65000000, 0.65000000, 0.01243309
0.08125000, -0.65000000, 0.56875000, 0.01771853
0.16250000, -0.65000000, 0.48750000, 0.02023087
0.24375000, -0.65000000, 0.40625000, 0.01670288
0.32500000, -0.65000000, 0.32500000, 0.00963301
0.40625000, -0.65000000, 0.24375000, 0.00345427
0.48750000, -0.65000000, 0.16250000, 0.00052971
0.56875000, -0.65000000, 0.08125000, 0.00004009
0.65000000, -0.65000000, 0.00000000, -0.00022584
0.65000000, -0.56875000, -0.08125000, -0.00059919
0.65000000, -0.48750000, -0.16250000, -0.00076234
0.65000000, -0.40625000, -0.24375000, -0.00080711
0.65000000, -0.32500000, -0.32500000, -0.00075307
0.65000000, -0.24375000, -0.40625000, -0.00062714
0.65000000, -0.16250000, -0.48750000, -0.00046078
0.65000000, -0.08125000, -0.56875000, -0.00029477
0.70000000, 0.00000000, -0.70000000, -0.00003686
0.61250000, 0.08750000, -0.70000000, -0.00038911
0.52500000, 0.17500000, -0.70000000, -0.00122907
0.43750000, 0.26250000, -0.70000000, -0.00254183
0.35000000, 0.35000000, -0.70000000, -0.00422996
0.26250000, 0.43750000, -0.70000000, -0.00601336
0.17500000, 0.52500000, -0.70000000, -0.00743131
0.08750000, 0.61250000, -0.70000000, -0.00779068
0.00000000, 0.70000000, -0.70000000, -0.00567480
-0.08750000, 0.70000000, -0.61250000, -0.01029601
-0.17500000, 0.70000000, -0.52500000, -0.01352501
-0.26250000, 0.70000000, -0.43750000, -0.01171694
-0.35000000, 0.70000000, -0.35000000, -0.00652739
-0.43750000, 0.70000000, -0.26250000, -0.00201730
-0.52500000, 0.70000000, -0.17500000, -0.00019388
-0.61250000, 0.70000000, -0.08750000, -0.00007365
-0.70000000, 0.70000000, 0.00000000, 0.00004520
-0.70000000, 0.61250000, 0.08750000, 0.00019326
-0.70000000, 0.52500000, 0.17500000, 0.00026540
-0.70000000, 0.43750000, 0.26250000, 0.00028827
-0.70000000, 0.35000000, 0.35000000, 0.00026457
-0.70000000, 0.26250000, 0.43750000, 0.00020805
-0.70000000, 0.17500000, 0.52500000, 0.00013714
-0.70000000, 0.08750000, 0.61250000, 0.00007560
-0.70000000, 0.00000000, 0.70000000, 0.00003686
-0.61250000, -0.08750000, 0.70000000, 0.00038911
-0.52500000, -0.17500000, 0.70000000, 0.00122907
-0.43750000, -0.26250000, 0.70000000, 0.00254183
-0.35000000, -0.35000000, 0.70000000, 0.00422996
-0.26250000, -0.43750000, 0.70000000, 0.00601336
-0.17500000, -0.52500000, 0.70000000, 0.00743131
-0.08750000, -0.61250000, 0.70000000, 0.00779068
0.00000000, -0.70000000, 0.70000000, 0.00567480
0.08750000, -0.70000000, 0.61250000, 0.01029601
0.17500000, -0.70000000, 0.52500000, 0.01352501
0.26250000, -0.70000000, 0.43750000, 0.01171694
0.35000000, -0.70000000, 0.35000000, 0.00652739
0.43750000, -0.70000000, 0.26250000, 0.00201730
0.52500000, -0.70000000, 0.17500000, 0.00019388
0.61250000, -0.70000000, 0.08750000, 0.00007365
0.70000000, -0.70000000, 0.00000000, -0.00004520
0.70000000, -0.61250000, -0.08750000, -0.00019326
0.70000000, -0.52500000, -0.17500000, -0.00026540
0.70000000, -0.43750000, -0.26250000, -0.00028827
0.70000000, -0.35000000, -0.35000000, -0.00026457
0.70000000, -0.26250000, -0.43750000, -0.00020805
0.70000000, -0.17500000, -0.52500000, -0.00013714
0.70000000, -0.08750000, -0.61250000, -0.00007560
0.75000000, 0.00000000, -0.75000000, 0.00000326
0.65625000, 0.09375000, -0.75000000, -0.00011104
0.56250000, 0.18750000, -0.75000000, -0.00039691
0.46875000, 0.28125000, -0.75000000, -0.00087925
0.37500000, 0.37500000, -0.75000000, -0.00154681
0.28125000, 0.46875000, -0.75000000, -0.00229421
0.18750000, 0.56250000, -0.75000000, -0.00290036
0.09375000, 0.65625000, -0.75000000, -0.00303225
0.00000000, 0.75000000, -0.75000000, -0.00204321
-0.09375000, 0.75000000, -0.65625000, -0.00518253
-0.18750000, 0.75000000, -0.56250000, -0.00817953
-0.28125000, 0.75000000, -0.46875000, -0.00755788
-0.37500000, 0.75000000, -0.37500000, -0.00407432
-0.46875000, 0.75000000, -0.28125000, -0.00107904
-0.56250000, 0.75000000, -0.18750000, -0.00006884
-0.65625000, 0.75000000, -0.09375000, -0.00009396
-0.75000000, 0.75000000, 0.00000000, -0.00001424
-0.75000000, 0.65625000, 0.09375000, 0.00005059
-0.75000000, 0.56250000, 0.18750000, 0.00008091
-0.75000000, 0.46875000, 0.28125000, 0.00009552
-0.75000000, 0.37500000, 0.37500000, 0.00008876
-0.75000000, 0.28125000, 0.46875000, 0.00006285
-0.75000000, 0.18750000, 0.56250000, 0.00003378
-0.75000000, 0.09375000, 0.65625000, 0.00000934
-0.75000000, 0.00000000, 0.75000000, -0.00000326
-0.65625000, -0.09375000, 0.75000000, 0.00011104
-0.56250000, -0.18750000, 0.75000000, 0.00039691
-0.46875000, -0.28125000, 0.75000000, 0.00087925
-0.37500000, -0.37500000, 0.75000000, 0.00154681
-0.28125000, -0.46875000, 0.75000000, 0.00229421
-0.18750000, -0.56250000, 0.75000000, 0.00290036
-0.09375000, -0.65625000, 0.75000000, 0.00303225
0.00000000, -0.75000000, 0.75000000, 0.00204321
0.09375000, -0.75000000, 0.65625000, 0.00518253
0.18750000, -0.75000000, 0.56250000, 0.00817953
0.28125000, -0.75000000, 0.46875000, 0.00755788
0.37500000, -0.75000000, 0.37500000, 0.00407432
0.46875000, -0.75000000, 0.28125000, 0.00107904
0.56250000, -0.75000000, 0.18750000, 0.00006884
0.65625000, -0.75000000, 0.09375000, 0.00009396
0.75000000, -0.75000000, 0.00000000, 0.00001424
0.75000000, -0.65625000, -0.09375000, -0.00005059
0.75000000, -0.56250000, -0.18750000, -0.00008091
0.75000000, -0.46875000, -0.28125000, -0.00009552
0.75000000, -0.37500000, -0.37500000, -0.00008876
0.75000000, -0.28125000, -0.46875000, -0.00006285
0.75000000, -0.18750000, -0.56250000, -0.00003378
0.75000000, -0.09375000, -0.65625000, -0.00000934
0.80000000, 0.00000000, -0.80000000, 0.00000711
0.70000000, 0.10000000, -0.80000000, -0.00002289
0.60000000, 0.20000000, -0.80000000, -0.00009576
0.50000000, 0.30000000, -0.80000000, -0.00022544
0.40000000, 0.40000000, -0.80000000, -0.00042006
0.30000000, 0.50000000, -0.80000000, -0.00065344
0.20000000, 0.60000000, -0.80000000, -0.00084650
0.10000000, 0.70000000, -0.80000000, -0.00087847
0.00000000, 0.80000000, -0.80000000, -0.00052663
-0.10000000, 0.80000000, -0.70000000, -0.00215962
-0.20000000, 0.80000000, -0.60000000, -0.00435172
-0.30000000, 0.80000000, -0.50000000, -0.00437714
-0.40000000, 0.80000000, -0.40000000, -0.00229062
-0.50000000, 0.80000000, -0.30000000, -0.00050920
-0.60000000, 0.80000000, -0.20000000, -0.00002249
-0.70000000, 0.80000000, -0.10000000, -0.00006845
-0.80000000, 0.80000000, 0.00000000, -0.00001524
-0.80000000, 0.70000000, 0.10000000, 0.00001088
-0.80000000, 0.60000000, 0.20000000, 0.00002251
-0.80000000, 0.50000000, 0.30000000, 0.00003094
-0.80000000, 0.40000000, 0.40000000, 0.00002990
-0.80000000, 0.30000000, 0.50000000, 0.00001799
-0.80000000, 0.20000000, 0.60000000, 0.00000612
-0.80000000, 0.10000000, 0.70000000, -0.00000374
-0.80000000, 0.00000000, 0.80000000, -0.00000711
-0.70000000, -0.10000000, 0.80000000, 0.00002289
-0.60000000, -0.20000000, 0.80000000, 0.00009576
-0.50000000, -0.30000000, 0.80000000, 0.00022544
-0.40000000, -0.40000000, 0.80000000, 0.00042006
-0.30000000, -0.50000000, 0.80000000, 0.00065344
-0.20000000, -0.60000000, 0.80000000, 0.00084650
-0.10000000, -0.70000000, 0.80000000, 0.00087847
0.00000000, -0.80000000, 0.80000000, 0.00052663
0.10000000, -0.80000000, 0.70000000, 0.00215962
0.20000000, -0.80000000, 0.60000000, 0.00435172
0.30000000, -0.80000000, 0.50000000, 0.00437714
0.40000000, -0.80000000, 0.40000000, 0.00229062
0.50000000, -0.80000000, 0.30000000, 0.00050920
0.60000000, -0.80000000, 0.20000000, 0.00002249
0.70000000, -0.80000000, 0.10000000, 0.00006845
0.80000000, -0.80000000, 0.00000000, 0.00001524
0.80000000, -0.70000000, -0.10000000, -0.00001088
0.80000000, -0.60000000, -0.20000000, -0.00002251
0.80000000, -0.50000000, -0.30000000, -0.00003094
0.80000000, -0.40000000, -0.40000000, -0.00002990
0.80000000, -0.30000000, -0.50000000, -0.00001799
0.80000000, -0.20000000, -0.60000000, -0.00000612
0.80000000, -0.10000000, -0.70000000, 0.00000374
0.85000000, 0.00000000, -0.85000000, -0.00000604
0.74375000, 0.10625000, -0.85000000, -0.00000454
0.63750000, 0.21250000, -0.85000000, -0.00001226
0.53125000, 0.31875000, -0.85000000, -0.00003295
0.42500000, 0.42500000, -0.85000000, -0.00007230
0.31875000, 0.53125000, -0.85000000, -0.00012356
0.21250000, 0.63750000, -0.85000000, -0.00016776
0.10625000, 0.74375000, -0.85000000, -0.00017212
0.00000000, 0.85000000, -0.85000000, -0.00008540
-0.10625000, 0.85000000, -0.74375000, -0.00068809
-0.21250000, 0.85000000, -0.63750000, -0.00193646
-0.31875000, 0.85000000, -0.53125000, -0.00217482
-0.42500000, 0.85000000, -0.42500000, -0.00111214
-0.53125000, 0.85000000, -0.31875000, -0.00019419
-0.63750000, 0.85000000, -0.21250000, 0.00000423
-0.74375000, 0.85000000, -0.10625000, -0.00001806
-0.85000000, 0.85000000, 0.00000000, 0.00000344
-0.85000000, 0.74375000, 0.10625000, 0.00000063
-0.85000000, 0.63750000, 0.21250000, 0.00000438
-0.85000000, 0.53125000, 0.31875000, 0.00000742
-0.85000000, 0.42500000, 0.42500000, 0.00000756
-0.85000000, 0.31875000, 0.53125000, 0.00000607
-0.85000000, 0.21250000, 0.63750000, 0.00000374
-0.85000000, 0.10625000, 0.74375000, 0.00000443
-0.85000000, 0.00000000, 0.85000000, 0.00000604
-0.74375000, -0.10625000, 0.85000000, 0.00000454
-0.63750000, -0.21250000, 0.85000000, 0.00001226
-0.53125000, -0.31875000, 0.85000000, 0.00003295
-0.42500000, -0.42500000, 0.85000000, 0.00007230
-0.31875000, -0.53125000, 0.85000000, 0.00012356
-0.21250000, -0.63750000, 0.85000000, 0.00016776
-0.10625000, -0.74375000, 0.85000000, 0.00017212
0.00000000, -0.85000000, 0.85000000, 0.00008540
0.10625000, -0.85000000, 0.74375000, 0.00068809
0.21250000, -0.85000000, 0.63750000, 0.00193646
0.31875000, -0.85000000, 0.53125000, 0.00217482
0.42500000, -0.85000000, 0.42500000, 0.00111214
0.53125000, -0.85000000, 0.31875000, 0.00019419
0.63750000, -0.85000000, 0.21250000, -0.00000423
0.74375000, -0.85000000, 0.10625000, 0.00001806
0.85000000, -0.85000000, 0.00000000, -0.00000344
0.85000000, -0.74375000, -0.10625000, -0.00000063
0.85000000, -0.63750000, -0.21250000, -0.00000438
0.85000000, -0.53125000, -0.31875000, -0.00000742
0.85000000, -0.42500000, -0.42500000, -0.00000756
0.85000000, -0.31875000, -0.53125000, -0.00000607
0.85000000, -0.21250000, -0.63750000, -0.00000374
0.85000000, -0.10625000, -0.74375000, -0.00000443
0.90000000, 0.00000000, -0.90000000, -0.00000469
0.78750000, 0.11250000, -0.90000000, -0.00000183
0.67500000, 0.22500000, -0.90000000, 0.00000027
0.56250000, 0.33750000, -0.90000000, 0.00000018
0.45000000, 0.45000000, -0.90000000, -0.00000435
0.33750000, 0.56250000, -0.90000000, -0.00001155
0.22500000, 0.67500000, -0.90000000, -0.00001831
0.11250000, 0.78750000, -0.90000000, -0.00001851
0.00000000, 0.90000000, -0.90000000, -0.00000550
-0.11250000, 0.90000000, -0.78750000, -0.00014168
-0.22500000, 0.90000000, -0.67500000, -0.00064299
-0.33750000, 0.90000000, -0.56250000, -0.00082986
-0.45000000, 0.90000000, -0.45000000, -0.00041662
-0.56250000, 0.90000000, -0.33750000, -0.00005454
-0.67500000, 0.90000000, -0.22500000, 0.00000603
-0.78750000, 0.90000000, -0.11250000, -0.00000055
-0.90000000, 0.90000000, 0.00000000, 0.00000449
-0.90000000, 0.78750000, 0.11250000, -0.00000017
-0.90000000, 0.67500000, 0.22500000, 0.00000089
-0.90000000, 0.56250000, 0.33750000, 0.00000157
-0.90000000, 0.45000000, 0.45000000, 0.00000173
-0.90000000, 0.33750000, 0.56250000, 0.00000269
-0.90000000, 0.22500000, 0.67500000, 0.00000274
-0.90000000, 0.11250000, 0.78750000, 0.00000430
-0.90000000, 0.00000000, 0.90000000, 0.00000469
-0.78750000, -0.11250000, 0.90000000, 0.00000183
-0.67500000, -0.22500000, 0.90000000, -0.00000027
-0.56250000, -0.33750000, 0.90000000, -0.00000018
-0.45000000, -0.45000000, 0.90000000, 0.00000435
-0.33750000, -0.56250000, 0.90000000, 0.00001155
-0.22500000, -0.67500000, 0.90000000, 0.00001831
-0.11250000, -0.78750000, 0.90000000, 0.00001851
0.00000000, -0.90000000, 0.90000000, 0.00000550
0.11250000, -0.90000000, 0.78750000, 0.00014168
0.22500000, -0.90000000, 0.67500000, 0.00064299
0.33750000, -0.90000000, 0.56250000, 0.00082986
0.45000000, -0.90000000, 0.45000000, 0.00041662
0.56250000, -0.90000000, 0.33750000, 0.00005454
0.67500000, -0.90000000, 0.22500000, -0.00000603
0.78750000, -0.90000000, 0.11250000, 0.00000055
0.90000000, -0.90000000, 0.00000000, -0.00000449
0.90000000, -0.78750000, -0.11250000, 0.00000017
0.90000000, -0.67500000, -0.22500000, -0.00000089
0.90000000, -0.56250000, -0.33750000, -0.00000157
0.90000000, -0.45000000, -0.45000000, -0.00000173
0.90000000, -0.33750000, -0.56250000, -0.00000269
0.90000000, -0.22500000, -0.67500000, -0.00000274
0.90000000, -0.11250000, -0.78750000, -0.00000430
0.95000000, 0.00000000, -0.95000000, 0.00000591
0.83125000, 0.11875000, -0.95000000, 0.00000179
0.71250000, 0.23750000, -0.95000000, -0.00000092
0.59375000, 0.35625000, -0.95000000, -0.00000133
0.47500000, 0.47500000, -0.95000000, 0.00000092
0.35625000, 0.59375000, -0.95000000, 0.00000336
0.23750000, 0.71250000, -0.95000000, 0.00000613
0.11875000, 0.83125000, -0.95000000, 0.00000679
0.00000000, 0.95000000, -0.95000000, 0.00000456
-0.11875000, 0.95000000, -0.83125000, -0.00001086
-0.23750000, 0.95000000, -0.71250000, -0.00011062
-0.35625000, 0.95000000, -0.59375000, -0.00016956
-0.47500000, 0.95000000, -0.47500000, -0.00008183
-0.59375000, 0.95000000, -0.35625000, -0.00001285
-0.71250000, 0.95000000, -0.23750000, -0.00000607
-0.83125000, 0.95000000, -0.11875000, -0.00001085
-0.95000000, 0.95000000, 0.00000000, -0.00000652
-0.95000000, 0.83125000, 0.11875000, 0.00000090
-0.95000000, 0.71250000, 0.23750000, 0.00000116
-0.95000000, 0.59375000, 0.35625000, 0.00000171
-0.95000000, 0.47500000, 0.47500000, 0.00000165
-0.95000000, 0.35625000, 0.59375000, -0.00000048
-0.95000000, 0.23750000, 0.71250000, -0.00000198
-0.95000000, 0.11875000, 0.83125000, -0.00000455
-0.95000000, 0.00000000, 0.95000000, -0.00000591
-0.83125000, -0.11875000, 0.95000000, -0.00000179
-0.71250000, -0.23750000, 0.95000000, 0.00000092
-0.59375000, -0.35625000, 0.95000000, 0.00000133
-0.47500000, -0.47500000, 0.95000000, -0.00000092
-0.35625000, -0.59375000, 0.95000000, -0.00000336
-0.23750000, -0.71250000, 0.95000000, -0.00000613
-0.11875000, -0.83125000, 0.95000000, -0.00000679
0.00000000, -0.95000000, 0.95000000, -0.00000456
0.11875000, -0.95000000, 0.83125000, 0.00001086
0.23750000, -0.95000000, 0.71250000, 0.00011062
0.35625000, -0.95000000, 0.59375000, 0.00016956
0.47500000, -0.95000000, 0.47500000, 0.00008183
0.59375000, -0.95000000, 0.35625000, 0.00001285
0.71250000, -0.95000000, 0.23750000, 0.00000607
0.83125000, -0.95000000, 0.11875000, 0.00001085
0.95000000, -0.95000000, 0.00000000, 0.00000652
0.95000000, -0.83125000, -0.11875000, -0.00000090
0.95000000, -0.71250000, -0.23750000, -0.00000116
0.95000000, -0.59375000, -0.35625000, -0.00000171
0.95000000, -0.47500000, -0.47500000, -0.00000165
0.95000000, -0.35625000, -0.59375000, 0.00000048
0.95000000, -0.23750000, -0.71250000, 0.00000198
0.95000000, -0.11875000, -0.83125000, 0.00000455
1.00000000, 0.00000000, -1.00000000, 0.00000000
0.87500000, 0.12500000, -1.00000000, 0.00000000
0.75000000, 0.25000000, -1.00000000, 0.00000000
0.62500000, 0.37500000, -1.00000000, 0.00000000
0.50000000, 0.50000000, -1.00000000, 0.00000000
0.37500000, 0.62500000, -1.00000000, 0.00000000
0.25000000, 0.75000000, -1.00000000, 0.00000000
0.12500000, 0.87500000, -1.00000000, 0.00000000
0.00000000, 1.00000000, -1.00000000, 0.00000000
-0.12500000, 1.00000000, -0.87500000, 0.00000000
-0.25000000, 1.00000000, -0.75000000, 0.00000000
-0.37500000, 1.00000000, -0.62500000, 0.00000000
-0.50000000, 1.00000000, -0.50000000, 0.00000000
-0.62500000, 1.00000000, -0.37500000, 0.00000000
-0.75000000, 1.00000000, -0.25000000, 0.00000000
-0.87500000, 1.00000000, -0.12500000, 0.00000000
-1.00000000, 1.00000000, 0.00000000, 0.00000000
-1.00000000, 0.87500000, 0.12500000, 0.00000000
-1.00000000, 0.75000000, 0.25000000, 0.00000000
-1.00000000, 0.62500000, 0.37500000, 0.00000000
-1.00000000, 0.50000000, 0.50000000, 0.00000000
-1.00000000, 0.37500000, 0.62500000, 0.00000000
-1.00000000, 0.25000000, 0.75000000, 0.00000000
-1.00000000, 0.12500000, 0.87500000, 0.00000000
-1.00000000, 0.00000000, 1.00000000, 0.00000000
-0.87500000, -0.12500000, 1.00000000, 0.00000000
-0.75000000, -0.25000000, 1.00000000, 0.00000000
-0.62500000, -0.37500000, 1.00000000, 0.00000000
-0.50000000, -0.50000000, 1.00000000, 0.00000000
-0.37500000, -0.62500000, 1.00000000, 0.00000000
-0.25000000, -0.75000000, 1.00000000, 0.00000000
-0.12500000, -0.87500000, 1.00000000, 0.00000000
0.00000000, -1.00000000, 1.00000000, 0.00000000
0.12500000, -1.00000000, 0.87500000, 0.00000000
0.25000000, -1.00000000, 0.75000000, 0.00000000
0.37500000, -1.00000000, 0.62500000, 0.00000000
0.50000000, -1.00000000, 0.50000000, 0.00000000
0.62500000, -1.00000000, 0.37500000, 0.00000000
0.75000000, -1.00000000, 0.25000000, 0.00000000
0.87500000, -1.00000000, 0.12500000, 0.00000000
1.00000000, -1.00000000, 0.00000000, 0.00000000
1.00000000, -0.87500000, -0.12500000, 0.00000000
1.00000000, -0.75000000, -0.25000000, 0.00000000
1.00000000, -0.62500000, -0.37500000, 0.00000000
1.00000000, -0.50000000, -0.50000000, 0.00000000
1.00000000, -0.37500000, -0.62500000, 0.00000000
1.00000000, -0.25000000, -0.75000000, 0.00000000
1.00000000, -0.12500000, -0.87500000, 0.00000000
