0.01000000, 0.00000000, -0.01000000, -0.02272130
0.00000000, 0.01000000, -0.01000000, -0.03429133
-0.00125000, 0.01000000, -0.00875000, -0.03254232
-0.00250000, 0.01000000, -0.00750000, -0.02088324
-0.00375000, 0.01000000, -0.00625000, -0.00342464
-0.00500000, 0.01000000, -0.00500000, 0.01467026
-0.00625000, 0.01000000, -0.00375000, 0.03411215
-0.00750000, 0.01000000, -0.00250000, 0.04809086
-0.00875000, 0.01000000, -0.00125000, 0.05878642
-0.01000000, 0.01000000, 0.00000000, 0.05347726
-0.01000000, 0.00875000, 0.00125000, 0.03712463
-0.01000000, 0.00750000, 0.00250000, 0.03113334
-0.01000000, 0.00625000, 0.00375000, 0.02799611
-0.01000000, 0.00500000, 0.00500000, 0.02526910
-0.01000000, 0.00375000, 0.00625000, 0.02409176
-0.01000000, 0.00250000, 0.00750000, 0.02223213
-0.01000000, 0.00125000, 0.00875000, 0.02200246
-0.01000000, 0.00000000, 0.01000000, 0.02272130
0.00000000, -0.01000000, 0.01000000, 0.03429133
0.00125000, -0.01000000, 0.00875000, 0.03254232
0.00250000, -0.01000000, 0.00750000, 0.02088324
0.00375000, -0.01000000, 0.00625000, 0.00342464
0.00500000, -0.01000000, 0.00500000, -0.01467026
0.00625000, -0.01000000, 0.00375000, -0.03411215
0.00750000, -0.01000000, 0.00250000, -0.04809086
0.00875000, -0.01000000, 0.00125000, -0.05878642
0.01000000, -0.01000000, 0.00000000, -0.05347726
0.01000000, -0.00875000, -0.00125000, -0.03712463
0.01000000, -0.00750000, -0.00250000, -0.03113334
0.01000000, -0.00625000, -0.00375000, -0.02799611
0.01000000, -0.00500000, -0.00500000, -0.02526910
0.01000000, -0.00375000, -0.00625000, -0.02409176
0.01000000, -0.00250000, -0.00750000, -0.02223213
0.01000000, -0.00125000, -0.00875000, -0.02200246
0.02000000, 0.00000000, -0.02000000, -0.01590243
0.01750000, 0.00250000, -0.02000000, -0.01591341
0.01500000, 0.00500000, -0.02000000, -0.01624528
0.01250000, 0.00750000, -0.02000000, -0.01646854
0.01000000, 0.01000000, -0.02000000, -0.01617224
0.00750000, 0.01250000, -0.02000000, -0.01570712
0.00500000, 0.01500000, -0.02000000, -0.01487126
0.00250000, 0.01750000, -0.02000000, -0.01419096
0.00000000, 0.02000000, -0.02000000, -0.01687752
-0.00250000, 0.02000000, -0.01750000, -0.01432321
-0.00500000, 0.02000000, -0.01500000, -0.00770396
-0.00750000, 0.02000000, -0.01250000, 0.00150715
-0.01000000, 0.02000000, -0.01000000, 0.01062214
-0.01250000, 0.02000000, -0.00750000, 0.02003433
-0.01500000, 0.02000000, -0.00500000, 0.02780604
-0.01750000, 0.02000000, -0.00250000, 0.03250793
-0.02000000, 0.02000000, 0.00000000, 0.03015730
-0.02000000, 0.01750000, 0.00250000, 0.02195351
-0.02000000, 0.01500000, 0.00500000, 0.01898016
-0.02000000, 0.01250000, 0.00750000, 0.01756465
-0.02000000, 0.01000000, 0.01000000, 0.01625707
-0.02000000, 0.00750000, 0.01250000, 0.01569092
-0.02000000, 0.00500000, 0.01500000, 0.01528156
-0.02000000, 0.00250000, 0.01750000, 0.01517953
-0.02000000, 0.00000000, 0.02000000, 0.01590243
-0.01750000, -0.00250000, 0.02000000, 0.01591341
-0.01500000, -0.00500000, 0.02000000, 0.01624528
-0.01250000, -0.00750000, 0.02000000, 0.01646854
-0.01000000, -0.01000000, 0.02000000, 0.01617224
-0.00750000, -0.01250000, 0.02000000, 0.01570712
-0.00500000, -0.01500000, 0.02000000, 0.01487126
-0.00250000, -0.01750000, 0.02000000, 0.01419096
0.00000000, -0.02000000, 0.02000000, 0.01687752
0.00250000, -0.02000000, 0.01750000, 0.01432321
0.00500000, -0.02000000, 0.01500000, 0.00770396
0.00750000, -0.02000000, 0.01250000, -0.00150715
0.01000000, -0.02000000, 0.01000000, -0.01062214
0.01250000, -0.02000000, 0.00750000, -0.02003433
0.01500000, -0.02000000, 0.00500000, -0.02780604
0.01750000, -0.02000000, 0.00250000, -0.03250793
0.02000000, -0.02000000, 0.00000000, -0.03015730
0.02000000, -0.01750000, -0.00250000, -0.02195351
0.02000000, -0.01500000, -0.00500000, -0.01898016
0.02000000, -0.01250000, -0.00750000, -0.01756465
0.02000000, -0.01000000, -0.01000000, -0.01625707
0.02000000, -0.00750000, -0.01250000, -0.01569092
0.02000000, -0.00500000, -0.01500000, -0.01528156
0.02000000, -0.00250000, -0.01750000, -0.01517953
0.03000000, 0.00000000, -0.03000000, -0.01456352
0.02625000, 0.00375000, -0.03000000, -0.01473188
0.02250000, 0.00750000, -0.03000000, -0.01509283
0.01875000, 0.01125000, -0.03000000, -0.01529676
0.01500000, 0.01500000, -0.03000000, -0.01513366
0.01125000, 0.01875000, -0.03000000, -0.01470041
0.00750000, 0.02250000, -0.03000000, -0.01393265
0.00375000, 0.02625000, -0.03000000, -0.01315393
0.00000000, 0.03000000, -0.03000000, -0.01450307
-0.00375000, 0.03000000, -0.02625000, -0.01161774
-0.00750000, 0.03000000, -0.02250000, -0.00612005
-0.01125000, 0.03000000, -0.01875000, 0.00104309
-0.01500000, 0.03000000, -0.01500000, 0.00843372
-0.01875000, 0.03000000, -0.01125000, 0.01548218
-0.02250000, 0.03000000, -0.00750000, 0.02142955
-0.02625000, 0.03000000, -0.00375000, 0.02507252
-0.03000000, 0.03000000, 0.00000000, 0.02341183
-0.03000000, 0.02625000, 0.00375000, 0.01751576
-0.03000000, 0.02250000, 0.00750000, 0.01543100
-0.03000000, 0.01875000, 0.01125000, 0.01452707
-0.03000000, 0.01500000, 0.01500000, 0.01393015
-0.03000000, 0.01125000, 0.01875000, 0.01363462
-0.03000000, 0.00750000, 0.02250000, 0.01355250
-0.03000000, 0.00375000, 0.02625000, 0.01372768
-0.03000000, 0.00000000, 0.03000000, 0.01456352
-0.02625000, -0.00375000, 0.03000000, 0.01473188
-0.02250000, -0.00750000, 0.03000000, 0.01509283
-0.01875000, -0.01125000, 0.03000000, 0.01529676
-0.01500000, -0.01500000, 0.03000000, 0.01513366
-0.01125000, -0.01875000, 0.03000000, 0.01470041
-0.00750000, -0.02250000, 0.03000000, 0.01393265
-0.00375000, -0.02625000, 0.03000000, 0.01315393
0.00000000, -0.03000000, 0.03000000, 0.01450307
0.00375000, -0.03000000, 0.02625000, 0.01161774
0.00750000, -0.03000000, 0.02250000, 0.00612005
0.01125000, -0.03000000, 0.01875000, -0.00104309
0.01500000, -0.03000000, 0.01500000, -0.00843372
0.01875000, -0.03000000, 0.01125000, -0.01548218
0.02250000, -0.03000000, 0.00750000, -0.02142955
0.02625000, -0.03000000, 0.00375000, -0.02507252
0.03000000, -0.03000000, 0.00000000, -0.02341183
0.03000000, -0.02625000, -0.00375000, -0.01751576
0.03000000, -0.02250000, -0.00750000, -0.01543100
0.03000000, -0.01875000, -0.01125000, -0.01452707
0.03000000, -0.01500000, -0.01500000, -0.01393015
0.03000000, -0.01125000, -0.01875000, -0.01363462
0.03000000, -0.00750000, -0.02250000, -0.01355250
0.03000000, -0.00375000, -0.02625000, -0.01372768
0.04000000, 0.00000000, -0.04000000, -0.01445113
0.03500000, 0.00500000, -0.04000000, -0.01479684
0.03000000, 0.01000000, -0.04000000, -0.01531107
0.02500000, 0.01500000, -0.04000000, -0.01564965
0.02000000, 0.02000000, -0.04000000, -0.01568374
0.01500000, 0.02500000, -0.04000000, -0.01546372
0.01000000, 0.03000000, -0.04000000, -0.01490925
0.00500000, 0.03500000, -0.04000000, -0.01426178
0.00000000, 0.04000000, -0.04000000, -0.01512066
-0.00500000, 0.04000000, -0.03500000, -0.01194321
-0.01000000, 0.04000000, -0.03000000, -0.00659977
-0.01500000, 0.04000000, -0.02500000, -0.00017175
-0.02000000, 0.04000000, -0.02000000, 0.00651251
-0.02500000, 0.04000000, -0.01500000, 0.01286863
-0.03000000, 0.04000000, -0.01000000, 0.01821192
-0.03500000, 0.04000000, -0.00500000, 0.02155453
-0.04000000, 0.04000000, 0.00000000, 0.02020395
-0.04000000, 0.03500000, 0.00500000, 0.01536388
-0.04000000, 0.03000000, 0.01000000, 0.01386261
-0.04000000, 0.02500000, 0.01500000, 0.01319318
-0.04000000, 0.02000000, 0.02000000, 0.01289661
-0.04000000, 0.01500000, 0.02500000, 0.01289349
-0.04000000, 0.01000000, 0.03000000, 0.01307384
-0.04000000, 0.00500000, 0.03500000, 0.01348130
-0.04000000, 0.00000000, 0.04000000, 0.01445113
-0.03500000, -0.00500000, 0.04000000, 0.01479684
-0.03000000, -0.01000000, 0.04000000, 0.01531107
-0.02500000, -0.01500000, 0.04000000, 0.01564965
-0.02000000, -0.02000000, 0.04000000, 0.01568374
-0.01500000, -0.02500000, 0.04000000, 0.01546372
-0.01000000, -0.03000000, 0.04000000, 0.01490925
-0.00500000, -0.03500000, 0.04000000, 0.01426178
0.00000000, -0.04000000, 0.04000000, 0.01512066
0.00500000, -0.04000000, 0.03500000, 0.01194321
0.01000000, -0.04000000, 0.03000000, 0.00659977
0.01500000, -0.04000000, 0.02500000, 0.00017175
0.02000000, -0.04000000, 0.02000000, -0.00651251
0.02500000, -0.04000000, 0.01500000, -0.01286863
0.03000000, -0.04000000, 0.01000000, -0.01821192
0.03500000, -0.04000000, 0.00500000, -0.02155453
0.04000000, -0.04000000, 0.00000000, -0.02020395
0.04000000, -0.03500000, -0.00500000, -0.01536388
0.04000000, -0.03000000, -0.01000000, -0.01386261
0.04000000, -0.02500000, -0.01500000, -0.01319318
0.04000000, -0.02000000, -0.02000000, -0.01289661
0.04000000, -0.01500000, -0.02500000, -0.01289349
0.04000000, -0.01000000, -0.03000000, -0.01307384
0.04000000, -0.00500000, -0.03500000, -0.01348130
0.05000000, 0.00000000, -0.05000000, -0.01480198
0.04375000, 0.00625000, -0.05000000, -0.01532653
0.03750000, 0.01250000, -0.05000000, -0.01601148
0.03125000, 0.01875000, -0.05000000, -0.01655224
0.02500000, 0.02500000, -0.05000000, -0.01682216
0.01875000, 0.03125000, -0.05000000, -0.01684127
0.01250000, 0.03750000, -0.05000000, -0.01653739
0.00625000, 0.04375000, -0.05000000, -0.01607344
0.00000000, 0.05000000, -0.05000000, -0.01672579
-0.00625000, 0.05000000, -0.04375000, -0.01322854
-0.01250000, 0.05000000, -0.03750000, -0.00787237
-0.01875000, 0.05000000, -0.03125000, -0.00160593
-0.02500000, 0.05000000, -0.02500000, 0.00484722
-0.03125000, 0.05000000, -0.01875000, 0.01093505
-0.03750000, 0.05000000, -0.01250000, 0.01608862
-0.04375000, 0.05000000, -0.00625000, 0.01937790
-0.05000000, 0.05000000, 0.00000000, 0.01827390
-0.05000000, 0.04375000, 0.00625000, 0.01408579
-0.05000000, 0.03750000, 0.01250000, 0.01291594
-0.05000000, 0.03125000, 0.01875000, 0.01249463
-0.05000000, 0.02500000, 0.02500000, 0.01243020
-0.05000000, 0.01875000, 0.03125000, 0.01262657
-0.05000000, 0.01250000, 0.03750000, 0.01302873
-0.05000000, 0.00625000, 0.04375000, 0.01364991
-0.05000000, 0.00000000, 0.05000000, 0.01480198
-0.04375000, -0.00625000, 0.05000000, 0.01532653
-0.03750000, -0.01250000, 0.05000000, 0.01601148
-0.03125000, -0.01875000, 0.05000000, 0.01655224
-0.02500000, -0.02500000, 0.05000000, 0.01682216
-0.01875000, -0.03125000, 0.05000000, 0.01684127
-0.01250000, -0.03750000, 0.05000000, 0.01653739
-0.00625000, -0.04375000, 0.05000000, 0.01607344
0.00000000, -0.05000000, 0.05000000, 0.01672579
0.00625000, -0.05000000, 0.04375000, 0.01322854
0.01250000, -0.05000000, 0.03750000, 0.00787237
0.01875000, -0.05000000, 0.03125000, 0.00160593
0.02500000, -0.05000000, 0.02500000, -0.00484722
0.03125000, -0.05000000, 0.01875000, -0.01093505
0.03750000, -0.05000000, 0.01250000, -0.01608862
0.04375000, -0.05000000, 0.00625000, -0.01937790
0.05000000, -0.05000000, 0.00000000, -0.01827390
0.05000000, -0.04375000, -0.00625000, -0.01408579
0.05000000, -0.03750000, -0.01250000, -0.01291594
0.05000000, -0.03125000, -0.01875000, -0.01249463
0.05000000, -0.02500000, -0.02500000, -0.01243020
0.05000000, -0.01875000, -0.03125000, -0.01262657
0.05000000, -0.01250000, -0.03750000, -0.01302873
0.05000000, -0.00625000, -0.04375000, -0.01364991
0.06000000, 0.00000000, -0.06000000, -0.01538395
0.05250000, 0.00750000, -0.06000000, -0.01607474
0.04500000, 0.01500000, -0.06000000, -0.01695106
0.03750000, 0.02250000, -0.06000000, -0.01771026
0.03000000, 0.03000000, -0.06000000, -0.01823544
0.02250000, 0.03750000, -0.06000000, -0.01852270
0.01500000, 0.04500000, -0.06000000, -0.01847965
0.00750000, 0.05250000, -0.06000000, -0.01821387
0.00000000, 0.06000000, -0.06000000, -0.01874547
-0.00750000, 0.06000000, -0.05250000, -0.01492815
-0.01500000, 0.06000000, -0.04500000, -0.00943010
-0.02250000, 0.06000000, -0.03750000, -0.00313973
-0.03000000, 0.06000000, -0.03000000, 0.00328845
-0.03750000, 0.06000000, -0.02250000, 0.00938542
-0.04500000, 0.06000000, -0.01500000, 0.01453654
-0.05250000, 0.06000000, -0.00750000, 0.01789641
-0.06000000, 0.06000000, 0.00000000, 0.01697602
-0.06000000, 0.05250000, 0.00750000, 0.01320430
-0.06000000, 0.04500000, 0.01500000, 0.01229318
-0.06000000, 0.03750000, 0.02250000, 0.01208710
-0.06000000, 0.03000000, 0.03000000, 0.01221728
-0.06000000, 0.02250000, 0.03750000, 0.01263380
-0.06000000, 0.01500000, 0.04500000, 0.01324129
-0.06000000, 0.00750000, 0.05250000, 0.01407281
-0.06000000, 0.00000000, 0.06000000, 0.01538395
-0.05250000, -0.00750000, 0.06000000, 0.01607474
-0.04500000, -0.01500000, 0.06000000, 0.01695106
-0.03750000, -0.02250000, 0.06000000, 0.01771026
-0.03000000, -0.03000000, 0.06000000, 0.01823544
-0.02250000, -0.03750000, 0.06000000, 0.01852270
-0.01500000, -0.04500000, 0.06000000, 0.01847965
-0.00750000, -0.05250000, 0.06000000, 0.01821387
0.00000000, -0.06000000, 0.06000000, 0.01874547
0.00750000, -0.06000000, 0.05250000, 0.01492815
0.01500000, -0.06000000, 0.04500000, 0.00943010
0.02250000, -0.06000000, 0.03750000, 0.00313973
0.03000000, -0.06000000, 0.03000000, -0.00328845
0.03750000, -0.06000000, 0.02250000, -0.00938542
0.04500000, -0.06000000, 0.01500000, -0.01453654
0.05250000, -0.06000000, 0.00750000, -0.01789641
0.06000000, -0.06000000, 0.00000000, -0.01697602
0.06000000, -0.05250000, -0.00750000, -0.01320430
0.06000000, -0.04500000, -0.01500000, -0.01229318
0.06000000, -0.03750000, -0.02250000, -0.01208710
0.06000000, -0.03000000, -0.03000000, -0.01221728
0.06000000, -0.02250000, -0.03750000, -0.01263380
0.06000000, -0.01500000, -0.04500000, -0.01324129
0.06000000, -0.00750000, -0.05250000, -0.01407281
0.07000000, 0.00000000, -0.07000000, -0.01608174
0.06125000, 0.00875000, -0.07000000, -0.01694143
0.05250000, 0.01750000, -0.07000000, -0.01802365
0.04375000, 0.02625000, -0.07000000, -0.01901762
0.03500000, 0.03500000, -0.07000000, -0.01980112
0.02625000, 0.04375000, -0.07000000, -0.02035210
0.01750000, 0.05250000, -0.07000000, -0.02055897
0.00875000, 0.06125000, -0.07000000, -0.02048608
0.00000000, 0.07000000, -0.07000000, -0.02094791
-0.00875000, 0.07000000, -0.06125000, -0.01679699
-0.01750000, 0.07000000, -0.05250000, -0.01105903
-0.02625000, 0.07000000, -0.04375000, -0.00464807
-0.03500000, 0.07000000, -0.03500000, 0.00186068
-0.04375000, 0.07000000, -0.02625000, 0.00800757
-0.05250000, 0.07000000, -0.01750000, 0.01322715
-0.06125000, 0.07000000, -0.00875000, 0.01669549
-0.07000000, 0.07000000, 0.00000000, 0.01597066
-0.07000000, 0.06125000, 0.00875000, 0.01255391
-0.07000000, 0.05250000, 0.01750000, 0.01189773
-0.07000000, 0.04375000, 0.02625000, 0.01187616
-0.07000000, 0.03500000, 0.03500000, 0.01218381
-0.07000000, 0.02625000, 0.04375000, 0.01277041
-0.07000000, 0.01750000, 0.05250000, 0.01355762
-0.07000000, 0.00875000, 0.06125000, 0.01458566
-0.07000000, 0.00000000, 0.07000000, 0.01608174
-0.06125000, -0.00875000, 0.07000000, 0.01694143
-0.05250000, -0.01750000, 0.07000000, 0.01802365
-0.04375000, -0.02625000, 0.07000000, 0.01901762
-0.03500000, -0.03500000, 0.07000000, 0.01980112
-0.02625000, -0.04375000, 0.07000000, 0.02035210
-0.01750000, -0.05250000, 0.07000000, 0.02055897
-0.00875000, -0.06125000, 0.07000000, 0.02048608
0.00000000, -0.07000000, 0.07000000, 0.02094791
0.00875000, -0.07000000, 0.06125000, 0.01679699
0.01750000, -0.07000000, 0.05250000, 0.01105903
0.02625000, -0.07000000, 0.04375000, 0.00464807
0.03500000, -0.07000000, 0.03500000, -0.00186068
0.04375000, -0.07000000, 0.02625000, -0.00800757
0.05250000, -0.07000000, 0.01750000, -0.01322715
0.06125000, -0.07000000, 0.00875000, -0.01669549
0.07000000, -0.07000000, 0.00000000, -0.01597066
0.07000000, -0.06125000, -0.00875000, -0.01255391
0.07000000, -0.05250000, -0.01750000, -0.01189773
0.07000000, -0.04375000, -0.02625000, -0.01187616
0.07000000, -0.03500000, -0.03500000, -0.01218381
0.07000000, -0.02625000, -0.04375000, -0.01277041
0.07000000, -0.01750000, -0.05250000, -0.01355762
0.07000000, -0.00875000, -0.06125000, -0.01458566
0.08000000, 0.00000000, -0.08000000, -0.01686019
0.07000000, 0.01000000, -0.08000000, -0.01789156
0.06000000, 0.02000000, -0.08000000, -0.01918207
0.05000000, 0.03000000, -0.08000000, -0.02041780
0.04000000, 0.04000000, -0.08000000, -0.02146368
0.03000000, 0.05000000, -0.08000000, -0.02227399
0.02000000, 0.06000000, -0.08000000, -0.02272464
0.01000000, 0.07000000, -0.08000000, -0.02283259
0.00000000, 0.08000000, -0.08000000, -0.02323290
-0.01000000, 0.08000000, -0.07000000, -0.01871314
-0.02000000, 0.08000000, -0.06000000, -0.01271517
-0.03000000, 0.08000000, -0.05000000, -0.00613162
-0.04000000, 0.08000000, -0.04000000, 0.00051679
-0.05000000, 0.08000000, -0.03000000, 0.00675776
-0.06000000, 0.08000000, -0.02000000, 0.01209272
-0.07000000, 0.08000000, -0.01000000, 0.01569831
-0.08000000, 0.08000000, 0.00000000, 0.01517662
-0.08000000, 0.07000000, 0.01000000, 0.01208029
-0.08000000, 0.06000000, 0.02000000, 0.01164648
-0.08000000, 0.05000000, 0.03000000, 0.01179249
-0.08000000, 0.04000000, 0.04000000, 0.01226532
-0.08000000, 0.03000000, 0.05000000, 0.01299802
-0.08000000, 0.02000000, 0.06000000, 0.01395151
-0.08000000, 0.01000000, 0.07000000, 0.01516418
-0.08000000, 0.00000000, 0.08000000, 0.01686019
-0.07000000, -0.01000000, 0.08000000, 0.01789156
-0.06000000, -0.02000000, 0.08000000, 0.01918207
-0.05000000, -0.03000000, 0.08000000, 0.02041780
-0.04000000, -0.04000000, 0.08000000, 0.02146368
-0.03000000, -0.05000000, 0.08000000, 0.02227399
-0.02000000, -0.06000000, 0.08000000, 0.02272464
-0.01000000, -0.07000000, 0.08000000, 0.02283259
0.00000000, -0.08000000, 0.08000000, 0.02323290
0.01000000, -0.08000000, 0.07000000, 0.01871314
0.02000000, -0.08000000, 0.06000000, 0.01271517
0.03000000, -0.08000000, 0.05000000, 0.00613162
0.04000000, -0.08000000, 0.04000000, -0.00051679
0.05000000, -0.08000000, 0.03000000, -0.00675776
0.06000000, -0.08000000, 0.02000000, -0.01209272
0.07000000, -0.08000000, 0.01000000, -0.01569831
0.08000000, -0.08000000, 0.00000000, -0.01517662
0.08000000, -0.07000000, -0.01000000, -0.01208029
0.08000000, -0.06000000, -0.02000000, -0.01164648
0.08000000, -0.05000000, -0.03000000, -0.01179249
0.08000000, -0.04000000, -0.04000000, -0.01226532
0.08000000, -0.03000000, -0.05000000, -0.01299802
0.08000000, -0.02000000, -0.06000000, -0.01395151
0.08000000, -0.01000000, -0.07000000, -0.01516418
0.09000000, 0.00000000, -0.09000000, -0.01769460
0.07875000, 0.01125000, -0.09000000, -0.01889982
0.06750000, 0.02250000, -0.09000000, -0.02039955
0.05625000, 0.03375000, -0.09000000, -0.02187918
0.04500000, 0.04500000, -0.09000000, -0.02319138
0.03375000, 0.05625000, -0.09000000, -0.02426261
0.02250000, 0.06750000, -0.09000000, -0.02495347
0.01125000, 0.07875000, -0.09000000, -0.02522962
0.00000000, 0.09000000, -0.09000000, -0.02555190
-0.01125000, 0.09000000, -0.07875000, -0.02063114
-0.02250000, 0.09000000, -0.06750000, -0.01437696
-0.03375000, 0.09000000, -0.05625000, -0.00759387
-0.04500000, 0.09000000, -0.04500000, -0.00077454
-0.05625000, 0.09000000, -0.03375000, 0.00562260
-0.06750000, 0.09000000, -0.02250000, 0.01110915
-0.07875000, 0.09000000, -0.01125000, 0.01487916
-0.09000000, 0.09000000, 0.00000000, 0.01455130
-0.09000000, 0.07875000, 0.01125000, 0.01173844
-0.09000000, 0.06750000, 0.02250000, 0.01149185
-0.09000000, 0.05625000, 0.03375000, 0.01179526
-0.09000000, 0.04500000, 0.04500000, 0.01242101
-0.09000000, 0.03375000, 0.05625000, 0.01330304
-0.09000000, 0.02250000, 0.06750000, 0.01441719
-0.09000000, 0.01125000, 0.07875000, 0.01580654
-0.09000000, 0.00000000, 0.09000000, 0.01769460
-0.07875000, -0.01125000, 0.09000000, 0.01889982
-0.06750000, -0.02250000, 0.09000000, 0.02039955
-0.05625000, -0.03375000, 0.09000000, 0.02187918
-0.04500000, -0.04500000, 0.09000000, 0.02319138
-0.03375000, -0.05625000, 0.09000000, 0.02426261
-0.02250000, -0.06750000, 0.09000000, 0.02495347
-0.01125000, -0.07875000, 0.09000000, 0.02522962
0.00000000, -0.09000000, 0.09000000, 0.02555190
0.01125000, -0.09000000, 0.07875000, 0.02063114
0.02250000, -0.09000000, 0.06750000, 0.01437696
0.03375000, -0.09000000, 0.05625000, 0.00759387
0.04500000, -0.09000000, 0.04500000, 0.00077454
0.05625000, -0.09000000, 0.03375000, -0.00562260
0.06750000, -0.09000000, 0.02250000, -0.01110915
0.07875000, -0.09000000, 0.01125000, -0.01487916
0.09000000, -0.09000000, 0.00000000, -0.01455130
0.09000000, -0.07875000, -0.01125000, -0.01173844
0.09000000, -0.06750000, -0.02250000, -0.01149185
0.09000000, -0.05625000, -0.03375000, -0.01179526
0.09000000, -0.04500000, -0.04500000, -0.01242101
0.09000000, -0.03375000, -0.05625000, -0.01330304
0.09000000, -0.02250000, -0.06750000, -0.01441719
0.09000000, -0.01125000, -0.07875000, -0.01580654
0.10000000, 0.00000000, -0.10000000, -0.01855907
0.08750000, 0.01250000, -0.10000000, -0.01994159
0.07500000, 0.02500000, -0.10000000, -0.02165455
0.06250000, 0.03750000, -0.10000000, -0.02338116
0.05000000, 0.05000000, -0.10000000, -0.02496092
0.03750000, 0.06250000, -0.10000000, -0.02629361
0.02500000, 0.07500000, -0.10000000, -0.02721795
0.01250000, 0.08750000, -0.10000000, -0.02764943
0.00000000, 0.10000000, -0.10000000, -0.02787384
-0.01250000, 0.10000000, -0.08750000, -0.02253460
-0.02500000, 0.10000000, -0.07500000, -0.01601922
-0.03750000, 0.10000000, -0.06250000, -0.00901993
-0.05000000, 0.10000000, -0.05000000, -0.00201313
-0.06250000, 0.10000000, -0.03750000, 0.00457475
-0.07500000, 0.10000000, -0.02500000, 0.01023259
-0.08750000, 0.10000000, -0.01250000, 0.01418172
-0.10000000, 0.10000000, 0.00000000, 0.01404117
-0.10000000, 0.08750000, 0.01250000, 0.01148952
-0.10000000, 0.07500000, 0.02500000, 0.01141261
-0.10000000, 0.06250000, 0.03750000, 0.01186581
-0.10000000, 0.05000000, 0.05000000, 0.01263333
-0.10000000, 0.03750000, 0.06250000, 0.01366416
-0.10000000, 0.02500000, 0.07500000, 0.01493149
-0.10000000, 0.01250000, 0.08750000, 0.01648974
-0.10000000, 0.00000000, 0.10000000, 0.01855907
-0.08750000, -0.01250000, 0.10000000, 0.01994159
-0.07500000, -0.02500000, 0.10000000, 0.02165455
-0.06250000, -0.03750000, 0.10000000, 0.02338116
-0.05000000, -0.05000000, 0.10000000, 0.02496092
-0.03750000, -0.06250000, 0.10000000, 0.02629361
-0.02500000, -0.07500000, 0.10000000, 0.02721795
-0.01250000, -0.08750000, 0.10000000, 0.02764943
0.00000000, -0.10000000, 0.10000000, 0.02787384
0.01250000, -0.10000000, 0.08750000, 0.02253460
0.02500000, -0.10000000, 0.07500000, 0.01601922
0.03750000, -0.10000000, 0.06250000, 0.00901993
0.05000000, -0.10000000, 0.05000000, 0.00201313
0.06250000, -0.10000000, 0.03750000, -0.00457475
0.07500000, -0.10000000, 0.02500000, -0.01023259
0.08750000, -0.10000000, 0.01250000, -0.01418172
0.10000000, -0.10000000, 0.00000000, -0.01404117
0.10000000, -0.08750000, -0.01250000, -0.01148952
0.10000000, -0.07500000, -0.02500000, -0.01141261
0.10000000, -0.06250000, -0.03750000, -0.01186581
0.10000000, -0.05000000, -0.05000000, -0.01263333
0.10000000, -0.03750000, -0.06250000, -0.01366416
0.10000000, -0.02500000, -0.07500000, -0.01493149
0.10000000, -0.01250000, -0.08750000, -0.01648974
0.15000000, 0.00000000, -0.15000000, -0.02271595
0.13125000, 0.01875000, -0.15000000, -0.02506885
0.11250000, 0.03750000, -0.15000000, -0.02793444
0.09375000, 0.05625000, -0.15000000, -0.03094446
0.07500000, 0.07500000, -0.15000000, -0.03384139
0.05625000, 0.09375000, -0.15000000, -0.03641222
0.03750000, 0.11250000, -0.15000000, -0.03836246
0.01875000, 0.13125000, -0.15000000, -0.03936185
0.00000000, 0.15000000, -0.15000000, -0.03881823
-0.01875000, 0.15000000, -0.13125000, -0.03141702
-0.03750000, 0.15000000, -0.11250000, -0.02351685
-0.05625000, 0.15000000, -0.09375000, -0.01536727
-0.07500000, 0.15000000, -0.07500000, -0.00734784
-0.09375000, 0.15000000, -0.05625000, 0.00015315
-0.11250000, 0.15000000, -0.03750000, 0.00669673
-0.13125000, 0.15000000, -0.01875000, 0.01153064
-0.15000000, 0.15000000, 0.00000000, 0.01237102
-0.15000000, 0.13125000, 0.01875000, 0.01109839
-0.15000000, 0.11250000, 0.03750000, 0.01178346
-0.15000000, 0.09375000, 0.05625000, 0.01287657
-0.15000000, 0.07500000, 0.07500000, 0.01420979
-0.15000000, 0.05625000, 0.09375000, 0.01578131
-0.15000000, 0.03750000, 0.11250000, 0.01763064
-0.15000000, 0.01875000, 0.13125000, 0.01985892
-0.15000000, 0.00000000, 0.15000000, 0.02271595
-0.13125000, -0.01875000, 0.15000000, 0.02506885
-0.11250000, -0.03750000, 0.15000000, 0.02793444
-0.09375000, -0.05625000, 0.15000000, 0.03094446
-0.07500000, -0.07500000, 0.15000000, 0.03384139
-0.05625000, -0.09375000, 0.15000000, 0.03641222
-0.03750000, -0.11250000, 0.15000000, 0.03836246
-0.01875000, -0.13125000, 0.15000000, 0.03936185
0.00000000, -0.15000000, 0.15000000, 0.03881823
0.01875000, -0.15000000, 0.13125000, 0.03141702
0.03750000, -0.15000000, 0.11250000, 0.02351685
0.05625000, -0.15000000, 0.09375000, 0.01536727
0.07500000, -0.15000000, 0.07500000, 0.00734784
0.09375000, -0.15000000, 0.05625000, -0.00015315
0.11250000, -0.15000000, 0.03750000, -0.00669673
0.13125000, -0.15000000, 0.01875000, -0.01153064
0.15000000, -0.15000000, 0.00000000, -0.01237102
0.15000000, -0.13125000, -0.01875000, -0.01109839
0.15000000, -0.11250000, -0.03750000, -0.01178346
0.15000000, -0.09375000, -0.05625000, -0.01287657
0.15000000, -0.07500000, -0.07500000, -0.01420979
0.15000000, -0.05625000, -0.09375000, -0.01578131
0.15000000, -0.03750000, -0.11250000, -0.01763064
0.15000000, -0.01875000, -0.13125000, -0.01985892
0.20000000, 0.00000000, -0.20000000, -0.02521239
0.17500000, 0.02500000, -0.20000000, -0.02876859
0.15000000, 0.05000000, -0.20000000, -0.03291323
0.12500000, 0.07500000, -0.20000000, -0.03722749
0.10000000, 0.10000000, -0.20000000, -0.04139292
0.07500000, 0.12500000, -0.20000000, -0.04508272
0.05000000, 0.15000000, -0.20000000, -0.04786227
0.02500000, 0.17500000, -0.20000000, -0.04911748
0.00000000, 0.20000000, -0.20000000, -0.04734572
-0.02500000, 0.20000000, -0.17500000, -0.03838410
-0.05000000, 0.20000000, -0.15000000, -0.02945204
-0.07500000, 0.20000000, -0.12500000, -0.02034986
-0.10000000, 0.20000000, -0.10000000, -0.01141797
-0.12500000, 0.20000000, -0.07500000, -0.00302352
-0.15000000, 0.20000000, -0.05000000, 0.00433925
-0.17500000, 0.20000000, -0.02500000, 0.00994180
-0.20000000, 0.20000000, 0.00000000, 0.01158458
-0.20000000, 0.17500000, 0.02500000, 0.01141092
-0.20000000, 0.15000000, 0.05000000, 0.01264912
-0.20000000, 0.12500000, 0.07500000, 0.01414913
-0.20000000, 0.10000000, 0.10000000, 0.01578436
-0.20000000, 0.07500000, 0.12500000, 0.01762193
-0.20000000, 0.05000000, 0.15000000, 0.01970187
-0.20000000, 0.02500000, 0.17500000, 0.02215527
-0.20000000, 0.00000000, 0.20000000, 0.02521239
-0.17500000, -0.02500000, 0.20000000, 0.02876859
-0.15000000, -0.05000000, 0.20000000, 0.03291323
-0.12500000, -0.07500000, 0.20000000, 0.03722749
-0.10000000, -0.10000000, 0.20000000, 0.04139292
-0.07500000, -0.12500000, 0.20000000, 0.04508272
-0.05000000, -0.15000000, 0.20000000, 0.04786227
-0.02500000, -0.17500000, 0.20000000, 0.04911748
0.00000000, -0.20000000, 0.20000000, 0.04734572
0.02500000, -0.20000000, 0.17500000, 0.03838410
0.05000000, -0.20000000, 0.15000000, 0.02945204
0.07500000, -0.20000000, 0.12500000, 0.02034986
0.10000000, -0.20000000, 0.10000000, 0.01141797
0.12500000, -0.20000000, 0.07500000, 0.00302352
0.15000000, -0.20000000, 0.05000000, -0.00433925
0.17500000, -0.20000000, 0.02500000, -0.00994180
0.20000000, -0.20000000, 0.00000000, -0.01158458
0.20000000, -0.17500000, -0.02500000, -0.01141092
0.20000000, -0.15000000, -0.05000000, -0.01264912
0.20000000, -0.12500000, -0.07500000, -0.01414913
0.20000000, -0.10000000, -0.10000000, -0.01578436
0.20000000, -0.07500000, -0.12500000, -0.01762193
0.20000000, -0.05000000, -0.15000000, -0.01970187
0.20000000, -0.02500000, -0.17500000, -0.02215527
0.25000000, 0.00000000, -0.25000000, -0.02461004
0.21875000, 0.03125000, -0.25000000, -0.02949983
0.18750000, 0.06250000, -0.25000000, -0.03495064
0.15625000, 0.09375000, -0.25000000, -0.04051733
0.12500000, 0.12500000, -0.25000000, -0.04582683
0.09375000, 0.15625000, -0.25000000, -0.05046320
0.06250000, 0.18750000, -0.25000000, -0.05386188
0.03125000, 0.21875000, -0.25000000, -0.05514605
0.00000000, 0.25000000, -0.25000000, -0.05198486
-0.03125000, 0.25000000, -0.21875000, -0.04262939
-0.06250000, 0.25000000, -0.18750000, -0.03333926
-0.09375000, 0.25000000, -0.15625000, -0.02370336
-0.12500000, 0.25000000, -0.12500000, -0.01413549
-0.15625000, 0.25000000, -0.09375000, -0.00512037
-0.18750000, 0.25000000, -0.06250000, 0.00279991
-0.21875000, 0.25000000, -0.03125000, 0.00882799
-0.25000000, 0.25000000, 0.00000000, 0.01089142
-0.25000000, 0.21875000, 0.03125000, 0.01156894
-0.25000000, 0.18750000, 0.06250000, 0.01315398
-0.25000000, 0.15625000, 0.09375000, 0.01478248
-0.25000000, 0.12500000, 0.12500000, 0.01641637
-0.25000000, 0.09375000, 0.15625000, 0.01813165
-0.25000000, 0.06250000, 0.18750000, 0.01999323
-0.25000000, 0.03125000, 0.21875000, 0.02209754
-0.25000000, 0.00000000, 0.25000000, 0.02461004
-0.21875000, -0.03125000, 0.25000000, 0.02949983
-0.18750000, -0.06250000, 0.25000000, 0.03495064
-0.15625000, -0.09375000, 0.25000000, 0.04051733
-0.12500000, -0.12500000, 0.25000000, 0.04582683
-0.09375000, -0.15625000, 0.25000000, 0.05046320
-0.06250000, -0.18750000, 0.25000000, 0.05386188
-0.03125000, -0.21875000, 0.25000000, 0.05514605
0.00000000, -0.25000000, 0.25000000, 0.05198486
0.03125000, -0.25000000, 0.21875000, 0.04262939
0.06250000, -0.25000000, 0.18750000, 0.03333926
0.09375000, -0.25000000, 0.15625000, 0.02370336
0.12500000, -0.25000000, 0.12500000, 0.01413549
0.15625000, -0.25000000, 0.09375000, 0.00512037
0.18750000, -0.25000000, 0.06250000, -0.00279991
0.21875000, -0.25000000, 0.03125000, -0.00882799
0.25000000, -0.25000000, 0.00000000, -0.01089142
0.25000000, -0.21875000, -0.03125000, -0.01156894
0.25000000, -0.18750000, -0.06250000, -0.01315398
0.25000000, -0.15625000, -0.09375000, -0.01478248
0.25000000, -0.12500000, -0.12500000, -0.01641637
0.25000000, -0.09375000, -0.15625000, -0.01813165
0.25000000, -0.06250000, -0.18750000, -0.01999323
0.25000000, -0.03125000, -0.21875000, -0.02209754
0.30000000, 0.00000000, -0.30000000, -0.02082606
0.26250000, 0.03750000, -0.30000000, -0.02678704
0.22500000, 0.07500000, -0.30000000, -0.03329776
0.18750000, 0.11250000, -0.30000000, -0.03985528
0.15000000, 0.15000000, -0.30000000, -0.04604240
0.11250000, 0.18750000, -0.30000000, -0.05136348
0.07500000, 0.22500000, -0.30000000, -0.05515875
0.03750000, 0.26250000, -0.30000000, -0.05633578
0.00000000, 0.30000000, -0.30000000, -0.05194002
-0.03750000, 0.30000000, -0.26250000, -0.04364096
-0.07500000, 0.30000000, -0.22500000, -0.03491732
-0.11250000, 0.30000000, -0.18750000, -0.02533645
-0.15000000, 0.30000000, -0.15000000, -0.01552326
-0.18750000, 0.30000000, -0.11250000, -0.00618846
-0.22500000, 0.30000000, -0.07500000, 0.00193354
-0.26250000, 0.30000000, -0.03750000, 0.00793893
-0.30000000, 0.30000000, 0.00000000, 0.00990927
-0.30000000, 0.26250000, 0.03750000, 0.01108967
-0.30000000, 0.22500000, 0.07500000, 0.01271391
-0.30000000, 0.18750000, 0.11250000, 0.01419850
-0.30000000, 0.15000000, 0.15000000, 0.01554747
-0.30000000, 0.11250000, 0.18750000, 0.01683949
-0.30000000, 0.07500000, 0.22500000, 0.01811588
-0.30000000, 0.03750000, 0.26250000, 0.01941943
-0.30000000, 0.00000000, 0.30000000, 0.02082606
-0.26250000, -0.03750000, 0.30000000, 0.02678704
-0.22500000, -0.07500000, 0.30000000, 0.03329776
-0.18750000, -0.11250000, 0.30000000, 0.03985528
-0.15000000, -0.15000000, 0.30000000, 0.04604240
-0.11250000, -0.18750000, 0.30000000, 0.05136348
-0.07500000, -0.22500000, 0.30000000, 0.05515875
-0.03750000, -0.26250000, 0.30000000, 0.05633578
0.00000000, -0.30000000, 0.30000000, 0.05194002
0.03750000, -0.30000000, 0.26250000, 0.04364096
0.07500000, -0.30000000, 0.22500000, 0.03491732
0.11250000, -0.30000000, 0.18750000, 0.02533645
0.15000000, -0.30000000, 0.15000000, 0.01552326
0.18750000, -0.30000000, 0.11250000, 0.00618846
0.22500000, -0.30000000, 0.07500000, -0.00193354
0.26250000, -0.30000000, 0.03750000, -0.00793893
0.30000000, -0.30000000, 0.00000000, -0.00990927
0.30000000, -0.26250000, -0.03750000, -0.01108967
0.30000000, -0.22500000, -0.07500000, -0.01271391
0.30000000, -0.18750000, -0.11250000, -0.01419850
0.30000000, -0.15000000, -0.15000000, -0.01554747
0.30000000, -0.11250000, -0.18750000, -0.01683949
0.30000000, -0.07500000, -0.22500000, -0.01811588
0.30000000, -0.03750000, -0.26250000, -0.01941943
0.35000000, 0.00000000, -0.35000000, -0.01513555
0.30625000, 0.04375000, -0.35000000, -0.02143539
0.26250000, 0.08750000, -0.35000000, -0.02839941
0.21875000, 0.13125000, -0.35000000, -0.03541986
0.17500000, 0.17500000, -0.35000000, -0.04202321
0.13125000, 0.21875000, -0.35000000, -0.04764845
0.08750000, 0.26250000, -0.35000000, -0.05157211
0.04375000, 0.30625000, -0.35000000, -0.05257954
0.00000000, 0.35000000, -0.35000000, -0.04739503
-0.04375000, 0.35000000, -0.30625000, -0.04142950
-0.08750000, 0.35000000, -0.26250000, -0.03416768
-0.13125000, 0.35000000, -0.21875000, -0.02526687
-0.17500000, 0.35000000, -0.17500000, -0.01566190
-0.21875000, 0.35000000, -0.13125000, -0.00639060
-0.26250000, 0.35000000, -0.08750000, 0.00150754
-0.30625000, 0.35000000, -0.04375000, 0.00700703
-0.35000000, 0.35000000, 0.00000000, 0.00842833
-0.35000000, 0.30625000, 0.04375000, 0.00975911
-0.35000000, 0.26250000, 0.08750000, 0.01117412
-0.35000000, 0.21875000, 0.13125000, 0.01232290
-0.35000000, 0.17500000, 0.17500000, 0.01322500
-0.35000000, 0.13125000, 0.21875000, 0.01395269
-0.35000000, 0.08750000, 0.26250000, 0.01450793
-0.35000000, 0.04375000, 0.30625000, 0.01489578
-0.35000000, 0.00000000, 0.35000000, 0.01513555
-0.30625000, -0.04375000, 0.35000000, 0.02143539
-0.26250000, -0.08750000, 0.35000000, 0.02839941
-0.21875000, -0.13125000, 0.35000000, 0.03541986
-0.17500000, -0.17500000, 0.35000000, 0.04202321
-0.13125000, -0.21875000, 0.35000000, 0.04764845
-0.08750000, -0.26250000, 0.35000000, 0.05157211
-0.04375000, -0.30625000, 0.35000000, 0.05257954
0.00000000, -0.35000000, 0.35000000, 0.04739503
0.04375000, -0.35000000, 0.30625000, 0.04142950
0.08750000, -0.35000000, 0.26250000, 0.03416768
0.13125000, -0.35000000, 0.21875000, 0.02526687
0.17500000, -0.35000000, 0.17500000, 0.01566190
0.21875000, -0.35000000, 0.13125000, 0.00639060
0.26250000, -0.35000000, 0.08750000, -0.00150754
0.30625000, -0.35000000, 0.04375000, -0.00700703
0.35000000, -0.35000000, 0.00000000, -0.00842833
0.35000000, -0.30625000, -0.04375000, -0.00975911
0.35000000, -0.26250000, -0.08750000, -0.01117412
0.35000000, -0.21875000, -0.13125000, -0.01232290
0.35000000, -0.17500000, -0.17500000, -0.01322500
0.35000000, -0.13125000, -0.21875000, -0.01395269
0.35000000, -0.08750000, -0.26250000, -0.01450793
0.35000000, -0.04375000, -0.30625000, -0.01489578
0.40000000, 0.00000000, -0.40000000, -0.00936877
0.35000000, 0.05000000, -0.40000000, -0.01506541
0.30000000, 0.10000000, -0.40000000, -0.02164422
0.25000000, 0.15000000, -0.40000000, -0.02840374
0.20000000, 0.20000000, -0.40000000, -0.03480911
0.15000000, 0.25000000, -0.40000000, -0.04025700
0.10000000, 0.30000000, -0.40000000, -0.04399896
0.05000000, 0.35000000, -0.40000000, -0.04481157
0.00000000, 0.40000000, -0.40000000, -0.03944918
-0.05000000, 0.40000000, -0.35000000, -0.03652975
-0.10000000, 0.40000000, -0.30000000, -0.03136175
-0.15000000, 0.40000000, -0.25000000, -0.02368253
-0.20000000, 0.40000000, -0.20000000, -0.01473052
-0.25000000, 0.40000000, -0.15000000, -0.00595615
-0.30000000, 0.40000000, -0.10000000, 0.00128974
-0.35000000, 0.40000000, -0.05000000, 0.00587817
-0.40000000, 0.40000000, 0.00000000, 0.00652555
-0.40000000, 0.35000000, 0.05000000, 0.00773766
-0.40000000, 0.30000000, 0.10000000, 0.00881671
-0.40000000, 0.25000000, 0.15000000, 0.00956541
-0.40000000, 0.20000000, 0.20000000, 0.01001846
-0.40000000, 0.15000000, 0.25000000, 0.01022298
-0.40000000, 0.10000000, 0.30000000, 0.01018148
-0.40000000, 0.05000000, 0.35000000, 0.00988713
-0.40000000, 0.00000000, 0.40000000, 0.00936877
-0.35000000, -0.05000000, 0.40000000, 0.01506541
-0.30000000, -0.10000000, 0.40000000, 0.02164422
-0.25000000, -0.15000000, 0.40000000, 0.02840374
-0.20000000, -0.20000000, 0.40000000, 0.03480911
-0.15000000, -0.25000000, 0.40000000, 0.04025700
-0.10000000, -0.30000000, 0.40000000, 0.04399896
-0.05000000, -0.35000000, 0.40000000, 0.04481157
0.00000000, -0.40000000, 0.40000000, 0.03944918
0.05000000, -0.40000000, 0.35000000, 0.03652975
0.10000000, -0.40000000, 0.30000000, 0.03136175
0.15000000, -0.40000000, 0.25000000, 0.02368253
0.20000000, -0.40000000, 0.20000000, 0.01473052
0.25000000, -0.40000000, 0.15000000, 0.00595615
0.30000000, -0.40000000, 0.10000000, -0.00128974
0.35000000, -0.40000000, 0.05000000, -0.00587817
0.40000000, -0.40000000, 0.00000000, -0.00652555
0.40000000, -0.35000000, -0.05000000, -0.00773766
0.40000000, -0.30000000, -0.10000000, -0.00881671
0.40000000, -0.25000000, -0.15000000, -0.00956541
0.40000000, -0.20000000, -0.20000000, -0.01001846
0.40000000, -0.15000000, -0.25000000, -0.01022298
0.40000000, -0.10000000, -0.30000000, -0.01018148
0.40000000, -0.05000000, -0.35000000, -0.00988713
0.45000000, 0.00000000, -0.45000000, -0.00488057
0.39375000, 0.05625000, -0.45000000, -0.00926502
0.33750000, 0.11250000, -0.45000000, -0.01470386
0.28125000, 0.16875000, -0.45000000, -0.02049437
0.22500000, 0.22500000, -0.45000000, -0.02608713
0.16875000, 0.28125000, -0.45000000, -0.03087582
0.11250000, 0.33750000, -0.45000000, -0.03413858
0.05625000, 0.39375000, -0.45000000, -0.03474705
0.00000000, 0.45000000, -0.45000000, -0.02980601
-0.05625000, 0.45000000, -0.39375000, -0.02986545
-0.11250000, 0.45000000, -0.33750000, -0.02703485
-0.16875000, 0.45000000, -0.28125000, -0.02094738
-0.22500000, 0.45000000, -0.22500000, -0.01301968
-0.28125000, 0.45000000, -0.16875000, -0.00510150
-0.33750000, 0.45000000, -0.11250000, 0.00115532
-0.39375000, 0.45000000, -0.05625000, 0.00461949
-0.45000000, 0.45000000, 0.00000000, 0.00453467
-0.45000000, 0.39375000, 0.05625000, 0.00546490
-0.45000000, 0.33750000, 0.11250000, 0.00618007
-0.45000000, 0.28125000, 0.16875000, 0.00657871
-0.45000000, 0.22500000, 0.22500000, 0.00669923
-0.45000000, 0.16875000, 0.28125000, 0.00657182
-0.45000000, 0.11250000, 0.33750000, 0.00621271
-0.45000000, 0.05625000, 0.39375000, 0.00562741
-0.45000000, 0.00000000, 0.45000000, 0.00488057
-0.39375000, -0.05625000, 0.45000000, 0.00926502
-0.33750000, -0.11250000, 0.45000000, 0.01470386
-0.28125000, -0.16875000, 0.45000000, 0.02049437
-0.22500000, -0.22500000, 0.45000000, 0.02608713
-0.16875000, -0.28125000, 0.45000000, 0.03087582
-0.11250000, -0.33750000, 0.45000000, 0.03413858
-0.05625000, -0.39375000, 0.45000000, 0.03474705
0.00000000, -0.45000000, 0.45000000, 0.02980601
0.05625000, -0.45000000, 0.39375000, 0.02986545
0.11250000, -0.45000000, 0.33750000, 0.02703485
0.16875000, -0.45000000, 0.28125000, 0.02094738
0.22500000, -0.45000000, 0.22500000, 0.01301968
0.28125000, -0.45000000, 0.16875000, 0.00510150
0.33750000, -0.45000000, 0.11250000, -0.00115532
0.39375000, -0.45000000, 0.05625000, -0.00461949
0.45000000, -0.45000000, 0.00000000, -0.00453467
0.45000000, -0.39375000, -0.05625000, -0.00546490
0.45000000, -0.33750000, -0.11250000, -0.00618007
0.45000000, -0.28125000, -0.16875000, -0.00657871
0.45000000, -0.22500000, -0.22500000, -0.00669923
0.45000000, -0.16875000, -0.28125000, -0.00657182
0.45000000, -0.11250000, -0.33750000, -0.00621271
0.45000000, -0.05625000, -0.39375000, -0.00562741
0.50000000, 0.00000000, -0.50000000, -0.00209735
0.43750000, 0.06250000, -0.50000000, -0.00495723
0.37500000, 0.12500000, -0.50000000, -0.00886250
0.31250000, 0.18750000, -0.50000000, -0.01323263
0.25000000, 0.25000000, -0.50000000, -0.01758287
0.18750000, 0.31250000, -0.50000000, -0.02136224
0.12500000, 0.37500000, -0.50000000, -0.02393185
0.06250000, 0.43750000, -0.50000000, -0.02434180
0.00000000, 0.50000000, -0.50000000, -0.02027027
-0.06250000, 0.50000000, -0.43750000, -0.02254366
-0.12500000, 0.50000000, -0.37500000, -0.02186227
-0.18750000, 0.50000000, -0.31250000, -0.01750408
-0.25000000, 0.50000000, -0.25000000, -0.01085174
-0.31250000, 0.50000000, -0.18750000, -0.00404174
-0.37500000, 0.50000000, -0.12500000, 0.00102970
-0.43750000, 0.50000000, -0.06250000, 0.00337179
-0.50000000, 0.50000000, 0.00000000, 0.00279602
-0.50000000, 0.43750000, 0.06250000, 0.00339821
-0.50000000, 0.37500000, 0.12500000, 0.00379963
-0.50000000, 0.31250000, 0.18750000, 0.00395865
-0.50000000, 0.25000000, 0.25000000, 0.00390416
-0.50000000, 0.18750000, 0.31250000, 0.00366594
-0.50000000, 0.12500000, 0.37500000, 0.00326021
-0.50000000, 0.06250000, 0.43750000, 0.00271098
-0.50000000, 0.00000000, 0.50000000, 0.00209735
-0.43750000, -0.06250000, 0.50000000, 0.00495723
-0.37500000, -0.12500000, 0.50000000, 0.00886250
-0.31250000, -0.18750000, 0.50000000, 0.01323263
-0.25000000, -0.25000000, 0.50000000, 0.01758287
-0.18750000, -0.31250000, 0.50000000, 0.02136224
-0.12500000, -0.37500000, 0.50000000, 0.02393185
-0.06250000, -0.43750000, 0.50000000, 0.02434180
0.00000000, -0.50000000, 0.50000000, 0.02027027
0.06250000, -0.50000000, 0.43750000, 0.02254366
0.12500000, -0.50000000, 0.37500000, 0.02186227
0.18750000, -0.50000000, 0.31250000, 0.01750408
0.25000000, -0.50000000, 0.25000000, 0.01085174
0.31250000, -0.50000000, 0.18750000, 0.00404174
0.37500000, -0.50000000, 0.12500000, -0.00102970
0.43750000, -0.50000000, 0.06250000, -0.00337179
0.50000000, -0.50000000, 0.00000000, -0.00279602
0.50000000, -0.43750000, -0.06250000, -0.00339821
0.50000000, -0.37500000, -0.12500000, -0.00379963
0.50000000, -0.31250000, -0.18750000, -0.00395865
0.50000000, -0.25000000, -0.25000000, -0.00390416
0.50000000, -0.18750000, -0.31250000, -0.00366594
0.50000000, -0.12500000, -0.37500000, -0.00326021
0.50000000, -0.06250000, -0.43750000, -0.00271098
0.55000000, 0.00000000, -0.55000000, -0.00072301
0.48125000, 0.06875000, -0.55000000, -0.00229032
0.41250000, 0.13750000, -0.55000000, -0.00470061
0.34375000, 0.20625000, -0.55000000, -0.00757370
0.27500000, 0.27500000, -0.55000000, -0.01055083
0.20625000, 0.34375000, -0.55000000, -0.01319383
0.13750000, 0.41250000, -0.55000000, -0.01499322
0.06875000, 0.48125000, -0.55000000, -0.01523015
0.00000000, 0.55000000, -0.55000000, -0.01224606
-0.06875000, 0.55000000, -0.48125000, -0.01560378
-0.13750000, 0.55000000, -0.41250000, -0.01652648
-0.20625000, 0.55000000, -0.34375000, -0.01379459
-0.27500000, 0.55000000, -0.27500000, -0.00852499
-0.34375000, 0.55000000, -0.20625000, -0.00297293
-0.41250000, 0.55000000, -0.13750000, 0.00086615
-0.48125000, 0.55000000, -0.06875000, 0.00225469
-0.55000000, 0.55000000, 0.00000000, 0.00150060
-0.55000000, 0.48125000, 0.06875000, 0.00182577
-0.55000000, 0.41250000, 0.13750000, 0.00201028
-0.55000000, 0.34375000, 0.20625000, 0.00204291
-0.55000000, 0.27500000, 0.27500000, 0.00194298
-0.55000000, 0.20625000, 0.34375000, 0.00173966
-0.55000000, 0.13750000, 0.41250000, 0.00144328
-0.55000000, 0.06875000, 0.48125000, 0.00108326
-0.55000000, 0.00000000, 0.55000000, 0.00072301
-0.48125000, -0.06875000, 0.55000000, 0.00229032
-0.41250000, -0.13750000, 0.55000000, 0.00470061
-0.34375000, -0.20625000, 0.55000000, 0.00757370
-0.27500000, -0.27500000, 0.55000000, 0.01055083
-0.20625000, -0.34375000, 0.55000000, 0.01319383
-0.13750000, -0.41250000, 0.55000000, 0.01499322
-0.06875000, -0.48125000, 0.55000000, 0.01523015
0.00000000, -0.55000000, 0.55000000, 0.01224606
0.06875000, -0.55000000, 0.48125000, 0.01560378
0.13750000, -0.55000000, 0.41250000, 0.01652648
0.20625000, -0.55000000, 0.34375000, 0.01379459
0.27500000, -0.55000000, 0.27500000, 0.00852499
0.34375000, -0.55000000, 0.20625000, 0.00297293
0.41250000, -0.55000000, 0.13750000, -0.00086615
0.48125000, -0.55000000, 0.06875000, -0.00225469
0.55000000, -0.55000000, 0.00000000, -0.00150060
0.55000000, -0.48125000, -0.06875000, -0.00182577
0.55000000, -0.41250000, -0.13750000, -0.00201028
0.55000000, -0.34375000, -0.20625000, -0.00204291
0.55000000, -0.27500000, -0.27500000, -0.00194298
0.55000000, -0.20625000, -0.34375000, -0.00173966
0.55000000, -0.13750000, -0.41250000, -0.00144328
0.55000000, -0.06875000, -0.48125000, -0.00108326
0.60000000, 0.00000000, -0.60000000, -0.00019678
0.52500000, 0.07500000, -0.60000000, -0.00090811
0.45000000, 0.15000000, -0.60000000, -0.00216619
0.37500000, 0.22500000, -0.60000000, -0.00378587
0.30000000, 0.30000000, -0.60000000, -0.00554840
0.22500000, 0.37500000, -0.60000000, -0.00715705
0.15000000, 0.45000000, -0.60000000, -0.00825422
0.07500000, 0.52500000, -0.60000000, -0.00836174
0.00000000, 0.60000000, -0.60000000, -0.00644226
-0.07500000, 0.60000000, -0.52500000, -0.00980219
-0.15000000, 0.60000000, -0.45000000, -0.01160835
-0.22500000, 0.60000000, -0.37500000, -0.01021144
-0.30000000, 0.60000000, -0.30000000, -0.00629152
-0.37500000, 0.60000000, -0.22500000, -0.00203178
-0.45000000, 0.60000000, -0.15000000, 0.00066334
-0.52500000, 0.60000000, -0.07500000, 0.00135634
-0.60000000, 0.60000000, 0.00000000, 0.00067854
-0.60000000, 0.52500000, 0.07500000, 0.00082130
-0.60000000, 0.45000000, 0.15000000, 0.00088757
-0.60000000, 0.37500000, 0.22500000, 0.00087429
-0.60000000, 0.30000000, 0.30000000, 0.00079795
-0.60000000, 0.22500000, 0.37500000, 0.00067676
-0.60000000, 0.15000000, 0.45000000, 0.00052054
-0.60000000, 0.07500000, 0.52500000, 0.00034848
-0.60000000, 0.00000000, 0.60000000, 0.00019678
-0.52500000, -0.07500000, 0.60000000, 0.00090811
-0.45000000, -0.15000000, 0.60000000, 0.00216619
-0.37500000, -0.22500000, 0.60000000, 0.00378587
-0.30000000, -0.30000000, 0.60000000, 0.00554840
-0.22500000, -0.37500000, 0.60000000, 0.00715705
-0.15000000, -0.45000000, 0.60000000, 0.00825422
-0.07500000, -0.52500000, 0.60000000, 0.00836174
0.00000000, -0.60000000, 0.60000000, 0.00644226
0.07500000, -0.60000000, 0.52500000, 0.00980219
0.15000000, -0.60000000, 0.45000000, 0.01160835
0.22500000, -0.60000000, 0.37500000, 0.01021144
0.30000000, -0.60000000, 0.30000000, 0.00629152
0.37500000, -0.60000000, 0.22500000, 0.00203178
0.45000000, -0.60000000, 0.15000000, -0.00066334
0.52500000, -0.60000000, 0.07500000, -0.00135634
0.60000000, -0.60000000, 0.00000000, -0.00067854
0.60000000, -0.52500000, -0.07500000, -0.00082130
0.60000000, -0.45000000, -0.15000000, -0.00088757
0.60000000, -0.37500000, -0.22500000, -0.00087429
0.60000000, -0.30000000, -0.30000000, -0.00079795
0.60000000, -0.22500000, -0.37500000, -0.00067676
0.60000000, -0.15000000, -0.45000000, -0.00052054
0.60000000, -0.07500000, -0.52500000, -0.00034848
0.65000000, 0.00000000, -0.65000000, -0.00004498
0.56875000, 0.08125000, -0.65000000, -0.00030856
0.48750000, 0.16250000, -0.65000000, -0.00085202
0.40625000, 0.24375000, -0.65000000, -0.00161756
0.32500000, 0.32500000, -0.65000000, -0.00249903
0.24375000, 0.40625000, -0.65000000, -0.00332938
0.16250000, 0.48750000, -0.65000000, -0.00389494
0.08125000, 0.56875000, -0.65000000, -0.00392404
0.00000000, 0.65000000, -0.65000000, -0.00286371
-0.08125000, 0.65000000, -0.56875000, -0.00550419
-0.16250000, 0.65000000, -0.48750000, -0.00750945
-0.24375000, 0.65000000, -0.40625000, -0.00705663
-0.32500000, 0.65000000, -0.32500000, -0.00433925
-0.40625000, 0.65000000, -0.24375000, -0.00128236
-0.48750000, 0.65000000, -0.16250000, 0.00045793
-0.56875000, 0.65000000, -0.08125000, 0.00072492
-0.65000000, 0.65000000, 0.00000000, 0.00024885
-0.65000000, 0.56875000, 0.08125000, 0.00029507
-0.65000000, 0.48750000, 0.16250000, 0.00031082
-0.65000000, 0.40625000, 0.24375000, 0.00029199
-0.65000000, 0.32500000, 0.32500000, 0.00025353
-0.65000000, 0.24375000, 0.40625000, 0.00020056
-0.65000000, 0.16250000, 0.48750000, 0.00014302
-0.65000000, 0.08125000, 0.56875000, 0.00008616
-0.65000000, 0.00000000, 0.65000000, 0.00004498
-0.56875000, -0.08125000, 0.65000000, 0.00030856
-0.48750000, -0.16250000, 0.65000000, 0.00085202
-0.40625000, -0.24375000, 0.65000000, 0.00161756
-0.32500000, -0.32500000, 0.65000000, 0.00249903
-0.24375000, -0.40625000, 0.65000000, 0.00332938
-0.16250000, -0.48750000, 0.65000000, 0.00389494
-0.08125000, -0.56875000, 0.65000000, 0.00392404
0.00000000, -0.65000000, 0.65000000, 0.00286371
0.08125000, -0.65000000, 0.56875000, 0.00550419
0.16250000, -0.65000000, 0.48750000, 0.00750945
0.24375000, -0.65000000, 0.40625000, 0.00705663
0.32500000, -0.65000000, 0.32500000, 0.00433925
0.40625000, -0.65000000, 0.24375000, 0.00128236
0.48750000, -0.65000000, 0.16250000, -0.00045793
0.56875000, -0.65000000, 0.08125000, -0.00072492
0.65000000, -0.65000000, 0.00000000, -0.00024885
0.65000000, -0.56875000, -0.08125000, -0.00029507
0.65000000, -0.48750000, -0.16250000, -0.00031082
0.65000000, -0.40625000, -0.24375000, -0.00029199
0.65000000, -0.32500000, -0.32500000, -0.00025353
0.65000000, -0.24375000, -0.40625000, -0.00020056
0.65000000, -0.16250000, -0.48750000, -0.00014302
0.65000000, -0.08125000, -0.56875000, -0.00008616
0.70000000, 0.00000000, -0.70000000, -0.00000768
0.61250000, 0.08750000, -0.70000000, -0.00008813
0.52500000, 0.17500000, -0.70000000, -0.00027931
0.43750000, 0.26250000, -0.70000000, -0.00057426
0.35000000, 0.35000000, -0.70000000, -0.00093500
0.26250000, 0.43750000, -0.70000000, -0.00128497
0.17500000, 0.52500000, -0.70000000, -0.00152080
0.08750000, 0.61250000, -0.70000000, -0.00151581
0.00000000, 0.70000000, -0.70000000, -0.00102907
-0.08750000, 0.70000000, -0.61250000, -0.00270100
-0.17500000, 0.70000000, -0.52500000, -0.00441629
-0.26250000, 0.70000000, -0.43750000, -0.00450990
-0.35000000, 0.70000000, -0.35000000, -0.00277457
-0.43750000, 0.70000000, -0.26250000, -0.00073549
-0.52500000, 0.70000000, -0.17500000, 0.00028801
-0.61250000, 0.70000000, -0.08750000, 0.00034792
-0.70000000, 0.70000000, 0.00000000, 0.00007655
-0.70000000, 0.61250000, 0.08750000, 0.00008118
-0.70000000, 0.52500000, 0.17500000, 0.00007904
-0.70000000, 0.43750000, 0.26250000, 0.00006646
-0.70000000, 0.35000000, 0.35000000, 0.00005253
-0.70000000, 0.26250000, 0.43750000, 0.00003780
-0.70000000, 0.17500000, 0.52500000, 0.00002546
-0.70000000, 0.08750000, 0.61250000, 0.00001398
-0.70000000, 0.00000000, 0.70000000, 0.00000768
-0.61250000, -0.08750000, 0.70000000, 0.00008813
-0.52500000, -0.17500000, 0.70000000, 0.00027931
-0.43750000, -0.26250000, 0.70000000, 0.00057426
-0.35000000, -0.35000000, 0.70000000, 0.00093500
-0.26250000, -0.43750000, 0.70000000, 0.00128497
-0.17500000, -0.52500000, 0.70000000, 0.00152080
-0.08750000, -0.61250000, 0.70000000, 0.00151581
0.00000000, -0.70000000, 0.70000000, 0.00102907
0.08750000, -0.70000000, 0.61250000, 0.00270100
0.17500000, -0.70000000, 0.52500000, 0.00441629
0.26250000, -0.70000000, 0.43750000, 0.00450990
0.35000000, -0.70000000, 0.35000000, 0.00277457
0.43750000, -0.70000000, 0.26250000, 0.00073549
0.52500000, -0.70000000, 0.17500000, -0.00028801
0.61250000, -0.70000000, 0.08750000, -0.00034792
0.70000000, -0.70000000, 0.00000000, -0.00007655
0.70000000, -0.61250000, -0.08750000, -0.00008118
0.70000000, -0.52500000, -0.17500000, -0.00007904
0.70000000, -0.43750000, -0.26250000, -0.00006646
0.70000000, -0.35000000, -0.35000000, -0.00005253
0.70000000, -0.26250000, -0.43750000, -0.00003780
0.70000000, -0.17500000, -0.52500000, -0.00002546
0.70000000, -0.08750000, -0.61250000, -0.00001398
0.75000000, 0.00000000, -0.75000000, 0.00000342
0.65625000, 0.09375000, -0.75000000, -0.00001780
0.56250000, 0.18750000, -0.75000000, -0.00007356
0.46875000, 0.28125000, -0.75000000, -0.00016390
0.37500000, 0.37500000, -0.75000000, -0.00028042
0.28125000, 0.46875000, -0.75000000, -0.00039453
0.18750000, 0.56250000, -0.75000000, -0.00046874
0.09375000, 0.65625000, -0.75000000, -0.00045770
0.00000000, 0.75000000, -0.75000000, -0.00028117
-0.09375000, 0.75000000, -0.65625000, -0.00111989
-0.18750000, 0.75000000, -0.56250000, -0.00231444
-0.28125000, 0.75000000, -0.46875000, -0.00262354
-0.37500000, 0.75000000, -0.37500000, -0.00162098
-0.46875000, 0.75000000, -0.28125000, -0.00037412
-0.56250000, 0.75000000, -0.18750000, 0.00016564
-0.65625000, 0.75000000, -0.09375000, 0.00015531
-0.75000000, 0.75000000, 0.00000000, 0.00002667
-0.75000000, 0.65625000, 0.09375000, 0.00001896
-0.75000000, 0.56250000, 0.18750000, 0.00001185
-0.75000000, 0.46875000, 0.28125000, 0.00000509
-0.75000000, 0.37500000, 0.37500000, 0.00000051
-0.75000000, 0.28125000, 0.46875000, 0.00000110
-0.75000000, 0.18750000, 0.56250000, 0.00000110
-0.75000000, 0.09375000, 0.65625000, -0.00000051
-0.75000000, 0.00000000, 0.75000000, -0.00000342
-0.65625000, -0.09375000, 0.75000000, 0.00001780
-0.56250000, -0.18750000, 0.75000000, 0.00007356
-0.46875000, -0.28125000, 0.75000000, 0.00016390
-0.37500000, -0.37500000, 0.75000000, 0.00028042
-0.28125000, -0.46875000, 0.75000000, 0.00039453
-0.18750000, -0.56250000, 0.75000000, 0.00046874
-0.09375000, -0.65625000, 0.75000000, 0.00045770
0.00000000, -0.75000000, 0.75000000, 0.00028117
0.09375000, -0.75000000, 0.65625000, 0.00111989
0.18750000, -0.75000000, 0.56250000, 0.00231444
0.28125000, -0.75000000, 0.46875000, 0.00262354
0.37500000, -0.75000000, 0.37500000, 0.00162098
0.46875000, -0.75000000, 0.28125000, 0.00037412
0.56250000, -0.75000000, 0.18750000, -0.00016564
0.65625000, -0.75000000, 0.09375000, -0.00015531
0.75000000, -0.75000000, 0.00000000, -0.00002667
0.75000000, -0.65625000, -0.09375000, -0.00001896
0.75000000, -0.56250000, -0.18750000, -0.00001185
0.75000000, -0.46875000, -0.28125000, -0.00000509
0.75000000, -0.37500000, -0.37500000, -0.00000051
0.75000000, -0.28125000, -0.46875000, -0.00000110
0.75000000, -0.18750000, -0.56250000, -0.00000110
0.75000000, -0.09375000, -0.65625000, 0.00000051
0.80000000, 0.00000000, -0.80000000, 0.00000257
0.70000000, 0.10000000, -0.80000000, -0.00000146
0.60000000, 0.20000000, -0.80000000, -0.00001435
0.50000000, 0.30000000, -0.80000000, -0.00003559
0.40000000, 0.40000000, -0.80000000, -0.00006407
0.30000000, 0.50000000, -0.80000000, -0.00009082
0.20000000, 0.60000000, -0.80000000, -0.00010619
0.10000000, 0.70000000, -0.80000000, -0.00009982
0.00000000, 0.80000000, -0.80000000, -0.00005356
-0.10000000, 0.80000000, -0.70000000, -0.00037300
-0.20000000, 0.80000000, -0.60000000, -0.00104524
-0.30000000, 0.80000000, -0.50000000, -0.00134877
-0.40000000, 0.80000000, -0.40000000, -0.00084034
-0.50000000, 0.80000000, -0.30000000, -0.00016532
-0.60000000, 0.80000000, -0.20000000, 0.00008171
-0.70000000, 0.80000000, -0.10000000, 0.00006155
-0.80000000, 0.80000000, 0.00000000, 0.00000924
-0.80000000, 0.70000000, 0.10000000, 0.00000400
-0.80000000, 0.60000000, 0.20000000, -0.00000092
-0.80000000, 0.50000000, 0.30000000, -0.00000403
-0.80000000, 0.40000000, 0.40000000, -0.00000553
-0.80000000, 0.30000000, 0.50000000, -0.00000244
-0.80000000, 0.20000000, 0.60000000, -0.00000079
-0.80000000, 0.10000000, 0.70000000, -0.00000063
-0.80000000, 0.00000000, 0.80000000, -0.00000257
-0.70000000, -0.10000000, 0.80000000, 0.00000146
-0.60000000, -0.20000000, 0.80000000, 0.00001435
-0.50000000, -0.30000000, 0.80000000, 0.00003559
-0.40000000, -0.40000000, 0.80000000, 0.00006407
-0.30000000, -0.50000000, 0.80000000, 0.00009082
-0.20000000, -0.60000000, 0.80000000, 0.00010619
-0.10000000, -0.70000000, 0.80000000, 0.00009982
0.00000000, -0.80000000, 0.80000000, 0.00005356
0.10000000, -0.80000000, 0.70000000, 0.00037300
0.20000000, -0.80000000, 0.60000000, 0.00104524
0.30000000, -0.80000000, 0.50000000, 0.00134877
0.40000000, -0.80000000, 0.40000000, 0.00084034
0.50000000, -0.80000000, 0.30000000, 0.00016532
0.60000000, -0.80000000, 0.20000000, -0.00008171
0.70000000, -0.80000000, 0.10000000, -0.00006155
0.80000000, -0.80000000, 0.00000000, -0.00000924
0.80000000, -0.70000000, -0.10000000, -0.00000400
0.80000000, -0.60000000, -0.20000000, 0.00000092
0.80000000, -0.50000000, -0.30000000, 0.00000403
0.80000000, -0.40000000, -0.40000000, 0.00000553
0.80000000, -0.30000000, -0.50000000, 0.00000244
0.80000000, -0.20000000, -0.60000000, 0.00000079
0.80000000, -0.10000000, -0.70000000, 0.00000063
0.85000000, 0.00000000, -0.85000000, -0.00000266
0.74375000, 0.10625000, -0.85000000, -0.00000234
0.63750000, 0.21250000, -0.85000000, -0.00000194
0.53125000, 0.31875000, -0.85000000, -0.00000426
0.42500000, 0.42500000, -0.85000000, -0.00000828
0.31875000, 0.53125000, -0.85000000, -0.00001199
0.21250000, 0.63750000, -0.85000000, -0.00001285
0.10625000, 0.74375000, -0.85000000, -0.00001088
0.00000000, 0.85000000, -0.85000000, -0.00000414
-0.10625000, 0.85000000, -0.74375000, -0.00009217
-0.21250000, 0.85000000, -0.63750000, -0.00038230
-0.31875000, 0.85000000, -0.53125000, -0.00057871
-0.42500000, 0.85000000, -0.42500000, -0.00036467
-0.53125000, 0.85000000, -0.31875000, -0.00006290
-0.63750000, 0.85000000, -0.21250000, 0.00002851
-0.74375000, 0.85000000, -0.10625000, 0.00001437
-0.85000000, 0.85000000, 0.00000000, -0.00000323
-0.85000000, 0.74375000, 0.10625000, -0.00000241
-0.85000000, 0.63750000, 0.21250000, -0.00000233
-0.85000000, 0.53125000, 0.31875000, -0.00000313
-0.85000000, 0.42500000, 0.42500000, -0.00000261
-0.85000000, 0.31875000, 0.53125000, -0.00000204
-0.85000000, 0.21250000, 0.63750000, -0.00000031
-0.85000000, 0.10625000, 0.74375000, 0.00000127
-0.85000000, 0.00000000, 0.85000000, 0.00000266
-0.74375000, -0.10625000, 0.85000000, 0.00000234
-0.63750000, -0.21250000, 0.85000000, 0.00000194
-0.53125000, -0.31875000, 0.85000000, 0.00000426
-0.42500000, -0.42500000, 0.85000000, 0.00000828
-0.31875000, -0.53125000, 0.85000000, 0.00001199
-0.21250000, -0.63750000, 0.85000000, 0.00001285
-0.10625000, -0.74375000, 0.85000000, 0.00001088
0.00000000, -0.85000000, 0.85000000, 0.00000414
0.10625000, -0.85000000, 0.74375000, 0.00009217
0.21250000, -0.85000000, 0.63750000, 0.00038230
0.31875000, -0.85000000, 0.53125000, 0.00057871
0.42500000, -0.85000000, 0.42500000, 0.00036467
0.53125000, -0.85000000, 0.31875000, 0.00006290
0.63750000, -0.85000000, 0.21250000, -0.00002851
0.74375000, -0.85000000, 0.10625000, -0.00001437
0.85000000, -0.85000000, 0.00000000, 0.00000323
0.85000000, -0.74375000, -0.10625000, 0.00000241
0.85000000, -0.63750000, -0.21250000, 0.00000233
0.85000000, -0.53125000, -0.31875000, 0.00000313
0.85000000, -0.42500000, -0.42500000, 0.00000261
0.85000000, -0.31875000, -0.53125000, 0.00000204
0.85000000, -0.21250000, -0.63750000, 0.00000031
0.85000000, -0.10625000, -0.74375000, -0.00000127
0.90000000, 0.00000000, -0.90000000, -0.00000132
0.78750000, 0.11250000, -0.90000000, -0.00000141
0.67500000, 0.22500000, -0.90000000, -0.00000045
0.56250000, 0.33750000, -0.90000000, -0.00000014
0.45000000, 0.45000000, -0.90000000, 0.00000003
0.33750000, 0.56250000, -0.90000000, 0.00000020
0.22500000, 0.67500000, -0.90000000, 0.00000092
0.11250000, 0.78750000, -0.90000000, 0.00000138
0.00000000, 0.90000000, -0.90000000, 0.00000137
-0.11250000, 0.90000000, -0.78750000, -0.00001396
-0.22500000, 0.90000000, -0.67500000, -0.00009966
-0.33750000, 0.90000000, -0.56250000, -0.00018430
-0.45000000, 0.90000000, -0.45000000, -0.00011820
-0.56250000, 0.90000000, -0.33750000, -0.00001779
-0.67500000, 0.90000000, -0.22500000, 0.00000652
-0.78750000, 0.90000000, -0.11250000, 0.00000110
-0.90000000, 0.90000000, 0.00000000, -0.00000233
-0.90000000, 0.78750000, 0.11250000, -0.00000155
-0.90000000, 0.67500000, 0.22500000, -0.00000060
-0.90000000, 0.56250000, 0.33750000, -0.00000068
-0.90000000, 0.45000000, 0.45000000, -0.00000021
-0.90000000, 0.33750000, 0.56250000, -0.00000082
-0.90000000, 0.22500000, 0.67500000, -0.00000035
-0.90000000, 0.11250000, 0.78750000, 0.00000020
-0.90000000, 0.00000000, 0.90000000, 0.00000132
-0.78750000, -0.11250000, 0.90000000, 0.00000141
-0.67500000, -0.22500000, 0.90000000, 0.00000045
-0.56250000, -0.33750000, 0.90000000, 0.00000014
-0.45000000, -0.45000000, 0.90000000, -0.00000003
-0.33750000, -0.56250000, 0.90000000, -0.00000020
-0.22500000, -0.67500000, 0.90000000, -0.00000092
-0.11250000, -0.78750000, 0.90000000, -0.00000138
0.00000000, -0.90000000, 0.90000000, -0.00000137
0.11250000, -0.90000000, 0.78750000, 0.00001396
0.22500000, -0.90000000, 0.67500000, 0.00009966
0.33750000, -0.90000000, 0.56250000, 0.00018430
0.45000000, -0.90000000, 0.45000000, 0.00011820
0.56250000, -0.90000000, 0.33750000, 0.00001779
0.67500000, -0.90000000, 0.22500000, -0.00000652
0.78750000, -0.90000000, 0.11250000, -0.00000110
0.90000000, -0.90000000, 0.00000000, 0.00000233
0.90000000, -0.78750000, -0.11250000, 0.00000155
0.90000000, -0.67500000, -0.22500000, 0.00000060
0.90000000, -0.56250000, -0.33750000, 0.00000068
0.90000000, -0.45000000, -0.45000000, 0.00000021
0.90000000, -0.33750000, -0.56250000, 0.00000082
0.90000000, -0.22500000, -0.67500000, 0.00000035
0.90000000, -0.11250000, -0.78750000, -0.00000020
0.95000000, 0.00000000, -0.95000000, 0.00000200
0.83125000, 0.11875000, -0.95000000, 0.00000188
0.71250000, 0.23750000, -0.95000000, 0.00000018
0.59375000, 0.35625000, -0.95000000, -0.00000097
0.47500000, 0.47500000, -0.95000000, -0.00000191
0.35625000, 0.59375000, -0.95000000, -0.00000220
0.23750000, 0.71250000, -0.95000000, -0.00000245
0.11875000, 0.83125000, -0.95000000, -0.00000237
0.00000000, 0.95000000, -0.95000000, -0.00000178
-0.11875000, 0.95000000, -0.83125000, -0.00000021
-0.23750000, 0.95000000, -0.71250000, -0.00001320
-0.35625000, 0.95000000, -0.59375000, -0.00003133
-0.47500000, 0.95000000, -0.47500000, -0.00002116
-0.59375000, 0.95000000, -0.35625000, -0.00000055
-0.71250000, 0.95000000, -0.23750000, 0.00000361
-0.83125000, 0.95000000, -0.11875000, 0.00000437
-0.95000000, 0.95000000, 0.00000000, 0.00000394
-0.95000000, 0.83125000, 0.11875000, 0.00000199
-0.95000000, 0.71250000, 0.23750000, 0.00000074
-0.95000000, 0.59375000, 0.35625000, 0.00000045
-0.95000000, 0.47500000, 0.47500000, -0.00000023
-0.95000000, 0.35625000, 0.59375000, 0.00000033
-0.95000000, 0.23750000, 0.71250000, -0.00000020
-0.95000000, 0.11875000, 0.83125000, -0.00000097
-0.95000000, 0.00000000, 0.95000000, -0.00000200
-0.83125000, -0.11875000, 0.95000000, -0.00000188
-0.71250000, -0.23750000, 0.95000000, -0.00000018
-0.59375000, -0.35625000, 0.95000000, 0.00000097
-0.47500000, -0.47500000, 0.95000000, 0.00000191
-0.35625000, -0.59375000, 0.95000000, 0.00000220
-0.23750000, -0.71250000, 0.95000000, 0.00000245
-0.11875000, -0.83125000, 0.95000000, 0.00000237
0.00000000, -0.95000000, 0.95000000, 0.00000178
0.11875000, -0.95000000, 0.83125000, 0.00000021
0.23750000, -0.95000000, 0.71250000, 0.00001320
0.35625000, -0.95000000, 0.59375000, 0.00003133
0.47500000, -0.95000000, 0.47500000, 0.00002116
0.59375000, -0.95000000, 0.35625000, 0.00000055
0.71250000, -0.95000000, 0.23750000, -0.00000361
0.83125000, -0.95000000, 0.11875000, -0.00000437
0.95000000, -0.95000000, 0.00000000, -0.00000394
0.95000000, -0.83125000, -0.11875000, -0.00000199
0.95000000, -0.71250000, -0.23750000, -0.00000074
0.95000000, -0.59375000, -0.35625000, -0.00000045
0.95000000, -0.47500000, -0.47500000, 0.00000023
0.95000000, -0.35625000, -0.59375000, -0.00000033
0.95000000, -0.23750000, -0.71250000, 0.00000020
0.95000000, -0.11875000, -0.83125000, 0.00000097
1.00000000, 0.00000000, -1.00000000, 0.00000000
0.87500000, 0.12500000, -1.00000000, 0.00000000
0.75000000, 0.25000000, -1.00000000, 0.00000000
0.62500000, 0.37500000, -1.00000000, 0.00000000
0.50000000, 0.50000000, -1.00000000, 0.00000000
0.37500000, 0.62500000, -1.00000000, 0.00000000
0.25000000, 0.75000000, -1.00000000, 0.00000000
0.12500000, 0.87500000, -1.00000000, 0.00000000
0.00000000, 1.00000000, -1.00000000, 0.00000000
-0.12500000, 1.00000000, -0.87500000, 0.00000000
-0.25000000, 1.00000000, -0.75000000, 0.00000000
-0.37500000, 1.00000000, -0.62500000, 0.00000000
-0.50000000, 1.00000000, -0.50000000, 0.00000000
-0.62500000, 1.00000000, -0.37500000, 0.00000000
-0.75000000, 1.00000000, -0.25000000, 0.00000000
-0.87500000, 1.00000000, -0.12500000, 0.00000000
-1.00000000, 1.00000000, 0.00000000, 0.00000000
-1.00000000, 0.87500000, 0.12500000, 0.00000000
-1.00000000, 0.75000000, 0.25000000, 0.00000000
-1.00000000, 0.62500000, 0.37500000, 0.00000000
-1.00000000, 0.50000000, 0.50000000, 0.00000000
-1.00000000, 0.37500000, 0.62500000, 0.00000000
-1.00000000, 0.25000000, 0.75000000, 0.00000000
-1.00000000, 0.12500000, 0.87500000, 0.00000000
-1.00000000, 0.00000000, 1.00000000, 0.00000000
-0.87500000, -0.12500000, 1.00000000, 0.00000000
-0.75000000, -0.25000000, 1.00000000, 0.00000000
-0.62500000, -0.37500000, 1.00000000, 0.00000000
-0.50000000, -0.50000000, 1.00000000, 0.00000000
-0.37500000, -0.62500000, 1.00000000, 0.00000000
-0.25000000, -0.75000000, 1.00000000, 0.00000000
-0.12500000, -0.87500000, 1.00000000, 0.00000000
0.00000000, -1.00000000, 1.00000000, 0.00000000
0.12500000, -1.00000000, 0.87500000, 0.00000000
0.25000000, -1.00000000, 0.75000000, 0.00000000
0.37500000, -1.00000000, 0.62500000, 0.00000000
0.50000000, -1.00000000, 0.50000000, 0.00000000
0.62500000, -1.00000000, 0.37500000, 0.00000000
0.75000000, -1.00000000, 0.25000000, 0.00000000
0.87500000, -1.00000000, 0.12500000, 0.00000000
1.00000000, -1.00000000, 0.00000000, 0.00000000
1.00000000, -0.87500000, -0.12500000, 0.00000000
1.00000000, -0.75000000, -0.25000000, 0.00000000
1.00000000, -0.62500000, -0.37500000, 0.00000000
1.00000000, -0.50000000, -0.50000000, 0.00000000
1.00000000, -0.37500000, -0.62500000, 0.00000000
1.00000000, -0.25000000, -0.75000000, 0.00000000
1.00000000, -0.12500000, -0.87500000, 0.00000000
