0.01000000, 0.00000000, -0.01000000, -0.03251821
0.00000000, 0.01000000, -0.01000000, -0.07021070
-0.00125000, 0.01000000, -0.00875000, -0.07481023
-0.00250000, 0.01000000, -0.00750000, -0.04816558
-0.00375000, 0.01000000, -0.00625000, -0.00722183
-0.00500000, 0.01000000, -0.00500000, 0.03609247
-0.00625000, 0.01000000, -0.00375000, 0.08163491
-0.00750000, 0.01000000, -0.00250000, 0.11467790
-0.00875000, 0.01000000, -0.00125000, 0.13721740
-0.01000000, 0.01000000, 0.00000000, 0.11491821
-0.01000000, 0.00875000, 0.00125000, 0.07859863
-0.01000000, 0.00750000, 0.00250000, 0.06339831
-0.01000000, 0.00625000, 0.00375000, 0.05414200
-0.01000000, 0.00500000, 0.00500000, 0.04674228
-0.01000000, 0.00375000, 0.00625000, 0.04207325
-0.01000000, 0.00250000, 0.00750000, 0.03706872
-0.01000000, 0.00125000, 0.00875000, 0.03449960
-0.01000000, 0.00000000, 0.01000000, 0.03251821
0.00000000, -0.01000000, 0.01000000, 0.07021070
0.00125000, -0.01000000, 0.00875000, 0.07481023
0.00250000, -0.01000000, 0.00750000, 0.04816558
0.00375000, -0.01000000, 0.00625000, 0.00722183
0.00500000, -0.01000000, 0.00500000, -0.03609247
0.00625000, -0.01000000, 0.00375000, -0.08163491
0.00750000, -0.01000000, 0.00250000, -0.11467790
0.00875000, -0.01000000, 0.00125000, -0.13721740
0.01000000, -0.01000000, 0.00000000, -0.11491821
0.01000000, -0.00875000, -0.00125000, -0.07859863
0.01000000, -0.00750000, -0.00250000, -0.06339831
0.01000000, -0.00625000, -0.00375000, -0.05414200
0.01000000, -0.00500000, -0.00500000, -0.04674228
0.01000000, -0.00375000, -0.00625000, -0.04207325
0.01000000, -0.00250000, -0.00750000, -0.03706872
0.01000000, -0.00125000, -0.00875000, -0.03449960
0.02000000, 0.00000000, -0.02000000, -0.01587813
0.01750000, 0.00250000, -0.02000000, -0.01648601
0.01500000, 0.00500000, -0.02000000, -0.01704925
0.01250000, 0.00750000, -0.02000000, -0.01770071
0.01000000, 0.01000000, -0.02000000, -0.01775247
0.00750000, 0.01250000, -0.02000000, -0.01793304
0.00500000, 0.01500000, -0.02000000, -0.01795210
0.00250000, 0.01750000, -0.02000000, -0.01870546
0.00000000, 0.02000000, -0.02000000, -0.02551999
-0.00250000, 0.02000000, -0.01750000, -0.02527145
-0.00500000, 0.02000000, -0.01500000, -0.01062435
-0.00750000, 0.02000000, -0.01250000, 0.01056999
-0.01000000, 0.02000000, -0.01000000, 0.03205139
-0.01250000, 0.02000000, -0.00750000, 0.05366765
-0.01500000, 0.02000000, -0.00500000, 0.07083964
-0.01750000, 0.02000000, -0.00250000, 0.07948377
-0.02000000, 0.02000000, 0.00000000, 0.06613240
-0.02000000, 0.01750000, 0.00250000, 0.04502933
-0.02000000, 0.01500000, 0.00500000, 0.03568646
-0.02000000, 0.01250000, 0.00750000, 0.02975965
-0.02000000, 0.01000000, 0.01000000, 0.02496320
-0.02000000, 0.00750000, 0.01250000, 0.02159936
-0.02000000, 0.00500000, 0.01500000, 0.01895934
-0.02000000, 0.00250000, 0.01750000, 0.01702679
-0.02000000, 0.00000000, 0.02000000, 0.01587813
-0.01750000, -0.00250000, 0.02000000, 0.01648601
-0.01500000, -0.00500000, 0.02000000, 0.01704925
-0.01250000, -0.00750000, 0.02000000, 0.01770071
-0.01000000, -0.01000000, 0.02000000, 0.01775247
-0.00750000, -0.01250000, 0.02000000, 0.01793304
-0.00500000, -0.01500000, 0.02000000, 0.01795210
-0.00250000, -0.01750000, 0.02000000, 0.01870546
0.00000000, -0.02000000, 0.02000000, 0.02551999
0.00250000, -0.02000000, 0.01750000, 0.02527145
0.00500000, -0.02000000, 0.01500000, 0.01062435
0.00750000, -0.02000000, 0.01250000, -0.01056999
0.01000000, -0.02000000, 0.01000000, -0.03205139
0.01250000, -0.02000000, 0.00750000, -0.05366765
0.01500000, -0.02000000, 0.00500000, -0.07083964
0.01750000, -0.02000000, 0.00250000, -0.07948377
0.02000000, -0.02000000, 0.00000000, -0.06613240
0.02000000, -0.01750000, -0.00250000, -0.04502933
0.02000000, -0.01500000, -0.00500000, -0.03568646
0.02000000, -0.01250000, -0.00750000, -0.02975965
0.02000000, -0.01000000, -0.01000000, -0.02496320
0.02000000, -0.00750000, -0.01250000, -0.02159936
0.02000000, -0.00500000, -0.01500000, -0.01895934
0.02000000, -0.00250000, -0.01750000, -0.01702679
0.03000000, 0.00000000, -0.03000000, -0.01100530
0.02625000, 0.00375000, -0.03000000, -0.01126523
0.02250000, 0.00750000, -0.03000000, -0.01145606
0.01875000, 0.01125000, -0.03000000, -0.01169611
0.01500000, 0.01500000, -0.03000000, -0.01160327
0.01125000, 0.01875000, -0.03000000, -0.01135683
0.00750000, 0.02250000, -0.03000000, -0.01104669
0.00375000, 0.02625000, -0.03000000, -0.01124976
0.00000000, 0.03000000, -0.03000000, -0.01572084
-0.00375000, 0.03000000, -0.02625000, -0.01388357
-0.00750000, 0.03000000, -0.02250000, -0.00210041
-0.01125000, 0.03000000, -0.01875000, 0.01402572
-0.01500000, 0.03000000, -0.01500000, 0.03084789
-0.01875000, 0.03000000, -0.01125000, 0.04654361
-0.02250000, 0.03000000, -0.00750000, 0.05892219
-0.02625000, 0.03000000, -0.00375000, 0.06454702
-0.03000000, 0.03000000, 0.00000000, 0.05297600
-0.03000000, 0.02625000, 0.00375000, 0.03554544
-0.03000000, 0.02250000, 0.00750000, 0.02761161
-0.03000000, 0.01875000, 0.01125000, 0.02248873
-0.03000000, 0.01500000, 0.01500000, 0.01863307
-0.03000000, 0.01125000, 0.01875000, 0.01571258
-0.03000000, 0.00750000, 0.02250000, 0.01343653
-0.03000000, 0.00375000, 0.02625000, 0.01184514
-0.03000000, 0.00000000, 0.03000000, 0.01100530
-0.02625000, -0.00375000, 0.03000000, 0.01126523
-0.02250000, -0.00750000, 0.03000000, 0.01145606
-0.01875000, -0.01125000, 0.03000000, 0.01169611
-0.01500000, -0.01500000, 0.03000000, 0.01160327
-0.01125000, -0.01875000, 0.03000000, 0.01135683
-0.00750000, -0.02250000, 0.03000000, 0.01104669
-0.00375000, -0.02625000, 0.03000000, 0.01124976
0.00000000, -0.03000000, 0.03000000, 0.01572084
0.00375000, -0.03000000, 0.02625000, 0.01388357
0.00750000, -0.03000000, 0.02250000, 0.00210041
0.01125000, -0.03000000, 0.01875000, -0.01402572
0.01500000, -0.03000000, 0.01500000, -0.03084789
0.01875000, -0.03000000, 0.01125000, -0.04654361
0.02250000, -0.03000000, 0.00750000, -0.05892219
0.02625000, -0.03000000, 0.00375000, -0.06454702
0.03000000, -0.03000000, 0.00000000, -0.05297600
0.03000000, -0.02625000, -0.00375000, -0.03554544
0.03000000, -0.02250000, -0.00750000, -0.02761161
0.03000000, -0.01875000, -0.01125000, -0.02248873
0.03000000, -0.01500000, -0.01500000, -0.01863307
0.03000000, -0.01125000, -0.01875000, -0.01571258
0.03000000, -0.00750000, -0.02250000, -0.01343653
0.03000000, -0.00375000, -0.02625000, -0.01184514
0.04000000, 0.00000000, -0.04000000, -0.00878514
0.03500000, 0.00500000, -0.04000000, -0.00899681
0.03000000, 0.01000000, -0.04000000, -0.00924872
0.02500000, 0.01500000, -0.04000000, -0.00942591
0.02000000, 0.02000000, -0.04000000, -0.00940891
0.01500000, 0.02500000, -0.04000000, -0.00929509
0.01000000, 0.03000000, -0.04000000, -0.00911435
0.00500000, 0.03500000, -0.04000000, -0.00937581
0.00000000, 0.04000000, -0.04000000, -0.01311511
-0.00500000, 0.04000000, -0.03500000, -0.01040153
-0.01000000, 0.04000000, -0.03000000, 0.00067595
-0.01500000, 0.04000000, -0.02500000, 0.01479896
-0.02000000, 0.04000000, -0.02000000, 0.02957901
-0.02500000, 0.04000000, -0.01500000, 0.04322910
-0.03000000, 0.04000000, -0.01000000, 0.05375592
-0.03500000, 0.04000000, -0.00500000, 0.05818322
-0.04000000, 0.04000000, 0.00000000, 0.04710122
-0.04000000, 0.03500000, 0.00500000, 0.03105984
-0.04000000, 0.03000000, 0.01000000, 0.02376791
-0.04000000, 0.02500000, 0.01500000, 0.01897062
-0.04000000, 0.02000000, 0.02000000, 0.01545155
-0.04000000, 0.01500000, 0.02500000, 0.01283784
-0.04000000, 0.01000000, 0.03000000, 0.01085423
-0.04000000, 0.00500000, 0.03500000, 0.00944347
-0.04000000, 0.00000000, 0.04000000, 0.00878514
-0.03500000, -0.00500000, 0.04000000, 0.00899681
-0.03000000, -0.01000000, 0.04000000, 0.00924872
-0.02500000, -0.01500000, 0.04000000, 0.00942591
-0.02000000, -0.02000000, 0.04000000, 0.00940891
-0.01500000, -0.02500000, 0.04000000, 0.00929509
-0.01000000, -0.03000000, 0.04000000, 0.00911435
-0.00500000, -0.03500000, 0.04000000, 0.00937581
0.00000000, -0.04000000, 0.04000000, 0.01311511
0.00500000, -0.04000000, 0.03500000, 0.01040153
0.01000000, -0.04000000, 0.03000000, -0.00067595
0.01500000, -0.04000000, 0.02500000, -0.01479896
0.02000000, -0.04000000, 0.02000000, -0.02957901
0.02500000, -0.04000000, 0.01500000, -0.04322910
0.03000000, -0.04000000, 0.01000000, -0.05375592
0.03500000, -0.04000000, 0.00500000, -0.05818322
0.04000000, -0.04000000, 0.00000000, -0.04710122
0.04000000, -0.03500000, -0.00500000, -0.03105984
0.04000000, -0.03000000, -0.01000000, -0.02376791
0.04000000, -0.02500000, -0.01500000, -0.01897062
0.04000000, -0.02000000, -0.02000000, -0.01545155
0.04000000, -0.01500000, -0.02500000, -0.01283784
0.04000000, -0.01000000, -0.03000000, -0.01085423
0.04000000, -0.00500000, -0.03500000, -0.00944347
0.05000000, 0.00000000, -0.05000000, -0.00756759
0.04375000, 0.00625000, -0.05000000, -0.00785207
0.03750000, 0.01250000, -0.05000000, -0.00821295
0.03125000, 0.01875000, -0.05000000, -0.00854020
0.02500000, 0.02500000, -0.05000000, -0.00872668
0.01875000, 0.03125000, -0.05000000, -0.00883610
0.01250000, 0.03750000, -0.05000000, -0.00892696
0.00625000, 0.04375000, -0.05000000, -0.00942122
0.00000000, 0.05000000, -0.05000000, -0.01297923
-0.00625000, 0.05000000, -0.04375000, -0.00964335
-0.01250000, 0.05000000, -0.03750000, 0.00112467
-0.01875000, 0.05000000, -0.03125000, 0.01452557
-0.02500000, 0.05000000, -0.02500000, 0.02840343
-0.03125000, 0.05000000, -0.01875000, 0.04105560
-0.03750000, 0.05000000, -0.01250000, 0.05073351
-0.04375000, 0.05000000, -0.00625000, 0.05458689
-0.05000000, 0.05000000, 0.00000000, 0.04371118
-0.05000000, 0.04375000, 0.00625000, 0.02834043
-0.05000000, 0.03750000, 0.01250000, 0.02136097
-0.05000000, 0.03125000, 0.01875000, 0.01680465
-0.05000000, 0.02500000, 0.02500000, 0.01349825
-0.05000000, 0.01875000, 0.03125000, 0.01106188
-0.05000000, 0.01250000, 0.03750000, 0.00927933
-0.05000000, 0.00625000, 0.04375000, 0.00802827
-0.05000000, 0.00000000, 0.05000000, 0.00756759
-0.04375000, -0.00625000, 0.05000000, 0.00785207
-0.03750000, -0.01250000, 0.05000000, 0.00821295
-0.03125000, -0.01875000, 0.05000000, 0.00854020
-0.02500000, -0.02500000, 0.05000000, 0.00872668
-0.01875000, -0.03125000, 0.05000000, 0.00883610
-0.01250000, -0.03750000, 0.05000000, 0.00892696
-0.00625000, -0.04375000, 0.05000000, 0.00942122
0.00000000, -0.05000000, 0.05000000, 0.01297923
0.00625000, -0.05000000, 0.04375000, 0.00964335
0.01250000, -0.05000000, 0.03750000, -0.00112467
0.01875000, -0.05000000, 0.03125000, -0.01452557
0.02500000, -0.05000000, 0.02500000, -0.02840343
0.03125000, -0.05000000, 0.01875000, -0.04105560
0.03750000, -0.05000000, 0.01250000, -0.05073351
0.04375000, -0.05000000, 0.00625000, -0.05458689
0.05000000, -0.05000000, 0.00000000, -0.04371118
0.05000000, -0.04375000, -0.00625000, -0.02834043
0.05000000, -0.03750000, -0.01250000, -0.02136097
0.05000000, -0.03125000, -0.01875000, -0.01680465
0.05000000, -0.02500000, -0.02500000, -0.01349825
0.05000000, -0.01875000, -0.03125000, -0.01106188
0.05000000, -0.01250000, -0.03750000, -0.00927933
0.05000000, -0.00625000, -0.04375000, -0.00802827
0.06000000, 0.00000000, -0.06000000, -0.00685779
0.05250000, 0.00750000, -0.06000000, -0.00723104
0.04500000, 0.01500000, -0.06000000, -0.00775757
0.03750000, 0.02250000, -0.06000000, -0.00828737
0.03000000, 0.03000000, -0.06000000, -0.00873580
0.02250000, 0.03750000, -0.06000000, -0.00915814
0.01500000, 0.04500000, -0.06000000, -0.00958263
0.00750000, 0.05250000, -0.06000000, -0.01037804
0.00000000, 0.06000000, -0.06000000, -0.01394571
-0.00750000, 0.06000000, -0.05250000, -0.01017026
-0.01500000, 0.06000000, -0.04500000, 0.00055429
-0.02250000, 0.06000000, -0.03750000, 0.01366371
-0.03000000, 0.06000000, -0.03000000, 0.02713226
-0.03750000, 0.06000000, -0.02250000, 0.03943154
-0.04500000, 0.06000000, -0.01500000, 0.04872240
-0.05250000, 0.06000000, -0.00750000, 0.05232069
-0.06000000, 0.06000000, 0.00000000, 0.04145338
-0.06000000, 0.05250000, 0.00750000, 0.02640183
-0.06000000, 0.04500000, 0.01500000, 0.01962971
-0.06000000, 0.03750000, 0.02250000, 0.01524390
-0.06000000, 0.03000000, 0.03000000, 0.01210004
-0.06000000, 0.02250000, 0.03750000, 0.00986248
-0.06000000, 0.01500000, 0.04500000, 0.00824187
-0.06000000, 0.00750000, 0.05250000, 0.00718627
-0.06000000, 0.00000000, 0.06000000, 0.00685779
-0.05250000, -0.00750000, 0.06000000, 0.00723104
-0.04500000, -0.01500000, 0.06000000, 0.00775757
-0.03750000, -0.02250000, 0.06000000, 0.00828737
-0.03000000, -0.03000000, 0.06000000, 0.00873580
-0.02250000, -0.03750000, 0.06000000, 0.00915814
-0.01500000, -0.04500000, 0.06000000, 0.00958263
-0.00750000, -0.05250000, 0.06000000, 0.01037804
0.00000000, -0.06000000, 0.06000000, 0.01394571
0.00750000, -0.06000000, 0.05250000, 0.01017026
0.01500000, -0.06000000, 0.04500000, -0.00055429
0.02250000, -0.06000000, 0.03750000, -0.01366371
0.03000000, -0.06000000, 0.03000000, -0.02713226
0.03750000, -0.06000000, 0.02250000, -0.03943154
0.04500000, -0.06000000, 0.01500000, -0.04872240
0.05250000, -0.06000000, 0.00750000, -0.05232069
0.06000000, -0.06000000, 0.00000000, -0.04145338
0.06000000, -0.05250000, -0.00750000, -0.02640183
0.06000000, -0.04500000, -0.01500000, -0.01962971
0.06000000, -0.03750000, -0.02250000, -0.01524390
0.06000000, -0.03000000, -0.03000000, -0.01210004
0.06000000, -0.02250000, -0.03750000, -0.00986248
0.06000000, -0.01500000, -0.04500000, -0.00824187
0.06000000, -0.00750000, -0.05250000, -0.00718627
0.07000000, 0.00000000, -0.07000000, -0.00639919
0.06125000, 0.00875000, -0.07000000, -0.00689342
0.05250000, 0.01750000, -0.07000000, -0.00763788
0.04375000, 0.02625000, -0.07000000, -0.00840434
0.03500000, 0.03500000, -0.07000000, -0.00913187
0.02625000, 0.04375000, -0.07000000, -0.00986621
0.01750000, 0.05250000, -0.07000000, -0.01062094
0.00875000, 0.06125000, -0.07000000, -0.01174497
0.00000000, 0.07000000, -0.07000000, -0.01546951
-0.00875000, 0.07000000, -0.06125000, -0.01134522
-0.01750000, 0.07000000, -0.05250000, -0.00047262
-0.02625000, 0.07000000, -0.04375000, 0.01256259
-0.03500000, 0.07000000, -0.03500000, 0.02587946
-0.04375000, 0.07000000, -0.02625000, 0.03796386
-0.05250000, 0.07000000, -0.01750000, 0.04706229
-0.06125000, 0.07000000, -0.00875000, 0.05052243
-0.07000000, 0.07000000, 0.00000000, 0.03966041
-0.07000000, 0.06125000, 0.00875000, 0.02485747
-0.07000000, 0.05250000, 0.01750000, 0.01826555
-0.07000000, 0.04375000, 0.02625000, 0.01403145
-0.07000000, 0.03500000, 0.03500000, 0.01103464
-0.07000000, 0.02625000, 0.04375000, 0.00893456
-0.07000000, 0.01750000, 0.05250000, 0.00746615
-0.07000000, 0.00875000, 0.06125000, 0.00658865
-0.07000000, 0.00000000, 0.07000000, 0.00639919
-0.06125000, -0.00875000, 0.07000000, 0.00689342
-0.05250000, -0.01750000, 0.07000000, 0.00763788
-0.04375000, -0.02625000, 0.07000000, 0.00840434
-0.03500000, -0.03500000, 0.07000000, 0.00913187
-0.02625000, -0.04375000, 0.07000000, 0.00986621
-0.01750000, -0.05250000, 0.07000000, 0.01062094
-0.00875000, -0.06125000, 0.07000000, 0.01174497
0.00000000, -0.07000000, 0.07000000, 0.01546951
0.00875000, -0.07000000, 0.06125000, 0.01134522
0.01750000, -0.07000000, 0.05250000, 0.00047262
0.02625000, -0.07000000, 0.04375000, -0.01256259
0.03500000, -0.07000000, 0.03500000, -0.02587946
0.04375000, -0.07000000, 0.02625000, -0.03796386
0.05250000, -0.07000000, 0.01750000, -0.04706229
0.06125000, -0.07000000, 0.00875000, -0.05052243
0.07000000, -0.07000000, 0.00000000, -0.03966041
0.07000000, -0.06125000, -0.00875000, -0.02485747
0.07000000, -0.05250000, -0.01750000, -0.01826555
0.07000000, -0.04375000, -0.02625000, -0.01403145
0.07000000, -0.03500000, -0.03500000, -0.01103464
0.07000000, -0.02625000, -0.04375000, -0.00893456
0.07000000, -0.01750000, -0.05250000, -0.00746615
0.07000000, -0.00875000, -0.06125000, -0.00658865
0.08000000, 0.00000000, -0.08000000, -0.00610362
0.07000000, 0.01000000, -0.08000000, -0.00674920
0.06000000, 0.02000000, -0.08000000, -0.00771547
0.05000000, 0.03000000, -0.08000000, -0.00873491
0.04000000, 0.04000000, -0.08000000, -0.00975410
0.03000000, 0.05000000, -0.08000000, -0.01079876
0.02000000, 0.06000000, -0.08000000, -0.01188786
0.01000000, 0.07000000, -0.08000000, -0.01334509
0.00000000, 0.08000000, -0.08000000, -0.01728223
-0.01000000, 0.08000000, -0.07000000, -0.01284190
-0.02000000, 0.08000000, -0.06000000, -0.00179391
-0.03000000, 0.08000000, -0.05000000, 0.01128342
-0.04000000, 0.08000000, -0.04000000, 0.02459353
-0.05000000, 0.08000000, -0.03000000, 0.03658343
-0.06000000, 0.08000000, -0.02000000, 0.04561618
-0.07000000, 0.08000000, -0.01000000, 0.04902230
-0.08000000, 0.08000000, 0.00000000, 0.03816989
-0.08000000, 0.07000000, 0.01000000, 0.02355247
-0.08000000, 0.06000000, 0.02000000, 0.01711291
-0.08000000, 0.05000000, 0.03000000, 0.01301937
-0.08000000, 0.04000000, 0.04000000, 0.01015909
-0.08000000, 0.03000000, 0.05000000, 0.00817750
-0.08000000, 0.02000000, 0.06000000, 0.00685549
-0.08000000, 0.01000000, 0.07000000, 0.00613388
-0.08000000, 0.00000000, 0.08000000, 0.00610362
-0.07000000, -0.01000000, 0.08000000, 0.00674920
-0.06000000, -0.02000000, 0.08000000, 0.00771547
-0.05000000, -0.03000000, 0.08000000, 0.00873491
-0.04000000, -0.04000000, 0.08000000, 0.00975410
-0.03000000, -0.05000000, 0.08000000, 0.01079876
-0.02000000, -0.06000000, 0.08000000, 0.01188786
-0.01000000, -0.07000000, 0.08000000, 0.01334509
0.00000000, -0.08000000, 0.08000000, 0.01728223
0.01000000, -0.08000000, 0.07000000, 0.01284190
0.02000000, -0.08000000, 0.06000000, 0.00179391
0.03000000, -0.08000000, 0.05000000, -0.01128342
0.04000000, -0.08000000, 0.04000000, -0.02459353
0.05000000, -0.08000000, 0.03000000, -0.03658343
0.06000000, -0.08000000, 0.02000000, -0.04561618
0.07000000, -0.08000000, 0.01000000, -0.04902230
0.08000000, -0.08000000, 0.00000000, -0.03816989
0.08000000, -0.07000000, -0.01000000, -0.02355247
0.08000000, -0.06000000, -0.02000000, -0.01711291
0.08000000, -0.05000000, -0.03000000, -0.01301937
0.08000000, -0.04000000, -0.04000000, -0.01015909
0.08000000, -0.03000000, -0.05000000, -0.00817750
0.08000000, -0.02000000, -0.06000000, -0.00685549
0.08000000, -0.01000000, -0.07000000, -0.00613388
0.09000000, 0.00000000, -0.09000000, -0.00592628
0.07875000, 0.01125000, -0.09000000, -0.00673845
0.06750000, 0.02250000, -0.09000000, -0.00791539
0.05625000, 0.03375000, -0.09000000, -0.00919207
0.04500000, 0.04500000, -0.09000000, -0.01051106
0.03375000, 0.05625000, -0.09000000, -0.01187809
0.02250000, 0.06750000, -0.09000000, -0.01331120
0.01125000, 0.07875000, -0.09000000, -0.01509955
0.00000000, 0.09000000, -0.09000000, -0.01925498
-0.01125000, 0.09000000, -0.07875000, -0.01452132
-0.02250000, 0.09000000, -0.06750000, -0.00332254
-0.03375000, 0.09000000, -0.05625000, 0.00985735
-0.04500000, 0.09000000, -0.04500000, 0.02323992
-0.05625000, 0.09000000, -0.03375000, 0.03527996
-0.06750000, 0.09000000, -0.02250000, 0.04434201
-0.07875000, 0.09000000, -0.01125000, 0.04776746
-0.09000000, 0.09000000, 0.00000000, 0.03689820
-0.09000000, 0.07875000, 0.01125000, 0.02239911
-0.09000000, 0.06750000, 0.02250000, 0.01609099
-0.09000000, 0.05625000, 0.03375000, 0.01212679
-0.09000000, 0.04500000, 0.04500000, 0.00939581
-0.09000000, 0.03375000, 0.05625000, 0.00754950
-0.09000000, 0.02250000, 0.06750000, 0.00636969
-0.09000000, 0.01125000, 0.07875000, 0.00579636
-0.09000000, 0.00000000, 0.09000000, 0.00592628
-0.07875000, -0.01125000, 0.09000000, 0.00673845
-0.06750000, -0.02250000, 0.09000000, 0.00791539
-0.05625000, -0.03375000, 0.09000000, 0.00919207
-0.04500000, -0.04500000, 0.09000000, 0.01051106
-0.03375000, -0.05625000, 0.09000000, 0.01187809
-0.02250000, -0.06750000, 0.09000000, 0.01331120
-0.01125000, -0.07875000, 0.09000000, 0.01509955
0.00000000, -0.09000000, 0.09000000, 0.01925498
0.01125000, -0.09000000, 0.07875000, 0.01452132
0.02250000, -0.09000000, 0.06750000, 0.00332254
0.03375000, -0.09000000, 0.05625000, -0.00985735
0.04500000, -0.09000000, 0.04500000, -0.02323992
0.05625000, -0.09000000, 0.03375000, -0.03527996
0.06750000, -0.09000000, 0.02250000, -0.04434201
0.07875000, -0.09000000, 0.01125000, -0.04776746
0.09000000, -0.09000000, 0.00000000, -0.03689820
0.09000000, -0.07875000, -0.01125000, -0.02239911
0.09000000, -0.06750000, -0.02250000, -0.01609099
0.09000000, -0.05625000, -0.03375000, -0.01212679
0.09000000, -0.04500000, -0.04500000, -0.00939581
0.09000000, -0.03375000, -0.05625000, -0.00754950
0.09000000, -0.02250000, -0.06750000, -0.00636969
0.09000000, -0.01125000, -0.07875000, -0.00579636
0.10000000, 0.00000000, -0.10000000, -0.00582617
0.08750000, 0.01250000, -0.10000000, -0.00681099
0.07500000, 0.02500000, -0.10000000, -0.00819622
0.06250000, 0.03750000, -0.10000000, -0.00973263
0.05000000, 0.05000000, -0.10000000, -0.01135259
0.03750000, 0.06250000, -0.10000000, -0.01304922
0.02500000, 0.07500000, -0.10000000, -0.01482700
0.01250000, 0.08750000, -0.10000000, -0.01694371
0.00000000, 0.10000000, -0.10000000, -0.02132287
-0.01250000, 0.10000000, -0.08750000, -0.01632564
-0.02500000, 0.10000000, -0.07500000, -0.00498159
-0.03750000, 0.10000000, -0.06250000, 0.00833667
-0.05000000, 0.10000000, -0.05000000, 0.02183743
-0.06250000, 0.10000000, -0.03750000, 0.03401385
-0.07500000, 0.10000000, -0.02500000, 0.04316231
-0.08750000, 0.10000000, -0.01250000, 0.04665154
-0.10000000, 0.10000000, 0.00000000, 0.03574751
-0.10000000, 0.08750000, 0.01250000, 0.02133832
-0.10000000, 0.07500000, 0.02500000, 0.01515549
-0.10000000, 0.06250000, 0.03750000, 0.01131561
-0.10000000, 0.05000000, 0.05000000, 0.00871190
-0.10000000, 0.03750000, 0.06250000, 0.00701130
-0.10000000, 0.02500000, 0.07500000, 0.00597025
-0.10000000, 0.01250000, 0.08750000, 0.00554338
-0.10000000, 0.00000000, 0.10000000, 0.00582617
-0.08750000, -0.01250000, 0.10000000, 0.00681099
-0.07500000, -0.02500000, 0.10000000, 0.00819622
-0.06250000, -0.03750000, 0.10000000, 0.00973263
-0.05000000, -0.05000000, 0.10000000, 0.01135259
-0.03750000, -0.06250000, 0.10000000, 0.01304922
-0.02500000, -0.07500000, 0.10000000, 0.01482700
-0.01250000, -0.08750000, 0.10000000, 0.01694371
0.00000000, -0.10000000, 0.10000000, 0.02132287
0.01250000, -0.10000000, 0.08750000, 0.01632564
0.02500000, -0.10000000, 0.07500000, 0.00498159
0.03750000, -0.10000000, 0.06250000, -0.00833667
0.05000000, -0.10000000, 0.05000000, -0.02183743
0.06250000, -0.10000000, 0.03750000, -0.03401385
0.07500000, -0.10000000, 0.02500000, -0.04316231
0.08750000, -0.10000000, 0.01250000, -0.04665154
0.10000000, -0.10000000, 0.00000000, -0.03574751
0.10000000, -0.08750000, -0.01250000, -0.02133832
0.10000000, -0.07500000, -0.02500000, -0.01515549
0.10000000, -0.06250000, -0.03750000, -0.01131561
0.10000000, -0.05000000, -0.05000000, -0.00871190
0.10000000, -0.03750000, -0.06250000, -0.00701130
0.10000000, -0.02500000, -0.07500000, -0.00597025
0.10000000, -0.01250000, -0.08750000, -0.00554338
0.15000000, 0.00000000, -0.15000000, -0.00580468
0.13125000, 0.01875000, -0.15000000, -0.00765949
0.11250000, 0.03750000, -0.15000000, -0.01014231
0.09375000, 0.05625000, -0.15000000, -0.01298201
0.07500000, 0.07500000, -0.15000000, -0.01604533
0.05625000, 0.09375000, -0.15000000, -0.01928512
0.03750000, 0.11250000, -0.15000000, -0.02265080
0.01875000, 0.13125000, -0.15000000, -0.02632098
0.00000000, 0.15000000, -0.15000000, -0.03194640
-0.01875000, 0.15000000, -0.13125000, -0.02615468
-0.03750000, 0.15000000, -0.11250000, -0.01399870
-0.05625000, 0.15000000, -0.09375000, 0.00018810
-0.07500000, 0.15000000, -0.07500000, 0.01456623
-0.09375000, 0.15000000, -0.05625000, 0.02753745
-0.11250000, 0.15000000, -0.03750000, 0.03738412
-0.13125000, 0.15000000, -0.01875000, 0.04136477
-0.15000000, 0.15000000, 0.00000000, 0.03043626
-0.15000000, 0.13125000, 0.01875000, 0.01662582
-0.15000000, 0.11250000, 0.03750000, 0.01112838
-0.15000000, 0.09375000, 0.05625000, 0.00795425
-0.15000000, 0.07500000, 0.07500000, 0.00600440
-0.15000000, 0.05625000, 0.09375000, 0.00493717
-0.15000000, 0.03750000, 0.11250000, 0.00454755
-0.15000000, 0.01875000, 0.13125000, 0.00479767
-0.15000000, 0.00000000, 0.15000000, 0.00580468
-0.13125000, -0.01875000, 0.15000000, 0.00765949
-0.11250000, -0.03750000, 0.15000000, 0.01014231
-0.09375000, -0.05625000, 0.15000000, 0.01298201
-0.07500000, -0.07500000, 0.15000000, 0.01604533
-0.05625000, -0.09375000, 0.15000000, 0.01928512
-0.03750000, -0.11250000, 0.15000000, 0.02265080
-0.01875000, -0.13125000, 0.15000000, 0.02632098
0.00000000, -0.15000000, 0.15000000, 0.03194640
0.01875000, -0.15000000, 0.13125000, 0.02615468
0.03750000, -0.15000000, 0.11250000, 0.01399870
0.05625000, -0.15000000, 0.09375000, -0.00018810
0.07500000, -0.15000000, 0.07500000, -0.01456623
0.09375000, -0.15000000, 0.05625000, -0.02753745
0.11250000, -0.15000000, 0.03750000, -0.03738412
0.13125000, -0.15000000, 0.01875000, -0.04136477
0.15000000, -0.15000000, 0.00000000, -0.03043626
0.15000000, -0.13125000, -0.01875000, -0.01662582
0.15000000, -0.11250000, -0.03750000, -0.01112838
0.15000000, -0.09375000, -0.05625000, -0.00795425
0.15000000, -0.07500000, -0.07500000, -0.00600440
0.15000000, -0.05625000, -0.09375000, -0.00493717
0.15000000, -0.03750000, -0.11250000, -0.00454755
0.15000000, -0.01875000, -0.13125000, -0.00479767
0.20000000, 0.00000000, -0.20000000, -0.00615124
0.17500000, 0.02500000, -0.20000000, -0.00878161
0.15000000, 0.05000000, -0.20000000, -0.01224296
0.12500000, 0.07500000, -0.20000000, -0.01623636
0.10000000, 0.10000000, -0.20000000, -0.02058538
0.07500000, 0.12500000, -0.20000000, -0.02518998
0.05000000, 0.15000000, -0.20000000, -0.02994789
0.02500000, 0.17500000, -0.20000000, -0.03494767
0.00000000, 0.20000000, -0.20000000, -0.04163865
-0.02500000, 0.20000000, -0.17500000, -0.03578421
-0.05000000, 0.20000000, -0.15000000, -0.02321604
-0.07500000, 0.20000000, -0.12500000, -0.00832009
-0.10000000, 0.20000000, -0.10000000, 0.00693791
-0.12500000, 0.20000000, -0.07500000, 0.02090690
-0.15000000, 0.20000000, -0.05000000, 0.03165325
-0.17500000, 0.20000000, -0.02500000, 0.03630886
-0.20000000, 0.20000000, 0.00000000, 0.02541122
-0.20000000, 0.17500000, 0.02500000, 0.01235887
-0.20000000, 0.15000000, 0.05000000, 0.00764856
-0.20000000, 0.12500000, 0.07500000, 0.00519683
-0.20000000, 0.10000000, 0.10000000, 0.00390796
-0.20000000, 0.07500000, 0.12500000, 0.00347786
-0.20000000, 0.05000000, 0.15000000, 0.00368109
-0.20000000, 0.02500000, 0.17500000, 0.00452969
-0.20000000, 0.00000000, 0.20000000, 0.00615124
-0.17500000, -0.02500000, 0.20000000, 0.00878161
-0.15000000, -0.05000000, 0.20000000, 0.01224296
-0.12500000, -0.07500000, 0.20000000, 0.01623636
-0.10000000, -0.10000000, 0.20000000, 0.02058538
-0.07500000, -0.12500000, 0.20000000, 0.02518998
-0.05000000, -0.15000000, 0.20000000, 0.02994789
-0.02500000, -0.17500000, 0.20000000, 0.03494767
0.00000000, -0.20000000, 0.20000000, 0.04163865
0.02500000, -0.20000000, 0.17500000, 0.03578421
0.05000000, -0.20000000, 0.15000000, 0.02321604
0.07500000, -0.20000000, 0.12500000, 0.00832009
0.10000000, -0.20000000, 0.10000000, -0.00693791
0.12500000, -0.20000000, 0.07500000, -0.02090690
0.15000000, -0.20000000, 0.05000000, -0.03165325
0.17500000, -0.20000000, 0.02500000, -0.03630886
0.20000000, -0.20000000, 0.00000000, -0.02541122
0.20000000, -0.17500000, -0.02500000, -0.01235887
0.20000000, -0.15000000, -0.05000000, -0.00764856
0.20000000, -0.12500000, -0.07500000, -0.00519683
0.20000000, -0.10000000, -0.10000000, -0.00390796
0.20000000, -0.07500000, -0.12500000, -0.00347786
0.20000000, -0.05000000, -0.15000000, -0.00368109
0.20000000, -0.02500000, -0.17500000, -0.00452969
0.25000000, 0.00000000, -0.25000000, -0.00646590
0.21875000, 0.03125000, -0.25000000, -0.00973331
0.18750000, 0.06250000, -0.25000000, -0.01400768
0.15625000, 0.09375000, -0.25000000, -0.01894023
0.12500000, 0.12500000, -0.25000000, -0.02430869
0.09375000, 0.15625000, -0.25000000, -0.02998047
0.06250000, 0.18750000, -0.25000000, -0.03580488
0.03125000, 0.21875000, -0.25000000, -0.04181312
0.00000000, 0.25000000, -0.25000000, -0.04927637
-0.03125000, 0.25000000, -0.21875000, -0.04420212
-0.06250000, 0.25000000, -0.18750000, -0.03172090
-0.09375000, 0.25000000, -0.15625000, -0.01648052
-0.12500000, 0.25000000, -0.12500000, -0.00059714
-0.15625000, 0.25000000, -0.09375000, 0.01412493
-0.18750000, 0.25000000, -0.06250000, 0.02569486
-0.21875000, 0.25000000, -0.03125000, 0.03101607
-0.25000000, 0.25000000, 0.00000000, 0.02030782
-0.25000000, 0.21875000, 0.03125000, 0.00843201
-0.25000000, 0.18750000, 0.06250000, 0.00464382
-0.25000000, 0.15625000, 0.09375000, 0.00295426
-0.25000000, 0.12500000, 0.12500000, 0.00230335
-0.25000000, 0.09375000, 0.15625000, 0.00241182
-0.25000000, 0.06250000, 0.18750000, 0.00310819
-0.25000000, 0.03125000, 0.21875000, 0.00441240
-0.25000000, 0.00000000, 0.25000000, 0.00646590
-0.21875000, -0.03125000, 0.25000000, 0.00973331
-0.18750000, -0.06250000, 0.25000000, 0.01400768
-0.15625000, -0.09375000, 0.25000000, 0.01894023
-0.12500000, -0.12500000, 0.25000000, 0.02430869
-0.09375000, -0.15625000, 0.25000000, 0.02998047
-0.06250000, -0.18750000, 0.25000000, 0.03580488
-0.03125000, -0.21875000, 0.25000000, 0.04181312
0.00000000, -0.25000000, 0.25000000, 0.04927637
0.03125000, -0.25000000, 0.21875000, 0.04420212
0.06250000, -0.25000000, 0.18750000, 0.03172090
0.09375000, -0.25000000, 0.15625000, 0.01648052
0.12500000, -0.25000000, 0.12500000, 0.00059714
0.15625000, -0.25000000, 0.09375000, -0.01412493
0.18750000, -0.25000000, 0.06250000, -0.02569486
0.21875000, -0.25000000, 0.03125000, -0.03101607
0.25000000, -0.25000000, 0.00000000, -0.02030782
0.25000000, -0.21875000, -0.03125000, -0.00843201
0.25000000, -0.18750000, -0.06250000, -0.00464382
0.25000000, -0.15625000, -0.09375000, -0.00295426
0.25000000, -0.12500000, -0.12500000, -0.00230335
0.25000000, -0.09375000, -0.15625000, -0.00241182
0.25000000, -0.06250000, -0.18750000, -0.00310819
0.25000000, -0.03125000, -0.21875000, -0.00441240
0.30000000, 0.00000000, -0.30000000, -0.00646019
0.26250000, 0.03750000, -0.30000000, -0.01019111
0.22500000, 0.07500000, -0.30000000, -0.01502663
0.18750000, 0.11250000, -0.30000000, -0.02059246
0.15000000, 0.15000000, -0.30000000, -0.02664127
0.11250000, 0.18750000, -0.30000000, -0.03299968
0.07500000, 0.22500000, -0.30000000, -0.03947407
0.03750000, 0.26250000, -0.30000000, -0.04601413
0.00000000, 0.30000000, -0.30000000, -0.05368424
-0.03750000, 0.30000000, -0.26250000, -0.05044632
-0.07500000, 0.30000000, -0.22500000, -0.03885126
-0.11250000, 0.30000000, -0.18750000, -0.02383811
-0.15000000, 0.30000000, -0.15000000, -0.00772141
-0.18750000, 0.30000000, -0.11250000, 0.00754204
-0.22500000, 0.30000000, -0.07500000, 0.01981007
-0.26250000, 0.30000000, -0.03750000, 0.02579604
-0.30000000, 0.30000000, 0.00000000, 0.01548342
-0.30000000, 0.26250000, 0.03750000, 0.00508047
-0.30000000, 0.22500000, 0.07500000, 0.00223487
-0.30000000, 0.18750000, 0.11250000, 0.00124796
-0.30000000, 0.15000000, 0.15000000, 0.00113379
-0.30000000, 0.11250000, 0.18750000, 0.00167752
-0.30000000, 0.07500000, 0.22500000, 0.00272115
-0.30000000, 0.03750000, 0.26250000, 0.00428037
-0.30000000, 0.00000000, 0.30000000, 0.00646019
-0.26250000, -0.03750000, 0.30000000, 0.01019111
-0.22500000, -0.07500000, 0.30000000, 0.01502663
-0.18750000, -0.11250000, 0.30000000, 0.02059246
-0.15000000, -0.15000000, 0.30000000, 0.02664127
-0.11250000, -0.18750000, 0.30000000, 0.03299968
-0.07500000, -0.22500000, 0.30000000, 0.03947407
-0.03750000, -0.26250000, 0.30000000, 0.04601413
0.00000000, -0.30000000, 0.30000000, 0.05368424
0.03750000, -0.30000000, 0.26250000, 0.05044632
0.07500000, -0.30000000, 0.22500000, 0.03885126
0.11250000, -0.30000000, 0.18750000, 0.02383811
0.15000000, -0.30000000, 0.15000000, 0.00772141
0.18750000, -0.30000000, 0.11250000, -0.00754204
0.22500000, -0.30000000, 0.07500000, -0.01981007
0.26250000, -0.30000000, 0.03750000, -0.02579604
0.30000000, -0.30000000, 0.00000000, -0.01548342
0.30000000, -0.26250000, -0.03750000, -0.00508047
0.30000000, -0.22500000, -0.07500000, -0.00223487
0.30000000, -0.18750000, -0.11250000, -0.00124796
0.30000000, -0.15000000, -0.15000000, -0.00113379
0.30000000, -0.11250000, -0.18750000, -0.00167752
0.30000000, -0.07500000, -0.22500000, -0.00272115
0.30000000, -0.03750000, -0.26250000, -0.00428037
0.35000000, 0.00000000, -0.35000000, -0.00584188
0.30625000, 0.04375000, -0.35000000, -0.00982280
0.26250000, 0.08750000, -0.35000000, -0.01493099
0.21875000, 0.13125000, -0.35000000, -0.02078223
0.17500000, 0.17500000, -0.35000000, -0.02710720
0.13125000, 0.21875000, -0.35000000, -0.03370122
0.08750000, 0.26250000, -0.35000000, -0.04031707
0.04375000, 0.30625000, -0.35000000, -0.04681628
0.00000000, 0.35000000, -0.35000000, -0.05400590
-0.04375000, 0.35000000, -0.30625000, -0.05368481
-0.08750000, 0.35000000, -0.26250000, -0.04391523
-0.13125000, 0.35000000, -0.21875000, -0.02983739
-0.17500000, 0.35000000, -0.17500000, -0.01398253
-0.21875000, 0.35000000, -0.13125000, 0.00151926
-0.26250000, 0.35000000, -0.08750000, 0.01428737
-0.30625000, 0.35000000, -0.04375000, 0.02087438
-0.35000000, 0.35000000, 0.00000000, 0.01123340
-0.35000000, 0.30625000, 0.04375000, 0.00250654
-0.35000000, 0.26250000, 0.08750000, 0.00050856
-0.35000000, 0.21875000, 0.13125000, 0.00007067
-0.35000000, 0.17500000, 0.17500000, 0.00033271
-0.35000000, 0.13125000, 0.21875000, 0.00114750
-0.35000000, 0.08750000, 0.26250000, 0.00233741
-0.35000000, 0.04375000, 0.30625000, 0.00389656
-0.35000000, 0.00000000, 0.35000000, 0.00584188
-0.30625000, -0.04375000, 0.35000000, 0.00982280
-0.26250000, -0.08750000, 0.35000000, 0.01493099
-0.21875000, -0.13125000, 0.35000000, 0.02078223
-0.17500000, -0.17500000, 0.35000000, 0.02710720
-0.13125000, -0.21875000, 0.35000000, 0.03370122
-0.08750000, -0.26250000, 0.35000000, 0.04031707
-0.04375000, -0.30625000, 0.35000000, 0.04681628
0.00000000, -0.35000000, 0.35000000, 0.05400590
0.04375000, -0.35000000, 0.30625000, 0.05368481
0.08750000, -0.35000000, 0.26250000, 0.04391523
0.13125000, -0.35000000, 0.21875000, 0.02983739
0.17500000, -0.35000000, 0.17500000, 0.01398253
0.21875000, -0.35000000, 0.13125000, -0.00151926
0.26250000, -0.35000000, 0.08750000, -0.01428737
0.30625000, -0.35000000, 0.04375000, -0.02087438
0.35000000, -0.35000000, 0.00000000, -0.01123340
0.35000000, -0.30625000, -0.04375000, -0.00250654
0.35000000, -0.26250000, -0.08750000, -0.00050856
0.35000000, -0.21875000, -0.13125000, -0.00007067
0.35000000, -0.17500000, -0.17500000, -0.00033271
0.35000000, -0.13125000, -0.21875000, -0.00114750
0.35000000, -0.08750000, -0.26250000, -0.00233741
0.35000000, -0.04375000, -0.30625000, -0.00389656
0.40000000, 0.00000000, -0.40000000, -0.00459980
0.35000000, 0.05000000, -0.40000000, -0.00852945
0.30000000, 0.10000000, -0.40000000, -0.01357879
0.25000000, 0.15000000, -0.40000000, -0.01933417
0.20000000, 0.20000000, -0.40000000, -0.02549352
0.15000000, 0.25000000, -0.40000000, -0.03182729
0.10000000, 0.30000000, -0.40000000, -0.03804181
0.05000000, 0.35000000, -0.40000000, -0.04392109
0.00000000, 0.40000000, -0.40000000, -0.04998162
-0.05000000, 0.40000000, -0.35000000, -0.05339954
-0.10000000, 0.40000000, -0.30000000, -0.04634482
-0.15000000, 0.40000000, -0.25000000, -0.03395710
-0.20000000, 0.40000000, -0.20000000, -0.01890564
-0.25000000, 0.40000000, -0.15000000, -0.00357762
-0.30000000, 0.40000000, -0.10000000, 0.00941813
-0.35000000, 0.40000000, -0.05000000, 0.01644085
-0.40000000, 0.40000000, 0.00000000, 0.00777977
-0.40000000, 0.35000000, 0.05000000, 0.00078772
-0.40000000, 0.30000000, 0.10000000, -0.00055641
-0.40000000, 0.25000000, 0.15000000, -0.00065444
-0.40000000, 0.20000000, 0.20000000, -0.00020627
-0.40000000, 0.15000000, 0.25000000, 0.00067147
-0.40000000, 0.10000000, 0.30000000, 0.00180446
-0.40000000, 0.05000000, 0.35000000, 0.00313433
-0.40000000, 0.00000000, 0.40000000, 0.00459980
-0.35000000, -0.05000000, 0.40000000, 0.00852945
-0.30000000, -0.10000000, 0.40000000, 0.01357879
-0.25000000, -0.15000000, 0.40000000, 0.01933417
-0.20000000, -0.20000000, 0.40000000, 0.02549352
-0.15000000, -0.25000000, 0.40000000, 0.03182729
-0.10000000, -0.30000000, 0.40000000, 0.03804181
-0.05000000, -0.35000000, 0.40000000, 0.04392109
0.00000000, -0.40000000, 0.40000000, 0.04998162
0.05000000, -0.40000000, 0.35000000, 0.05339954
0.10000000, -0.40000000, 0.30000000, 0.04634482
0.15000000, -0.40000000, 0.25000000, 0.03395710
0.20000000, -0.40000000, 0.20000000, 0.01890564
0.25000000, -0.40000000, 0.15000000, 0.00357762
0.30000000, -0.40000000, 0.10000000, -0.00941813
0.35000000, -0.40000000, 0.05000000, -0.01644085
0.40000000, -0.40000000, 0.00000000, -0.00777977
0.40000000, -0.35000000, -0.05000000, -0.00078772
0.40000000, -0.30000000, -0.10000000, 0.00055641
0.40000000, -0.25000000, -0.15000000, 0.00065444
0.40000000, -0.20000000, -0.20000000, 0.00020627
0.40000000, -0.15000000, -0.25000000, -0.00067147
0.40000000, -0.10000000, -0.30000000, -0.00180446
0.40000000, -0.05000000, -0.35000000, -0.00313433
0.45000000, 0.00000000, -0.45000000, -0.00308431
0.39375000, 0.05625000, -0.45000000, -0.00659433
0.33750000, 0.11250000, -0.45000000, -0.01119826
0.28125000, 0.16875000, -0.45000000, -0.01644754
0.22500000, 0.22500000, -0.45000000, -0.02200799
0.16875000, 0.28125000, -0.45000000, -0.02761904
0.11250000, 0.33750000, -0.45000000, -0.03295956
0.05625000, 0.39375000, -0.45000000, -0.03774802
0.00000000, 0.45000000, -0.45000000, -0.04221444
-0.05625000, 0.45000000, -0.39375000, -0.04954693
-0.11250000, 0.45000000, -0.33750000, -0.04587925
-0.16875000, 0.45000000, -0.28125000, -0.03587424
-0.22500000, 0.45000000, -0.22500000, -0.02215605
-0.28125000, 0.45000000, -0.16875000, -0.00737478
-0.33750000, 0.45000000, -0.11250000, 0.00553973
-0.39375000, 0.45000000, -0.05625000, 0.01274519
-0.45000000, 0.45000000, 0.00000000, 0.00525016
-0.45000000, 0.39375000, 0.05625000, -0.00015204
-0.45000000, 0.33750000, 0.11250000, -0.00108643
-0.45000000, 0.28125000, 0.16875000, -0.00105818
-0.45000000, 0.22500000, 0.22500000, -0.00059700
-0.45000000, 0.16875000, 0.28125000, 0.00019498
-0.45000000, 0.11250000, 0.33750000, 0.00114331
-0.45000000, 0.05625000, 0.39375000, 0.00214161
-0.45000000, 0.00000000, 0.45000000, 0.00308431
-0.39375000, -0.05625000, 0.45000000, 0.00659433
-0.33750000, -0.11250000, 0.45000000, 0.01119826
-0.28125000, -0.16875000, 0.45000000, 0.01644754
-0.22500000, -0.22500000, 0.45000000, 0.02200799
-0.16875000, -0.28125000, 0.45000000, 0.02761904
-0.11250000, -0.33750000, 0.45000000, 0.03295956
-0.05625000, -0.39375000, 0.45000000, 0.03774802
0.00000000, -0.45000000, 0.45000000, 0.04221444
0.05625000, -0.45000000, 0.39375000, 0.04954693
0.11250000, -0.45000000, 0.33750000, 0.04587925
0.16875000, -0.45000000, 0.28125000, 0.03587424
0.22500000, -0.45000000, 0.22500000, 0.02215605
0.28125000, -0.45000000, 0.16875000, 0.00737478
0.33750000, -0.45000000, 0.11250000, -0.00553973
0.39375000, -0.45000000, 0.05625000, -0.01274519
0.45000000, -0.45000000, 0.00000000, -0.00525016
0.45000000, -0.39375000, -0.05625000, 0.00015204
0.45000000, -0.33750000, -0.11250000, 0.00108643
0.45000000, -0.28125000, -0.16875000, 0.00105818
0.45000000, -0.22500000, -0.22500000, 0.00059700
0.45000000, -0.16875000, -0.28125000, -0.00019498
0.45000000, -0.11250000, -0.33750000, -0.00114331
0.45000000, -0.05625000, -0.39375000, -0.00214161
0.50000000, 0.00000000, -0.50000000, -0.00172793
0.43750000, 0.06250000, -0.50000000, -0.00450906
0.37500000, 0.12500000, -0.50000000, -0.00831738
0.31250000, 0.18750000, -0.50000000, -0.01270190
0.25000000, 0.25000000, -0.50000000, -0.01731078
0.18750000, 0.31250000, -0.50000000, -0.02185382
0.12500000, 0.37500000, -0.50000000, -0.02600477
0.06250000, 0.43750000, -0.50000000, -0.02945137
0.00000000, 0.50000000, -0.50000000, -0.03220270
-0.06250000, 0.50000000, -0.43750000, -0.04269703
-0.12500000, 0.50000000, -0.37500000, -0.04262826
-0.18750000, 0.50000000, -0.31250000, -0.03549158
-0.25000000, 0.50000000, -0.25000000, -0.02356036
-0.31250000, 0.50000000, -0.18750000, -0.00966398
-0.37500000, 0.50000000, -0.12500000, 0.00281449
-0.43750000, 0.50000000, -0.06250000, 0.00984860
-0.50000000, 0.50000000, 0.00000000, 0.00354015
-0.50000000, 0.43750000, 0.06250000, -0.00051752
-0.50000000, 0.37500000, 0.12500000, -0.00125150
-0.50000000, 0.31250000, 0.18750000, -0.00125360
-0.50000000, 0.25000000, 0.25000000, -0.00088870
-0.50000000, 0.18750000, 0.31250000, -0.00024323
-0.50000000, 0.12500000, 0.37500000, 0.00049207
-0.50000000, 0.06250000, 0.43750000, 0.00118912
-0.50000000, 0.00000000, 0.50000000, 0.00172793
-0.43750000, -0.06250000, 0.50000000, 0.00450906
-0.37500000, -0.12500000, 0.50000000, 0.00831738
-0.31250000, -0.18750000, 0.50000000, 0.01270190
-0.25000000, -0.25000000, 0.50000000, 0.01731078
-0.18750000, -0.31250000, 0.50000000, 0.02185382
-0.12500000, -0.37500000, 0.50000000, 0.02600477
-0.06250000, -0.43750000, 0.50000000, 0.02945137
0.00000000, -0.50000000, 0.50000000, 0.03220270
0.06250000, -0.50000000, 0.43750000, 0.04269703
0.12500000, -0.50000000, 0.37500000, 0.04262826
0.18750000, -0.50000000, 0.31250000, 0.03549158
0.25000000, -0.50000000, 0.25000000, 0.02356036
0.31250000, -0.50000000, 0.18750000, 0.00966398
0.37500000, -0.50000000, 0.12500000, -0.00281449
0.43750000, -0.50000000, 0.06250000, -0.00984860
0.50000000, -0.50000000, 0.00000000, -0.00354015
0.50000000, -0.43750000, -0.06250000, 0.00051752
0.50000000, -0.37500000, -0.12500000, 0.00125150
0.50000000, -0.31250000, -0.18750000, 0.00125360
0.50000000, -0.25000000, -0.25000000, 0.00088870
0.50000000, -0.18750000, -0.31250000, 0.00024323
0.50000000, -0.12500000, -0.37500000, -0.00049207
0.50000000, -0.06250000, -0.43750000, -0.00118912
0.55000000, 0.00000000, -0.55000000, -0.00078461
0.48125000, 0.06875000, -0.55000000, -0.00271042
0.41250000, 0.13750000, -0.55000000, -0.00553324
0.34375000, 0.20625000, -0.55000000, -0.00885185
0.27500000, 0.27500000, -0.55000000, -0.01231865
0.20625000, 0.34375000, -0.55000000, -0.01563315
0.13750000, 0.41250000, -0.55000000, -0.01849161
0.06875000, 0.48125000, -0.55000000, -0.02061315
0.00000000, 0.55000000, -0.55000000, -0.02190512
-0.06875000, 0.55000000, -0.48125000, -0.03397164
-0.13750000, 0.55000000, -0.41250000, -0.03708803
-0.20625000, 0.55000000, -0.34375000, -0.03297337
-0.27500000, 0.55000000, -0.27500000, -0.02314365
-0.34375000, 0.55000000, -0.20625000, -0.01047620
-0.41250000, 0.55000000, -0.13750000, 0.00116108
-0.48125000, 0.55000000, -0.06875000, 0.00759785
-0.55000000, 0.55000000, 0.00000000, 0.00239572
-0.55000000, 0.48125000, 0.06875000, -0.00055070
-0.55000000, 0.41250000, 0.13750000, -0.00120096
-0.55000000, 0.34375000, 0.20625000, -0.00130001
-0.55000000, 0.27500000, 0.27500000, -0.00106366
-0.55000000, 0.20625000, 0.34375000, -0.00056705
-0.55000000, 0.13750000, 0.41250000, -0.00000767
-0.55000000, 0.06875000, 0.48125000, 0.00047987
-0.55000000, 0.00000000, 0.55000000, 0.00078461
-0.48125000, -0.06875000, 0.55000000, 0.00271042
-0.41250000, -0.13750000, 0.55000000, 0.00553324
-0.34375000, -0.20625000, 0.55000000, 0.00885185
-0.27500000, -0.27500000, 0.55000000, 0.01231865
-0.20625000, -0.34375000, 0.55000000, 0.01563315
-0.13750000, -0.41250000, 0.55000000, 0.01849161
-0.06875000, -0.48125000, 0.55000000, 0.02061315
0.00000000, -0.55000000, 0.55000000, 0.02190512
0.06875000, -0.55000000, 0.48125000, 0.03397164
0.13750000, -0.55000000, 0.41250000, 0.03708803
0.20625000, -0.55000000, 0.34375000, 0.03297337
0.27500000, -0.55000000, 0.27500000, 0.02314365
0.34375000, -0.55000000, 0.20625000, 0.01047620
0.41250000, -0.55000000, 0.13750000, -0.00116108
0.48125000, -0.55000000, 0.06875000, -0.00759785
0.55000000, -0.55000000, 0.00000000, -0.00239572
0.55000000, -0.48125000, -0.06875000, 0.00055070
0.55000000, -0.41250000, -0.13750000, 0.00120096
0.55000000, -0.34375000, -0.20625000, 0.00130001
0.55000000, -0.27500000, -0.27500000, 0.00106366
0.55000000, -0.20625000, -0.34375000, 0.00056705
0.55000000, -0.13750000, -0.41250000, 0.00000767
0.55000000, -0.06875000, -0.48125000, -0.00047987
0.60000000, 0.00000000, -0.60000000, -0.00027267
0.52500000, 0.07500000, -0.60000000, -0.00142450
0.45000000, 0.15000000, -0.60000000, -0.00328404
0.37500000, 0.22500000, -0.60000000, -0.00554214
0.30000000, 0.30000000, -0.60000000, -0.00788115
0.22500000, 0.37500000, -0.60000000, -0.01001799
0.15000000, 0.45000000, -0.60000000, -0.01170111
0.07500000, 0.52500000, -0.60000000, -0.01274017
0.00000000, 0.60000000, -0.60000000, -0.01306275
-0.07500000, 0.60000000, -0.52500000, -0.02476419
-0.15000000, 0.60000000, -0.45000000, -0.03008034
-0.22500000, 0.60000000, -0.37500000, -0.02875603
-0.30000000, 0.60000000, -0.30000000, -0.02115849
-0.37500000, 0.60000000, -0.22500000, -0.01003395
-0.45000000, 0.60000000, -0.15000000, 0.00035013
-0.52500000, 0.60000000, -0.07500000, 0.00579296
-0.60000000, 0.60000000, 0.00000000, 0.00159153
-0.60000000, 0.52500000, 0.07500000, -0.00044387
-0.60000000, 0.45000000, 0.15000000, -0.00103537
-0.60000000, 0.37500000, 0.22500000, -0.00122013
-0.60000000, 0.30000000, 0.30000000, -0.00109075
-0.60000000, 0.22500000, 0.37500000, -0.00071828
-0.60000000, 0.15000000, 0.45000000, -0.00028295
-0.60000000, 0.07500000, 0.52500000, 0.00007631
-0.60000000, 0.00000000, 0.60000000, 0.00027267
-0.52500000, -0.07500000, 0.60000000, 0.00142450
-0.45000000, -0.15000000, 0.60000000, 0.00328404
-0.37500000, -0.22500000, 0.60000000, 0.00554214
-0.30000000, -0.30000000, 0.60000000, 0.00788115
-0.22500000, -0.37500000, 0.60000000, 0.01001799
-0.15000000, -0.45000000, 0.60000000, 0.01170111
-0.07500000, -0.52500000, 0.60000000, 0.01274017
0.00000000, -0.60000000, 0.60000000, 0.01306275
0.07500000, -0.60000000, 0.52500000, 0.02476419
0.15000000, -0.60000000, 0.45000000, 0.03008034
0.22500000, -0.60000000, 0.37500000, 0.02875603
0.30000000, -0.60000000, 0.30000000, 0.02115849
0.37500000, -0.60000000, 0.22500000, 0.01003395
0.45000000, -0.60000000, 0.15000000, -0.00035013
0.52500000, -0.60000000, 0.07500000, -0.00579296
0.60000000, -0.60000000, 0.00000000, -0.00159153
0.60000000, -0.52500000, -0.07500000, 0.00044387
0.60000000, -0.45000000, -0.15000000, 0.00103537
0.60000000, -0.37500000, -0.22500000, 0.00122013
0.60000000, -0.30000000, -0.30000000, 0.00109075
0.60000000, -0.22500000, -0.37500000, 0.00071828
0.60000000, -0.15000000, -0.45000000, 0.00028295
0.60000000, -0.07500000, -0.52500000, -0.00007631
0.65000000, 0.00000000, -0.65000000, -0.00006531
0.56875000, 0.08125000, -0.65000000, -0.00065634
0.48750000, 0.16250000, -0.65000000, -0.00174010
0.40625000, 0.24375000, -0.65000000, -0.00311452
0.32500000, 0.32500000, -0.65000000, -0.00451638
0.24375000, 0.40625000, -0.65000000, -0.00570173
0.16250000, 0.48750000, -0.65000000, -0.00649153
0.08125000, 0.56875000, -0.65000000, -0.00680868
0.00000000, 0.65000000, -0.65000000, -0.00666921
-0.08125000, 0.65000000, -0.56875000, -0.01637050
-0.16250000, 0.65000000, -0.48750000, -0.02259127
-0.24375000, 0.65000000, -0.40625000, -0.02347523
-0.32500000, 0.65000000, -0.32500000, -0.01804148
-0.40625000, 0.65000000, -0.24375000, -0.00867825
-0.48750000, 0.65000000, -0.16250000, 0.00010589
-0.56875000, 0.65000000, -0.08125000, 0.00430304
-0.65000000, 0.65000000, 0.00000000, 0.00100966
-0.65000000, 0.56875000, 0.08125000, -0.00030790
-0.65000000, 0.48750000, 0.16250000, -0.00081422
-0.65000000, 0.40625000, 0.24375000, -0.00103468
-0.65000000, 0.32500000, 0.32500000, -0.00097268
-0.65000000, 0.24375000, 0.40625000, -0.00069222
-0.65000000, 0.16250000, 0.48750000, -0.00034722
-0.65000000, 0.08125000, 0.56875000, -0.00007488
-0.65000000, 0.00000000, 0.65000000, 0.00006531
-0.56875000, -0.08125000, 0.65000000, 0.00065634
-0.48750000, -0.16250000, 0.65000000, 0.00174010
-0.40625000, -0.24375000, 0.65000000, 0.00311452
-0.32500000, -0.32500000, 0.65000000, 0.00451638
-0.24375000, -0.40625000, 0.65000000, 0.00570173
-0.16250000, -0.48750000, 0.65000000, 0.00649153
-0.08125000, -0.56875000, 0.65000000, 0.00680868
0.00000000, -0.65000000, 0.65000000, 0.00666921
0.08125000, -0.65000000, 0.56875000, 0.01637050
0.16250000, -0.65000000, 0.48750000, 0.02259127
0.24375000, -0.65000000, 0.40625000, 0.02347523
0.32500000, -0.65000000, 0.32500000, 0.01804148
0.40625000, -0.65000000, 0.24375000, 0.00867825
0.48750000, -0.65000000, 0.16250000, -0.00010589
0.56875000, -0.65000000, 0.08125000, -0.00430304
0.65000000, -0.65000000, 0.00000000, -0.00100966
0.65000000, -0.56875000, -0.08125000, 0.00030790
0.65000000, -0.48750000, -0.16250000, 0.00081422
0.65000000, -0.40625000, -0.24375000, 0.00103468
0.65000000, -0.32500000, -0.32500000, 0.00097268
0.65000000, -0.24375000, -0.40625000, 0.00069222
0.65000000, -0.16250000, -0.48750000, 0.00034722
0.65000000, -0.08125000, -0.56875000, 0.00007488
0.70000000, 0.00000000, -0.70000000, -0.00001010
0.61250000, 0.08750000, -0.70000000, -0.00027275
0.52500000, 0.17500000, -0.70000000, -0.00083272
0.43750000, 0.26250000, -0.70000000, -0.00158224
0.35000000, 0.35000000, -0.70000000, -0.00232680
0.26250000, 0.43750000, -0.70000000, -0.00287195
0.17500000, 0.52500000, -0.70000000, -0.00311242
0.08750000, 0.61250000, -0.70000000, -0.00306382
0.00000000, 0.70000000, -0.70000000, -0.00282464
-0.08750000, 0.70000000, -0.61250000, -0.00968160
-0.17500000, 0.70000000, -0.52500000, -0.01555623
-0.26250000, 0.70000000, -0.43750000, -0.01783128
-0.35000000, 0.70000000, -0.35000000, -0.01431122
-0.43750000, 0.70000000, -0.26250000, -0.00680859
-0.52500000, 0.70000000, -0.17500000, 0.00015759
-0.61250000, 0.70000000, -0.08750000, 0.00306402
-0.70000000, 0.70000000, 0.00000000, 0.00060245
-0.70000000, 0.61250000, 0.08750000, -0.00018919
-0.70000000, 0.52500000, 0.17500000, -0.00057723
-0.70000000, 0.43750000, 0.26250000, -0.00078231
-0.70000000, 0.35000000, 0.35000000, -0.00075550
-0.70000000, 0.26250000, 0.43750000, -0.00054230
-0.70000000, 0.17500000, 0.52500000, -0.00027744
-0.70000000, 0.08750000, 0.61250000, -0.00008080
-0.70000000, 0.00000000, 0.70000000, 0.00001010
-0.61250000, -0.08750000, 0.70000000, 0.00027275
-0.52500000, -0.17500000, 0.70000000, 0.00083272
-0.43750000, -0.26250000, 0.70000000, 0.00158224
-0.35000000, -0.35000000, 0.70000000, 0.00232680
-0.26250000, -0.43750000, 0.70000000, 0.00287195
-0.17500000, -0.52500000, 0.70000000, 0.00311242
-0.08750000, -0.61250000, 0.70000000, 0.00306382
0.00000000, -0.70000000, 0.70000000, 0.00282464
0.08750000, -0.70000000, 0.61250000, 0.00968160
0.17500000, -0.70000000, 0.52500000, 0.01555623
0.26250000, -0.70000000, 0.43750000, 0.01783128
0.35000000, -0.70000000, 0.35000000, 0.01431122
0.43750000, -0.70000000, 0.26250000, 0.00680859
0.52500000, -0.70000000, 0.17500000, -0.00015759
0.61250000, -0.70000000, 0.08750000, -0.00306402
0.70000000, -0.70000000, 0.00000000, -0.00060245
0.70000000, -0.61250000, -0.08750000, 0.00018919
0.70000000, -0.52500000, -0.17500000, 0.00057723
0.70000000, -0.43750000, -0.26250000, 0.00078231
0.70000000, -0.35000000, -0.35000000, 0.00075550
0.70000000, -0.26250000, -0.43750000, 0.00054230
0.70000000, -0.17500000, -0.52500000, 0.00027744
0.70000000, -0.08750000, -0.61250000, 0.00008080
0.75000000, 0.00000000, -0.75000000, -0.00000268
0.65625000, 0.09375000, -0.75000000, -0.00010794
0.56250000, 0.18750000, -0.75000000, -0.00036814
0.46875000, 0.28125000, -0.75000000, -0.00074044
0.37500000, 0.37500000, -0.75000000, -0.00109670
0.28125000, 0.46875000, -0.75000000, -0.00129397
0.18750000, 0.56250000, -0.75000000, -0.00128429
0.09375000, 0.65625000, -0.75000000, -0.00113187
0.00000000, 0.75000000, -0.75000000, -0.00096298
-0.09375000, 0.75000000, -0.65625000, -0.00503669
-0.18750000, 0.75000000, -0.56250000, -0.00967185
-0.28125000, 0.75000000, -0.46875000, -0.01245728
-0.37500000, 0.75000000, -0.37500000, -0.01046577
-0.46875000, 0.75000000, -0.28125000, -0.00482101
-0.56250000, 0.75000000, -0.18750000, 0.00027492
-0.65625000, 0.75000000, -0.09375000, 0.00203919
-0.75000000, 0.75000000, 0.00000000, 0.00033244
-0.75000000, 0.65625000, 0.09375000, -0.00010125
-0.75000000, 0.56250000, 0.18750000, -0.00035866
-0.75000000, 0.46875000, 0.28125000, -0.00051660
-0.75000000, 0.37500000, 0.37500000, -0.00050723
-0.75000000, 0.28125000, 0.46875000, -0.00035218
-0.75000000, 0.18750000, 0.56250000, -0.00016772
-0.75000000, 0.09375000, 0.65625000, -0.00004257
-0.75000000, 0.00000000, 0.75000000, 0.00000268
-0.65625000, -0.09375000, 0.75000000, 0.00010794
-0.56250000, -0.18750000, 0.75000000, 0.00036814
-0.46875000, -0.28125000, 0.75000000, 0.00074044
-0.37500000, -0.37500000, 0.75000000, 0.00109670
-0.28125000, -0.46875000, 0.75000000, 0.00129397
-0.18750000, -0.56250000, 0.75000000, 0.00128429
-0.09375000, -0.65625000, 0.75000000, 0.00113187
0.00000000, -0.75000000, 0.75000000, 0.00096298
0.09375000, -0.75000000, 0.65625000, 0.00503669
0.18750000, -0.75000000, 0.56250000, 0.00967185
0.28125000, -0.75000000, 0.46875000, 0.01245728
0.37500000, -0.75000000, 0.37500000, 0.01046577
0.46875000, -0.75000000, 0.28125000, 0.00482101
0.56250000, -0.75000000, 0.18750000, -0.00027492
0.65625000, -0.75000000, 0.09375000, -0.00203919
0.75000000, -0.75000000, 0.00000000, -0.00033244
0.75000000, -0.65625000, -0.09375000, 0.00010125
0.75000000, -0.56250000, -0.18750000, 0.00035866
0.75000000, -0.46875000, -0.28125000, 0.00051660
0.75000000, -0.37500000, -0.37500000, 0.00050723
0.75000000, -0.28125000, -0.46875000, 0.00035218
0.75000000, -0.18750000, -0.56250000, 0.00016772
0.75000000, -0.09375000, -0.65625000, 0.00004257
0.80000000, 0.00000000, -0.80000000, -0.00000037
0.70000000, 0.10000000, -0.80000000, -0.00003914
0.60000000, 0.20000000, -0.80000000, -0.00015022
0.50000000, 0.30000000, -0.80000000, -0.00032415
0.40000000, 0.40000000, -0.80000000, -0.00048412
0.30000000, 0.50000000, -0.80000000, -0.00053633
0.20000000, 0.60000000, -0.80000000, -0.00046642
0.10000000, 0.70000000, -0.80000000, -0.00034525
0.00000000, 0.80000000, -0.80000000, -0.00027127
-0.10000000, 0.80000000, -0.70000000, -0.00226209
-0.20000000, 0.80000000, -0.60000000, -0.00529456
-0.30000000, 0.80000000, -0.50000000, -0.00783459
-0.40000000, 0.80000000, -0.40000000, -0.00691931
-0.50000000, 0.80000000, -0.30000000, -0.00303612
-0.60000000, 0.80000000, -0.20000000, 0.00031423
-0.70000000, 0.80000000, -0.10000000, 0.00121304
-0.80000000, 0.80000000, 0.00000000, 0.00015792
-0.80000000, 0.70000000, 0.10000000, -0.00004556
-0.80000000, 0.60000000, 0.20000000, -0.00018723
-0.80000000, 0.50000000, 0.30000000, -0.00028880
-0.80000000, 0.40000000, 0.40000000, -0.00028852
-0.80000000, 0.30000000, 0.50000000, -0.00019216
-0.80000000, 0.20000000, 0.60000000, -0.00008292
-0.80000000, 0.10000000, 0.70000000, -0.00001694
-0.80000000, 0.00000000, 0.80000000, 0.00000037
-0.70000000, -0.10000000, 0.80000000, 0.00003914
-0.60000000, -0.20000000, 0.80000000, 0.00015022
-0.50000000, -0.30000000, 0.80000000, 0.00032415
-0.40000000, -0.40000000, 0.80000000, 0.00048412
-0.30000000, -0.50000000, 0.80000000, 0.00053633
-0.20000000, -0.60000000, 0.80000000, 0.00046642
-0.10000000, -0.70000000, 0.80000000, 0.00034525
0.00000000, -0.80000000, 0.80000000, 0.00027127
0.10000000, -0.80000000, 0.70000000, 0.00226209
0.20000000, -0.80000000, 0.60000000, 0.00529456
0.30000000, -0.80000000, 0.50000000, 0.00783459
0.40000000, -0.80000000, 0.40000000, 0.00691931
0.50000000, -0.80000000, 0.30000000, 0.00303612
0.60000000, -0.80000000, 0.20000000, -0.00031423
0.70000000, -0.80000000, 0.10000000, -0.00121304
0.80000000, -0.80000000, 0.00000000, -0.00015792
0.80000000, -0.70000000, -0.10000000, 0.00004556
0.80000000, -0.60000000, -0.20000000, 0.00018723
0.80000000, -0.50000000, -0.30000000, 0.00028880
0.80000000, -0.40000000, -0.40000000, 0.00028852
0.80000000, -0.30000000, -0.50000000, 0.00019216
0.80000000, -0.20000000, -0.60000000, 0.00008292
0.80000000, -0.10000000, -0.70000000, 0.00001694
0.85000000, 0.00000000, -0.85000000, 0.00000167
0.74375000, 0.10625000, -0.85000000, -0.00000907
0.63750000, 0.21250000, -0.85000000, -0.00005168
0.53125000, 0.31875000, -0.85000000, -0.00012762
0.42500000, 0.42500000, -0.85000000, -0.00019545
0.31875000, 0.53125000, -0.85000000, -0.00020375
0.21250000, 0.63750000, -0.85000000, -0.00015229
0.10625000, 0.74375000, -0.85000000, -0.00009255
0.00000000, 0.85000000, -0.85000000, -0.00007384
-0.10625000, 0.85000000, -0.74375000, -0.00085924
-0.21250000, 0.85000000, -0.63750000, -0.00244034
-0.31875000, 0.85000000, -0.53125000, -0.00425727
-0.42500000, 0.85000000, -0.42500000, -0.00397553
-0.53125000, 0.85000000, -0.31875000, -0.00164242
-0.63750000, 0.85000000, -0.21250000, 0.00024978
-0.74375000, 0.85000000, -0.10625000, 0.00060428
-0.85000000, 0.85000000, 0.00000000, 0.00005388
-0.85000000, 0.74375000, 0.10625000, -0.00001697
-0.85000000, 0.63750000, 0.21250000, -0.00007739
-0.85000000, 0.53125000, 0.31875000, -0.00012999
-0.85000000, 0.42500000, 0.42500000, -0.00013335
-0.85000000, 0.31875000, 0.53125000, -0.00008879
-0.85000000, 0.21250000, 0.63750000, -0.00003725
-0.85000000, 0.10625000, 0.74375000, -0.00000999
-0.85000000, 0.00000000, 0.85000000, -0.00000167
-0.74375000, -0.10625000, 0.85000000, 0.00000907
-0.63750000, -0.21250000, 0.85000000, 0.00005168
-0.53125000, -0.31875000, 0.85000000, 0.00012762
-0.42500000, -0.42500000, 0.85000000, 0.00019545
-0.31875000, -0.53125000, 0.85000000, 0.00020375
-0.21250000, -0.63750000, 0.85000000, 0.00015229
-0.10625000, -0.74375000, 0.85000000, 0.00009255
0.00000000, -0.85000000, 0.85000000, 0.00007384
0.10625000, -0.85000000, 0.74375000, 0.00085924
0.21250000, -0.85000000, 0.63750000, 0.00244034
0.31875000, -0.85000000, 0.53125000, 0.00425727
0.42500000, -0.85000000, 0.42500000, 0.00397553
0.53125000, -0.85000000, 0.31875000, 0.00164242
0.63750000, -0.85000000, 0.21250000, -0.00024978
0.74375000, -0.85000000, 0.10625000, -0.00060428
0.85000000, -0.85000000, 0.00000000, -0.00005388
0.85000000, -0.74375000, -0.10625000, 0.00001697
0.85000000, -0.63750000, -0.21250000, 0.00007739
0.85000000, -0.53125000, -0.31875000, 0.00012999
0.85000000, -0.42500000, -0.42500000, 0.00013335
0.85000000, -0.31875000, -0.53125000, 0.00008879
0.85000000, -0.21250000, -0.63750000, 0.00003725
0.85000000, -0.10625000, -0.74375000, 0.00000999
0.90000000, 0.00000000, -0.90000000, 0.00000045
0.78750000, 0.11250000, -0.90000000, -0.00000155
0.67500000, 0.22500000, -0.90000000, -0.00001411
0.56250000, 0.33750000, -0.90000000, -0.00003969
0.45000000, 0.45000000, -0.90000000, -0.00006243
0.33750000, 0.56250000, -0.90000000, -0.00006102
0.22500000, 0.67500000, -0.90000000, -0.00003856
0.11250000, 0.78750000, -0.90000000, -0.00001849
0.00000000, 0.90000000, -0.90000000, -0.00001494
-0.11250000, 0.90000000, -0.78750000, -0.00026073
-0.22500000, 0.90000000, -0.67500000, -0.00086267
-0.33750000, 0.90000000, -0.56250000, -0.00182478
-0.45000000, 0.90000000, -0.45000000, -0.00181421
-0.56250000, 0.90000000, -0.33750000, -0.00069343
-0.67500000, 0.90000000, -0.22500000, 0.00014281
-0.78750000, 0.90000000, -0.11250000, 0.00023704
-0.90000000, 0.90000000, 0.00000000, 0.00001327
-0.90000000, 0.78750000, 0.11250000, -0.00000493
-0.90000000, 0.67500000, 0.22500000, -0.00002319
-0.90000000, 0.56250000, 0.33750000, -0.00004295
-0.90000000, 0.45000000, 0.45000000, -0.00004568
-0.90000000, 0.33750000, 0.56250000, -0.00003057
-0.90000000, 0.22500000, 0.67500000, -0.00001243
-0.90000000, 0.11250000, 0.78750000, -0.00000409
-0.90000000, 0.00000000, 0.90000000, -0.00000045
-0.78750000, -0.11250000, 0.90000000, 0.00000155
-0.67500000, -0.22500000, 0.90000000, 0.00001411
-0.56250000, -0.33750000, 0.90000000, 0.00003969
-0.45000000, -0.45000000, 0.90000000, 0.00006243
-0.33750000, -0.56250000, 0.90000000, 0.00006102
-0.22500000, -0.67500000, 0.90000000, 0.00003856
-0.11250000, -0.78750000, 0.90000000, 0.00001849
0.00000000, -0.90000000, 0.90000000, 0.00001494
0.11250000, -0.90000000, 0.78750000, 0.00026073
0.22500000, -0.90000000, 0.67500000, 0.00086267
0.33750000, -0.90000000, 0.56250000, 0.00182478
0.45000000, -0.90000000, 0.45000000, 0.00181421
0.56250000, -0.90000000, 0.33750000, 0.00069343
0.67500000, -0.90000000, 0.22500000, -0.00014281
0.78750000, -0.90000000, 0.11250000, -0.00023704
0.90000000, -0.90000000, 0.00000000, -0.00001327
0.90000000, -0.78750000, -0.11250000, 0.00000493
0.90000000, -0.67500000, -0.22500000, 0.00002319
0.90000000, -0.56250000, -0.33750000, 0.00004295
0.90000000, -0.45000000, -0.45000000, 0.00004568
0.90000000, -0.33750000, -0.56250000, 0.00003057
0.90000000, -0.22500000, -0.67500000, 0.00001243
0.90000000, -0.11250000, -0.78750000, 0.00000409
0.95000000, 0.00000000, -0.95000000, -0.00000068
0.83125000, 0.11875000, -0.95000000, -0.00000238
0.71250000, 0.23750000, -0.95000000, -0.00000436
0.59375000, 0.35625000, -0.95000000, -0.00000776
0.47500000, 0.47500000, -0.95000000, -0.00001139
0.35625000, 0.59375000, -0.95000000, -0.00001014
0.23750000, 0.71250000, -0.95000000, -0.00000564
0.11875000, 0.83125000, -0.95000000, -0.00000137
0.00000000, 0.95000000, -0.95000000, 0.00000065
-0.11875000, 0.95000000, -0.83125000, -0.00004661
-0.23750000, 0.95000000, -0.71250000, -0.00017482
-0.35625000, 0.95000000, -0.59375000, -0.00045898
-0.47500000, 0.95000000, -0.47500000, -0.00048903
-0.59375000, 0.95000000, -0.35625000, -0.00016520
-0.71250000, 0.95000000, -0.23750000, 0.00005027
-0.83125000, 0.95000000, -0.11875000, 0.00006386
-0.95000000, 0.95000000, 0.00000000, 0.00000734
-0.95000000, 0.83125000, 0.11875000, -0.00000031
-0.95000000, 0.71250000, 0.23750000, -0.00000378
-0.95000000, 0.59375000, 0.35625000, -0.00000767
-0.95000000, 0.47500000, 0.47500000, -0.00000844
-0.95000000, 0.35625000, 0.59375000, -0.00000320
-0.95000000, 0.23750000, 0.71250000, 0.00000066
-0.95000000, 0.11875000, 0.83125000, 0.00000214
-0.95000000, 0.00000000, 0.95000000, 0.00000068
-0.83125000, -0.11875000, 0.95000000, 0.00000238
-0.71250000, -0.23750000, 0.95000000, 0.00000436
-0.59375000, -0.35625000, 0.95000000, 0.00000776
-0.47500000, -0.47500000, 0.95000000, 0.00001139
-0.35625000, -0.59375000, 0.95000000, 0.00001014
-0.23750000, -0.71250000, 0.95000000, 0.00000564
-0.11875000, -0.83125000, 0.95000000, 0.00000137
0.00000000, -0.95000000, 0.95000000, -0.00000065
0.11875000, -0.95000000, 0.83125000, 0.00004661
0.23750000, -0.95000000, 0.71250000, 0.00017482
0.35625000, -0.95000000, 0.59375000, 0.00045898
0.47500000, -0.95000000, 0.47500000, 0.00048903
0.59375000, -0.95000000, 0.35625000, 0.00016520
0.71250000, -0.95000000, 0.23750000, -0.00005027
0.83125000, -0.95000000, 0.11875000, -0.00006386
0.95000000, -0.95000000, 0.00000000, -0.00000734
0.95000000, -0.83125000, -0.11875000, 0.00000031
0.95000000, -0.71250000, -0.23750000, 0.00000378
0.95000000, -0.59375000, -0.35625000, 0.00000767
0.95000000, -0.47500000, -0.47500000, 0.00000844
0.95000000, -0.35625000, -0.59375000, 0.00000320
0.95000000, -0.23750000, -0.71250000, -0.00000066
0.95000000, -0.11875000, -0.83125000, -0.00000214
1.00000000, 0.00000000, -1.00000000, 0.00000000
0.87500000, 0.12500000, -1.00000000, 0.00000000
0.75000000, 0.25000000, -1.00000000, 0.00000000
0.62500000, 0.37500000, -1.00000000, 0.00000000
0.50000000, 0.50000000, -1.00000000, 0.00000000
0.37500000, 0.62500000, -1.00000000, 0.00000000
0.25000000, 0.75000000, -1.00000000, 0.00000000
0.12500000, 0.87500000, -1.00000000, 0.00000000
0.00000000, 1.00000000, -1.00000000, 0.00000000
-0.12500000, 1.00000000, -0.87500000, 0.00000000
-0.25000000, 1.00000000, -0.75000000, 0.00000000
-0.37500000, 1.00000000, -0.62500000, 0.00000000
-0.50000000, 1.00000000, -0.50000000, 0.00000000
-0.62500000, 1.00000000, -0.37500000, 0.00000000
-0.75000000, 1.00000000, -0.25000000, 0.00000000
-0.87500000, 1.00000000, -0.12500000, 0.00000000
-1.00000000, 1.00000000, 0.00000000, 0.00000000
-1.00000000, 0.87500000, 0.12500000, 0.00000000
-1.00000000, 0.75000000, 0.25000000, 0.00000000
-1.00000000, 0.62500000, 0.37500000, 0.00000000
-1.00000000, 0.50000000, 0.50000000, 0.00000000
-1.00000000, 0.37500000, 0.62500000, 0.00000000
-1.00000000, 0.25000000, 0.75000000, 0.00000000
-1.00000000, 0.12500000, 0.87500000, 0.00000000
-1.00000000, 0.00000000, 1.00000000, 0.00000000
-0.87500000, -0.12500000, 1.00000000, 0.00000000
-0.75000000, -0.25000000, 1.00000000, 0.00000000
-0.62500000, -0.37500000, 1.00000000, 0.00000000
-0.50000000, -0.50000000, 1.00000000, 0.00000000
-0.37500000, -0.62500000, 1.00000000, 0.00000000
-0.25000000, -0.75000000, 1.00000000, 0.00000000
-0.12500000, -0.87500000, 1.00000000, 0.00000000
0.00000000, -1.00000000, 1.00000000, 0.00000000
0.12500000, -1.00000000, 0.87500000, 0.00000000
0.25000000, -1.00000000, 0.75000000, 0.00000000
0.37500000, -1.00000000, 0.62500000, 0.00000000
0.50000000, -1.00000000, 0.50000000, 0.00000000
0.62500000, -1.00000000, 0.37500000, 0.00000000
0.75000000, -1.00000000, 0.25000000, 0.00000000
0.87500000, -1.00000000, 0.12500000, 0.00000000
1.00000000, -1.00000000, 0.00000000, 0.00000000
1.00000000, -0.87500000, -0.12500000, 0.00000000
1.00000000, -0.75000000, -0.25000000, 0.00000000
1.00000000, -0.62500000, -0.37500000, 0.00000000
1.00000000, -0.50000000, -0.50000000, 0.00000000
1.00000000, -0.37500000, -0.62500000, 0.00000000
1.00000000, -0.25000000, -0.75000000, 0.00000000
1.00000000, -0.12500000, -0.87500000, 0.00000000
