0.01000000, 0.00000000, -0.01000000, -0.00009388
0.00000000, 0.01000000, -0.01000000, 0.00714226
-0.00125000, 0.01000000, -0.00875000, 0.00654637
-0.00250000, 0.01000000, -0.00750000, 0.00492794
-0.00375000, 0.01000000, -0.00625000, 0.00263330
-0.00500000, 0.01000000, -0.00500000, 0.00000000
-0.00625000, 0.01000000, -0.00375000, -0.00263330
-0.00750000, 0.01000000, -0.00250000, -0.00492794
-0.00875000, 0.01000000, -0.00125000, -0.00654637
-0.01000000, 0.01000000, 0.00000000, -0.00714226
-0.01000000, 0.00875000, 0.00125000, -0.00681450
-0.01000000, 0.00750000, 0.00250000, -0.00591368
-0.01000000, 0.00625000, 0.00375000, -0.00486671
-0.01000000, 0.00500000, 0.00500000, -0.00347681
-0.01000000, 0.00375000, 0.00625000, -0.00221534
-0.01000000, 0.00250000, 0.00750000, -0.00103845
-0.01000000, 0.00125000, 0.00875000, -0.00026309
-0.01000000, 0.00000000, 0.01000000, 0.00009388
0.00000000, -0.01000000, 0.01000000, -0.00714226
0.00125000, -0.01000000, 0.00875000, -0.00654637
0.00250000, -0.01000000, 0.00750000, -0.00492794
0.00375000, -0.01000000, 0.00625000, -0.00263330
0.00500000, -0.01000000, 0.00500000, 0.00000000
0.00625000, -0.01000000, 0.00375000, 0.00263330
0.00750000, -0.01000000, 0.00250000, 0.00492794
0.00875000, -0.01000000, 0.00125000, 0.00654637
0.01000000, -0.01000000, 0.00000000, 0.00714226
0.01000000, -0.00875000, -0.00125000, 0.00681450
0.01000000, -0.00750000, -0.00250000, 0.00591368
0.01000000, -0.00625000, -0.00375000, 0.00486671
0.01000000, -0.00500000, -0.00500000, 0.00347681
0.01000000, -0.00375000, -0.00625000, 0.00221534
0.01000000, -0.00250000, -0.00750000, 0.00103845
0.01000000, -0.00125000, -0.00875000, 0.00026309
0.02000000, 0.00000000, -0.02000000, -0.00001796
0.01750000, 0.00250000, -0.02000000, 0.00032121
0.01500000, 0.00500000, -0.02000000, 0.00107030
0.01250000, 0.00750000, -0.02000000, 0.00223399
0.01000000, 0.01000000, -0.02000000, 0.00349132
0.00750000, 0.01250000, -0.02000000, 0.00487461
0.00500000, 0.01500000, -0.02000000, 0.00605500
0.00250000, 0.01750000, -0.02000000, 0.00689846
0.00000000, 0.02000000, -0.02000000, 0.00722214
-0.00250000, 0.02000000, -0.01750000, 0.00660410
-0.00500000, 0.02000000, -0.01500000, 0.00496096
-0.00750000, 0.02000000, -0.01250000, 0.00264348
-0.01000000, 0.02000000, -0.01000000, 0.00000000
-0.01250000, 0.02000000, -0.00750000, -0.00264348
-0.01500000, 0.02000000, -0.00500000, -0.00496096
-0.01750000, 0.02000000, -0.00250000, -0.00660410
-0.02000000, 0.02000000, 0.00000000, -0.00722214
-0.02000000, 0.01750000, 0.00250000, -0.00689846
-0.02000000, 0.01500000, 0.00500000, -0.00605500
-0.02000000, 0.01250000, 0.00750000, -0.00487461
-0.02000000, 0.01000000, 0.01000000, -0.00349132
-0.02000000, 0.00750000, 0.01250000, -0.00223399
-0.02000000, 0.00500000, 0.01500000, -0.00107030
-0.02000000, 0.00250000, 0.01750000, -0.00032121
-0.02000000, 0.00000000, 0.02000000, 0.00001796
-0.01750000, -0.00250000, 0.02000000, -0.00032121
-0.01500000, -0.00500000, 0.02000000, -0.00107030
-0.01250000, -0.00750000, 0.02000000, -0.00223399
-0.01000000, -0.01000000, 0.02000000, -0.00349132
-0.00750000, -0.01250000, 0.02000000, -0.00487461
-0.00500000, -0.01500000, 0.02000000, -0.00605500
-0.00250000, -0.01750000, 0.02000000, -0.00689846
0.00000000, -0.02000000, 0.02000000, -0.00722214
0.00250000, -0.02000000, 0.01750000, -0.00660410
0.00500000, -0.02000000, 0.01500000, -0.00496096
0.00750000, -0.02000000, 0.01250000, -0.00264348
0.01000000, -0.02000000, 0.01000000, 0.00000000
0.01250000, -0.02000000, 0.00750000, 0.00264348
0.01500000, -0.02000000, 0.00500000, 0.00496096
0.01750000, -0.02000000, 0.00250000, 0.00660410
0.02000000, -0.02000000, 0.00000000, 0.00722214
0.02000000, -0.01750000, -0.00250000, 0.00689846
0.02000000, -0.01500000, -0.00500000, 0.00605500
0.02000000, -0.01250000, -0.00750000, 0.00487461
0.02000000, -0.01000000, -0.01000000, 0.00349132
0.02000000, -0.00750000, -0.01250000, 0.00223399
0.02000000, -0.00500000, -0.01500000, 0.00107030
0.02000000, -0.00250000, -0.01750000, 0.00032121
0.03000000, 0.00000000, -0.03000000, 0.00017792
0.02625000, 0.00375000, -0.03000000, 0.00047978
0.02250000, 0.00750000, -0.03000000, 0.00119907
0.01875000, 0.01125000, -0.03000000, 0.00238147
0.01500000, 0.01500000, -0.03000000, 0.00370246
0.01125000, 0.01875000, -0.03000000, 0.00502519
0.00750000, 0.02250000, -0.03000000, 0.00619044
0.00375000, 0.02625000, -0.03000000, 0.00704765
0.00000000, 0.03000000, -0.03000000, 0.00739084
-0.00375000, 0.03000000, -0.02625000, 0.00673554
-0.00750000, 0.03000000, -0.02250000, 0.00504811
-0.01125000, 0.03000000, -0.01875000, 0.00269525
-0.01500000, 0.03000000, -0.01500000, 0.00000000
-0.01875000, 0.03000000, -0.01125000, -0.00269525
-0.02250000, 0.03000000, -0.00750000, -0.00504811
-0.02625000, 0.03000000, -0.00375000, -0.00673554
-0.03000000, 0.03000000, 0.00000000, -0.00739084
-0.03000000, 0.02625000, 0.00375000, -0.00704765
-0.03000000, 0.02250000, 0.00750000, -0.00619044
-0.03000000, 0.01875000, 0.01125000, -0.00502519
-0.03000000, 0.01500000, 0.01500000, -0.00370246
-0.03000000, 0.01125000, 0.01875000, -0.00238147
-0.03000000, 0.00750000, 0.02250000, -0.00119907
-0.03000000, 0.00375000, 0.02625000, -0.00047978
-0.03000000, 0.00000000, 0.03000000, -0.00017792
-0.02625000, -0.00375000, 0.03000000, -0.00047978
-0.02250000, -0.00750000, 0.03000000, -0.00119907
-0.01875000, -0.01125000, 0.03000000, -0.00238147
-0.01500000, -0.01500000, 0.03000000, -0.00370246
-0.01125000, -0.01875000, 0.03000000, -0.00502519
-0.00750000, -0.02250000, 0.03000000, -0.00619044
-0.00375000, -0.02625000, 0.03000000, -0.00704765
0.00000000, -0.03000000, 0.03000000, -0.00739084
0.00375000, -0.03000000, 0.02625000, -0.00673554
0.00750000, -0.03000000, 0.02250000, -0.00504811
0.01125000, -0.03000000, 0.01875000, -0.00269525
0.01500000, -0.03000000, 0.01500000, 0.00000000
0.01875000, -0.03000000, 0.01125000, 0.00269525
0.02250000, -0.03000000, 0.00750000, 0.00504811
0.02625000, -0.03000000, 0.00375000, 0.00673554
0.03000000, -0.03000000, 0.00000000, 0.00739084
0.03000000, -0.02625000, -0.00375000, 0.00704765
0.03000000, -0.02250000, -0.00750000, 0.00619044
0.03000000, -0.01875000, -0.01125000, 0.00502519
0.03000000, -0.01500000, -0.01500000, 0.00370246
0.03000000, -0.01125000, -0.01875000, 0.00238147
0.03000000, -0.00750000, -0.02250000, 0.00119907
0.03000000, -0.00375000, -0.02625000, 0.00047978
0.04000000, 0.00000000, -0.04000000, 0.00048568
0.03500000, 0.00500000, -0.04000000, 0.00073747
0.03000000, 0.01000000, -0.04000000, 0.00149059
0.02500000, 0.01500000, -0.04000000, 0.00261432
0.02000000, 0.02000000, -0.04000000, 0.00392277
0.01500000, 0.02500000, -0.04000000, 0.00525295
0.01000000, 0.03000000, -0.04000000, 0.00642981
0.00500000, 0.03500000, -0.04000000, 0.00728562
0.00000000, 0.04000000, -0.04000000, 0.00764695
-0.00500000, 0.04000000, -0.03500000, 0.00693340
-0.01000000, 0.04000000, -0.03000000, 0.00519101
-0.01500000, 0.04000000, -0.02500000, 0.00276709
-0.02000000, 0.04000000, -0.02000000, 0.00000000
-0.02500000, 0.04000000, -0.01500000, -0.00276709
-0.03000000, 0.04000000, -0.01000000, -0.00519101
-0.03500000, 0.04000000, -0.00500000, -0.00693340
-0.04000000, 0.04000000, 0.00000000, -0.00764695
-0.04000000, 0.03500000, 0.00500000, -0.00728562
-0.04000000, 0.03000000, 0.01000000, -0.00642981
-0.04000000, 0.02500000, 0.01500000, -0.00525295
-0.04000000, 0.02000000, 0.02000000, -0.00392277
-0.04000000, 0.01500000, 0.02500000, -0.00261432
-0.04000000, 0.01000000, 0.03000000, -0.00149059
-0.04000000, 0.00500000, 0.03500000, -0.00073747
-0.04000000, 0.00000000, 0.04000000, -0.00048568
-0.03500000, -0.00500000, 0.04000000, -0.00073747
-0.03000000, -0.01000000, 0.04000000, -0.00149059
-0.02500000, -0.01500000, 0.04000000, -0.00261432
-0.02000000, -0.02000000, 0.04000000, -0.00392277
-0.01500000, -0.02500000, 0.04000000, -0.00525295
-0.01000000, -0.03000000, 0.04000000, -0.00642981
-0.00500000, -0.03500000, 0.04000000, -0.00728562
0.00000000, -0.04000000, 0.04000000, -0.00764695
0.00500000, -0.04000000, 0.03500000, -0.00693340
0.01000000, -0.04000000, 0.03000000, -0.00519101
0.01500000, -0.04000000, 0.02500000, -0.00276709
0.02000000, -0.04000000, 0.02000000, 0.00000000
0.02500000, -0.04000000, 0.01500000, 0.00276709
0.03000000, -0.04000000, 0.01000000, 0.00519101
0.03500000, -0.04000000, 0.00500000, 0.00693340
0.04000000, -0.04000000, 0.00000000, 0.00764695
0.04000000, -0.03500000, -0.00500000, 0.00728562
0.04000000, -0.03000000, -0.01000000, 0.00642981
0.04000000, -0.02500000, -0.01500000, 0.00525295
0.04000000, -0.02000000, -0.02000000, 0.00392277
0.04000000, -0.01500000, -0.02500000, 0.00261432
0.04000000, -0.01000000, -0.03000000, 0.00149059
0.04000000, -0.00500000, -0.03500000, 0.00073747
0.05000000, 0.00000000, -0.05000000, 0.00091178
0.04375000, 0.00625000, -0.05000000, 0.00110180
0.03750000, 0.01250000, -0.05000000, 0.00183686
0.03125000, 0.01875000, -0.05000000, 0.00293057
0.02500000, 0.02500000, -0.05000000, 0.00423206
0.01875000, 0.03125000, -0.05000000, 0.00555591
0.01250000, 0.03750000, -0.05000000, 0.00673930
0.00625000, 0.04375000, -0.05000000, 0.00760339
0.00000000, 0.05000000, -0.05000000, 0.00798576
-0.00625000, 0.05000000, -0.04375000, 0.00719581
-0.01250000, 0.05000000, -0.03750000, 0.00537392
-0.01875000, 0.05000000, -0.03125000, 0.00285841
-0.02500000, 0.05000000, -0.02500000, 0.00000000
-0.03125000, 0.05000000, -0.01875000, -0.00285841
-0.03750000, 0.05000000, -0.01250000, -0.00537392
-0.04375000, 0.05000000, -0.00625000, -0.00719581
-0.05000000, 0.05000000, 0.00000000, -0.00798576
-0.05000000, 0.04375000, 0.00625000, -0.00760339
-0.05000000, 0.03750000, 0.01250000, -0.00673930
-0.05000000, 0.03125000, 0.01875000, -0.00555591
-0.05000000, 0.02500000, 0.02500000, -0.00423206
-0.05000000, 0.01875000, 0.03125000, -0.00293057
-0.05000000, 0.01250000, 0.03750000, -0.00183686
-0.05000000, 0.00625000, 0.04375000, -0.00110180
-0.05000000, 0.00000000, 0.05000000, -0.00091178
-0.04375000, -0.00625000, 0.05000000, -0.00110180
-0.03750000, -0.01250000, 0.05000000, -0.00183686
-0.03125000, -0.01875000, 0.05000000, -0.00293057
-0.02500000, -0.02500000, 0.05000000, -0.00423206
-0.01875000, -0.03125000, 0.05000000, -0.00555591
-0.01250000, -0.03750000, 0.05000000, -0.00673930
-0.00625000, -0.04375000, 0.05000000, -0.00760339
0.00000000, -0.05000000, 0.05000000, -0.00798576
0.00625000, -0.05000000, 0.04375000, -0.00719581
0.01250000, -0.05000000, 0.03750000, -0.00537392
0.01875000, -0.05000000, 0.03125000, -0.00285841
0.02500000, -0.05000000, 0.02500000, 0.00000000
0.03125000, -0.05000000, 0.01875000, 0.00285841
0.03750000, -0.05000000, 0.01250000, 0.00537392
0.04375000, -0.05000000, 0.00625000, 0.00719581
0.05000000, -0.05000000, 0.00000000, 0.00798576
0.05000000, -0.04375000, -0.00625000, 0.00760339
0.05000000, -0.03750000, -0.01250000, 0.00673930
0.05000000, -0.03125000, -0.01875000, 0.00555591
0.05000000, -0.02500000, -0.02500000, 0.00423206
0.05000000, -0.01875000, -0.03125000, 0.00293057
0.05000000, -0.01250000, -0.03750000, 0.00183686
0.05000000, -0.00625000, -0.04375000, 0.00110180
0.06000000, 0.00000000, -0.06000000, 0.00145958
0.05250000, 0.00750000, -0.06000000, 0.00158255
0.04500000, 0.01500000, -0.06000000, 0.00226560
0.03750000, 0.02250000, -0.06000000, 0.00333507
0.03000000, 0.03000000, -0.06000000, 0.00461529
0.02250000, 0.03750000, -0.06000000, 0.00594389
0.01500000, 0.04500000, -0.06000000, 0.00713641
0.00750000, 0.05250000, -0.06000000, 0.00801225
0.00000000, 0.06000000, -0.06000000, 0.00840648
-0.00750000, 0.06000000, -0.05250000, 0.00752315
-0.01500000, 0.06000000, -0.04500000, 0.00559696
-0.02250000, 0.06000000, -0.03750000, 0.00297365
-0.03000000, 0.06000000, -0.03000000, 0.00000000
-0.03750000, 0.06000000, -0.02250000, -0.00297365
-0.04500000, 0.06000000, -0.01500000, -0.00559696
-0.05250000, 0.06000000, -0.00750000, -0.00752315
-0.06000000, 0.06000000, 0.00000000, -0.00840648
-0.06000000, 0.05250000, 0.00750000, -0.00801225
-0.06000000, 0.04500000, 0.01500000, -0.00713641
-0.06000000, 0.03750000, 0.02250000, -0.00594389
-0.06000000, 0.03000000, 0.03000000, -0.00461529
-0.06000000, 0.02250000, 0.03750000, -0.00333507
-0.06000000, 0.01500000, 0.04500000, -0.00226560
-0.06000000, 0.00750000, 0.05250000, -0.00158255
-0.06000000, 0.00000000, 0.06000000, -0.00145958
-0.05250000, -0.00750000, 0.06000000, -0.00158255
-0.04500000, -0.01500000, 0.06000000, -0.00226560
-0.03750000, -0.02250000, 0.06000000, -0.00333507
-0.03000000, -0.03000000, 0.06000000, -0.00461529
-0.02250000, -0.03750000, 0.06000000, -0.00594389
-0.01500000, -0.04500000, 0.06000000, -0.00713641
-0.00750000, -0.05250000, 0.06000000, -0.00801225
0.00000000, -0.06000000, 0.06000000, -0.00840648
0.00750000, -0.06000000, 0.05250000, -0.00752315
0.01500000, -0.06000000, 0.04500000, -0.00559696
0.02250000, -0.06000000, 0.03750000, -0.00297365
0.03000000, -0.06000000, 0.03000000, 0.00000000
0.03750000, -0.06000000, 0.02250000, 0.00297365
0.04500000, -0.06000000, 0.01500000, 0.00559696
0.05250000, -0.06000000, 0.00750000, 0.00752315
0.06000000, -0.06000000, 0.00000000, 0.00840648
0.06000000, -0.05250000, -0.00750000, 0.00801225
0.06000000, -0.04500000, -0.01500000, 0.00713641
0.06000000, -0.03750000, -0.02250000, 0.00594389
0.06000000, -0.03000000, -0.03000000, 0.00461529
0.06000000, -0.02250000, -0.03750000, 0.00333507
0.06000000, -0.01500000, -0.04500000, 0.00226560
0.06000000, -0.00750000, -0.05250000, 0.00158255
0.07000000, 0.00000000, -0.07000000, 0.00211599
0.06125000, 0.00875000, -0.07000000, 0.00216593
0.05250000, 0.01750000, -0.07000000, 0.00279794
0.04375000, 0.02625000, -0.07000000, 0.00383205
0.03500000, 0.03500000, -0.07000000, 0.00509745
0.02625000, 0.04375000, -0.07000000, 0.00642127
0.01750000, 0.05250000, -0.07000000, 0.00762007
0.00875000, 0.06125000, -0.07000000, 0.00851141
0.00000000, 0.07000000, -0.07000000, 0.00892007
-0.00875000, 0.07000000, -0.06125000, 0.00791669
-0.01750000, 0.07000000, -0.05250000, 0.00586332
-0.02625000, 0.07000000, -0.04375000, 0.00310760
-0.03500000, 0.07000000, -0.03500000, 0.00000000
-0.04375000, 0.07000000, -0.02625000, -0.00310760
-0.05250000, 0.07000000, -0.01750000, -0.00586332
-0.06125000, 0.07000000, -0.00875000, -0.00791669
-0.07000000, 0.07000000, 0.00000000, -0.00892007
-0.07000000, 0.06125000, 0.00875000, -0.00851141
-0.07000000, 0.05250000, 0.01750000, -0.00762007
-0.07000000, 0.04375000, 0.02625000, -0.00642127
-0.07000000, 0.03500000, 0.03500000, -0.00509745
-0.07000000, 0.02625000, 0.04375000, -0.00383205
-0.07000000, 0.01750000, 0.05250000, -0.00279794
-0.07000000, 0.00875000, 0.06125000, -0.00216593
-0.07000000, 0.00000000, 0.07000000, -0.00211599
-0.06125000, -0.00875000, 0.07000000, -0.00216593
-0.05250000, -0.01750000, 0.07000000, -0.00279794
-0.04375000, -0.02625000, 0.07000000, -0.00383205
-0.03500000, -0.03500000, 0.07000000, -0.00509745
-0.02625000, -0.04375000, 0.07000000, -0.00642127
-0.01750000, -0.05250000, 0.07000000, -0.00762007
-0.00875000, -0.06125000, 0.07000000, -0.00851141
0.00000000, -0.07000000, 0.07000000, -0.00892007
0.00875000, -0.07000000, 0.06125000, -0.00791669
0.01750000, -0.07000000, 0.05250000, -0.00586332
0.02625000, -0.07000000, 0.04375000, -0.00310760
0.03500000, -0.07000000, 0.03500000, 0.00000000
0.04375000, -0.07000000, 0.02625000, 0.00310760
0.05250000, -0.07000000, 0.01750000, 0.00586332
0.06125000, -0.07000000, 0.00875000, 0.00791669
0.07000000, -0.07000000, 0.00000000, 0.00892007
0.07000000, -0.06125000, -0.00875000, 0.00851141
0.07000000, -0.05250000, -0.01750000, 0.00762007
0.07000000, -0.04375000, -0.02625000, 0.00642127
0.07000000, -0.03500000, -0.03500000, 0.00509745
0.07000000, -0.02625000, -0.04375000, 0.00383205
0.07000000, -0.01750000, -0.05250000, 0.00279794
0.07000000, -0.00875000, -0.06125000, 0.00216593
0.08000000, 0.00000000, -0.08000000, 0.00289646
0.07000000, 0.01000000, -0.08000000, 0.00285657
0.06000000, 0.02000000, -0.08000000, 0.00342904
0.05000000, 0.03000000, -0.08000000, 0.00442017
0.04000000, 0.04000000, -0.08000000, 0.00566943
0.03000000, 0.05000000, -0.08000000, 0.00698469
0.02000000, 0.06000000, -0.08000000, 0.00818876
0.01000000, 0.07000000, -0.08000000, 0.00909513
0.00000000, 0.08000000, -0.08000000, 0.00952040
-0.01000000, 0.08000000, -0.07000000, 0.00837384
-0.02000000, 0.08000000, -0.06000000, 0.00617191
-0.03000000, 0.08000000, -0.05000000, 0.00326176
-0.04000000, 0.08000000, -0.04000000, 0.00000000
-0.05000000, 0.08000000, -0.03000000, -0.00326176
-0.06000000, 0.08000000, -0.02000000, -0.00617191
-0.07000000, 0.08000000, -0.01000000, -0.00837384
-0.08000000, 0.08000000, 0.00000000, -0.00952040
-0.08000000, 0.07000000, 0.01000000, -0.00909513
-0.08000000, 0.06000000, 0.02000000, -0.00818876
-0.08000000, 0.05000000, 0.03000000, -0.00698469
-0.08000000, 0.04000000, 0.04000000, -0.00566943
-0.08000000, 0.03000000, 0.05000000, -0.00442017
-0.08000000, 0.02000000, 0.06000000, -0.00342904
-0.08000000, 0.01000000, 0.07000000, -0.00285657
-0.08000000, 0.00000000, 0.08000000, -0.00289646
-0.07000000, -0.01000000, 0.08000000, -0.00285657
-0.06000000, -0.02000000, 0.08000000, -0.00342904
-0.05000000, -0.03000000, 0.08000000, -0.00442017
-0.04000000, -0.04000000, 0.08000000, -0.00566943
-0.03000000, -0.05000000, 0.08000000, -0.00698469
-0.02000000, -0.06000000, 0.08000000, -0.00818876
-0.01000000, -0.07000000, 0.08000000, -0.00909513
0.00000000, -0.08000000, 0.08000000, -0.00952040
0.01000000, -0.08000000, 0.07000000, -0.00837384
0.02000000, -0.08000000, 0.06000000, -0.00617191
0.03000000, -0.08000000, 0.05000000, -0.00326176
0.04000000, -0.08000000, 0.04000000, 0.00000000
0.05000000, -0.08000000, 0.03000000, 0.00326176
0.06000000, -0.08000000, 0.02000000, 0.00617191
0.07000000, -0.08000000, 0.01000000, 0.00837384
0.08000000, -0.08000000, 0.00000000, 0.00952040
0.08000000, -0.07000000, -0.01000000, 0.00909513
0.08000000, -0.06000000, -0.02000000, 0.00818876
0.08000000, -0.05000000, -0.03000000, 0.00698469
0.08000000, -0.04000000, -0.04000000, 0.00566943
0.08000000, -0.03000000, -0.05000000, 0.00442017
0.08000000, -0.02000000, -0.06000000, 0.00342904
0.08000000, -0.01000000, -0.07000000, 0.00285657
0.09000000, 0.00000000, -0.09000000, 0.00380967
0.07875000, 0.01125000, -0.09000000, 0.00366027
0.06750000, 0.02250000, -0.09000000, 0.00415879
0.05625000, 0.03375000, -0.09000000, 0.00510178
0.04500000, 0.04500000, -0.09000000, 0.00632666
0.03375000, 0.05625000, -0.09000000, 0.00763537
0.02250000, 0.06750000, -0.09000000, 0.00884577
0.01125000, 0.07875000, -0.09000000, 0.00976428
0.00000000, 0.09000000, -0.09000000, 0.01020481
-0.01125000, 0.09000000, -0.07875000, 0.00889355
-0.02250000, 0.09000000, -0.06750000, 0.00652221
-0.03375000, 0.09000000, -0.05625000, 0.00343782
-0.04500000, 0.09000000, -0.04500000, 0.00000000
-0.05625000, 0.09000000, -0.03375000, -0.00343782
-0.06750000, 0.09000000, -0.02250000, -0.00652221
-0.07875000, 0.09000000, -0.01125000, -0.00889355
-0.09000000, 0.09000000, 0.00000000, -0.01020481
-0.09000000, 0.07875000, 0.01125000, -0.00976428
-0.09000000, 0.06750000, 0.02250000, -0.00884577
-0.09000000, 0.05625000, 0.03375000, -0.00763537
-0.09000000, 0.04500000, 0.04500000, -0.00632666
-0.09000000, 0.03375000, 0.05625000, -0.00510178
-0.09000000, 0.02250000, 0.06750000, -0.00415879
-0.09000000, 0.01125000, 0.07875000, -0.00366027
-0.09000000, 0.00000000, 0.09000000, -0.00380967
-0.07875000, -0.01125000, 0.09000000, -0.00366027
-0.06750000, -0.02250000, 0.09000000, -0.00415879
-0.05625000, -0.03375000, 0.09000000, -0.00510178
-0.04500000, -0.04500000, 0.09000000, -0.00632666
-0.03375000, -0.05625000, 0.09000000, -0.00763537
-0.02250000, -0.06750000, 0.09000000, -0.00884577
-0.01125000, -0.07875000, 0.09000000, -0.00976428
0.00000000, -0.09000000, 0.09000000, -0.01020481
0.01125000, -0.09000000, 0.07875000, -0.00889355
0.02250000, -0.09000000, 0.06750000, -0.00652221
0.03375000, -0.09000000, 0.05625000, -0.00343782
0.04500000, -0.09000000, 0.04500000, 0.00000000
0.05625000, -0.09000000, 0.03375000, 0.00343782
0.06750000, -0.09000000, 0.02250000, 0.00652221
0.07875000, -0.09000000, 0.01125000, 0.00889355
0.09000000, -0.09000000, 0.00000000, 0.01020481
0.09000000, -0.07875000, -0.01125000, 0.00976428
0.09000000, -0.06750000, -0.02250000, 0.00884577
0.09000000, -0.05625000, -0.03375000, 0.00763537
0.09000000, -0.04500000, -0.04500000, 0.00632666
0.09000000, -0.03375000, -0.05625000, 0.00510178
0.09000000, -0.02250000, -0.06750000, 0.00415879
0.09000000, -0.01125000, -0.07875000, 0.00366027
0.10000000, 0.00000000, -0.10000000, 0.00484998
0.08750000, 0.01250000, -0.10000000, 0.00457625
0.07500000, 0.02500000, -0.10000000, 0.00499045
0.06250000, 0.03750000, -0.10000000, 0.00588085
0.05000000, 0.05000000, -0.10000000, 0.00707535
0.03750000, 0.06250000, -0.10000000, 0.00837844
0.02500000, 0.07500000, -0.10000000, 0.00959574
0.01250000, 0.08750000, -0.10000000, 0.01052467
0.00000000, 0.10000000, -0.10000000, 0.01097832
-0.01250000, 0.10000000, -0.08750000, 0.00947760
-0.02500000, 0.10000000, -0.07500000, 0.00691475
-0.03750000, 0.10000000, -0.06250000, 0.00363557
-0.05000000, 0.10000000, -0.05000000, 0.00000000
-0.06250000, 0.10000000, -0.03750000, -0.00363557
-0.07500000, 0.10000000, -0.02500000, -0.00691475
-0.08750000, 0.10000000, -0.01250000, -0.00947760
-0.10000000, 0.10000000, 0.00000000, -0.01097832
-0.10000000, 0.08750000, 0.01250000, -0.01052467
-0.10000000, 0.07500000, 0.02500000, -0.00959574
-0.10000000, 0.06250000, 0.03750000, -0.00837844
-0.10000000, 0.05000000, 0.05000000, -0.00707535
-0.10000000, 0.03750000, 0.06250000, -0.00588085
-0.10000000, 0.02500000, 0.07500000, -0.00499045
-0.10000000, 0.01250000, 0.08750000, -0.00457625
-0.10000000, 0.00000000, 0.10000000, -0.00484998
-0.08750000, -0.01250000, 0.10000000, -0.00457625
-0.07500000, -0.02500000, 0.10000000, -0.00499045
-0.06250000, -0.03750000, 0.10000000, -0.00588085
-0.05000000, -0.05000000, 0.10000000, -0.00707535
-0.03750000, -0.06250000, 0.10000000, -0.00837844
-0.02500000, -0.07500000, 0.10000000, -0.00959574
-0.01250000, -0.08750000, 0.10000000, -0.01052467
0.00000000, -0.10000000, 0.10000000, -0.01097832
0.01250000, -0.10000000, 0.08750000, -0.00947760
0.02500000, -0.10000000, 0.07500000, -0.00691475
0.03750000, -0.10000000, 0.06250000, -0.00363557
0.05000000, -0.10000000, 0.05000000, 0.00000000
0.06250000, -0.10000000, 0.03750000, 0.00363557
0.07500000, -0.10000000, 0.02500000, 0.00691475
0.08750000, -0.10000000, 0.01250000, 0.00947760
0.10000000, -0.10000000, 0.00000000, 0.01097832
0.10000000, -0.08750000, -0.01250000, 0.01052467
0.10000000, -0.07500000, -0.02500000, 0.00959574
0.10000000, -0.06250000, -0.03750000, 0.00837844
0.10000000, -0.05000000, -0.05000000, 0.00707535
0.10000000, -0.03750000, -0.06250000, 0.00588085
0.10000000, -0.02500000, -0.07500000, 0.00499045
0.10000000, -0.01250000, -0.08750000, 0.00457625
0.15000000, 0.00000000, -0.15000000, 0.01170157
0.13125000, 0.01875000, -0.15000000, 0.01072266
0.11250000, 0.03750000, -0.15000000, 0.01063606
0.09375000, 0.05625000, -0.15000000, 0.01121434
0.07500000, 0.07500000, -0.15000000, 0.01225061
0.05625000, 0.09375000, -0.15000000, 0.01350704
0.03750000, 0.11250000, -0.15000000, 0.01475249
0.01875000, 0.13125000, -0.15000000, 0.01573792
0.00000000, 0.15000000, -0.15000000, 0.01621327
-0.01875000, 0.15000000, -0.13125000, 0.01338863
-0.03750000, 0.15000000, -0.11250000, 0.00951500
-0.05625000, 0.15000000, -0.09375000, 0.00493349
-0.07500000, 0.15000000, -0.07500000, 0.00000000
-0.09375000, 0.15000000, -0.05625000, -0.00493349
-0.11250000, 0.15000000, -0.03750000, -0.00951500
-0.13125000, 0.15000000, -0.01875000, -0.01338863
-0.15000000, 0.15000000, 0.00000000, -0.01621327
-0.15000000, 0.13125000, 0.01875000, -0.01573792
-0.15000000, 0.11250000, 0.03750000, -0.01475249
-0.15000000, 0.09375000, 0.05625000, -0.01350704
-0.15000000, 0.07500000, 0.07500000, -0.01225061
-0.15000000, 0.05625000, 0.09375000, -0.01121434
-0.15000000, 0.03750000, 0.11250000, -0.01063606
-0.15000000, 0.01875000, 0.13125000, -0.01072266
-0.15000000, 0.00000000, 0.15000000, -0.01170157
-0.13125000, -0.01875000, 0.15000000, -0.01072266
-0.11250000, -0.03750000, 0.15000000, -0.01063606
-0.09375000, -0.05625000, 0.15000000, -0.01121434
-0.07500000, -0.07500000, 0.15000000, -0.01225061
-0.05625000, -0.09375000, 0.15000000, -0.01350704
-0.03750000, -0.11250000, 0.15000000, -0.01475249
-0.01875000, -0.13125000, 0.15000000, -0.01573792
0.00000000, -0.15000000, 0.15000000, -0.01621327
0.01875000, -0.15000000, 0.13125000, -0.01338863
0.03750000, -0.15000000, 0.11250000, -0.00951500
0.05625000, -0.15000000, 0.09375000, -0.00493349
0.07500000, -0.15000000, 0.07500000, 0.00000000
0.09375000, -0.15000000, 0.05625000, 0.00493349
0.11250000, -0.15000000, 0.03750000, 0.00951500
0.13125000, -0.15000000, 0.01875000, 0.01338863
0.15000000, -0.15000000, 0.00000000, 0.01621327
0.15000000, -0.13125000, -0.01875000, 0.01573792
0.15000000, -0.11250000, -0.03750000, 0.01475249
0.15000000, -0.09375000, -0.05625000, 0.01350704
0.15000000, -0.07500000, -0.07500000, 0.01225061
0.15000000, -0.05625000, -0.09375000, 0.01121434
0.15000000, -0.03750000, -0.11250000, 0.01063606
0.15000000, -0.01875000, -0.13125000, 0.01072266
0.20000000, 0.00000000, -0.20000000, 0.02011666
0.17500000, 0.02500000, -0.20000000, 0.01860122
0.15000000, 0.05000000, -0.20000000, 0.01808129
0.12500000, 0.07500000, -0.20000000, 0.01840231
0.10000000, 0.10000000, -0.20000000, 0.01932366
0.07500000, 0.12500000, -0.20000000, 0.02057999
0.05000000, 0.15000000, -0.20000000, 0.02187371
0.02500000, 0.17500000, -0.20000000, 0.02288093
0.00000000, 0.20000000, -0.20000000, 0.02323859
-0.02500000, 0.20000000, -0.17500000, 0.01872243
-0.05000000, 0.20000000, -0.15000000, 0.01308682
-0.07500000, 0.20000000, -0.12500000, 0.00672294
-0.10000000, 0.20000000, -0.10000000, 0.00000000
-0.12500000, 0.20000000, -0.07500000, -0.00672294
-0.15000000, 0.20000000, -0.05000000, -0.01308682
-0.17500000, 0.20000000, -0.02500000, -0.01872243
-0.20000000, 0.20000000, 0.00000000, -0.02323859
-0.20000000, 0.17500000, 0.02500000, -0.02288093
-0.20000000, 0.15000000, 0.05000000, -0.02187371
-0.20000000, 0.12500000, 0.07500000, -0.02057999
-0.20000000, 0.10000000, 0.10000000, -0.01932366
-0.20000000, 0.07500000, 0.12500000, -0.01840231
-0.20000000, 0.05000000, 0.15000000, -0.01808129
-0.20000000, 0.02500000, 0.17500000, -0.01860122
-0.20000000, 0.00000000, 0.20000000, -0.02011666
-0.17500000, -0.02500000, 0.20000000, -0.01860122
-0.15000000, -0.05000000, 0.20000000, -0.01808129
-0.12500000, -0.07500000, 0.20000000, -0.01840231
-0.10000000, -0.10000000, 0.20000000, -0.01932366
-0.07500000, -0.12500000, 0.20000000, -0.02057999
-0.05000000, -0.15000000, 0.20000000, -0.02187371
-0.02500000, -0.17500000, 0.20000000, -0.02288093
0.00000000, -0.20000000, 0.20000000, -0.02323859
0.02500000, -0.20000000, 0.17500000, -0.01872243
0.05000000, -0.20000000, 0.15000000, -0.01308682
0.07500000, -0.20000000, 0.12500000, -0.00672294
0.10000000, -0.20000000, 0.10000000, 0.00000000
0.12500000, -0.20000000, 0.07500000, 0.00672294
0.15000000, -0.20000000, 0.05000000, 0.01308682
0.17500000, -0.20000000, 0.02500000, 0.01872243
0.20000000, -0.20000000, 0.00000000, 0.02323859
0.20000000, -0.17500000, -0.02500000, 0.02288093
0.20000000, -0.15000000, -0.05000000, 0.02187371
0.20000000, -0.12500000, -0.07500000, 0.02057999
0.20000000, -0.10000000, -0.10000000, 0.01932366
0.20000000, -0.07500000, -0.12500000, 0.01840231
0.20000000, -0.05000000, -0.15000000, 0.01808129
0.20000000, -0.02500000, -0.17500000, 0.01860122
0.25000000, 0.00000000, -0.25000000, 0.02727604
0.21875000, 0.03125000, -0.25000000, 0.02595148
0.18750000, 0.06250000, -0.25000000, 0.02552691
0.15625000, 0.09375000, -0.25000000, 0.02593647
0.12500000, 0.12500000, -0.25000000, 0.02698247
0.09375000, 0.15625000, -0.25000000, 0.02837989
0.06250000, 0.18750000, -0.25000000, 0.02978479
0.03125000, 0.21875000, -0.25000000, 0.03077982
0.00000000, 0.25000000, -0.25000000, 0.03086240
-0.03125000, 0.25000000, -0.21875000, 0.02484018
-0.06250000, 0.25000000, -0.18750000, 0.01732710
-0.09375000, 0.25000000, -0.15625000, 0.00888473
-0.12500000, 0.25000000, -0.12500000, 0.00000000
-0.15625000, 0.25000000, -0.09375000, -0.00888473
-0.18750000, 0.25000000, -0.06250000, -0.01732710
-0.21875000, 0.25000000, -0.03125000, -0.02484018
-0.25000000, 0.25000000, 0.00000000, -0.03086240
-0.25000000, 0.21875000, 0.03125000, -0.03077982
-0.25000000, 0.18750000, 0.06250000, -0.02978479
-0.25000000, 0.15625000, 0.09375000, -0.02837989
-0.25000000, 0.12500000, 0.12500000, -0.02698247
-0.25000000, 0.09375000, 0.15625000, -0.02593647
-0.25000000, 0.06250000, 0.18750000, -0.02552691
-0.25000000, 0.03125000, 0.21875000, -0.02595148
-0.25000000, 0.00000000, 0.25000000, -0.02727604
-0.21875000, -0.03125000, 0.25000000, -0.02595148
-0.18750000, -0.06250000, 0.25000000, -0.02552691
-0.15625000, -0.09375000, 0.25000000, -0.02593647
-0.12500000, -0.12500000, 0.25000000, -0.02698247
-0.09375000, -0.15625000, 0.25000000, -0.02837989
-0.06250000, -0.18750000, 0.25000000, -0.02978479
-0.03125000, -0.21875000, 0.25000000, -0.03077982
0.00000000, -0.25000000, 0.25000000, -0.03086240
0.03125000, -0.25000000, 0.21875000, -0.02484018
0.06250000, -0.25000000, 0.18750000, -0.01732710
0.09375000, -0.25000000, 0.15625000, -0.00888473
0.12500000, -0.25000000, 0.12500000, 0.00000000
0.15625000, -0.25000000, 0.09375000, 0.00888473
0.18750000, -0.25000000, 0.06250000, 0.01732710
0.21875000, -0.25000000, 0.03125000, 0.02484018
0.25000000, -0.25000000, 0.00000000, 0.03086240
0.25000000, -0.21875000, -0.03125000, 0.03077982
0.25000000, -0.18750000, -0.06250000, 0.02978479
0.25000000, -0.15625000, -0.09375000, 0.02837989
0.25000000, -0.12500000, -0.12500000, 0.02698247
0.25000000, -0.09375000, -0.15625000, 0.02593647
0.25000000, -0.06250000, -0.18750000, 0.02552691
0.25000000, -0.03125000, -0.21875000, 0.02595148
0.30000000, 0.00000000, -0.30000000, 0.03055541
0.26250000, 0.03750000, -0.30000000, 0.03038984
0.22500000, 0.07500000, -0.30000000, 0.03075713
0.18750000, 0.11250000, -0.30000000, 0.03175377
0.15000000, 0.15000000, -0.30000000, 0.03326003
0.11250000, 0.18750000, -0.30000000, 0.03500877
0.07500000, 0.22500000, -0.30000000, 0.03661583
0.03750000, 0.26250000, -0.30000000, 0.03757149
0.00000000, 0.30000000, -0.30000000, 0.03723646
-0.03750000, 0.30000000, -0.26250000, 0.03069101
-0.07500000, 0.30000000, -0.22500000, 0.02169660
-0.11250000, 0.30000000, -0.18750000, 0.01120009
-0.15000000, 0.30000000, -0.15000000, 0.00000000
-0.18750000, 0.30000000, -0.11250000, -0.01120009
-0.22500000, 0.30000000, -0.07500000, -0.02169660
-0.26250000, 0.30000000, -0.03750000, -0.03069101
-0.30000000, 0.30000000, 0.00000000, -0.03723646
-0.30000000, 0.26250000, 0.03750000, -0.03757149
-0.30000000, 0.22500000, 0.07500000, -0.03661583
-0.30000000, 0.18750000, 0.11250000, -0.03500877
-0.30000000, 0.15000000, 0.15000000, -0.03326003
-0.30000000, 0.11250000, 0.18750000, -0.03175377
-0.30000000, 0.07500000, 0.22500000, -0.03075713
-0.30000000, 0.03750000, 0.26250000, -0.03038984
-0.30000000, 0.00000000, 0.30000000, -0.03055541
-0.26250000, -0.03750000, 0.30000000, -0.03038984
-0.22500000, -0.07500000, 0.30000000, -0.03075713
-0.18750000, -0.11250000, 0.30000000, -0.03175377
-0.15000000, -0.15000000, 0.30000000, -0.03326003
-0.11250000, -0.18750000, 0.30000000, -0.03500877
-0.07500000, -0.22500000, 0.30000000, -0.03661583
-0.03750000, -0.26250000, 0.30000000, -0.03757149
0.00000000, -0.30000000, 0.30000000, -0.03723646
0.03750000, -0.30000000, 0.26250000, -0.03069101
0.07500000, -0.30000000, 0.22500000, -0.02169660
0.11250000, -0.30000000, 0.18750000, -0.01120009
0.15000000, -0.30000000, 0.15000000, 0.00000000
0.18750000, -0.30000000, 0.11250000, 0.01120009
0.22500000, -0.30000000, 0.07500000, 0.02169660
0.26250000, -0.30000000, 0.03750000, 0.03069101
0.30000000, -0.30000000, 0.00000000, 0.03723646
0.30000000, -0.26250000, -0.03750000, 0.03757149
0.30000000, -0.22500000, -0.07500000, 0.03661583
0.30000000, -0.18750000, -0.11250000, 0.03500877
0.30000000, -0.15000000, -0.15000000, 0.03326003
0.30000000, -0.11250000, -0.18750000, 0.03175377
0.30000000, -0.07500000, -0.22500000, 0.03075713
0.30000000, -0.03750000, -0.26250000, 0.03038984
0.35000000, 0.00000000, -0.35000000, 0.02880967
0.30625000, 0.04375000, -0.35000000, 0.03042409
0.26250000, 0.08750000, -0.35000000, 0.03212200
0.21875000, 0.13125000, -0.35000000, 0.03412661
0.17500000, 0.17500000, -0.35000000, 0.03638399
0.13125000, 0.21875000, -0.35000000, 0.03865758
0.08750000, 0.26250000, -0.35000000, 0.04053055
0.04375000, 0.30625000, -0.35000000, 0.04141883
0.00000000, 0.35000000, -0.35000000, 0.04059576
-0.04375000, 0.35000000, -0.30625000, 0.03506427
-0.08750000, 0.35000000, -0.26250000, 0.02549764
-0.13125000, 0.35000000, -0.21875000, 0.01336221
-0.17500000, 0.35000000, -0.17500000, 0.00000000
-0.21875000, 0.35000000, -0.13125000, -0.01336221
-0.26250000, 0.35000000, -0.08750000, -0.02549764
-0.30625000, 0.35000000, -0.04375000, -0.03506427
-0.35000000, 0.35000000, 0.00000000, -0.04059576
-0.35000000, 0.30625000, 0.04375000, -0.04141883
-0.35000000, 0.26250000, 0.08750000, -0.04053055
-0.35000000, 0.21875000, 0.13125000, -0.03865758
-0.35000000, 0.17500000, 0.17500000, -0.03638399
-0.35000000, 0.13125000, 0.21875000, -0.03412661
-0.35000000, 0.08750000, 0.26250000, -0.03212200
-0.35000000, 0.04375000, 0.30625000, -0.03042409
-0.35000000, 0.00000000, 0.35000000, -0.02880967
-0.30625000, -0.04375000, 0.35000000, -0.03042409
-0.26250000, -0.08750000, 0.35000000, -0.03212200
-0.21875000, -0.13125000, 0.35000000, -0.03412661
-0.17500000, -0.17500000, 0.35000000, -0.03638399
-0.13125000, -0.21875000, 0.35000000, -0.03865758
-0.08750000, -0.26250000, 0.35000000, -0.04053055
-0.04375000, -0.30625000, 0.35000000, -0.04141883
0.00000000, -0.35000000, 0.35000000, -0.04059576
0.04375000, -0.35000000, 0.30625000, -0.03506427
0.08750000, -0.35000000, 0.26250000, -0.02549764
0.13125000, -0.35000000, 0.21875000, -0.01336221
0.17500000, -0.35000000, 0.17500000, 0.00000000
0.21875000, -0.35000000, 0.13125000, 0.01336221
0.26250000, -0.35000000, 0.08750000, 0.02549764
0.30625000, -0.35000000, 0.04375000, 0.03506427
0.35000000, -0.35000000, 0.00000000, 0.04059576
0.35000000, -0.30625000, -0.04375000, 0.04141883
0.35000000, -0.26250000, -0.08750000, 0.04053055
0.35000000, -0.21875000, -0.13125000, 0.03865758
0.35000000, -0.17500000, -0.17500000, 0.03638399
0.35000000, -0.13125000, -0.21875000, 0.03412661
0.35000000, -0.08750000, -0.26250000, 0.03212200
0.35000000, -0.04375000, -0.30625000, 0.03042409
0.40000000, 0.00000000, -0.40000000, 0.02303091
0.35000000, 0.05000000, -0.40000000, 0.02624518
0.30000000, 0.10000000, -0.40000000, 0.02929474
0.25000000, 0.15000000, -0.40000000, 0.03238120
0.20000000, 0.20000000, -0.40000000, 0.03545418
0.15000000, 0.25000000, -0.40000000, 0.03826828
0.10000000, 0.30000000, -0.40000000, 0.04037953
0.05000000, 0.35000000, -0.40000000, 0.04115752
0.00000000, 0.40000000, -0.40000000, 0.03987214
-0.05000000, 0.40000000, -0.35000000, 0.03692941
-0.10000000, 0.40000000, -0.30000000, 0.02802341
-0.15000000, 0.40000000, -0.25000000, 0.01502943
-0.20000000, 0.40000000, -0.20000000, 0.00000000
-0.25000000, 0.40000000, -0.15000000, -0.01502943
-0.30000000, 0.40000000, -0.10000000, -0.02802341
-0.35000000, 0.40000000, -0.05000000, -0.03692941
-0.40000000, 0.40000000, 0.00000000, -0.03987214
-0.40000000, 0.35000000, 0.05000000, -0.04115752
-0.40000000, 0.30000000, 0.10000000, -0.04037953
-0.40000000, 0.25000000, 0.15000000, -0.03826828
-0.40000000, 0.20000000, 0.20000000, -0.03545418
-0.40000000, 0.15000000, 0.25000000, -0.03238120
-0.40000000, 0.10000000, 0.30000000, -0.02929474
-0.40000000, 0.05000000, 0.35000000, -0.02624518
-0.40000000, 0.00000000, 0.40000000, -0.02303091
-0.35000000, -0.05000000, 0.40000000, -0.02624518
-0.30000000, -0.10000000, 0.40000000, -0.02929474
-0.25000000, -0.15000000, 0.40000000, -0.03238120
-0.20000000, -0.20000000, 0.40000000, -0.03545418
-0.15000000, -0.25000000, 0.40000000, -0.03826828
-0.10000000, -0.30000000, 0.40000000, -0.04037953
-0.05000000, -0.35000000, 0.40000000, -0.04115752
0.00000000, -0.40000000, 0.40000000, -0.03987214
0.05000000, -0.40000000, 0.35000000, -0.03692941
0.10000000, -0.40000000, 0.30000000, -0.02802341
0.15000000, -0.40000000, 0.25000000, -0.01502943
0.20000000, -0.40000000, 0.20000000, 0.00000000
0.25000000, -0.40000000, 0.15000000, 0.01502943
0.30000000, -0.40000000, 0.10000000, 0.02802341
0.35000000, -0.40000000, 0.05000000, 0.03692941
0.40000000, -0.40000000, 0.00000000, 0.03987214
0.40000000, -0.35000000, -0.05000000, 0.04115752
0.40000000, -0.30000000, -0.10000000, 0.04037953
0.40000000, -0.25000000, -0.15000000, 0.03826828
0.40000000, -0.20000000, -0.20000000, 0.03545418
0.40000000, -0.15000000, -0.25000000, 0.03238120
0.40000000, -0.10000000, -0.30000000, 0.02929474
0.40000000, -0.05000000, -0.35000000, 0.02624518
0.45000000, 0.00000000, -0.45000000, 0.01563330
0.39375000, 0.05625000, -0.45000000, 0.01955619
0.33750000, 0.11250000, -0.45000000, 0.02337284
0.28125000, 0.16875000, -0.45000000, 0.02715536
0.22500000, 0.22500000, -0.45000000, 0.03077508
0.16875000, 0.28125000, -0.45000000, 0.03392845
0.11250000, 0.33750000, -0.45000000, 0.03613044
0.05625000, 0.39375000, -0.45000000, 0.03673413
0.00000000, 0.45000000, -0.45000000, 0.03510218
-0.05625000, 0.45000000, -0.39375000, 0.03574943
-0.11250000, 0.45000000, -0.33750000, 0.02873837
-0.16875000, 0.45000000, -0.28125000, 0.01590385
-0.22500000, 0.45000000, -0.22500000, 0.00000000
-0.28125000, 0.45000000, -0.16875000, -0.01590385
-0.33750000, 0.45000000, -0.11250000, -0.02873837
-0.39375000, 0.45000000, -0.05625000, -0.03574943
-0.45000000, 0.45000000, 0.00000000, -0.03510218
-0.45000000, 0.39375000, 0.05625000, -0.03673413
-0.45000000, 0.33750000, 0.11250000, -0.03613044
-0.45000000, 0.28125000, 0.16875000, -0.03392845
-0.45000000, 0.22500000, 0.22500000, -0.03077508
-0.45000000, 0.16875000, 0.28125000, -0.02715536
-0.45000000, 0.11250000, 0.33750000, -0.02337284
-0.45000000, 0.05625000, 0.39375000, -0.01955619
-0.45000000, 0.00000000, 0.45000000, -0.01563330
-0.39375000, -0.05625000, 0.45000000, -0.01955619
-0.33750000, -0.11250000, 0.45000000, -0.02337284
-0.28125000, -0.16875000, 0.45000000, -0.02715536
-0.22500000, -0.22500000, 0.45000000, -0.03077508
-0.16875000, -0.28125000, 0.45000000, -0.03392845
-0.11250000, -0.33750000, 0.45000000, -0.03613044
-0.05625000, -0.39375000, 0.45000000, -0.03673413
0.00000000, -0.45000000, 0.45000000, -0.03510218
0.05625000, -0.45000000, 0.39375000, -0.03574943
0.11250000, -0.45000000, 0.33750000, -0.02873837
0.16875000, -0.45000000, 0.28125000, -0.01590385
0.22500000, -0.45000000, 0.22500000, 0.00000000
0.28125000, -0.45000000, 0.16875000, 0.01590385
0.33750000, -0.45000000, 0.11250000, 0.02873837
0.39375000, -0.45000000, 0.05625000, 0.03574943
0.45000000, -0.45000000, 0.00000000, 0.03510218
0.45000000, -0.39375000, -0.05625000, 0.03673413
0.45000000, -0.33750000, -0.11250000, 0.03613044
0.45000000, -0.28125000, -0.16875000, 0.03392845
0.45000000, -0.22500000, -0.22500000, 0.03077508
0.45000000, -0.16875000, -0.28125000, 0.02715536
0.45000000, -0.11250000, -0.33750000, 0.02337284
0.45000000, -0.05625000, -0.39375000, 0.01955619
0.50000000, 0.00000000, -0.50000000, 0.00896110
0.43750000, 0.06250000, -0.50000000, 0.01253291
0.37500000, 0.12500000, -0.50000000, 0.01624489
0.31250000, 0.18750000, -0.50000000, 0.02005057
0.25000000, 0.25000000, -0.50000000, 0.02370949
0.18750000, 0.31250000, -0.50000000, 0.02683853
0.12500000, 0.37500000, -0.50000000, 0.02890352
0.06250000, 0.43750000, -0.50000000, 0.02927589
0.00000000, 0.50000000, -0.50000000, 0.02748879
-0.06250000, 0.50000000, -0.43750000, 0.03168944
-0.12500000, 0.50000000, -0.37500000, 0.02743384
-0.18750000, 0.50000000, -0.31250000, 0.01580313
-0.25000000, 0.50000000, -0.25000000, 0.00000000
-0.31250000, 0.50000000, -0.18750000, -0.01580313
-0.37500000, 0.50000000, -0.12500000, -0.02743384
-0.43750000, 0.50000000, -0.06250000, -0.03168944
-0.50000000, 0.50000000, 0.00000000, -0.02748879
-0.50000000, 0.43750000, 0.06250000, -0.02927589
-0.50000000, 0.37500000, 0.12500000, -0.02890352
-0.50000000, 0.31250000, 0.18750000, -0.02683853
-0.50000000, 0.25000000, 0.25000000, -0.02370949
-0.50000000, 0.18750000, 0.31250000, -0.02005057
-0.50000000, 0.12500000, 0.37500000, -0.01624489
-0.50000000, 0.06250000, 0.43750000, -0.01253291
-0.50000000, 0.00000000, 0.50000000, -0.00896110
-0.43750000, -0.06250000, 0.50000000, -0.01253291
-0.37500000, -0.12500000, 0.50000000, -0.01624489
-0.31250000, -0.18750000, 0.50000000, -0.02005057
-0.25000000, -0.25000000, 0.50000000, -0.02370949
-0.18750000, -0.31250000, 0.50000000, -0.02683853
-0.12500000, -0.37500000, 0.50000000, -0.02890352
-0.06250000, -0.43750000, 0.50000000, -0.02927589
0.00000000, -0.50000000, 0.50000000, -0.02748879
0.06250000, -0.50000000, 0.43750000, -0.03168944
0.12500000, -0.50000000, 0.37500000, -0.02743384
0.18750000, -0.50000000, 0.31250000, -0.01580313
0.25000000, -0.50000000, 0.25000000, 0.00000000
0.31250000, -0.50000000, 0.18750000, 0.01580313
0.37500000, -0.50000000, 0.12500000, 0.02743384
0.43750000, -0.50000000, 0.06250000, 0.03168944
0.50000000, -0.50000000, 0.00000000, 0.02748879
0.50000000, -0.43750000, -0.06250000, 0.02927589
0.50000000, -0.37500000, -0.12500000, 0.02890352
0.50000000, -0.31250000, -0.18750000, 0.02683853
0.50000000, -0.25000000, -0.25000000, 0.02370949
0.50000000, -0.18750000, -0.31250000, 0.02005057
0.50000000, -0.12500000, -0.37500000, 0.01624489
0.50000000, -0.06250000, -0.43750000, 0.01253291
0.55000000, 0.00000000, -0.55000000, 0.00427493
0.48125000, 0.06875000, -0.55000000, 0.00680740
0.41250000, 0.13750000, -0.55000000, 0.00970775
0.34375000, 0.20625000, -0.55000000, 0.01290173
0.27500000, 0.27500000, -0.55000000, 0.01608078
0.20625000, 0.34375000, -0.55000000, 0.01880372
0.13750000, 0.41250000, -0.55000000, 0.02051385
0.06875000, 0.48125000, -0.55000000, 0.02064434
0.00000000, 0.55000000, -0.55000000, 0.01893270
-0.06875000, 0.55000000, -0.48125000, 0.02558551
-0.13750000, 0.55000000, -0.41250000, 0.02429764
-0.20625000, 0.55000000, -0.34375000, 0.01470860
-0.27500000, 0.55000000, -0.27500000, 0.00000000
-0.34375000, 0.55000000, -0.20625000, -0.01470860
-0.41250000, 0.55000000, -0.13750000, -0.02429764
-0.48125000, 0.55000000, -0.06875000, -0.02558551
-0.55000000, 0.55000000, 0.00000000, -0.01893270
-0.55000000, 0.48125000, 0.06875000, -0.02064434
-0.55000000, 0.41250000, 0.13750000, -0.02051385
-0.55000000, 0.34375000, 0.20625000, -0.01880372
-0.55000000, 0.27500000, 0.27500000, -0.01608078
-0.55000000, 0.20625000, 0.34375000, -0.01290173
-0.55000000, 0.13750000, 0.41250000, -0.00970775
-0.55000000, 0.06875000, 0.48125000, -0.00680740
-0.55000000, 0.00000000, 0.55000000, -0.00427493
-0.48125000, -0.06875000, 0.55000000, -0.00680740
-0.41250000, -0.13750000, 0.55000000, -0.00970775
-0.34375000, -0.20625000, 0.55000000, -0.01290173
-0.27500000, -0.27500000, 0.55000000, -0.01608078
-0.20625000, -0.34375000, 0.55000000, -0.01880372
-0.13750000, -0.41250000, 0.55000000, -0.02051385
-0.06875000, -0.48125000, 0.55000000, -0.02064434
0.00000000, -0.55000000, 0.55000000, -0.01893270
0.06875000, -0.55000000, 0.48125000, -0.02558551
0.13750000, -0.55000000, 0.41250000, -0.02429764
0.20625000, -0.55000000, 0.34375000, -0.01470860
0.27500000, -0.55000000, 0.27500000, 0.00000000
0.34375000, -0.55000000, 0.20625000, 0.01470860
0.41250000, -0.55000000, 0.13750000, 0.02429764
0.48125000, -0.55000000, 0.06875000, 0.02558551
0.55000000, -0.55000000, 0.00000000, 0.01893270
0.55000000, -0.48125000, -0.06875000, 0.02064434
0.55000000, -0.41250000, -0.13750000, 0.02051385
0.55000000, -0.34375000, -0.20625000, 0.01880372
0.55000000, -0.27500000, -0.27500000, 0.01608078
0.55000000, -0.20625000, -0.34375000, 0.01290173
0.55000000, -0.13750000, -0.41250000, 0.00970775
0.55000000, -0.06875000, -0.48125000, 0.00680740
0.60000000, 0.00000000, -0.60000000, 0.00165683
0.52500000, 0.07500000, -0.60000000, 0.00303482
0.45000000, 0.15000000, -0.60000000, 0.00485029
0.37500000, 0.22500000, -0.60000000, 0.00709003
0.30000000, 0.30000000, -0.60000000, 0.00946330
0.22500000, 0.37500000, -0.60000000, 0.01152750
0.15000000, 0.45000000, -0.60000000, 0.01275956
0.07500000, 0.52500000, -0.60000000, 0.01269813
0.00000000, 0.60000000, -0.60000000, 0.01126907
-0.07500000, 0.60000000, -0.52500000, 0.01866668
-0.15000000, 0.60000000, -0.45000000, 0.01986766
-0.22500000, 0.60000000, -0.37500000, 0.01277434
-0.30000000, 0.60000000, -0.30000000, 0.00000000
-0.37500000, 0.60000000, -0.22500000, -0.01277434
-0.45000000, 0.60000000, -0.15000000, -0.01986766
-0.52500000, 0.60000000, -0.07500000, -0.01866668
-0.60000000, 0.60000000, 0.00000000, -0.01126907
-0.60000000, 0.52500000, 0.07500000, -0.01269813
-0.60000000, 0.45000000, 0.15000000, -0.01275956
-0.60000000, 0.37500000, 0.22500000, -0.01152750
-0.60000000, 0.30000000, 0.30000000, -0.00946330
-0.60000000, 0.22500000, 0.37500000, -0.00709003
-0.60000000, 0.15000000, 0.45000000, -0.00485029
-0.60000000, 0.07500000, 0.52500000, -0.00303482
-0.60000000, 0.00000000, 0.60000000, -0.00165683
-0.52500000, -0.07500000, 0.60000000, -0.00303482
-0.45000000, -0.15000000, 0.60000000, -0.00485029
-0.37500000, -0.22500000, 0.60000000, -0.00709003
-0.30000000, -0.30000000, 0.60000000, -0.00946330
-0.22500000, -0.37500000, 0.60000000, -0.01152750
-0.15000000, -0.45000000, 0.60000000, -0.01275956
-0.07500000, -0.52500000, 0.60000000, -0.01269813
0.00000000, -0.60000000, 0.60000000, -0.01126907
0.07500000, -0.60000000, 0.52500000, -0.01866668
0.15000000, -0.60000000, 0.45000000, -0.01986766
0.22500000, -0.60000000, 0.37500000, -0.01277434
0.30000000, -0.60000000, 0.30000000, 0.00000000
0.37500000, -0.60000000, 0.22500000, 0.01277434
0.45000000, -0.60000000, 0.15000000, 0.01986766
0.52500000, -0.60000000, 0.07500000, 0.01866668
0.60000000, -0.60000000, 0.00000000, 0.01126907
0.60000000, -0.52500000, -0.07500000, 0.01269813
0.60000000, -0.45000000, -0.15000000, 0.01275956
0.60000000, -0.37500000, -0.22500000, 0.01152750
0.60000000, -0.30000000, -0.30000000, 0.00946330
0.60000000, -0.22500000, -0.37500000, 0.00709003
0.60000000, -0.15000000, -0.45000000, 0.00485029
0.60000000, -0.07500000, -0.52500000, 0.00303482
0.65000000, 0.00000000, -0.65000000, 0.00050728
0.56875000, 0.08125000, -0.65000000, 0.00103595
0.48750000, 0.16250000, -0.65000000, 0.00190793
0.40625000, 0.24375000, -0.65000000, 0.00320311
0.32500000, 0.32500000, -0.65000000, 0.00471688
0.24375000, 0.40625000, -0.65000000, 0.00607016
0.16250000, 0.48750000, -0.65000000, 0.00682869
0.08125000, 0.56875000, -0.65000000, 0.00666429
0.00000000, 0.65000000, -0.65000000, 0.00563781
-0.08125000, 0.65000000, -0.56875000, 0.01216059
-0.16250000, 0.65000000, -0.48750000, 0.01488595
-0.24375000, 0.65000000, -0.40625000, 0.01029208
-0.32500000, 0.65000000, -0.32500000, 0.00000000
-0.40625000, 0.65000000, -0.24375000, -0.01029208
-0.48750000, 0.65000000, -0.16250000, -0.01488595
-0.56875000, 0.65000000, -0.08125000, -0.01216059
-0.65000000, 0.65000000, 0.00000000, -0.00563781
-0.65000000, 0.56875000, 0.08125000, -0.00666429
-0.65000000, 0.48750000, 0.16250000, -0.00682869
-0.65000000, 0.40625000, 0.24375000, -0.00607016
-0.65000000, 0.32500000, 0.32500000, -0.00471688
-0.65000000, 0.24375000, 0.40625000, -0.00320311
-0.65000000, 0.16250000, 0.48750000, -0.00190793
-0.65000000, 0.08125000, 0.56875000, -0.00103595
-0.65000000, 0.00000000, 0.65000000, -0.00050728
-0.56875000, -0.08125000, 0.65000000, -0.00103595
-0.48750000, -0.16250000, 0.65000000, -0.00190793
-0.40625000, -0.24375000, 0.65000000, -0.00320311
-0.32500000, -0.32500000, 0.65000000, -0.00471688
-0.24375000, -0.40625000, 0.65000000, -0.00607016
-0.16250000, -0.48750000, 0.65000000, -0.00682869
-0.08125000, -0.56875000, 0.65000000, -0.00666429
0.00000000, -0.65000000, 0.65000000, -0.00563781
0.08125000, -0.65000000, 0.56875000, -0.01216059
0.16250000, -0.65000000, 0.48750000, -0.01488595
0.24375000, -0.65000000, 0.40625000, -0.01029208
0.32500000, -0.65000000, 0.32500000, 0.00000000
0.40625000, -0.65000000, 0.24375000, 0.01029208
0.48750000, -0.65000000, 0.16250000, 0.01488595
0.56875000, -0.65000000, 0.08125000, 0.01216059
0.65000000, -0.65000000, 0.00000000, 0.00563781
0.65000000, -0.56875000, -0.08125000, 0.00666429
0.65000000, -0.48750000, -0.16250000, 0.00682869
0.65000000, -0.40625000, -0.24375000, 0.00607016
0.65000000, -0.32500000, -0.32500000, 0.00471688
0.65000000, -0.24375000, -0.40625000, 0.00320311
0.65000000, -0.16250000, -0.48750000, 0.00190793
0.65000000, -0.08125000, -0.56875000, 0.00103595
0.70000000, 0.00000000, -0.70000000, 0.00012107
0.61250000, 0.08750000, -0.70000000, 0.00021993
0.52500000, 0.17500000, -0.70000000, 0.00049718
0.43750000, 0.26250000, -0.70000000, 0.00109629
0.35000000, 0.35000000, -0.70000000, 0.00191505
0.26250000, 0.43750000, -0.70000000, 0.00267818
0.17500000, 0.52500000, -0.70000000, 0.00306793
0.08750000, 0.61250000, -0.70000000, 0.00288864
0.00000000, 0.70000000, -0.70000000, 0.00226803
-0.08750000, 0.70000000, -0.61250000, 0.00695008
-0.17500000, 0.70000000, -0.52500000, 0.01010454
-0.26250000, 0.70000000, -0.43750000, 0.00762218
-0.35000000, 0.70000000, -0.35000000, 0.00000000
-0.43750000, 0.70000000, -0.26250000, -0.00762218
-0.52500000, 0.70000000, -0.17500000, -0.01010454
-0.61250000, 0.70000000, -0.08750000, -0.00695008
-0.70000000, 0.70000000, 0.00000000, -0.00226803
-0.70000000, 0.61250000, 0.08750000, -0.00288864
-0.70000000, 0.52500000, 0.17500000, -0.00306793
-0.70000000, 0.43750000, 0.26250000, -0.00267818
-0.70000000, 0.35000000, 0.35000000, -0.00191505
-0.70000000, 0.26250000, 0.43750000, -0.00109629
-0.70000000, 0.17500000, 0.52500000, -0.00049718
-0.70000000, 0.08750000, 0.61250000, -0.00021993
-0.70000000, 0.00000000, 0.70000000, -0.00012107
-0.61250000, -0.08750000, 0.70000000, -0.00021993
-0.52500000, -0.17500000, 0.70000000, -0.00049718
-0.43750000, -0.26250000, 0.70000000, -0.00109629
-0.35000000, -0.35000000, 0.70000000, -0.00191505
-0.26250000, -0.43750000, 0.70000000, -0.00267818
-0.17500000, -0.52500000, 0.70000000, -0.00306793
-0.08750000, -0.61250000, 0.70000000, -0.00288864
0.00000000, -0.70000000, 0.70000000, -0.00226803
0.08750000, -0.70000000, 0.61250000, -0.00695008
0.17500000, -0.70000000, 0.52500000, -0.01010454
0.26250000, -0.70000000, 0.43750000, -0.00762218
0.35000000, -0.70000000, 0.35000000, 0.00000000
0.43750000, -0.70000000, 0.26250000, 0.00762218
0.52500000, -0.70000000, 0.17500000, 0.01010454
0.61250000, -0.70000000, 0.08750000, 0.00695008
0.70000000, -0.70000000, 0.00000000, 0.00226803
0.70000000, -0.61250000, -0.08750000, 0.00288864
0.70000000, -0.52500000, -0.17500000, 0.00306793
0.70000000, -0.43750000, -0.26250000, 0.00267818
0.70000000, -0.35000000, -0.35000000, 0.00191505
0.70000000, -0.26250000, -0.43750000, 0.00109629
0.70000000, -0.17500000, -0.52500000, 0.00049718
0.70000000, -0.08750000, -0.61250000, 0.00021993
0.75000000, 0.00000000, -0.75000000, 0.00002095
0.65625000, 0.09375000, -0.75000000, -0.00001150
0.56250000, 0.18750000, -0.75000000, 0.00000355
0.46875000, 0.28125000, -0.75000000, 0.00021466
0.37500000, 0.37500000, -0.75000000, 0.00059338
0.28125000, 0.46875000, -0.75000000, 0.00096751
0.18750000, 0.56250000, -0.75000000, 0.00113064
0.09375000, 0.65625000, -0.75000000, 0.00099164
0.00000000, 0.75000000, -0.75000000, 0.00068461
-0.09375000, 0.75000000, -0.65625000, 0.00339778
-0.18750000, 0.75000000, -0.56250000, 0.00610639
-0.28125000, 0.75000000, -0.46875000, 0.00511236
-0.37500000, 0.75000000, -0.37500000, 0.00000000
-0.46875000, 0.75000000, -0.28125000, -0.00511236
-0.56250000, 0.75000000, -0.18750000, -0.00610639
-0.65625000, 0.75000000, -0.09375000, -0.00339778
-0.75000000, 0.75000000, 0.00000000, -0.00068461
-0.75000000, 0.65625000, 0.09375000, -0.00099164
-0.75000000, 0.56250000, 0.18750000, -0.00113064
-0.75000000, 0.46875000, 0.28125000, -0.00096751
-0.75000000, 0.37500000, 0.37500000, -0.00059338
-0.75000000, 0.28125000, 0.46875000, -0.00021466
-0.75000000, 0.18750000, 0.56250000, -0.00000355
-0.75000000, 0.09375000, 0.65625000, 0.00001150
-0.75000000, 0.00000000, 0.75000000, -0.00002095
-0.65625000, -0.09375000, 0.75000000, 0.00001150
-0.56250000, -0.18750000, 0.75000000, -0.00000355
-0.46875000, -0.28125000, 0.75000000, -0.00021466
-0.37500000, -0.37500000, 0.75000000, -0.00059338
-0.28125000, -0.46875000, 0.75000000, -0.00096751
-0.18750000, -0.56250000, 0.75000000, -0.00113064
-0.09375000, -0.65625000, 0.75000000, -0.00099164
0.00000000, -0.75000000, 0.75000000, -0.00068461
0.09375000, -0.75000000, 0.65625000, -0.00339778
0.18750000, -0.75000000, 0.56250000, -0.00610639
0.28125000, -0.75000000, 0.46875000, -0.00511236
0.37500000, -0.75000000, 0.37500000, 0.00000000
0.46875000, -0.75000000, 0.28125000, 0.00511236
0.56250000, -0.75000000, 0.18750000, 0.00610639
0.65625000, -0.75000000, 0.09375000, 0.00339778
0.75000000, -0.75000000, 0.00000000, 0.00068461
0.75000000, -0.65625000, -0.09375000, 0.00099164
0.75000000, -0.56250000, -0.18750000, 0.00113064
0.75000000, -0.46875000, -0.28125000, 0.00096751
0.75000000, -0.37500000, -0.37500000, 0.00059338
0.75000000, -0.28125000, -0.46875000, 0.00021466
0.75000000, -0.18750000, -0.56250000, 0.00000355
0.75000000, -0.09375000, -0.65625000, -0.00001150
0.80000000, 0.00000000, -0.80000000, -0.00000025
0.70000000, 0.10000000, -0.80000000, -0.00004405
0.60000000, 0.20000000, -0.80000000, -0.00009251
0.50000000, 0.30000000, -0.80000000, -0.00003821
0.40000000, 0.40000000, -0.80000000, 0.00012278
0.30000000, 0.50000000, -0.80000000, 0.00029144
0.20000000, 0.60000000, -0.80000000, 0.00034751
0.10000000, 0.70000000, -0.80000000, 0.00026317
0.00000000, 0.80000000, -0.80000000, 0.00014080
-0.10000000, 0.80000000, -0.70000000, 0.00137302
-0.20000000, 0.80000000, -0.60000000, 0.00319424
-0.30000000, 0.80000000, -0.50000000, 0.00302760
-0.40000000, 0.80000000, -0.40000000, 0.00000000
-0.50000000, 0.80000000, -0.30000000, -0.00302760
-0.60000000, 0.80000000, -0.20000000, -0.00319424
-0.70000000, 0.80000000, -0.10000000, -0.00137302
-0.80000000, 0.80000000, 0.00000000, -0.00014080
-0.80000000, 0.70000000, 0.10000000, -0.00026317
-0.80000000, 0.60000000, 0.20000000, -0.00034751
-0.80000000, 0.50000000, 0.30000000, -0.00029144
-0.80000000, 0.40000000, 0.40000000, -0.00012278
-0.80000000, 0.30000000, 0.50000000, 0.00003821
-0.80000000, 0.20000000, 0.60000000, 0.00009251
-0.80000000, 0.10000000, 0.70000000, 0.00004405
-0.80000000, 0.00000000, 0.80000000, 0.00000025
-0.70000000, -0.10000000, 0.80000000, 0.00004405
-0.60000000, -0.20000000, 0.80000000, 0.00009251
-0.50000000, -0.30000000, 0.80000000, 0.00003821
-0.40000000, -0.40000000, 0.80000000, -0.00012278
-0.30000000, -0.50000000, 0.80000000, -0.00029144
-0.20000000, -0.60000000, 0.80000000, -0.00034751
-0.10000000, -0.70000000, 0.80000000, -0.00026317
0.00000000, -0.80000000, 0.80000000, -0.00014080
0.10000000, -0.80000000, 0.70000000, -0.00137302
0.20000000, -0.80000000, 0.60000000, -0.00319424
0.30000000, -0.80000000, 0.50000000, -0.00302760
0.40000000, -0.80000000, 0.40000000, 0.00000000
0.50000000, -0.80000000, 0.30000000, 0.00302760
0.60000000, -0.80000000, 0.20000000, 0.00319424
0.70000000, -0.80000000, 0.10000000, 0.00137302
0.80000000, -0.80000000, 0.00000000, 0.00014080
0.80000000, -0.70000000, -0.10000000, 0.00026317
0.80000000, -0.60000000, -0.20000000, 0.00034751
0.80000000, -0.50000000, -0.30000000, 0.00029144
0.80000000, -0.40000000, -0.40000000, 0.00012278
0.80000000, -0.30000000, -0.50000000, -0.00003821
0.80000000, -0.20000000, -0.60000000, -0.00009251
0.80000000, -0.10000000, -0.70000000, -0.00004405
0.85000000, 0.00000000, -0.85000000, 0.00000040
0.74375000, 0.10625000, -0.85000000, -0.00003390
0.63750000, 0.21250000, -0.85000000, -0.00007358
0.53125000, 0.31875000, -0.85000000, -0.00006282
0.42500000, 0.42500000, -0.85000000, 0.00000814
0.31875000, 0.53125000, -0.85000000, 0.00008350
0.21250000, 0.63750000, -0.85000000, 0.00010088
0.10625000, 0.74375000, -0.85000000, 0.00005908
0.00000000, 0.85000000, -0.85000000, 0.00001741
-0.10625000, 0.85000000, -0.74375000, 0.00043800
-0.21250000, 0.85000000, -0.63750000, 0.00137519
-0.31875000, 0.85000000, -0.53125000, 0.00150892
-0.42500000, 0.85000000, -0.42500000, 0.00000000
-0.53125000, 0.85000000, -0.31875000, -0.00150892
-0.63750000, 0.85000000, -0.21250000, -0.00137519
-0.74375000, 0.85000000, -0.10625000, -0.00043800
-0.85000000, 0.85000000, 0.00000000, -0.00001741
-0.85000000, 0.74375000, 0.10625000, -0.00005908
-0.85000000, 0.63750000, 0.21250000, -0.00010088
-0.85000000, 0.53125000, 0.31875000, -0.00008350
-0.85000000, 0.42500000, 0.42500000, -0.00000814
-0.85000000, 0.31875000, 0.53125000, 0.00006282
-0.85000000, 0.21250000, 0.63750000, 0.00007358
-0.85000000, 0.10625000, 0.74375000, 0.00003390
-0.85000000, 0.00000000, 0.85000000, -0.00000040
-0.74375000, -0.10625000, 0.85000000, 0.00003390
-0.63750000, -0.21250000, 0.85000000, 0.00007358
-0.53125000, -0.31875000, 0.85000000, 0.00006282
-0.42500000, -0.42500000, 0.85000000, -0.00000814
-0.31875000, -0.53125000, 0.85000000, -0.00008350
-0.21250000, -0.63750000, 0.85000000, -0.00010088
-0.10625000, -0.74375000, 0.85000000, -0.00005908
0.00000000, -0.85000000, 0.85000000, -0.00001741
0.10625000, -0.85000000, 0.74375000, -0.00043800
0.21250000, -0.85000000, 0.63750000, -0.00137519
0.31875000, -0.85000000, 0.53125000, -0.00150892
0.42500000, -0.85000000, 0.42500000, 0.00000000
0.53125000, -0.85000000, 0.31875000, 0.00150892
0.63750000, -0.85000000, 0.21250000, 0.00137519
0.74375000, -0.85000000, 0.10625000, 0.00043800
0.85000000, -0.85000000, 0.00000000, 0.00001741
0.85000000, -0.74375000, -0.10625000, 0.00005908
0.85000000, -0.63750000, -0.21250000, 0.00010088
0.85000000, -0.53125000, -0.31875000, 0.00008350
0.85000000, -0.42500000, -0.42500000, 0.00000814
0.85000000, -0.31875000, -0.53125000, -0.00006282
0.85000000, -0.21250000, -0.63750000, -0.00007358
0.85000000, -0.10625000, -0.74375000, -0.00003390
0.90000000, 0.00000000, -0.90000000, 0.00000186
0.78750000, 0.11250000, -0.90000000, -0.00001321
0.67500000, 0.22500000, -0.90000000, -0.00003172
0.56250000, 0.33750000, -0.90000000, -0.00003129
0.45000000, 0.45000000, -0.90000000, -0.00000407
0.33750000, 0.56250000, -0.90000000, 0.00002487
0.22500000, 0.67500000, -0.90000000, 0.00002892
0.11250000, 0.78750000, -0.90000000, 0.00001221
0.00000000, 0.90000000, -0.90000000, -0.00000031
-0.11250000, 0.90000000, -0.78750000, 0.00009943
-0.22500000, 0.90000000, -0.67500000, 0.00043595
-0.33750000, 0.90000000, -0.56250000, 0.00056820
-0.45000000, 0.90000000, -0.45000000, 0.00000000
-0.56250000, 0.90000000, -0.33750000, -0.00056820
-0.67500000, 0.90000000, -0.22500000, -0.00043595
-0.78750000, 0.90000000, -0.11250000, -0.00009943
-0.90000000, 0.90000000, 0.00000000, 0.00000031
-0.90000000, 0.78750000, 0.11250000, -0.00001221
-0.90000000, 0.67500000, 0.22500000, -0.00002892
-0.90000000, 0.56250000, 0.33750000, -0.00002487
-0.90000000, 0.45000000, 0.45000000, 0.00000407
-0.90000000, 0.33750000, 0.56250000, 0.00003129
-0.90000000, 0.22500000, 0.67500000, 0.00003172
-0.90000000, 0.11250000, 0.78750000, 0.00001321
-0.90000000, 0.00000000, 0.90000000, -0.00000186
-0.78750000, -0.11250000, 0.90000000, 0.00001321
-0.67500000, -0.22500000, 0.90000000, 0.00003172
-0.56250000, -0.33750000, 0.90000000, 0.00003129
-0.45000000, -0.45000000, 0.90000000, 0.00000407
-0.33750000, -0.56250000, 0.90000000, -0.00002487
-0.22500000, -0.67500000, 0.90000000, -0.00002892
-0.11250000, -0.78750000, 0.90000000, -0.00001221
0.00000000, -0.90000000, 0.90000000, 0.00000031
0.11250000, -0.90000000, 0.78750000, -0.00009943
0.22500000, -0.90000000, 0.67500000, -0.00043595
0.33750000, -0.90000000, 0.56250000, -0.00056820
0.45000000, -0.90000000, 0.45000000, 0.00000000
0.56250000, -0.90000000, 0.33750000, 0.00056820
0.67500000, -0.90000000, 0.22500000, 0.00043595
0.78750000, -0.90000000, 0.11250000, 0.00009943
0.90000000, -0.90000000, 0.00000000, -0.00000031
0.90000000, -0.78750000, -0.11250000, 0.00001221
0.90000000, -0.67500000, -0.22500000, 0.00002892
0.90000000, -0.56250000, -0.33750000, 0.00002487
0.90000000, -0.45000000, -0.45000000, -0.00000407
0.90000000, -0.33750000, -0.56250000, -0.00003129
0.90000000, -0.22500000, -0.67500000, -0.00003172
0.90000000, -0.11250000, -0.78750000, -0.00001321
0.95000000, 0.00000000, -0.95000000, -0.00000222
0.83125000, 0.11875000, -0.95000000, 0.00000105
0.71250000, 0.23750000, -0.95000000, -0.00000138
0.59375000, 0.35625000, -0.95000000, -0.00000259
0.47500000, 0.47500000, -0.95000000, 0.00000117
0.35625000, 0.59375000, -0.95000000, 0.00000622
0.23750000, 0.71250000, -0.95000000, 0.00000583
0.11875000, 0.83125000, -0.95000000, 0.00000209
0.00000000, 0.95000000, -0.95000000, 0.00000097
-0.11875000, 0.95000000, -0.83125000, 0.00000918
-0.23750000, 0.95000000, -0.71250000, 0.00007141
-0.35625000, 0.95000000, -0.59375000, 0.00011490
-0.47500000, 0.95000000, -0.47500000, 0.00000000
-0.59375000, 0.95000000, -0.35625000, -0.00011490
-0.71250000, 0.95000000, -0.23750000, -0.00007141
-0.83125000, 0.95000000, -0.11875000, -0.00000918
-0.95000000, 0.95000000, 0.00000000, -0.00000097
-0.95000000, 0.83125000, 0.11875000, -0.00000209
-0.95000000, 0.71250000, 0.23750000, -0.00000583
-0.95000000, 0.59375000, 0.35625000, -0.00000622
-0.95000000, 0.47500000, 0.47500000, -0.00000117
-0.95000000, 0.35625000, 0.59375000, 0.00000259
-0.95000000, 0.23750000, 0.71250000, 0.00000138
-0.95000000, 0.11875000, 0.83125000, -0.00000105
-0.95000000, 0.00000000, 0.95000000, 0.00000222
-0.83125000, -0.11875000, 0.95000000, -0.00000105
-0.71250000, -0.23750000, 0.95000000, 0.00000138
-0.59375000, -0.35625000, 0.95000000, 0.00000259
-0.47500000, -0.47500000, 0.95000000, -0.00000117
-0.35625000, -0.59375000, 0.95000000, -0.00000622
-0.23750000, -0.71250000, 0.95000000, -0.00000583
-0.11875000, -0.83125000, 0.95000000, -0.00000209
0.00000000, -0.95000000, 0.95000000, -0.00000097
0.11875000, -0.95000000, 0.83125000, -0.00000918
0.23750000, -0.95000000, 0.71250000, -0.00007141
0.35625000, -0.95000000, 0.59375000, -0.00011490
0.47500000, -0.95000000, 0.47500000, 0.00000000
0.59375000, -0.95000000, 0.35625000, 0.00011490
0.71250000, -0.95000000, 0.23750000, 0.00007141
0.83125000, -0.95000000, 0.11875000, 0.00000918
0.95000000, -0.95000000, 0.00000000, 0.00000097
0.95000000, -0.83125000, -0.11875000, 0.00000209
0.95000000, -0.71250000, -0.23750000, 0.00000583
0.95000000, -0.59375000, -0.35625000, 0.00000622
0.95000000, -0.47500000, -0.47500000, 0.00000117
0.95000000, -0.35625000, -0.59375000, -0.00000259
0.95000000, -0.23750000, -0.71250000, -0.00000138
0.95000000, -0.11875000, -0.83125000, 0.00000105
1.00000000, 0.00000000, -1.00000000, 0.00000000
0.87500000, 0.12500000, -1.00000000, 0.00000000
0.75000000, 0.25000000, -1.00000000, 0.00000000
0.62500000, 0.37500000, -1.00000000, 0.00000000
0.50000000, 0.50000000, -1.00000000, 0.00000000
0.37500000, 0.62500000, -1.00000000, 0.00000000
0.25000000, 0.75000000, -1.00000000, 0.00000000
0.12500000, 0.87500000, -1.00000000, 0.00000000
0.00000000, 1.00000000, -1.00000000, 0.00000000
-0.12500000, 1.00000000, -0.87500000, 0.00000000
-0.25000000, 1.00000000, -0.75000000, 0.00000000
-0.37500000, 1.00000000, -0.62500000, 0.00000000
-0.50000000, 1.00000000, -0.50000000, 0.00000000
-0.62500000, 1.00000000, -0.37500000, 0.00000000
-0.75000000, 1.00000000, -0.25000000, 0.00000000
-0.87500000, 1.00000000, -0.12500000, 0.00000000
-1.00000000, 1.00000000, 0.00000000, 0.00000000
-1.00000000, 0.87500000, 0.12500000, 0.00000000
-1.00000000, 0.75000000, 0.25000000, 0.00000000
-1.00000000, 0.62500000, 0.37500000, 0.00000000
-1.00000000, 0.50000000, 0.50000000, 0.00000000
-1.00000000, 0.37500000, 0.62500000, 0.00000000
-1.00000000, 0.25000000, 0.75000000, 0.00000000
-1.00000000, 0.12500000, 0.87500000, 0.00000000
-1.00000000, 0.00000000, 1.00000000, 0.00000000
-0.87500000, -0.12500000, 1.00000000, 0.00000000
-0.75000000, -0.25000000, 1.00000000, 0.00000000
-0.62500000, -0.37500000, 1.00000000, 0.00000000
-0.50000000, -0.50000000, 1.00000000, 0.00000000
-0.37500000, -0.62500000, 1.00000000, 0.00000000
-0.25000000, -0.75000000, 1.00000000, 0.00000000
-0.12500000, -0.87500000, 1.00000000, 0.00000000
0.00000000, -1.00000000, 1.00000000, 0.00000000
0.12500000, -1.00000000, 0.87500000, 0.00000000
0.25000000, -1.00000000, 0.75000000, 0.00000000
0.37500000, -1.00000000, 0.62500000, 0.00000000
0.50000000, -1.00000000, 0.50000000, 0.00000000
0.62500000, -1.00000000, 0.37500000, 0.00000000
0.75000000, -1.00000000, 0.25000000, 0.00000000
0.87500000, -1.00000000, 0.12500000, 0.00000000
1.00000000, -1.00000000, 0.00000000, 0.00000000
1.00000000, -0.87500000, -0.12500000, 0.00000000
1.00000000, -0.75000000, -0.25000000, 0.00000000
1.00000000, -0.62500000, -0.37500000, 0.00000000
1.00000000, -0.50000000, -0.50000000, 0.00000000
1.00000000, -0.37500000, -0.62500000, 0.00000000
1.00000000, -0.25000000, -0.75000000, 0.00000000
1.00000000, -0.12500000, -0.87500000, 0.00000000
