0.01000000, 0.00000000, -0.01000000, 0.00016979
0.00000000, 0.01000000, -0.01000000, -0.00054416
-0.00125000, 0.01000000, -0.00875000, -0.00048655
-0.00250000, 0.01000000, -0.00750000, -0.00036103
-0.00375000, 0.01000000, -0.00625000, -0.00019223
-0.00500000, 0.01000000, -0.00500000, 0.00000000
-0.00625000, 0.01000000, -0.00375000, 0.00019223
-0.00750000, 0.01000000, -0.00250000, 0.00036103
-0.00875000, 0.01000000, -0.00125000, 0.00048655
-0.01000000, 0.01000000, 0.00000000, 0.00054416
-0.01000000, 0.00875000, 0.00125000, 0.00050583
-0.01000000, 0.00750000, 0.00250000, 0.00042587
-0.01000000, 0.00625000, 0.00375000, 0.00033525
-0.01000000, 0.00500000, 0.00500000, 0.00022191
-0.01000000, 0.00375000, 0.00625000, 0.00011328
-0.01000000, 0.00250000, 0.00750000, 0.00000856
-0.01000000, 0.00125000, 0.00875000, -0.00007876
-0.01000000, 0.00000000, 0.01000000, -0.00016979
0.00000000, -0.01000000, 0.01000000, 0.00054416
0.00125000, -0.01000000, 0.00875000, 0.00048655
0.00250000, -0.01000000, 0.00750000, 0.00036103
0.00375000, -0.01000000, 0.00625000, 0.00019223
0.00500000, -0.01000000, 0.00500000, 0.00000000
0.00625000, -0.01000000, 0.00375000, -0.00019223
0.00750000, -0.01000000, 0.00250000, -0.00036103
0.00875000, -0.01000000, 0.00125000, -0.00048655
0.01000000, -0.01000000, 0.00000000, -0.00054416
0.01000000, -0.00875000, -0.00125000, -0.00050583
0.01000000, -0.00750000, -0.00250000, -0.00042587
0.01000000, -0.00625000, -0.00375000, -0.00033525
0.01000000, -0.00500000, -0.00500000, -0.00022191
0.01000000, -0.00375000, -0.00625000, -0.00011328
0.01000000, -0.00250000, -0.00750000, -0.00000856
0.01000000, -0.00125000, -0.00875000, 0.00007876
0.02000000, 0.00000000, -0.02000000, 0.00021176
0.01750000, 0.00250000, -0.02000000, 0.00008784
0.01500000, 0.00500000, -0.02000000, -0.00000127
0.01250000, 0.00750000, -0.02000000, -0.00010207
0.01000000, 0.01000000, -0.02000000, -0.00020276
0.00750000, 0.01250000, -0.02000000, -0.00030173
0.00500000, 0.01500000, -0.02000000, -0.00039139
0.00250000, 0.01750000, -0.02000000, -0.00046165
0.00000000, 0.02000000, -0.02000000, -0.00050150
-0.00250000, 0.02000000, -0.01750000, -0.00045293
-0.00500000, 0.02000000, -0.01500000, -0.00033865
-0.00750000, 0.02000000, -0.01250000, -0.00018039
-0.01000000, 0.02000000, -0.01000000, 0.00000000
-0.01250000, 0.02000000, -0.00750000, 0.00018039
-0.01500000, 0.02000000, -0.00500000, 0.00033865
-0.01750000, 0.02000000, -0.00250000, 0.00045293
-0.02000000, 0.02000000, 0.00000000, 0.00050150
-0.02000000, 0.01750000, 0.00250000, 0.00046165
-0.02000000, 0.01500000, 0.00500000, 0.00039139
-0.02000000, 0.01250000, 0.00750000, 0.00030173
-0.02000000, 0.01000000, 0.01000000, 0.00020276
-0.02000000, 0.00750000, 0.01250000, 0.00010207
-0.02000000, 0.00500000, 0.01500000, 0.00000127
-0.02000000, 0.00250000, 0.01750000, -0.00008784
-0.02000000, 0.00000000, 0.02000000, -0.00021176
-0.01750000, -0.00250000, 0.02000000, -0.00008784
-0.01500000, -0.00500000, 0.02000000, 0.00000127
-0.01250000, -0.00750000, 0.02000000, 0.00010207
-0.01000000, -0.01000000, 0.02000000, 0.00020276
-0.00750000, -0.01250000, 0.02000000, 0.00030173
-0.00500000, -0.01500000, 0.02000000, 0.00039139
-0.00250000, -0.01750000, 0.02000000, 0.00046165
0.00000000, -0.02000000, 0.02000000, 0.00050150
0.00250000, -0.02000000, 0.01750000, 0.00045293
0.00500000, -0.02000000, 0.01500000, 0.00033865
0.00750000, -0.02000000, 0.01250000, 0.00018039
0.01000000, -0.02000000, 0.01000000, 0.00000000
0.01250000, -0.02000000, 0.00750000, -0.00018039
0.01500000, -0.02000000, 0.00500000, -0.00033865
0.01750000, -0.02000000, 0.00250000, -0.00045293
0.02000000, -0.02000000, 0.00000000, -0.00050150
0.02000000, -0.01750000, -0.00250000, -0.00046165
0.02000000, -0.01500000, -0.00500000, -0.00039139
0.02000000, -0.01250000, -0.00750000, -0.00030173
0.02000000, -0.01000000, -0.01000000, -0.00020276
0.02000000, -0.00750000, -0.01250000, -0.00010207
0.02000000, -0.00500000, -0.01500000, -0.00000127
0.02000000, -0.00250000, -0.01750000, 0.00008784
0.03000000, 0.00000000, -0.03000000, 0.00027751
0.02625000, 0.00375000, -0.03000000, 0.00012361
0.02250000, 0.00750000, -0.03000000, 0.00003241
0.01875000, 0.01125000, -0.03000000, -0.00006261
0.01500000, 0.01500000, -0.03000000, -0.00016375
0.01125000, 0.01875000, -0.03000000, -0.00026455
0.00750000, 0.02250000, -0.03000000, -0.00035739
0.00375000, 0.02625000, -0.03000000, -0.00042880
0.00000000, 0.03000000, -0.03000000, -0.00046795
-0.00375000, 0.03000000, -0.02625000, -0.00043042
-0.00750000, 0.03000000, -0.02250000, -0.00032456
-0.01125000, 0.03000000, -0.01875000, -0.00017268
-0.01500000, 0.03000000, -0.01500000, 0.00000000
-0.01875000, 0.03000000, -0.01125000, 0.00017268
-0.02250000, 0.03000000, -0.00750000, 0.00032456
-0.02625000, 0.03000000, -0.00375000, 0.00043042
-0.03000000, 0.03000000, 0.00000000, 0.00046795
-0.03000000, 0.02625000, 0.00375000, 0.00042880
-0.03000000, 0.02250000, 0.00750000, 0.00035739
-0.03000000, 0.01875000, 0.01125000, 0.00026455
-0.03000000, 0.01500000, 0.01500000, 0.00016375
-0.03000000, 0.01125000, 0.01875000, 0.00006261
-0.03000000, 0.00750000, 0.02250000, -0.00003241
-0.03000000, 0.00375000, 0.02625000, -0.00012361
-0.03000000, 0.00000000, 0.03000000, -0.00027751
-0.02625000, -0.00375000, 0.03000000, -0.00012361
-0.02250000, -0.00750000, 0.03000000, -0.00003241
-0.01875000, -0.01125000, 0.03000000, 0.00006261
-0.01500000, -0.01500000, 0.03000000, 0.00016375
-0.01125000, -0.01875000, 0.03000000, 0.00026455
-0.00750000, -0.02250000, 0.03000000, 0.00035739
-0.00375000, -0.02625000, 0.03000000, 0.00042880
0.00000000, -0.03000000, 0.03000000, 0.00046795
0.00375000, -0.03000000, 0.02625000, 0.00043042
0.00750000, -0.03000000, 0.02250000, 0.00032456
0.01125000, -0.03000000, 0.01875000, 0.00017268
0.01500000, -0.03000000, 0.01500000, 0.00000000
0.01875000, -0.03000000, 0.01125000, -0.00017268
0.02250000, -0.03000000, 0.00750000, -0.00032456
0.02625000, -0.03000000, 0.00375000, -0.00043042
0.03000000, -0.03000000, 0.00000000, -0.00046795
0.03000000, -0.02625000, -0.00375000, -0.00042880
0.03000000, -0.02250000, -0.00750000, -0.00035739
0.03000000, -0.01875000, -0.01125000, -0.00026455
0.03000000, -0.01500000, -0.01500000, -0.00016375
0.03000000, -0.01125000, -0.01875000, -0.00006261
0.03000000, -0.00750000, -0.02250000, 0.00003241
0.03000000, -0.00375000, -0.02625000, 0.00012361
0.04000000, 0.00000000, -0.04000000, 0.00036268
0.03500000, 0.00500000, -0.04000000, 0.00018121
0.03000000, 0.01000000, -0.04000000, 0.00008817
0.02500000, 0.01500000, -0.04000000, -0.00001102
0.02000000, 0.02000000, -0.04000000, -0.00011977
0.01500000, 0.02500000, -0.04000000, -0.00022803
0.01000000, 0.03000000, -0.04000000, -0.00032582
0.00500000, 0.03500000, -0.04000000, -0.00040315
0.00000000, 0.04000000, -0.04000000, -0.00043931
-0.00500000, 0.04000000, -0.03500000, -0.00041638
-0.01000000, 0.04000000, -0.03000000, -0.00031636
-0.01500000, 0.04000000, -0.02500000, -0.00017011
-0.02000000, 0.04000000, -0.02000000, 0.00000000
-0.02500000, 0.04000000, -0.01500000, 0.00017011
-0.03000000, 0.04000000, -0.01000000, 0.00031636
-0.03500000, 0.04000000, -0.00500000, 0.00041638
-0.04000000, 0.04000000, 0.00000000, 0.00043931
-0.04000000, 0.03500000, 0.00500000, 0.00040315
-0.04000000, 0.03000000, 0.01000000, 0.00032582
-0.04000000, 0.02500000, 0.01500000, 0.00022803
-0.04000000, 0.02000000, 0.02000000, 0.00011977
-0.04000000, 0.01500000, 0.02500000, 0.00001102
-0.04000000, 0.01000000, 0.03000000, -0.00008817
-0.04000000, 0.00500000, 0.03500000, -0.00018121
-0.04000000, 0.00000000, 0.04000000, -0.00036268
-0.03500000, -0.00500000, 0.04000000, -0.00018121
-0.03000000, -0.01000000, 0.04000000, -0.00008817
-0.02500000, -0.01500000, 0.04000000, 0.00001102
-0.02000000, -0.02000000, 0.04000000, 0.00011977
-0.01500000, -0.02500000, 0.04000000, 0.00022803
-0.01000000, -0.03000000, 0.04000000, 0.00032582
-0.00500000, -0.03500000, 0.04000000, 0.00040315
0.00000000, -0.04000000, 0.04000000, 0.00043931
0.00500000, -0.04000000, 0.03500000, 0.00041638
0.01000000, -0.04000000, 0.03000000, 0.00031636
0.01500000, -0.04000000, 0.02500000, 0.00017011
0.02000000, -0.04000000, 0.02000000, 0.00000000
0.02500000, -0.04000000, 0.01500000, -0.00017011
0.03000000, -0.04000000, 0.01000000, -0.00031636
0.03500000, -0.04000000, 0.00500000, -0.00041638
0.04000000, -0.04000000, 0.00000000, -0.00043931
0.04000000, -0.03500000, -0.00500000, -0.00040315
0.04000000, -0.03000000, -0.01000000, -0.00032582
0.04000000, -0.02500000, -0.01500000, -0.00022803
0.04000000, -0.02000000, -0.02000000, -0.00011977
0.04000000, -0.01500000, -0.02500000, -0.00001102
0.04000000, -0.01000000, -0.03000000, 0.00008817
0.04000000, -0.00500000, -0.03500000, 0.00018121
0.05000000, 0.00000000, -0.05000000, 0.00046248
0.04375000, 0.00625000, -0.05000000, 0.00025445
0.03750000, 0.01250000, -0.05000000, 0.00015714
0.03125000, 0.01875000, -0.05000000, 0.00004927
0.02500000, 0.02500000, -0.05000000, -0.00006970
0.01875000, 0.03125000, -0.05000000, -0.00018837
0.01250000, 0.03750000, -0.05000000, -0.00029432
0.00625000, 0.04375000, -0.05000000, -0.00037635
0.00000000, 0.05000000, -0.05000000, -0.00040816
-0.00625000, 0.05000000, -0.04375000, -0.00040264
-0.01250000, 0.05000000, -0.03750000, -0.00031056
-0.01875000, 0.05000000, -0.03125000, -0.00016856
-0.02500000, 0.05000000, -0.02500000, 0.00000000
-0.03125000, 0.05000000, -0.01875000, 0.00016856
-0.03750000, 0.05000000, -0.01250000, 0.00031056
-0.04375000, 0.05000000, -0.00625000, 0.00040264
-0.05000000, 0.05000000, 0.00000000, 0.00040816
-0.05000000, 0.04375000, 0.00625000, 0.00037635
-0.05000000, 0.03750000, 0.01250000, 0.00029432
-0.05000000, 0.03125000, 0.01875000, 0.00018837
-0.05000000, 0.02500000, 0.02500000, 0.00006970
-0.05000000, 0.01875000, 0.03125000, -0.00004927
-0.05000000, 0.01250000, 0.03750000, -0.00015714
-0.05000000, 0.00625000, 0.04375000, -0.00025445
-0.05000000, 0.00000000, 0.05000000, -0.00046248
-0.04375000, -0.00625000, 0.05000000, -0.00025445
-0.03750000, -0.01250000, 0.05000000, -0.00015714
-0.03125000, -0.01875000, 0.05000000, -0.00004927
-0.02500000, -0.02500000, 0.05000000, 0.00006970
-0.01875000, -0.03125000, 0.05000000, 0.00018837
-0.01250000, -0.03750000, 0.05000000, 0.00029432
-0.00625000, -0.04375000, 0.05000000, 0.00037635
0.00000000, -0.05000000, 0.05000000, 0.00040816
0.00625000, -0.05000000, 0.04375000, 0.00040264
0.01250000, -0.05000000, 0.03750000, 0.00031056
0.01875000, -0.05000000, 0.03125000, 0.00016856
0.02500000, -0.05000000, 0.02500000, 0.00000000
0.03125000, -0.05000000, 0.01875000, -0.00016856
0.03750000, -0.05000000, 0.01250000, -0.00031056
0.04375000, -0.05000000, 0.00625000, -0.00040264
0.05000000, -0.05000000, 0.00000000, -0.00040816
0.05000000, -0.04375000, -0.00625000, -0.00037635
0.05000000, -0.03750000, -0.01250000, -0.00029432
0.05000000, -0.03125000, -0.01875000, -0.00018837
0.05000000, -0.02500000, -0.02500000, -0.00006970
0.05000000, -0.01875000, -0.03125000, 0.00004927
0.05000000, -0.01250000, -0.03750000, 0.00015714
0.05000000, -0.00625000, -0.04375000, 0.00025445
0.06000000, 0.00000000, -0.06000000, 0.00057442
0.05250000, 0.00750000, -0.06000000, 0.00034133
0.04500000, 0.01500000, -0.06000000, 0.00023650
0.03750000, 0.02250000, -0.06000000, 0.00011841
0.03000000, 0.03000000, -0.06000000, -0.00001318
0.02250000, 0.03750000, -0.06000000, -0.00014317
0.01500000, 0.04500000, -0.06000000, -0.00025802
0.00750000, 0.05250000, -0.06000000, -0.00034427
0.00000000, 0.06000000, -0.06000000, -0.00037021
-0.00750000, 0.06000000, -0.05250000, -0.00038535
-0.01500000, 0.06000000, -0.04500000, -0.00030327
-0.02250000, 0.06000000, -0.03750000, -0.00016575
-0.03000000, 0.06000000, -0.03000000, 0.00000000
-0.03750000, 0.06000000, -0.02250000, 0.00016575
-0.04500000, 0.06000000, -0.01500000, 0.00030327
-0.05250000, 0.06000000, -0.00750000, 0.00038535
-0.06000000, 0.06000000, 0.00000000, 0.00037021
-0.06000000, 0.05250000, 0.00750000, 0.00034427
-0.06000000, 0.04500000, 0.01500000, 0.00025802
-0.06000000, 0.03750000, 0.02250000, 0.00014317
-0.06000000, 0.03000000, 0.03000000, 0.00001318
-0.06000000, 0.02250000, 0.03750000, -0.00011841
-0.06000000, 0.01500000, 0.04500000, -0.00023650
-0.06000000, 0.00750000, 0.05250000, -0.00034133
-0.06000000, 0.00000000, 0.06000000, -0.00057442
-0.05250000, -0.00750000, 0.06000000, -0.00034133
-0.04500000, -0.01500000, 0.06000000, -0.00023650
-0.03750000, -0.02250000, 0.06000000, -0.00011841
-0.03000000, -0.03000000, 0.06000000, 0.00001318
-0.02250000, -0.03750000, 0.06000000, 0.00014317
-0.01500000, -0.04500000, 0.06000000, 0.00025802
-0.00750000, -0.05250000, 0.06000000, 0.00034427
0.00000000, -0.06000000, 0.06000000, 0.00037021
0.00750000, -0.06000000, 0.05250000, 0.00038535
0.01500000, -0.06000000, 0.04500000, 0.00030327
0.02250000, -0.06000000, 0.03750000, 0.00016575
0.03000000, -0.06000000, 0.03000000, 0.00000000
0.03750000, -0.06000000, 0.02250000, -0.00016575
0.04500000, -0.06000000, 0.01500000, -0.00030327
0.05250000, -0.06000000, 0.00750000, -0.00038535
0.06000000, -0.06000000, 0.00000000, -0.00037021
0.06000000, -0.05250000, -0.00750000, -0.00034427
0.06000000, -0.04500000, -0.01500000, -0.00025802
0.06000000, -0.03750000, -0.02250000, -0.00014317
0.06000000, -0.03000000, -0.03000000, -0.00001318
0.06000000, -0.02250000, -0.03750000, 0.00011841
0.06000000, -0.01500000, -0.04500000, 0.00023650
0.06000000, -0.00750000, -0.05250000, 0.00034133
0.07000000, 0.00000000, -0.07000000, 0.00069720
0.06125000, 0.00875000, -0.07000000, 0.00043886
0.05250000, 0.01750000, -0.07000000, 0.00032416
0.04375000, 0.02625000, -0.07000000, 0.00019431
0.03500000, 0.03500000, -0.07000000, 0.00005066
0.02625000, 0.04375000, -0.07000000, -0.00009026
0.01750000, 0.05250000, -0.07000000, -0.00021373
0.00875000, 0.06125000, -0.07000000, -0.00030423
0.00000000, 0.07000000, -0.07000000, -0.00032403
-0.00875000, 0.07000000, -0.06125000, -0.00036251
-0.01750000, 0.07000000, -0.05250000, -0.00029196
-0.02625000, 0.07000000, -0.04375000, -0.00016120
-0.03500000, 0.07000000, -0.03500000, 0.00000000
-0.04375000, 0.07000000, -0.02625000, 0.00016120
-0.05250000, 0.07000000, -0.01750000, 0.00029196
-0.06125000, 0.07000000, -0.00875000, 0.00036251
-0.07000000, 0.07000000, 0.00000000, 0.00032403
-0.07000000, 0.06125000, 0.00875000, 0.00030423
-0.07000000, 0.05250000, 0.01750000, 0.00021373
-0.07000000, 0.04375000, 0.02625000, 0.00009026
-0.07000000, 0.03500000, 0.03500000, -0.00005066
-0.07000000, 0.02625000, 0.04375000, -0.00019431
-0.07000000, 0.01750000, 0.05250000, -0.00032416
-0.07000000, 0.00875000, 0.06125000, -0.00043886
-0.07000000, 0.00000000, 0.07000000, -0.00069720
-0.06125000, -0.00875000, 0.07000000, -0.00043886
-0.05250000, -0.01750000, 0.07000000, -0.00032416
-0.04375000, -0.02625000, 0.07000000, -0.00019431
-0.03500000, -0.03500000, 0.07000000, -0.00005066
-0.02625000, -0.04375000, 0.07000000, 0.00009026
-0.01750000, -0.05250000, 0.07000000, 0.00021373
-0.00875000, -0.06125000, 0.07000000, 0.00030423
0.00000000, -0.07000000, 0.07000000, 0.00032403
0.00875000, -0.07000000, 0.06125000, 0.00036251
0.01750000, -0.07000000, 0.05250000, 0.00029196
0.02625000, -0.07000000, 0.04375000, 0.00016120
0.03500000, -0.07000000, 0.03500000, 0.00000000
0.04375000, -0.07000000, 0.02625000, -0.00016120
0.05250000, -0.07000000, 0.01750000, -0.00029196
0.06125000, -0.07000000, 0.00875000, -0.00036251
0.07000000, -0.07000000, 0.00000000, -0.00032403
0.07000000, -0.06125000, -0.00875000, -0.00030423
0.07000000, -0.05250000, -0.01750000, -0.00021373
0.07000000, -0.04375000, -0.02625000, -0.00009026
0.07000000, -0.03500000, -0.03500000, 0.00005066
0.07000000, -0.02625000, -0.04375000, 0.00019431
0.07000000, -0.01750000, -0.05250000, 0.00032416
0.07000000, -0.00875000, -0.06125000, 0.00043886
0.08000000, 0.00000000, -0.08000000, 0.00083188
0.07000000, 0.01000000, -0.08000000, 0.00054673
0.06000000, 0.02000000, -0.08000000, 0.00042039
0.05000000, 0.03000000, -0.08000000, 0.00027765
0.04000000, 0.04000000, -0.08000000, 0.00012215
0.03000000, 0.05000000, -0.08000000, -0.00002931
0.02000000, 0.06000000, -0.08000000, -0.00016127
0.01000000, 0.07000000, -0.08000000, -0.00025639
0.00000000, 0.08000000, -0.08000000, -0.00026983
-0.01000000, 0.08000000, -0.07000000, -0.00033408
-0.02000000, 0.08000000, -0.06000000, -0.00027660
-0.03000000, 0.08000000, -0.05000000, -0.00015457
-0.04000000, 0.08000000, -0.04000000, 0.00000000
-0.05000000, 0.08000000, -0.03000000, 0.00015457
-0.06000000, 0.08000000, -0.02000000, 0.00027660
-0.07000000, 0.08000000, -0.01000000, 0.00033408
-0.08000000, 0.08000000, 0.00000000, 0.00026983
-0.08000000, 0.07000000, 0.01000000, 0.00025639
-0.08000000, 0.06000000, 0.02000000, 0.00016127
-0.08000000, 0.05000000, 0.03000000, 0.00002931
-0.08000000, 0.04000000, 0.04000000, -0.00012215
-0.08000000, 0.03000000, 0.05000000, -0.00027765
-0.08000000, 0.02000000, 0.06000000, -0.00042039
-0.08000000, 0.01000000, 0.07000000, -0.00054673
-0.08000000, 0.00000000, 0.08000000, -0.00083188
-0.07000000, -0.01000000, 0.08000000, -0.00054673
-0.06000000, -0.02000000, 0.08000000, -0.00042039
-0.05000000, -0.03000000, 0.08000000, -0.00027765
-0.04000000, -0.04000000, 0.08000000, -0.00012215
-0.03000000, -0.05000000, 0.08000000, 0.00002931
-0.02000000, -0.06000000, 0.08000000, 0.00016127
-0.01000000, -0.07000000, 0.08000000, 0.00025639
0.00000000, -0.08000000, 0.08000000, 0.00026983
0.01000000, -0.08000000, 0.07000000, 0.00033408
0.02000000, -0.08000000, 0.06000000, 0.00027660
0.03000000, -0.08000000, 0.05000000, 0.00015457
0.04000000, -0.08000000, 0.04000000, 0.00000000
0.05000000, -0.08000000, 0.03000000, -0.00015457
0.06000000, -0.08000000, 0.02000000, -0.00027660
0.07000000, -0.08000000, 0.01000000, -0.00033408
0.08000000, -0.08000000, 0.00000000, -0.00026983
0.08000000, -0.07000000, -0.01000000, -0.00025639
0.08000000, -0.06000000, -0.02000000, -0.00016127
0.08000000, -0.05000000, -0.03000000, -0.00002931
0.08000000, -0.04000000, -0.04000000, 0.00012215
0.08000000, -0.03000000, -0.05000000, 0.00027765
0.08000000, -0.02000000, -0.06000000, 0.00042039
0.08000000, -0.01000000, -0.07000000, 0.00054673
0.09000000, 0.00000000, -0.09000000, 0.00097895
0.07875000, 0.01125000, -0.09000000, 0.00066519
0.06750000, 0.02250000, -0.09000000, 0.00052571
0.05625000, 0.03375000, -0.09000000, 0.00036941
0.04500000, 0.04500000, -0.09000000, 0.00020176
0.03375000, 0.05625000, -0.09000000, 0.00004001
0.02250000, 0.06750000, -0.09000000, -0.00010046
0.01125000, 0.07875000, -0.09000000, -0.00020072
0.00000000, 0.09000000, -0.09000000, -0.00020745
-0.01125000, 0.09000000, -0.07875000, -0.00030013
-0.02250000, 0.09000000, -0.06750000, -0.00025737
-0.03375000, 0.09000000, -0.05625000, -0.00014573
-0.04500000, 0.09000000, -0.04500000, 0.00000000
-0.05625000, 0.09000000, -0.03375000, 0.00014573
-0.06750000, 0.09000000, -0.02250000, 0.00025737
-0.07875000, 0.09000000, -0.01125000, 0.00030013
-0.09000000, 0.09000000, 0.00000000, 0.00020745
-0.09000000, 0.07875000, 0.01125000, 0.00020072
-0.09000000, 0.06750000, 0.02250000, 0.00010046
-0.09000000, 0.05625000, 0.03375000, -0.00004001
-0.09000000, 0.04500000, 0.04500000, -0.00020176
-0.09000000, 0.03375000, 0.05625000, -0.00036941
-0.09000000, 0.02250000, 0.06750000, -0.00052571
-0.09000000, 0.01125000, 0.07875000, -0.00066519
-0.09000000, 0.00000000, 0.09000000, -0.00097895
-0.07875000, -0.01125000, 0.09000000, -0.00066519
-0.06750000, -0.02250000, 0.09000000, -0.00052571
-0.05625000, -0.03375000, 0.09000000, -0.00036941
-0.04500000, -0.04500000, 0.09000000, -0.00020176
-0.03375000, -0.05625000, 0.09000000, -0.00004001
-0.02250000, -0.06750000, 0.09000000, 0.00010046
-0.01125000, -0.07875000, 0.09000000, 0.00020072
0.00000000, -0.09000000, 0.09000000, 0.00020745
0.01125000, -0.09000000, 0.07875000, 0.00030013
0.02250000, -0.09000000, 0.06750000, 0.00025737
0.03375000, -0.09000000, 0.05625000, 0.00014573
0.04500000, -0.09000000, 0.04500000, 0.00000000
0.05625000, -0.09000000, 0.03375000, -0.00014573
0.06750000, -0.09000000, 0.02250000, -0.00025737
0.07875000, -0.09000000, 0.01125000, -0.00030013
0.09000000, -0.09000000, 0.00000000, -0.00020745
0.09000000, -0.07875000, -0.01125000, -0.00020072
0.09000000, -0.06750000, -0.02250000, -0.00010046
0.09000000, -0.05625000, -0.03375000, 0.00004001
0.09000000, -0.04500000, -0.04500000, 0.00020176
0.09000000, -0.03375000, -0.05625000, 0.00036941
0.09000000, -0.02250000, -0.06750000, 0.00052571
0.09000000, -0.01125000, -0.07875000, 0.00066519
0.10000000, 0.00000000, -0.10000000, 0.00113791
0.08750000, 0.01250000, -0.10000000, 0.00079401
0.07500000, 0.02500000, -0.10000000, 0.00064001
0.06250000, 0.03750000, -0.10000000, 0.00046977
0.05000000, 0.05000000, -0.10000000, 0.00028994
0.03750000, 0.06250000, -0.10000000, 0.00011815
0.02500000, 0.07500000, -0.10000000, -0.00003075
0.01250000, 0.08750000, -0.10000000, -0.00013657
0.00000000, 0.10000000, -0.10000000, -0.00013642
-0.01250000, 0.10000000, -0.08750000, -0.00026031
-0.02500000, 0.10000000, -0.07500000, -0.00023415
-0.03750000, 0.10000000, -0.06250000, -0.00013473
-0.05000000, 0.10000000, -0.05000000, 0.00000000
-0.06250000, 0.10000000, -0.03750000, 0.00013473
-0.07500000, 0.10000000, -0.02500000, 0.00023415
-0.08750000, 0.10000000, -0.01250000, 0.00026031
-0.10000000, 0.10000000, 0.00000000, 0.00013642
-0.10000000, 0.08750000, 0.01250000, 0.00013657
-0.10000000, 0.07500000, 0.02500000, 0.00003075
-0.10000000, 0.06250000, 0.03750000, -0.00011815
-0.10000000, 0.05000000, 0.05000000, -0.00028994
-0.10000000, 0.03750000, 0.06250000, -0.00046977
-0.10000000, 0.02500000, 0.07500000, -0.00064001
-0.10000000, 0.01250000, 0.08750000, -0.00079401
-0.10000000, 0.00000000, 0.10000000, -0.00113791
-0.08750000, -0.01250000, 0.10000000, -0.00079401
-0.07500000, -0.02500000, 0.10000000, -0.00064001
-0.06250000, -0.03750000, 0.10000000, -0.00046977
-0.05000000, -0.05000000, 0.10000000, -0.00028994
-0.03750000, -0.06250000, 0.10000000, -0.00011815
-0.02500000, -0.07500000, 0.10000000, 0.00003075
-0.01250000, -0.08750000, 0.10000000, 0.00013657
0.00000000, -0.10000000, 0.10000000, 0.00013642
0.01250000, -0.10000000, 0.08750000, 0.00026031
0.02500000, -0.10000000, 0.07500000, 0.00023415
0.03750000, -0.10000000, 0.06250000, 0.00013473
0.05000000, -0.10000000, 0.05000000, 0.00000000
0.06250000, -0.10000000, 0.03750000, -0.00013473
0.07500000, -0.10000000, 0.02500000, -0.00023415
0.08750000, -0.10000000, 0.01250000, -0.00026031
0.10000000, -0.10000000, 0.00000000, -0.00013642
0.10000000, -0.08750000, -0.01250000, -0.00013657
0.10000000, -0.07500000, -0.02500000, -0.00003075
0.10000000, -0.06250000, -0.03750000, 0.00011815
0.10000000, -0.05000000, -0.05000000, 0.00028994
0.10000000, -0.03750000, -0.06250000, 0.00046977
0.10000000, -0.02500000, -0.07500000, 0.00064001
0.10000000, -0.01250000, -0.08750000, 0.00079401
0.15000000, 0.00000000, -0.15000000, 0.00207667
0.13125000, 0.01875000, -0.15000000, 0.00157317
0.11250000, 0.03750000, -0.15000000, 0.00133300
0.09375000, 0.05625000, -0.15000000, 0.00109286
0.07500000, 0.07500000, -0.15000000, 0.00085698
0.05625000, 0.09375000, -0.15000000, 0.00063960
0.03750000, 0.11250000, -0.15000000, 0.00045165
0.01875000, 0.13125000, -0.15000000, 0.00031858
0.00000000, 0.15000000, -0.15000000, 0.00035009
-0.01875000, 0.15000000, -0.13125000, 0.00003556
-0.03750000, 0.15000000, -0.11250000, -0.00005426
-0.05625000, 0.15000000, -0.09375000, -0.00004880
-0.07500000, 0.15000000, -0.07500000, 0.00000000
-0.09375000, 0.15000000, -0.05625000, 0.00004880
-0.11250000, 0.15000000, -0.03750000, 0.00005426
-0.13125000, 0.15000000, -0.01875000, -0.00003556
-0.15000000, 0.15000000, 0.00000000, -0.00035009
-0.15000000, 0.13125000, 0.01875000, -0.00031858
-0.15000000, 0.11250000, 0.03750000, -0.00045165
-0.15000000, 0.09375000, 0.05625000, -0.00063960
-0.15000000, 0.07500000, 0.07500000, -0.00085698
-0.15000000, 0.05625000, 0.09375000, -0.00109286
-0.15000000, 0.03750000, 0.11250000, -0.00133300
-0.15000000, 0.01875000, 0.13125000, -0.00157317
-0.15000000, 0.00000000, 0.15000000, -0.00207667
-0.13125000, -0.01875000, 0.15000000, -0.00157317
-0.11250000, -0.03750000, 0.15000000, -0.00133300
-0.09375000, -0.05625000, 0.15000000, -0.00109286
-0.07500000, -0.07500000, 0.15000000, -0.00085698
-0.05625000, -0.09375000, 0.15000000, -0.00063960
-0.03750000, -0.11250000, 0.15000000, -0.00045165
-0.01875000, -0.13125000, 0.15000000, -0.00031858
0.00000000, -0.15000000, 0.15000000, -0.00035009
0.01875000, -0.15000000, 0.13125000, -0.00003556
0.03750000, -0.15000000, 0.11250000, 0.00005426
0.05625000, -0.15000000, 0.09375000, 0.00004880
0.07500000, -0.15000000, 0.07500000, 0.00000000
0.09375000, -0.15000000, 0.05625000, -0.00004880
0.11250000, -0.15000000, 0.03750000, -0.00005426
0.13125000, -0.15000000, 0.01875000, 0.00003556
0.15000000, -0.15000000, 0.00000000, 0.00035009
0.15000000, -0.13125000, -0.01875000, 0.00031858
0.15000000, -0.11250000, -0.03750000, 0.00045165
0.15000000, -0.09375000, -0.05625000, 0.00063960
0.15000000, -0.07500000, -0.07500000, 0.00085698
0.15000000, -0.05625000, -0.09375000, 0.00109286
0.15000000, -0.03750000, -0.11250000, 0.00133300
0.15000000, -0.01875000, -0.13125000, 0.00157317
0.20000000, 0.00000000, -0.20000000, 0.00308910
0.17500000, 0.02500000, -0.20000000, 0.00245831
0.15000000, 0.05000000, -0.20000000, 0.00215093
0.12500000, 0.07500000, -0.20000000, 0.00185999
0.10000000, 0.10000000, -0.20000000, 0.00158088
0.07500000, 0.12500000, -0.20000000, 0.00132921
0.05000000, 0.15000000, -0.20000000, 0.00111410
0.02500000, 0.17500000, -0.20000000, 0.00096120
0.00000000, 0.20000000, -0.20000000, 0.00101871
-0.02500000, 0.20000000, -0.17500000, 0.00048066
-0.05000000, 0.20000000, -0.15000000, 0.00022818
-0.07500000, 0.20000000, -0.12500000, 0.00008859
-0.10000000, 0.20000000, -0.10000000, 0.00000000
-0.12500000, 0.20000000, -0.07500000, -0.00008859
-0.15000000, 0.20000000, -0.05000000, -0.00022818
-0.17500000, 0.20000000, -0.02500000, -0.00048066
-0.20000000, 0.20000000, 0.00000000, -0.00101871
-0.20000000, 0.17500000, 0.02500000, -0.00096120
-0.20000000, 0.15000000, 0.05000000, -0.00111410
-0.20000000, 0.12500000, 0.07500000, -0.00132921
-0.20000000, 0.10000000, 0.10000000, -0.00158088
-0.20000000, 0.07500000, 0.12500000, -0.00185999
-0.20000000, 0.05000000, 0.15000000, -0.00215093
-0.20000000, 0.02500000, 0.17500000, -0.00245831
-0.20000000, 0.00000000, 0.20000000, -0.00308910
-0.17500000, -0.02500000, 0.20000000, -0.00245831
-0.15000000, -0.05000000, 0.20000000, -0.00215093
-0.12500000, -0.07500000, 0.20000000, -0.00185999
-0.10000000, -0.10000000, 0.20000000, -0.00158088
-0.07500000, -0.12500000, 0.20000000, -0.00132921
-0.05000000, -0.15000000, 0.20000000, -0.00111410
-0.02500000, -0.17500000, 0.20000000, -0.00096120
0.00000000, -0.20000000, 0.20000000, -0.00101871
0.02500000, -0.20000000, 0.17500000, -0.00048066
0.05000000, -0.20000000, 0.15000000, -0.00022818
0.07500000, -0.20000000, 0.12500000, -0.00008859
0.10000000, -0.20000000, 0.10000000, 0.00000000
0.12500000, -0.20000000, 0.07500000, 0.00008859
0.15000000, -0.20000000, 0.05000000, 0.00022818
0.17500000, -0.20000000, 0.02500000, 0.00048066
0.20000000, -0.20000000, 0.00000000, 0.00101871
0.20000000, -0.17500000, -0.02500000, 0.00096120
0.20000000, -0.15000000, -0.05000000, 0.00111410
0.20000000, -0.12500000, -0.07500000, 0.00132921
0.20000000, -0.10000000, -0.10000000, 0.00158088
0.20000000, -0.07500000, -0.12500000, 0.00185999
0.20000000, -0.05000000, -0.15000000, 0.00215093
0.20000000, -0.02500000, -0.17500000, 0.00245831
0.25000000, 0.00000000, -0.25000000, 0.00384981
0.21875000, 0.03125000, -0.25000000, 0.00319327
0.18750000, 0.06250000, -0.25000000, 0.00288885
0.15625000, 0.09375000, -0.25000000, 0.00259734
0.12500000, 0.12500000, -0.25000000, 0.00231208
0.09375000, 0.15625000, -0.25000000, 0.00205460
0.06250000, 0.18750000, -0.25000000, 0.00183401
0.03125000, 0.21875000, -0.25000000, 0.00167215
0.00000000, 0.25000000, -0.25000000, 0.00174176
-0.03125000, 0.25000000, -0.21875000, 0.00101654
-0.06250000, 0.25000000, -0.18750000, 0.00058915
-0.09375000, 0.25000000, -0.15625000, 0.00026944
-0.12500000, 0.25000000, -0.12500000, 0.00000000
-0.15625000, 0.25000000, -0.09375000, -0.00026944
-0.18750000, 0.25000000, -0.06250000, -0.00058915
-0.21875000, 0.25000000, -0.03125000, -0.00101654
-0.25000000, 0.25000000, 0.00000000, -0.00174176
-0.25000000, 0.21875000, 0.03125000, -0.00167215
-0.25000000, 0.18750000, 0.06250000, -0.00183401
-0.25000000, 0.15625000, 0.09375000, -0.00205460
-0.25000000, 0.12500000, 0.12500000, -0.00231208
-0.25000000, 0.09375000, 0.15625000, -0.00259734
-0.25000000, 0.06250000, 0.18750000, -0.00288885
-0.25000000, 0.03125000, 0.21875000, -0.00319327
-0.25000000, 0.00000000, 0.25000000, -0.00384981
-0.21875000, -0.03125000, 0.25000000, -0.00319327
-0.18750000, -0.06250000, 0.25000000, -0.00288885
-0.15625000, -0.09375000, 0.25000000, -0.00259734
-0.12500000, -0.12500000, 0.25000000, -0.00231208
-0.09375000, -0.15625000, 0.25000000, -0.00205460
-0.06250000, -0.18750000, 0.25000000, -0.00183401
-0.03125000, -0.21875000, 0.25000000, -0.00167215
0.00000000, -0.25000000, 0.25000000, -0.00174176
0.03125000, -0.25000000, 0.21875000, -0.00101654
0.06250000, -0.25000000, 0.18750000, -0.00058915
0.09375000, -0.25000000, 0.15625000, -0.00026944
0.12500000, -0.25000000, 0.12500000, 0.00000000
0.15625000, -0.25000000, 0.09375000, 0.00026944
0.18750000, -0.25000000, 0.06250000, 0.00058915
0.21875000, -0.25000000, 0.03125000, 0.00101654
0.25000000, -0.25000000, 0.00000000, 0.00174176
0.25000000, -0.21875000, -0.03125000, 0.00167215
0.25000000, -0.18750000, -0.06250000, 0.00183401
0.25000000, -0.15625000, -0.09375000, 0.00205460
0.25000000, -0.12500000, -0.12500000, 0.00231208
0.25000000, -0.09375000, -0.15625000, 0.00259734
0.25000000, -0.06250000, -0.18750000, 0.00288885
0.25000000, -0.03125000, -0.21875000, 0.00319327
0.30000000, 0.00000000, -0.30000000, 0.00408888
0.26250000, 0.03750000, -0.30000000, 0.00354158
0.22500000, 0.07500000, -0.30000000, 0.00332764
0.18750000, 0.11250000, -0.30000000, 0.00310007
0.15000000, 0.15000000, -0.30000000, 0.00285889
0.11250000, 0.18750000, -0.30000000, 0.00263270
0.07500000, 0.22500000, -0.30000000, 0.00243066
0.03750000, 0.26250000, -0.30000000, 0.00227018
0.00000000, 0.30000000, -0.30000000, 0.00233203
-0.03750000, 0.30000000, -0.26250000, 0.00153810
-0.07500000, 0.30000000, -0.22500000, 0.00097608
-0.11250000, 0.30000000, -0.18750000, 0.00047343
-0.15000000, 0.30000000, -0.15000000, 0.00000000
-0.18750000, 0.30000000, -0.11250000, -0.00047343
-0.22500000, 0.30000000, -0.07500000, -0.00097608
-0.26250000, 0.30000000, -0.03750000, -0.00153810
-0.30000000, 0.30000000, 0.00000000, -0.00233203
-0.30000000, 0.26250000, 0.03750000, -0.00227018
-0.30000000, 0.22500000, 0.07500000, -0.00243066
-0.30000000, 0.18750000, 0.11250000, -0.00263270
-0.30000000, 0.15000000, 0.15000000, -0.00285889
-0.30000000, 0.11250000, 0.18750000, -0.00310007
-0.30000000, 0.07500000, 0.22500000, -0.00332764
-0.30000000, 0.03750000, 0.26250000, -0.00354158
-0.30000000, 0.00000000, 0.30000000, -0.00408888
-0.26250000, -0.03750000, 0.30000000, -0.00354158
-0.22500000, -0.07500000, 0.30000000, -0.00332764
-0.18750000, -0.11250000, 0.30000000, -0.00310007
-0.15000000, -0.15000000, 0.30000000, -0.00285889
-0.11250000, -0.18750000, 0.30000000, -0.00263270
-0.07500000, -0.22500000, 0.30000000, -0.00243066
-0.03750000, -0.26250000, 0.30000000, -0.00227018
0.00000000, -0.30000000, 0.30000000, -0.00233203
0.03750000, -0.30000000, 0.26250000, -0.00153810
0.07500000, -0.30000000, 0.22500000, -0.00097608
0.11250000, -0.30000000, 0.18750000, -0.00047343
0.15000000, -0.30000000, 0.15000000, 0.00000000
0.18750000, -0.30000000, 0.11250000, 0.00047343
0.22500000, -0.30000000, 0.07500000, 0.00097608
0.26250000, -0.30000000, 0.03750000, 0.00153810
0.30000000, -0.30000000, 0.00000000, 0.00233203
0.30000000, -0.26250000, -0.03750000, 0.00227018
0.30000000, -0.22500000, -0.07500000, 0.00243066
0.30000000, -0.18750000, -0.11250000, 0.00263270
0.30000000, -0.15000000, -0.15000000, 0.00285889
0.30000000, -0.11250000, -0.18750000, 0.00310007
0.30000000, -0.07500000, -0.22500000, 0.00332764
0.30000000, -0.03750000, -0.26250000, 0.00354158
0.35000000, 0.00000000, -0.35000000, 0.00373863
0.30625000, 0.04375000, -0.35000000, 0.00339592
0.26250000, 0.08750000, -0.35000000, 0.00333380
0.21875000, 0.13125000, -0.35000000, 0.00322252
0.17500000, 0.17500000, -0.35000000, 0.00307026
0.13125000, 0.21875000, -0.35000000, 0.00290805
0.08750000, 0.26250000, -0.35000000, 0.00274430
0.04375000, 0.30625000, -0.35000000, 0.00259237
0.00000000, 0.35000000, -0.35000000, 0.00262582
-0.04375000, 0.35000000, -0.30625000, 0.00193088
-0.08750000, 0.35000000, -0.26250000, 0.00132203
-0.13125000, 0.35000000, -0.21875000, 0.00067108
-0.17500000, 0.35000000, -0.17500000, 0.00000000
-0.21875000, 0.35000000, -0.13125000, -0.00067108
-0.26250000, 0.35000000, -0.08750000, -0.00132203
-0.30625000, 0.35000000, -0.04375000, -0.00193088
-0.35000000, 0.35000000, 0.00000000, -0.00262582
-0.35000000, 0.30625000, 0.04375000, -0.00259237
-0.35000000, 0.26250000, 0.08750000, -0.00274430
-0.35000000, 0.21875000, 0.13125000, -0.00290805
-0.35000000, 0.17500000, 0.17500000, -0.00307026
-0.35000000, 0.13125000, 0.21875000, -0.00322252
-0.35000000, 0.08750000, 0.26250000, -0.00333380
-0.35000000, 0.04375000, 0.30625000, -0.00339592
-0.35000000, 0.00000000, 0.35000000, -0.00373863
-0.30625000, -0.04375000, 0.35000000, -0.00339592
-0.26250000, -0.08750000, 0.35000000, -0.00333380
-0.21875000, -0.13125000, 0.35000000, -0.00322252
-0.17500000, -0.17500000, 0.35000000, -0.00307026
-0.13125000, -0.21875000, 0.35000000, -0.00290805
-0.08750000, -0.26250000, 0.35000000, -0.00274430
-0.04375000, -0.30625000, 0.35000000, -0.00259237
0.00000000, -0.35000000, 0.35000000, -0.00262582
0.04375000, -0.35000000, 0.30625000, -0.00193088
0.08750000, -0.35000000, 0.26250000, -0.00132203
0.13125000, -0.35000000, 0.21875000, -0.00067108
0.17500000, -0.35000000, 0.17500000, 0.00000000
0.21875000, -0.35000000, 0.13125000, 0.00067108
0.26250000, -0.35000000, 0.08750000, 0.00132203
0.30625000, -0.35000000, 0.04375000, 0.00193088
0.35000000, -0.35000000, 0.00000000, 0.00262582
0.35000000, -0.30625000, -0.04375000, 0.00259237
0.35000000, -0.26250000, -0.08750000, 0.00274430
0.35000000, -0.21875000, -0.13125000, 0.00290805
0.35000000, -0.17500000, -0.17500000, 0.00307026
0.35000000, -0.13125000, -0.21875000, 0.00322252
0.35000000, -0.08750000, -0.26250000, 0.00333380
0.35000000, -0.04375000, -0.30625000, 0.00339592
0.40000000, 0.00000000, -0.40000000, 0.00296353
0.35000000, 0.05000000, -0.40000000, 0.00283505
0.30000000, 0.10000000, -0.40000000, 0.00292625
0.25000000, 0.15000000, -0.40000000, 0.00294535
0.20000000, 0.20000000, -0.40000000, 0.00290104
0.15000000, 0.25000000, -0.40000000, 0.00281769
0.10000000, 0.30000000, -0.40000000, 0.00270070
0.05000000, 0.35000000, -0.40000000, 0.00255976
0.00000000, 0.40000000, -0.40000000, 0.00254914
-0.05000000, 0.40000000, -0.35000000, 0.00210849
-0.10000000, 0.40000000, -0.30000000, 0.00156303
-0.15000000, 0.40000000, -0.25000000, 0.00083056
-0.20000000, 0.40000000, -0.20000000, 0.00000000
-0.25000000, 0.40000000, -0.15000000, -0.00083056
-0.30000000, 0.40000000, -0.10000000, -0.00156303
-0.35000000, 0.40000000, -0.05000000, -0.00210849
-0.40000000, 0.40000000, 0.00000000, -0.00254914
-0.40000000, 0.35000000, 0.05000000, -0.00255976
-0.40000000, 0.30000000, 0.10000000, -0.00270070
-0.40000000, 0.25000000, 0.15000000, -0.00281769
-0.40000000, 0.20000000, 0.20000000, -0.00290104
-0.40000000, 0.15000000, 0.25000000, -0.00294535
-0.40000000, 0.10000000, 0.30000000, -0.00292625
-0.40000000, 0.05000000, 0.35000000, -0.00283505
-0.40000000, 0.00000000, 0.40000000, -0.00296353
-0.35000000, -0.05000000, 0.40000000, -0.00283505
-0.30000000, -0.10000000, 0.40000000, -0.00292625
-0.25000000, -0.15000000, 0.40000000, -0.00294535
-0.20000000, -0.20000000, 0.40000000, -0.00290104
-0.15000000, -0.25000000, 0.40000000, -0.00281769
-0.10000000, -0.30000000, 0.40000000, -0.00270070
-0.05000000, -0.35000000, 0.40000000, -0.00255976
0.00000000, -0.40000000, 0.40000000, -0.00254914
0.05000000, -0.40000000, 0.35000000, -0.00210849
0.10000000, -0.40000000, 0.30000000, -0.00156303
0.15000000, -0.40000000, 0.25000000, -0.00083056
0.20000000, -0.40000000, 0.20000000, 0.00000000
0.25000000, -0.40000000, 0.15000000, 0.00083056
0.30000000, -0.40000000, 0.10000000, 0.00156303
0.35000000, -0.40000000, 0.05000000, 0.00210849
0.40000000, -0.40000000, 0.00000000, 0.00254914
0.40000000, -0.35000000, -0.05000000, 0.00255976
0.40000000, -0.30000000, -0.10000000, 0.00270070
0.40000000, -0.25000000, -0.15000000, 0.00281769
0.40000000, -0.20000000, -0.20000000, 0.00290104
0.40000000, -0.15000000, -0.25000000, 0.00294535
0.40000000, -0.10000000, -0.30000000, 0.00292625
0.40000000, -0.05000000, -0.35000000, 0.00283505
0.45000000, 0.00000000, -0.45000000, 0.00204530
0.39375000, 0.05625000, -0.45000000, 0.00206926
0.33750000, 0.11250000, -0.45000000, 0.00225975
0.28125000, 0.16875000, -0.45000000, 0.00237995
0.22500000, 0.22500000, -0.45000000, 0.00242847
0.16875000, 0.28125000, -0.45000000, 0.00241503
0.11250000, 0.33750000, -0.45000000, 0.00233912
0.05625000, 0.39375000, -0.45000000, 0.00220777
0.00000000, 0.45000000, -0.45000000, 0.00215026
-0.05625000, 0.45000000, -0.39375000, 0.00204067
-0.11250000, 0.45000000, -0.33750000, 0.00165558
-0.16875000, 0.45000000, -0.28125000, 0.00092544
-0.22500000, 0.45000000, -0.22500000, 0.00000000
-0.28125000, 0.45000000, -0.16875000, -0.00092544
-0.33750000, 0.45000000, -0.11250000, -0.00165558
-0.39375000, 0.45000000, -0.05625000, -0.00204067
-0.45000000, 0.45000000, 0.00000000, -0.00215026
-0.45000000, 0.39375000, 0.05625000, -0.00220777
-0.45000000, 0.33750000, 0.11250000, -0.00233912
-0.45000000, 0.28125000, 0.16875000, -0.00241503
-0.45000000, 0.22500000, 0.22500000, -0.00242847
-0.45000000, 0.16875000, 0.28125000, -0.00237995
-0.45000000, 0.11250000, 0.33750000, -0.00225975
-0.45000000, 0.05625000, 0.39375000, -0.00206926
-0.45000000, 0.00000000, 0.45000000, -0.00204530
-0.39375000, -0.05625000, 0.45000000, -0.00206926
-0.33750000, -0.11250000, 0.45000000, -0.00225975
-0.28125000, -0.16875000, 0.45000000, -0.00237995
-0.22500000, -0.22500000, 0.45000000, -0.00242847
-0.16875000, -0.28125000, 0.45000000, -0.00241503
-0.11250000, -0.33750000, 0.45000000, -0.00233912
-0.05625000, -0.39375000, 0.45000000, -0.00220777
0.00000000, -0.45000000, 0.45000000, -0.00215026
0.05625000, -0.45000000, 0.39375000, -0.00204067
0.11250000, -0.45000000, 0.33750000, -0.00165558
0.16875000, -0.45000000, 0.28125000, -0.00092544
0.22500000, -0.45000000, 0.22500000, 0.00000000
0.28125000, -0.45000000, 0.16875000, 0.00092544
0.33750000, -0.45000000, 0.11250000, 0.00165558
0.39375000, -0.45000000, 0.05625000, 0.00204067
0.45000000, -0.45000000, 0.00000000, 0.00215026
0.45000000, -0.39375000, -0.05625000, 0.00220777
0.45000000, -0.33750000, -0.11250000, 0.00233912
0.45000000, -0.28125000, -0.16875000, 0.00241503
0.45000000, -0.22500000, -0.22500000, 0.00242847
0.45000000, -0.16875000, -0.28125000, 0.00237995
0.45000000, -0.11250000, -0.33750000, 0.00225975
0.45000000, -0.05625000, -0.39375000, 0.00206926
0.50000000, 0.00000000, -0.50000000, 0.00122929
0.43750000, 0.06250000, -0.50000000, 0.00132039
0.37500000, 0.12500000, -0.50000000, 0.00153573
0.31250000, 0.18750000, -0.50000000, 0.00170388
0.25000000, 0.25000000, -0.50000000, 0.00180760
0.18750000, 0.31250000, -0.50000000, 0.00183831
0.12500000, 0.37500000, -0.50000000, 0.00178859
0.06250000, 0.43750000, -0.50000000, 0.00166529
0.00000000, 0.50000000, -0.50000000, 0.00157340
-0.06250000, 0.50000000, -0.43750000, 0.00176338
-0.12500000, 0.50000000, -0.37500000, 0.00158960
-0.18750000, 0.50000000, -0.31250000, 0.00094121
-0.25000000, 0.50000000, -0.25000000, 0.00000000
-0.31250000, 0.50000000, -0.18750000, -0.00094121
-0.37500000, 0.50000000, -0.12500000, -0.00158960
-0.43750000, 0.50000000, -0.06250000, -0.00176338
-0.50000000, 0.50000000, 0.00000000, -0.00157340
-0.50000000, 0.43750000, 0.06250000, -0.00166529
-0.50000000, 0.37500000, 0.12500000, -0.00178859
-0.50000000, 0.31250000, 0.18750000, -0.00183831
-0.50000000, 0.25000000, 0.25000000, -0.00180760
-0.50000000, 0.18750000, 0.31250000, -0.00170388
-0.50000000, 0.12500000, 0.37500000, -0.00153573
-0.50000000, 0.06250000, 0.43750000, -0.00132039
-0.50000000, 0.00000000, 0.50000000, -0.00122929
-0.43750000, -0.06250000, 0.50000000, -0.00132039
-0.37500000, -0.12500000, 0.50000000, -0.00153573
-0.31250000, -0.18750000, 0.50000000, -0.00170388
-0.25000000, -0.25000000, 0.50000000, -0.00180760
-0.18750000, -0.31250000, 0.50000000, -0.00183831
-0.12500000, -0.37500000, 0.50000000, -0.00178859
-0.06250000, -0.43750000, 0.50000000, -0.00166529
0.00000000, -0.50000000, 0.50000000, -0.00157340
0.06250000, -0.50000000, 0.43750000, -0.00176338
0.12500000, -0.50000000, 0.37500000, -0.00158960
0.18750000, -0.50000000, 0.31250000, -0.00094121
0.25000000, -0.50000000, 0.25000000, 0.00000000
0.31250000, -0.50000000, 0.18750000, 0.00094121
0.37500000, -0.50000000, 0.12500000, 0.00158960
0.43750000, -0.50000000, 0.06250000, 0.00176338
0.50000000, -0.50000000, 0.00000000, 0.00157340
0.50000000, -0.43750000, -0.06250000, 0.00166529
0.50000000, -0.37500000, -0.12500000, 0.00178859
0.50000000, -0.31250000, -0.18750000, 0.00183831
0.50000000, -0.25000000, -0.25000000, 0.00180760
0.50000000, -0.18750000, -0.31250000, 0.00170388
0.50000000, -0.12500000, -0.37500000, 0.00153573
0.50000000, -0.06250000, -0.43750000, 0.00132039
0.55000000, 0.00000000, -0.55000000, 0.00064014
0.48125000, 0.06875000, -0.55000000, 0.00073152
0.41250000, 0.13750000, -0.55000000, 0.00091340
0.34375000, 0.20625000, -0.55000000, 0.00107976
0.27500000, 0.27500000, -0.55000000, 0.00119879
0.20625000, 0.34375000, -0.55000000, 0.00124517
0.13750000, 0.41250000, -0.55000000, 0.00120642
0.06875000, 0.48125000, -0.55000000, 0.00109274
0.00000000, 0.55000000, -0.55000000, 0.00098872
-0.06875000, 0.55000000, -0.48125000, 0.00136221
-0.13750000, 0.55000000, -0.41250000, 0.00138998
-0.20625000, 0.55000000, -0.34375000, 0.00087874
-0.27500000, 0.55000000, -0.27500000, 0.00000000
-0.34375000, 0.55000000, -0.20625000, -0.00087874
-0.41250000, 0.55000000, -0.13750000, -0.00138998
-0.48125000, 0.55000000, -0.06875000, -0.00136221
-0.55000000, 0.55000000, 0.00000000, -0.00098872
-0.55000000, 0.48125000, 0.06875000, -0.00109274
-0.55000000, 0.41250000, 0.13750000, -0.00120642
-0.55000000, 0.34375000, 0.20625000, -0.00124517
-0.55000000, 0.27500000, 0.27500000, -0.00119879
-0.55000000, 0.20625000, 0.34375000, -0.00107976
-0.55000000, 0.13750000, 0.41250000, -0.00091340
-0.55000000, 0.06875000, 0.48125000, -0.00073152
-0.55000000, 0.00000000, 0.55000000, -0.00064014
-0.48125000, -0.06875000, 0.55000000, -0.00073152
-0.41250000, -0.13750000, 0.55000000, -0.00091340
-0.34375000, -0.20625000, 0.55000000, -0.00107976
-0.27500000, -0.27500000, 0.55000000, -0.00119879
-0.20625000, -0.34375000, 0.55000000, -0.00124517
-0.13750000, -0.41250000, 0.55000000, -0.00120642
-0.06875000, -0.48125000, 0.55000000, -0.00109274
0.00000000, -0.55000000, 0.55000000, -0.00098872
0.06875000, -0.55000000, 0.48125000, -0.00136221
0.13750000, -0.55000000, 0.41250000, -0.00138998
0.20625000, -0.55000000, 0.34375000, -0.00087874
0.27500000, -0.55000000, 0.27500000, 0.00000000
0.34375000, -0.55000000, 0.20625000, 0.00087874
0.41250000, -0.55000000, 0.13750000, 0.00138998
0.48125000, -0.55000000, 0.06875000, 0.00136221
0.55000000, -0.55000000, 0.00000000, 0.00098872
0.55000000, -0.48125000, -0.06875000, 0.00109274
0.55000000, -0.41250000, -0.13750000, 0.00120642
0.55000000, -0.34375000, -0.20625000, 0.00124517
0.55000000, -0.27500000, -0.27500000, 0.00119879
0.55000000, -0.20625000, -0.34375000, 0.00107976
0.55000000, -0.13750000, -0.41250000, 0.00091340
0.55000000, -0.06875000, -0.48125000, 0.00073152
0.60000000, 0.00000000, -0.60000000, 0.00028523
0.52500000, 0.07500000, -0.60000000, 0.00034525
0.45000000, 0.15000000, -0.60000000, 0.00046847
0.37500000, 0.22500000, -0.60000000, 0.00060369
0.30000000, 0.30000000, -0.60000000, 0.00071078
0.22500000, 0.37500000, -0.60000000, 0.00075283
0.15000000, 0.45000000, -0.60000000, 0.00071619
0.07500000, 0.52500000, -0.60000000, 0.00061695
0.00000000, 0.60000000, -0.60000000, 0.00052295
-0.07500000, 0.60000000, -0.52500000, 0.00093758
-0.15000000, 0.60000000, -0.45000000, 0.00110665
-0.22500000, 0.60000000, -0.37500000, 0.00075352
-0.30000000, 0.60000000, -0.30000000, 0.00000000
-0.37500000, 0.60000000, -0.22500000, -0.00075352
-0.45000000, 0.60000000, -0.15000000, -0.00110665
-0.52500000, 0.60000000, -0.07500000, -0.00093758
-0.60000000, 0.60000000, 0.00000000, -0.00052295
-0.60000000, 0.52500000, 0.07500000, -0.00061695
-0.60000000, 0.45000000, 0.15000000, -0.00071619
-0.60000000, 0.37500000, 0.22500000, -0.00075283
-0.60000000, 0.30000000, 0.30000000, -0.00071078
-0.60000000, 0.22500000, 0.37500000, -0.00060369
-0.60000000, 0.15000000, 0.45000000, -0.00046847
-0.60000000, 0.07500000, 0.52500000, -0.00034525
-0.60000000, 0.00000000, 0.60000000, -0.00028523
-0.52500000, -0.07500000, 0.60000000, -0.00034525
-0.45000000, -0.15000000, 0.60000000, -0.00046847
-0.37500000, -0.22500000, 0.60000000, -0.00060369
-0.30000000, -0.30000000, 0.60000000, -0.00071078
-0.22500000, -0.37500000, 0.60000000, -0.00075283
-0.15000000, -0.45000000, 0.60000000, -0.00071619
-0.07500000, -0.52500000, 0.60000000, -0.00061695
0.00000000, -0.60000000, 0.60000000, -0.00052295
0.07500000, -0.60000000, 0.52500000, -0.00093758
0.15000000, -0.60000000, 0.45000000, -0.00110665
0.22500000, -0.60000000, 0.37500000, -0.00075352
0.30000000, -0.60000000, 0.30000000, 0.00000000
0.37500000, -0.60000000, 0.22500000, 0.00075352
0.45000000, -0.60000000, 0.15000000, 0.00110665
0.52500000, -0.60000000, 0.07500000, 0.00093758
0.60000000, -0.60000000, 0.00000000, 0.00052295
0.60000000, -0.52500000, -0.07500000, 0.00061695
0.60000000, -0.45000000, -0.15000000, 0.00071619
0.60000000, -0.37500000, -0.22500000, 0.00075283
0.60000000, -0.30000000, -0.30000000, 0.00071078
0.60000000, -0.22500000, -0.37500000, 0.00060369
0.60000000, -0.15000000, -0.45000000, 0.00046847
0.60000000, -0.07500000, -0.52500000, 0.00034525
0.65000000, 0.00000000, -0.65000000, 0.00010588
0.56875000, 0.08125000, -0.65000000, 0.00013233
0.48750000, 0.16250000, -0.65000000, 0.00020045
0.40625000, 0.24375000, -0.65000000, 0.00029697
0.32500000, 0.32500000, -0.65000000, 0.00038087
0.24375000, 0.40625000, -0.65000000, 0.00041055
0.16250000, 0.48750000, -0.65000000, 0.00037489
0.08125000, 0.56875000, -0.65000000, 0.00029551
0.00000000, 0.65000000, -0.65000000, 0.00022537
-0.08125000, 0.65000000, -0.56875000, 0.00057054
-0.16250000, 0.65000000, -0.48750000, 0.00079835
-0.24375000, 0.65000000, -0.40625000, 0.00059107
-0.32500000, 0.65000000, -0.32500000, 0.00000000
-0.40625000, 0.65000000, -0.24375000, -0.00059107
-0.48750000, 0.65000000, -0.16250000, -0.00079835
-0.56875000, 0.65000000, -0.08125000, -0.00057054
-0.65000000, 0.65000000, 0.00000000, -0.00022537
-0.65000000, 0.56875000, 0.08125000, -0.00029551
-0.65000000, 0.48750000, 0.16250000, -0.00037489
-0.65000000, 0.40625000, 0.24375000, -0.00041055
-0.65000000, 0.32500000, 0.32500000, -0.00038087
-0.65000000, 0.24375000, 0.40625000, -0.00029697
-0.65000000, 0.16250000, 0.48750000, -0.00020045
-0.65000000, 0.08125000, 0.56875000, -0.00013233
-0.65000000, 0.00000000, 0.65000000, -0.00010588
-0.56875000, -0.08125000, 0.65000000, -0.00013233
-0.48750000, -0.16250000, 0.65000000, -0.00020045
-0.40625000, -0.24375000, 0.65000000, -0.00029697
-0.32500000, -0.32500000, 0.65000000, -0.00038087
-0.24375000, -0.40625000, 0.65000000, -0.00041055
-0.16250000, -0.48750000, 0.65000000, -0.00037489
-0.08125000, -0.56875000, 0.65000000, -0.00029551
0.00000000, -0.65000000, 0.65000000, -0.00022537
0.08125000, -0.65000000, 0.56875000, -0.00057054
0.16250000, -0.65000000, 0.48750000, -0.00079835
0.24375000, -0.65000000, 0.40625000, -0.00059107
0.32500000, -0.65000000, 0.32500000, 0.00000000
0.40625000, -0.65000000, 0.24375000, 0.00059107
0.48750000, -0.65000000, 0.16250000, 0.00079835
0.56875000, -0.65000000, 0.08125000, 0.00057054
0.65000000, -0.65000000, 0.00000000, 0.00022537
0.65000000, -0.56875000, -0.08125000, 0.00029551
0.65000000, -0.48750000, -0.16250000, 0.00037489
0.65000000, -0.40625000, -0.24375000, 0.00041055
0.65000000, -0.32500000, -0.32500000, 0.00038087
0.65000000, -0.24375000, -0.40625000, 0.00029697
0.65000000, -0.16250000, -0.48750000, 0.00020045
0.65000000, -0.08125000, -0.56875000, 0.00013233
0.70000000, 0.00000000, -0.70000000, 0.00003060
0.61250000, 0.08750000, -0.70000000, 0.00003529
0.52500000, 0.17500000, -0.70000000, 0.00006550
0.43750000, 0.26250000, -0.70000000, 0.00012873
0.35000000, 0.35000000, -0.70000000, 0.00018927
0.26250000, 0.43750000, -0.70000000, 0.00020738
0.17500000, 0.52500000, -0.70000000, 0.00017613
0.08750000, 0.61250000, -0.70000000, 0.00011938
0.00000000, 0.70000000, -0.70000000, 0.00007584
-0.08750000, 0.70000000, -0.61250000, 0.00030330
-0.17500000, 0.70000000, -0.52500000, 0.00051656
-0.26250000, 0.70000000, -0.43750000, 0.00042021
-0.35000000, 0.70000000, -0.35000000, 0.00000000
-0.43750000, 0.70000000, -0.26250000, -0.00042021
-0.52500000, 0.70000000, -0.17500000, -0.00051656
-0.61250000, 0.70000000, -0.08750000, -0.00030330
-0.70000000, 0.70000000, 0.00000000, -0.00007584
-0.70000000, 0.61250000, 0.08750000, -0.00011938
-0.70000000, 0.52500000, 0.17500000, -0.00017613
-0.70000000, 0.43750000, 0.26250000, -0.00020738
-0.70000000, 0.35000000, 0.35000000, -0.00018927
-0.70000000, 0.26250000, 0.43750000, -0.00012873
-0.70000000, 0.17500000, 0.52500000, -0.00006550
-0.70000000, 0.08750000, 0.61250000, -0.00003529
-0.70000000, 0.00000000, 0.70000000, -0.00003060
-0.61250000, -0.08750000, 0.70000000, -0.00003529
-0.52500000, -0.17500000, 0.70000000, -0.00006550
-0.43750000, -0.26250000, 0.70000000, -0.00012873
-0.35000000, -0.35000000, 0.70000000, -0.00018927
-0.26250000, -0.43750000, 0.70000000, -0.00020738
-0.17500000, -0.52500000, 0.70000000, -0.00017613
-0.08750000, -0.61250000, 0.70000000, -0.00011938
0.00000000, -0.70000000, 0.70000000, -0.00007584
0.08750000, -0.70000000, 0.61250000, -0.00030330
0.17500000, -0.70000000, 0.52500000, -0.00051656
0.26250000, -0.70000000, 0.43750000, -0.00042021
0.35000000, -0.70000000, 0.35000000, 0.00000000
0.43750000, -0.70000000, 0.26250000, 0.00042021
0.52500000, -0.70000000, 0.17500000, 0.00051656
0.61250000, -0.70000000, 0.08750000, 0.00030330
0.70000000, -0.70000000, 0.00000000, 0.00007584
0.70000000, -0.61250000, -0.08750000, 0.00011938
0.70000000, -0.52500000, -0.17500000, 0.00017613
0.70000000, -0.43750000, -0.26250000, 0.00020738
0.70000000, -0.35000000, -0.35000000, 0.00018927
0.70000000, -0.26250000, -0.43750000, 0.00012873
0.70000000, -0.17500000, -0.52500000, 0.00006550
0.70000000, -0.08750000, -0.61250000, 0.00003529
0.75000000, 0.00000000, -0.75000000, 0.00000552
0.65625000, 0.09375000, -0.75000000, 0.00000107
0.56250000, 0.18750000, -0.75000000, 0.00001055
0.46875000, 0.28125000, -0.75000000, 0.00004907
0.37500000, 0.37500000, -0.75000000, 0.00009019
0.28125000, 0.46875000, -0.75000000, 0.00010079
0.18750000, 0.56250000, -0.75000000, 0.00007758
0.09375000, 0.65625000, -0.75000000, 0.00004204
0.00000000, 0.75000000, -0.75000000, 0.00001941
-0.09375000, 0.75000000, -0.65625000, 0.00013870
-0.18750000, 0.75000000, -0.56250000, 0.00029457
-0.28125000, 0.75000000, -0.46875000, 0.00026624
-0.37500000, 0.75000000, -0.37500000, 0.00000000
-0.46875000, 0.75000000, -0.28125000, -0.00026624
-0.56250000, 0.75000000, -0.18750000, -0.00029457
-0.65625000, 0.75000000, -0.09375000, -0.00013870
-0.75000000, 0.75000000, 0.00000000, -0.00001941
-0.75000000, 0.65625000, 0.09375000, -0.00004204
-0.75000000, 0.56250000, 0.18750000, -0.00007758
-0.75000000, 0.46875000, 0.28125000, -0.00010079
-0.75000000, 0.37500000, 0.37500000, -0.00009019
-0.75000000, 0.28125000, 0.46875000, -0.00004907
-0.75000000, 0.18750000, 0.56250000, -0.00001055
-0.75000000, 0.09375000, 0.65625000, -0.00000107
-0.75000000, 0.00000000, 0.75000000, -0.00000552
-0.65625000, -0.09375000, 0.75000000, -0.00000107
-0.56250000, -0.18750000, 0.75000000, -0.00001055
-0.46875000, -0.28125000, 0.75000000, -0.00004907
-0.37500000, -0.37500000, 0.75000000, -0.00009019
-0.28125000, -0.46875000, 0.75000000, -0.00010079
-0.18750000, -0.56250000, 0.75000000, -0.00007758
-0.09375000, -0.65625000, 0.75000000, -0.00004204
0.00000000, -0.75000000, 0.75000000, -0.00001941
0.09375000, -0.75000000, 0.65625000, -0.00013870
0.18750000, -0.75000000, 0.56250000, -0.00029457
0.28125000, -0.75000000, 0.46875000, -0.00026624
0.37500000, -0.75000000, 0.37500000, 0.00000000
0.46875000, -0.75000000, 0.28125000, 0.00026624
0.56250000, -0.75000000, 0.18750000, 0.00029457
0.65625000, -0.75000000, 0.09375000, 0.00013870
0.75000000, -0.75000000, 0.00000000, 0.00001941
0.75000000, -0.65625000, -0.09375000, 0.00004204
0.75000000, -0.56250000, -0.18750000, 0.00007758
0.75000000, -0.46875000, -0.28125000, 0.00010079
0.75000000, -0.37500000, -0.37500000, 0.00009019
0.75000000, -0.28125000, -0.46875000, 0.00004907
0.75000000, -0.18750000, -0.56250000, 0.00001055
0.75000000, -0.09375000, -0.65625000, 0.00000107
0.80000000, 0.00000000, -0.80000000, 0.00000026
0.70000000, 0.10000000, -0.80000000, -0.00000568
0.60000000, 0.20000000, -0.80000000, -0.00000556
0.50000000, 0.30000000, -0.80000000, 0.00001528
0.40000000, 0.40000000, -0.80000000, 0.00004082
0.30000000, 0.50000000, -0.80000000, 0.00004716
0.20000000, 0.60000000, -0.80000000, 0.00003304
0.10000000, 0.70000000, -0.80000000, 0.00001390
0.00000000, 0.80000000, -0.80000000, 0.00000370
-0.10000000, 0.80000000, -0.70000000, 0.00005363
-0.20000000, 0.80000000, -0.60000000, 0.00014378
-0.30000000, 0.80000000, -0.50000000, 0.00014592
-0.40000000, 0.80000000, -0.40000000, 0.00000000
-0.50000000, 0.80000000, -0.30000000, -0.00014592
-0.60000000, 0.80000000, -0.20000000, -0.00014378
-0.70000000, 0.80000000, -0.10000000, -0.00005363
-0.80000000, 0.80000000, 0.00000000, -0.00000370
-0.80000000, 0.70000000, 0.10000000, -0.00001390
-0.80000000, 0.60000000, 0.20000000, -0.00003304
-0.80000000, 0.50000000, 0.30000000, -0.00004716
-0.80000000, 0.40000000, 0.40000000, -0.00004082
-0.80000000, 0.30000000, 0.50000000, -0.00001528
-0.80000000, 0.20000000, 0.60000000, 0.00000556
-0.80000000, 0.10000000, 0.70000000, 0.00000568
-0.80000000, 0.00000000, 0.80000000, -0.00000026
-0.70000000, -0.10000000, 0.80000000, 0.00000568
-0.60000000, -0.20000000, 0.80000000, 0.00000556
-0.50000000, -0.30000000, 0.80000000, -0.00001528
-0.40000000, -0.40000000, 0.80000000, -0.00004082
-0.30000000, -0.50000000, 0.80000000, -0.00004716
-0.20000000, -0.60000000, 0.80000000, -0.00003304
-0.10000000, -0.70000000, 0.80000000, -0.00001390
0.00000000, -0.80000000, 0.80000000, -0.00000370
0.10000000, -0.80000000, 0.70000000, -0.00005363
0.20000000, -0.80000000, 0.60000000, -0.00014378
0.30000000, -0.80000000, 0.50000000, -0.00014592
0.40000000, -0.80000000, 0.40000000, 0.00000000
0.50000000, -0.80000000, 0.30000000, 0.00014592
0.60000000, -0.80000000, 0.20000000, 0.00014378
0.70000000, -0.80000000, 0.10000000, 0.00005363
0.80000000, -0.80000000, 0.00000000, 0.00000370
0.80000000, -0.70000000, -0.10000000, 0.00001390
0.80000000, -0.60000000, -0.20000000, 0.00003304
0.80000000, -0.50000000, -0.30000000, 0.00004716
0.80000000, -0.40000000, -0.40000000, 0.00004082
0.80000000, -0.30000000, -0.50000000, 0.00001528
0.80000000, -0.20000000, -0.60000000, -0.00000556
0.80000000, -0.10000000, -0.70000000, -0.00000568
0.85000000, 0.00000000, -0.85000000, 0.00000049
0.74375000, 0.10625000, -0.85000000, -0.00000372
0.63750000, 0.21250000, -0.85000000, -0.00000644
0.53125000, 0.31875000, -0.85000000, 0.00000245
0.42500000, 0.42500000, -0.85000000, 0.00001575
0.31875000, 0.53125000, -0.85000000, 0.00001929
0.21250000, 0.63750000, -0.85000000, 0.00001252
0.10625000, 0.74375000, -0.85000000, 0.00000397
0.00000000, 0.85000000, -0.85000000, -0.00000031
-0.10625000, 0.85000000, -0.74375000, 0.00001711
-0.21250000, 0.85000000, -0.63750000, 0.00005692
-0.31875000, 0.85000000, -0.53125000, 0.00006537
-0.42500000, 0.85000000, -0.42500000, 0.00000000
-0.53125000, 0.85000000, -0.31875000, -0.00006537
-0.63750000, 0.85000000, -0.21250000, -0.00005692
-0.74375000, 0.85000000, -0.10625000, -0.00001711
-0.85000000, 0.85000000, 0.00000000, 0.00000031
-0.85000000, 0.74375000, 0.10625000, -0.00000397
-0.85000000, 0.63750000, 0.21250000, -0.00001252
-0.85000000, 0.53125000, 0.31875000, -0.00001929
-0.85000000, 0.42500000, 0.42500000, -0.00001575
-0.85000000, 0.31875000, 0.53125000, -0.00000245
-0.85000000, 0.21250000, 0.63750000, 0.00000644
-0.85000000, 0.10625000, 0.74375000, 0.00000372
-0.85000000, 0.00000000, 0.85000000, -0.00000049
-0.74375000, -0.10625000, 0.85000000, 0.00000372
-0.63750000, -0.21250000, 0.85000000, 0.00000644
-0.53125000, -0.31875000, 0.85000000, -0.00000245
-0.42500000, -0.42500000, 0.85000000, -0.00001575
-0.31875000, -0.53125000, 0.85000000, -0.00001929
-0.21250000, -0.63750000, 0.85000000, -0.00001252
-0.10625000, -0.74375000, 0.85000000, -0.00000397
0.00000000, -0.85000000, 0.85000000, 0.00000031
0.10625000, -0.85000000, 0.74375000, -0.00001711
0.21250000, -0.85000000, 0.63750000, -0.00005692
0.31875000, -0.85000000, 0.53125000, -0.00006537
0.42500000, -0.85000000, 0.42500000, 0.00000000
0.53125000, -0.85000000, 0.31875000, 0.00006537
0.63750000, -0.85000000, 0.21250000, 0.00005692
0.74375000, -0.85000000, 0.10625000, 0.00001711
0.85000000, -0.85000000, 0.00000000, -0.00000031
0.85000000, -0.74375000, -0.10625000, 0.00000397
0.85000000, -0.63750000, -0.21250000, 0.00001252
0.85000000, -0.53125000, -0.31875000, 0.00001929
0.85000000, -0.42500000, -0.42500000, 0.00001575
0.85000000, -0.31875000, -0.53125000, 0.00000245
0.85000000, -0.21250000, -0.63750000, -0.00000644
0.85000000, -0.10625000, -0.74375000, -0.00000372
0.90000000, 0.00000000, -0.90000000, 0.00000026
0.78750000, 0.11250000, -0.90000000, -0.00000132
0.67500000, 0.22500000, -0.90000000, -0.00000299
0.56250000, 0.33750000, -0.90000000, -0.00000035
0.45000000, 0.45000000, -0.90000000, 0.00000462
0.33750000, 0.56250000, -0.90000000, 0.00000606
0.22500000, 0.67500000, -0.90000000, 0.00000374
0.11250000, 0.78750000, -0.90000000, 0.00000096
0.00000000, 0.90000000, -0.90000000, -0.00000044
-0.11250000, 0.90000000, -0.78750000, 0.00000413
-0.22500000, 0.90000000, -0.67500000, 0.00001614
-0.33750000, 0.90000000, -0.56250000, 0.00002110
-0.45000000, 0.90000000, -0.45000000, 0.00000000
-0.56250000, 0.90000000, -0.33750000, -0.00002110
-0.67500000, 0.90000000, -0.22500000, -0.00001614
-0.78750000, 0.90000000, -0.11250000, -0.00000413
-0.90000000, 0.90000000, 0.00000000, 0.00000044
-0.90000000, 0.78750000, 0.11250000, -0.00000096
-0.90000000, 0.67500000, 0.22500000, -0.00000374
-0.90000000, 0.56250000, 0.33750000, -0.00000606
-0.90000000, 0.45000000, 0.45000000, -0.00000462
-0.90000000, 0.33750000, 0.56250000, 0.00000035
-0.90000000, 0.22500000, 0.67500000, 0.00000299
-0.90000000, 0.11250000, 0.78750000, 0.00000132
-0.90000000, 0.00000000, 0.90000000, -0.00000026
-0.78750000, -0.11250000, 0.90000000, 0.00000132
-0.67500000, -0.22500000, 0.90000000, 0.00000299
-0.56250000, -0.33750000, 0.90000000, 0.00000035
-0.45000000, -0.45000000, 0.90000000, -0.00000462
-0.33750000, -0.56250000, 0.90000000, -0.00000606
-0.22500000, -0.67500000, 0.90000000, -0.00000374
-0.11250000, -0.78750000, 0.90000000, -0.00000096
0.00000000, -0.90000000, 0.90000000, 0.00000044
0.11250000, -0.90000000, 0.78750000, -0.00000413
0.22500000, -0.90000000, 0.67500000, -0.00001614
0.33750000, -0.90000000, 0.56250000, -0.00002110
0.45000000, -0.90000000, 0.45000000, 0.00000000
0.56250000, -0.90000000, 0.33750000, 0.00002110
0.67500000, -0.90000000, 0.22500000, 0.00001614
0.78750000, -0.90000000, 0.11250000, 0.00000413
0.90000000, -0.90000000, 0.00000000, -0.00000044
0.90000000, -0.78750000, -0.11250000, 0.00000096
0.90000000, -0.67500000, -0.22500000, 0.00000374
0.90000000, -0.56250000, -0.33750000, 0.00000606
0.90000000, -0.45000000, -0.45000000, 0.00000462
0.90000000, -0.33750000, -0.56250000, -0.00000035
0.90000000, -0.22500000, -0.67500000, -0.00000299
0.90000000, -0.11250000, -0.78750000, -0.00000132
0.95000000, 0.00000000, -0.95000000, -0.00000041
0.83125000, 0.11875000, -0.95000000, -0.00000039
0.71250000, 0.23750000, -0.95000000, -0.00000038
0.59375000, 0.35625000, -0.95000000, 0.00000022
0.47500000, 0.47500000, -0.95000000, 0.00000116
0.35625000, 0.59375000, -0.95000000, 0.00000143
0.23750000, 0.71250000, -0.95000000, 0.00000106
0.11875000, 0.83125000, -0.95000000, 0.00000069
0.00000000, 0.95000000, -0.95000000, 0.00000062
-0.11875000, 0.95000000, -0.83125000, 0.00000051
-0.23750000, 0.95000000, -0.71250000, 0.00000214
-0.35625000, 0.95000000, -0.59375000, 0.00000329
-0.47500000, 0.95000000, -0.47500000, 0.00000000
-0.59375000, 0.95000000, -0.35625000, -0.00000329
-0.71250000, 0.95000000, -0.23750000, -0.00000214
-0.83125000, 0.95000000, -0.11875000, -0.00000051
-0.95000000, 0.95000000, 0.00000000, -0.00000062
-0.95000000, 0.83125000, 0.11875000, -0.00000069
-0.95000000, 0.71250000, 0.23750000, -0.00000106
-0.95000000, 0.59375000, 0.35625000, -0.00000143
-0.95000000, 0.47500000, 0.47500000, -0.00000116
-0.95000000, 0.35625000, 0.59375000, -0.00000022
-0.95000000, 0.23750000, 0.71250000, 0.00000038
-0.95000000, 0.11875000, 0.83125000, 0.00000039
-0.95000000, 0.00000000, 0.95000000, 0.00000041
-0.83125000, -0.11875000, 0.95000000, 0.00000039
-0.71250000, -0.23750000, 0.95000000, 0.00000038
-0.59375000, -0.35625000, 0.95000000, -0.00000022
-0.47500000, -0.47500000, 0.95000000, -0.00000116
-0.35625000, -0.59375000, 0.95000000, -0.00000143
-0.23750000, -0.71250000, 0.95000000, -0.00000106
-0.11875000, -0.83125000, 0.95000000, -0.00000069
0.00000000, -0.95000000, 0.95000000, -0.00000062
0.11875000, -0.95000000, 0.83125000, -0.00000051
0.23750000, -0.95000000, 0.71250000, -0.00000214
0.35625000, -0.95000000, 0.59375000, -0.00000329
0.47500000, -0.95000000, 0.47500000, 0.00000000
0.59375000, -0.95000000, 0.35625000, 0.00000329
0.71250000, -0.95000000, 0.23750000, 0.00000214
0.83125000, -0.95000000, 0.11875000, 0.00000051
0.95000000, -0.95000000, 0.00000000, 0.00000062
0.95000000, -0.83125000, -0.11875000, 0.00000069
0.95000000, -0.71250000, -0.23750000, 0.00000106
0.95000000, -0.59375000, -0.35625000, 0.00000143
0.95000000, -0.47500000, -0.47500000, 0.00000116
0.95000000, -0.35625000, -0.59375000, 0.00000022
0.95000000, -0.23750000, -0.71250000, -0.00000038
0.95000000, -0.11875000, -0.83125000, -0.00000039
1.00000000, 0.00000000, -1.00000000, 0.00000000
0.87500000, 0.12500000, -1.00000000, 0.00000000
0.75000000, 0.25000000, -1.00000000, 0.00000000
0.62500000, 0.37500000, -1.00000000, 0.00000000
0.50000000, 0.50000000, -1.00000000, 0.00000000
0.37500000, 0.62500000, -1.00000000, 0.00000000
0.25000000, 0.75000000, -1.00000000, 0.00000000
0.12500000, 0.87500000, -1.00000000, 0.00000000
0.00000000, 1.00000000, -1.00000000, 0.00000000
-0.12500000, 1.00000000, -0.87500000, 0.00000000
-0.25000000, 1.00000000, -0.75000000, 0.00000000
-0.37500000, 1.00000000, -0.62500000, 0.00000000
-0.50000000, 1.00000000, -0.50000000, 0.00000000
-0.62500000, 1.00000000, -0.37500000, 0.00000000
-0.75000000, 1.00000000, -0.25000000, 0.00000000
-0.87500000, 1.00000000, -0.12500000, 0.00000000
-1.00000000, 1.00000000, 0.00000000, 0.00000000
-1.00000000, 0.87500000, 0.12500000, 0.00000000
-1.00000000, 0.75000000, 0.25000000, 0.00000000
-1.00000000, 0.62500000, 0.37500000, 0.00000000
-1.00000000, 0.50000000, 0.50000000, 0.00000000
-1.00000000, 0.37500000, 0.62500000, 0.00000000
-1.00000000, 0.25000000, 0.75000000, 0.00000000
-1.00000000, 0.12500000, 0.87500000, 0.00000000
-1.00000000, 0.00000000, 1.00000000, 0.00000000
-0.87500000, -0.12500000, 1.00000000, 0.00000000
-0.75000000, -0.25000000, 1.00000000, 0.00000000
-0.62500000, -0.37500000, 1.00000000, 0.00000000
-0.50000000, -0.50000000, 1.00000000, 0.00000000
-0.37500000, -0.62500000, 1.00000000, 0.00000000
-0.25000000, -0.75000000, 1.00000000, 0.00000000
-0.12500000, -0.87500000, 1.00000000, 0.00000000
0.00000000, -1.00000000, 1.00000000, 0.00000000
0.12500000, -1.00000000, 0.87500000, 0.00000000
0.25000000, -1.00000000, 0.75000000, 0.00000000
0.37500000, -1.00000000, 0.62500000, 0.00000000
0.50000000, -1.00000000, 0.50000000, 0.00000000
0.62500000, -1.00000000, 0.37500000, 0.00000000
0.75000000, -1.00000000, 0.25000000, 0.00000000
0.87500000, -1.00000000, 0.12500000, 0.00000000
1.00000000, -1.00000000, 0.00000000, 0.00000000
1.00000000, -0.87500000, -0.12500000, 0.00000000
1.00000000, -0.75000000, -0.25000000, 0.00000000
1.00000000, -0.62500000, -0.37500000, 0.00000000
1.00000000, -0.50000000, -0.50000000, 0.00000000
1.00000000, -0.37500000, -0.62500000, 0.00000000
1.00000000, -0.25000000, -0.75000000, 0.00000000
1.00000000, -0.12500000, -0.87500000, 0.00000000
