0.01000000, 0.00000000, -0.01000000, -0.15961948
0.00000000, 0.01000000, -0.01000000, -0.49501455
-0.00125000, 0.01000000, -0.00875000, -0.55735207
-0.00250000, 0.01000000, -0.00750000, -0.41189790
-0.00375000, 0.01000000, -0.00625000, -0.18009658
-0.00500000, 0.01000000, -0.00500000, 0.07280057
-0.00625000, 0.01000000, -0.00375000, 0.33686391
-0.00750000, 0.01000000, -0.00250000, 0.53823048
-0.00875000, 0.01000000, -0.00125000, 0.67330801
-0.01000000, 0.01000000, 0.00000000, 0.54951227
-0.01000000, 0.00875000, 0.00125000, 0.37697366
-0.01000000, 0.00750000, 0.00250000, 0.30580452
-0.01000000, 0.00625000, 0.00375000, 0.26266947
-0.01000000, 0.00500000, 0.00500000, 0.22898450
-0.01000000, 0.00375000, 0.00625000, 0.20745239
-0.01000000, 0.00250000, 0.00750000, 0.18461446
-0.01000000, 0.00125000, 0.00875000, 0.17241217
-0.01000000, 0.00000000, 0.01000000, 0.15961948
0.00000000, -0.01000000, 0.01000000, 0.49501455
0.00125000, -0.01000000, 0.00875000, 0.55735207
0.00250000, -0.01000000, 0.00750000, 0.41189790
0.00375000, -0.01000000, 0.00625000, 0.18009658
0.00500000, -0.01000000, 0.00500000, -0.07280057
0.00625000, -0.01000000, 0.00375000, -0.33686391
0.00750000, -0.01000000, 0.00250000, -0.53823048
0.00875000, -0.01000000, 0.00125000, -0.67330801
0.01000000, -0.01000000, 0.00000000, -0.54951227
0.01000000, -0.00875000, -0.00125000, -0.37697366
0.01000000, -0.00750000, -0.00250000, -0.30580452
0.01000000, -0.00625000, -0.00375000, -0.26266947
0.01000000, -0.00500000, -0.00500000, -0.22898450
0.01000000, -0.00375000, -0.00625000, -0.20745239
0.01000000, -0.00250000, -0.00750000, -0.18461446
0.01000000, -0.00125000, -0.00875000, -0.17241217
0.02000000, 0.00000000, -0.02000000, -0.06730053
0.01750000, 0.00250000, -0.02000000, -0.07667046
0.01500000, 0.00500000, -0.02000000, -0.08617193
0.01250000, 0.00750000, -0.02000000, -0.09725680
0.01000000, 0.01000000, -0.02000000, -0.10782789
0.00750000, 0.01250000, -0.02000000, -0.12015426
0.00500000, 0.01500000, -0.02000000, -0.13385931
0.00250000, 0.01750000, -0.02000000, -0.15228665
0.00000000, 0.02000000, -0.02000000, -0.19747558
-0.00250000, 0.02000000, -0.01750000, -0.22130658
-0.00500000, 0.02000000, -0.01500000, -0.15875173
-0.00750000, 0.02000000, -0.01250000, -0.06091108
-0.01000000, 0.02000000, -0.01000000, 0.04436924
-0.01250000, 0.02000000, -0.00750000, 0.15152316
-0.01500000, 0.02000000, -0.00500000, 0.24059001
-0.01750000, 0.02000000, -0.00250000, 0.29152629
-0.02000000, 0.02000000, 0.00000000, 0.23869209
-0.02000000, 0.01750000, 0.00250000, 0.16390276
-0.02000000, 0.01500000, 0.00500000, 0.13263020
-0.02000000, 0.01250000, 0.00750000, 0.11353508
-0.02000000, 0.01000000, 0.01000000, 0.09825666
-0.02000000, 0.00750000, 0.01250000, 0.08772331
-0.02000000, 0.00500000, 0.01500000, 0.07929610
-0.02000000, 0.00250000, 0.01750000, 0.07272333
-0.02000000, 0.00000000, 0.02000000, 0.06730053
-0.01750000, -0.00250000, 0.02000000, 0.07667046
-0.01500000, -0.00500000, 0.02000000, 0.08617193
-0.01250000, -0.00750000, 0.02000000, 0.09725680
-0.01000000, -0.01000000, 0.02000000, 0.10782789
-0.00750000, -0.01250000, 0.02000000, 0.12015426
-0.00500000, -0.01500000, 0.02000000, 0.13385931
-0.00250000, -0.01750000, 0.02000000, 0.15228665
0.00000000, -0.02000000, 0.02000000, 0.19747558
0.00250000, -0.02000000, 0.01750000, 0.22130658
0.00500000, -0.02000000, 0.01500000, 0.15875173
0.00750000, -0.02000000, 0.01250000, 0.06091108
0.01000000, -0.02000000, 0.01000000, -0.04436924
0.01250000, -0.02000000, 0.00750000, -0.15152316
0.01500000, -0.02000000, 0.00500000, -0.24059001
0.01750000, -0.02000000, 0.00250000, -0.29152629
0.02000000, -0.02000000, 0.00000000, -0.23869209
0.02000000, -0.01750000, -0.00250000, -0.16390276
0.02000000, -0.01500000, -0.00500000, -0.13263020
0.02000000, -0.01250000, -0.00750000, -0.11353508
0.02000000, -0.01000000, -0.01000000, -0.09825666
0.02000000, -0.00750000, -0.01250000, -0.08772331
0.02000000, -0.00500000, -0.01500000, -0.07929610
0.02000000, -0.00250000, -0.01750000, -0.07272333
0.03000000, 0.00000000, -0.03000000, -0.04083999
0.02625000, 0.00375000, -0.03000000, -0.04639018
0.02250000, 0.00750000, -0.03000000, -0.05193179
0.01875000, 0.01125000, -0.03000000, -0.05829751
0.01500000, 0.01500000, -0.03000000, -0.06472109
0.01125000, 0.01875000, -0.03000000, -0.07150287
0.00750000, 0.02250000, -0.03000000, -0.07920559
0.00375000, 0.02625000, -0.03000000, -0.08967686
0.00000000, 0.03000000, -0.03000000, -0.11611786
-0.00375000, 0.03000000, -0.02625000, -0.12874715
-0.00750000, 0.03000000, -0.02250000, -0.08952466
-0.01125000, 0.03000000, -0.01875000, -0.02969313
-0.01500000, 0.03000000, -0.01500000, 0.03658370
-0.01875000, 0.03000000, -0.01125000, 0.10106890
-0.02250000, 0.03000000, -0.00750000, 0.15503213
-0.02625000, 0.03000000, -0.00375000, 0.18531986
-0.03000000, 0.03000000, 0.00000000, 0.15160774
-0.03000000, 0.02625000, 0.00375000, 0.10386329
-0.03000000, 0.02250000, 0.00750000, 0.08347591
-0.03000000, 0.01875000, 0.01125000, 0.07077091
-0.03000000, 0.01500000, 0.01500000, 0.06129808
-0.03000000, 0.01125000, 0.01875000, 0.05407313
-0.03000000, 0.00750000, 0.02250000, 0.04846272
-0.03000000, 0.00375000, 0.02625000, 0.04416879
-0.03000000, 0.00000000, 0.03000000, 0.04083999
-0.02625000, -0.00375000, 0.03000000, 0.04639018
-0.02250000, -0.00750000, 0.03000000, 0.05193179
-0.01875000, -0.01125000, 0.03000000, 0.05829751
-0.01500000, -0.01500000, 0.03000000, 0.06472109
-0.01125000, -0.01875000, 0.03000000, 0.07150287
-0.00750000, -0.02250000, 0.03000000, 0.07920559
-0.00375000, -0.02625000, 0.03000000, 0.08967686
0.00000000, -0.03000000, 0.03000000, 0.11611786
0.00375000, -0.03000000, 0.02625000, 0.12874715
0.00750000, -0.03000000, 0.02250000, 0.08952466
0.01125000, -0.03000000, 0.01875000, 0.02969313
0.01500000, -0.03000000, 0.01500000, -0.03658370
0.01875000, -0.03000000, 0.01125000, -0.10106890
0.02250000, -0.03000000, 0.00750000, -0.15503213
0.02625000, -0.03000000, 0.00375000, -0.18531986
0.03000000, -0.03000000, 0.00000000, -0.15160774
0.03000000, -0.02625000, -0.00375000, -0.10386329
0.03000000, -0.02250000, -0.00750000, -0.08347591
0.03000000, -0.01875000, -0.01125000, -0.07077091
0.03000000, -0.01500000, -0.01500000, -0.06129808
0.03000000, -0.01125000, -0.01875000, -0.05407313
0.03000000, -0.00750000, -0.02250000, -0.04846272
0.03000000, -0.00375000, -0.02625000, -0.04416879
0.04000000, 0.00000000, -0.04000000, -0.02871551
0.03500000, 0.00500000, -0.04000000, -0.03259446
0.03000000, 0.01000000, -0.04000000, -0.03660007
0.02500000, 0.01500000, -0.04000000, -0.04090358
0.02000000, 0.02000000, -0.04000000, -0.04534790
0.01500000, 0.02500000, -0.04000000, -0.05007119
0.01000000, 0.03000000, -0.04000000, -0.05532700
0.00500000, 0.03500000, -0.04000000, -0.06252435
0.00000000, 0.04000000, -0.04000000, -0.08086779
-0.00500000, 0.04000000, -0.03500000, -0.08848213
-0.01000000, 0.04000000, -0.03000000, -0.05897577
-0.01500000, 0.04000000, -0.02500000, -0.01597997
-0.02000000, 0.04000000, -0.02000000, 0.03190675
-0.02500000, 0.04000000, -0.01500000, 0.07840287
-0.03000000, 0.04000000, -0.01000000, 0.11693551
-0.03500000, 0.04000000, -0.00500000, 0.13815814
-0.04000000, 0.04000000, 0.00000000, 0.11257932
-0.04000000, 0.03500000, 0.00500000, 0.07666074
-0.04000000, 0.03000000, 0.01000000, 0.06127383
-0.04000000, 0.02500000, 0.01500000, 0.05135271
-0.04000000, 0.02000000, 0.02000000, 0.04410733
-0.04000000, 0.01500000, 0.02500000, 0.03864424
-0.04000000, 0.01000000, 0.03000000, 0.03440152
-0.04000000, 0.00500000, 0.03500000, 0.03116708
-0.04000000, 0.00000000, 0.04000000, 0.02871551
-0.03500000, -0.00500000, 0.04000000, 0.03259446
-0.03000000, -0.01000000, 0.04000000, 0.03660007
-0.02500000, -0.01500000, 0.04000000, 0.04090358
-0.02000000, -0.02000000, 0.04000000, 0.04534790
-0.01500000, -0.02500000, 0.04000000, 0.05007119
-0.01000000, -0.03000000, 0.04000000, 0.05532700
-0.00500000, -0.03500000, 0.04000000, 0.06252435
0.00000000, -0.04000000, 0.04000000, 0.08086779
0.00500000, -0.04000000, 0.03500000, 0.08848213
0.01000000, -0.04000000, 0.03000000, 0.05897577
0.01500000, -0.04000000, 0.02500000, 0.01597997
0.02000000, -0.04000000, 0.02000000, -0.03190675
0.02500000, -0.04000000, 0.01500000, -0.07840287
0.03000000, -0.04000000, 0.01000000, -0.11693551
0.03500000, -0.04000000, 0.00500000, -0.13815814
0.04000000, -0.04000000, 0.00000000, -0.11257932
0.04000000, -0.03500000, -0.00500000, -0.07666074
0.04000000, -0.03000000, -0.01000000, -0.06127383
0.04000000, -0.02500000, -0.01500000, -0.05135271
0.04000000, -0.02000000, -0.02000000, -0.04410733
0.04000000, -0.01500000, -0.02500000, -0.03864424
0.04000000, -0.01000000, -0.03000000, -0.03440152
0.04000000, -0.00500000, -0.03500000, -0.03116708
0.05000000, 0.00000000, -0.05000000, -0.02184239
0.04375000, 0.00625000, -0.05000000, -0.02485590
0.03750000, 0.01250000, -0.05000000, -0.02799552
0.03125000, 0.01875000, -0.05000000, -0.03135803
0.02500000, 0.02500000, -0.05000000, -0.03481838
0.01875000, 0.03125000, -0.05000000, -0.03841609
0.01250000, 0.03750000, -0.05000000, -0.04246463
0.00625000, 0.04375000, -0.05000000, -0.04799152
0.00000000, 0.05000000, -0.05000000, -0.06216659
-0.00625000, 0.05000000, -0.04375000, -0.06693017
-0.01250000, 0.05000000, -0.03750000, -0.04301740
-0.01875000, 0.05000000, -0.03125000, -0.00879752
-0.02500000, 0.05000000, -0.02500000, 0.02908520
-0.03125000, 0.05000000, -0.01875000, 0.06547596
-0.03750000, 0.05000000, -0.01250000, 0.09556673
-0.04375000, 0.05000000, -0.00625000, 0.11177656
-0.05000000, 0.05000000, 0.00000000, 0.09083549
-0.05000000, 0.04375000, 0.00625000, 0.06137249
-0.05000000, 0.03750000, 0.01250000, 0.04862658
-0.05000000, 0.03125000, 0.01875000, 0.04038504
-0.05000000, 0.02500000, 0.02500000, 0.03436810
-0.05000000, 0.01875000, 0.03125000, 0.02978709
-0.05000000, 0.01250000, 0.03750000, 0.02630270
-0.05000000, 0.00625000, 0.04375000, 0.02366138
-0.05000000, 0.00000000, 0.05000000, 0.02184239
-0.04375000, -0.00625000, 0.05000000, 0.02485590
-0.03750000, -0.01250000, 0.05000000, 0.02799552
-0.03125000, -0.01875000, 0.05000000, 0.03135803
-0.02500000, -0.02500000, 0.05000000, 0.03481838
-0.01875000, -0.03125000, 0.05000000, 0.03841609
-0.01250000, -0.03750000, 0.05000000, 0.04246463
-0.00625000, -0.04375000, 0.05000000, 0.04799152
0.00000000, -0.05000000, 0.05000000, 0.06216659
0.00625000, -0.05000000, 0.04375000, 0.06693017
0.01250000, -0.05000000, 0.03750000, 0.04301740
0.01875000, -0.05000000, 0.03125000, 0.00879752
0.02500000, -0.05000000, 0.02500000, -0.02908520
0.03125000, -0.05000000, 0.01875000, -0.06547596
0.03750000, -0.05000000, 0.01250000, -0.09556673
0.04375000, -0.05000000, 0.00625000, -0.11177656
0.05000000, -0.05000000, 0.00000000, -0.09083549
0.05000000, -0.04375000, -0.00625000, -0.06137249
0.05000000, -0.03750000, -0.01250000, -0.04862658
0.05000000, -0.03125000, -0.01875000, -0.04038504
0.05000000, -0.02500000, -0.02500000, -0.03436810
0.05000000, -0.01875000, -0.03125000, -0.02978709
0.05000000, -0.01250000, -0.03750000, -0.02630270
0.05000000, -0.00625000, -0.04375000, -0.02366138
0.06000000, 0.00000000, -0.06000000, -0.01752687
0.05250000, 0.00750000, -0.06000000, -0.01997673
0.04500000, 0.01500000, -0.06000000, -0.02261077
0.03750000, 0.02250000, -0.06000000, -0.02542764
0.03000000, 0.03000000, -0.06000000, -0.02836692
0.02250000, 0.03750000, -0.06000000, -0.03147052
0.01500000, 0.04500000, -0.06000000, -0.03491826
0.00750000, 0.05250000, -0.06000000, -0.03952918
0.00000000, 0.06000000, -0.06000000, -0.05110770
-0.00750000, 0.06000000, -0.05250000, -0.05415665
-0.01500000, 0.06000000, -0.04500000, -0.03371966
-0.02250000, 0.06000000, -0.03750000, -0.00490700
-0.03000000, 0.06000000, -0.03000000, 0.02679559
-0.03750000, 0.06000000, -0.02250000, 0.05743532
-0.04500000, 0.06000000, -0.01500000, 0.08245095
-0.05250000, 0.06000000, -0.00750000, 0.09572335
-0.06000000, 0.06000000, 0.00000000, 0.07734898
-0.06000000, 0.05250000, 0.00750000, 0.05161702
-0.06000000, 0.04500000, 0.01500000, 0.04048090
-0.06000000, 0.03750000, 0.02250000, 0.03328173
-0.06000000, 0.03000000, 0.03000000, 0.02804204
-0.06000000, 0.02250000, 0.03750000, 0.02418640
-0.06000000, 0.01500000, 0.04500000, 0.02122709
-0.06000000, 0.00750000, 0.05250000, 0.01905162
-0.06000000, 0.00000000, 0.06000000, 0.01752687
-0.05250000, -0.00750000, 0.06000000, 0.01997673
-0.04500000, -0.01500000, 0.06000000, 0.02261077
-0.03750000, -0.02250000, 0.06000000, 0.02542764
-0.03000000, -0.03000000, 0.06000000, 0.02836692
-0.02250000, -0.03750000, 0.06000000, 0.03147052
-0.01500000, -0.04500000, 0.06000000, 0.03491826
-0.00750000, -0.05250000, 0.06000000, 0.03952918
0.00000000, -0.06000000, 0.06000000, 0.05110770
0.00750000, -0.06000000, 0.05250000, 0.05415665
0.01500000, -0.06000000, 0.04500000, 0.03371966
0.02250000, -0.06000000, 0.03750000, 0.00490700
0.03000000, -0.06000000, 0.03000000, -0.02679559
0.03750000, -0.06000000, 0.02250000, -0.05743532
0.04500000, -0.06000000, 0.01500000, -0.08245095
0.05250000, -0.06000000, 0.00750000, -0.09572335
0.06000000, -0.06000000, 0.00000000, -0.07734898
0.06000000, -0.05250000, -0.00750000, -0.05161702
0.06000000, -0.04500000, -0.01500000, -0.04048090
0.06000000, -0.03750000, -0.02250000, -0.03328173
0.06000000, -0.03000000, -0.03000000, -0.02804204
0.06000000, -0.02250000, -0.03750000, -0.02418640
0.06000000, -0.01500000, -0.04500000, -0.02122709
0.06000000, -0.00750000, -0.05250000, -0.01905162
0.07000000, 0.00000000, -0.07000000, -0.01450913
0.06125000, 0.00875000, -0.07000000, -0.01662706
0.05250000, 0.01750000, -0.07000000, -0.01900232
0.04375000, 0.02625000, -0.07000000, -0.02152297
0.03500000, 0.03500000, -0.07000000, -0.02413313
0.02625000, 0.04375000, -0.07000000, -0.02690093
0.01750000, 0.05250000, -0.07000000, -0.02994161
0.00875000, 0.06125000, -0.07000000, -0.03401202
0.00000000, 0.07000000, -0.07000000, -0.04406403
-0.00875000, 0.07000000, -0.06125000, -0.04601329
-0.01750000, 0.07000000, -0.05250000, -0.02774036
-0.02625000, 0.07000000, -0.04375000, -0.00247541
-0.03500000, 0.07000000, -0.03500000, 0.02514669
-0.04375000, 0.07000000, -0.02625000, 0.05164244
-0.05250000, 0.07000000, -0.01750000, 0.07317835
-0.06125000, 0.07000000, -0.00875000, 0.08437257
-0.07000000, 0.07000000, 0.00000000, 0.06781583
-0.07000000, 0.06125000, 0.00875000, 0.04478204
-0.07000000, 0.05250000, 0.01750000, 0.03480163
-0.07000000, 0.04375000, 0.02625000, 0.02833517
-0.07000000, 0.03500000, 0.03500000, 0.02365143
-0.07000000, 0.02625000, 0.04375000, 0.02020550
-0.07000000, 0.01750000, 0.05250000, 0.01760557
-0.07000000, 0.00875000, 0.06125000, 0.01575058
-0.07000000, 0.00000000, 0.07000000, 0.01450913
-0.06125000, -0.00875000, 0.07000000, 0.01662706
-0.05250000, -0.01750000, 0.07000000, 0.01900232
-0.04375000, -0.02625000, 0.07000000, 0.02152297
-0.03500000, -0.03500000, 0.07000000, 0.02413313
-0.02625000, -0.04375000, 0.07000000, 0.02690093
-0.01750000, -0.05250000, 0.07000000, 0.02994161
-0.00875000, -0.06125000, 0.07000000, 0.03401202
0.00000000, -0.07000000, 0.07000000, 0.04406403
0.00875000, -0.07000000, 0.06125000, 0.04601329
0.01750000, -0.07000000, 0.05250000, 0.02774036
0.02625000, -0.07000000, 0.04375000, 0.00247541
0.03500000, -0.07000000, 0.03500000, -0.02514669
0.04375000, -0.07000000, 0.02625000, -0.05164244
0.05250000, -0.07000000, 0.01750000, -0.07317835
0.06125000, -0.07000000, 0.00875000, -0.08437257
0.07000000, -0.07000000, 0.00000000, -0.06781583
0.07000000, -0.06125000, -0.00875000, -0.04478204
0.07000000, -0.05250000, -0.01750000, -0.03480163
0.07000000, -0.04375000, -0.02625000, -0.02833517
0.07000000, -0.03500000, -0.03500000, -0.02365143
0.07000000, -0.02625000, -0.04375000, -0.02020550
0.07000000, -0.01750000, -0.05250000, -0.01760557
0.07000000, -0.00875000, -0.06125000, -0.01575058
0.08000000, 0.00000000, -0.08000000, -0.01230784
0.07000000, 0.01000000, -0.08000000, -0.01423273
0.06000000, 0.02000000, -0.08000000, -0.01645356
0.05000000, 0.03000000, -0.08000000, -0.01880557
0.04000000, 0.04000000, -0.08000000, -0.02122581
0.03000000, 0.05000000, -0.08000000, -0.02375969
0.02000000, 0.06000000, -0.08000000, -0.02655092
0.01000000, 0.07000000, -0.08000000, -0.03028098
0.00000000, 0.08000000, -0.08000000, -0.03935836
-0.01000000, 0.08000000, -0.07000000, -0.04051035
-0.02000000, 0.08000000, -0.06000000, -0.02376951
-0.03000000, 0.08000000, -0.05000000, -0.00098740
-0.04000000, 0.08000000, -0.04000000, 0.02379469
-0.05000000, 0.08000000, -0.03000000, 0.04726399
-0.06000000, 0.08000000, -0.02000000, 0.06633066
-0.07000000, 0.08000000, -0.01000000, 0.07602217
-0.08000000, 0.08000000, 0.00000000, 0.06082122
-0.08000000, 0.07000000, 0.01000000, 0.03973915
-0.08000000, 0.06000000, 0.02000000, 0.03059017
-0.08000000, 0.05000000, 0.03000000, 0.02466897
-0.08000000, 0.04000000, 0.04000000, 0.02040146
-0.08000000, 0.03000000, 0.05000000, 0.01722667
-0.08000000, 0.02000000, 0.06000000, 0.01489676
-0.08000000, 0.01000000, 0.07000000, 0.01327377
-0.08000000, 0.00000000, 0.08000000, 0.01230784
-0.07000000, -0.01000000, 0.08000000, 0.01423273
-0.06000000, -0.02000000, 0.08000000, 0.01645356
-0.05000000, -0.03000000, 0.08000000, 0.01880557
-0.04000000, -0.04000000, 0.08000000, 0.02122581
-0.03000000, -0.05000000, 0.08000000, 0.02375969
-0.02000000, -0.06000000, 0.08000000, 0.02655092
-0.01000000, -0.07000000, 0.08000000, 0.03028098
0.00000000, -0.08000000, 0.08000000, 0.03935836
0.01000000, -0.08000000, 0.07000000, 0.04051035
0.02000000, -0.08000000, 0.06000000, 0.02376951
0.03000000, -0.08000000, 0.05000000, 0.00098740
0.04000000, -0.08000000, 0.04000000, -0.02379469
0.05000000, -0.08000000, 0.03000000, -0.04726399
0.06000000, -0.08000000, 0.02000000, -0.06633066
0.07000000, -0.08000000, 0.01000000, -0.07602217
0.08000000, -0.08000000, 0.00000000, -0.06082122
0.08000000, -0.07000000, -0.01000000, -0.03973915
0.08000000, -0.06000000, -0.02000000, -0.03059017
0.08000000, -0.05000000, -0.03000000, -0.02466897
0.08000000, -0.04000000, -0.04000000, -0.02040146
0.08000000, -0.03000000, -0.05000000, -0.01722667
0.08000000, -0.02000000, -0.06000000, -0.01489676
0.08000000, -0.01000000, -0.07000000, -0.01327377
0.09000000, 0.00000000, -0.09000000, -0.01067467
0.07875000, 0.01125000, -0.09000000, -0.01247406
0.06750000, 0.02250000, -0.09000000, -0.01458066
0.05625000, 0.03375000, -0.09000000, -0.01682287
0.04500000, 0.04500000, -0.09000000, -0.01915409
0.03375000, 0.05625000, -0.09000000, -0.02157951
0.02250000, 0.06750000, -0.09000000, -0.02426215
0.01125000, 0.07875000, -0.09000000, -0.02777753
0.00000000, 0.09000000, -0.09000000, -0.03611865
-0.01125000, 0.09000000, -0.07875000, -0.03665669
-0.02250000, 0.09000000, -0.06750000, -0.02112564
-0.03375000, 0.09000000, -0.05625000, -0.00018629
-0.04500000, 0.09000000, -0.04500000, 0.02251256
-0.05625000, 0.09000000, -0.03375000, 0.04393766
-0.06750000, 0.09000000, -0.02250000, 0.06125950
-0.07875000, 0.09000000, -0.01125000, 0.06991415
-0.09000000, 0.09000000, 0.00000000, 0.05562261
-0.09000000, 0.07875000, 0.01125000, 0.03586677
-0.09000000, 0.06750000, 0.02250000, 0.02731239
-0.09000000, 0.05625000, 0.03375000, 0.02180524
-0.09000000, 0.04500000, 0.04500000, 0.01785955
-0.09000000, 0.03375000, 0.05625000, 0.01495814
-0.09000000, 0.02250000, 0.06750000, 0.01286174
-0.09000000, 0.01125000, 0.07875000, 0.01144071
-0.09000000, 0.00000000, 0.09000000, 0.01067467
-0.07875000, -0.01125000, 0.09000000, 0.01247406
-0.06750000, -0.02250000, 0.09000000, 0.01458066
-0.05625000, -0.03375000, 0.09000000, 0.01682287
-0.04500000, -0.04500000, 0.09000000, 0.01915409
-0.03375000, -0.05625000, 0.09000000, 0.02157951
-0.02250000, -0.06750000, 0.09000000, 0.02426215
-0.01125000, -0.07875000, 0.09000000, 0.02777753
0.00000000, -0.09000000, 0.09000000, 0.03611865
0.01125000, -0.09000000, 0.07875000, 0.03665669
0.02250000, -0.09000000, 0.06750000, 0.02112564
0.03375000, -0.09000000, 0.05625000, 0.00018629
0.04500000, -0.09000000, 0.04500000, -0.02251256
0.05625000, -0.09000000, 0.03375000, -0.04393766
0.06750000, -0.09000000, 0.02250000, -0.06125950
0.07875000, -0.09000000, 0.01125000, -0.06991415
0.09000000, -0.09000000, 0.00000000, -0.05562261
0.09000000, -0.07875000, -0.01125000, -0.03586677
0.09000000, -0.06750000, -0.02250000, -0.02731239
0.09000000, -0.05625000, -0.03375000, -0.02180524
0.09000000, -0.04500000, -0.04500000, -0.01785955
0.09000000, -0.03375000, -0.05625000, -0.01495814
0.09000000, -0.02250000, -0.06750000, -0.01286174
0.09000000, -0.01125000, -0.07875000, -0.01144071
0.10000000, 0.00000000, -0.10000000, -0.00941954
0.08750000, 0.01250000, -0.10000000, -0.01113536
0.07500000, 0.02500000, -0.10000000, -0.01316113
0.06250000, 0.03750000, -0.10000000, -0.01533519
0.05000000, 0.05000000, -0.10000000, -0.01763007
0.03750000, 0.06250000, -0.10000000, -0.02003274
0.02500000, 0.07500000, -0.10000000, -0.02268164
0.01250000, 0.08750000, -0.10000000, -0.02606649
0.00000000, 0.10000000, -0.10000000, -0.03383348
-0.01250000, 0.10000000, -0.08750000, -0.03390655
-0.02500000, 0.10000000, -0.07500000, -0.01934210
-0.03750000, 0.10000000, -0.06250000, 0.00018850
-0.05000000, 0.10000000, -0.05000000, 0.02129887
-0.06250000, 0.10000000, -0.03750000, 0.04130840
-0.07500000, 0.10000000, -0.02500000, 0.05735119
-0.08750000, 0.10000000, -0.01250000, 0.06526510
-0.10000000, 0.10000000, 0.00000000, 0.05156554
-0.10000000, 0.08750000, 0.01250000, 0.03276122
-0.10000000, 0.07500000, 0.02500000, 0.02466257
-0.10000000, 0.06250000, 0.03750000, 0.01948497
-0.10000000, 0.05000000, 0.05000000, 0.01580339
-0.10000000, 0.03750000, 0.06250000, 0.01317362
-0.10000000, 0.02500000, 0.07500000, 0.01128544
-0.10000000, 0.01250000, 0.08750000, 0.01004886
-0.10000000, 0.00000000, 0.10000000, 0.00941954
-0.08750000, -0.01250000, 0.10000000, 0.01113536
-0.07500000, -0.02500000, 0.10000000, 0.01316113
-0.06250000, -0.03750000, 0.10000000, 0.01533519
-0.05000000, -0.05000000, 0.10000000, 0.01763007
-0.03750000, -0.06250000, 0.10000000, 0.02003274
-0.02500000, -0.07500000, 0.10000000, 0.02268164
-0.01250000, -0.08750000, 0.10000000, 0.02606649
0.00000000, -0.10000000, 0.10000000, 0.03383348
0.01250000, -0.10000000, 0.08750000, 0.03390655
0.02500000, -0.10000000, 0.07500000, 0.01934210
0.03750000, -0.10000000, 0.06250000, -0.00018850
0.05000000, -0.10000000, 0.05000000, -0.02129887
0.06250000, -0.10000000, 0.03750000, -0.04130840
0.07500000, -0.10000000, 0.02500000, -0.05735119
0.08750000, -0.10000000, 0.01250000, -0.06526510
0.10000000, -0.10000000, 0.00000000, -0.05156554
0.10000000, -0.08750000, -0.01250000, -0.03276122
0.10000000, -0.07500000, -0.02500000, -0.02466257
0.10000000, -0.06250000, -0.03750000, -0.01948497
0.10000000, -0.05000000, -0.05000000, -0.01580339
0.10000000, -0.03750000, -0.06250000, -0.01317362
0.10000000, -0.02500000, -0.07500000, -0.01128544
0.10000000, -0.01250000, -0.08750000, -0.01004886
0.15000000, 0.00000000, -0.15000000, -0.00573387
0.13125000, 0.01875000, -0.15000000, -0.00739400
0.11250000, 0.03750000, -0.15000000, -0.00940417
0.09375000, 0.05625000, -0.15000000, -0.01160721
0.07500000, 0.07500000, -0.15000000, -0.01390969
0.05625000, 0.09375000, -0.15000000, -0.01632893
0.03750000, 0.11250000, -0.15000000, -0.01892666
0.01875000, 0.13125000, -0.15000000, -0.02212071
0.00000000, 0.15000000, -0.15000000, -0.02872526
-0.01875000, 0.15000000, -0.13125000, -0.02791133
-0.03750000, 0.15000000, -0.11250000, -0.01592131
-0.05625000, 0.15000000, -0.09375000, -0.00015473
-0.07500000, 0.15000000, -0.07500000, 0.01669466
-0.09375000, 0.15000000, -0.05625000, 0.03237392
-0.11250000, 0.15000000, -0.03750000, 0.04477644
-0.13125000, 0.15000000, -0.01875000, 0.05041904
-0.15000000, 0.15000000, 0.00000000, 0.03832420
-0.15000000, 0.13125000, 0.01875000, 0.02269623
-0.15000000, 0.11250000, 0.03750000, 0.01617436
-0.15000000, 0.09375000, 0.05625000, 0.01215720
-0.15000000, 0.07500000, 0.07500000, 0.00943628
-0.15000000, 0.05625000, 0.09375000, 0.00757781
-0.15000000, 0.03750000, 0.11250000, 0.00638577
-0.15000000, 0.01875000, 0.13125000, 0.00575975
-0.15000000, 0.00000000, 0.15000000, 0.00573387
-0.13125000, -0.01875000, 0.15000000, 0.00739400
-0.11250000, -0.03750000, 0.15000000, 0.00940417
-0.09375000, -0.05625000, 0.15000000, 0.01160721
-0.07500000, -0.07500000, 0.15000000, 0.01390969
-0.05625000, -0.09375000, 0.15000000, 0.01632893
-0.03750000, -0.11250000, 0.15000000, 0.01892666
-0.01875000, -0.13125000, 0.15000000, 0.02212071
0.00000000, -0.15000000, 0.15000000, 0.02872526
0.01875000, -0.15000000, 0.13125000, 0.02791133
0.03750000, -0.15000000, 0.11250000, 0.01592131
0.05625000, -0.15000000, 0.09375000, 0.00015473
0.07500000, -0.15000000, 0.07500000, -0.01669466
0.09375000, -0.15000000, 0.05625000, -0.03237392
0.11250000, -0.15000000, 0.03750000, -0.04477644
0.13125000, -0.15000000, 0.01875000, -0.05041904
0.15000000, -0.15000000, 0.00000000, -0.03832420
0.15000000, -0.13125000, -0.01875000, -0.02269623
0.15000000, -0.11250000, -0.03750000, -0.01617436
0.15000000, -0.09375000, -0.05625000, -0.01215720
0.15000000, -0.07500000, -0.07500000, -0.00943628
0.15000000, -0.05625000, -0.09375000, -0.00757781
0.15000000, -0.03750000, -0.11250000, -0.00638577
0.15000000, -0.01875000, -0.13125000, -0.00575975
0.20000000, 0.00000000, -0.20000000, -0.00403124
0.17500000, 0.02500000, -0.20000000, -0.00572551
0.15000000, 0.05000000, -0.20000000, -0.00778322
0.12500000, 0.07500000, -0.20000000, -0.01004650
0.10000000, 0.10000000, -0.20000000, -0.01245556
0.07500000, 0.12500000, -0.20000000, -0.01497908
0.05000000, 0.15000000, -0.20000000, -0.01764915
0.02500000, 0.17500000, -0.20000000, -0.02075002
0.00000000, 0.20000000, -0.20000000, -0.02668333
-0.02500000, 0.20000000, -0.17500000, -0.02596389
-0.05000000, 0.20000000, -0.15000000, -0.01556157
-0.07500000, 0.20000000, -0.12500000, -0.00179330
-0.10000000, 0.20000000, -0.10000000, 0.01293314
-0.12500000, 0.20000000, -0.07500000, 0.02678593
-0.15000000, 0.20000000, -0.05000000, 0.03753430
-0.17500000, 0.20000000, -0.02500000, 0.04212041
-0.20000000, 0.20000000, 0.00000000, 0.03038806
-0.20000000, 0.17500000, 0.02500000, 0.01650829
-0.20000000, 0.15000000, 0.05000000, 0.01105320
-0.20000000, 0.12500000, 0.07500000, 0.00787589
-0.20000000, 0.10000000, 0.10000000, 0.00583709
-0.20000000, 0.07500000, 0.12500000, 0.00461988
-0.20000000, 0.05000000, 0.15000000, 0.00393460
-0.20000000, 0.02500000, 0.17500000, 0.00374567
-0.20000000, 0.00000000, 0.20000000, 0.00403124
-0.17500000, -0.02500000, 0.20000000, 0.00572551
-0.15000000, -0.05000000, 0.20000000, 0.00778322
-0.12500000, -0.07500000, 0.20000000, 0.01004650
-0.10000000, -0.10000000, 0.20000000, 0.01245556
-0.07500000, -0.12500000, 0.20000000, 0.01497908
-0.05000000, -0.15000000, 0.20000000, 0.01764915
-0.02500000, -0.17500000, 0.20000000, 0.02075002
0.00000000, -0.20000000, 0.20000000, 0.02668333
0.02500000, -0.20000000, 0.17500000, 0.02596389
0.05000000, -0.20000000, 0.15000000, 0.01556157
0.07500000, -0.20000000, 0.12500000, 0.00179330
0.10000000, -0.20000000, 0.10000000, -0.01293314
0.12500000, -0.20000000, 0.07500000, -0.02678593
0.15000000, -0.20000000, 0.05000000, -0.03753430
0.17500000, -0.20000000, 0.02500000, -0.04212041
0.20000000, -0.20000000, 0.00000000, -0.03038806
0.20000000, -0.17500000, -0.02500000, -0.01650829
0.20000000, -0.15000000, -0.05000000, -0.01105320
0.20000000, -0.12500000, -0.07500000, -0.00787589
0.20000000, -0.10000000, -0.10000000, -0.00583709
0.20000000, -0.07500000, -0.12500000, -0.00461988
0.20000000, -0.05000000, -0.15000000, -0.00393460
0.20000000, -0.02500000, -0.17500000, -0.00374567
0.25000000, 0.00000000, -0.25000000, -0.00296698
0.21875000, 0.03125000, -0.25000000, -0.00467039
0.18750000, 0.06250000, -0.25000000, -0.00672966
0.15625000, 0.09375000, -0.25000000, -0.00898901
0.12500000, 0.12500000, -0.25000000, -0.01133535
0.09375000, 0.15625000, -0.25000000, -0.01376409
0.06250000, 0.18750000, -0.25000000, -0.01625915
0.03125000, 0.21875000, -0.25000000, -0.01911541
0.00000000, 0.25000000, -0.25000000, -0.02445835
-0.03125000, 0.25000000, -0.21875000, -0.02429410
-0.06250000, 0.25000000, -0.18750000, -0.01522865
-0.09375000, 0.25000000, -0.15625000, -0.00306830
-0.12500000, 0.25000000, -0.12500000, 0.00995054
-0.15625000, 0.25000000, -0.09375000, 0.02202500
-0.18750000, 0.25000000, -0.06250000, 0.03133629
-0.21875000, 0.25000000, -0.03125000, 0.03493960
-0.25000000, 0.25000000, 0.00000000, 0.02354451
-0.25000000, 0.21875000, 0.03125000, 0.01168566
-0.25000000, 0.18750000, 0.06250000, 0.00730876
-0.25000000, 0.15625000, 0.09375000, 0.00490917
-0.25000000, 0.12500000, 0.12500000, 0.00346965
-0.25000000, 0.09375000, 0.15625000, 0.00267829
-0.25000000, 0.06250000, 0.18750000, 0.00235566
-0.25000000, 0.03125000, 0.21875000, 0.00244612
-0.25000000, 0.00000000, 0.25000000, 0.00296698
-0.21875000, -0.03125000, 0.25000000, 0.00467039
-0.18750000, -0.06250000, 0.25000000, 0.00672966
-0.15625000, -0.09375000, 0.25000000, 0.00898901
-0.12500000, -0.12500000, 0.25000000, 0.01133535
-0.09375000, -0.15625000, 0.25000000, 0.01376409
-0.06250000, -0.18750000, 0.25000000, 0.01625915
-0.03125000, -0.21875000, 0.25000000, 0.01911541
0.00000000, -0.25000000, 0.25000000, 0.02445835
0.03125000, -0.25000000, 0.21875000, 0.02429410
0.06250000, -0.25000000, 0.18750000, 0.01522865
0.09375000, -0.25000000, 0.15625000, 0.00306830
0.12500000, -0.25000000, 0.12500000, -0.00995054
0.15625000, -0.25000000, 0.09375000, -0.02202500
0.18750000, -0.25000000, 0.06250000, -0.03133629
0.21875000, -0.25000000, 0.03125000, -0.03493960
0.25000000, -0.25000000, 0.00000000, -0.02354451
0.25000000, -0.21875000, -0.03125000, -0.01168566
0.25000000, -0.18750000, -0.06250000, -0.00730876
0.25000000, -0.15625000, -0.09375000, -0.00490917
0.25000000, -0.12500000, -0.12500000, -0.00346965
0.25000000, -0.09375000, -0.15625000, -0.00267829
0.25000000, -0.06250000, -0.18750000, -0.00235566
0.25000000, -0.03125000, -0.21875000, -0.00244612
0.30000000, 0.00000000, -0.30000000, -0.00225973
0.26250000, 0.03750000, -0.30000000, -0.00387544
0.22500000, 0.07500000, -0.30000000, -0.00582217
0.18750000, 0.11250000, -0.30000000, -0.00793419
0.15000000, 0.15000000, -0.30000000, -0.01011059
0.11250000, 0.18750000, -0.30000000, -0.01230587
0.07500000, 0.22500000, -0.30000000, -0.01450283
0.03750000, 0.26250000, -0.30000000, -0.01690857
0.00000000, 0.30000000, -0.30000000, -0.02136978
-0.03750000, 0.30000000, -0.26250000, -0.02194165
-0.07500000, 0.30000000, -0.22500000, -0.01434888
-0.11250000, 0.30000000, -0.18750000, -0.00389960
-0.15000000, 0.30000000, -0.15000000, 0.00737352
-0.18750000, 0.30000000, -0.11250000, 0.01781982
-0.22500000, 0.30000000, -0.07500000, 0.02575775
-0.26250000, 0.30000000, -0.03750000, 0.02851443
-0.30000000, 0.30000000, 0.00000000, 0.01764406
-0.30000000, 0.26250000, 0.03750000, 0.00784006
-0.30000000, 0.22500000, 0.07500000, 0.00448349
-0.30000000, 0.18750000, 0.11250000, 0.00277495
-0.30000000, 0.15000000, 0.15000000, 0.00183095
-0.30000000, 0.11250000, 0.18750000, 0.00141849
-0.30000000, 0.07500000, 0.22500000, 0.00137342
-0.30000000, 0.03750000, 0.26250000, 0.00165145
-0.30000000, 0.00000000, 0.30000000, 0.00225973
-0.26250000, -0.03750000, 0.30000000, 0.00387544
-0.22500000, -0.07500000, 0.30000000, 0.00582217
-0.18750000, -0.11250000, 0.30000000, 0.00793419
-0.15000000, -0.15000000, 0.30000000, 0.01011059
-0.11250000, -0.18750000, 0.30000000, 0.01230587
-0.07500000, -0.22500000, 0.30000000, 0.01450283
-0.03750000, -0.26250000, 0.30000000, 0.01690857
0.00000000, -0.30000000, 0.30000000, 0.02136978
0.03750000, -0.30000000, 0.26250000, 0.02194165
0.07500000, -0.30000000, 0.22500000, 0.01434888
0.11250000, -0.30000000, 0.18750000, 0.00389960
0.15000000, -0.30000000, 0.15000000, -0.00737352
0.18750000, -0.30000000, 0.11250000, -0.01781982
0.22500000, -0.30000000, 0.07500000, -0.02575775
0.26250000, -0.30000000, 0.03750000, -0.02851443
0.30000000, -0.30000000, 0.00000000, -0.01764406
0.30000000, -0.26250000, -0.03750000, -0.00784006
0.30000000, -0.22500000, -0.07500000, -0.00448349
0.30000000, -0.18750000, -0.11250000, -0.00277495
0.30000000, -0.15000000, -0.15000000, -0.00183095
0.30000000, -0.11250000, -0.18750000, -0.00141849
0.30000000, -0.07500000, -0.22500000, -0.00137342
0.30000000, -0.03750000, -0.26250000, -0.00165145
0.35000000, 0.00000000, -0.35000000, -0.00170130
0.30625000, 0.04375000, -0.35000000, -0.00316010
0.26250000, 0.08750000, -0.35000000, -0.00490345
0.21875000, 0.13125000, -0.35000000, -0.00677326
0.17500000, 0.17500000, -0.35000000, -0.00867922
0.13125000, 0.21875000, -0.35000000, -0.01055546
0.08750000, 0.26250000, -0.35000000, -0.01234337
0.04375000, 0.30625000, -0.35000000, -0.01416306
0.00000000, 0.35000000, -0.35000000, -0.01752031
-0.04375000, 0.35000000, -0.30625000, -0.01883674
-0.08750000, 0.35000000, -0.26250000, -0.01282864
-0.13125000, 0.35000000, -0.21875000, -0.00420407
-0.17500000, 0.35000000, -0.17500000, 0.00520408
-0.21875000, 0.35000000, -0.13125000, 0.01401220
-0.26250000, 0.35000000, -0.08750000, 0.02055025
-0.30625000, 0.35000000, -0.04375000, 0.02254115
-0.35000000, 0.35000000, 0.00000000, 0.01253832
-0.35000000, 0.30625000, 0.04375000, 0.00485862
-0.35000000, 0.26250000, 0.08750000, 0.00242690
-0.35000000, 0.21875000, 0.13125000, 0.00128991
-0.35000000, 0.17500000, 0.17500000, 0.00073622
-0.35000000, 0.13125000, 0.21875000, 0.00063165
-0.35000000, 0.08750000, 0.26250000, 0.00077504
-0.35000000, 0.04375000, 0.30625000, 0.00114896
-0.35000000, 0.00000000, 0.35000000, 0.00170130
-0.30625000, -0.04375000, 0.35000000, 0.00316010
-0.26250000, -0.08750000, 0.35000000, 0.00490345
-0.21875000, -0.13125000, 0.35000000, 0.00677326
-0.17500000, -0.17500000, 0.35000000, 0.00867922
-0.13125000, -0.21875000, 0.35000000, 0.01055546
-0.08750000, -0.26250000, 0.35000000, 0.01234337
-0.04375000, -0.30625000, 0.35000000, 0.01416306
0.00000000, -0.35000000, 0.35000000, 0.01752031
0.04375000, -0.35000000, 0.30625000, 0.01883674
0.08750000, -0.35000000, 0.26250000, 0.01282864
0.13125000, -0.35000000, 0.21875000, 0.00420407
0.17500000, -0.35000000, 0.17500000, -0.00520408
0.21875000, -0.35000000, 0.13125000, -0.01401220
0.26250000, -0.35000000, 0.08750000, -0.02055025
0.30625000, -0.35000000, 0.04375000, -0.02254115
0.35000000, -0.35000000, 0.00000000, -0.01253832
0.35000000, -0.30625000, -0.04375000, -0.00485862
0.35000000, -0.26250000, -0.08750000, -0.00242690
0.35000000, -0.21875000, -0.13125000, -0.00128991
0.35000000, -0.17500000, -0.17500000, -0.00073622
0.35000000, -0.13125000, -0.21875000, -0.00063165
0.35000000, -0.08750000, -0.26250000, -0.00077504
0.35000000, -0.04375000, -0.30625000, -0.00114896
0.40000000, 0.00000000, -0.40000000, -0.00117338
0.35000000, 0.05000000, -0.40000000, -0.00243559
0.30000000, 0.10000000, -0.40000000, -0.00393829
0.25000000, 0.15000000, -0.40000000, -0.00553379
0.20000000, 0.20000000, -0.40000000, -0.00709559
0.15000000, 0.25000000, -0.40000000, -0.00857033
0.10000000, 0.30000000, -0.40000000, -0.00985832
0.05000000, 0.35000000, -0.40000000, -0.01105207
0.00000000, 0.40000000, -0.40000000, -0.01332015
-0.05000000, 0.40000000, -0.35000000, -0.01525770
-0.10000000, 0.40000000, -0.30000000, -0.01077367
-0.15000000, 0.40000000, -0.25000000, -0.00396706
-0.20000000, 0.40000000, -0.20000000, 0.00354758
-0.25000000, 0.40000000, -0.15000000, 0.01050379
-0.30000000, 0.40000000, -0.10000000, 0.01557507
-0.35000000, 0.40000000, -0.05000000, 0.01682157
-0.40000000, 0.40000000, 0.00000000, 0.00820219
-0.40000000, 0.35000000, 0.05000000, 0.00268354
-0.40000000, 0.30000000, 0.10000000, 0.00104687
-0.40000000, 0.25000000, 0.15000000, 0.00034983
-0.40000000, 0.20000000, 0.20000000, 0.00008099
-0.40000000, 0.15000000, 0.25000000, 0.00012482
-0.40000000, 0.10000000, 0.30000000, 0.00034823
-0.40000000, 0.05000000, 0.35000000, 0.00071360
-0.40000000, 0.00000000, 0.40000000, 0.00117338
-0.35000000, -0.05000000, 0.40000000, 0.00243559
-0.30000000, -0.10000000, 0.40000000, 0.00393829
-0.25000000, -0.15000000, 0.40000000, 0.00553379
-0.20000000, -0.20000000, 0.40000000, 0.00709559
-0.15000000, -0.25000000, 0.40000000, 0.00857033
-0.10000000, -0.30000000, 0.40000000, 0.00985832
-0.05000000, -0.35000000, 0.40000000, 0.01105207
0.00000000, -0.40000000, 0.40000000, 0.01332015
0.05000000, -0.40000000, 0.35000000, 0.01525770
0.10000000, -0.40000000, 0.30000000, 0.01077367
0.15000000, -0.40000000, 0.25000000, 0.00396706
0.20000000, -0.40000000, 0.20000000, -0.00354758
0.25000000, -0.40000000, 0.15000000, -0.01050379
0.30000000, -0.40000000, 0.10000000, -0.01557507
0.35000000, -0.40000000, 0.05000000, -0.01682157
0.40000000, -0.40000000, 0.00000000, -0.00820219
0.40000000, -0.35000000, -0.05000000, -0.00268354
0.40000000, -0.30000000, -0.10000000, -0.00104687
0.40000000, -0.25000000, -0.15000000, -0.00034983
0.40000000, -0.20000000, -0.20000000, -0.00008099
0.40000000, -0.15000000, -0.25000000, -0.00012482
0.40000000, -0.10000000, -0.30000000, -0.00034823
0.40000000, -0.05000000, -0.35000000, -0.00071360
0.45000000, 0.00000000, -0.45000000, -0.00072260
0.39375000, 0.05625000, -0.45000000, -0.00173865
0.33750000, 0.11250000, -0.45000000, -0.00297113
0.28125000, 0.16875000, -0.45000000, -0.00426823
0.22500000, 0.22500000, -0.45000000, -0.00548734
0.16875000, 0.28125000, -0.45000000, -0.00656364
0.11250000, 0.33750000, -0.45000000, -0.00739223
0.05625000, 0.39375000, -0.45000000, -0.00802073
0.00000000, 0.45000000, -0.45000000, -0.00929800
-0.05625000, 0.45000000, -0.39375000, -0.01159000
-0.11250000, 0.45000000, -0.33750000, -0.00849070
-0.16875000, 0.45000000, -0.28125000, -0.00341041
-0.22500000, 0.45000000, -0.22500000, 0.00229830
-0.28125000, 0.45000000, -0.16875000, 0.00750387
-0.33750000, 0.45000000, -0.11250000, 0.01121591
-0.39375000, 0.45000000, -0.05625000, 0.01188068
-0.45000000, 0.45000000, 0.00000000, 0.00496306
-0.45000000, 0.39375000, 0.05625000, 0.00127520
-0.45000000, 0.33750000, 0.11250000, 0.00023452
-0.45000000, 0.28125000, 0.16875000, -0.00016457
-0.45000000, 0.22500000, 0.22500000, -0.00026033
-0.45000000, 0.16875000, 0.28125000, -0.00015679
-0.45000000, 0.11250000, 0.33750000, 0.00007463
-0.45000000, 0.05625000, 0.39375000, 0.00037806
-0.45000000, 0.00000000, 0.45000000, 0.00072260
-0.39375000, -0.05625000, 0.45000000, 0.00173865
-0.33750000, -0.11250000, 0.45000000, 0.00297113
-0.28125000, -0.16875000, 0.45000000, 0.00426823
-0.22500000, -0.22500000, 0.45000000, 0.00548734
-0.16875000, -0.28125000, 0.45000000, 0.00656364
-0.11250000, -0.33750000, 0.45000000, 0.00739223
-0.05625000, -0.39375000, 0.45000000, 0.00802073
0.00000000, -0.45000000, 0.45000000, 0.00929800
0.05625000, -0.45000000, 0.39375000, 0.01159000
0.11250000, -0.45000000, 0.33750000, 0.00849070
0.16875000, -0.45000000, 0.28125000, 0.00341041
0.22500000, -0.45000000, 0.22500000, -0.00229830
0.28125000, -0.45000000, 0.16875000, -0.00750387
0.33750000, -0.45000000, 0.11250000, -0.01121591
0.39375000, -0.45000000, 0.05625000, -0.01188068
0.45000000, -0.45000000, 0.00000000, -0.00496306
0.45000000, -0.39375000, -0.05625000, -0.00127520
0.45000000, -0.33750000, -0.11250000, -0.00023452
0.45000000, -0.28125000, -0.16875000, 0.00016457
0.45000000, -0.22500000, -0.22500000, 0.00026033
0.45000000, -0.16875000, -0.28125000, 0.00015679
0.45000000, -0.11250000, -0.33750000, -0.00007463
0.45000000, -0.05625000, -0.39375000, -0.00037806
0.50000000, 0.00000000, -0.50000000, -0.00039887
0.43750000, 0.06250000, -0.50000000, -0.00113616
0.37500000, 0.12500000, -0.50000000, -0.00207572
0.31250000, 0.18750000, -0.50000000, -0.00306397
0.25000000, 0.25000000, -0.50000000, -0.00398062
0.18750000, 0.31250000, -0.50000000, -0.00473002
0.12500000, 0.37500000, -0.50000000, -0.00521797
0.06250000, 0.43750000, -0.50000000, -0.00542420
0.00000000, 0.50000000, -0.50000000, -0.00590240
-0.06250000, 0.50000000, -0.43750000, -0.00820445
-0.12500000, 0.50000000, -0.37500000, -0.00627438
-0.18750000, 0.50000000, -0.31250000, -0.00272530
-0.25000000, 0.50000000, -0.25000000, 0.00137062
-0.31250000, 0.50000000, -0.18750000, 0.00513899
-0.37500000, 0.50000000, -0.12500000, 0.00772346
-0.43750000, 0.50000000, -0.06250000, 0.00802722
-0.50000000, 0.50000000, 0.00000000, 0.00284241
-0.50000000, 0.43750000, 0.06250000, 0.00049133
-0.50000000, 0.37500000, 0.12500000, -0.00015441
-0.50000000, 0.31250000, 0.18750000, -0.00037845
-0.50000000, 0.25000000, 0.25000000, -0.00039276
-0.50000000, 0.18750000, 0.31250000, -0.00025539
-0.50000000, 0.12500000, 0.37500000, -0.00004841
-0.50000000, 0.06250000, 0.43750000, 0.00018536
-0.50000000, 0.00000000, 0.50000000, 0.00039887
-0.43750000, -0.06250000, 0.50000000, 0.00113616
-0.37500000, -0.12500000, 0.50000000, 0.00207572
-0.31250000, -0.18750000, 0.50000000, 0.00306397
-0.25000000, -0.25000000, 0.50000000, 0.00398062
-0.18750000, -0.31250000, 0.50000000, 0.00473002
-0.12500000, -0.37500000, 0.50000000, 0.00521797
-0.06250000, -0.43750000, 0.50000000, 0.00542420
0.00000000, -0.50000000, 0.50000000, 0.00590240
0.06250000, -0.50000000, 0.43750000, 0.00820445
0.12500000, -0.50000000, 0.37500000, 0.00627438
0.18750000, -0.50000000, 0.31250000, 0.00272530
0.25000000, -0.50000000, 0.25000000, -0.00137062
0.31250000, -0.50000000, 0.18750000, -0.00513899
0.37500000, -0.50000000, 0.12500000, -0.00772346
0.43750000, -0.50000000, 0.06250000, -0.00802722
0.50000000, -0.50000000, 0.00000000, -0.00284241
0.50000000, -0.43750000, -0.06250000, -0.00049133
0.50000000, -0.37500000, -0.12500000, 0.00015441
0.50000000, -0.31250000, -0.18750000, 0.00037845
0.50000000, -0.25000000, -0.25000000, 0.00039276
0.50000000, -0.18750000, -0.31250000, 0.00025539
0.50000000, -0.12500000, -0.37500000, 0.00004841
0.50000000, -0.06250000, -0.43750000, -0.00018536
0.55000000, 0.00000000, -0.55000000, -0.00019045
0.48125000, 0.06875000, -0.55000000, -0.00066631
0.41250000, 0.13750000, -0.55000000, -0.00132093
0.34375000, 0.20625000, -0.55000000, -0.00202316
0.27500000, 0.27500000, -0.55000000, -0.00267477
0.20625000, 0.34375000, -0.55000000, -0.00317133
0.13750000, 0.41250000, -0.55000000, -0.00342517
0.06875000, 0.48125000, -0.55000000, -0.00338434
0.00000000, 0.55000000, -0.55000000, -0.00336802
-0.06875000, 0.55000000, -0.48125000, -0.00537355
-0.13750000, 0.55000000, -0.41250000, -0.00431366
-0.20625000, 0.55000000, -0.34375000, -0.00199972
-0.27500000, 0.55000000, -0.27500000, 0.00075760
-0.34375000, 0.55000000, -0.20625000, 0.00333920
-0.41250000, 0.55000000, -0.13750000, 0.00502427
-0.48125000, 0.55000000, -0.06875000, 0.00511157
-0.55000000, 0.55000000, 0.00000000, 0.00151675
-0.55000000, 0.48125000, 0.06875000, 0.00011761
-0.55000000, 0.41250000, 0.13750000, -0.00027291
-0.55000000, 0.34375000, 0.20625000, -0.00040150
-0.55000000, 0.27500000, 0.27500000, -0.00038721
-0.55000000, 0.20625000, 0.34375000, -0.00025049
-0.55000000, 0.13750000, 0.41250000, -0.00008529
-0.55000000, 0.06875000, 0.48125000, 0.00008138
-0.55000000, 0.00000000, 0.55000000, 0.00019045
-0.48125000, -0.06875000, 0.55000000, 0.00066631
-0.41250000, -0.13750000, 0.55000000, 0.00132093
-0.34375000, -0.20625000, 0.55000000, 0.00202316
-0.27500000, -0.27500000, 0.55000000, 0.00267477
-0.20625000, -0.34375000, 0.55000000, 0.00317133
-0.13750000, -0.41250000, 0.55000000, 0.00342517
-0.06875000, -0.48125000, 0.55000000, 0.00338434
0.00000000, -0.55000000, 0.55000000, 0.00336802
0.06875000, -0.55000000, 0.48125000, 0.00537355
0.13750000, -0.55000000, 0.41250000, 0.00431366
0.20625000, -0.55000000, 0.34375000, 0.00199972
0.27500000, -0.55000000, 0.27500000, -0.00075760
0.34375000, -0.55000000, 0.20625000, -0.00333920
0.41250000, -0.55000000, 0.13750000, -0.00502427
0.48125000, -0.55000000, 0.06875000, -0.00511157
0.55000000, -0.55000000, 0.00000000, -0.00151675
0.55000000, -0.48125000, -0.06875000, -0.00011761
0.55000000, -0.41250000, -0.13750000, 0.00027291
0.55000000, -0.34375000, -0.20625000, 0.00040150
0.55000000, -0.27500000, -0.27500000, 0.00038721
0.55000000, -0.20625000, -0.34375000, 0.00025049
0.55000000, -0.13750000, -0.41250000, 0.00008529
0.55000000, -0.06875000, -0.48125000, -0.00008138
0.60000000, 0.00000000, -0.60000000, -0.00006646
0.52500000, 0.07500000, -0.60000000, -0.00033888
0.45000000, 0.15000000, -0.60000000, -0.00075114
0.37500000, 0.22500000, -0.60000000, -0.00121496
0.30000000, 0.30000000, -0.60000000, -0.00163764
0.22500000, 0.37500000, -0.60000000, -0.00193786
0.15000000, 0.45000000, -0.60000000, -0.00203546
0.07500000, 0.52500000, -0.60000000, -0.00189942
0.00000000, 0.60000000, -0.60000000, -0.00169995
-0.07500000, 0.60000000, -0.52500000, -0.00322717
-0.15000000, 0.60000000, -0.45000000, -0.00272100
-0.22500000, 0.60000000, -0.37500000, -0.00131232
-0.30000000, 0.60000000, -0.30000000, 0.00041746
-0.37500000, 0.60000000, -0.22500000, 0.00200362
-0.45000000, 0.60000000, -0.15000000, 0.00299328
-0.52500000, 0.60000000, -0.07500000, 0.00294260
-0.60000000, 0.60000000, 0.00000000, 0.00068921
-0.60000000, 0.52500000, 0.07500000, -0.00002959
-0.60000000, 0.45000000, 0.15000000, -0.00024903
-0.60000000, 0.37500000, 0.22500000, -0.00032337
-0.60000000, 0.30000000, 0.30000000, -0.00030293
-0.60000000, 0.22500000, 0.37500000, -0.00020781
-0.60000000, 0.15000000, 0.45000000, -0.00009383
-0.60000000, 0.07500000, 0.52500000, 0.00000967
-0.60000000, 0.00000000, 0.60000000, 0.00006646
-0.52500000, -0.07500000, 0.60000000, 0.00033888
-0.45000000, -0.15000000, 0.60000000, 0.00075114
-0.37500000, -0.22500000, 0.60000000, 0.00121496
-0.30000000, -0.30000000, 0.60000000, 0.00163764
-0.22500000, -0.37500000, 0.60000000, 0.00193786
-0.15000000, -0.45000000, 0.60000000, 0.00203546
-0.07500000, -0.52500000, 0.60000000, 0.00189942
0.00000000, -0.60000000, 0.60000000, 0.00169995
0.07500000, -0.60000000, 0.52500000, 0.00322717
0.15000000, -0.60000000, 0.45000000, 0.00272100
0.22500000, -0.60000000, 0.37500000, 0.00131232
0.30000000, -0.60000000, 0.30000000, -0.00041746
0.37500000, -0.60000000, 0.22500000, -0.00200362
0.45000000, -0.60000000, 0.15000000, -0.00299328
0.52500000, -0.60000000, 0.07500000, -0.00294260
0.60000000, -0.60000000, 0.00000000, -0.00068921
0.60000000, -0.52500000, -0.07500000, 0.00002959
0.60000000, -0.45000000, -0.15000000, 0.00024903
0.60000000, -0.37500000, -0.22500000, 0.00032337
0.60000000, -0.30000000, -0.30000000, 0.00030293
0.60000000, -0.22500000, -0.37500000, 0.00020781
0.60000000, -0.15000000, -0.45000000, 0.00009383
0.60000000, -0.07500000, -0.52500000, -0.00000967
0.65000000, 0.00000000, -0.65000000, -0.00000824
0.56875000, 0.08125000, -0.65000000, -0.00014399
0.48750000, 0.16250000, -0.65000000, -0.00037430
0.40625000, 0.24375000, -0.65000000, -0.00065199
0.32500000, 0.32500000, -0.65000000, -0.00089629
0.24375000, 0.40625000, -0.65000000, -0.00105508
0.16250000, 0.48750000, -0.65000000, -0.00106751
0.08125000, 0.56875000, -0.65000000, -0.00093265
0.00000000, 0.65000000, -0.65000000, -0.00074235
-0.08125000, 0.65000000, -0.56875000, -0.00175587
-0.16250000, 0.65000000, -0.48750000, -0.00155339
-0.24375000, 0.65000000, -0.40625000, -0.00076092
-0.32500000, 0.65000000, -0.32500000, 0.00023986
-0.40625000, 0.65000000, -0.24375000, 0.00108904
-0.48750000, 0.65000000, -0.16250000, 0.00159585
-0.56875000, 0.65000000, -0.08125000, 0.00148681
-0.65000000, 0.65000000, 0.00000000, 0.00023780
-0.65000000, 0.56875000, 0.08125000, -0.00006068
-0.65000000, 0.48750000, 0.16250000, -0.00017143
-0.65000000, 0.40625000, 0.24375000, -0.00021341
-0.65000000, 0.32500000, 0.32500000, -0.00019646
-0.65000000, 0.24375000, 0.40625000, -0.00015088
-0.65000000, 0.16250000, 0.48750000, -0.00008389
-0.65000000, 0.08125000, 0.56875000, -0.00002976
-0.65000000, 0.00000000, 0.65000000, 0.00000824
-0.56875000, -0.08125000, 0.65000000, 0.00014399
-0.48750000, -0.16250000, 0.65000000, 0.00037430
-0.40625000, -0.24375000, 0.65000000, 0.00065199
-0.32500000, -0.32500000, 0.65000000, 0.00089629
-0.24375000, -0.40625000, 0.65000000, 0.00105508
-0.16250000, -0.48750000, 0.65000000, 0.00106751
-0.08125000, -0.56875000, 0.65000000, 0.00093265
0.00000000, -0.65000000, 0.65000000, 0.00074235
0.08125000, -0.65000000, 0.56875000, 0.00175587
0.16250000, -0.65000000, 0.48750000, 0.00155339
0.24375000, -0.65000000, 0.40625000, 0.00076092
0.32500000, -0.65000000, 0.32500000, -0.00023986
0.40625000, -0.65000000, 0.24375000, -0.00108904
0.48750000, -0.65000000, 0.16250000, -0.00159585
0.56875000, -0.65000000, 0.08125000, -0.00148681
0.65000000, -0.65000000, 0.00000000, -0.00023780
0.65000000, -0.56875000, -0.08125000, 0.00006068
0.65000000, -0.48750000, -0.16250000, 0.00017143
0.65000000, -0.40625000, -0.24375000, 0.00021341
0.65000000, -0.32500000, -0.32500000, 0.00019646
0.65000000, -0.24375000, -0.40625000, 0.00015088
0.65000000, -0.16250000, -0.48750000, 0.00008389
0.65000000, -0.08125000, -0.56875000, 0.00002976
0.70000000, 0.00000000, -0.70000000, 0.00000186
0.61250000, 0.08750000, -0.70000000, -0.00005215
0.52500000, 0.17500000, -0.70000000, -0.00016120
0.43750000, 0.26250000, -0.70000000, -0.00030221
0.35000000, 0.35000000, -0.70000000, -0.00042916
0.26250000, 0.43750000, -0.70000000, -0.00050451
0.17500000, 0.52500000, -0.70000000, -0.00049493
0.08750000, 0.61250000, -0.70000000, -0.00040136
0.00000000, 0.70000000, -0.70000000, -0.00027304
-0.08750000, 0.70000000, -0.61250000, -0.00085059
-0.17500000, 0.70000000, -0.52500000, -0.00079698
-0.26250000, 0.70000000, -0.43750000, -0.00040019
-0.35000000, 0.70000000, -0.35000000, 0.00012356
-0.43750000, 0.70000000, -0.26250000, 0.00054845
-0.52500000, 0.70000000, -0.17500000, 0.00078068
-0.61250000, 0.70000000, -0.08750000, 0.00069557
-0.70000000, 0.70000000, 0.00000000, 0.00008256
-0.70000000, 0.61250000, 0.08750000, -0.00003818
-0.70000000, 0.52500000, 0.17500000, -0.00009279
-0.70000000, 0.43750000, 0.26250000, -0.00011693
-0.70000000, 0.35000000, 0.35000000, -0.00010853
-0.70000000, 0.26250000, 0.43750000, -0.00008617
-0.70000000, 0.17500000, 0.52500000, -0.00005039
-0.70000000, 0.08750000, 0.61250000, -0.00002359
-0.70000000, 0.00000000, 0.70000000, -0.00000186
-0.61250000, -0.08750000, 0.70000000, 0.00005215
-0.52500000, -0.17500000, 0.70000000, 0.00016120
-0.43750000, -0.26250000, 0.70000000, 0.00030221
-0.35000000, -0.35000000, 0.70000000, 0.00042916
-0.26250000, -0.43750000, 0.70000000, 0.00050451
-0.17500000, -0.52500000, 0.70000000, 0.00049493
-0.08750000, -0.61250000, 0.70000000, 0.00040136
0.00000000, -0.70000000, 0.70000000, 0.00027304
0.08750000, -0.70000000, 0.61250000, 0.00085059
0.17500000, -0.70000000, 0.52500000, 0.00079698
0.26250000, -0.70000000, 0.43750000, 0.00040019
0.35000000, -0.70000000, 0.35000000, -0.00012356
0.43750000, -0.70000000, 0.26250000, -0.00054845
0.52500000, -0.70000000, 0.17500000, -0.00078068
0.61250000, -0.70000000, 0.08750000, -0.00069557
0.70000000, -0.70000000, 0.00000000, -0.00008256
0.70000000, -0.61250000, -0.08750000, 0.00003818
0.70000000, -0.52500000, -0.17500000, 0.00009279
0.70000000, -0.43750000, -0.26250000, 0.00011693
0.70000000, -0.35000000, -0.35000000, 0.00010853
0.70000000, -0.26250000, -0.43750000, 0.00008617
0.70000000, -0.17500000, -0.52500000, 0.00005039
0.70000000, -0.08750000, -0.61250000, 0.00002359
0.75000000, 0.00000000, -0.75000000, -0.00000639
0.65625000, 0.09375000, -0.75000000, -0.00001969
0.56250000, 0.18750000, -0.75000000, -0.00005958
0.46875000, 0.28125000, -0.75000000, -0.00011393
0.37500000, 0.37500000, -0.75000000, -0.00017445
0.28125000, 0.46875000, -0.75000000, -0.00021058
0.18750000, 0.56250000, -0.75000000, -0.00021036
0.09375000, 0.65625000, -0.75000000, -0.00016068
0.00000000, 0.75000000, -0.75000000, -0.00008262
-0.09375000, 0.75000000, -0.65625000, -0.00035699
-0.18750000, 0.75000000, -0.56250000, -0.00036506
-0.28125000, 0.75000000, -0.46875000, -0.00019913
-0.37500000, 0.75000000, -0.37500000, 0.00004079
-0.46875000, 0.75000000, -0.28125000, 0.00026867
-0.56250000, 0.75000000, -0.18750000, 0.00037444
-0.65625000, 0.75000000, -0.09375000, 0.00034527
-0.75000000, 0.75000000, 0.00000000, 0.00006842
-0.75000000, 0.65625000, 0.09375000, -0.00000813
-0.75000000, 0.56250000, 0.18750000, -0.00003833
-0.75000000, 0.46875000, 0.28125000, -0.00005295
-0.75000000, 0.37500000, 0.37500000, -0.00005240
-0.75000000, 0.28125000, 0.46875000, -0.00003118
-0.75000000, 0.18750000, 0.56250000, -0.00001162
-0.75000000, 0.09375000, 0.65625000, 0.00000418
-0.75000000, 0.00000000, 0.75000000, 0.00000639
-0.65625000, -0.09375000, 0.75000000, 0.00001969
-0.56250000, -0.18750000, 0.75000000, 0.00005958
-0.46875000, -0.28125000, 0.75000000, 0.00011393
-0.37500000, -0.37500000, 0.75000000, 0.00017445
-0.28125000, -0.46875000, 0.75000000, 0.00021058
-0.18750000, -0.56250000, 0.75000000, 0.00021036
-0.09375000, -0.65625000, 0.75000000, 0.00016068
0.00000000, -0.75000000, 0.75000000, 0.00008262
0.09375000, -0.75000000, 0.65625000, 0.00035699
0.18750000, -0.75000000, 0.56250000, 0.00036506
0.28125000, -0.75000000, 0.46875000, 0.00019913
0.37500000, -0.75000000, 0.37500000, -0.00004079
0.46875000, -0.75000000, 0.28125000, -0.00026867
0.56250000, -0.75000000, 0.18750000, -0.00037444
0.65625000, -0.75000000, 0.09375000, -0.00034527
0.75000000, -0.75000000, 0.00000000, -0.00006842
0.75000000, -0.65625000, -0.09375000, 0.00000813
0.75000000, -0.56250000, -0.18750000, 0.00003833
0.75000000, -0.46875000, -0.28125000, 0.00005295
0.75000000, -0.37500000, -0.37500000, 0.00005240
0.75000000, -0.28125000, -0.46875000, 0.00003118
0.75000000, -0.18750000, -0.56250000, 0.00001162
0.75000000, -0.09375000, -0.65625000, -0.00000418
0.80000000, 0.00000000, -0.80000000, -0.00000568
0.70000000, 0.10000000, -0.80000000, -0.00000734
0.60000000, 0.20000000, -0.80000000, -0.00001754
0.50000000, 0.30000000, -0.80000000, -0.00003278
0.40000000, 0.40000000, -0.80000000, -0.00005590
0.30000000, 0.50000000, -0.80000000, -0.00007146
0.20000000, 0.60000000, -0.80000000, -0.00007475
0.10000000, 0.70000000, -0.80000000, -0.00005558
0.00000000, 0.80000000, -0.80000000, -0.00002006
-0.10000000, 0.80000000, -0.70000000, -0.00012366
-0.20000000, 0.80000000, -0.60000000, -0.00014063
-0.30000000, 0.80000000, -0.50000000, -0.00008335
-0.40000000, 0.80000000, -0.40000000, 0.00000863
-0.50000000, 0.80000000, -0.30000000, 0.00011350
-0.60000000, 0.80000000, -0.20000000, 0.00015616
-0.70000000, 0.80000000, -0.10000000, 0.00015037
-0.80000000, 0.80000000, 0.00000000, 0.00003813
-0.80000000, 0.70000000, 0.10000000, 0.00000110
-0.80000000, 0.60000000, 0.20000000, -0.00001234
-0.80000000, 0.50000000, 0.30000000, -0.00001944
-0.80000000, 0.40000000, 0.40000000, -0.00002074
-0.80000000, 0.30000000, 0.50000000, -0.00000614
-0.80000000, 0.20000000, 0.60000000, 0.00000319
-0.80000000, 0.10000000, 0.70000000, 0.00001105
-0.80000000, 0.00000000, 0.80000000, 0.00000568
-0.70000000, -0.10000000, 0.80000000, 0.00000734
-0.60000000, -0.20000000, 0.80000000, 0.00001754
-0.50000000, -0.30000000, 0.80000000, 0.00003278
-0.40000000, -0.40000000, 0.80000000, 0.00005590
-0.30000000, -0.50000000, 0.80000000, 0.00007146
-0.20000000, -0.60000000, 0.80000000, 0.00007475
-0.10000000, -0.70000000, 0.80000000, 0.00005558
0.00000000, -0.80000000, 0.80000000, 0.00002006
0.10000000, -0.80000000, 0.70000000, 0.00012366
0.20000000, -0.80000000, 0.60000000, 0.00014063
0.30000000, -0.80000000, 0.50000000, 0.00008335
0.40000000, -0.80000000, 0.40000000, -0.00000863
0.50000000, -0.80000000, 0.30000000, -0.00011350
0.60000000, -0.80000000, 0.20000000, -0.00015616
0.70000000, -0.80000000, 0.10000000, -0.00015037
0.80000000, -0.80000000, 0.00000000, -0.00003813
0.80000000, -0.70000000, -0.10000000, -0.00000110
0.80000000, -0.60000000, -0.20000000, 0.00001234
0.80000000, -0.50000000, -0.30000000, 0.00001944
0.80000000, -0.40000000, -0.40000000, 0.00002074
0.80000000, -0.30000000, -0.50000000, 0.00000614
0.80000000, -0.20000000, -0.60000000, -0.00000319
0.80000000, -0.10000000, -0.70000000, -0.00001105
0.85000000, 0.00000000, -0.85000000, 0.00000428
0.74375000, 0.10625000, -0.85000000, 0.00000106
0.63750000, 0.21250000, -0.85000000, -0.00000200
0.53125000, 0.31875000, -0.85000000, -0.00000846
0.42500000, 0.42500000, -0.85000000, -0.00001070
0.31875000, 0.53125000, -0.85000000, -0.00001130
0.21250000, 0.63750000, -0.85000000, -0.00000564
0.10625000, 0.74375000, -0.85000000, -0.00000157
0.00000000, 0.85000000, -0.85000000, -0.00000285
-0.10625000, 0.85000000, -0.74375000, -0.00003203
-0.21250000, 0.85000000, -0.63750000, -0.00003467
-0.31875000, 0.85000000, -0.53125000, -0.00001325
-0.42500000, 0.85000000, -0.42500000, 0.00001497
-0.53125000, 0.85000000, -0.31875000, 0.00001798
-0.63750000, 0.85000000, -0.21250000, 0.00001944
-0.74375000, 0.85000000, -0.10625000, 0.00000200
-0.85000000, 0.85000000, 0.00000000, -0.00002318
-0.85000000, 0.74375000, 0.10625000, -0.00000571
-0.85000000, 0.63750000, 0.21250000, -0.00000447
-0.85000000, 0.53125000, 0.31875000, -0.00000514
-0.85000000, 0.42500000, 0.42500000, -0.00000396
-0.85000000, 0.31875000, 0.53125000, -0.00000640
-0.85000000, 0.21250000, 0.63750000, -0.00000543
-0.85000000, 0.10625000, 0.74375000, -0.00000612
-0.85000000, 0.00000000, 0.85000000, -0.00000428
-0.74375000, -0.10625000, 0.85000000, -0.00000106
-0.63750000, -0.21250000, 0.85000000, 0.00000200
-0.53125000, -0.31875000, 0.85000000, 0.00000846
-0.42500000, -0.42500000, 0.85000000, 0.00001070
-0.31875000, -0.53125000, 0.85000000, 0.00001130
-0.21250000, -0.63750000, 0.85000000, 0.00000564
-0.10625000, -0.74375000, 0.85000000, 0.00000157
0.00000000, -0.85000000, 0.85000000, 0.00000285
0.10625000, -0.85000000, 0.74375000, 0.00003203
0.21250000, -0.85000000, 0.63750000, 0.00003467
0.31875000, -0.85000000, 0.53125000, 0.00001325
0.42500000, -0.85000000, 0.42500000, -0.00001497
0.53125000, -0.85000000, 0.31875000, -0.00001798
0.63750000, -0.85000000, 0.21250000, -0.00001944
0.74375000, -0.85000000, 0.10625000, -0.00000200
0.85000000, -0.85000000, 0.00000000, 0.00002318
0.85000000, -0.74375000, -0.10625000, 0.00000571
0.85000000, -0.63750000, -0.21250000, 0.00000447
0.85000000, -0.53125000, -0.31875000, 0.00000514
0.85000000, -0.42500000, -0.42500000, 0.00000396
0.85000000, -0.31875000, -0.53125000, 0.00000640
0.85000000, -0.21250000, -0.63750000, 0.00000543
0.85000000, -0.10625000, -0.74375000, 0.00000612
0.90000000, 0.00000000, -0.90000000, 0.00000348
0.78750000, 0.11250000, -0.90000000, 0.00000184
0.67500000, 0.22500000, -0.90000000, 0.00000053
0.56250000, 0.33750000, -0.90000000, -0.00000216
0.45000000, 0.45000000, -0.90000000, -0.00000044
0.33750000, 0.56250000, -0.90000000, 0.00000220
0.22500000, 0.67500000, -0.90000000, 0.00000702
0.11250000, 0.78750000, -0.90000000, 0.00000720
0.00000000, 0.90000000, -0.90000000, 0.00000042
-0.11250000, 0.90000000, -0.78750000, -0.00000512
-0.22500000, 0.90000000, -0.67500000, -0.00000288
-0.33750000, 0.90000000, -0.56250000, 0.00000363
-0.45000000, 0.90000000, -0.45000000, 0.00000957
-0.56250000, 0.90000000, -0.33750000, -0.00000550
-0.67500000, 0.90000000, -0.22500000, -0.00001149
-0.78750000, 0.90000000, -0.11250000, -0.00002221
-0.90000000, 0.90000000, 0.00000000, -0.00001760
-0.90000000, 0.78750000, 0.11250000, -0.00000371
-0.90000000, 0.67500000, 0.22500000, -0.00000110
-0.90000000, 0.56250000, 0.33750000, -0.00000041
-0.90000000, 0.45000000, 0.45000000, 0.00000066
-0.90000000, 0.33750000, 0.56250000, -0.00000447
-0.90000000, 0.22500000, 0.67500000, -0.00000567
-0.90000000, 0.11250000, 0.78750000, -0.00000762
-0.90000000, 0.00000000, 0.90000000, -0.00000348
-0.78750000, -0.11250000, 0.90000000, -0.00000184
-0.67500000, -0.22500000, 0.90000000, -0.00000053
-0.56250000, -0.33750000, 0.90000000, 0.00000216
-0.45000000, -0.45000000, 0.90000000, 0.00000044
-0.33750000, -0.56250000, 0.90000000, -0.00000220
-0.22500000, -0.67500000, 0.90000000, -0.00000702
-0.11250000, -0.78750000, 0.90000000, -0.00000720
0.00000000, -0.90000000, 0.90000000, -0.00000042
0.11250000, -0.90000000, 0.78750000, 0.00000512
0.22500000, -0.90000000, 0.67500000, 0.00000288
0.33750000, -0.90000000, 0.56250000, -0.00000363
0.45000000, -0.90000000, 0.45000000, -0.00000957
0.56250000, -0.90000000, 0.33750000, 0.00000550
0.67500000, -0.90000000, 0.22500000, 0.00001149
0.78750000, -0.90000000, 0.11250000, 0.00002221
0.90000000, -0.90000000, 0.00000000, 0.00001760
0.90000000, -0.78750000, -0.11250000, 0.00000371
0.90000000, -0.67500000, -0.22500000, 0.00000110
0.90000000, -0.56250000, -0.33750000, 0.00000041
0.90000000, -0.45000000, -0.45000000, -0.00000066
0.90000000, -0.33750000, -0.56250000, 0.00000447
0.90000000, -0.22500000, -0.67500000, 0.00000567
0.90000000, -0.11250000, -0.78750000, 0.00000762
0.95000000, 0.00000000, -0.95000000, -0.00000419
0.83125000, 0.11875000, -0.95000000, -0.00000196
0.71250000, 0.23750000, -0.95000000, -0.00000109
0.59375000, 0.35625000, -0.95000000, 0.00000112
0.47500000, 0.47500000, -0.95000000, -0.00000120
0.35625000, 0.59375000, -0.95000000, -0.00000363
0.23750000, 0.71250000, -0.95000000, -0.00000807
0.11875000, 0.83125000, -0.95000000, -0.00000760
0.00000000, 0.95000000, -0.95000000, -0.00000039
-0.11875000, 0.95000000, -0.83125000, -0.00000055
-0.23750000, 0.95000000, -0.71250000, -0.00000434
-0.35625000, 0.95000000, -0.59375000, -0.00000791
-0.47500000, 0.95000000, -0.47500000, -0.00000821
-0.59375000, 0.95000000, -0.35625000, 0.00001125
-0.71250000, 0.95000000, -0.23750000, 0.00001805
-0.83125000, 0.95000000, -0.11875000, 0.00002843
-0.95000000, 0.95000000, 0.00000000, 0.00002413
-0.95000000, 0.83125000, 0.11875000, 0.00000447
-0.95000000, 0.71250000, 0.23750000, 0.00000111
-0.95000000, 0.59375000, 0.35625000, 0.00000003
-0.95000000, 0.47500000, 0.47500000, -0.00000115
-0.95000000, 0.35625000, 0.59375000, 0.00000373
-0.95000000, 0.23750000, 0.71250000, 0.00000497
-0.95000000, 0.11875000, 0.83125000, 0.00000695
-0.95000000, 0.00000000, 0.95000000, 0.00000419
-0.83125000, -0.11875000, 0.95000000, 0.00000196
-0.71250000, -0.23750000, 0.95000000, 0.00000109
-0.59375000, -0.35625000, 0.95000000, -0.00000112
-0.47500000, -0.47500000, 0.95000000, 0.00000120
-0.35625000, -0.59375000, 0.95000000, 0.00000363
-0.23750000, -0.71250000, 0.95000000, 0.00000807
-0.11875000, -0.83125000, 0.95000000, 0.00000760
0.00000000, -0.95000000, 0.95000000, 0.00000039
0.11875000, -0.95000000, 0.83125000, 0.00000055
0.23750000, -0.95000000, 0.71250000, 0.00000434
0.35625000, -0.95000000, 0.59375000, 0.00000791
0.47500000, -0.95000000, 0.47500000, 0.00000821
0.59375000, -0.95000000, 0.35625000, -0.00001125
0.71250000, -0.95000000, 0.23750000, -0.00001805
0.83125000, -0.95000000, 0.11875000, -0.00002843
0.95000000, -0.95000000, 0.00000000, -0.00002413
0.95000000, -0.83125000, -0.11875000, -0.00000447
0.95000000, -0.71250000, -0.23750000, -0.00000111
0.95000000, -0.59375000, -0.35625000, -0.00000003
0.95000000, -0.47500000, -0.47500000, 0.00000115
0.95000000, -0.35625000, -0.59375000, -0.00000373
0.95000000, -0.23750000, -0.71250000, -0.00000497
0.95000000, -0.11875000, -0.83125000, -0.00000695
1.00000000, 0.00000000, -1.00000000, 0.00000000
0.87500000, 0.12500000, -1.00000000, 0.00000000
0.75000000, 0.25000000, -1.00000000, 0.00000000
0.62500000, 0.37500000, -1.00000000, 0.00000000
0.50000000, 0.50000000, -1.00000000, 0.00000000
0.37500000, 0.62500000, -1.00000000, 0.00000000
0.25000000, 0.75000000, -1.00000000, 0.00000000
0.12500000, 0.87500000, -1.00000000, 0.00000000
0.00000000, 1.00000000, -1.00000000, 0.00000000
-0.12500000, 1.00000000, -0.87500000, 0.00000000
-0.25000000, 1.00000000, -0.75000000, 0.00000000
-0.37500000, 1.00000000, -0.62500000, 0.00000000
-0.50000000, 1.00000000, -0.50000000, 0.00000000
-0.62500000, 1.00000000, -0.37500000, 0.00000000
-0.75000000, 1.00000000, -0.25000000, 0.00000000
-0.87500000, 1.00000000, -0.12500000, 0.00000000
-1.00000000, 1.00000000, 0.00000000, 0.00000000
-1.00000000, 0.87500000, 0.12500000, 0.00000000
-1.00000000, 0.75000000, 0.25000000, 0.00000000
-1.00000000, 0.62500000, 0.37500000, 0.00000000
-1.00000000, 0.50000000, 0.50000000, 0.00000000
-1.00000000, 0.37500000, 0.62500000, 0.00000000
-1.00000000, 0.25000000, 0.75000000, 0.00000000
-1.00000000, 0.12500000, 0.87500000, 0.00000000
-1.00000000, 0.00000000, 1.00000000, 0.00000000
-0.87500000, -0.12500000, 1.00000000, 0.00000000
-0.75000000, -0.25000000, 1.00000000, 0.00000000
-0.62500000, -0.37500000, 1.00000000, 0.00000000
-0.50000000, -0.50000000, 1.00000000, 0.00000000
-0.37500000, -0.62500000, 1.00000000, 0.00000000
-0.25000000, -0.75000000, 1.00000000, 0.00000000
-0.12500000, -0.87500000, 1.00000000, 0.00000000
0.00000000, -1.00000000, 1.00000000, 0.00000000
0.12500000, -1.00000000, 0.87500000, 0.00000000
0.25000000, -1.00000000, 0.75000000, 0.00000000
0.37500000, -1.00000000, 0.62500000, 0.00000000
0.50000000, -1.00000000, 0.50000000, 0.00000000
0.62500000, -1.00000000, 0.37500000, 0.00000000
0.75000000, -1.00000000, 0.25000000, 0.00000000
0.87500000, -1.00000000, 0.12500000, 0.00000000
1.00000000, -1.00000000, 0.00000000, 0.00000000
1.00000000, -0.87500000, -0.12500000, 0.00000000
1.00000000, -0.75000000, -0.25000000, 0.00000000
1.00000000, -0.62500000, -0.37500000, 0.00000000
1.00000000, -0.50000000, -0.50000000, 0.00000000
1.00000000, -0.37500000, -0.62500000, 0.00000000
1.00000000, -0.25000000, -0.75000000, 0.00000000
1.00000000, -0.12500000, -0.87500000, 0.00000000
