0.01000000, 0.00000000, -0.01000000, 0.00767566
0.00000000, 0.01000000, -0.01000000, 0.01492768
-0.00125000, 0.01000000, -0.00875000, 0.04276869
-0.00250000, 0.01000000, -0.00750000, 0.05776153
-0.00375000, 0.01000000, -0.00625000, 0.06368001
-0.00500000, 0.01000000, -0.00500000, 0.06136068
-0.00625000, 0.01000000, -0.00375000, 0.05182869
-0.00750000, 0.01000000, -0.00250000, 0.03587103
-0.00875000, 0.01000000, -0.00125000, 0.01458003
-0.01000000, 0.01000000, 0.00000000, -0.00840928
-0.01000000, 0.00875000, 0.00125000, -0.00538227
-0.01000000, 0.00750000, 0.00250000, -0.00418200
-0.01000000, 0.00625000, 0.00375000, -0.00357422
-0.01000000, 0.00500000, 0.00500000, -0.00298339
-0.01000000, 0.00375000, 0.00625000, -0.00261614
-0.01000000, 0.00250000, 0.00750000, -0.00223268
-0.01000000, 0.00125000, 0.00875000, -0.00195922
-0.01000000, 0.00000000, 0.01000000, -0.00147530
0.00000000, -0.01000000, 0.01000000, -0.00840928
0.00125000, -0.01000000, 0.00875000, 0.01458003
0.00250000, -0.01000000, 0.00750000, 0.03587103
0.00375000, -0.01000000, 0.00625000, 0.05182869
0.00500000, -0.01000000, 0.00500000, 0.06136068
0.00625000, -0.01000000, 0.00375000, 0.06368001
0.00750000, -0.01000000, 0.00250000, 0.05776153
0.00875000, -0.01000000, 0.00125000, 0.04276869
0.01000000, -0.01000000, 0.00000000, 0.01492768
0.01000000, -0.00875000, -0.00125000, 0.01201282
0.01000000, -0.00750000, -0.00250000, 0.01080130
0.01000000, -0.00625000, -0.00375000, 0.01001738
0.01000000, -0.00500000, -0.00500000, 0.00940741
0.01000000, -0.00375000, -0.00625000, 0.00895039
0.01000000, -0.00250000, -0.00750000, 0.00848231
0.01000000, -0.00125000, -0.00875000, 0.00814077
0.02000000, 0.00000000, -0.02000000, 0.00601623
0.01750000, 0.00250000, -0.02000000, 0.00621885
0.01500000, 0.00500000, -0.02000000, 0.00638138
0.01250000, 0.00750000, -0.02000000, 0.00654796
0.01000000, 0.01000000, -0.02000000, 0.00674210
0.00750000, 0.01250000, -0.02000000, 0.00700430
0.00500000, 0.01500000, -0.02000000, 0.00731658
0.00250000, 0.01750000, -0.02000000, 0.00784280
0.00000000, 0.02000000, -0.02000000, 0.00909654
-0.00250000, 0.02000000, -0.01750000, 0.02296209
-0.00500000, 0.02000000, -0.01500000, 0.03064812
-0.00750000, 0.02000000, -0.01250000, 0.03376833
-0.01000000, 0.02000000, -0.01000000, 0.03284787
-0.01250000, 0.02000000, -0.00750000, 0.02830263
-0.01500000, 0.02000000, -0.00500000, 0.02041080
-0.01750000, 0.02000000, -0.00250000, 0.00979692
-0.02000000, 0.02000000, 0.00000000, -0.00193068
-0.02000000, 0.01750000, 0.00250000, -0.00068696
-0.02000000, 0.01500000, 0.00500000, -0.00027457
-0.02000000, 0.01250000, 0.00750000, -0.00004495
-0.02000000, 0.01000000, 0.01000000, 0.00012132
-0.02000000, 0.00750000, 0.01250000, 0.00021411
-0.02000000, 0.00500000, 0.01500000, 0.00033216
-0.02000000, 0.00250000, 0.01750000, 0.00042092
-0.02000000, 0.00000000, 0.02000000, 0.00062677
-0.01750000, -0.00250000, 0.02000000, 0.00042092
-0.01500000, -0.00500000, 0.02000000, 0.00033216
-0.01250000, -0.00750000, 0.02000000, 0.00021411
-0.01000000, -0.01000000, 0.02000000, 0.00012132
-0.00750000, -0.01250000, 0.02000000, -0.00004495
-0.00500000, -0.01500000, 0.02000000, -0.00027457
-0.00250000, -0.01750000, 0.02000000, -0.00068696
0.00000000, -0.02000000, 0.02000000, -0.00193068
0.00250000, -0.02000000, 0.01750000, 0.00979692
0.00500000, -0.02000000, 0.01500000, 0.02041080
0.00750000, -0.02000000, 0.01250000, 0.02830263
0.01000000, -0.02000000, 0.01000000, 0.03284787
0.01250000, -0.02000000, 0.00750000, 0.03376833
0.01500000, -0.02000000, 0.00500000, 0.03064812
0.01750000, -0.02000000, 0.00250000, 0.02296209
0.02000000, -0.02000000, 0.00000000, 0.00909654
0.02000000, -0.01750000, -0.00250000, 0.00784280
0.02000000, -0.01500000, -0.00500000, 0.00731658
0.02000000, -0.01250000, -0.00750000, 0.00700430
0.02000000, -0.01000000, -0.01000000, 0.00674210
0.02000000, -0.00750000, -0.01250000, 0.00654796
0.02000000, -0.00500000, -0.01500000, 0.00638138
0.02000000, -0.00250000, -0.01750000, 0.00621885
0.03000000, 0.00000000, -0.03000000, 0.00573845
0.02625000, 0.00375000, -0.03000000, 0.00584518
0.02250000, 0.00750000, -0.03000000, 0.00594010
0.01875000, 0.01125000, -0.03000000, 0.00604001
0.01500000, 0.01500000, -0.03000000, 0.00618177
0.01125000, 0.01875000, -0.03000000, 0.00635730
0.00750000, 0.02250000, -0.03000000, 0.00657516
0.00375000, 0.02625000, -0.03000000, 0.00693990
0.00000000, 0.03000000, -0.03000000, 0.00774298
-0.00375000, 0.03000000, -0.02625000, 0.01696996
-0.00750000, 0.03000000, -0.02250000, 0.02213239
-0.01125000, 0.03000000, -0.01875000, 0.02426342
-0.01500000, 0.03000000, -0.01500000, 0.02368984
-0.01875000, 0.03000000, -0.01125000, 0.02064951
-0.02250000, 0.03000000, -0.00750000, 0.01537038
-0.02625000, 0.03000000, -0.00375000, 0.00823615
-0.03000000, 0.03000000, 0.00000000, 0.00028390
-0.03000000, 0.02625000, 0.00375000, 0.00098864
-0.03000000, 0.02250000, 0.00750000, 0.00114369
-0.03000000, 0.01875000, 0.01125000, 0.00118951
-0.03000000, 0.01500000, 0.01500000, 0.00119434
-0.03000000, 0.01125000, 0.01875000, 0.00119926
-0.03000000, 0.00750000, 0.02250000, 0.00123416
-0.03000000, 0.00375000, 0.02625000, 0.00126030
-0.03000000, 0.00000000, 0.03000000, 0.00138510
-0.02625000, -0.00375000, 0.03000000, 0.00126030
-0.02250000, -0.00750000, 0.03000000, 0.00123416
-0.01875000, -0.01125000, 0.03000000, 0.00119926
-0.01500000, -0.01500000, 0.03000000, 0.00119434
-0.01125000, -0.01875000, 0.03000000, 0.00118951
-0.00750000, -0.02250000, 0.03000000, 0.00114369
-0.00375000, -0.02625000, 0.03000000, 0.00098864
0.00000000, -0.03000000, 0.03000000, 0.00028390
0.00375000, -0.03000000, 0.02625000, 0.00823615
0.00750000, -0.03000000, 0.02250000, 0.01537038
0.01125000, -0.03000000, 0.01875000, 0.02064951
0.01500000, -0.03000000, 0.01500000, 0.02368984
0.01875000, -0.03000000, 0.01125000, 0.02426342
0.02250000, -0.03000000, 0.00750000, 0.02213239
0.02625000, -0.03000000, 0.00375000, 0.01696996
0.03000000, -0.03000000, 0.00000000, 0.00774298
0.03000000, -0.02625000, -0.00375000, 0.00693990
0.03000000, -0.02250000, -0.00750000, 0.00657516
0.03000000, -0.01875000, -0.01125000, 0.00635730
0.03000000, -0.01500000, -0.01500000, 0.00618177
0.03000000, -0.01125000, -0.01875000, 0.00604001
0.03000000, -0.00750000, -0.02250000, 0.00594010
0.03000000, -0.00375000, -0.02625000, 0.00584518
0.04000000, 0.00000000, -0.04000000, 0.00581614
0.03500000, 0.00500000, -0.04000000, 0.00586584
0.03000000, 0.01000000, -0.04000000, 0.00591740
0.02500000, 0.01500000, -0.04000000, 0.00600521
0.02000000, 0.02000000, -0.04000000, 0.00613400
0.01500000, 0.02500000, -0.04000000, 0.00630282
0.01000000, 0.03000000, -0.04000000, 0.00652332
0.00500000, 0.03500000, -0.04000000, 0.00683787
0.00000000, 0.04000000, -0.04000000, 0.00748481
-0.00500000, 0.04000000, -0.03500000, 0.01439726
-0.01000000, 0.04000000, -0.03000000, 0.01827040
-0.01500000, 0.04000000, -0.02500000, 0.01985970
-0.02000000, 0.04000000, -0.02000000, 0.01940258
-0.02500000, 0.04000000, -0.01500000, 0.01707757
-0.03000000, 0.04000000, -0.01000000, 0.01306414
-0.03500000, 0.04000000, -0.00500000, 0.00761950
-0.04000000, 0.04000000, 0.00000000, 0.00155745
-0.04000000, 0.03500000, 0.00500000, 0.00197980
-0.04000000, 0.03000000, 0.01000000, 0.00198798
-0.04000000, 0.02500000, 0.01500000, 0.00191885
-0.04000000, 0.02000000, 0.02000000, 0.00183893
-0.04000000, 0.01500000, 0.02500000, 0.00177426
-0.04000000, 0.01000000, 0.03000000, 0.00174221
-0.04000000, 0.00500000, 0.03500000, 0.00175225
-0.04000000, 0.00000000, 0.04000000, 0.00184206
-0.03500000, -0.00500000, 0.04000000, 0.00175225
-0.03000000, -0.01000000, 0.04000000, 0.00174221
-0.02500000, -0.01500000, 0.04000000, 0.00177426
-0.02000000, -0.02000000, 0.04000000, 0.00183893
-0.01500000, -0.02500000, 0.04000000, 0.00191885
-0.01000000, -0.03000000, 0.04000000, 0.00198798
-0.00500000, -0.03500000, 0.04000000, 0.00197980
0.00000000, -0.04000000, 0.04000000, 0.00155745
0.00500000, -0.04000000, 0.03500000, 0.00761950
0.01000000, -0.04000000, 0.03000000, 0.01306414
0.01500000, -0.04000000, 0.02500000, 0.01707757
0.02000000, -0.04000000, 0.02000000, 0.01940258
0.02500000, -0.04000000, 0.01500000, 0.01985970
0.03000000, -0.04000000, 0.01000000, 0.01827040
0.03500000, -0.04000000, 0.00500000, 0.01439726
0.04000000, -0.04000000, 0.00000000, 0.00748481
0.04000000, -0.03500000, -0.00500000, 0.00683787
0.04000000, -0.03000000, -0.01000000, 0.00652332
0.04000000, -0.02500000, -0.01500000, 0.00630282
0.04000000, -0.02000000, -0.02000000, 0.00613400
0.04000000, -0.01500000, -0.02500000, 0.00600521
0.04000000, -0.01000000, -0.03000000, 0.00591740
0.04000000, -0.00500000, -0.03500000, 0.00586584
0.05000000, 0.00000000, -0.05000000, 0.00606520
0.04375000, 0.00625000, -0.05000000, 0.00606316
0.03750000, 0.01250000, -0.05000000, 0.00608956
0.03125000, 0.01875000, -0.05000000, 0.00617671
0.02500000, 0.02500000, -0.05000000, 0.00631795
0.01875000, 0.03125000, -0.05000000, 0.00650844
0.01250000, 0.03750000, -0.05000000, 0.00675800
0.00625000, 0.04375000, -0.05000000, 0.00708978
0.00000000, 0.05000000, -0.05000000, 0.00769306
-0.00625000, 0.05000000, -0.04375000, 0.01320840
-0.01250000, 0.05000000, -0.03750000, 0.01628569
-0.01875000, 0.05000000, -0.03125000, 0.01752206
-0.02500000, 0.05000000, -0.02500000, 0.01710788
-0.03125000, 0.05000000, -0.01875000, 0.01518291
-0.03750000, 0.05000000, -0.01250000, 0.01189322
-0.04375000, 0.05000000, -0.00625000, 0.00744755
-0.05000000, 0.05000000, 0.00000000, 0.00251250
-0.05000000, 0.04375000, 0.00625000, 0.00274795
-0.05000000, 0.03750000, 0.01250000, 0.00263948
-0.05000000, 0.03125000, 0.01875000, 0.00247792
-0.05000000, 0.02500000, 0.02500000, 0.00232388
-0.05000000, 0.01875000, 0.03125000, 0.00220498
-0.05000000, 0.01250000, 0.03750000, 0.00213243
-0.05000000, 0.00625000, 0.04375000, 0.00212643
-0.05000000, 0.00000000, 0.05000000, 0.00220265
-0.04375000, -0.00625000, 0.05000000, 0.00212643
-0.03750000, -0.01250000, 0.05000000, 0.00213243
-0.03125000, -0.01875000, 0.05000000, 0.00220498
-0.02500000, -0.02500000, 0.05000000, 0.00232388
-0.01875000, -0.03125000, 0.05000000, 0.00247792
-0.01250000, -0.03750000, 0.05000000, 0.00263948
-0.00625000, -0.04375000, 0.05000000, 0.00274795
0.00000000, -0.05000000, 0.05000000, 0.00251250
0.00625000, -0.05000000, 0.04375000, 0.00744755
0.01250000, -0.05000000, 0.03750000, 0.01189322
0.01875000, -0.05000000, 0.03125000, 0.01518291
0.02500000, -0.05000000, 0.02500000, 0.01710788
0.03125000, -0.05000000, 0.01875000, 0.01752206
0.03750000, -0.05000000, 0.01250000, 0.01628569
0.04375000, -0.05000000, 0.00625000, 0.01320840
0.05000000, -0.05000000, 0.00000000, 0.00769306
0.05000000, -0.04375000, -0.00625000, 0.00708978
0.05000000, -0.03750000, -0.01250000, 0.00675800
0.05000000, -0.03125000, -0.01875000, 0.00650844
0.05000000, -0.02500000, -0.02500000, 0.00631795
0.05000000, -0.01875000, -0.03125000, 0.00617671
0.05000000, -0.01250000, -0.03750000, 0.00608956
0.05000000, -0.00625000, -0.04375000, 0.00606316
0.06000000, 0.00000000, -0.06000000, 0.00643591
0.05250000, 0.00750000, -0.06000000, 0.00638570
0.04500000, 0.01500000, -0.06000000, 0.00639440
0.03750000, 0.02250000, -0.06000000, 0.00648126
0.03000000, 0.03000000, -0.06000000, 0.00664187
0.02250000, 0.03750000, -0.06000000, 0.00686826
0.01500000, 0.04500000, -0.06000000, 0.00716347
0.00750000, 0.05250000, -0.06000000, 0.00754748
0.00000000, 0.06000000, -0.06000000, 0.00817422
-0.00750000, 0.06000000, -0.05250000, 0.01274484
-0.01500000, 0.06000000, -0.04500000, 0.01527167
-0.02250000, 0.06000000, -0.03750000, 0.01624875
-0.03000000, 0.06000000, -0.03000000, 0.01583433
-0.03750000, 0.06000000, -0.02250000, 0.01415134
-0.04500000, 0.06000000, -0.01500000, 0.01132210
-0.05250000, 0.06000000, -0.00750000, 0.00752559
-0.06000000, 0.06000000, 0.00000000, 0.00334658
-0.06000000, 0.05250000, 0.00750000, 0.00342576
-0.06000000, 0.04500000, 0.01500000, 0.00321130
-0.06000000, 0.03750000, 0.02250000, 0.00296891
-0.06000000, 0.03000000, 0.03000000, 0.00275228
-0.06000000, 0.02250000, 0.03750000, 0.00258267
-0.06000000, 0.01500000, 0.04500000, 0.00247865
-0.06000000, 0.00750000, 0.05250000, 0.00245292
-0.06000000, 0.00000000, 0.06000000, 0.00252644
-0.05250000, -0.00750000, 0.06000000, 0.00245292
-0.04500000, -0.01500000, 0.06000000, 0.00247865
-0.03750000, -0.02250000, 0.06000000, 0.00258267
-0.03000000, -0.03000000, 0.06000000, 0.00275228
-0.02250000, -0.03750000, 0.06000000, 0.00296891
-0.01500000, -0.04500000, 0.06000000, 0.00321130
-0.00750000, -0.05250000, 0.06000000, 0.00342576
0.00000000, -0.06000000, 0.06000000, 0.00334658
0.00750000, -0.06000000, 0.05250000, 0.00752559
0.01500000, -0.06000000, 0.04500000, 0.01132210
0.02250000, -0.06000000, 0.03750000, 0.01415134
0.03000000, -0.06000000, 0.03000000, 0.01583433
0.03750000, -0.06000000, 0.02250000, 0.01624875
0.04500000, -0.06000000, 0.01500000, 0.01527167
0.05250000, -0.06000000, 0.00750000, 0.01274484
0.06000000, -0.06000000, 0.00000000, 0.00817422
0.06000000, -0.05250000, -0.00750000, 0.00754748
0.06000000, -0.04500000, -0.01500000, 0.00716347
0.06000000, -0.03750000, -0.02250000, 0.00686826
0.06000000, -0.03000000, -0.03000000, 0.00664187
0.06000000, -0.02250000, -0.03750000, 0.00648126
0.06000000, -0.01500000, -0.04500000, 0.00639440
0.06000000, -0.00750000, -0.05250000, 0.00638570
0.07000000, 0.00000000, -0.07000000, 0.00690196
0.06125000, 0.00875000, -0.07000000, 0.00679717
0.05250000, 0.01750000, -0.07000000, 0.00678831
0.04375000, 0.02625000, -0.07000000, 0.00688299
0.03500000, 0.03500000, -0.07000000, 0.00707228
0.02625000, 0.04375000, -0.07000000, 0.00734605
0.01750000, 0.05250000, -0.07000000, 0.00770512
0.00875000, 0.06125000, -0.07000000, 0.00815865
0.00000000, 0.07000000, -0.07000000, 0.00884487
-0.00875000, 0.07000000, -0.06125000, 0.01272070
-0.01750000, 0.07000000, -0.05250000, 0.01483296
-0.02625000, 0.07000000, -0.04375000, 0.01560292
-0.03500000, 0.07000000, -0.03500000, 0.01517044
-0.04375000, 0.07000000, -0.02625000, 0.01364232
-0.05250000, 0.07000000, -0.01750000, 0.01112719
-0.06125000, 0.07000000, -0.00875000, 0.00777975
-0.07000000, 0.07000000, 0.00000000, 0.00413913
-0.07000000, 0.06125000, 0.00875000, 0.00408000
-0.07000000, 0.05250000, 0.01750000, 0.00376425
-0.07000000, 0.04375000, 0.02625000, 0.00343813
-0.07000000, 0.03500000, 0.03500000, 0.00315653
-0.07000000, 0.02625000, 0.04375000, 0.00293999
-0.07000000, 0.01750000, 0.05250000, 0.00280622
-0.07000000, 0.00875000, 0.06125000, 0.00276917
-0.07000000, 0.00000000, 0.07000000, 0.00284951
-0.06125000, -0.00875000, 0.07000000, 0.00276917
-0.05250000, -0.01750000, 0.07000000, 0.00280622
-0.04375000, -0.02625000, 0.07000000, 0.00293999
-0.03500000, -0.03500000, 0.07000000, 0.00315653
-0.02625000, -0.04375000, 0.07000000, 0.00343813
-0.01750000, -0.05250000, 0.07000000, 0.00376425
-0.00875000, -0.06125000, 0.07000000, 0.00408000
0.00000000, -0.07000000, 0.07000000, 0.00413913
0.00875000, -0.07000000, 0.06125000, 0.00777975
0.01750000, -0.07000000, 0.05250000, 0.01112719
0.02625000, -0.07000000, 0.04375000, 0.01364232
0.03500000, -0.07000000, 0.03500000, 0.01517044
0.04375000, -0.07000000, 0.02625000, 0.01560292
0.05250000, -0.07000000, 0.01750000, 0.01483296
0.06125000, -0.07000000, 0.00875000, 0.01272070
0.07000000, -0.07000000, 0.00000000, 0.00884487
0.07000000, -0.06125000, -0.00875000, 0.00815865
0.07000000, -0.05250000, -0.01750000, 0.00770512
0.07000000, -0.04375000, -0.02625000, 0.00734605
0.07000000, -0.03500000, -0.03500000, 0.00707228
0.07000000, -0.02625000, -0.04375000, 0.00688299
0.07000000, -0.01750000, -0.05250000, 0.00678831
0.07000000, -0.00875000, -0.06125000, 0.00679717
0.08000000, 0.00000000, -0.08000000, 0.00745810
0.07000000, 0.01000000, -0.08000000, 0.00729267
0.06000000, 0.02000000, -0.08000000, 0.00726382
0.05000000, 0.03000000, -0.08000000, 0.00736900
0.04000000, 0.04000000, -0.08000000, 0.00759255
0.03000000, 0.05000000, -0.08000000, 0.00792132
0.02000000, 0.06000000, -0.08000000, 0.00835600
0.01000000, 0.07000000, -0.08000000, 0.00889503
0.00000000, 0.08000000, -0.08000000, 0.00966443
-0.01000000, 0.08000000, -0.07000000, 0.01299810
-0.02000000, 0.08000000, -0.06000000, 0.01477689
-0.03000000, 0.08000000, -0.05000000, 0.01537044
-0.04000000, 0.08000000, -0.04000000, 0.01490661
-0.05000000, 0.08000000, -0.03000000, 0.01347830
-0.06000000, 0.08000000, -0.02000000, 0.01118566
-0.07000000, 0.08000000, -0.01000000, 0.00816653
-0.08000000, 0.08000000, 0.00000000, 0.00492682
-0.08000000, 0.07000000, 0.01000000, 0.00473694
-0.08000000, 0.06000000, 0.02000000, 0.00431809
-0.08000000, 0.05000000, 0.03000000, 0.00390593
-0.08000000, 0.04000000, 0.04000000, 0.00355752
-0.08000000, 0.03000000, 0.05000000, 0.00329509
-0.08000000, 0.02000000, 0.06000000, 0.00313287
-0.08000000, 0.01000000, 0.07000000, 0.00308875
-0.08000000, 0.00000000, 0.08000000, 0.00318020
-0.07000000, -0.01000000, 0.08000000, 0.00308875
-0.06000000, -0.02000000, 0.08000000, 0.00313287
-0.05000000, -0.03000000, 0.08000000, 0.00329509
-0.04000000, -0.04000000, 0.08000000, 0.00355752
-0.03000000, -0.05000000, 0.08000000, 0.00390593
-0.02000000, -0.06000000, 0.08000000, 0.00431809
-0.01000000, -0.07000000, 0.08000000, 0.00473694
0.00000000, -0.08000000, 0.08000000, 0.00492682
0.01000000, -0.08000000, 0.07000000, 0.00816653
0.02000000, -0.08000000, 0.06000000, 0.01118566
0.03000000, -0.08000000, 0.05000000, 0.01347830
0.04000000, -0.08000000, 0.04000000, 0.01490661
0.05000000, -0.08000000, 0.03000000, 0.01537044
0.06000000, -0.08000000, 0.02000000, 0.01477689
0.07000000, -0.08000000, 0.01000000, 0.01299810
0.08000000, -0.08000000, 0.00000000, 0.00966443
0.08000000, -0.07000000, -0.01000000, 0.00889503
0.08000000, -0.06000000, -0.02000000, 0.00835600
0.08000000, -0.05000000, -0.03000000, 0.00792132
0.08000000, -0.04000000, -0.04000000, 0.00759255
0.08000000, -0.03000000, -0.05000000, 0.00736900
0.08000000, -0.02000000, -0.06000000, 0.00726382
0.08000000, -0.01000000, -0.07000000, 0.00729267
0.09000000, 0.00000000, -0.09000000, 0.00810028
0.07875000, 0.01125000, -0.09000000, 0.00787210
0.06750000, 0.02250000, -0.09000000, 0.00782032
0.05625000, 0.03375000, -0.09000000, 0.00793389
0.04500000, 0.04500000, -0.09000000, 0.00819326
0.03375000, 0.05625000, -0.09000000, 0.00858201
0.02250000, 0.06750000, -0.09000000, 0.00909927
0.01125000, 0.07875000, -0.09000000, 0.00973771
0.00000000, 0.09000000, -0.09000000, 0.01060984
-0.01125000, 0.09000000, -0.07875000, 0.01349980
-0.02250000, 0.09000000, -0.06750000, 0.01499689
-0.03375000, 0.09000000, -0.05625000, 0.01543262
-0.04500000, 0.09000000, -0.04500000, 0.01492487
-0.05625000, 0.09000000, -0.03375000, 0.01355839
-0.06750000, 0.09000000, -0.02250000, 0.01142615
-0.07875000, 0.09000000, -0.01125000, 0.00865553
-0.09000000, 0.09000000, 0.00000000, 0.00572678
-0.09000000, 0.07875000, 0.01125000, 0.00540605
-0.09000000, 0.06750000, 0.02250000, 0.00487986
-0.09000000, 0.05625000, 0.03375000, 0.00438125
-0.09000000, 0.04500000, 0.04500000, 0.00396645
-0.09000000, 0.03375000, 0.05625000, 0.00365693
-0.09000000, 0.02250000, 0.06750000, 0.00346673
-0.09000000, 0.01125000, 0.07875000, 0.00341435
-0.09000000, 0.00000000, 0.09000000, 0.00351646
-0.07875000, -0.01125000, 0.09000000, 0.00341435
-0.06750000, -0.02250000, 0.09000000, 0.00346673
-0.05625000, -0.03375000, 0.09000000, 0.00365693
-0.04500000, -0.04500000, 0.09000000, 0.00396645
-0.03375000, -0.05625000, 0.09000000, 0.00438125
-0.02250000, -0.06750000, 0.09000000, 0.00487986
-0.01125000, -0.07875000, 0.09000000, 0.00540605
0.00000000, -0.09000000, 0.09000000, 0.00572678
0.01125000, -0.09000000, 0.07875000, 0.00865553
0.02250000, -0.09000000, 0.06750000, 0.01142615
0.03375000, -0.09000000, 0.05625000, 0.01355839
0.04500000, -0.09000000, 0.04500000, 0.01492487
0.05625000, -0.09000000, 0.03375000, 0.01543262
0.06750000, -0.09000000, 0.02250000, 0.01499689
0.07875000, -0.09000000, 0.01125000, 0.01349980
0.09000000, -0.09000000, 0.00000000, 0.01060984
0.09000000, -0.07875000, -0.01125000, 0.00973771
0.09000000, -0.06750000, -0.02250000, 0.00909927
0.09000000, -0.05625000, -0.03375000, 0.00858201
0.09000000, -0.04500000, -0.04500000, 0.00819326
0.09000000, -0.03375000, -0.05625000, 0.00793389
0.09000000, -0.02250000, -0.06750000, 0.00782032
0.09000000, -0.01125000, -0.07875000, 0.00787210
0.10000000, 0.00000000, -0.10000000, 0.00881983
0.08750000, 0.01250000, -0.10000000, 0.00852780
0.07500000, 0.02500000, -0.10000000, 0.00845099
0.06250000, 0.03750000, -0.10000000, 0.00857144
0.05000000, 0.05000000, -0.10000000, 0.00886792
0.03750000, 0.06250000, -0.10000000, 0.00932094
0.02500000, 0.07500000, -0.10000000, 0.00992665
0.01250000, 0.08750000, -0.10000000, 0.01067466
0.00000000, 0.10000000, -0.10000000, 0.01166446
-0.01250000, 0.10000000, -0.08750000, 0.01417622
-0.02500000, 0.10000000, -0.07500000, 0.01542596
-0.03750000, 0.10000000, -0.06250000, 0.01571547
-0.05000000, 0.10000000, -0.05000000, 0.01515407
-0.06250000, 0.10000000, -0.03750000, 0.01382228
-0.07500000, 0.10000000, -0.02500000, 0.01180640
-0.08750000, 0.10000000, -0.01250000, 0.00922670
-0.10000000, 0.10000000, 0.00000000, 0.00654528
-0.10000000, 0.08750000, 0.01250000, 0.00609124
-0.10000000, 0.07500000, 0.02500000, 0.00545376
-0.10000000, 0.06250000, 0.03750000, 0.00486720
-0.10000000, 0.05000000, 0.05000000, 0.00438543
-0.10000000, 0.03750000, 0.06250000, 0.00402721
-0.10000000, 0.02500000, 0.07500000, 0.00380851
-0.10000000, 0.01250000, 0.08750000, 0.00374578
-0.10000000, 0.00000000, 0.10000000, 0.00385668
-0.08750000, -0.01250000, 0.10000000, 0.00374578
-0.07500000, -0.02500000, 0.10000000, 0.00380851
-0.06250000, -0.03750000, 0.10000000, 0.00402721
-0.05000000, -0.05000000, 0.10000000, 0.00438543
-0.03750000, -0.06250000, 0.10000000, 0.00486720
-0.02500000, -0.07500000, 0.10000000, 0.00545376
-0.01250000, -0.08750000, 0.10000000, 0.00609124
0.00000000, -0.10000000, 0.10000000, 0.00654528
0.01250000, -0.10000000, 0.08750000, 0.00922670
0.02500000, -0.10000000, 0.07500000, 0.01180640
0.03750000, -0.10000000, 0.06250000, 0.01382228
0.05000000, -0.10000000, 0.05000000, 0.01515407
0.06250000, -0.10000000, 0.03750000, 0.01571547
0.07500000, -0.10000000, 0.02500000, 0.01542596
0.08750000, -0.10000000, 0.01250000, 0.01417622
0.10000000, -0.10000000, 0.00000000, 0.01166446
0.10000000, -0.08750000, -0.01250000, 0.01067466
0.10000000, -0.07500000, -0.02500000, 0.00992665
0.10000000, -0.06250000, -0.03750000, 0.00932094
0.10000000, -0.05000000, -0.05000000, 0.00886792
0.10000000, -0.03750000, -0.06250000, 0.00857144
0.10000000, -0.02500000, -0.07500000, 0.00845099
0.10000000, -0.01250000, -0.08750000, 0.00852780
0.15000000, 0.00000000, -0.15000000, 0.01320068
0.13125000, 0.01875000, -0.15000000, 0.01259848
0.11250000, 0.03750000, -0.15000000, 0.01241346
0.09375000, 0.05625000, -0.15000000, 0.01259982
0.07500000, 0.07500000, -0.15000000, 0.01312374
0.05625000, 0.09375000, -0.15000000, 0.01395543
0.03750000, 0.11250000, -0.15000000, 0.01507457
0.01875000, 0.13125000, -0.15000000, 0.01644897
0.00000000, 0.15000000, -0.15000000, 0.01809443
-0.01875000, 0.15000000, -0.13125000, 0.01922713
-0.03750000, 0.15000000, -0.11250000, 0.01949504
-0.05625000, 0.15000000, -0.09375000, 0.01912778
-0.07500000, 0.15000000, -0.07500000, 0.01821581
-0.09375000, 0.15000000, -0.05625000, 0.01682070
-0.11250000, 0.15000000, -0.03750000, 0.01500639
-0.13125000, 0.15000000, -0.01875000, 0.01286807
-0.15000000, 0.15000000, 0.00000000, 0.01082138
-0.15000000, 0.13125000, 0.01875000, 0.00968222
-0.15000000, 0.11250000, 0.03750000, 0.00844754
-0.15000000, 0.09375000, 0.05625000, 0.00737769
-0.15000000, 0.07500000, 0.07500000, 0.00652283
-0.15000000, 0.05625000, 0.09375000, 0.00589580
-0.15000000, 0.03750000, 0.11250000, 0.00550278
-0.15000000, 0.01875000, 0.13125000, 0.00535030
-0.15000000, 0.00000000, 0.15000000, 0.00544636
-0.13125000, -0.01875000, 0.15000000, 0.00535030
-0.11250000, -0.03750000, 0.15000000, 0.00550278
-0.09375000, -0.05625000, 0.15000000, 0.00589580
-0.07500000, -0.07500000, 0.15000000, 0.00652283
-0.05625000, -0.09375000, 0.15000000, 0.00737769
-0.03750000, -0.11250000, 0.15000000, 0.00844754
-0.01875000, -0.13125000, 0.15000000, 0.00968222
0.00000000, -0.15000000, 0.15000000, 0.01082138
0.01875000, -0.15000000, 0.13125000, 0.01286807
0.03750000, -0.15000000, 0.11250000, 0.01500639
0.05625000, -0.15000000, 0.09375000, 0.01682070
0.07500000, -0.15000000, 0.07500000, 0.01821581
0.09375000, -0.15000000, 0.05625000, 0.01912778
0.11250000, -0.15000000, 0.03750000, 0.01949504
0.13125000, -0.15000000, 0.01875000, 0.01922713
0.15000000, -0.15000000, 0.00000000, 0.01809443
0.15000000, -0.13125000, -0.01875000, 0.01644897
0.15000000, -0.11250000, -0.03750000, 0.01507457
0.15000000, -0.09375000, -0.05625000, 0.01395543
0.15000000, -0.07500000, -0.07500000, 0.01312374
0.15000000, -0.05625000, -0.09375000, 0.01259982
0.15000000, -0.03750000, -0.11250000, 0.01241346
0.15000000, -0.01875000, -0.13125000, 0.01259848
0.20000000, 0.00000000, -0.20000000, 0.01761703
0.17500000, 0.02500000, -0.20000000, 0.01699535
0.15000000, 0.05000000, -0.20000000, 0.01687973
0.12500000, 0.07500000, -0.20000000, 0.01724474
0.10000000, 0.10000000, -0.20000000, 0.01807463
0.07500000, 0.12500000, -0.20000000, 0.01934198
0.05000000, 0.15000000, -0.20000000, 0.02100651
0.02500000, 0.17500000, -0.20000000, 0.02300210
0.00000000, 0.20000000, -0.20000000, 0.02519598
-0.02500000, 0.20000000, -0.17500000, 0.02550080
-0.05000000, 0.20000000, -0.15000000, 0.02508456
-0.07500000, 0.20000000, -0.12500000, 0.02415195
-0.10000000, 0.20000000, -0.10000000, 0.02280137
-0.12500000, 0.20000000, -0.07500000, 0.02109455
-0.15000000, 0.20000000, -0.05000000, 0.01907740
-0.17500000, 0.20000000, -0.02500000, 0.01682487
-0.20000000, 0.20000000, 0.00000000, 0.01473704
-0.20000000, 0.17500000, 0.02500000, 0.01295156
-0.20000000, 0.15000000, 0.05000000, 0.01111789
-0.20000000, 0.12500000, 0.07500000, 0.00954904
-0.20000000, 0.10000000, 0.10000000, 0.00828823
-0.20000000, 0.07500000, 0.12500000, 0.00733212
-0.20000000, 0.05000000, 0.15000000, 0.00666780
-0.20000000, 0.02500000, 0.17500000, 0.00627368
-0.20000000, 0.00000000, 0.20000000, 0.00613772
-0.17500000, -0.02500000, 0.20000000, 0.00627368
-0.15000000, -0.05000000, 0.20000000, 0.00666780
-0.12500000, -0.07500000, 0.20000000, 0.00733212
-0.10000000, -0.10000000, 0.20000000, 0.00828823
-0.07500000, -0.12500000, 0.20000000, 0.00954904
-0.05000000, -0.15000000, 0.20000000, 0.01111789
-0.02500000, -0.17500000, 0.20000000, 0.01295156
0.00000000, -0.20000000, 0.20000000, 0.01473704
0.02500000, -0.20000000, 0.17500000, 0.01682487
0.05000000, -0.20000000, 0.15000000, 0.01907740
0.07500000, -0.20000000, 0.12500000, 0.02109455
0.10000000, -0.20000000, 0.10000000, 0.02280137
0.12500000, -0.20000000, 0.07500000, 0.02415195
0.15000000, -0.20000000, 0.05000000, 0.02508456
0.17500000, -0.20000000, 0.02500000, 0.02550080
0.20000000, -0.20000000, 0.00000000, 0.02519598
0.20000000, -0.17500000, -0.02500000, 0.02300210
0.20000000, -0.15000000, -0.05000000, 0.02100651
0.20000000, -0.12500000, -0.07500000, 0.01934198
0.20000000, -0.10000000, -0.10000000, 0.01807463
0.20000000, -0.07500000, -0.12500000, 0.01724474
0.20000000, -0.05000000, -0.15000000, 0.01687973
0.20000000, -0.02500000, -0.17500000, 0.01699535
0.25000000, 0.00000000, -0.25000000, 0.02014462
0.21875000, 0.03125000, -0.25000000, 0.02003391
0.18750000, 0.06250000, -0.25000000, 0.02034530
0.15625000, 0.09375000, -0.25000000, 0.02112039
0.12500000, 0.12500000, -0.25000000, 0.02238498
0.09375000, 0.15625000, -0.25000000, 0.02412521
0.06250000, 0.18750000, -0.25000000, 0.02628431
0.03125000, 0.21875000, -0.25000000, 0.02872654
0.00000000, 0.25000000, -0.25000000, 0.03112634
-0.03125000, 0.25000000, -0.21875000, 0.03127807
-0.06250000, 0.25000000, -0.18750000, 0.03061205
-0.09375000, 0.25000000, -0.15625000, 0.02931571
-0.12500000, 0.25000000, -0.12500000, 0.02753262
-0.15625000, 0.25000000, -0.09375000, 0.02534466
-0.18750000, 0.25000000, -0.06250000, 0.02279678
-0.21875000, 0.25000000, -0.03125000, 0.01995541
-0.25000000, 0.25000000, 0.00000000, 0.01726879
-0.25000000, 0.21875000, 0.03125000, 0.01502118
-0.25000000, 0.18750000, 0.06250000, 0.01270592
-0.25000000, 0.15625000, 0.09375000, 0.01069713
-0.25000000, 0.12500000, 0.12500000, 0.00904636
-0.25000000, 0.09375000, 0.15625000, 0.00773693
-0.25000000, 0.06250000, 0.18750000, 0.00673257
-0.25000000, 0.03125000, 0.21875000, 0.00598602
-0.25000000, 0.00000000, 0.25000000, 0.00545742
-0.21875000, -0.03125000, 0.25000000, 0.00598602
-0.18750000, -0.06250000, 0.25000000, 0.00673257
-0.15625000, -0.09375000, 0.25000000, 0.00773693
-0.12500000, -0.12500000, 0.25000000, 0.00904636
-0.09375000, -0.15625000, 0.25000000, 0.01069713
-0.06250000, -0.18750000, 0.25000000, 0.01270592
-0.03125000, -0.21875000, 0.25000000, 0.01502118
0.00000000, -0.25000000, 0.25000000, 0.01726879
0.03125000, -0.25000000, 0.21875000, 0.01995541
0.06250000, -0.25000000, 0.18750000, 0.02279678
0.09375000, -0.25000000, 0.15625000, 0.02534466
0.12500000, -0.25000000, 0.12500000, 0.02753262
0.15625000, -0.25000000, 0.09375000, 0.02931571
0.18750000, -0.25000000, 0.06250000, 0.03061205
0.21875000, -0.25000000, 0.03125000, 0.03127807
0.25000000, -0.25000000, 0.00000000, 0.03112634
0.25000000, -0.21875000, -0.03125000, 0.02872654
0.25000000, -0.18750000, -0.06250000, 0.02628431
0.25000000, -0.15625000, -0.09375000, 0.02412521
0.25000000, -0.12500000, -0.12500000, 0.02238498
0.25000000, -0.09375000, -0.15625000, 0.02112039
0.25000000, -0.06250000, -0.18750000, 0.02034530
0.25000000, -0.03125000, -0.21875000, 0.02003391
0.30000000, 0.00000000, -0.30000000, 0.01965522
0.26250000, 0.03750000, -0.30000000, 0.02051834
0.22500000, 0.07500000, -0.30000000, 0.02159826
0.18750000, 0.11250000, -0.30000000, 0.02299897
0.15000000, 0.15000000, -0.30000000, 0.02479373
0.11250000, 0.18750000, -0.30000000, 0.02698771
0.07500000, 0.22500000, -0.30000000, 0.02950367
0.03750000, 0.26250000, -0.30000000, 0.03212437
0.00000000, 0.30000000, -0.30000000, 0.03427929
-0.03750000, 0.30000000, -0.26250000, 0.03512170
-0.07500000, 0.30000000, -0.22500000, 0.03482716
-0.11250000, 0.30000000, -0.18750000, 0.03351974
-0.15000000, 0.30000000, -0.15000000, 0.03140499
-0.18750000, 0.30000000, -0.11250000, 0.02862398
-0.22500000, 0.30000000, -0.07500000, 0.02526563
-0.26250000, 0.30000000, -0.03750000, 0.02145429
-0.30000000, 0.30000000, 0.00000000, 0.01778865
-0.30000000, 0.26250000, 0.03750000, 0.01536162
-0.30000000, 0.22500000, 0.07500000, 0.01277376
-0.30000000, 0.18750000, 0.11250000, 0.01047728
-0.30000000, 0.15000000, 0.15000000, 0.00854117
-0.30000000, 0.11250000, 0.18750000, 0.00694460
-0.30000000, 0.07500000, 0.22500000, 0.00564036
-0.30000000, 0.03750000, 0.26250000, 0.00457274
-0.30000000, 0.00000000, 0.30000000, 0.00370485
-0.26250000, -0.03750000, 0.30000000, 0.00457274
-0.22500000, -0.07500000, 0.30000000, 0.00564036
-0.18750000, -0.11250000, 0.30000000, 0.00694460
-0.15000000, -0.15000000, 0.30000000, 0.00854117
-0.11250000, -0.18750000, 0.30000000, 0.01047728
-0.07500000, -0.22500000, 0.30000000, 0.01277376
-0.03750000, -0.26250000, 0.30000000, 0.01536162
0.00000000, -0.30000000, 0.30000000, 0.01778865
0.03750000, -0.30000000, 0.26250000, 0.02145429
0.07500000, -0.30000000, 0.22500000, 0.02526563
0.11250000, -0.30000000, 0.18750000, 0.02862398
0.15000000, -0.30000000, 0.15000000, 0.03140499
0.18750000, -0.30000000, 0.11250000, 0.03351974
0.22500000, -0.30000000, 0.07500000, 0.03482716
0.26250000, -0.30000000, 0.03750000, 0.03512170
0.30000000, -0.30000000, 0.00000000, 0.03427929
0.30000000, -0.26250000, -0.03750000, 0.03212437
0.30000000, -0.22500000, -0.07500000, 0.02950367
0.30000000, -0.18750000, -0.11250000, 0.02698771
0.30000000, -0.15000000, -0.15000000, 0.02479373
0.30000000, -0.11250000, -0.18750000, 0.02299897
0.30000000, -0.07500000, -0.22500000, 0.02159826
0.30000000, -0.03750000, -0.26250000, 0.02051834
0.35000000, 0.00000000, -0.35000000, 0.01637187
0.30625000, 0.04375000, -0.35000000, 0.01827400
0.26250000, 0.08750000, -0.35000000, 0.02021206
0.21875000, 0.13125000, -0.35000000, 0.02228854
0.17500000, 0.17500000, -0.35000000, 0.02459231
0.13125000, 0.21875000, -0.35000000, 0.02713084
0.08750000, 0.26250000, -0.35000000, 0.02979706
0.04375000, 0.30625000, -0.35000000, 0.03229140
0.00000000, 0.35000000, -0.35000000, 0.03380719
-0.04375000, 0.35000000, -0.30625000, 0.03609196
-0.08750000, 0.35000000, -0.26250000, 0.03682740
-0.13125000, 0.35000000, -0.21875000, 0.03594835
-0.17500000, 0.35000000, -0.17500000, 0.03369056
-0.21875000, 0.35000000, -0.13125000, 0.03028883
-0.26250000, 0.35000000, -0.08750000, 0.02595482
-0.30625000, 0.35000000, -0.04375000, 0.02099004
-0.35000000, 0.35000000, 0.00000000, 0.01628123
-0.35000000, 0.30625000, 0.04375000, 0.01397499
-0.35000000, 0.26250000, 0.08750000, 0.01137626
-0.35000000, 0.21875000, 0.13125000, 0.00901177
-0.35000000, 0.17500000, 0.17500000, 0.00697888
-0.35000000, 0.13125000, 0.21875000, 0.00526765
-0.35000000, 0.08750000, 0.26250000, 0.00384163
-0.35000000, 0.04375000, 0.30625000, 0.00265920
-0.35000000, 0.00000000, 0.35000000, 0.00171578
-0.30625000, -0.04375000, 0.35000000, 0.00265920
-0.26250000, -0.08750000, 0.35000000, 0.00384163
-0.21875000, -0.13125000, 0.35000000, 0.00526765
-0.17500000, -0.17500000, 0.35000000, 0.00697888
-0.13125000, -0.21875000, 0.35000000, 0.00901177
-0.08750000, -0.26250000, 0.35000000, 0.01137626
-0.04375000, -0.30625000, 0.35000000, 0.01397499
0.00000000, -0.35000000, 0.35000000, 0.01628123
0.04375000, -0.35000000, 0.30625000, 0.02099004
0.08750000, -0.35000000, 0.26250000, 0.02595482
0.13125000, -0.35000000, 0.21875000, 0.03028883
0.17500000, -0.35000000, 0.17500000, 0.03369056
0.21875000, -0.35000000, 0.13125000, 0.03594835
0.26250000, -0.35000000, 0.08750000, 0.03682740
0.30625000, -0.35000000, 0.04375000, 0.03609196
0.35000000, -0.35000000, 0.00000000, 0.03380719
0.35000000, -0.30625000, -0.04375000, 0.03229140
0.35000000, -0.26250000, -0.08750000, 0.02979706
0.35000000, -0.21875000, -0.13125000, 0.02713084
0.35000000, -0.17500000, -0.17500000, 0.02459231
0.35000000, -0.13125000, -0.21875000, 0.02228854
0.35000000, -0.08750000, -0.26250000, 0.02021206
0.35000000, -0.04375000, -0.30625000, 0.01827400
0.40000000, 0.00000000, -0.40000000, 0.01162249
0.35000000, 0.05000000, -0.40000000, 0.01414457
0.30000000, 0.10000000, -0.40000000, 0.01667506
0.25000000, 0.15000000, -0.40000000, 0.01923214
0.20000000, 0.20000000, -0.40000000, 0.02186077
0.15000000, 0.25000000, -0.40000000, 0.02453593
0.10000000, 0.30000000, -0.40000000, 0.02710983
0.05000000, 0.35000000, -0.40000000, 0.02921136
0.00000000, 0.40000000, -0.40000000, 0.02987840
-0.05000000, 0.40000000, -0.35000000, 0.03395204
-0.10000000, 0.40000000, -0.30000000, 0.03619225
-0.15000000, 0.40000000, -0.25000000, 0.03615000
-0.20000000, 0.40000000, -0.20000000, 0.03398855
-0.25000000, 0.40000000, -0.15000000, 0.03004335
-0.30000000, 0.40000000, -0.10000000, 0.02474968
-0.35000000, 0.40000000, -0.05000000, 0.01873340
-0.40000000, 0.40000000, 0.00000000, 0.01328467
-0.40000000, 0.35000000, 0.05000000, 0.01133986
-0.40000000, 0.30000000, 0.10000000, 0.00898484
-0.40000000, 0.25000000, 0.15000000, 0.00678875
-0.40000000, 0.20000000, 0.20000000, 0.00488534
-0.40000000, 0.15000000, 0.25000000, 0.00329111
-0.40000000, 0.10000000, 0.30000000, 0.00199318
-0.40000000, 0.05000000, 0.35000000, 0.00097487
-0.40000000, 0.00000000, 0.40000000, 0.00025342
-0.35000000, -0.05000000, 0.40000000, 0.00097487
-0.30000000, -0.10000000, 0.40000000, 0.00199318
-0.25000000, -0.15000000, 0.40000000, 0.00329111
-0.20000000, -0.20000000, 0.40000000, 0.00488534
-0.15000000, -0.25000000, 0.40000000, 0.00678875
-0.10000000, -0.30000000, 0.40000000, 0.00898484
-0.05000000, -0.35000000, 0.40000000, 0.01133986
0.00000000, -0.40000000, 0.40000000, 0.01328467
0.05000000, -0.40000000, 0.35000000, 0.01873340
0.10000000, -0.40000000, 0.30000000, 0.02474968
0.15000000, -0.40000000, 0.25000000, 0.03004335
0.20000000, -0.40000000, 0.20000000, 0.03398855
0.25000000, -0.40000000, 0.15000000, 0.03615000
0.30000000, -0.40000000, 0.10000000, 0.03619225
0.35000000, -0.40000000, 0.05000000, 0.03395204
0.40000000, -0.40000000, 0.00000000, 0.02987840
0.40000000, -0.35000000, -0.05000000, 0.02921136
0.40000000, -0.30000000, -0.10000000, 0.02710983
0.40000000, -0.25000000, -0.15000000, 0.02453593
0.40000000, -0.20000000, -0.20000000, 0.02186077
0.40000000, -0.15000000, -0.25000000, 0.01923214
0.40000000, -0.10000000, -0.30000000, 0.01667506
0.40000000, -0.05000000, -0.35000000, 0.01414457
0.45000000, 0.00000000, -0.45000000, 0.00698557
0.39375000, 0.05625000, -0.45000000, 0.00948702
0.33750000, 0.11250000, -0.45000000, 0.01210871
0.28125000, 0.16875000, -0.45000000, 0.01475486
0.22500000, 0.22500000, -0.45000000, 0.01738850
0.16875000, 0.28125000, -0.45000000, 0.01992629
0.11250000, 0.33750000, -0.45000000, 0.02217523
0.05625000, 0.39375000, -0.45000000, 0.02372606
0.00000000, 0.45000000, -0.45000000, 0.02358662
-0.05625000, 0.45000000, -0.39375000, 0.02919122
-0.11250000, 0.45000000, -0.33750000, 0.03303953
-0.16875000, 0.45000000, -0.28125000, 0.03408692
-0.22500000, 0.45000000, -0.22500000, 0.03225261
-0.28125000, 0.45000000, -0.16875000, 0.02794385
-0.33750000, 0.45000000, -0.11250000, 0.02191328
-0.39375000, 0.45000000, -0.05625000, 0.01524287
-0.45000000, 0.45000000, 0.00000000, 0.00964500
-0.45000000, 0.39375000, 0.05625000, 0.00818876
-0.45000000, 0.33750000, 0.11250000, 0.00626402
-0.45000000, 0.28125000, 0.16875000, 0.00443226
-0.45000000, 0.22500000, 0.22500000, 0.00285489
-0.45000000, 0.16875000, 0.28125000, 0.00157612
-0.45000000, 0.11250000, 0.33750000, 0.00060370
-0.45000000, 0.05625000, 0.39375000, -0.00006607
-0.45000000, 0.00000000, 0.45000000, -0.00042641
-0.39375000, -0.05625000, 0.45000000, -0.00006607
-0.33750000, -0.11250000, 0.45000000, 0.00060370
-0.28125000, -0.16875000, 0.45000000, 0.00157612
-0.22500000, -0.22500000, 0.45000000, 0.00285489
-0.16875000, -0.28125000, 0.45000000, 0.00443226
-0.11250000, -0.33750000, 0.45000000, 0.00626402
-0.05625000, -0.39375000, 0.45000000, 0.00818876
0.00000000, -0.45000000, 0.45000000, 0.00964500
0.05625000, -0.45000000, 0.39375000, 0.01524287
0.11250000, -0.45000000, 0.33750000, 0.02191328
0.16875000, -0.45000000, 0.28125000, 0.02794385
0.22500000, -0.45000000, 0.22500000, 0.03225261
0.28125000, -0.45000000, 0.16875000, 0.03408692
0.33750000, -0.45000000, 0.11250000, 0.03303953
0.39375000, -0.45000000, 0.05625000, 0.02919122
0.45000000, -0.45000000, 0.00000000, 0.02358662
0.45000000, -0.39375000, -0.05625000, 0.02372606
0.45000000, -0.33750000, -0.11250000, 0.02217523
0.45000000, -0.28125000, -0.16875000, 0.01992629
0.45000000, -0.22500000, -0.22500000, 0.01738850
0.45000000, -0.16875000, -0.28125000, 0.01475486
0.45000000, -0.11250000, -0.33750000, 0.01210871
0.45000000, -0.05625000, -0.39375000, 0.00948702
0.50000000, 0.00000000, -0.50000000, 0.00350293
0.43750000, 0.06250000, -0.50000000, 0.00547393
0.37500000, 0.12500000, -0.50000000, 0.00770041
0.31250000, 0.18750000, -0.50000000, 0.01001691
0.25000000, 0.25000000, -0.50000000, 0.01231503
0.18750000, 0.31250000, -0.50000000, 0.01445658
0.12500000, 0.37500000, -0.50000000, 0.01621641
0.06250000, 0.43750000, -0.50000000, 0.01719595
0.00000000, 0.50000000, -0.50000000, 0.01650652
-0.06250000, 0.50000000, -0.43750000, 0.02284407
-0.12500000, 0.50000000, -0.37500000, 0.02796040
-0.18750000, 0.50000000, -0.31250000, 0.03010589
-0.25000000, 0.50000000, -0.25000000, 0.02876584
-0.31250000, 0.50000000, -0.18750000, 0.02435187
-0.37500000, 0.50000000, -0.12500000, 0.01798604
-0.43750000, 0.50000000, -0.06250000, 0.01126208
-0.50000000, 0.50000000, 0.00000000, 0.00618586
-0.50000000, 0.43750000, 0.06250000, 0.00522332
-0.50000000, 0.37500000, 0.12500000, 0.00381200
-0.50000000, 0.31250000, 0.18750000, 0.00245060
-0.50000000, 0.25000000, 0.25000000, 0.00130549
-0.50000000, 0.18750000, 0.31250000, 0.00043447
-0.50000000, 0.12500000, 0.37500000, -0.00014865
-0.50000000, 0.06250000, 0.43750000, -0.00045595
-0.50000000, 0.00000000, 0.50000000, -0.00051237
-0.43750000, -0.06250000, 0.50000000, -0.00045595
-0.37500000, -0.12500000, 0.50000000, -0.00014865
-0.31250000, -0.18750000, 0.50000000, 0.00043447
-0.25000000, -0.25000000, 0.50000000, 0.00130549
-0.18750000, -0.31250000, 0.50000000, 0.00245060
-0.12500000, -0.37500000, 0.50000000, 0.00381200
-0.06250000, -0.43750000, 0.50000000, 0.00522332
0.00000000, -0.50000000, 0.50000000, 0.00618586
0.06250000, -0.50000000, 0.43750000, 0.01126208
0.12500000, -0.50000000, 0.37500000, 0.01798604
0.18750000, -0.50000000, 0.31250000, 0.02435187
0.25000000, -0.50000000, 0.25000000, 0.02876584
0.31250000, -0.50000000, 0.18750000, 0.03010589
0.37500000, -0.50000000, 0.12500000, 0.02796040
0.43750000, -0.50000000, 0.06250000, 0.02284407
0.50000000, -0.50000000, 0.00000000, 0.01650652
0.50000000, -0.43750000, -0.06250000, 0.01719595
0.50000000, -0.37500000, -0.12500000, 0.01621641
0.50000000, -0.31250000, -0.18750000, 0.01445658
0.50000000, -0.25000000, -0.25000000, 0.01231503
0.50000000, -0.18750000, -0.31250000, 0.01001691
0.50000000, -0.12500000, -0.37500000, 0.00770041
0.50000000, -0.06250000, -0.43750000, 0.00547393
0.55000000, 0.00000000, -0.55000000, 0.00142996
0.48125000, 0.06875000, -0.55000000, 0.00267995
0.41250000, 0.13750000, -0.55000000, 0.00424256
0.34375000, 0.20625000, -0.55000000, 0.00595779
0.27500000, 0.27500000, -0.55000000, 0.00769047
0.20625000, 0.34375000, -0.55000000, 0.00927827
0.13750000, 0.41250000, -0.55000000, 0.01049506
0.06875000, 0.48125000, -0.55000000, 0.01099936
0.00000000, 0.55000000, -0.55000000, 0.01010580
-0.06875000, 0.55000000, -0.48125000, 0.01615377
-0.13750000, 0.55000000, -0.41250000, 0.02184546
-0.20625000, 0.55000000, -0.34375000, 0.02483721
-0.27500000, 0.55000000, -0.27500000, 0.02405843
-0.34375000, 0.55000000, -0.20625000, 0.01983275
-0.41250000, 0.55000000, -0.13750000, 0.01363286
-0.48125000, 0.55000000, -0.06875000, 0.00749507
-0.55000000, 0.55000000, 0.00000000, 0.00345546
-0.55000000, 0.48125000, 0.06875000, 0.00290152
-0.55000000, 0.41250000, 0.13750000, 0.00198259
-0.55000000, 0.34375000, 0.20625000, 0.00109088
-0.55000000, 0.27500000, 0.27500000, 0.00037327
-0.55000000, 0.20625000, 0.34375000, -0.00011691
-0.55000000, 0.13750000, 0.41250000, -0.00037466
-0.55000000, 0.06875000, 0.48125000, -0.00043082
-0.55000000, 0.00000000, 0.55000000, -0.00033827
-0.48125000, -0.06875000, 0.55000000, -0.00043082
-0.41250000, -0.13750000, 0.55000000, -0.00037466
-0.34375000, -0.20625000, 0.55000000, -0.00011691
-0.27500000, -0.27500000, 0.55000000, 0.00037327
-0.20625000, -0.34375000, 0.55000000, 0.00109088
-0.13750000, -0.41250000, 0.55000000, 0.00198259
-0.06875000, -0.48125000, 0.55000000, 0.00290152
0.00000000, -0.55000000, 0.55000000, 0.00345546
0.06875000, -0.55000000, 0.48125000, 0.00749507
0.13750000, -0.55000000, 0.41250000, 0.01363286
0.20625000, -0.55000000, 0.34375000, 0.01983275
0.27500000, -0.55000000, 0.27500000, 0.02405843
0.34375000, -0.55000000, 0.20625000, 0.02483721
0.41250000, -0.55000000, 0.13750000, 0.02184546
0.48125000, -0.55000000, 0.06875000, 0.01615377
0.55000000, -0.55000000, 0.00000000, 0.01010580
0.55000000, -0.48125000, -0.06875000, 0.01099936
0.55000000, -0.41250000, -0.13750000, 0.01049506
0.55000000, -0.34375000, -0.20625000, 0.00927827
0.55000000, -0.27500000, -0.27500000, 0.00769047
0.55000000, -0.20625000, -0.34375000, 0.00595779
0.55000000, -0.13750000, -0.41250000, 0.00424256
0.55000000, -0.06875000, -0.48125000, 0.00267995
0.60000000, 0.00000000, -0.60000000, 0.00046142
0.52500000, 0.07500000, -0.60000000, 0.00108938
0.45000000, 0.15000000, -0.60000000, 0.00198723
0.37500000, 0.22500000, -0.60000000, 0.00305135
0.30000000, 0.30000000, -0.60000000, 0.00416593
0.22500000, 0.37500000, -0.60000000, 0.00518385
0.15000000, 0.45000000, -0.60000000, 0.00591372
0.07500000, 0.52500000, -0.60000000, 0.00610072
0.00000000, 0.60000000, -0.60000000, 0.00529823
-0.07500000, 0.60000000, -0.52500000, 0.01020412
-0.15000000, 0.60000000, -0.45000000, 0.01565063
-0.22500000, 0.60000000, -0.37500000, 0.01904508
-0.30000000, 0.60000000, -0.30000000, 0.01878516
-0.37500000, 0.60000000, -0.22500000, 0.01502260
-0.45000000, 0.60000000, -0.15000000, 0.00947851
-0.52500000, 0.60000000, -0.07500000, 0.00443286
-0.60000000, 0.60000000, 0.00000000, 0.00164154
-0.60000000, 0.52500000, 0.07500000, 0.00137056
-0.60000000, 0.45000000, 0.15000000, 0.00084788
-0.60000000, 0.37500000, 0.22500000, 0.00034127
-0.60000000, 0.30000000, 0.30000000, -0.00003818
-0.60000000, 0.22500000, 0.37500000, -0.00025310
-0.60000000, 0.15000000, 0.45000000, -0.00031236
-0.60000000, 0.07500000, 0.52500000, -0.00025850
-0.60000000, 0.00000000, 0.60000000, -0.00015108
-0.52500000, -0.07500000, 0.60000000, -0.00025850
-0.45000000, -0.15000000, 0.60000000, -0.00031236
-0.37500000, -0.22500000, 0.60000000, -0.00025310
-0.30000000, -0.30000000, 0.60000000, -0.00003818
-0.22500000, -0.37500000, 0.60000000, 0.00034127
-0.15000000, -0.45000000, 0.60000000, 0.00084788
-0.07500000, -0.52500000, 0.60000000, 0.00137056
0.00000000, -0.60000000, 0.60000000, 0.00164154
0.07500000, -0.60000000, 0.52500000, 0.00443286
0.15000000, -0.60000000, 0.45000000, 0.00947851
0.22500000, -0.60000000, 0.37500000, 0.01502260
0.30000000, -0.60000000, 0.30000000, 0.01878516
0.37500000, -0.60000000, 0.22500000, 0.01904508
0.45000000, -0.60000000, 0.15000000, 0.01565063
0.52500000, -0.60000000, 0.07500000, 0.01020412
0.60000000, -0.60000000, 0.00000000, 0.00529823
0.60000000, -0.52500000, -0.07500000, 0.00610072
0.60000000, -0.45000000, -0.15000000, 0.00591372
0.60000000, -0.37500000, -0.22500000, 0.00518385
0.60000000, -0.30000000, -0.30000000, 0.00416593
0.60000000, -0.22500000, -0.37500000, 0.00305135
0.60000000, -0.15000000, -0.45000000, 0.00198723
0.60000000, -0.07500000, -0.52500000, 0.00108938
0.65000000, 0.00000000, -0.65000000, 0.00011693
0.56875000, 0.08125000, -0.65000000, 0.00035704
0.48750000, 0.16250000, -0.65000000, 0.00076908
0.40625000, 0.24375000, -0.65000000, 0.00131054
0.32500000, 0.32500000, -0.65000000, 0.00190884
0.24375000, 0.40625000, -0.65000000, 0.00245963
0.16250000, 0.48750000, -0.65000000, 0.00282925
0.08125000, 0.56875000, -0.65000000, 0.00285623
0.00000000, 0.65000000, -0.65000000, 0.00230217
-0.08125000, 0.65000000, -0.56875000, 0.00565836
-0.16250000, 0.65000000, -0.48750000, 0.01017390
-0.24375000, 0.65000000, -0.40625000, 0.01346522
-0.32500000, 0.65000000, -0.32500000, 0.01359313
-0.40625000, 0.65000000, -0.24375000, 0.01049916
-0.48750000, 0.65000000, -0.16250000, 0.00598046
-0.56875000, 0.65000000, -0.08125000, 0.00228002
-0.65000000, 0.65000000, 0.00000000, 0.00063873
-0.65000000, 0.56875000, 0.08125000, 0.00053007
-0.65000000, 0.48750000, 0.16250000, 0.00027641
-0.65000000, 0.40625000, 0.24375000, 0.00003264
-0.65000000, 0.32500000, 0.32500000, -0.00013068
-0.65000000, 0.24375000, 0.40625000, -0.00019391
-0.65000000, 0.16250000, 0.48750000, -0.00017381
-0.65000000, 0.08125000, 0.56875000, -0.00010916
-0.65000000, 0.00000000, 0.65000000, -0.00004486
-0.56875000, -0.08125000, 0.65000000, -0.00010916
-0.48750000, -0.16250000, 0.65000000, -0.00017381
-0.40625000, -0.24375000, 0.65000000, -0.00019391
-0.32500000, -0.32500000, 0.65000000, -0.00013068
-0.24375000, -0.40625000, 0.65000000, 0.00003264
-0.16250000, -0.48750000, 0.65000000, 0.00027641
-0.08125000, -0.56875000, 0.65000000, 0.00053007
0.00000000, -0.65000000, 0.65000000, 0.00063873
0.08125000, -0.65000000, 0.56875000, 0.00228002
0.16250000, -0.65000000, 0.48750000, 0.00598046
0.24375000, -0.65000000, 0.40625000, 0.01049916
0.32500000, -0.65000000, 0.32500000, 0.01359313
0.40625000, -0.65000000, 0.24375000, 0.01346522
0.48750000, -0.65000000, 0.16250000, 0.01017390
0.56875000, -0.65000000, 0.08125000, 0.00565836
0.65000000, -0.65000000, 0.00000000, 0.00230217
0.65000000, -0.56875000, -0.08125000, 0.00285623
0.65000000, -0.48750000, -0.16250000, 0.00282925
0.65000000, -0.40625000, -0.24375000, 0.00245963
0.65000000, -0.32500000, -0.32500000, 0.00190884
0.65000000, -0.24375000, -0.40625000, 0.00131054
0.65000000, -0.16250000, -0.48750000, 0.00076908
0.65000000, -0.08125000, -0.56875000, 0.00035704
0.70000000, 0.00000000, -0.70000000, 0.00002298
0.61250000, 0.08750000, -0.70000000, 0.00009100
0.52500000, 0.17500000, -0.70000000, 0.00023744
0.43750000, 0.26250000, -0.70000000, 0.00045552
0.35000000, 0.35000000, -0.70000000, 0.00071364
0.26250000, 0.43750000, -0.70000000, 0.00095565
0.17500000, 0.52500000, -0.70000000, 0.00110717
0.08750000, 0.61250000, -0.70000000, 0.00108556
0.00000000, 0.70000000, -0.70000000, 0.00079174
-0.08750000, 0.70000000, -0.61250000, 0.00268235
-0.17500000, 0.70000000, -0.52500000, 0.00590616
-0.26250000, 0.70000000, -0.43750000, 0.00866874
-0.35000000, 0.70000000, -0.35000000, 0.00900885
-0.43750000, 0.70000000, -0.26250000, 0.00668551
-0.52500000, 0.70000000, -0.17500000, 0.00336809
-0.61250000, 0.70000000, -0.08750000, 0.00098434
-0.70000000, 0.70000000, 0.00000000, 0.00019292
-0.70000000, 0.61250000, 0.08750000, 0.00015871
-0.70000000, 0.52500000, 0.17500000, 0.00005690
-0.70000000, 0.43750000, 0.26250000, -0.00003900
-0.70000000, 0.35000000, 0.35000000, -0.00009319
-0.70000000, 0.26250000, 0.43750000, -0.00009885
-0.70000000, 0.17500000, 0.52500000, -0.00007094
-0.70000000, 0.08750000, 0.61250000, -0.00003368
-0.70000000, 0.00000000, 0.70000000, -0.00000892
-0.61250000, -0.08750000, 0.70000000, -0.00003368
-0.52500000, -0.17500000, 0.70000000, -0.00007094
-0.43750000, -0.26250000, 0.70000000, -0.00009885
-0.35000000, -0.35000000, 0.70000000, -0.00009319
-0.26250000, -0.43750000, 0.70000000, -0.00003900
-0.17500000, -0.52500000, 0.70000000, 0.00005690
-0.08750000, -0.61250000, 0.70000000, 0.00015871
0.00000000, -0.70000000, 0.70000000, 0.00019292
0.08750000, -0.70000000, 0.61250000, 0.00098434
0.17500000, -0.70000000, 0.52500000, 0.00336809
0.26250000, -0.70000000, 0.43750000, 0.00668551
0.35000000, -0.70000000, 0.35000000, 0.00900885
0.43750000, -0.70000000, 0.26250000, 0.00866874
0.52500000, -0.70000000, 0.17500000, 0.00590616
0.61250000, -0.70000000, 0.08750000, 0.00268235
0.70000000, -0.70000000, 0.00000000, 0.00079174
0.70000000, -0.61250000, -0.08750000, 0.00108556
0.70000000, -0.52500000, -0.17500000, 0.00110717
0.70000000, -0.43750000, -0.26250000, 0.00095565
0.70000000, -0.35000000, -0.35000000, 0.00071364
0.70000000, -0.26250000, -0.43750000, 0.00045552
0.70000000, -0.17500000, -0.52500000, 0.00023744
0.70000000, -0.08750000, -0.61250000, 0.00009100
0.75000000, 0.00000000, -0.75000000, -0.00000137
0.65625000, 0.09375000, -0.75000000, 0.00001650
0.56250000, 0.18750000, -0.75000000, 0.00005720
0.46875000, 0.28125000, -0.75000000, 0.00012341
0.37500000, 0.37500000, -0.75000000, 0.00020762
0.28125000, 0.46875000, -0.75000000, 0.00028877
0.18750000, 0.56250000, -0.75000000, 0.00033586
0.09375000, 0.65625000, -0.75000000, 0.00031767
0.00000000, 0.75000000, -0.75000000, 0.00020460
-0.09375000, 0.75000000, -0.65625000, 0.00104367
-0.18750000, 0.75000000, -0.56250000, 0.00298804
-0.28125000, 0.75000000, -0.46875000, 0.00498159
-0.37500000, 0.75000000, -0.37500000, 0.00536574
-0.46875000, 0.75000000, -0.28125000, 0.00380183
-0.56250000, 0.75000000, -0.18750000, 0.00165053
-0.65625000, 0.75000000, -0.09375000, 0.00033485
-0.75000000, 0.75000000, 0.00000000, 0.00004268
-0.75000000, 0.65625000, 0.09375000, 0.00003435
-0.75000000, 0.56250000, 0.18750000, 0.00000183
-0.75000000, 0.46875000, 0.28125000, -0.00002750
-0.75000000, 0.37500000, 0.37500000, -0.00004045
-0.75000000, 0.28125000, 0.46875000, -0.00003629
-0.75000000, 0.18750000, 0.56250000, -0.00002294
-0.75000000, 0.09375000, 0.65625000, -0.00001015
-0.75000000, 0.00000000, 0.75000000, -0.00000268
-0.65625000, -0.09375000, 0.75000000, -0.00001015
-0.56250000, -0.18750000, 0.75000000, -0.00002294
-0.46875000, -0.28125000, 0.75000000, -0.00003629
-0.37500000, -0.37500000, 0.75000000, -0.00004045
-0.28125000, -0.46875000, 0.75000000, -0.00002750
-0.18750000, -0.56250000, 0.75000000, 0.00000183
-0.09375000, -0.65625000, 0.75000000, 0.00003435
0.00000000, -0.75000000, 0.75000000, 0.00004268
0.09375000, -0.75000000, 0.65625000, 0.00033485
0.18750000, -0.75000000, 0.56250000, 0.00165053
0.28125000, -0.75000000, 0.46875000, 0.00380183
0.37500000, -0.75000000, 0.37500000, 0.00536574
0.46875000, -0.75000000, 0.28125000, 0.00498159
0.56250000, -0.75000000, 0.18750000, 0.00298804
0.65625000, -0.75000000, 0.09375000, 0.00104367
0.75000000, -0.75000000, 0.00000000, 0.00020460
0.75000000, -0.65625000, -0.09375000, 0.00031767
0.75000000, -0.56250000, -0.18750000, 0.00033586
0.75000000, -0.46875000, -0.28125000, 0.00028877
0.75000000, -0.37500000, -0.37500000, 0.00020762
0.75000000, -0.28125000, -0.46875000, 0.00012341
0.75000000, -0.18750000, -0.56250000, 0.00005720
0.75000000, -0.09375000, -0.65625000, 0.00001650
0.80000000, 0.00000000, -0.80000000, -0.00000446
0.70000000, 0.10000000, -0.80000000, 0.00000118
0.60000000, 0.20000000, -0.80000000, 0.00001029
0.50000000, 0.30000000, -0.80000000, 0.00002433
0.40000000, 0.40000000, -0.80000000, 0.00004324
0.30000000, 0.50000000, -0.80000000, 0.00006216
0.20000000, 0.60000000, -0.80000000, 0.00007222
0.10000000, 0.70000000, -0.80000000, 0.00006571
0.00000000, 0.80000000, -0.80000000, 0.00003689
-0.10000000, 0.80000000, -0.70000000, 0.00031203
-0.20000000, 0.80000000, -0.60000000, 0.00126707
-0.30000000, 0.80000000, -0.50000000, 0.00247145
-0.40000000, 0.80000000, -0.40000000, 0.00278111
-0.50000000, 0.80000000, -0.30000000, 0.00186747
-0.60000000, 0.80000000, -0.20000000, 0.00067595
-0.70000000, 0.80000000, -0.10000000, 0.00007790
-0.80000000, 0.80000000, 0.00000000, 0.00000616
-0.80000000, 0.70000000, 0.10000000, 0.00000475
-0.80000000, 0.60000000, 0.20000000, -0.00000296
-0.80000000, 0.50000000, 0.30000000, -0.00000943
-0.80000000, 0.40000000, 0.40000000, -0.00001146
-0.80000000, 0.30000000, 0.50000000, -0.00000954
-0.80000000, 0.20000000, 0.60000000, -0.00000609
-0.80000000, 0.10000000, 0.70000000, -0.00000347
-0.80000000, 0.00000000, 0.80000000, -0.00000098
-0.70000000, -0.10000000, 0.80000000, -0.00000347
-0.60000000, -0.20000000, 0.80000000, -0.00000609
-0.50000000, -0.30000000, 0.80000000, -0.00000954
-0.40000000, -0.40000000, 0.80000000, -0.00001146
-0.30000000, -0.50000000, 0.80000000, -0.00000943
-0.20000000, -0.60000000, 0.80000000, -0.00000296
-0.10000000, -0.70000000, 0.80000000, 0.00000475
0.00000000, -0.80000000, 0.80000000, 0.00000616
0.10000000, -0.80000000, 0.70000000, 0.00007790
0.20000000, -0.80000000, 0.60000000, 0.00067595
0.30000000, -0.80000000, 0.50000000, 0.00186747
0.40000000, -0.80000000, 0.40000000, 0.00278111
0.50000000, -0.80000000, 0.30000000, 0.00247145
0.60000000, -0.80000000, 0.20000000, 0.00126707
0.70000000, -0.80000000, 0.10000000, 0.00031203
0.80000000, -0.80000000, 0.00000000, 0.00003689
0.80000000, -0.70000000, -0.10000000, 0.00006571
0.80000000, -0.60000000, -0.20000000, 0.00007222
0.80000000, -0.50000000, -0.30000000, 0.00006216
0.80000000, -0.40000000, -0.40000000, 0.00004324
0.80000000, -0.30000000, -0.50000000, 0.00002433
0.80000000, -0.20000000, -0.60000000, 0.00001029
0.80000000, -0.10000000, -0.70000000, 0.00000118
0.85000000, 0.00000000, -0.85000000, 0.00000250
0.74375000, 0.10625000, -0.85000000, 0.00000068
0.63750000, 0.21250000, -0.85000000, -0.00000021
0.53125000, 0.31875000, -0.85000000, 0.00000068
0.42500000, 0.42500000, -0.85000000, 0.00000312
0.31875000, 0.53125000, -0.85000000, 0.00000588
0.21250000, 0.63750000, -0.85000000, 0.00000715
0.10625000, 0.74375000, -0.85000000, 0.00000510
0.00000000, 0.85000000, -0.85000000, -0.00000076
-0.10625000, 0.85000000, -0.74375000, 0.00006318
-0.21250000, 0.85000000, -0.63750000, 0.00042039
-0.31875000, 0.85000000, -0.53125000, 0.00099483
-0.42500000, 0.85000000, -0.42500000, 0.00118068
-0.53125000, 0.85000000, -0.31875000, 0.00074495
-0.63750000, 0.85000000, -0.21250000, 0.00021565
-0.74375000, 0.85000000, -0.10625000, 0.00000640
-0.85000000, 0.85000000, 0.00000000, -0.00000126
-0.85000000, 0.74375000, 0.10625000, -0.00000076
-0.85000000, 0.63750000, 0.21250000, -0.00000155
-0.85000000, 0.53125000, 0.31875000, -0.00000238
-0.85000000, 0.42500000, 0.42500000, -0.00000222
-0.85000000, 0.31875000, 0.53125000, -0.00000101
-0.85000000, 0.21250000, 0.63750000, 0.00000041
-0.85000000, 0.10625000, 0.74375000, 0.00000113
-0.85000000, 0.00000000, 0.85000000, 0.00000055
-0.74375000, -0.10625000, 0.85000000, 0.00000113
-0.63750000, -0.21250000, 0.85000000, 0.00000041
-0.53125000, -0.31875000, 0.85000000, -0.00000101
-0.42500000, -0.42500000, 0.85000000, -0.00000222
-0.31875000, -0.53125000, 0.85000000, -0.00000238
-0.21250000, -0.63750000, 0.85000000, -0.00000155
-0.10625000, -0.74375000, 0.85000000, -0.00000076
0.00000000, -0.85000000, 0.85000000, -0.00000126
0.10625000, -0.85000000, 0.74375000, 0.00000640
0.21250000, -0.85000000, 0.63750000, 0.00021565
0.31875000, -0.85000000, 0.53125000, 0.00074495
0.42500000, -0.85000000, 0.42500000, 0.00118068
0.53125000, -0.85000000, 0.31875000, 0.00099483
0.63750000, -0.85000000, 0.21250000, 0.00042039
0.74375000, -0.85000000, 0.10625000, 0.00006318
0.85000000, -0.85000000, 0.00000000, -0.00000076
0.85000000, -0.74375000, -0.10625000, 0.00000510
0.85000000, -0.63750000, -0.21250000, 0.00000715
0.85000000, -0.53125000, -0.31875000, 0.00000588
0.85000000, -0.42500000, -0.42500000, 0.00000312
0.85000000, -0.31875000, -0.53125000, 0.00000068
0.85000000, -0.21250000, -0.63750000, -0.00000021
0.85000000, -0.10625000, -0.74375000, 0.00000068
0.90000000, 0.00000000, -0.90000000, 0.00000288
0.78750000, 0.11250000, -0.90000000, 0.00000086
0.67500000, 0.22500000, -0.90000000, -0.00000076
0.56250000, 0.33750000, -0.90000000, -0.00000141
0.45000000, 0.45000000, -0.90000000, -0.00000140
0.33750000, 0.56250000, -0.90000000, -0.00000120
0.22500000, 0.67500000, -0.90000000, -0.00000116
0.11250000, 0.78750000, -0.90000000, -0.00000190
0.00000000, 0.90000000, -0.90000000, -0.00000305
-0.11250000, 0.90000000, -0.78750000, 0.00000577
-0.22500000, 0.90000000, -0.67500000, 0.00009375
-0.33750000, 0.90000000, -0.56250000, 0.00028294
-0.45000000, 0.90000000, -0.45000000, 0.00035819
-0.56250000, 0.90000000, -0.33750000, 0.00021012
-0.67500000, 0.90000000, -0.22500000, 0.00004584
-0.78750000, 0.90000000, -0.11250000, -0.00000266
-0.90000000, 0.90000000, 0.00000000, -0.00000097
-0.90000000, 0.78750000, 0.11250000, -0.00000065
-0.90000000, 0.67500000, 0.22500000, -0.00000045
-0.90000000, 0.56250000, 0.33750000, -0.00000047
-0.90000000, 0.45000000, 0.45000000, -0.00000024
-0.90000000, 0.33750000, 0.56250000, 0.00000039
-0.90000000, 0.22500000, 0.67500000, 0.00000101
-0.90000000, 0.11250000, 0.78750000, 0.00000119
-0.90000000, 0.00000000, 0.90000000, 0.00000022
-0.78750000, -0.11250000, 0.90000000, 0.00000119
-0.67500000, -0.22500000, 0.90000000, 0.00000101
-0.56250000, -0.33750000, 0.90000000, 0.00000039
-0.45000000, -0.45000000, 0.90000000, -0.00000024
-0.33750000, -0.56250000, 0.90000000, -0.00000047
-0.22500000, -0.67500000, 0.90000000, -0.00000045
-0.11250000, -0.78750000, 0.90000000, -0.00000065
0.00000000, -0.90000000, 0.90000000, -0.00000097
0.11250000, -0.90000000, 0.78750000, -0.00000266
0.22500000, -0.90000000, 0.67500000, 0.00004584
0.33750000, -0.90000000, 0.56250000, 0.00021012
0.45000000, -0.90000000, 0.45000000, 0.00035819
0.56250000, -0.90000000, 0.33750000, 0.00028294
0.67500000, -0.90000000, 0.22500000, 0.00009375
0.78750000, -0.90000000, 0.11250000, 0.00000577
0.90000000, -0.90000000, 0.00000000, -0.00000305
0.90000000, -0.78750000, -0.11250000, -0.00000190
0.90000000, -0.67500000, -0.22500000, -0.00000116
0.90000000, -0.56250000, -0.33750000, -0.00000120
0.90000000, -0.45000000, -0.45000000, -0.00000140
0.90000000, -0.33750000, -0.56250000, -0.00000141
0.90000000, -0.22500000, -0.67500000, -0.00000076
0.90000000, -0.11250000, -0.78750000, 0.00000086
0.95000000, 0.00000000, -0.95000000, -0.00000288
0.83125000, 0.11875000, -0.95000000, -0.00000096
0.71250000, 0.23750000, -0.95000000, 0.00000070
0.59375000, 0.35625000, -0.95000000, 0.00000146
0.47500000, 0.47500000, -0.95000000, 0.00000164
0.35625000, 0.59375000, -0.95000000, 0.00000167
0.23750000, 0.71250000, -0.95000000, 0.00000176
0.11875000, 0.83125000, -0.95000000, 0.00000247
0.00000000, 0.95000000, -0.95000000, 0.00000371
-0.11875000, 0.95000000, -0.83125000, -0.00000008
-0.23750000, 0.95000000, -0.71250000, 0.00000841
-0.35625000, 0.95000000, -0.59375000, 0.00003668
-0.47500000, 0.95000000, -0.47500000, 0.00005021
-0.59375000, 0.95000000, -0.35625000, 0.00002681
-0.71250000, 0.95000000, -0.23750000, 0.00000364
-0.83125000, 0.95000000, -0.11875000, -0.00000042
-0.95000000, 0.95000000, 0.00000000, 0.00000107
-0.95000000, 0.83125000, 0.11875000, 0.00000067
-0.95000000, 0.71250000, 0.23750000, 0.00000039
-0.95000000, 0.59375000, 0.35625000, 0.00000027
-0.95000000, 0.47500000, 0.47500000, -0.00000001
-0.95000000, 0.35625000, 0.59375000, -0.00000058
-0.95000000, 0.23750000, 0.71250000, -0.00000109
-0.95000000, 0.11875000, 0.83125000, -0.00000117
-0.95000000, 0.00000000, 0.95000000, -0.00000020
-0.83125000, -0.11875000, 0.95000000, -0.00000117
-0.71250000, -0.23750000, 0.95000000, -0.00000109
-0.59375000, -0.35625000, 0.95000000, -0.00000058
-0.47500000, -0.47500000, 0.95000000, -0.00000001
-0.35625000, -0.59375000, 0.95000000, 0.00000027
-0.23750000, -0.71250000, 0.95000000, 0.00000039
-0.11875000, -0.83125000, 0.95000000, 0.00000067
0.00000000, -0.95000000, 0.95000000, 0.00000107
0.11875000, -0.95000000, 0.83125000, -0.00000042
0.23750000, -0.95000000, 0.71250000, 0.00000364
0.35625000, -0.95000000, 0.59375000, 0.00002681
0.47500000, -0.95000000, 0.47500000, 0.00005021
0.59375000, -0.95000000, 0.35625000, 0.00003668
0.71250000, -0.95000000, 0.23750000, 0.00000841
0.83125000, -0.95000000, 0.11875000, -0.00000008
0.95000000, -0.95000000, 0.00000000, 0.00000371
0.95000000, -0.83125000, -0.11875000, 0.00000247
0.95000000, -0.71250000, -0.23750000, 0.00000176
0.95000000, -0.59375000, -0.35625000, 0.00000167
0.95000000, -0.47500000, -0.47500000, 0.00000164
0.95000000, -0.35625000, -0.59375000, 0.00000146
0.95000000, -0.23750000, -0.71250000, 0.00000070
0.95000000, -0.11875000, -0.83125000, -0.00000096
1.00000000, 0.00000000, -1.00000000, 0.00000000
0.87500000, 0.12500000, -1.00000000, 0.00000000
0.75000000, 0.25000000, -1.00000000, 0.00000000
0.62500000, 0.37500000, -1.00000000, 0.00000000
0.50000000, 0.50000000, -1.00000000, 0.00000000
0.37500000, 0.62500000, -1.00000000, 0.00000000
0.25000000, 0.75000000, -1.00000000, 0.00000000
0.12500000, 0.87500000, -1.00000000, 0.00000000
0.00000000, 1.00000000, -1.00000000, 0.00000000
-0.12500000, 1.00000000, -0.87500000, 0.00000000
-0.25000000, 1.00000000, -0.75000000, 0.00000000
-0.37500000, 1.00000000, -0.62500000, 0.00000000
-0.50000000, 1.00000000, -0.50000000, 0.00000000
-0.62500000, 1.00000000, -0.37500000, 0.00000000
-0.75000000, 1.00000000, -0.25000000, 0.00000000
-0.87500000, 1.00000000, -0.12500000, 0.00000000
-1.00000000, 1.00000000, 0.00000000, 0.00000000
-1.00000000, 0.87500000, 0.12500000, 0.00000000
-1.00000000, 0.75000000, 0.25000000, 0.00000000
-1.00000000, 0.62500000, 0.37500000, 0.00000000
-1.00000000, 0.50000000, 0.50000000, 0.00000000
-1.00000000, 0.37500000, 0.62500000, 0.00000000
-1.00000000, 0.25000000, 0.75000000, 0.00000000
-1.00000000, 0.12500000, 0.87500000, 0.00000000
-1.00000000, 0.00000000, 1.00000000, 0.00000000
-0.87500000, -0.12500000, 1.00000000, 0.00000000
-0.75000000, -0.25000000, 1.00000000, 0.00000000
-0.62500000, -0.37500000, 1.00000000, 0.00000000
-0.50000000, -0.50000000, 1.00000000, 0.00000000
-0.37500000, -0.62500000, 1.00000000, 0.00000000
-0.25000000, -0.75000000, 1.00000000, 0.00000000
-0.12500000, -0.87500000, 1.00000000, 0.00000000
0.00000000, -1.00000000, 1.00000000, 0.00000000
0.12500000, -1.00000000, 0.87500000, 0.00000000
0.25000000, -1.00000000, 0.75000000, 0.00000000
0.37500000, -1.00000000, 0.62500000, 0.00000000
0.50000000, -1.00000000, 0.50000000, 0.00000000
0.62500000, -1.00000000, 0.37500000, 0.00000000
0.75000000, -1.00000000, 0.25000000, 0.00000000
0.87500000, -1.00000000, 0.12500000, 0.00000000
1.00000000, -1.00000000, 0.00000000, 0.00000000
1.00000000, -0.87500000, -0.12500000, 0.00000000
1.00000000, -0.75000000, -0.25000000, 0.00000000
1.00000000, -0.62500000, -0.37500000, 0.00000000
1.00000000, -0.50000000, -0.50000000, 0.00000000
1.00000000, -0.37500000, -0.62500000, 0.00000000
1.00000000, -0.25000000, -0.75000000, 0.00000000
1.00000000, -0.12500000, -0.87500000, 0.00000000
