0.01000000, 0.00000000, -0.01000000, -0.00000000
0.00000000, 0.01000000, -0.01000000, -0.00787343
-0.00125000, 0.01000000, -0.00875000, -0.01846673
-0.00250000, 0.01000000, -0.00750000, -0.02053017
-0.00375000, 0.01000000, -0.00625000, -0.02533961
-0.00500000, 0.01000000, -0.00500000, -0.02385462
-0.00625000, 0.01000000, -0.00375000, -0.02540433
-0.00750000, 0.01000000, -0.00250000, -0.02098030
-0.00875000, 0.01000000, -0.00125000, -0.01920704
-0.01000000, 0.01000000, 0.00000000, -0.00997201
-0.01000000, 0.00875000, 0.00125000, -0.00136559
-0.01000000, 0.00750000, 0.00250000, 0.00214648
-0.01000000, 0.00625000, 0.00375000, 0.00378968
-0.01000000, 0.00500000, 0.00500000, 0.00418749
-0.01000000, 0.00375000, 0.00625000, 0.00351042
-0.01000000, 0.00250000, 0.00750000, 0.00291901
-0.01000000, 0.00125000, 0.00875000, 0.00141167
-0.01000000, 0.00000000, 0.01000000, -0.00000000
0.00000000, -0.01000000, 0.01000000, 0.00997201
0.00125000, -0.01000000, 0.00875000, 0.01920704
0.00250000, -0.01000000, 0.00750000, 0.02098030
0.00375000, -0.01000000, 0.00625000, 0.02540433
0.00500000, -0.01000000, 0.00500000, 0.02385462
0.00625000, -0.01000000, 0.00375000, 0.02533961
0.00750000, -0.01000000, 0.00250000, 0.02053017
0.00875000, -0.01000000, 0.00125000, 0.01846673
0.01000000, -0.01000000, 0.00000000, 0.00787343
0.01000000, -0.00875000, -0.00125000, -0.00092286
0.01000000, -0.00750000, -0.00250000, -0.00428103
0.01000000, -0.00625000, -0.00375000, -0.00578618
0.01000000, -0.00500000, -0.00500000, -0.00576408
0.01000000, -0.00375000, -0.00625000, -0.00461593
0.01000000, -0.00250000, -0.00750000, -0.00369601
0.01000000, -0.00125000, -0.00875000, -0.00176878
0.02000000, 0.00000000, -0.02000000, 0.00000000
0.01750000, 0.00250000, -0.02000000, 0.00073230
0.01500000, 0.00500000, -0.02000000, 0.00132860
0.01250000, 0.00750000, -0.02000000, 0.00188055
0.01000000, 0.01000000, -0.02000000, 0.00202357
0.00750000, 0.01250000, -0.02000000, 0.00168200
0.00500000, 0.01500000, -0.02000000, 0.00092379
0.00250000, 0.01750000, -0.02000000, -0.00105945
0.00000000, 0.02000000, -0.02000000, -0.00571134
-0.00250000, 0.02000000, -0.01750000, -0.01108268
-0.00500000, 0.02000000, -0.01500000, -0.01322892
-0.00750000, 0.02000000, -0.01250000, -0.01466380
-0.01000000, 0.02000000, -0.01000000, -0.01448660
-0.01250000, 0.02000000, -0.00750000, -0.01472583
-0.01500000, 0.02000000, -0.00500000, -0.01327185
-0.01750000, 0.02000000, -0.00250000, -0.01136625
-0.02000000, 0.02000000, 0.00000000, -0.00686982
-0.02000000, 0.01750000, 0.00250000, -0.00251613
-0.02000000, 0.01500000, 0.00500000, -0.00057837
-0.02000000, 0.01250000, 0.00750000, 0.00037352
-0.02000000, 0.01000000, 0.01000000, 0.00091486
-0.02000000, 0.00750000, 0.01250000, 0.00101969
-0.02000000, 0.00500000, 0.01500000, 0.00080835
-0.02000000, 0.00250000, 0.01750000, 0.00047157
-0.02000000, 0.00000000, 0.02000000, 0.00000000
-0.01750000, -0.00250000, 0.02000000, -0.00047157
-0.01500000, -0.00500000, 0.02000000, -0.00080835
-0.01250000, -0.00750000, 0.02000000, -0.00101969
-0.01000000, -0.01000000, 0.02000000, -0.00091486
-0.00750000, -0.01250000, 0.02000000, -0.00037352
-0.00500000, -0.01500000, 0.02000000, 0.00057837
-0.00250000, -0.01750000, 0.02000000, 0.00251613
0.00000000, -0.02000000, 0.02000000, 0.00686982
0.00250000, -0.02000000, 0.01750000, 0.01136625
0.00500000, -0.02000000, 0.01500000, 0.01327185
0.00750000, -0.02000000, 0.01250000, 0.01472583
0.01000000, -0.02000000, 0.01000000, 0.01448660
0.01250000, -0.02000000, 0.00750000, 0.01466380
0.01500000, -0.02000000, 0.00500000, 0.01322892
0.01750000, -0.02000000, 0.00250000, 0.01108268
0.02000000, -0.02000000, 0.00000000, 0.00571134
0.02000000, -0.01750000, -0.00250000, 0.00105945
0.02000000, -0.01500000, -0.00500000, -0.00092379
0.02000000, -0.01250000, -0.00750000, -0.00168200
0.02000000, -0.01000000, -0.01000000, -0.00202357
0.02000000, -0.00750000, -0.01250000, -0.00188055
0.02000000, -0.00500000, -0.01500000, -0.00132860
0.02000000, -0.00250000, -0.01750000, -0.00073230
0.03000000, 0.00000000, -0.03000000, -0.00000000
0.02625000, 0.00375000, -0.03000000, 0.00049832
0.02250000, 0.00750000, -0.03000000, 0.00086237
0.01875000, 0.01125000, -0.03000000, 0.00116552
0.01500000, 0.01500000, -0.03000000, 0.00122356
0.01125000, 0.01875000, -0.03000000, 0.00097967
0.00750000, 0.02250000, -0.03000000, 0.00033685
0.00375000, 0.02625000, -0.03000000, -0.00112829
0.00000000, 0.03000000, -0.03000000, -0.00446464
-0.00375000, 0.03000000, -0.02625000, -0.00855604
-0.00750000, 0.03000000, -0.02250000, -0.01026487
-0.01125000, 0.03000000, -0.01875000, -0.01129097
-0.01500000, 0.03000000, -0.01500000, -0.01161954
-0.01875000, 0.03000000, -0.01125000, -0.01134255
-0.02250000, 0.03000000, -0.00750000, -0.01036242
-0.02625000, 0.03000000, -0.00375000, -0.00889641
-0.03000000, 0.03000000, 0.00000000, -0.00557972
-0.03000000, 0.02625000, 0.00375000, -0.00251561
-0.03000000, 0.02250000, 0.00750000, -0.00108597
-0.03000000, 0.01875000, 0.01125000, -0.00028871
-0.03000000, 0.01500000, 0.01500000, 0.00017107
-0.03000000, 0.01125000, 0.01875000, 0.00036883
-0.03000000, 0.00750000, 0.02250000, 0.00036010
-0.03000000, 0.00375000, 0.02625000, 0.00024208
-0.03000000, 0.00000000, 0.03000000, -0.00000000
-0.02625000, -0.00375000, 0.03000000, -0.00024208
-0.02250000, -0.00750000, 0.03000000, -0.00036010
-0.01875000, -0.01125000, 0.03000000, -0.00036883
-0.01500000, -0.01500000, 0.03000000, -0.00017107
-0.01125000, -0.01875000, 0.03000000, 0.00028871
-0.00750000, -0.02250000, 0.03000000, 0.00108597
-0.00375000, -0.02625000, 0.03000000, 0.00251561
0.00000000, -0.03000000, 0.03000000, 0.00557972
0.00375000, -0.03000000, 0.02625000, 0.00889641
0.00750000, -0.03000000, 0.02250000, 0.01036242
0.01125000, -0.03000000, 0.01875000, 0.01134255
0.01500000, -0.03000000, 0.01500000, 0.01161954
0.01875000, -0.03000000, 0.01125000, 0.01129097
0.02250000, -0.03000000, 0.00750000, 0.01026487
0.02625000, -0.03000000, 0.00375000, 0.00855604
0.03000000, -0.03000000, 0.00000000, 0.00446464
0.03000000, -0.02625000, -0.00375000, 0.00112829
0.03000000, -0.02250000, -0.00750000, -0.00033685
0.03000000, -0.01875000, -0.01125000, -0.00097967
0.03000000, -0.01500000, -0.01500000, -0.00122356
0.03000000, -0.01125000, -0.01875000, -0.00116552
0.03000000, -0.00750000, -0.02250000, -0.00086237
0.03000000, -0.00375000, -0.02625000, -0.00049832
0.04000000, 0.00000000, -0.04000000, 0.00000000
0.03500000, 0.00500000, -0.04000000, 0.00040398
0.03000000, 0.01000000, -0.04000000, 0.00073000
0.02500000, 0.01500000, -0.04000000, 0.00096343
0.02000000, 0.02000000, -0.04000000, 0.00103040
0.01500000, 0.02500000, -0.04000000, 0.00085853
0.01000000, 0.03000000, -0.04000000, 0.00031842
0.00500000, 0.03500000, -0.04000000, -0.00082239
0.00000000, 0.04000000, -0.04000000, -0.00353235
-0.00500000, 0.04000000, -0.03500000, -0.00709657
-0.01000000, 0.04000000, -0.03000000, -0.00868020
-0.01500000, 0.04000000, -0.02500000, -0.00953394
-0.02000000, 0.04000000, -0.02000000, -0.00983041
-0.02500000, 0.04000000, -0.01500000, -0.00963854
-0.03000000, 0.04000000, -0.01000000, -0.00892411
-0.03500000, 0.04000000, -0.00500000, -0.00759560
-0.04000000, 0.04000000, 0.00000000, -0.00480609
-0.04000000, 0.03500000, 0.00500000, -0.00233725
-0.04000000, 0.03000000, 0.01000000, -0.00117961
-0.04000000, 0.02500000, 0.01500000, -0.00048493
-0.04000000, 0.02000000, 0.02000000, -0.00007198
-0.04000000, 0.01500000, 0.02500000, 0.00013643
-0.04000000, 0.01000000, 0.03000000, 0.00019442
-0.04000000, 0.00500000, 0.03500000, 0.00014070
-0.04000000, 0.00000000, 0.04000000, 0.00000000
-0.03500000, -0.00500000, 0.04000000, -0.00014070
-0.03000000, -0.01000000, 0.04000000, -0.00019442
-0.02500000, -0.01500000, 0.04000000, -0.00013643
-0.02000000, -0.02000000, 0.04000000, 0.00007198
-0.01500000, -0.02500000, 0.04000000, 0.00048493
-0.01000000, -0.03000000, 0.04000000, 0.00117961
-0.00500000, -0.03500000, 0.04000000, 0.00233725
0.00000000, -0.04000000, 0.04000000, 0.00480609
0.00500000, -0.04000000, 0.03500000, 0.00759560
0.01000000, -0.04000000, 0.03000000, 0.00892411
0.01500000, -0.04000000, 0.02500000, 0.00963854
0.02000000, -0.04000000, 0.02000000, 0.00983041
0.02500000, -0.04000000, 0.01500000, 0.00953394
0.03000000, -0.04000000, 0.01000000, 0.00868020
0.03500000, -0.04000000, 0.00500000, 0.00709657
0.04000000, -0.04000000, 0.00000000, 0.00353235
0.04000000, -0.03500000, -0.00500000, 0.00082239
0.04000000, -0.03000000, -0.01000000, -0.00031842
0.04000000, -0.02500000, -0.01500000, -0.00085853
0.04000000, -0.02000000, -0.02000000, -0.00103040
0.04000000, -0.01500000, -0.02500000, -0.00096343
0.04000000, -0.01000000, -0.03000000, -0.00073000
0.04000000, -0.00500000, -0.03500000, -0.00040398
0.05000000, 0.00000000, -0.05000000, -0.00000000
0.04375000, 0.00625000, -0.05000000, 0.00039005
0.03750000, 0.01250000, -0.05000000, 0.00070037
0.03125000, 0.01875000, -0.05000000, 0.00093679
0.02500000, 0.02500000, -0.05000000, 0.00102441
0.01875000, 0.03125000, -0.05000000, 0.00090868
0.01250000, 0.03750000, -0.05000000, 0.00048828
0.00625000, 0.04375000, -0.05000000, -0.00045376
0.00000000, 0.05000000, -0.05000000, -0.00276337
-0.00625000, 0.05000000, -0.04375000, -0.00601322
-0.01250000, 0.05000000, -0.03750000, -0.00750477
-0.01875000, 0.05000000, -0.03125000, -0.00832200
-0.02500000, 0.05000000, -0.02500000, -0.00866004
-0.03125000, 0.05000000, -0.01875000, -0.00849895
-0.03750000, 0.05000000, -0.01250000, -0.00788741
-0.04375000, 0.05000000, -0.00625000, -0.00671037
-0.05000000, 0.05000000, 0.00000000, -0.00426743
-0.05000000, 0.04375000, 0.00625000, -0.00215284
-0.05000000, 0.03750000, 0.01250000, -0.00115341
-0.05000000, 0.03125000, 0.01875000, -0.00054310
-0.05000000, 0.02500000, 0.02500000, -0.00016274
-0.05000000, 0.01875000, 0.03125000, 0.00004587
-0.05000000, 0.01250000, 0.03750000, 0.00012353
-0.05000000, 0.00625000, 0.04375000, 0.00010458
-0.05000000, 0.00000000, 0.05000000, -0.00000000
-0.04375000, -0.00625000, 0.05000000, -0.00010458
-0.03750000, -0.01250000, 0.05000000, -0.00012353
-0.03125000, -0.01875000, 0.05000000, -0.00004587
-0.02500000, -0.02500000, 0.05000000, 0.00016274
-0.01875000, -0.03125000, 0.05000000, 0.00054310
-0.01250000, -0.03750000, 0.05000000, 0.00115341
-0.00625000, -0.04375000, 0.05000000, 0.00215284
0.00000000, -0.05000000, 0.05000000, 0.00426743
0.00625000, -0.05000000, 0.04375000, 0.00671037
0.01250000, -0.05000000, 0.03750000, 0.00788741
0.01875000, -0.05000000, 0.03125000, 0.00849895
0.02500000, -0.05000000, 0.02500000, 0.00866004
0.03125000, -0.05000000, 0.01875000, 0.00832200
0.03750000, -0.05000000, 0.01250000, 0.00750477
0.04375000, -0.05000000, 0.00625000, 0.00601322
0.05000000, -0.05000000, 0.00000000, 0.00276337
0.05000000, -0.04375000, -0.00625000, 0.00045376
0.05000000, -0.03750000, -0.01250000, -0.00048828
0.05000000, -0.03125000, -0.01875000, -0.00090868
0.05000000, -0.02500000, -0.02500000, -0.00102441
0.05000000, -0.01875000, -0.03125000, -0.00093679
0.05000000, -0.01250000, -0.03750000, -0.00070037
0.05000000, -0.00625000, -0.04375000, -0.00039005
0.06000000, 0.00000000, -0.06000000, -0.00000000
0.05250000, 0.00750000, -0.06000000, 0.00036160
0.04500000, 0.01500000, -0.06000000, 0.00068794
0.03750000, 0.02250000, -0.06000000, 0.00094569
0.03000000, 0.03000000, -0.06000000, 0.00109453
0.02250000, 0.03750000, -0.06000000, 0.00105407
0.01500000, 0.04500000, -0.06000000, 0.00074071
0.00750000, 0.05250000, -0.06000000, -0.00005022
0.00000000, 0.06000000, -0.06000000, -0.00213491
-0.00750000, 0.06000000, -0.05250000, -0.00521311
-0.01500000, 0.06000000, -0.04500000, -0.00662661
-0.02250000, 0.06000000, -0.03750000, -0.00741327
-0.03000000, 0.06000000, -0.03000000, -0.00771602
-0.03750000, 0.06000000, -0.02250000, -0.00765119
-0.04500000, 0.06000000, -0.01500000, -0.00713969
-0.05250000, 0.06000000, -0.00750000, -0.00610495
-0.06000000, 0.06000000, 0.00000000, -0.00389402
-0.06000000, 0.05250000, 0.00750000, -0.00197238
-0.06000000, 0.04500000, 0.01500000, -0.00107935
-0.06000000, 0.03750000, 0.02250000, -0.00053376
-0.06000000, 0.03000000, 0.03000000, -0.00019085
-0.06000000, 0.02250000, 0.03750000, -0.00000570
-0.06000000, 0.01500000, 0.04500000, 0.00007452
-0.06000000, 0.00750000, 0.05250000, 0.00006721
-0.06000000, 0.00000000, 0.06000000, -0.00000000
-0.05250000, -0.00750000, 0.06000000, -0.00006721
-0.04500000, -0.01500000, 0.06000000, -0.00007452
-0.03750000, -0.02250000, 0.06000000, 0.00000570
-0.03000000, -0.03000000, 0.06000000, 0.00019085
-0.02250000, -0.03750000, 0.06000000, 0.00053376
-0.01500000, -0.04500000, 0.06000000, 0.00107935
-0.00750000, -0.05250000, 0.06000000, 0.00197238
0.00000000, -0.06000000, 0.06000000, 0.00389402
0.00750000, -0.06000000, 0.05250000, 0.00610495
0.01500000, -0.06000000, 0.04500000, 0.00713969
0.02250000, -0.06000000, 0.03750000, 0.00765119
0.03000000, -0.06000000, 0.03000000, 0.00771602
0.03750000, -0.06000000, 0.02250000, 0.00741327
0.04500000, -0.06000000, 0.01500000, 0.00662661
0.05250000, -0.06000000, 0.00750000, 0.00521311
0.06000000, -0.06000000, 0.00000000, 0.00213491
0.06000000, -0.05250000, -0.00750000, 0.00005022
0.06000000, -0.04500000, -0.01500000, -0.00074071
0.06000000, -0.03750000, -0.02250000, -0.00105407
0.06000000, -0.03000000, -0.03000000, -0.00109453
0.06000000, -0.02250000, -0.03750000, -0.00094569
0.06000000, -0.01500000, -0.04500000, -0.00068794
0.06000000, -0.00750000, -0.05250000, -0.00036160
0.07000000, 0.00000000, -0.07000000, -0.00000000
0.06125000, 0.00875000, -0.07000000, 0.00036393
0.05250000, 0.01750000, -0.07000000, 0.00071515
0.04375000, 0.02625000, -0.07000000, 0.00100009
0.03500000, 0.03500000, -0.07000000, 0.00118228
0.02625000, 0.04375000, -0.07000000, 0.00120238
0.01750000, 0.05250000, -0.07000000, 0.00097073
0.00875000, 0.06125000, -0.07000000, 0.00031487
0.00000000, 0.07000000, -0.07000000, -0.00153197
-0.00875000, 0.07000000, -0.06125000, -0.00446825
-0.01750000, 0.07000000, -0.05250000, -0.00586625
-0.02625000, 0.07000000, -0.04375000, -0.00666063
-0.03500000, 0.07000000, -0.03500000, -0.00700407
-0.04375000, 0.07000000, -0.02625000, -0.00697088
-0.05250000, 0.07000000, -0.01750000, -0.00652255
-0.06125000, 0.07000000, -0.00875000, -0.00556331
-0.07000000, 0.07000000, 0.00000000, -0.00355660
-0.07000000, 0.06125000, 0.00875000, -0.00182104
-0.07000000, 0.05250000, 0.01750000, -0.00101258
-0.07000000, 0.04375000, 0.02625000, -0.00051187
-0.07000000, 0.03500000, 0.03500000, -0.00019708
-0.07000000, 0.02625000, 0.04375000, -0.00001980
-0.07000000, 0.01750000, 0.05250000, 0.00005804
-0.07000000, 0.00875000, 0.06125000, 0.00005583
-0.07000000, 0.00000000, 0.07000000, -0.00000000
-0.06125000, -0.00875000, 0.07000000, -0.00005583
-0.05250000, -0.01750000, 0.07000000, -0.00005804
-0.04375000, -0.02625000, 0.07000000, 0.00001980
-0.03500000, -0.03500000, 0.07000000, 0.00019708
-0.02625000, -0.04375000, 0.07000000, 0.00051187
-0.01750000, -0.05250000, 0.07000000, 0.00101258
-0.00875000, -0.06125000, 0.07000000, 0.00182104
0.00000000, -0.07000000, 0.07000000, 0.00355660
0.00875000, -0.07000000, 0.06125000, 0.00556331
0.01750000, -0.07000000, 0.05250000, 0.00652255
0.02625000, -0.07000000, 0.04375000, 0.00697088
0.03500000, -0.07000000, 0.03500000, 0.00700407
0.04375000, -0.07000000, 0.02625000, 0.00666063
0.05250000, -0.07000000, 0.01750000, 0.00586625
0.06125000, -0.07000000, 0.00875000, 0.00446825
0.07000000, -0.07000000, 0.00000000, 0.00153197
0.07000000, -0.06125000, -0.00875000, -0.00031487
0.07000000, -0.05250000, -0.01750000, -0.00097073
0.07000000, -0.04375000, -0.02625000, -0.00120238
0.07000000, -0.03500000, -0.03500000, -0.00118228
0.07000000, -0.02625000, -0.04375000, -0.00100009
0.07000000, -0.01750000, -0.05250000, -0.00071515
0.07000000, -0.00875000, -0.06125000, -0.00036393
0.08000000, 0.00000000, -0.08000000, -0.00000000
0.07000000, 0.01000000, -0.08000000, 0.00038309
0.06000000, 0.02000000, -0.08000000, 0.00075504
0.05000000, 0.03000000, -0.08000000, 0.00106757
0.04000000, 0.04000000, -0.08000000, 0.00127787
0.03000000, 0.05000000, -0.08000000, 0.00134738
0.02000000, 0.06000000, -0.08000000, 0.00118807
0.01000000, 0.07000000, -0.08000000, 0.00064302
0.00000000, 0.08000000, -0.08000000, -0.00100028
-0.01000000, 0.08000000, -0.07000000, -0.00381788
-0.02000000, 0.08000000, -0.06000000, -0.00520878
-0.03000000, 0.08000000, -0.05000000, -0.00601575
-0.04000000, 0.08000000, -0.04000000, -0.00641466
-0.05000000, 0.08000000, -0.03000000, -0.00639686
-0.06000000, 0.08000000, -0.02000000, -0.00600336
-0.07000000, 0.08000000, -0.01000000, -0.00511433
-0.08000000, 0.08000000, 0.00000000, -0.00328225
-0.08000000, 0.07000000, 0.01000000, -0.00169369
-0.08000000, 0.06000000, 0.02000000, -0.00094864
-0.08000000, 0.05000000, 0.03000000, -0.00048397
-0.08000000, 0.04000000, 0.04000000, -0.00018981
-0.08000000, 0.03000000, 0.05000000, -0.00001815
-0.08000000, 0.02000000, 0.06000000, 0.00005594
-0.08000000, 0.01000000, 0.07000000, 0.00005658
-0.08000000, 0.00000000, 0.08000000, 0.00000000
-0.07000000, -0.01000000, 0.08000000, -0.00005658
-0.06000000, -0.02000000, 0.08000000, -0.00005594
-0.05000000, -0.03000000, 0.08000000, 0.00001815
-0.04000000, -0.04000000, 0.08000000, 0.00018981
-0.03000000, -0.05000000, 0.08000000, 0.00048397
-0.02000000, -0.06000000, 0.08000000, 0.00094864
-0.01000000, -0.07000000, 0.08000000, 0.00169369
0.00000000, -0.08000000, 0.08000000, 0.00328225
0.01000000, -0.08000000, 0.07000000, 0.00511433
0.02000000, -0.08000000, 0.06000000, 0.00600336
0.03000000, -0.08000000, 0.05000000, 0.00639686
0.04000000, -0.08000000, 0.04000000, 0.00641466
0.05000000, -0.08000000, 0.03000000, 0.00601575
0.06000000, -0.08000000, 0.02000000, 0.00520878
0.07000000, -0.08000000, 0.01000000, 0.00381788
0.08000000, -0.08000000, 0.00000000, 0.00100028
0.08000000, -0.07000000, -0.01000000, -0.00064302
0.08000000, -0.06000000, -0.02000000, -0.00118807
0.08000000, -0.05000000, -0.03000000, -0.00134738
0.08000000, -0.04000000, -0.04000000, -0.00127787
0.08000000, -0.03000000, -0.05000000, -0.00106757
0.08000000, -0.02000000, -0.06000000, -0.00075504
0.08000000, -0.01000000, -0.07000000, -0.00038309
0.09000000, 0.00000000, -0.09000000, 0.00000000
0.07875000, 0.01125000, -0.09000000, 0.00039654
0.06750000, 0.02250000, -0.09000000, 0.00078602
0.05625000, 0.03375000, -0.09000000, 0.00112513
0.04500000, 0.04500000, -0.09000000, 0.00137563
0.03375000, 0.05625000, -0.09000000, 0.00149365
0.02250000, 0.06750000, -0.09000000, 0.00140393
0.01125000, 0.07875000, -0.09000000, 0.00094764
0.00000000, 0.09000000, -0.09000000, -0.00055742
-0.01125000, 0.09000000, -0.07875000, -0.00329029
-0.02250000, 0.09000000, -0.06750000, -0.00465538
-0.03375000, 0.09000000, -0.05625000, -0.00546120
-0.04500000, 0.09000000, -0.04500000, -0.00587853
-0.05625000, 0.09000000, -0.03375000, -0.00590336
-0.06750000, 0.09000000, -0.02250000, -0.00557360
-0.07875000, 0.09000000, -0.01125000, -0.00477532
-0.09000000, 0.09000000, 0.00000000, -0.00307921
-0.09000000, 0.07875000, 0.01125000, -0.00157965
-0.09000000, 0.06750000, 0.02250000, -0.00088083
-0.09000000, 0.05625000, 0.03375000, -0.00044849
-0.09000000, 0.04500000, 0.04500000, -0.00017327
-0.09000000, 0.03375000, 0.05625000, -0.00001533
-0.09000000, 0.02250000, 0.06750000, 0.00005352
-0.09000000, 0.01125000, 0.07875000, 0.00005378
-0.09000000, 0.00000000, 0.09000000, 0.00000000
-0.07875000, -0.01125000, 0.09000000, -0.00005378
-0.06750000, -0.02250000, 0.09000000, -0.00005352
-0.05625000, -0.03375000, 0.09000000, 0.00001533
-0.04500000, -0.04500000, 0.09000000, 0.00017327
-0.03375000, -0.05625000, 0.09000000, 0.00044849
-0.02250000, -0.06750000, 0.09000000, 0.00088083
-0.01125000, -0.07875000, 0.09000000, 0.00157965
0.00000000, -0.09000000, 0.09000000, 0.00307921
0.01125000, -0.09000000, 0.07875000, 0.00477532
0.02250000, -0.09000000, 0.06750000, 0.00557360
0.03375000, -0.09000000, 0.05625000, 0.00590336
0.04500000, -0.09000000, 0.04500000, 0.00587853
0.05625000, -0.09000000, 0.03375000, 0.00546120
0.06750000, -0.09000000, 0.02250000, 0.00465538
0.07875000, -0.09000000, 0.01125000, 0.00329029
0.09000000, -0.09000000, 0.00000000, 0.00055742
0.09000000, -0.07875000, -0.01125000, -0.00094764
0.09000000, -0.06750000, -0.02250000, -0.00140393
0.09000000, -0.05625000, -0.03375000, -0.00149365
0.09000000, -0.04500000, -0.04500000, -0.00137563
0.09000000, -0.03375000, -0.05625000, -0.00112513
0.09000000, -0.02250000, -0.06750000, -0.00078602
0.09000000, -0.01125000, -0.07875000, -0.00039654
0.10000000, 0.00000000, -0.10000000, 0.00000000
0.08750000, 0.01250000, -0.10000000, 0.00040263
0.07500000, 0.02500000, -0.10000000, 0.00080841
0.06250000, 0.03750000, -0.10000000, 0.00117259
0.05000000, 0.05000000, -0.10000000, 0.00146693
0.03750000, 0.06250000, -0.10000000, 0.00163297
0.02500000, 0.07500000, -0.10000000, 0.00160683
0.01250000, 0.08750000, -0.10000000, 0.00122695
0.00000000, 0.10000000, -0.10000000, -0.00017388
-0.01250000, 0.10000000, -0.08750000, -0.00284456
-0.02500000, 0.10000000, -0.07500000, -0.00417669
-0.03750000, 0.10000000, -0.06250000, -0.00497606
-0.05000000, 0.10000000, -0.05000000, -0.00539048
-0.06250000, 0.10000000, -0.03750000, -0.00547228
-0.07500000, 0.10000000, -0.02500000, -0.00520677
-0.08750000, 0.10000000, -0.01250000, -0.00450299
-0.10000000, 0.10000000, 0.00000000, -0.00291637
-0.10000000, 0.08750000, 0.01250000, -0.00147555
-0.10000000, 0.07500000, 0.02500000, -0.00081343
-0.10000000, 0.06250000, 0.03750000, -0.00040912
-0.10000000, 0.05000000, 0.05000000, -0.00015256
-0.10000000, 0.03750000, 0.06250000, -0.00001170
-0.10000000, 0.02500000, 0.07500000, 0.00005059
-0.10000000, 0.01250000, 0.08750000, 0.00004794
-0.10000000, 0.00000000, 0.10000000, 0.00000000
-0.08750000, -0.01250000, 0.10000000, -0.00004794
-0.07500000, -0.02500000, 0.10000000, -0.00005059
-0.06250000, -0.03750000, 0.10000000, 0.00001170
-0.05000000, -0.05000000, 0.10000000, 0.00015256
-0.03750000, -0.06250000, 0.10000000, 0.00040912
-0.02500000, -0.07500000, 0.10000000, 0.00081343
-0.01250000, -0.08750000, 0.10000000, 0.00147555
0.00000000, -0.10000000, 0.10000000, 0.00291637
0.01250000, -0.10000000, 0.08750000, 0.00450299
0.02500000, -0.10000000, 0.07500000, 0.00520677
0.03750000, -0.10000000, 0.06250000, 0.00547228
0.05000000, -0.10000000, 0.05000000, 0.00539048
0.06250000, -0.10000000, 0.03750000, 0.00497606
0.07500000, -0.10000000, 0.02500000, 0.00417669
0.08750000, -0.10000000, 0.01250000, 0.00284456
0.10000000, -0.10000000, 0.00000000, 0.00017388
0.10000000, -0.08750000, -0.01250000, -0.00122695
0.10000000, -0.07500000, -0.02500000, -0.00160683
0.10000000, -0.06250000, -0.03750000, -0.00163297
0.10000000, -0.05000000, -0.05000000, -0.00146693
0.10000000, -0.03750000, -0.06250000, -0.00117259
0.10000000, -0.02500000, -0.07500000, -0.00080841
0.10000000, -0.01250000, -0.08750000, -0.00040263
0.15000000, 0.00000000, -0.15000000, -0.00000000
0.13125000, 0.01875000, -0.15000000, 0.00043739
0.11250000, 0.03750000, -0.15000000, 0.00089245
0.09375000, 0.05625000, -0.15000000, 0.00133761
0.07500000, 0.07500000, -0.15000000, 0.00173476
0.05625000, 0.09375000, -0.15000000, 0.00205638
0.03750000, 0.11250000, -0.15000000, 0.00223518
0.01875000, 0.13125000, -0.15000000, 0.00215365
0.00000000, 0.15000000, -0.15000000, 0.00127972
-0.01875000, 0.15000000, -0.13125000, -0.00106902
-0.03750000, 0.15000000, -0.11250000, -0.00232353
-0.05625000, 0.15000000, -0.09375000, -0.00313862
-0.07500000, 0.15000000, -0.07500000, -0.00365041
-0.09375000, 0.15000000, -0.05625000, -0.00385402
-0.11250000, 0.15000000, -0.03750000, -0.00378481
-0.13125000, 0.15000000, -0.01875000, -0.00336437
-0.15000000, 0.15000000, 0.00000000, -0.00224263
-0.15000000, 0.13125000, 0.01875000, -0.00108324
-0.15000000, 0.11250000, 0.03750000, -0.00055310
-0.15000000, 0.09375000, 0.05625000, -0.00023423
-0.15000000, 0.07500000, 0.07500000, -0.00004242
-0.15000000, 0.05625000, 0.09375000, 0.00005889
-0.15000000, 0.03750000, 0.11250000, 0.00008887
-0.15000000, 0.01875000, 0.13125000, 0.00006605
-0.15000000, 0.00000000, 0.15000000, 0.00000000
-0.13125000, -0.01875000, 0.15000000, -0.00006605
-0.11250000, -0.03750000, 0.15000000, -0.00008887
-0.09375000, -0.05625000, 0.15000000, -0.00005889
-0.07500000, -0.07500000, 0.15000000, 0.00004242
-0.05625000, -0.09375000, 0.15000000, 0.00023423
-0.03750000, -0.11250000, 0.15000000, 0.00055310
-0.01875000, -0.13125000, 0.15000000, 0.00108324
0.00000000, -0.15000000, 0.15000000, 0.00224263
0.01875000, -0.15000000, 0.13125000, 0.00336437
0.03750000, -0.15000000, 0.11250000, 0.00378481
0.05625000, -0.15000000, 0.09375000, 0.00385402
0.07500000, -0.15000000, 0.07500000, 0.00365041
0.09375000, -0.15000000, 0.05625000, 0.00313862
0.11250000, -0.15000000, 0.03750000, 0.00232353
0.13125000, -0.15000000, 0.01875000, 0.00106902
0.15000000, -0.15000000, 0.00000000, -0.00127972
0.15000000, -0.13125000, -0.01875000, -0.00215365
0.15000000, -0.11250000, -0.03750000, -0.00223518
0.15000000, -0.09375000, -0.05625000, -0.00205638
0.15000000, -0.07500000, -0.07500000, -0.00173476
0.15000000, -0.05625000, -0.09375000, -0.00133761
0.15000000, -0.03750000, -0.11250000, -0.00089245
0.15000000, -0.01875000, -0.13125000, -0.00043739
0.20000000, 0.00000000, -0.20000000, 0.00000000
0.17500000, 0.02500000, -0.20000000, 0.00040041
0.15000000, 0.05000000, -0.20000000, 0.00084466
0.12500000, 0.07500000, -0.20000000, 0.00129844
0.10000000, 0.10000000, -0.20000000, 0.00174251
0.07500000, 0.12500000, -0.20000000, 0.00212895
0.05000000, 0.15000000, -0.20000000, 0.00241606
0.02500000, 0.17500000, -0.20000000, 0.00249413
0.00000000, 0.20000000, -0.20000000, 0.00191402
-0.02500000, 0.20000000, -0.17500000, -0.00011021
-0.05000000, 0.20000000, -0.15000000, -0.00120921
-0.07500000, 0.20000000, -0.12500000, -0.00195606
-0.10000000, 0.20000000, -0.10000000, -0.00244572
-0.12500000, 0.20000000, -0.07500000, -0.00274624
-0.15000000, 0.20000000, -0.05000000, -0.00281928
-0.17500000, 0.20000000, -0.02500000, -0.00261400
-0.20000000, 0.20000000, 0.00000000, -0.00178853
-0.20000000, 0.17500000, 0.02500000, -0.00076706
-0.20000000, 0.15000000, 0.05000000, -0.00031958
-0.20000000, 0.12500000, 0.07500000, -0.00006663
-0.20000000, 0.10000000, 0.10000000, 0.00007719
-0.20000000, 0.07500000, 0.12500000, 0.00013298
-0.20000000, 0.05000000, 0.15000000, 0.00013231
-0.20000000, 0.02500000, 0.17500000, 0.00008184
-0.20000000, 0.00000000, 0.20000000, -0.00000000
-0.17500000, -0.02500000, 0.20000000, -0.00008184
-0.15000000, -0.05000000, 0.20000000, -0.00013231
-0.12500000, -0.07500000, 0.20000000, -0.00013298
-0.10000000, -0.10000000, 0.20000000, -0.00007719
-0.07500000, -0.12500000, 0.20000000, 0.00006663
-0.05000000, -0.15000000, 0.20000000, 0.00031958
-0.02500000, -0.17500000, 0.20000000, 0.00076706
0.00000000, -0.20000000, 0.20000000, 0.00178853
0.02500000, -0.20000000, 0.17500000, 0.00261400
0.05000000, -0.20000000, 0.15000000, 0.00281928
0.07500000, -0.20000000, 0.12500000, 0.00274624
0.10000000, -0.20000000, 0.10000000, 0.00244572
0.12500000, -0.20000000, 0.07500000, 0.00195606
0.15000000, -0.20000000, 0.05000000, 0.00120921
0.17500000, -0.20000000, 0.02500000, 0.00011021
0.20000000, -0.20000000, 0.00000000, -0.00191402
0.20000000, -0.17500000, -0.02500000, -0.00249413
0.20000000, -0.15000000, -0.05000000, -0.00241606
0.20000000, -0.12500000, -0.07500000, -0.00212895
0.20000000, -0.10000000, -0.10000000, -0.00174251
0.20000000, -0.07500000, -0.12500000, -0.00129844
0.20000000, -0.05000000, -0.15000000, -0.00084466
0.20000000, -0.02500000, -0.17500000, -0.00040041
0.25000000, 0.00000000, -0.25000000, -0.00000000
0.21875000, 0.03125000, -0.25000000, 0.00034307
0.18750000, 0.06250000, -0.25000000, 0.00073295
0.15625000, 0.09375000, -0.25000000, 0.00114562
0.12500000, 0.12500000, -0.25000000, 0.00155189
0.09375000, 0.15625000, -0.25000000, 0.00193113
0.06250000, 0.18750000, -0.25000000, 0.00223601
0.03125000, 0.21875000, -0.25000000, 0.00239374
0.00000000, 0.25000000, -0.25000000, 0.00207310
-0.03125000, 0.25000000, -0.21875000, 0.00043753
-0.06250000, 0.25000000, -0.18750000, -0.00049631
-0.09375000, 0.25000000, -0.15625000, -0.00115736
-0.12500000, 0.25000000, -0.12500000, -0.00162908
-0.15625000, 0.25000000, -0.09375000, -0.00191564
-0.18750000, 0.25000000, -0.06250000, -0.00203079
-0.21875000, 0.25000000, -0.03125000, -0.00192021
-0.25000000, 0.25000000, 0.00000000, -0.00131345
-0.25000000, 0.21875000, 0.03125000, -0.00048724
-0.25000000, 0.18750000, 0.06250000, -0.00012724
-0.25000000, 0.15625000, 0.09375000, 0.00007228
-0.25000000, 0.12500000, 0.12500000, 0.00017506
-0.25000000, 0.09375000, 0.15625000, 0.00020563
-0.25000000, 0.06250000, 0.18750000, 0.00017865
-0.25000000, 0.03125000, 0.21875000, 0.00010681
-0.25000000, 0.00000000, 0.25000000, 0.00000000
-0.21875000, -0.03125000, 0.25000000, -0.00010681
-0.18750000, -0.06250000, 0.25000000, -0.00017865
-0.15625000, -0.09375000, 0.25000000, -0.00020563
-0.12500000, -0.12500000, 0.25000000, -0.00017506
-0.09375000, -0.15625000, 0.25000000, -0.00007228
-0.06250000, -0.18750000, 0.25000000, 0.00012724
-0.03125000, -0.21875000, 0.25000000, 0.00048724
0.00000000, -0.25000000, 0.25000000, 0.00131345
0.03125000, -0.25000000, 0.21875000, 0.00192021
0.06250000, -0.25000000, 0.18750000, 0.00203079
0.09375000, -0.25000000, 0.15625000, 0.00191564
0.12500000, -0.25000000, 0.12500000, 0.00162908
0.15625000, -0.25000000, 0.09375000, 0.00115736
0.18750000, -0.25000000, 0.06250000, 0.00049631
0.21875000, -0.25000000, 0.03125000, -0.00043753
0.25000000, -0.25000000, 0.00000000, -0.00207310
0.25000000, -0.21875000, -0.03125000, -0.00239374
0.25000000, -0.18750000, -0.06250000, -0.00223601
0.25000000, -0.15625000, -0.09375000, -0.00193113
0.25000000, -0.12500000, -0.12500000, -0.00155189
0.25000000, -0.09375000, -0.15625000, -0.00114562
0.25000000, -0.06250000, -0.18750000, -0.00073295
0.25000000, -0.03125000, -0.21875000, -0.00034307
0.30000000, 0.00000000, -0.30000000, -0.00000000
0.26250000, 0.03750000, -0.30000000, 0.00026411
0.22500000, 0.07500000, -0.30000000, 0.00057879
0.18750000, 0.11250000, -0.30000000, 0.00092114
0.15000000, 0.15000000, -0.30000000, 0.00126855
0.11250000, 0.18750000, -0.30000000, 0.00159757
0.07500000, 0.22500000, -0.30000000, 0.00187523
0.03750000, 0.26250000, -0.30000000, 0.00203820
0.00000000, 0.30000000, -0.30000000, 0.00183984
-0.03750000, 0.30000000, -0.26250000, 0.00060783
-0.07500000, 0.30000000, -0.22500000, -0.00011524
-0.11250000, 0.30000000, -0.18750000, -0.00064058
-0.15000000, 0.30000000, -0.15000000, -0.00102753
-0.18750000, 0.30000000, -0.11250000, -0.00128042
-0.22500000, 0.30000000, -0.07500000, -0.00140630
-0.26250000, 0.30000000, -0.03750000, -0.00135704
-0.30000000, 0.30000000, 0.00000000, -0.00090825
-0.30000000, 0.26250000, 0.03750000, -0.00025223
-0.30000000, 0.22500000, 0.07500000, 0.00002650
-0.30000000, 0.18750000, 0.11250000, 0.00017346
-0.30000000, 0.15000000, 0.15000000, 0.00024225
-0.30000000, 0.11250000, 0.18750000, 0.00024639
-0.30000000, 0.07500000, 0.22500000, 0.00020140
-0.30000000, 0.03750000, 0.26250000, 0.00011563
-0.30000000, 0.00000000, 0.30000000, 0.00000000
-0.26250000, -0.03750000, 0.30000000, -0.00011563
-0.22500000, -0.07500000, 0.30000000, -0.00020140
-0.18750000, -0.11250000, 0.30000000, -0.00024639
-0.15000000, -0.15000000, 0.30000000, -0.00024225
-0.11250000, -0.18750000, 0.30000000, -0.00017346
-0.07500000, -0.22500000, 0.30000000, -0.00002650
-0.03750000, -0.26250000, 0.30000000, 0.00025223
0.00000000, -0.30000000, 0.30000000, 0.00090825
0.03750000, -0.30000000, 0.26250000, 0.00135704
0.07500000, -0.30000000, 0.22500000, 0.00140630
0.11250000, -0.30000000, 0.18750000, 0.00128042
0.15000000, -0.30000000, 0.15000000, 0.00102753
0.18750000, -0.30000000, 0.11250000, 0.00064058
0.22500000, -0.30000000, 0.07500000, 0.00011524
0.26250000, -0.30000000, 0.03750000, -0.00060783
0.30000000, -0.30000000, 0.00000000, -0.00183984
0.30000000, -0.26250000, -0.03750000, -0.00203820
0.30000000, -0.22500000, -0.07500000, -0.00187523
0.30000000, -0.18750000, -0.11250000, -0.00159757
0.30000000, -0.15000000, -0.15000000, -0.00126855
0.30000000, -0.11250000, -0.18750000, -0.00092114
0.30000000, -0.07500000, -0.22500000, -0.00057879
0.30000000, -0.03750000, -0.26250000, -0.00026411
0.35000000, 0.00000000, -0.35000000, 0.00000000
0.30625000, 0.04375000, -0.35000000, 0.00018122
0.26250000, 0.08750000, -0.35000000, 0.00041682
0.21875000, 0.13125000, -0.35000000, 0.00068102
0.17500000, 0.17500000, -0.35000000, 0.00096052
0.13125000, 0.21875000, -0.35000000, 0.00122332
0.08750000, 0.26250000, -0.35000000, 0.00144701
0.04375000, 0.30625000, -0.35000000, 0.00157611
0.00000000, 0.35000000, -0.35000000, 0.00142456
-0.04375000, 0.35000000, -0.30625000, 0.00056030
-0.08750000, 0.35000000, -0.26250000, 0.00005267
-0.13125000, 0.35000000, -0.21875000, -0.00032395
-0.17500000, 0.35000000, -0.17500000, -0.00059750
-0.21875000, 0.35000000, -0.13125000, -0.00080618
-0.26250000, 0.35000000, -0.08750000, -0.00091914
-0.30625000, 0.35000000, -0.04375000, -0.00090642
-0.35000000, 0.35000000, 0.00000000, -0.00057360
-0.35000000, 0.30625000, 0.04375000, -0.00007977
-0.35000000, 0.26250000, 0.08750000, 0.00012456
-0.35000000, 0.21875000, 0.13125000, 0.00022670
-0.35000000, 0.17500000, 0.17500000, 0.00026738
-0.35000000, 0.13125000, 0.21875000, 0.00025077
-0.35000000, 0.08750000, 0.26250000, 0.00019612
-0.35000000, 0.04375000, 0.30625000, 0.00010688
-0.35000000, 0.00000000, 0.35000000, -0.00000000
-0.30625000, -0.04375000, 0.35000000, -0.00010688
-0.26250000, -0.08750000, 0.35000000, -0.00019612
-0.21875000, -0.13125000, 0.35000000, -0.00025077
-0.17500000, -0.17500000, 0.35000000, -0.00026738
-0.13125000, -0.21875000, 0.35000000, -0.00022670
-0.08750000, -0.26250000, 0.35000000, -0.00012456
-0.04375000, -0.30625000, 0.35000000, 0.00007977
0.00000000, -0.35000000, 0.35000000, 0.00057360
0.04375000, -0.35000000, 0.30625000, 0.00090642
0.08750000, -0.35000000, 0.26250000, 0.00091914
0.13125000, -0.35000000, 0.21875000, 0.00080618
0.17500000, -0.35000000, 0.17500000, 0.00059750
0.21875000, -0.35000000, 0.13125000, 0.00032395
0.26250000, -0.35000000, 0.08750000, -0.00005267
0.30625000, -0.35000000, 0.04375000, -0.00056030
0.35000000, -0.35000000, 0.00000000, -0.00142456
0.35000000, -0.30625000, -0.04375000, -0.00157611
0.35000000, -0.26250000, -0.08750000, -0.00144701
0.35000000, -0.21875000, -0.13125000, -0.00122332
0.35000000, -0.17500000, -0.17500000, -0.00096052
0.35000000, -0.13125000, -0.21875000, -0.00068102
0.35000000, -0.08750000, -0.26250000, -0.00041682
0.35000000, -0.04375000, -0.30625000, -0.00018122
0.40000000, 0.00000000, -0.40000000, 0.00000000
0.35000000, 0.05000000, -0.40000000, 0.00011962
0.30000000, 0.10000000, -0.40000000, 0.00028291
0.25000000, 0.15000000, -0.40000000, 0.00047348
0.20000000, 0.20000000, -0.40000000, 0.00067299
0.15000000, 0.25000000, -0.40000000, 0.00086470
0.10000000, 0.30000000, -0.40000000, 0.00102147
0.05000000, 0.35000000, -0.40000000, 0.00110794
0.00000000, 0.40000000, -0.40000000, 0.00100344
-0.05000000, 0.40000000, -0.35000000, 0.00045654
-0.10000000, 0.40000000, -0.30000000, 0.00012044
-0.15000000, 0.40000000, -0.25000000, -0.00013527
-0.20000000, 0.40000000, -0.20000000, -0.00032934
-0.25000000, 0.40000000, -0.15000000, -0.00046538
-0.30000000, 0.40000000, -0.10000000, -0.00054054
-0.35000000, 0.40000000, -0.05000000, -0.00053006
-0.40000000, 0.40000000, 0.00000000, -0.00030388
-0.40000000, 0.35000000, 0.05000000, 0.00001882
-0.40000000, 0.30000000, 0.10000000, 0.00015810
-0.40000000, 0.25000000, 0.15000000, 0.00022897
-0.40000000, 0.20000000, 0.20000000, 0.00025098
-0.40000000, 0.15000000, 0.25000000, 0.00023017
-0.40000000, 0.10000000, 0.30000000, 0.00017510
-0.40000000, 0.05000000, 0.35000000, 0.00009403
-0.40000000, 0.00000000, 0.40000000, -0.00000000
-0.35000000, -0.05000000, 0.40000000, -0.00009403
-0.30000000, -0.10000000, 0.40000000, -0.00017510
-0.25000000, -0.15000000, 0.40000000, -0.00023017
-0.20000000, -0.20000000, 0.40000000, -0.00025098
-0.15000000, -0.25000000, 0.40000000, -0.00022897
-0.10000000, -0.30000000, 0.40000000, -0.00015810
-0.05000000, -0.35000000, 0.40000000, -0.00001882
0.00000000, -0.40000000, 0.40000000, 0.00030388
0.05000000, -0.40000000, 0.35000000, 0.00053006
0.10000000, -0.40000000, 0.30000000, 0.00054054
0.15000000, -0.40000000, 0.25000000, 0.00046538
0.20000000, -0.40000000, 0.20000000, 0.00032934
0.25000000, -0.40000000, 0.15000000, 0.00013527
0.30000000, -0.40000000, 0.10000000, -0.00012044
0.35000000, -0.40000000, 0.05000000, -0.00045654
0.40000000, -0.40000000, 0.00000000, -0.00100344
0.40000000, -0.35000000, -0.05000000, -0.00110794
0.40000000, -0.30000000, -0.10000000, -0.00102147
0.40000000, -0.25000000, -0.15000000, -0.00086470
0.40000000, -0.20000000, -0.20000000, -0.00067299
0.40000000, -0.15000000, -0.25000000, -0.00047348
0.40000000, -0.10000000, -0.30000000, -0.00028291
0.40000000, -0.05000000, -0.35000000, -0.00011962
0.45000000, 0.00000000, -0.45000000, -0.00000000
0.39375000, 0.05625000, -0.45000000, 0.00007446
0.33750000, 0.11250000, -0.45000000, 0.00017977
0.28125000, 0.16875000, -0.45000000, 0.00030773
0.22500000, 0.22500000, -0.45000000, 0.00043929
0.16875000, 0.28125000, -0.45000000, 0.00056719
0.11250000, 0.33750000, -0.45000000, 0.00066551
0.05625000, 0.39375000, -0.45000000, 0.00071078
0.00000000, 0.45000000, -0.45000000, 0.00062997
-0.05625000, 0.45000000, -0.39375000, 0.00032364
-0.11250000, 0.45000000, -0.33750000, 0.00012138
-0.16875000, 0.45000000, -0.28125000, -0.00003609
-0.22500000, 0.45000000, -0.22500000, -0.00016340
-0.28125000, 0.45000000, -0.16875000, -0.00023846
-0.33750000, 0.45000000, -0.11250000, -0.00028114
-0.39375000, 0.45000000, -0.05625000, -0.00027077
-0.45000000, 0.45000000, 0.00000000, -0.00013625
-0.45000000, 0.39375000, 0.05625000, 0.00005678
-0.45000000, 0.33750000, 0.11250000, 0.00014795
-0.45000000, 0.28125000, 0.16875000, 0.00019649
-0.45000000, 0.22500000, 0.22500000, 0.00020852
-0.45000000, 0.16875000, 0.28125000, 0.00018957
-0.45000000, 0.11250000, 0.33750000, 0.00014151
-0.45000000, 0.05625000, 0.39375000, 0.00007504
-0.45000000, 0.00000000, 0.45000000, 0.00000000
-0.39375000, -0.05625000, 0.45000000, -0.00007504
-0.33750000, -0.11250000, 0.45000000, -0.00014151
-0.28125000, -0.16875000, 0.45000000, -0.00018957
-0.22500000, -0.22500000, 0.45000000, -0.00020852
-0.16875000, -0.28125000, 0.45000000, -0.00019649
-0.11250000, -0.33750000, 0.45000000, -0.00014795
-0.05625000, -0.39375000, 0.45000000, -0.00005678
0.00000000, -0.45000000, 0.45000000, 0.00013625
0.05625000, -0.45000000, 0.39375000, 0.00027077
0.11250000, -0.45000000, 0.33750000, 0.00028114
0.16875000, -0.45000000, 0.28125000, 0.00023846
0.22500000, -0.45000000, 0.22500000, 0.00016340
0.28125000, -0.45000000, 0.16875000, 0.00003609
0.33750000, -0.45000000, 0.11250000, -0.00012138
0.39375000, -0.45000000, 0.05625000, -0.00032364
0.45000000, -0.45000000, 0.00000000, -0.00062997
0.45000000, -0.39375000, -0.05625000, -0.00071078
0.45000000, -0.33750000, -0.11250000, -0.00066551
0.45000000, -0.28125000, -0.16875000, -0.00056719
0.45000000, -0.22500000, -0.22500000, -0.00043929
0.45000000, -0.16875000, -0.28125000, -0.00030773
0.45000000, -0.11250000, -0.33750000, -0.00017977
0.45000000, -0.05625000, -0.39375000, -0.00007446
0.50000000, 0.00000000, -0.50000000, -0.00000000
0.43750000, 0.06250000, -0.50000000, 0.00003893
0.37500000, 0.12500000, -0.50000000, 0.00010258
0.31250000, 0.18750000, -0.50000000, 0.00018249
0.25000000, 0.25000000, -0.50000000, 0.00026928
0.18750000, 0.31250000, -0.50000000, 0.00034886
0.12500000, 0.37500000, -0.50000000, 0.00040640
0.06250000, 0.43750000, -0.50000000, 0.00041920
0.00000000, 0.50000000, -0.50000000, 0.00033665
-0.06250000, 0.50000000, -0.43750000, 0.00018321
-0.12500000, 0.50000000, -0.37500000, 0.00008268
-0.18750000, 0.50000000, -0.31250000, 0.00000364
-0.25000000, 0.50000000, -0.25000000, -0.00005787
-0.31250000, 0.50000000, -0.18750000, -0.00010347
-0.37500000, 0.50000000, -0.12500000, -0.00013159
-0.43750000, 0.50000000, -0.06250000, -0.00013262
-0.50000000, 0.50000000, 0.00000000, -0.00006117
-0.50000000, 0.43750000, 0.06250000, 0.00005852
-0.50000000, 0.37500000, 0.12500000, 0.00011793
-0.50000000, 0.31250000, 0.18750000, 0.00014932
-0.50000000, 0.25000000, 0.25000000, 0.00015630
-0.50000000, 0.18750000, 0.31250000, 0.00013816
-0.50000000, 0.12500000, 0.37500000, 0.00010067
-0.50000000, 0.06250000, 0.43750000, 0.00005041
-0.50000000, 0.00000000, 0.50000000, -0.00000000
-0.43750000, -0.06250000, 0.50000000, -0.00005041
-0.37500000, -0.12500000, 0.50000000, -0.00010067
-0.31250000, -0.18750000, 0.50000000, -0.00013816
-0.25000000, -0.25000000, 0.50000000, -0.00015630
-0.18750000, -0.31250000, 0.50000000, -0.00014932
-0.12500000, -0.37500000, 0.50000000, -0.00011793
-0.06250000, -0.43750000, 0.50000000, -0.00005852
0.00000000, -0.50000000, 0.50000000, 0.00006117
0.06250000, -0.50000000, 0.43750000, 0.00013262
0.12500000, -0.50000000, 0.37500000, 0.00013159
0.18750000, -0.50000000, 0.31250000, 0.00010347
0.25000000, -0.50000000, 0.25000000, 0.00005787
0.31250000, -0.50000000, 0.18750000, -0.00000364
0.37500000, -0.50000000, 0.12500000, -0.00008268
0.43750000, -0.50000000, 0.06250000, -0.00018321
0.50000000, -0.50000000, 0.00000000, -0.00033665
0.50000000, -0.43750000, -0.06250000, -0.00041920
0.50000000, -0.37500000, -0.12500000, -0.00040640
0.50000000, -0.31250000, -0.18750000, -0.00034886
0.50000000, -0.25000000, -0.25000000, -0.00026928
0.50000000, -0.18750000, -0.31250000, -0.00018249
0.50000000, -0.12500000, -0.37500000, -0.00010258
0.50000000, -0.06250000, -0.43750000, -0.00003893
0.55000000, 0.00000000, -0.55000000, 0.00000000
0.48125000, 0.06875000, -0.55000000, 0.00001615
0.41250000, 0.13750000, -0.55000000, 0.00005179
0.34375000, 0.20625000, -0.55000000, 0.00009846
0.27500000, 0.27500000, -0.55000000, 0.00015406
0.20625000, 0.34375000, -0.55000000, 0.00020065
0.13750000, 0.41250000, -0.55000000, 0.00023120
0.06875000, 0.48125000, -0.55000000, 0.00022658
0.00000000, 0.55000000, -0.55000000, 0.00015251
-0.06875000, 0.55000000, -0.48125000, 0.00008304
-0.13750000, 0.55000000, -0.41250000, 0.00004410
-0.20625000, 0.55000000, -0.34375000, 0.00001422
-0.27500000, 0.55000000, -0.27500000, -0.00000388
-0.34375000, 0.55000000, -0.20625000, -0.00003309
-0.41250000, 0.55000000, -0.13750000, -0.00005308
-0.48125000, 0.55000000, -0.06875000, -0.00006248
-0.55000000, 0.55000000, 0.00000000, -0.00002819
-0.55000000, 0.48125000, 0.06875000, 0.00004440
-0.55000000, 0.41250000, 0.13750000, 0.00008160
-0.55000000, 0.34375000, 0.20625000, 0.00010117
-0.55000000, 0.27500000, 0.27500000, 0.00010534
-0.55000000, 0.20625000, 0.34375000, 0.00008992
-0.55000000, 0.13750000, 0.41250000, 0.00006329
-0.55000000, 0.06875000, 0.48125000, 0.00002882
-0.55000000, 0.00000000, 0.55000000, -0.00000000
-0.48125000, -0.06875000, 0.55000000, -0.00002882
-0.41250000, -0.13750000, 0.55000000, -0.00006329
-0.34375000, -0.20625000, 0.55000000, -0.00008992
-0.27500000, -0.27500000, 0.55000000, -0.00010534
-0.20625000, -0.34375000, 0.55000000, -0.00010117
-0.13750000, -0.41250000, 0.55000000, -0.00008160
-0.06875000, -0.48125000, 0.55000000, -0.00004440
0.00000000, -0.55000000, 0.55000000, 0.00002819
0.06875000, -0.55000000, 0.48125000, 0.00006248
0.13750000, -0.55000000, 0.41250000, 0.00005308
0.20625000, -0.55000000, 0.34375000, 0.00003309
0.27500000, -0.55000000, 0.27500000, 0.00000388
0.34375000, -0.55000000, 0.20625000, -0.00001422
0.41250000, -0.55000000, 0.13750000, -0.00004410
0.48125000, -0.55000000, 0.06875000, -0.00008304
0.55000000, -0.55000000, 0.00000000, -0.00015251
0.55000000, -0.48125000, -0.06875000, -0.00022658
0.55000000, -0.41250000, -0.13750000, -0.00023120
0.55000000, -0.34375000, -0.20625000, -0.00020065
0.55000000, -0.27500000, -0.27500000, -0.00015406
0.55000000, -0.20625000, -0.34375000, -0.00009846
0.55000000, -0.13750000, -0.41250000, -0.00005179
0.55000000, -0.06875000, -0.48125000, -0.00001615
0.60000000, 0.00000000, -0.60000000, 0.00000000
0.52500000, 0.07500000, -0.60000000, 0.00000722
0.45000000, 0.15000000, -0.60000000, 0.00002500
0.37500000, 0.22500000, -0.60000000, 0.00005057
0.30000000, 0.30000000, -0.60000000, 0.00008023
0.22500000, 0.37500000, -0.60000000, 0.00010515
0.15000000, 0.45000000, -0.60000000, 0.00011757
0.07500000, 0.52500000, -0.60000000, 0.00010925
0.00000000, 0.60000000, -0.60000000, 0.00006651
-0.07500000, 0.60000000, -0.52500000, 0.00004030
-0.15000000, 0.60000000, -0.45000000, 0.00002571
-0.22500000, 0.60000000, -0.37500000, 0.00001555
-0.30000000, 0.60000000, -0.30000000, 0.00000900
-0.37500000, 0.60000000, -0.22500000, -0.00000183
-0.45000000, 0.60000000, -0.15000000, -0.00001140
-0.52500000, 0.60000000, -0.07500000, -0.00001744
-0.60000000, 0.60000000, 0.00000000, -0.00000484
-0.60000000, 0.52500000, 0.07500000, 0.00002701
-0.60000000, 0.45000000, 0.15000000, 0.00004741
-0.60000000, 0.37500000, 0.22500000, 0.00006007
-0.60000000, 0.30000000, 0.30000000, 0.00006273
-0.60000000, 0.22500000, 0.37500000, 0.00005376
-0.60000000, 0.15000000, 0.45000000, 0.00003659
-0.60000000, 0.07500000, 0.52500000, 0.00001599
-0.60000000, 0.00000000, 0.60000000, -0.00000000
-0.52500000, -0.07500000, 0.60000000, -0.00001599
-0.45000000, -0.15000000, 0.60000000, -0.00003659
-0.37500000, -0.22500000, 0.60000000, -0.00005376
-0.30000000, -0.30000000, 0.60000000, -0.00006273
-0.22500000, -0.37500000, 0.60000000, -0.00006007
-0.15000000, -0.45000000, 0.60000000, -0.00004741
-0.07500000, -0.52500000, 0.60000000, -0.00002701
0.00000000, -0.60000000, 0.60000000, 0.00000484
0.07500000, -0.60000000, 0.52500000, 0.00001744
0.15000000, -0.60000000, 0.45000000, 0.00001140
0.22500000, -0.60000000, 0.37500000, 0.00000183
0.30000000, -0.60000000, 0.30000000, -0.00000900
0.37500000, -0.60000000, 0.22500000, -0.00001555
0.45000000, -0.60000000, 0.15000000, -0.00002571
0.52500000, -0.60000000, 0.07500000, -0.00004030
0.60000000, -0.60000000, 0.00000000, -0.00006651
0.60000000, -0.52500000, -0.07500000, -0.00010925
0.60000000, -0.45000000, -0.15000000, -0.00011757
0.60000000, -0.37500000, -0.22500000, -0.00010515
0.60000000, -0.30000000, -0.30000000, -0.00008023
0.60000000, -0.22500000, -0.37500000, -0.00005057
0.60000000, -0.15000000, -0.45000000, -0.00002500
0.60000000, -0.07500000, -0.52500000, -0.00000722
0.65000000, 0.00000000, -0.65000000, -0.00000000
0.56875000, 0.08125000, -0.65000000, 0.00000526
0.48750000, 0.16250000, -0.65000000, 0.00001290
0.40625000, 0.24375000, -0.65000000, 0.00002579
0.32500000, 0.32500000, -0.65000000, 0.00003718
0.24375000, 0.40625000, -0.65000000, 0.00004867
0.16250000, 0.48750000, -0.65000000, 0.00005099
0.08125000, 0.56875000, -0.65000000, 0.00004497
0.00000000, 0.65000000, -0.65000000, 0.00003215
-0.08125000, 0.65000000, -0.56875000, 0.00002688
-0.16250000, 0.65000000, -0.48750000, 0.00001871
-0.24375000, 0.65000000, -0.40625000, 0.00001349
-0.32500000, 0.65000000, -0.32500000, 0.00000523
-0.40625000, 0.65000000, -0.24375000, 0.00000825
-0.48750000, 0.65000000, -0.16250000, 0.00000699
-0.56875000, 0.65000000, -0.08125000, 0.00000716
-0.65000000, 0.65000000, 0.00000000, 0.00000781
-0.65000000, 0.56875000, 0.08125000, 0.00001305
-0.65000000, 0.48750000, 0.16250000, 0.00002234
-0.65000000, 0.40625000, 0.24375000, 0.00003063
-0.65000000, 0.32500000, 0.32500000, 0.00003258
-0.65000000, 0.24375000, 0.40625000, 0.00002976
-0.65000000, 0.16250000, 0.48750000, 0.00001997
-0.65000000, 0.08125000, 0.56875000, 0.00000947
-0.65000000, 0.00000000, 0.65000000, 0.00000000
-0.56875000, -0.08125000, 0.65000000, -0.00000947
-0.48750000, -0.16250000, 0.65000000, -0.00001997
-0.40625000, -0.24375000, 0.65000000, -0.00002976
-0.32500000, -0.32500000, 0.65000000, -0.00003258
-0.24375000, -0.40625000, 0.65000000, -0.00003063
-0.16250000, -0.48750000, 0.65000000, -0.00002234
-0.08125000, -0.56875000, 0.65000000, -0.00001305
0.00000000, -0.65000000, 0.65000000, -0.00000781
0.08125000, -0.65000000, 0.56875000, -0.00000716
0.16250000, -0.65000000, 0.48750000, -0.00000699
0.24375000, -0.65000000, 0.40625000, -0.00000825
0.32500000, -0.65000000, 0.32500000, -0.00000523
0.40625000, -0.65000000, 0.24375000, -0.00001349
0.48750000, -0.65000000, 0.16250000, -0.00001871
0.56875000, -0.65000000, 0.08125000, -0.00002688
0.65000000, -0.65000000, 0.00000000, -0.00003215
0.65000000, -0.56875000, -0.08125000, -0.00004497
0.65000000, -0.48750000, -0.16250000, -0.00005099
0.65000000, -0.40625000, -0.24375000, -0.00004867
0.65000000, -0.32500000, -0.32500000, -0.00003718
0.65000000, -0.24375000, -0.40625000, -0.00002579
0.65000000, -0.16250000, -0.48750000, -0.00001290
0.65000000, -0.08125000, -0.56875000, -0.00000526
0.70000000, 0.00000000, -0.70000000, -0.00000000
0.61250000, 0.08750000, -0.70000000, 0.00000277
0.52500000, 0.17500000, -0.70000000, 0.00000589
0.43750000, 0.26250000, -0.70000000, 0.00001148
0.35000000, 0.35000000, -0.70000000, 0.00001595
0.26250000, 0.43750000, -0.70000000, 0.00002046
0.17500000, 0.52500000, -0.70000000, 0.00002014
0.08750000, 0.61250000, -0.70000000, 0.00001593
0.00000000, 0.70000000, -0.70000000, 0.00001027
-0.08750000, 0.70000000, -0.61250000, 0.00001172
-0.17500000, 0.70000000, -0.52500000, 0.00000921
-0.26250000, 0.70000000, -0.43750000, 0.00000820
-0.35000000, 0.70000000, -0.35000000, 0.00000486
-0.43750000, 0.70000000, -0.26250000, 0.00000803
-0.52500000, 0.70000000, -0.17500000, 0.00000729
-0.61250000, 0.70000000, -0.08750000, 0.00000664
-0.70000000, 0.70000000, 0.00000000, 0.00000383
-0.70000000, 0.61250000, 0.08750000, 0.00000496
-0.70000000, 0.52500000, 0.17500000, 0.00000920
-0.70000000, 0.43750000, 0.26250000, 0.00001359
-0.70000000, 0.35000000, 0.35000000, 0.00001504
-0.70000000, 0.26250000, 0.43750000, 0.00001410
-0.70000000, 0.17500000, 0.52500000, 0.00000935
-0.70000000, 0.08750000, 0.61250000, 0.00000446
-0.70000000, 0.00000000, 0.70000000, 0.00000000
-0.61250000, -0.08750000, 0.70000000, -0.00000446
-0.52500000, -0.17500000, 0.70000000, -0.00000935
-0.43750000, -0.26250000, 0.70000000, -0.00001410
-0.35000000, -0.35000000, 0.70000000, -0.00001504
-0.26250000, -0.43750000, 0.70000000, -0.00001359
-0.17500000, -0.52500000, 0.70000000, -0.00000920
-0.08750000, -0.61250000, 0.70000000, -0.00000496
0.00000000, -0.70000000, 0.70000000, -0.00000383
0.08750000, -0.70000000, 0.61250000, -0.00000664
0.17500000, -0.70000000, 0.52500000, -0.00000729
0.26250000, -0.70000000, 0.43750000, -0.00000803
0.35000000, -0.70000000, 0.35000000, -0.00000486
0.43750000, -0.70000000, 0.26250000, -0.00000820
0.52500000, -0.70000000, 0.17500000, -0.00000921
0.61250000, -0.70000000, 0.08750000, -0.00001172
0.70000000, -0.70000000, 0.00000000, -0.00001027
0.70000000, -0.61250000, -0.08750000, -0.00001593
0.70000000, -0.52500000, -0.17500000, -0.00002014
0.70000000, -0.43750000, -0.26250000, -0.00002046
0.70000000, -0.35000000, -0.35000000, -0.00001595
0.70000000, -0.26250000, -0.43750000, -0.00001148
0.70000000, -0.17500000, -0.52500000, -0.00000589
0.70000000, -0.08750000, -0.61250000, -0.00000277
0.75000000, 0.00000000, -0.75000000, 0.00000000
0.65625000, 0.09375000, -0.75000000, -0.00000080
0.56250000, 0.18750000, -0.75000000, 0.00000077
0.46875000, 0.28125000, -0.75000000, 0.00000269
0.37500000, 0.37500000, -0.75000000, 0.00000714
0.28125000, 0.46875000, -0.75000000, 0.00000900
0.18750000, 0.56250000, -0.75000000, 0.00000971
0.09375000, 0.65625000, -0.75000000, 0.00000614
0.00000000, 0.75000000, -0.75000000, -0.00000527
-0.09375000, 0.75000000, -0.65625000, -0.00000509
-0.18750000, 0.75000000, -0.56250000, -0.00000145
-0.28125000, 0.75000000, -0.46875000, 0.00000233
-0.37500000, 0.75000000, -0.37500000, 0.00000833
-0.46875000, 0.75000000, -0.28125000, 0.00000445
-0.56250000, 0.75000000, -0.18750000, 0.00000027
-0.65625000, 0.75000000, -0.09375000, -0.00000496
-0.75000000, 0.75000000, 0.00000000, -0.00000567
-0.75000000, 0.65625000, 0.09375000, 0.00000177
-0.75000000, 0.56250000, 0.18750000, 0.00000446
-0.75000000, 0.46875000, 0.28125000, 0.00000571
-0.75000000, 0.37500000, 0.37500000, 0.00000653
-0.75000000, 0.28125000, 0.46875000, 0.00000460
-0.75000000, 0.18750000, 0.56250000, 0.00000269
-0.75000000, 0.09375000, 0.65625000, 0.00000025
-0.75000000, 0.00000000, 0.75000000, -0.00000000
-0.65625000, -0.09375000, 0.75000000, -0.00000025
-0.56250000, -0.18750000, 0.75000000, -0.00000269
-0.46875000, -0.28125000, 0.75000000, -0.00000460
-0.37500000, -0.37500000, 0.75000000, -0.00000653
-0.28125000, -0.46875000, 0.75000000, -0.00000571
-0.18750000, -0.56250000, 0.75000000, -0.00000446
-0.09375000, -0.65625000, 0.75000000, -0.00000177
0.00000000, -0.75000000, 0.75000000, 0.00000567
0.09375000, -0.75000000, 0.65625000, 0.00000496
0.18750000, -0.75000000, 0.56250000, -0.00000027
0.28125000, -0.75000000, 0.46875000, -0.00000445
0.37500000, -0.75000000, 0.37500000, -0.00000833
0.46875000, -0.75000000, 0.28125000, -0.00000233
0.56250000, -0.75000000, 0.18750000, 0.00000145
0.65625000, -0.75000000, 0.09375000, 0.00000509
0.75000000, -0.75000000, 0.00000000, 0.00000527
0.75000000, -0.65625000, -0.09375000, -0.00000614
0.75000000, -0.56250000, -0.18750000, -0.00000971
0.75000000, -0.46875000, -0.28125000, -0.00000900
0.75000000, -0.37500000, -0.37500000, -0.00000714
0.75000000, -0.28125000, -0.46875000, -0.00000269
0.75000000, -0.18750000, -0.56250000, -0.00000077
0.75000000, -0.09375000, -0.65625000, 0.00000080
0.80000000, 0.00000000, -0.80000000, 0.00000000
0.70000000, 0.10000000, -0.80000000, -0.00000152
0.60000000, 0.20000000, -0.80000000, -0.00000084
0.50000000, 0.30000000, -0.80000000, -0.00000023
0.40000000, 0.40000000, -0.80000000, 0.00000284
0.30000000, 0.50000000, -0.80000000, 0.00000373
0.20000000, 0.60000000, -0.80000000, 0.00000452
0.10000000, 0.70000000, -0.80000000, 0.00000265
0.00000000, 0.80000000, -0.80000000, -0.00000485
-0.10000000, 0.80000000, -0.70000000, -0.00000657
-0.20000000, 0.80000000, -0.60000000, -0.00000330
-0.30000000, 0.80000000, -0.50000000, 0.00000010
-0.40000000, 0.80000000, -0.40000000, 0.00000597
-0.50000000, 0.80000000, -0.30000000, 0.00000179
-0.60000000, 0.80000000, -0.20000000, -0.00000175
-0.70000000, 0.80000000, -0.10000000, -0.00000582
-0.80000000, 0.80000000, 0.00000000, -0.00000449
-0.80000000, 0.70000000, 0.10000000, 0.00000082
-0.80000000, 0.60000000, 0.20000000, 0.00000210
-0.80000000, 0.50000000, 0.30000000, 0.00000218
-0.80000000, 0.40000000, 0.40000000, 0.00000242
-0.80000000, 0.30000000, 0.50000000, 0.00000085
-0.80000000, 0.20000000, 0.60000000, 0.00000014
-0.80000000, 0.10000000, 0.70000000, -0.00000090
-0.80000000, 0.00000000, 0.80000000, -0.00000000
-0.70000000, -0.10000000, 0.80000000, 0.00000090
-0.60000000, -0.20000000, 0.80000000, -0.00000014
-0.50000000, -0.30000000, 0.80000000, -0.00000085
-0.40000000, -0.40000000, 0.80000000, -0.00000242
-0.30000000, -0.50000000, 0.80000000, -0.00000218
-0.20000000, -0.60000000, 0.80000000, -0.00000210
-0.10000000, -0.70000000, 0.80000000, -0.00000082
0.00000000, -0.80000000, 0.80000000, 0.00000449
0.10000000, -0.80000000, 0.70000000, 0.00000582
0.20000000, -0.80000000, 0.60000000, 0.00000175
0.30000000, -0.80000000, 0.50000000, -0.00000179
0.40000000, -0.80000000, 0.40000000, -0.00000597
0.50000000, -0.80000000, 0.30000000, -0.00000010
0.60000000, -0.80000000, 0.20000000, 0.00000330
0.70000000, -0.80000000, 0.10000000, 0.00000657
0.80000000, -0.80000000, 0.00000000, 0.00000485
0.80000000, -0.70000000, -0.10000000, -0.00000265
0.80000000, -0.60000000, -0.20000000, -0.00000452
0.80000000, -0.50000000, -0.30000000, -0.00000373
0.80000000, -0.40000000, -0.40000000, -0.00000284
0.80000000, -0.30000000, -0.50000000, 0.00000023
0.80000000, -0.20000000, -0.60000000, 0.00000084
0.80000000, -0.10000000, -0.70000000, 0.00000152
0.85000000, 0.00000000, -0.85000000, -0.00000000
0.74375000, 0.10625000, -0.85000000, 0.00000075
0.63750000, 0.21250000, -0.85000000, 0.00000058
0.53125000, 0.31875000, -0.85000000, 0.00000093
0.42500000, 0.42500000, -0.85000000, 0.00000000
0.31875000, 0.53125000, -0.85000000, 0.00000010
0.21250000, 0.63750000, -0.85000000, -0.00000059
0.10625000, 0.74375000, -0.85000000, -0.00000009
0.00000000, 0.85000000, -0.85000000, 0.00000498
-0.10625000, 0.85000000, -0.74375000, 0.00000455
-0.21250000, 0.85000000, -0.63750000, 0.00000244
-0.31875000, 0.85000000, -0.53125000, 0.00000124
-0.42500000, 0.85000000, -0.42500000, -0.00000153
-0.53125000, 0.85000000, -0.31875000, 0.00000100
-0.63750000, 0.85000000, -0.21250000, 0.00000208
-0.74375000, 0.85000000, -0.10625000, 0.00000402
-0.85000000, 0.85000000, 0.00000000, 0.00000434
-0.85000000, 0.74375000, 0.10625000, 0.00000020
-0.85000000, 0.63750000, 0.21250000, -0.00000026
-0.85000000, 0.53125000, 0.31875000, 0.00000020
-0.85000000, 0.42500000, 0.42500000, 0.00000022
-0.85000000, 0.31875000, 0.53125000, 0.00000081
-0.85000000, 0.21250000, 0.63750000, 0.00000052
-0.85000000, 0.10625000, 0.74375000, 0.00000060
-0.85000000, 0.00000000, 0.85000000, 0.00000000
-0.74375000, -0.10625000, 0.85000000, -0.00000060
-0.63750000, -0.21250000, 0.85000000, -0.00000052
-0.53125000, -0.31875000, 0.85000000, -0.00000081
-0.42500000, -0.42500000, 0.85000000, -0.00000022
-0.31875000, -0.53125000, 0.85000000, -0.00000020
-0.21250000, -0.63750000, 0.85000000, 0.00000026
-0.10625000, -0.74375000, 0.85000000, -0.00000020
0.00000000, -0.85000000, 0.85000000, -0.00000434
0.10625000, -0.85000000, 0.74375000, -0.00000402
0.21250000, -0.85000000, 0.63750000, -0.00000208
0.31875000, -0.85000000, 0.53125000, -0.00000100
0.42500000, -0.85000000, 0.42500000, 0.00000153
0.53125000, -0.85000000, 0.31875000, -0.00000124
0.63750000, -0.85000000, 0.21250000, -0.00000244
0.74375000, -0.85000000, 0.10625000, -0.00000455
0.85000000, -0.85000000, 0.00000000, -0.00000498
0.85000000, -0.74375000, -0.10625000, 0.00000009
0.85000000, -0.63750000, -0.21250000, 0.00000059
0.85000000, -0.53125000, -0.31875000, -0.00000010
0.85000000, -0.42500000, -0.42500000, -0.00000000
0.85000000, -0.31875000, -0.53125000, -0.00000093
0.85000000, -0.21250000, -0.63750000, -0.00000058
0.85000000, -0.10625000, -0.74375000, -0.00000075
0.90000000, 0.00000000, -0.90000000, -0.00000000
0.78750000, 0.11250000, -0.90000000, 0.00000098
0.67500000, 0.22500000, -0.90000000, 0.00000077
0.56250000, 0.33750000, -0.90000000, 0.00000087
0.45000000, 0.45000000, -0.90000000, -0.00000041
0.33750000, 0.56250000, -0.90000000, -0.00000059
0.22500000, 0.67500000, -0.90000000, -0.00000123
0.11250000, 0.78750000, -0.90000000, -0.00000068
0.00000000, 0.90000000, -0.90000000, 0.00000313
-0.11250000, 0.90000000, -0.78750000, 0.00000421
-0.22500000, 0.90000000, -0.67500000, 0.00000236
-0.33750000, 0.90000000, -0.56250000, 0.00000091
-0.45000000, 0.90000000, -0.45000000, -0.00000203
-0.56250000, 0.90000000, -0.33750000, 0.00000046
-0.67500000, 0.90000000, -0.22500000, 0.00000185
-0.78750000, 0.90000000, -0.11250000, 0.00000374
-0.90000000, 0.90000000, 0.00000000, 0.00000279
-0.90000000, 0.78750000, 0.11250000, -0.00000017
-0.90000000, 0.67500000, 0.22500000, -0.00000059
-0.90000000, 0.56250000, 0.33750000, -0.00000024
-0.90000000, 0.45000000, 0.45000000, -0.00000020
-0.90000000, 0.33750000, 0.56250000, 0.00000056
-0.90000000, 0.22500000, 0.67500000, 0.00000052
-0.90000000, 0.11250000, 0.78750000, 0.00000073
-0.90000000, 0.00000000, 0.90000000, 0.00000000
-0.78750000, -0.11250000, 0.90000000, -0.00000073
-0.67500000, -0.22500000, 0.90000000, -0.00000052
-0.56250000, -0.33750000, 0.90000000, -0.00000056
-0.45000000, -0.45000000, 0.90000000, 0.00000020
-0.33750000, -0.56250000, 0.90000000, 0.00000024
-0.22500000, -0.67500000, 0.90000000, 0.00000059
-0.11250000, -0.78750000, 0.90000000, 0.00000017
0.00000000, -0.90000000, 0.90000000, -0.00000279
0.11250000, -0.90000000, 0.78750000, -0.00000374
0.22500000, -0.90000000, 0.67500000, -0.00000185
0.33750000, -0.90000000, 0.56250000, -0.00000046
0.45000000, -0.90000000, 0.45000000, 0.00000203
0.56250000, -0.90000000, 0.33750000, -0.00000091
0.67500000, -0.90000000, 0.22500000, -0.00000236
0.78750000, -0.90000000, 0.11250000, -0.00000421
0.90000000, -0.90000000, 0.00000000, -0.00000313
0.90000000, -0.78750000, -0.11250000, 0.00000068
0.90000000, -0.67500000, -0.22500000, 0.00000123
0.90000000, -0.56250000, -0.33750000, 0.00000059
0.90000000, -0.45000000, -0.45000000, 0.00000041
0.90000000, -0.33750000, -0.56250000, -0.00000087
0.90000000, -0.22500000, -0.67500000, -0.00000077
0.90000000, -0.11250000, -0.78750000, -0.00000098
0.95000000, 0.00000000, -0.95000000, 0.00000000
0.83125000, 0.11875000, -0.95000000, -0.00000089
0.71250000, 0.23750000, -0.95000000, -0.00000066
0.59375000, 0.35625000, -0.95000000, -0.00000078
0.47500000, 0.47500000, -0.95000000, 0.00000051
0.35625000, 0.59375000, -0.95000000, 0.00000064
0.23750000, 0.71250000, -0.95000000, 0.00000126
0.11875000, 0.83125000, -0.95000000, 0.00000056
0.00000000, 0.95000000, -0.95000000, -0.00000462
-0.11875000, 0.95000000, -0.83125000, -0.00000465
-0.23750000, 0.95000000, -0.71250000, -0.00000249
-0.35625000, 0.95000000, -0.59375000, -0.00000086
-0.47500000, 0.95000000, -0.47500000, 0.00000247
-0.59375000, 0.95000000, -0.35625000, -0.00000026
-0.71250000, 0.95000000, -0.23750000, -0.00000187
-0.83125000, 0.95000000, -0.11875000, -0.00000411
-0.95000000, 0.95000000, 0.00000000, -0.00000407
-0.95000000, 0.83125000, 0.11875000, 0.00000002
-0.95000000, 0.71250000, 0.23750000, 0.00000057
-0.95000000, 0.59375000, 0.35625000, 0.00000026
-0.95000000, 0.47500000, 0.47500000, 0.00000027
-0.95000000, 0.35625000, 0.59375000, -0.00000047
-0.95000000, 0.23750000, 0.71250000, -0.00000042
-0.95000000, 0.11875000, 0.83125000, -0.00000066
-0.95000000, 0.00000000, 0.95000000, -0.00000000
-0.83125000, -0.11875000, 0.95000000, 0.00000066
-0.71250000, -0.23750000, 0.95000000, 0.00000042
-0.59375000, -0.35625000, 0.95000000, 0.00000047
-0.47500000, -0.47500000, 0.95000000, -0.00000027
-0.35625000, -0.59375000, 0.95000000, -0.00000026
-0.23750000, -0.71250000, 0.95000000, -0.00000057
-0.11875000, -0.83125000, 0.95000000, -0.00000002
0.00000000, -0.95000000, 0.95000000, 0.00000407
0.11875000, -0.95000000, 0.83125000, 0.00000411
0.23750000, -0.95000000, 0.71250000, 0.00000187
0.35625000, -0.95000000, 0.59375000, 0.00000026
0.47500000, -0.95000000, 0.47500000, -0.00000247
0.59375000, -0.95000000, 0.35625000, 0.00000086
0.71250000, -0.95000000, 0.23750000, 0.00000249
0.83125000, -0.95000000, 0.11875000, 0.00000465
0.95000000, -0.95000000, 0.00000000, 0.00000462
0.95000000, -0.83125000, -0.11875000, -0.00000056
0.95000000, -0.71250000, -0.23750000, -0.00000126
0.95000000, -0.59375000, -0.35625000, -0.00000064
0.95000000, -0.47500000, -0.47500000, -0.00000051
0.95000000, -0.35625000, -0.59375000, 0.00000078
0.95000000, -0.23750000, -0.71250000, 0.00000066
0.95000000, -0.11875000, -0.83125000, 0.00000089
1.00000000, 0.00000000, -1.00000000, 0.00000000
0.87500000, 0.12500000, -1.00000000, 0.00000000
0.75000000, 0.25000000, -1.00000000, 0.00000000
0.62500000, 0.37500000, -1.00000000, 0.00000000
0.50000000, 0.50000000, -1.00000000, 0.00000000
0.37500000, 0.62500000, -1.00000000, 0.00000000
0.25000000, 0.75000000, -1.00000000, 0.00000000
0.12500000, 0.87500000, -1.00000000, 0.00000000
0.00000000, 1.00000000, -1.00000000, 0.00000000
-0.12500000, 1.00000000, -0.87500000, 0.00000000
-0.25000000, 1.00000000, -0.75000000, 0.00000000
-0.37500000, 1.00000000, -0.62500000, 0.00000000
-0.50000000, 1.00000000, -0.50000000, 0.00000000
-0.62500000, 1.00000000, -0.37500000, 0.00000000
-0.75000000, 1.00000000, -0.25000000, 0.00000000
-0.87500000, 1.00000000, -0.12500000, 0.00000000
-1.00000000, 1.00000000, 0.00000000, 0.00000000
-1.00000000, 0.87500000, 0.12500000, 0.00000000
-1.00000000, 0.75000000, 0.25000000, 0.00000000
-1.00000000, 0.62500000, 0.37500000, 0.00000000
-1.00000000, 0.50000000, 0.50000000, 0.00000000
-1.00000000, 0.37500000, 0.62500000, 0.00000000
-1.00000000, 0.25000000, 0.75000000, 0.00000000
-1.00000000, 0.12500000, 0.87500000, 0.00000000
-1.00000000, 0.00000000, 1.00000000, 0.00000000
-0.87500000, -0.12500000, 1.00000000, 0.00000000
-0.75000000, -0.25000000, 1.00000000, 0.00000000
-0.62500000, -0.37500000, 1.00000000, 0.00000000
-0.50000000, -0.50000000, 1.00000000, 0.00000000
-0.37500000, -0.62500000, 1.00000000, 0.00000000
-0.25000000, -0.75000000, 1.00000000, 0.00000000
-0.12500000, -0.87500000, 1.00000000, 0.00000000
0.00000000, -1.00000000, 1.00000000, 0.00000000
0.12500000, -1.00000000, 0.87500000, 0.00000000
0.25000000, -1.00000000, 0.75000000, 0.00000000
0.37500000, -1.00000000, 0.62500000, 0.00000000
0.50000000, -1.00000000, 0.50000000, 0.00000000
0.62500000, -1.00000000, 0.37500000, 0.00000000
0.75000000, -1.00000000, 0.25000000, 0.00000000
0.87500000, -1.00000000, 0.12500000, 0.00000000
1.00000000, -1.00000000, 0.00000000, 0.00000000
1.00000000, -0.87500000, -0.12500000, 0.00000000
1.00000000, -0.75000000, -0.25000000, 0.00000000
1.00000000, -0.62500000, -0.37500000, 0.00000000
1.00000000, -0.50000000, -0.50000000, 0.00000000
1.00000000, -0.37500000, -0.62500000, 0.00000000
1.00000000, -0.25000000, -0.75000000, 0.00000000
1.00000000, -0.12500000, -0.87500000, 0.00000000
