0.01000000, 0.00000000, -0.01000000, -0.04353768
0.00000000, 0.01000000, -0.01000000, -0.13288051
-0.00125000, 0.01000000, -0.00875000, -0.14759888
-0.00250000, 0.01000000, -0.00750000, -0.11128989
-0.00375000, 0.01000000, -0.00625000, -0.05402979
-0.00500000, 0.01000000, -0.00500000, 0.00971619
-0.00625000, 0.01000000, -0.00375000, 0.07510198
-0.00750000, 0.01000000, -0.00250000, 0.12800202
-0.00875000, 0.01000000, -0.00125000, 0.16266298
-0.01000000, 0.01000000, 0.00000000, 0.13854709
-0.01000000, 0.00875000, 0.00125000, 0.09536286
-0.01000000, 0.00750000, 0.00250000, 0.07846262
-0.01000000, 0.00625000, 0.00375000, 0.06812506
-0.01000000, 0.00500000, 0.00500000, 0.06028918
-0.01000000, 0.00375000, 0.00625000, 0.05490576
-0.01000000, 0.00250000, 0.00750000, 0.04961926
-0.01000000, 0.00125000, 0.00875000, 0.04627165
-0.01000000, 0.00000000, 0.01000000, 0.04353768
0.00000000, -0.01000000, 0.01000000, 0.13288051
0.00125000, -0.01000000, 0.00875000, 0.14759888
0.00250000, -0.01000000, 0.00750000, 0.11128989
0.00375000, -0.01000000, 0.00625000, 0.05402979
0.00500000, -0.01000000, 0.00500000, -0.00971619
0.00625000, -0.01000000, 0.00375000, -0.07510198
0.00750000, -0.01000000, 0.00250000, -0.12800202
0.00875000, -0.01000000, 0.00125000, -0.16266298
0.01000000, -0.01000000, 0.00000000, -0.13854709
0.01000000, -0.00875000, -0.00125000, -0.09536286
0.01000000, -0.00750000, -0.00250000, -0.07846262
0.01000000, -0.00625000, -0.00375000, -0.06812506
0.01000000, -0.00500000, -0.00500000, -0.06028918
0.01000000, -0.00375000, -0.00625000, -0.05490576
0.01000000, -0.00250000, -0.00750000, -0.04961926
0.01000000, -0.00125000, -0.00875000, -0.04627165
0.02000000, 0.00000000, -0.02000000, -0.02019693
0.01750000, 0.00250000, -0.02000000, -0.02171084
0.01500000, 0.00500000, -0.02000000, -0.02375599
0.01250000, 0.00750000, -0.02000000, -0.02666199
0.01000000, 0.01000000, -0.02000000, -0.02964531
0.00750000, 0.01250000, -0.02000000, -0.03370341
0.00500000, 0.01500000, -0.02000000, -0.03861842
0.00250000, 0.01750000, -0.02000000, -0.04568770
0.00000000, 0.02000000, -0.02000000, -0.06288483
-0.00250000, 0.02000000, -0.01750000, -0.06787820
-0.00500000, 0.02000000, -0.01500000, -0.04953590
-0.00750000, 0.02000000, -0.01250000, -0.02169414
-0.01000000, 0.02000000, -0.01000000, 0.00883891
-0.01250000, 0.02000000, -0.00750000, 0.03959646
-0.01500000, 0.02000000, -0.00500000, 0.06567832
-0.01750000, 0.02000000, -0.00250000, 0.08155908
-0.02000000, 0.02000000, 0.00000000, 0.07036857
-0.02000000, 0.01750000, 0.00250000, 0.04880714
-0.02000000, 0.01500000, 0.00500000, 0.03990865
-0.02000000, 0.01250000, 0.00750000, 0.03426470
-0.02000000, 0.01000000, 0.01000000, 0.02973031
-0.02000000, 0.00750000, 0.01250000, 0.02646146
-0.02000000, 0.00500000, 0.01500000, 0.02383422
-0.02000000, 0.00250000, 0.01750000, 0.02175137
-0.02000000, 0.00000000, 0.02000000, 0.02019693
-0.01750000, -0.00250000, 0.02000000, 0.02171084
-0.01500000, -0.00500000, 0.02000000, 0.02375599
-0.01250000, -0.00750000, 0.02000000, 0.02666199
-0.01000000, -0.01000000, 0.02000000, 0.02964531
-0.00750000, -0.01250000, 0.02000000, 0.03370341
-0.00500000, -0.01500000, 0.02000000, 0.03861842
-0.00250000, -0.01750000, 0.02000000, 0.04568770
0.00000000, -0.02000000, 0.02000000, 0.06288483
0.00250000, -0.02000000, 0.01750000, 0.06787820
0.00500000, -0.02000000, 0.01500000, 0.04953590
0.00750000, -0.02000000, 0.01250000, 0.02169414
0.01000000, -0.02000000, 0.01000000, -0.00883891
0.01250000, -0.02000000, 0.00750000, -0.03959646
0.01500000, -0.02000000, 0.00500000, -0.06567832
0.01750000, -0.02000000, 0.00250000, -0.08155908
0.02000000, -0.02000000, 0.00000000, -0.07036857
0.02000000, -0.01750000, -0.00250000, -0.04880714
0.02000000, -0.01500000, -0.00500000, -0.03990865
0.02000000, -0.01250000, -0.00750000, -0.03426470
0.02000000, -0.01000000, -0.01000000, -0.02973031
0.02000000, -0.00750000, -0.01250000, -0.02646146
0.02000000, -0.00500000, -0.01500000, -0.02383422
0.02000000, -0.00250000, -0.01750000, -0.02175137
0.03000000, 0.00000000, -0.03000000, -0.01248886
0.02625000, 0.00375000, -0.03000000, -0.01336864
0.02250000, 0.00750000, -0.03000000, -0.01469994
0.01875000, 0.01125000, -0.03000000, -0.01667067
0.01500000, 0.01500000, -0.03000000, -0.01893033
0.01125000, 0.01875000, -0.03000000, -0.02168178
0.00750000, 0.02250000, -0.03000000, -0.02515236
0.00375000, 0.02625000, -0.03000000, -0.03008923
0.00000000, 0.03000000, -0.03000000, -0.04162635
-0.00375000, 0.03000000, -0.02625000, -0.04355190
-0.00750000, 0.03000000, -0.02250000, -0.03051257
-0.01125000, 0.03000000, -0.01875000, -0.01147044
-0.01500000, 0.03000000, -0.01500000, 0.00959337
-0.01875000, 0.03000000, -0.01125000, 0.03019916
-0.02250000, 0.03000000, -0.00750000, 0.04770880
-0.02625000, 0.03000000, -0.00375000, 0.05827872
-0.03000000, 0.03000000, 0.00000000, 0.05061578
-0.03000000, 0.02625000, 0.00375000, 0.03499500
-0.03000000, 0.02250000, 0.00750000, 0.02820066
-0.03000000, 0.01875000, 0.01125000, 0.02375079
-0.03000000, 0.01500000, 0.01500000, 0.02034130
-0.03000000, 0.01125000, 0.01875000, 0.01764093
-0.03000000, 0.00750000, 0.02250000, 0.01537915
-0.03000000, 0.00375000, 0.02625000, 0.01370969
-0.03000000, 0.00000000, 0.03000000, 0.01248886
-0.02625000, -0.00375000, 0.03000000, 0.01336864
-0.02250000, -0.00750000, 0.03000000, 0.01469994
-0.01875000, -0.01125000, 0.03000000, 0.01667067
-0.01500000, -0.01500000, 0.03000000, 0.01893033
-0.01125000, -0.01875000, 0.03000000, 0.02168178
-0.00750000, -0.02250000, 0.03000000, 0.02515236
-0.00375000, -0.02625000, 0.03000000, 0.03008923
0.00000000, -0.03000000, 0.03000000, 0.04162635
0.00375000, -0.03000000, 0.02625000, 0.04355190
0.00750000, -0.03000000, 0.02250000, 0.03051257
0.01125000, -0.03000000, 0.01875000, 0.01147044
0.01500000, -0.03000000, 0.01500000, -0.00959337
0.01875000, -0.03000000, 0.01125000, -0.03019916
0.02250000, -0.03000000, 0.00750000, -0.04770880
0.02625000, -0.03000000, 0.00375000, -0.05827872
0.03000000, -0.03000000, 0.00000000, -0.05061578
0.03000000, -0.02625000, -0.00375000, -0.03499500
0.03000000, -0.02250000, -0.00750000, -0.02820066
0.03000000, -0.01875000, -0.01125000, -0.02375079
0.03000000, -0.01500000, -0.01500000, -0.02034130
0.03000000, -0.01125000, -0.01875000, -0.01764093
0.03000000, -0.00750000, -0.02250000, -0.01537915
0.03000000, -0.00375000, -0.02625000, -0.01370969
0.04000000, 0.00000000, -0.04000000, -0.00852842
0.03500000, 0.00500000, -0.04000000, -0.00912991
0.03000000, 0.01000000, -0.04000000, -0.01022832
0.02500000, 0.01500000, -0.04000000, -0.01174505
0.02000000, 0.02000000, -0.04000000, -0.01360356
0.01500000, 0.02500000, -0.04000000, -0.01591947
0.01000000, 0.03000000, -0.04000000, -0.01880579
0.00500000, 0.03500000, -0.04000000, -0.02285777
0.00000000, 0.04000000, -0.04000000, -0.03188611
-0.00500000, 0.04000000, -0.03500000, -0.03233373
-0.01000000, 0.04000000, -0.03000000, -0.02149238
-0.01500000, 0.04000000, -0.02500000, -0.00639107
-0.02000000, 0.04000000, -0.02000000, 0.01025024
-0.02500000, 0.04000000, -0.01500000, 0.02645067
-0.03000000, 0.04000000, -0.01000000, 0.04010879
-0.03500000, 0.04000000, -0.00500000, 0.04824761
-0.04000000, 0.04000000, 0.00000000, 0.04193852
-0.04000000, 0.03500000, 0.00500000, 0.02868460
-0.04000000, 0.03000000, 0.01000000, 0.02271510
-0.04000000, 0.02500000, 0.01500000, 0.01867522
-0.04000000, 0.02000000, 0.02000000, 0.01560482
-0.04000000, 0.01500000, 0.02500000, 0.01318906
-0.04000000, 0.01000000, 0.03000000, 0.01120191
-0.04000000, 0.00500000, 0.03500000, 0.00959870
-0.04000000, 0.00000000, 0.04000000, 0.00852842
-0.03500000, -0.00500000, 0.04000000, 0.00912991
-0.03000000, -0.01000000, 0.04000000, 0.01022832
-0.02500000, -0.01500000, 0.04000000, 0.01174505
-0.02000000, -0.02000000, 0.04000000, 0.01360356
-0.01500000, -0.02500000, 0.04000000, 0.01591947
-0.01000000, -0.03000000, 0.04000000, 0.01880579
-0.00500000, -0.03500000, 0.04000000, 0.02285777
0.00000000, -0.04000000, 0.04000000, 0.03188611
0.00500000, -0.04000000, 0.03500000, 0.03233373
0.01000000, -0.04000000, 0.03000000, 0.02149238
0.01500000, -0.04000000, 0.02500000, 0.00639107
0.02000000, -0.04000000, 0.02000000, -0.01025024
0.02500000, -0.04000000, 0.01500000, -0.02645067
0.03000000, -0.04000000, 0.01000000, -0.04010879
0.03500000, -0.04000000, 0.00500000, -0.04824761
0.04000000, -0.04000000, 0.00000000, -0.04193852
0.04000000, -0.03500000, -0.00500000, -0.02868460
0.04000000, -0.03000000, -0.01000000, -0.02271510
0.04000000, -0.02500000, -0.01500000, -0.01867522
0.04000000, -0.02000000, -0.02000000, -0.01560482
0.04000000, -0.01500000, -0.02500000, -0.01318906
0.04000000, -0.01000000, -0.03000000, -0.01120191
0.04000000, -0.00500000, -0.03500000, -0.00959870
0.05000000, 0.00000000, -0.05000000, -0.00606309
0.04375000, 0.00625000, -0.05000000, -0.00654854
0.03750000, 0.01250000, -0.05000000, -0.00750780
0.03125000, 0.01875000, -0.05000000, -0.00884831
0.02500000, 0.02500000, -0.05000000, -0.01052064
0.01875000, 0.03125000, -0.05000000, -0.01259561
0.01250000, 0.03750000, -0.05000000, -0.01520817
0.00625000, 0.04375000, -0.05000000, -0.01883749
0.00000000, 0.05000000, -0.05000000, -0.02662914
-0.00625000, 0.05000000, -0.04375000, -0.02619620
-0.01250000, 0.05000000, -0.03750000, -0.01653742
-0.01875000, 0.05000000, -0.03125000, -0.00343064
-0.02500000, 0.05000000, -0.02500000, 0.01087248
-0.03125000, 0.05000000, -0.01875000, 0.02466688
-0.03750000, 0.05000000, -0.01250000, 0.03624405
-0.04375000, 0.05000000, -0.00625000, 0.04302872
-0.05000000, 0.05000000, 0.00000000, 0.03735624
-0.05000000, 0.04375000, 0.00625000, 0.02516160
-0.05000000, 0.03750000, 0.01250000, 0.01949549
-0.05000000, 0.03125000, 0.01875000, 0.01564910
-0.05000000, 0.02500000, 0.02500000, 0.01271879
-0.05000000, 0.01875000, 0.03125000, 0.01039791
-0.05000000, 0.01250000, 0.03750000, 0.00855212
-0.05000000, 0.00625000, 0.04375000, 0.00700140
-0.05000000, 0.00000000, 0.05000000, 0.00606309
-0.04375000, -0.00625000, 0.05000000, 0.00654854
-0.03750000, -0.01250000, 0.05000000, 0.00750780
-0.03125000, -0.01875000, 0.05000000, 0.00884831
-0.02500000, -0.02500000, 0.05000000, 0.01052064
-0.01875000, -0.03125000, 0.05000000, 0.01259561
-0.01250000, -0.03750000, 0.05000000, 0.01520817
-0.00625000, -0.04375000, 0.05000000, 0.01883749
0.00000000, -0.05000000, 0.05000000, 0.02662914
0.00625000, -0.05000000, 0.04375000, 0.02619620
0.01250000, -0.05000000, 0.03750000, 0.01653742
0.01875000, -0.05000000, 0.03125000, 0.00343064
0.02500000, -0.05000000, 0.02500000, -0.01087248
0.03125000, -0.05000000, 0.01875000, -0.02466688
0.03750000, -0.05000000, 0.01250000, -0.03624405
0.04375000, -0.05000000, 0.00625000, -0.04302872
0.05000000, -0.05000000, 0.00000000, -0.03735624
0.05000000, -0.04375000, -0.00625000, -0.02516160
0.05000000, -0.03750000, -0.01250000, -0.01949549
0.05000000, -0.03125000, -0.01875000, -0.01564910
0.05000000, -0.02500000, -0.02500000, -0.01271879
0.05000000, -0.01875000, -0.03125000, -0.01039791
0.05000000, -0.01250000, -0.03750000, -0.00855212
0.05000000, -0.00625000, -0.04375000, -0.00700140
0.06000000, 0.00000000, -0.06000000, -0.00433648
0.05250000, 0.00750000, -0.06000000, -0.00477060
0.04500000, 0.01500000, -0.06000000, -0.00567764
0.03750000, 0.02250000, -0.06000000, -0.00694947
0.03000000, 0.03000000, -0.06000000, -0.00855453
0.02250000, 0.03750000, -0.06000000, -0.01057298
0.01500000, 0.04500000, -0.06000000, -0.01309176
0.00750000, 0.05250000, -0.06000000, -0.01652701
0.00000000, 0.06000000, -0.06000000, -0.02362081
-0.00750000, 0.06000000, -0.05250000, -0.02263462
-0.01500000, 0.06000000, -0.04500000, -0.01362024
-0.02250000, 0.06000000, -0.03750000, -0.00163406
-0.03000000, 0.06000000, -0.03000000, 0.01133184
-0.03750000, 0.06000000, -0.02250000, 0.02381741
-0.04500000, 0.06000000, -0.01500000, 0.03420135
-0.05250000, 0.06000000, -0.00750000, 0.04019256
-0.06000000, 0.06000000, 0.00000000, 0.03471306
-0.06000000, 0.05250000, 0.00750000, 0.02292251
-0.06000000, 0.04500000, 0.01500000, 0.01735772
-0.06000000, 0.03750000, 0.02250000, 0.01355414
-0.06000000, 0.03000000, 0.03000000, 0.01067915
-0.06000000, 0.02250000, 0.03750000, 0.00845930
-0.06000000, 0.01500000, 0.04500000, 0.00666131
-0.06000000, 0.00750000, 0.05250000, 0.00522598
-0.06000000, 0.00000000, 0.06000000, 0.00433648
-0.05250000, -0.00750000, 0.06000000, 0.00477060
-0.04500000, -0.01500000, 0.06000000, 0.00567764
-0.03750000, -0.02250000, 0.06000000, 0.00694947
-0.03000000, -0.03000000, 0.06000000, 0.00855453
-0.02250000, -0.03750000, 0.06000000, 0.01057298
-0.01500000, -0.04500000, 0.06000000, 0.01309176
-0.00750000, -0.05250000, 0.06000000, 0.01652701
0.00000000, -0.06000000, 0.06000000, 0.02362081
0.00750000, -0.06000000, 0.05250000, 0.02263462
0.01500000, -0.06000000, 0.04500000, 0.01362024
0.02250000, -0.06000000, 0.03750000, 0.00163406
0.03000000, -0.06000000, 0.03000000, -0.01133184
0.03750000, -0.06000000, 0.02250000, -0.02381741
0.04500000, -0.06000000, 0.01500000, -0.03420135
0.05250000, -0.06000000, 0.00750000, -0.04019256
0.06000000, -0.06000000, 0.00000000, -0.03471306
0.06000000, -0.05250000, -0.00750000, -0.02292251
0.06000000, -0.04500000, -0.01500000, -0.01735772
0.06000000, -0.03750000, -0.02250000, -0.01355414
0.06000000, -0.03000000, -0.03000000, -0.01067915
0.06000000, -0.02250000, -0.03750000, -0.00845930
0.06000000, -0.01500000, -0.04500000, -0.00666131
0.06000000, -0.00750000, -0.05250000, -0.00522598
0.07000000, 0.00000000, -0.07000000, -0.00304242
0.06125000, 0.00875000, -0.07000000, -0.00347250
0.05250000, 0.01750000, -0.07000000, -0.00439655
0.04375000, 0.02625000, -0.07000000, -0.00565940
0.03500000, 0.03500000, -0.07000000, -0.00725531
0.02625000, 0.04375000, -0.07000000, -0.00925902
0.01750000, 0.05250000, -0.07000000, -0.01175182
0.00875000, 0.06125000, -0.07000000, -0.01513254
0.00000000, 0.07000000, -0.07000000, -0.02190662
-0.00875000, 0.07000000, -0.06125000, -0.02056074
-0.01750000, 0.07000000, -0.05250000, -0.01184925
-0.02625000, 0.07000000, -0.04375000, -0.00049000
-0.03500000, 0.07000000, -0.03500000, 0.01170942
-0.04375000, 0.07000000, -0.02625000, 0.02338137
-0.05250000, 0.07000000, -0.01750000, 0.03302725
-0.06125000, 0.07000000, -0.00875000, 0.03848243
-0.07000000, 0.07000000, 0.00000000, 0.03300846
-0.07000000, 0.06125000, 0.00875000, 0.02130343
-0.07000000, 0.05250000, 0.01750000, 0.01574286
-0.07000000, 0.04375000, 0.02625000, 0.01195546
-0.07000000, 0.03500000, 0.03500000, 0.00911291
-0.07000000, 0.02625000, 0.04375000, 0.00693567
-0.07000000, 0.01750000, 0.05250000, 0.00520907
-0.07000000, 0.00875000, 0.06125000, 0.00388650
-0.07000000, 0.00000000, 0.07000000, 0.00304242
-0.06125000, -0.00875000, 0.07000000, 0.00347250
-0.05250000, -0.01750000, 0.07000000, 0.00439655
-0.04375000, -0.02625000, 0.07000000, 0.00565940
-0.03500000, -0.03500000, 0.07000000, 0.00725531
-0.02625000, -0.04375000, 0.07000000, 0.00925902
-0.01750000, -0.05250000, 0.07000000, 0.01175182
-0.00875000, -0.06125000, 0.07000000, 0.01513254
0.00000000, -0.07000000, 0.07000000, 0.02190662
0.00875000, -0.07000000, 0.06125000, 0.02056074
0.01750000, -0.07000000, 0.05250000, 0.01184925
0.02625000, -0.07000000, 0.04375000, 0.00049000
0.03500000, -0.07000000, 0.03500000, -0.01170942
0.04375000, -0.07000000, 0.02625000, -0.02338137
0.05250000, -0.07000000, 0.01750000, -0.03302725
0.06125000, -0.07000000, 0.00875000, -0.03848243
0.07000000, -0.07000000, 0.00000000, -0.03300846
0.07000000, -0.06125000, -0.00875000, -0.02130343
0.07000000, -0.05250000, -0.01750000, -0.01574286
0.07000000, -0.04375000, -0.02625000, -0.01195546
0.07000000, -0.03500000, -0.03500000, -0.00911291
0.07000000, -0.02625000, -0.04375000, -0.00693567
0.07000000, -0.01750000, -0.05250000, -0.00520907
0.07000000, -0.00875000, -0.06125000, -0.00388650
0.08000000, 0.00000000, -0.08000000, -0.00199831
0.07000000, 0.01000000, -0.08000000, -0.00247735
0.06000000, 0.02000000, -0.08000000, -0.00345239
0.05000000, 0.03000000, -0.08000000, -0.00474851
0.04000000, 0.04000000, -0.08000000, -0.00637807
0.03000000, 0.05000000, -0.08000000, -0.00839958
0.02000000, 0.06000000, -0.08000000, -0.01091705
0.01000000, 0.07000000, -0.08000000, -0.01431997
0.00000000, 0.08000000, -0.08000000, -0.02099697
-0.01000000, 0.08000000, -0.07000000, -0.01940729
-0.02000000, 0.08000000, -0.06000000, -0.01083558
-0.03000000, 0.08000000, -0.05000000, 0.00019127
-0.04000000, 0.08000000, -0.04000000, 0.01197016
-0.05000000, 0.08000000, -0.03000000, 0.02315171
-0.06000000, 0.08000000, -0.02000000, 0.03234651
-0.07000000, 0.08000000, -0.01000000, 0.03743220
-0.08000000, 0.08000000, 0.00000000, 0.03183984
-0.08000000, 0.07000000, 0.01000000, 0.02002909
-0.08000000, 0.06000000, 0.02000000, 0.01441324
-0.08000000, 0.05000000, 0.03000000, 0.01062735
-0.08000000, 0.04000000, 0.04000000, 0.00780784
-0.08000000, 0.03000000, 0.05000000, 0.00565847
-0.08000000, 0.02000000, 0.06000000, 0.00401075
-0.08000000, 0.01000000, 0.07000000, 0.00277582
-0.08000000, 0.00000000, 0.08000000, 0.00199831
-0.07000000, -0.01000000, 0.08000000, 0.00247735
-0.06000000, -0.02000000, 0.08000000, 0.00345239
-0.05000000, -0.03000000, 0.08000000, 0.00474851
-0.04000000, -0.04000000, 0.08000000, 0.00637807
-0.03000000, -0.05000000, 0.08000000, 0.00839958
-0.02000000, -0.06000000, 0.08000000, 0.01091705
-0.01000000, -0.07000000, 0.08000000, 0.01431997
0.00000000, -0.08000000, 0.08000000, 0.02099697
0.01000000, -0.08000000, 0.07000000, 0.01940729
0.02000000, -0.08000000, 0.06000000, 0.01083558
0.03000000, -0.08000000, 0.05000000, -0.00019127
0.04000000, -0.08000000, 0.04000000, -0.01197016
0.05000000, -0.08000000, 0.03000000, -0.02315171
0.06000000, -0.08000000, 0.02000000, -0.03234651
0.07000000, -0.08000000, 0.01000000, -0.03743220
0.08000000, -0.08000000, 0.00000000, -0.03183984
0.08000000, -0.07000000, -0.01000000, -0.02002909
0.08000000, -0.06000000, -0.02000000, -0.01441324
0.08000000, -0.05000000, -0.03000000, -0.01062735
0.08000000, -0.04000000, -0.04000000, -0.00780784
0.08000000, -0.03000000, -0.05000000, -0.00565847
0.08000000, -0.02000000, -0.06000000, -0.00401075
0.08000000, -0.01000000, -0.07000000, -0.00277582
0.09000000, 0.00000000, -0.09000000, -0.00108926
0.07875000, 0.01125000, -0.09000000, -0.00166156
0.06750000, 0.02250000, -0.09000000, -0.00271204
0.05625000, 0.03375000, -0.09000000, -0.00407675
0.04500000, 0.04500000, -0.09000000, -0.00577686
0.03375000, 0.05625000, -0.09000000, -0.00786587
0.02250000, 0.06750000, -0.09000000, -0.01045752
0.01125000, 0.07875000, -0.09000000, -0.01393146
0.00000000, 0.09000000, -0.09000000, -0.02062940
-0.01125000, 0.09000000, -0.07875000, -0.01887752
-0.02250000, 0.09000000, -0.06750000, -0.01036481
-0.03375000, 0.09000000, -0.05625000, 0.00051368
-0.04500000, 0.09000000, -0.04500000, 0.01209114
-0.05625000, 0.09000000, -0.03375000, 0.02303774
-0.06750000, 0.09000000, -0.02250000, 0.03198332
-0.07875000, 0.09000000, -0.01125000, 0.03682574
-0.09000000, 0.09000000, 0.00000000, 0.03099207
-0.09000000, 0.07875000, 0.01125000, 0.01894626
-0.09000000, 0.06750000, 0.02250000, 0.01324468
-0.09000000, 0.05625000, 0.03375000, 0.00944104
-0.09000000, 0.04500000, 0.04500000, 0.00664042
-0.09000000, 0.03375000, 0.05625000, 0.00453803
-0.09000000, 0.02250000, 0.06750000, 0.00295475
-0.09000000, 0.01125000, 0.07875000, 0.00179084
-0.09000000, 0.00000000, 0.09000000, 0.00108926
-0.07875000, -0.01125000, 0.09000000, 0.00166156
-0.06750000, -0.02250000, 0.09000000, 0.00271204
-0.05625000, -0.03375000, 0.09000000, 0.00407675
-0.04500000, -0.04500000, 0.09000000, 0.00577686
-0.03375000, -0.05625000, 0.09000000, 0.00786587
-0.02250000, -0.06750000, 0.09000000, 0.01045752
-0.01125000, -0.07875000, 0.09000000, 0.01393146
0.00000000, -0.09000000, 0.09000000, 0.02062940
0.01125000, -0.09000000, 0.07875000, 0.01887752
0.02250000, -0.09000000, 0.06750000, 0.01036481
0.03375000, -0.09000000, 0.05625000, -0.00051368
0.04500000, -0.09000000, 0.04500000, -0.01209114
0.05625000, -0.09000000, 0.03375000, -0.02303774
0.06750000, -0.09000000, 0.02250000, -0.03198332
0.07875000, -0.09000000, 0.01125000, -0.03682574
0.09000000, -0.09000000, 0.00000000, -0.03099207
0.09000000, -0.07875000, -0.01125000, -0.01894626
0.09000000, -0.06750000, -0.02250000, -0.01324468
0.09000000, -0.05625000, -0.03375000, -0.00944104
0.09000000, -0.04500000, -0.04500000, -0.00664042
0.09000000, -0.03375000, -0.05625000, -0.00453803
0.09000000, -0.02250000, -0.06750000, -0.00295475
0.09000000, -0.01125000, -0.07875000, -0.00179084
0.10000000, 0.00000000, -0.10000000, -0.00025228
0.08750000, 0.01250000, -0.10000000, -0.00094932
0.07500000, 0.02500000, -0.10000000, -0.00210064
0.06250000, 0.03750000, -0.10000000, -0.00356315
0.05000000, 0.05000000, -0.10000000, -0.00536126
0.03750000, 0.06250000, -0.10000000, -0.00755703
0.02500000, 0.07500000, -0.10000000, -0.01025868
0.01250000, 0.08750000, -0.10000000, -0.01384348
0.00000000, 0.10000000, -0.10000000, -0.02064691
-0.01250000, 0.10000000, -0.08750000, -0.01880501
-0.02500000, 0.10000000, -0.07500000, -0.01029239
-0.03750000, 0.10000000, -0.06250000, 0.00056235
-0.05000000, 0.10000000, -0.05000000, 0.01208696
-0.06250000, 0.10000000, -0.03750000, 0.02297144
-0.07500000, 0.10000000, -0.02500000, 0.03180154
-0.08750000, 0.10000000, -0.01250000, 0.03647762
-0.10000000, 0.10000000, 0.00000000, 0.03029557
-0.10000000, 0.08750000, 0.01250000, 0.01793577
-0.10000000, 0.07500000, 0.02500000, 0.01214183
-0.10000000, 0.06250000, 0.03750000, 0.00831663
-0.10000000, 0.05000000, 0.05000000, 0.00554046
-0.10000000, 0.03750000, 0.06250000, 0.00350179
-0.10000000, 0.02500000, 0.07500000, 0.00197549
-0.10000000, 0.01250000, 0.08750000, 0.00087878
-0.10000000, 0.00000000, 0.10000000, 0.00025228
-0.08750000, -0.01250000, 0.10000000, 0.00094932
-0.07500000, -0.02500000, 0.10000000, 0.00210064
-0.06250000, -0.03750000, 0.10000000, 0.00356315
-0.05000000, -0.05000000, 0.10000000, 0.00536126
-0.03750000, -0.06250000, 0.10000000, 0.00755703
-0.02500000, -0.07500000, 0.10000000, 0.01025868
-0.01250000, -0.08750000, 0.10000000, 0.01384348
0.00000000, -0.10000000, 0.10000000, 0.02064691
0.01250000, -0.10000000, 0.08750000, 0.01880501
0.02500000, -0.10000000, 0.07500000, 0.01029239
0.03750000, -0.10000000, 0.06250000, -0.00056235
0.05000000, -0.10000000, 0.05000000, -0.01208696
0.06250000, -0.10000000, 0.03750000, -0.02297144
0.07500000, -0.10000000, 0.02500000, -0.03180154
0.08750000, -0.10000000, 0.01250000, -0.03647762
0.10000000, -0.10000000, 0.00000000, -0.03029557
0.10000000, -0.08750000, -0.01250000, -0.01793577
0.10000000, -0.07500000, -0.02500000, -0.01214183
0.10000000, -0.06250000, -0.03750000, -0.00831663
0.10000000, -0.05000000, -0.05000000, -0.00554046
0.10000000, -0.03750000, -0.06250000, -0.00350179
0.10000000, -0.02500000, -0.07500000, -0.00197549
0.10000000, -0.01250000, -0.08750000, -0.00087878
0.15000000, 0.00000000, -0.15000000, 0.00396034
0.13125000, 0.01875000, -0.15000000, 0.00228565
0.11250000, 0.03750000, -0.15000000, 0.00031556
0.09375000, 0.05625000, -0.15000000, -0.00189786
0.07500000, 0.07500000, -0.15000000, -0.00440264
0.05625000, 0.09375000, -0.15000000, -0.00730970
0.03750000, 0.11250000, -0.15000000, -0.01078444
0.01875000, 0.13125000, -0.15000000, -0.01531633
0.00000000, 0.15000000, -0.15000000, -0.02360660
-0.01875000, 0.15000000, -0.13125000, -0.02230713
-0.03750000, 0.15000000, -0.11250000, -0.01340077
-0.05625000, 0.15000000, -0.09375000, -0.00182332
-0.07500000, 0.15000000, -0.07500000, 0.01049164
-0.09375000, 0.15000000, -0.05625000, 0.02197824
-0.11250000, 0.15000000, -0.03750000, 0.03098373
-0.13125000, 0.15000000, -0.01875000, 0.03499871
-0.15000000, 0.15000000, 0.00000000, 0.02596218
-0.15000000, 0.13125000, 0.01875000, 0.01180829
-0.15000000, 0.11250000, 0.03750000, 0.00584106
-0.15000000, 0.09375000, 0.05625000, 0.00224668
-0.15000000, 0.07500000, 0.07500000, -0.00014775
-0.15000000, 0.05625000, 0.09375000, -0.00176914
-0.15000000, 0.03750000, 0.11250000, -0.00287456
-0.15000000, 0.01875000, 0.13125000, -0.00360091
-0.15000000, 0.00000000, 0.15000000, -0.00396034
-0.13125000, -0.01875000, 0.15000000, -0.00228565
-0.11250000, -0.03750000, 0.15000000, -0.00031556
-0.09375000, -0.05625000, 0.15000000, 0.00189786
-0.07500000, -0.07500000, 0.15000000, 0.00440264
-0.05625000, -0.09375000, 0.15000000, 0.00730970
-0.03750000, -0.11250000, 0.15000000, 0.01078444
-0.01875000, -0.13125000, 0.15000000, 0.01531633
0.00000000, -0.15000000, 0.15000000, 0.02360660
0.01875000, -0.15000000, 0.13125000, 0.02230713
0.03750000, -0.15000000, 0.11250000, 0.01340077
0.05625000, -0.15000000, 0.09375000, 0.00182332
0.07500000, -0.15000000, 0.07500000, -0.01049164
0.09375000, -0.15000000, 0.05625000, -0.02197824
0.11250000, -0.15000000, 0.03750000, -0.03098373
0.13125000, -0.15000000, 0.01875000, -0.03499871
0.15000000, -0.15000000, 0.00000000, -0.02596218
0.15000000, -0.13125000, -0.01875000, -0.01180829
0.15000000, -0.11250000, -0.03750000, -0.00584106
0.15000000, -0.09375000, -0.05625000, -0.00224668
0.15000000, -0.07500000, -0.07500000, 0.00014775
0.15000000, -0.05625000, -0.09375000, 0.00176914
0.15000000, -0.03750000, -0.11250000, 0.00287456
0.15000000, -0.01875000, -0.13125000, 0.00360091
0.20000000, 0.00000000, -0.20000000, 0.00948664
0.17500000, 0.02500000, -0.20000000, 0.00654348
0.15000000, 0.05000000, -0.20000000, 0.00348917
0.12500000, 0.07500000, -0.20000000, 0.00029869
0.10000000, 0.10000000, -0.20000000, -0.00311441
0.07500000, 0.12500000, -0.20000000, -0.00693475
0.05000000, 0.15000000, -0.20000000, -0.01140875
0.02500000, 0.17500000, -0.20000000, -0.01719678
0.00000000, 0.20000000, -0.20000000, -0.02768055
-0.02500000, 0.20000000, -0.17500000, -0.02835236
-0.05000000, 0.20000000, -0.15000000, -0.01948455
-0.07500000, 0.20000000, -0.12500000, -0.00717681
-0.10000000, 0.20000000, -0.10000000, 0.00612497
-0.12500000, 0.20000000, -0.07500000, 0.01847546
-0.15000000, 0.20000000, -0.05000000, 0.02771448
-0.17500000, 0.20000000, -0.02500000, 0.03067415
-0.20000000, 0.20000000, 0.00000000, 0.01710105
-0.20000000, 0.17500000, 0.02500000, 0.00194804
-0.20000000, 0.15000000, 0.05000000, -0.00330663
-0.20000000, 0.12500000, 0.07500000, -0.00599333
-0.20000000, 0.10000000, 0.10000000, -0.00753189
-0.20000000, 0.07500000, 0.12500000, -0.00841368
-0.20000000, 0.05000000, 0.15000000, -0.00897531
-0.20000000, 0.02500000, 0.17500000, -0.00931695
-0.20000000, 0.00000000, 0.20000000, -0.00948664
-0.17500000, -0.02500000, 0.20000000, -0.00654348
-0.15000000, -0.05000000, 0.20000000, -0.00348917
-0.12500000, -0.07500000, 0.20000000, -0.00029869
-0.10000000, -0.10000000, 0.20000000, 0.00311441
-0.07500000, -0.12500000, 0.20000000, 0.00693475
-0.05000000, -0.15000000, 0.20000000, 0.01140875
-0.02500000, -0.17500000, 0.20000000, 0.01719678
0.00000000, -0.20000000, 0.20000000, 0.02768055
0.02500000, -0.20000000, 0.17500000, 0.02835236
0.05000000, -0.20000000, 0.15000000, 0.01948455
0.07500000, -0.20000000, 0.12500000, 0.00717681
0.10000000, -0.20000000, 0.10000000, -0.00612497
0.12500000, -0.20000000, 0.07500000, -0.01847546
0.15000000, -0.20000000, 0.05000000, -0.02771448
0.17500000, -0.20000000, 0.02500000, -0.03067415
0.20000000, -0.20000000, 0.00000000, -0.01710105
0.20000000, -0.17500000, -0.02500000, -0.00194804
0.20000000, -0.15000000, -0.05000000, 0.00330663
0.20000000, -0.12500000, -0.07500000, 0.00599333
0.20000000, -0.10000000, -0.10000000, 0.00753189
0.20000000, -0.07500000, -0.12500000, 0.00841368
0.20000000, -0.05000000, -0.15000000, 0.00897531
0.20000000, -0.02500000, -0.17500000, 0.00931695
0.25000000, 0.00000000, -0.25000000, 0.01536169
0.21875000, 0.03125000, -0.25000000, 0.01158297
0.18750000, 0.06250000, -0.25000000, 0.00769322
0.15625000, 0.09375000, -0.25000000, 0.00371727
0.12500000, 0.12500000, -0.25000000, -0.00043478
0.09375000, 0.15625000, -0.25000000, -0.00500982
0.06250000, 0.18750000, -0.25000000, -0.01036264
0.03125000, 0.21875000, -0.25000000, -0.01738304
0.00000000, 0.25000000, -0.25000000, -0.03021715
-0.03125000, 0.25000000, -0.21875000, -0.03423705
-0.06250000, 0.25000000, -0.18750000, -0.02644477
-0.09375000, 0.25000000, -0.15625000, -0.01432444
-0.12500000, 0.25000000, -0.12500000, -0.00086961
-0.15625000, 0.25000000, -0.09375000, 0.01151590
-0.18750000, 0.25000000, -0.06250000, 0.02023886
-0.21875000, 0.25000000, -0.03125000, 0.02140032
-0.25000000, 0.25000000, 0.00000000, 0.00256438
-0.25000000, 0.21875000, 0.03125000, -0.01193032
-0.25000000, 0.18750000, 0.06250000, -0.01541856
-0.25000000, 0.15625000, 0.09375000, -0.01642374
-0.25000000, 0.12500000, 0.12500000, -0.01656099
-0.25000000, 0.09375000, 0.15625000, -0.01632727
-0.25000000, 0.06250000, 0.18750000, -0.01601637
-0.25000000, 0.03125000, 0.21875000, -0.01569924
-0.25000000, 0.00000000, 0.25000000, -0.01536169
-0.21875000, -0.03125000, 0.25000000, -0.01158297
-0.18750000, -0.06250000, 0.25000000, -0.00769322
-0.15625000, -0.09375000, 0.25000000, -0.00371727
-0.12500000, -0.12500000, 0.25000000, 0.00043478
-0.09375000, -0.15625000, 0.25000000, 0.00500982
-0.06250000, -0.18750000, 0.25000000, 0.01036264
-0.03125000, -0.21875000, 0.25000000, 0.01738304
0.00000000, -0.25000000, 0.25000000, 0.03021715
0.03125000, -0.25000000, 0.21875000, 0.03423705
0.06250000, -0.25000000, 0.18750000, 0.02644477
0.09375000, -0.25000000, 0.15625000, 0.01432444
0.12500000, -0.25000000, 0.12500000, 0.00086961
0.15625000, -0.25000000, 0.09375000, -0.01151590
0.18750000, -0.25000000, 0.06250000, -0.02023886
0.21875000, -0.25000000, 0.03125000, -0.02140032
0.25000000, -0.25000000, 0.00000000, -0.00256438
0.25000000, -0.21875000, -0.03125000, 0.01193032
0.25000000, -0.18750000, -0.06250000, 0.01541856
0.25000000, -0.15625000, -0.09375000, 0.01642374
0.25000000, -0.12500000, -0.12500000, 0.01656099
0.25000000, -0.09375000, -0.15625000, 0.01632727
0.25000000, -0.06250000, -0.18750000, 0.01601637
0.25000000, -0.03125000, -0.21875000, 0.01569924
0.30000000, 0.00000000, -0.30000000, 0.01923610
0.26250000, 0.03750000, -0.30000000, 0.01570881
0.22500000, 0.07500000, -0.30000000, 0.01177173
0.18750000, 0.11250000, -0.30000000, 0.00760881
0.15000000, 0.15000000, -0.30000000, 0.00320468
0.11250000, 0.18750000, -0.30000000, -0.00168959
0.07500000, 0.22500000, -0.30000000, -0.00749480
0.03750000, 0.26250000, -0.30000000, -0.01528095
0.00000000, 0.30000000, -0.30000000, -0.02989212
-0.03750000, 0.30000000, -0.26250000, -0.03825444
-0.07500000, 0.30000000, -0.22500000, -0.03285025
-0.11250000, 0.30000000, -0.18750000, -0.02232624
-0.15000000, 0.30000000, -0.15000000, -0.01006033
-0.18750000, 0.30000000, -0.11250000, 0.00124964
-0.22500000, 0.30000000, -0.07500000, 0.00871723
-0.26250000, 0.30000000, -0.03750000, 0.00799981
-0.30000000, 0.30000000, 0.00000000, -0.01498646
-0.30000000, 0.26250000, 0.03750000, -0.02729310
-0.30000000, 0.22500000, 0.07500000, -0.02833692
-0.30000000, 0.18750000, 0.11250000, -0.02720469
-0.30000000, 0.15000000, 0.15000000, -0.02555501
-0.30000000, 0.11250000, 0.18750000, -0.02382056
-0.30000000, 0.07500000, 0.22500000, -0.02222886
-0.30000000, 0.03750000, 0.26250000, -0.02074559
-0.30000000, 0.00000000, 0.30000000, -0.01923610
-0.26250000, -0.03750000, 0.30000000, -0.01570881
-0.22500000, -0.07500000, 0.30000000, -0.01177173
-0.18750000, -0.11250000, 0.30000000, -0.00760881
-0.15000000, -0.15000000, 0.30000000, -0.00320468
-0.11250000, -0.18750000, 0.30000000, 0.00168959
-0.07500000, -0.22500000, 0.30000000, 0.00749480
-0.03750000, -0.26250000, 0.30000000, 0.01528095
0.00000000, -0.30000000, 0.30000000, 0.02989212
0.03750000, -0.30000000, 0.26250000, 0.03825444
0.07500000, -0.30000000, 0.22500000, 0.03285025
0.11250000, -0.30000000, 0.18750000, 0.02232624
0.15000000, -0.30000000, 0.15000000, 0.01006033
0.18750000, -0.30000000, 0.11250000, -0.00124964
0.22500000, -0.30000000, 0.07500000, -0.00871723
0.26250000, -0.30000000, 0.03750000, -0.00799981
0.30000000, -0.30000000, 0.00000000, 0.01498646
0.30000000, -0.26250000, -0.03750000, 0.02729310
0.30000000, -0.22500000, -0.07500000, 0.02833692
0.30000000, -0.18750000, -0.11250000, 0.02720469
0.30000000, -0.15000000, -0.15000000, 0.02555501
0.30000000, -0.11250000, -0.18750000, 0.02382056
0.30000000, -0.07500000, -0.22500000, 0.02222886
0.30000000, -0.03750000, -0.26250000, 0.02074559
0.35000000, 0.00000000, -0.35000000, 0.01923850
0.30625000, 0.04375000, -0.35000000, 0.01710882
0.26250000, 0.08750000, -0.35000000, 0.01409802
0.21875000, 0.13125000, -0.35000000, 0.01054762
0.17500000, 0.17500000, -0.35000000, 0.00657526
0.13125000, 0.21875000, -0.35000000, 0.00198997
0.08750000, 0.26250000, -0.35000000, -0.00360776
0.04375000, 0.30625000, -0.35000000, -0.01135714
0.00000000, 0.35000000, -0.35000000, -0.02648664
-0.04375000, 0.35000000, -0.30625000, -0.03939372
-0.08750000, 0.35000000, -0.26250000, -0.03747341
-0.13125000, 0.35000000, -0.21875000, -0.03000212
-0.17500000, 0.35000000, -0.17500000, -0.02034922
-0.21875000, 0.35000000, -0.13125000, -0.01113403
-0.26250000, 0.35000000, -0.08750000, -0.00520117
-0.30625000, 0.35000000, -0.04375000, -0.00687317
-0.35000000, 0.35000000, 0.00000000, -0.03091031
-0.35000000, 0.30625000, 0.04375000, -0.04027054
-0.35000000, 0.26250000, 0.08750000, -0.03888985
-0.35000000, 0.21875000, 0.13125000, -0.03564818
-0.35000000, 0.17500000, 0.17500000, -0.03212589
-0.35000000, 0.13125000, 0.21875000, -0.02868303
-0.35000000, 0.08750000, 0.26250000, -0.02549429
-0.35000000, 0.04375000, 0.30625000, -0.02241288
-0.35000000, 0.00000000, 0.35000000, -0.01923850
-0.30625000, -0.04375000, 0.35000000, -0.01710882
-0.26250000, -0.08750000, 0.35000000, -0.01409802
-0.21875000, -0.13125000, 0.35000000, -0.01054762
-0.17500000, -0.17500000, 0.35000000, -0.00657526
-0.13125000, -0.21875000, 0.35000000, -0.00198997
-0.08750000, -0.26250000, 0.35000000, 0.00360776
-0.04375000, -0.30625000, 0.35000000, 0.01135714
0.00000000, -0.35000000, 0.35000000, 0.02648664
0.04375000, -0.35000000, 0.30625000, 0.03939372
0.08750000, -0.35000000, 0.26250000, 0.03747341
0.13125000, -0.35000000, 0.21875000, 0.03000212
0.17500000, -0.35000000, 0.17500000, 0.02034922
0.21875000, -0.35000000, 0.13125000, 0.01113403
0.26250000, -0.35000000, 0.08750000, 0.00520117
0.30625000, -0.35000000, 0.04375000, 0.00687317
0.35000000, -0.35000000, 0.00000000, 0.03091031
0.35000000, -0.30625000, -0.04375000, 0.04027054
0.35000000, -0.26250000, -0.08750000, 0.03888985
0.35000000, -0.21875000, -0.13125000, 0.03564818
0.35000000, -0.17500000, -0.17500000, 0.03212589
0.35000000, -0.13125000, -0.21875000, 0.02868303
0.35000000, -0.08750000, -0.26250000, 0.02549429
0.35000000, -0.04375000, -0.30625000, 0.02241288
0.40000000, 0.00000000, -0.40000000, 0.01554692
0.35000000, 0.05000000, -0.40000000, 0.01520985
0.30000000, 0.10000000, -0.40000000, 0.01370782
0.25000000, 0.15000000, -0.40000000, 0.01138250
0.20000000, 0.20000000, -0.40000000, 0.00844016
0.15000000, 0.25000000, -0.40000000, 0.00477810
0.10000000, 0.30000000, -0.40000000, 0.00007003
0.05000000, 0.35000000, -0.40000000, -0.00675797
0.00000000, 0.40000000, -0.40000000, -0.02081710
-0.05000000, 0.40000000, -0.35000000, -0.03738597
-0.10000000, 0.40000000, -0.30000000, -0.03941225
-0.15000000, 0.40000000, -0.25000000, -0.03607303
-0.20000000, 0.40000000, -0.20000000, -0.03015363
-0.25000000, 0.40000000, -0.15000000, -0.02367457
-0.30000000, 0.40000000, -0.10000000, -0.01890714
-0.35000000, 0.40000000, -0.05000000, -0.01976317
-0.40000000, 0.40000000, 0.00000000, -0.04066601
-0.40000000, 0.35000000, 0.05000000, -0.04729588
-0.40000000, 0.30000000, 0.10000000, -0.04421517
-0.40000000, 0.25000000, 0.15000000, -0.03940391
-0.40000000, 0.20000000, 0.20000000, -0.03433915
-0.40000000, 0.15000000, 0.25000000, -0.02937513
-0.40000000, 0.10000000, 0.30000000, -0.02466158
-0.40000000, 0.05000000, 0.35000000, -0.02008674
-0.40000000, 0.00000000, 0.40000000, -0.01554692
-0.35000000, -0.05000000, 0.40000000, -0.01520985
-0.30000000, -0.10000000, 0.40000000, -0.01370782
-0.25000000, -0.15000000, 0.40000000, -0.01138250
-0.20000000, -0.20000000, 0.40000000, -0.00844016
-0.15000000, -0.25000000, 0.40000000, -0.00477810
-0.10000000, -0.30000000, 0.40000000, -0.00007003
-0.05000000, -0.35000000, 0.40000000, 0.00675797
0.00000000, -0.40000000, 0.40000000, 0.02081710
0.05000000, -0.40000000, 0.35000000, 0.03738597
0.10000000, -0.40000000, 0.30000000, 0.03941225
0.15000000, -0.40000000, 0.25000000, 0.03607303
0.20000000, -0.40000000, 0.20000000, 0.03015363
0.25000000, -0.40000000, 0.15000000, 0.02367457
0.30000000, -0.40000000, 0.10000000, 0.01890714
0.35000000, -0.40000000, 0.05000000, 0.01976317
0.40000000, -0.40000000, 0.00000000, 0.04066601
0.40000000, -0.35000000, -0.05000000, 0.04729588
0.40000000, -0.30000000, -0.10000000, 0.04421517
0.40000000, -0.25000000, -0.15000000, 0.03940391
0.40000000, -0.20000000, -0.20000000, 0.03433915
0.40000000, -0.15000000, -0.25000000, 0.02937513
0.40000000, -0.10000000, -0.30000000, 0.02466158
0.40000000, -0.05000000, -0.35000000, 0.02008674
0.45000000, 0.00000000, -0.45000000, 0.01016861
0.39375000, 0.05625000, -0.45000000, 0.01110609
0.33750000, 0.11250000, -0.45000000, 0.01098103
0.28125000, 0.16875000, -0.45000000, 0.00996958
0.22500000, 0.22500000, -0.45000000, 0.00826421
0.16875000, 0.28125000, -0.45000000, 0.00583382
0.11250000, 0.33750000, -0.45000000, 0.00244300
0.05625000, 0.39375000, -0.45000000, -0.00280279
0.00000000, 0.45000000, -0.45000000, -0.01438021
-0.05625000, 0.45000000, -0.39375000, -0.03270067
-0.11250000, 0.45000000, -0.33750000, -0.03830138
-0.16875000, 0.45000000, -0.28125000, -0.03948185
-0.22500000, 0.45000000, -0.22500000, -0.03783628
-0.28125000, 0.45000000, -0.16875000, -0.03413611
-0.33750000, 0.45000000, -0.11250000, -0.02960919
-0.39375000, 0.45000000, -0.05625000, -0.02763512
-0.45000000, 0.45000000, 0.00000000, -0.04190989
-0.45000000, 0.39375000, 0.05625000, -0.04664344
-0.45000000, 0.33750000, 0.11250000, -0.04298433
-0.45000000, 0.28125000, 0.16875000, -0.03755524
-0.45000000, 0.22500000, 0.22500000, -0.03172056
-0.45000000, 0.16875000, 0.28125000, -0.02590487
-0.45000000, 0.11250000, 0.33750000, -0.02032943
-0.45000000, 0.05625000, 0.39375000, -0.01504678
-0.45000000, 0.00000000, 0.45000000, -0.01016861
-0.39375000, -0.05625000, 0.45000000, -0.01110609
-0.33750000, -0.11250000, 0.45000000, -0.01098103
-0.28125000, -0.16875000, 0.45000000, -0.00996958
-0.22500000, -0.22500000, 0.45000000, -0.00826421
-0.16875000, -0.28125000, 0.45000000, -0.00583382
-0.11250000, -0.33750000, 0.45000000, -0.00244300
-0.05625000, -0.39375000, 0.45000000, 0.00280279
0.00000000, -0.45000000, 0.45000000, 0.01438021
0.05625000, -0.45000000, 0.39375000, 0.03270067
0.11250000, -0.45000000, 0.33750000, 0.03830138
0.16875000, -0.45000000, 0.28125000, 0.03948185
0.22500000, -0.45000000, 0.22500000, 0.03783628
0.28125000, -0.45000000, 0.16875000, 0.03413611
0.33750000, -0.45000000, 0.11250000, 0.02960919
0.39375000, -0.45000000, 0.05625000, 0.02763512
0.45000000, -0.45000000, 0.00000000, 0.04190989
0.45000000, -0.39375000, -0.05625000, 0.04664344
0.45000000, -0.33750000, -0.11250000, 0.04298433
0.45000000, -0.28125000, -0.16875000, 0.03755524
0.45000000, -0.22500000, -0.22500000, 0.03172056
0.45000000, -0.16875000, -0.28125000, 0.02590487
0.45000000, -0.11250000, -0.33750000, 0.02032943
0.45000000, -0.05625000, -0.39375000, 0.01504678
0.50000000, 0.00000000, -0.50000000, 0.00532017
0.43750000, 0.06250000, -0.50000000, 0.00662172
0.37500000, 0.12500000, -0.50000000, 0.00722864
0.31250000, 0.18750000, -0.50000000, 0.00712572
0.25000000, 0.25000000, -0.50000000, 0.00643007
0.18750000, 0.31250000, -0.50000000, 0.00514665
0.12500000, 0.37500000, -0.50000000, 0.00312397
0.06250000, 0.43750000, -0.50000000, -0.00030967
0.00000000, 0.50000000, -0.50000000, -0.00864826
-0.06250000, 0.50000000, -0.43750000, -0.02636195
-0.12500000, 0.50000000, -0.37500000, -0.03439521
-0.18750000, 0.50000000, -0.31250000, -0.03965442
-0.25000000, 0.50000000, -0.25000000, -0.04211151
-0.31250000, 0.50000000, -0.18750000, -0.04068665
-0.37500000, 0.50000000, -0.12500000, -0.03532886
-0.43750000, 0.50000000, -0.06250000, -0.02921540
-0.50000000, 0.50000000, 0.00000000, -0.03561100
-0.50000000, 0.43750000, 0.06250000, -0.03928169
-0.50000000, 0.37500000, 0.12500000, -0.03608785
-0.50000000, 0.31250000, 0.18750000, -0.03107816
-0.50000000, 0.25000000, 0.25000000, -0.02546056
-0.50000000, 0.18750000, 0.31250000, -0.01975680
-0.50000000, 0.12500000, 0.37500000, -0.01433607
-0.50000000, 0.06250000, 0.43750000, -0.00942909
-0.50000000, 0.00000000, 0.50000000, -0.00532017
-0.43750000, -0.06250000, 0.50000000, -0.00662172
-0.37500000, -0.12500000, 0.50000000, -0.00722864
-0.31250000, -0.18750000, 0.50000000, -0.00712572
-0.25000000, -0.25000000, 0.50000000, -0.00643007
-0.18750000, -0.31250000, 0.50000000, -0.00514665
-0.12500000, -0.37500000, 0.50000000, -0.00312397
-0.06250000, -0.43750000, 0.50000000, 0.00030967
0.00000000, -0.50000000, 0.50000000, 0.00864826
0.06250000, -0.50000000, 0.43750000, 0.02636195
0.12500000, -0.50000000, 0.37500000, 0.03439521
0.18750000, -0.50000000, 0.31250000, 0.03965442
0.25000000, -0.50000000, 0.25000000, 0.04211151
0.31250000, -0.50000000, 0.18750000, 0.04068665
0.37500000, -0.50000000, 0.12500000, 0.03532886
0.43750000, -0.50000000, 0.06250000, 0.02921540
0.50000000, -0.50000000, 0.00000000, 0.03561100
0.50000000, -0.43750000, -0.06250000, 0.03928169
0.50000000, -0.37500000, -0.12500000, 0.03608785
0.50000000, -0.31250000, -0.18750000, 0.03107816
0.50000000, -0.25000000, -0.25000000, 0.02546056
0.50000000, -0.18750000, -0.31250000, 0.01975680
0.50000000, -0.12500000, -0.37500000, 0.01433607
0.50000000, -0.06250000, -0.43750000, 0.00942909
0.55000000, 0.00000000, -0.55000000, 0.00216391
0.48125000, 0.06875000, -0.55000000, 0.00314191
0.41250000, 0.13750000, -0.55000000, 0.00380086
0.34375000, 0.20625000, -0.55000000, 0.00403484
0.27500000, 0.27500000, -0.55000000, 0.00390063
0.20625000, 0.34375000, -0.55000000, 0.00342260
0.13750000, 0.41250000, -0.55000000, 0.00251033
0.06875000, 0.48125000, -0.55000000, 0.00068459
0.00000000, 0.55000000, -0.55000000, -0.00448223
-0.06875000, 0.55000000, -0.48125000, -0.01958521
-0.13750000, 0.55000000, -0.41250000, -0.02848702
-0.20625000, 0.55000000, -0.34375000, -0.03666073
-0.27500000, 0.55000000, -0.27500000, -0.04238802
-0.34375000, 0.55000000, -0.20625000, -0.04242618
-0.41250000, 0.55000000, -0.13750000, -0.03552563
-0.48125000, 0.55000000, -0.06875000, -0.02538734
-0.55000000, 0.55000000, 0.00000000, -0.02524480
-0.55000000, 0.48125000, 0.06875000, -0.02828412
-0.55000000, 0.41250000, 0.13750000, -0.02614805
-0.55000000, 0.34375000, 0.20625000, -0.02230291
-0.55000000, 0.27500000, 0.27500000, -0.01773125
-0.55000000, 0.20625000, 0.34375000, -0.01300889
-0.55000000, 0.13750000, 0.41250000, -0.00862217
-0.55000000, 0.06875000, 0.48125000, -0.00490646
-0.55000000, 0.00000000, 0.55000000, -0.00216391
-0.48125000, -0.06875000, 0.55000000, -0.00314191
-0.41250000, -0.13750000, 0.55000000, -0.00380086
-0.34375000, -0.20625000, 0.55000000, -0.00403484
-0.27500000, -0.27500000, 0.55000000, -0.00390063
-0.20625000, -0.34375000, 0.55000000, -0.00342260
-0.13750000, -0.41250000, 0.55000000, -0.00251033
-0.06875000, -0.48125000, 0.55000000, -0.00068459
0.00000000, -0.55000000, 0.55000000, 0.00448223
0.06875000, -0.55000000, 0.48125000, 0.01958521
0.13750000, -0.55000000, 0.41250000, 0.02848702
0.20625000, -0.55000000, 0.34375000, 0.03666073
0.27500000, -0.55000000, 0.27500000, 0.04238802
0.34375000, -0.55000000, 0.20625000, 0.04242618
0.41250000, -0.55000000, 0.13750000, 0.03552563
0.48125000, -0.55000000, 0.06875000, 0.02538734
0.55000000, -0.55000000, 0.00000000, 0.02524480
0.55000000, -0.48125000, -0.06875000, 0.02828412
0.55000000, -0.41250000, -0.13750000, 0.02614805
0.55000000, -0.34375000, -0.20625000, 0.02230291
0.55000000, -0.27500000, -0.27500000, 0.01773125
0.55000000, -0.20625000, -0.34375000, 0.01300889
0.55000000, -0.13750000, -0.41250000, 0.00862217
0.55000000, -0.06875000, -0.48125000, 0.00490646
0.60000000, 0.00000000, -0.60000000, 0.00065953
0.52500000, 0.07500000, -0.60000000, 0.00111257
0.45000000, 0.15000000, -0.60000000, 0.00146262
0.37500000, 0.22500000, -0.60000000, 0.00162467
0.30000000, 0.30000000, -0.60000000, 0.00164803
0.22500000, 0.37500000, -0.60000000, 0.00158487
0.15000000, 0.45000000, -0.60000000, 0.00138289
0.07500000, 0.52500000, -0.60000000, 0.00069417
0.00000000, 0.60000000, -0.60000000, -0.00199075
-0.07500000, 0.60000000, -0.52500000, -0.01340315
-0.15000000, 0.60000000, -0.45000000, -0.02167512
-0.22500000, 0.60000000, -0.37500000, -0.03119359
-0.30000000, 0.60000000, -0.30000000, -0.03891397
-0.37500000, 0.60000000, -0.22500000, -0.03956332
-0.45000000, 0.60000000, -0.15000000, -0.03110138
-0.52500000, 0.60000000, -0.07500000, -0.01849365
-0.60000000, 0.60000000, 0.00000000, -0.01479311
-0.60000000, 0.52500000, 0.07500000, -0.01723137
-0.60000000, 0.45000000, 0.15000000, -0.01620135
-0.60000000, 0.37500000, 0.22500000, -0.01377256
-0.60000000, 0.30000000, 0.30000000, -0.01064167
-0.60000000, 0.22500000, 0.37500000, -0.00734678
-0.60000000, 0.15000000, 0.45000000, -0.00438218
-0.60000000, 0.07500000, 0.52500000, -0.00208959
-0.60000000, 0.00000000, 0.60000000, -0.00065953
-0.52500000, -0.07500000, 0.60000000, -0.00111257
-0.45000000, -0.15000000, 0.60000000, -0.00146262
-0.37500000, -0.22500000, 0.60000000, -0.00162467
-0.30000000, -0.30000000, 0.60000000, -0.00164803
-0.22500000, -0.37500000, 0.60000000, -0.00158487
-0.15000000, -0.45000000, 0.60000000, -0.00138289
-0.07500000, -0.52500000, 0.60000000, -0.00069417
0.00000000, -0.60000000, 0.60000000, 0.00199075
0.07500000, -0.60000000, 0.52500000, 0.01340315
0.15000000, -0.60000000, 0.45000000, 0.02167512
0.22500000, -0.60000000, 0.37500000, 0.03119359
0.30000000, -0.60000000, 0.30000000, 0.03891397
0.37500000, -0.60000000, 0.22500000, 0.03956332
0.45000000, -0.60000000, 0.15000000, 0.03110138
0.52500000, -0.60000000, 0.07500000, 0.01849365
0.60000000, -0.60000000, 0.00000000, 0.01479311
0.60000000, -0.52500000, -0.07500000, 0.01723137
0.60000000, -0.45000000, -0.15000000, 0.01620135
0.60000000, -0.37500000, -0.22500000, 0.01377256
0.60000000, -0.30000000, -0.30000000, 0.01064167
0.60000000, -0.22500000, -0.37500000, 0.00734678
0.60000000, -0.15000000, -0.45000000, 0.00438218
0.60000000, -0.07500000, -0.52500000, 0.00208959
0.65000000, 0.00000000, -0.65000000, 0.00015502
0.56875000, 0.08125000, -0.65000000, 0.00024539
0.48750000, 0.16250000, -0.65000000, 0.00028660
0.40625000, 0.24375000, -0.65000000, 0.00025377
0.32500000, 0.32500000, -0.65000000, 0.00022348
0.24375000, 0.40625000, -0.65000000, 0.00028597
0.16250000, 0.48750000, -0.65000000, 0.00041491
0.08125000, 0.56875000, -0.65000000, 0.00034635
0.00000000, 0.65000000, -0.65000000, -0.00077313
-0.08125000, 0.65000000, -0.56875000, -0.00843897
-0.16250000, 0.65000000, -0.48750000, -0.01505516
-0.24375000, 0.65000000, -0.40625000, -0.02435192
-0.32500000, 0.65000000, -0.32500000, -0.03265231
-0.40625000, 0.65000000, -0.24375000, -0.03324052
-0.48750000, 0.65000000, -0.16250000, -0.02391353
-0.56875000, 0.65000000, -0.08125000, -0.01116302
-0.65000000, 0.65000000, 0.00000000, -0.00695840
-0.65000000, 0.56875000, 0.08125000, -0.00867974
-0.65000000, 0.48750000, 0.16250000, -0.00842934
-0.65000000, 0.40625000, 0.24375000, -0.00722306
-0.65000000, 0.32500000, 0.32500000, -0.00545457
-0.65000000, 0.24375000, 0.40625000, -0.00353405
-0.65000000, 0.16250000, 0.48750000, -0.00186554
-0.65000000, 0.08125000, 0.56875000, -0.00072025
-0.65000000, 0.00000000, 0.65000000, -0.00015502
-0.56875000, -0.08125000, 0.65000000, -0.00024539
-0.48750000, -0.16250000, 0.65000000, -0.00028660
-0.40625000, -0.24375000, 0.65000000, -0.00025377
-0.32500000, -0.32500000, 0.65000000, -0.00022348
-0.24375000, -0.40625000, 0.65000000, -0.00028597
-0.16250000, -0.48750000, 0.65000000, -0.00041491
-0.08125000, -0.56875000, 0.65000000, -0.00034635
0.00000000, -0.65000000, 0.65000000, 0.00077313
0.08125000, -0.65000000, 0.56875000, 0.00843897
0.16250000, -0.65000000, 0.48750000, 0.01505516
0.24375000, -0.65000000, 0.40625000, 0.02435192
0.32500000, -0.65000000, 0.32500000, 0.03265231
0.40625000, -0.65000000, 0.24375000, 0.03324052
0.48750000, -0.65000000, 0.16250000, 0.02391353
0.56875000, -0.65000000, 0.08125000, 0.01116302
0.65000000, -0.65000000, 0.00000000, 0.00695840
0.65000000, -0.56875000, -0.08125000, 0.00867974
0.65000000, -0.48750000, -0.16250000, 0.00842934
0.65000000, -0.40625000, -0.24375000, 0.00722306
0.65000000, -0.32500000, -0.32500000, 0.00545457
0.65000000, -0.24375000, -0.40625000, 0.00353405
0.65000000, -0.16250000, -0.48750000, 0.00186554
0.65000000, -0.08125000, -0.56875000, 0.00072025
0.70000000, 0.00000000, -0.70000000, 0.00003146
0.61250000, 0.08750000, -0.70000000, 0.00000451
0.52500000, 0.17500000, -0.70000000, -0.00008750
0.43750000, 0.26250000, -0.70000000, -0.00023678
0.35000000, 0.35000000, -0.70000000, -0.00034594
0.26250000, 0.43750000, -0.70000000, -0.00029734
0.17500000, 0.52500000, -0.70000000, -0.00009664
0.08750000, 0.61250000, -0.70000000, 0.00005673
0.00000000, 0.70000000, -0.70000000, -0.00028682
-0.08750000, 0.70000000, -0.61250000, -0.00487442
-0.17500000, 0.70000000, -0.52500000, -0.00945271
-0.26250000, 0.70000000, -0.43750000, -0.01732111
-0.35000000, 0.70000000, -0.35000000, -0.02495686
-0.43750000, 0.70000000, -0.26250000, -0.02512342
-0.52500000, 0.70000000, -0.17500000, -0.01607212
-0.61250000, 0.70000000, -0.08750000, -0.00532385
-0.70000000, 0.70000000, 0.00000000, -0.00248566
-0.70000000, 0.61250000, 0.08750000, -0.00347837
-0.70000000, 0.52500000, 0.17500000, -0.00358431
-0.70000000, 0.43750000, 0.26250000, -0.00317344
-0.70000000, 0.35000000, 0.35000000, -0.00238383
-0.70000000, 0.26250000, 0.43750000, -0.00145808
-0.70000000, 0.17500000, 0.52500000, -0.00067563
-0.70000000, 0.08750000, 0.61250000, -0.00020576
-0.70000000, 0.00000000, 0.70000000, -0.00003146
-0.61250000, -0.08750000, 0.70000000, -0.00000451
-0.52500000, -0.17500000, 0.70000000, 0.00008750
-0.43750000, -0.26250000, 0.70000000, 0.00023678
-0.35000000, -0.35000000, 0.70000000, 0.00034594
-0.26250000, -0.43750000, 0.70000000, 0.00029734
-0.17500000, -0.52500000, 0.70000000, 0.00009664
-0.08750000, -0.61250000, 0.70000000, -0.00005673
0.00000000, -0.70000000, 0.70000000, 0.00028682
0.08750000, -0.70000000, 0.61250000, 0.00487442
0.17500000, -0.70000000, 0.52500000, 0.00945271
0.26250000, -0.70000000, 0.43750000, 0.01732111
0.35000000, -0.70000000, 0.35000000, 0.02495686
0.43750000, -0.70000000, 0.26250000, 0.02512342
0.52500000, -0.70000000, 0.17500000, 0.01607212
0.61250000, -0.70000000, 0.08750000, 0.00532385
0.70000000, -0.70000000, 0.00000000, 0.00248566
0.70000000, -0.61250000, -0.08750000, 0.00347837
0.70000000, -0.52500000, -0.17500000, 0.00358431
0.70000000, -0.43750000, -0.26250000, 0.00317344
0.70000000, -0.35000000, -0.35000000, 0.00238383
0.70000000, -0.26250000, -0.43750000, 0.00145808
0.70000000, -0.17500000, -0.52500000, 0.00067563
0.70000000, -0.08750000, -0.61250000, 0.00020576
0.75000000, 0.00000000, -0.75000000, -0.00000801
0.65625000, 0.09375000, -0.75000000, -0.00002119
0.56250000, 0.18750000, -0.75000000, -0.00010278
0.46875000, 0.28125000, -0.75000000, -0.00024955
0.37500000, 0.37500000, -0.75000000, -0.00037397
0.28125000, 0.46875000, -0.75000000, -0.00036243
0.18750000, 0.56250000, -0.75000000, -0.00020885
0.09375000, 0.65625000, -0.75000000, -0.00005250
0.00000000, 0.75000000, -0.75000000, -0.00011429
-0.09375000, 0.75000000, -0.65625000, -0.00256391
-0.18750000, 0.75000000, -0.56250000, -0.00528315
-0.28125000, 0.75000000, -0.46875000, -0.01107927
-0.37500000, 0.75000000, -0.37500000, -0.01719544
-0.46875000, 0.75000000, -0.28125000, -0.01691154
-0.56250000, 0.75000000, -0.18750000, -0.00928936
-0.65625000, 0.75000000, -0.09375000, -0.00175560
-0.75000000, 0.75000000, 0.00000000, -0.00061485
-0.75000000, 0.65625000, 0.09375000, -0.00105020
-0.75000000, 0.56250000, 0.18750000, -0.00120912
-0.75000000, 0.46875000, 0.28125000, -0.00116774
-0.75000000, 0.37500000, 0.37500000, -0.00091050
-0.75000000, 0.28125000, 0.46875000, -0.00053920
-0.75000000, 0.18750000, 0.56250000, -0.00022534
-0.75000000, 0.09375000, 0.65625000, -0.00005197
-0.75000000, 0.00000000, 0.75000000, 0.00000801
-0.65625000, -0.09375000, 0.75000000, 0.00002119
-0.56250000, -0.18750000, 0.75000000, 0.00010278
-0.46875000, -0.28125000, 0.75000000, 0.00024955
-0.37500000, -0.37500000, 0.75000000, 0.00037397
-0.28125000, -0.46875000, 0.75000000, 0.00036243
-0.18750000, -0.56250000, 0.75000000, 0.00020885
-0.09375000, -0.65625000, 0.75000000, 0.00005250
0.00000000, -0.75000000, 0.75000000, 0.00011429
0.09375000, -0.75000000, 0.65625000, 0.00256391
0.18750000, -0.75000000, 0.56250000, 0.00528315
0.28125000, -0.75000000, 0.46875000, 0.01107927
0.37500000, -0.75000000, 0.37500000, 0.01719544
0.46875000, -0.75000000, 0.28125000, 0.01691154
0.56250000, -0.75000000, 0.18750000, 0.00928936
0.65625000, -0.75000000, 0.09375000, 0.00175560
0.75000000, -0.75000000, 0.00000000, 0.00061485
0.75000000, -0.65625000, -0.09375000, 0.00105020
0.75000000, -0.56250000, -0.18750000, 0.00120912
0.75000000, -0.46875000, -0.28125000, 0.00116774
0.75000000, -0.37500000, -0.37500000, 0.00091050
0.75000000, -0.28125000, -0.46875000, 0.00053920
0.75000000, -0.18750000, -0.56250000, 0.00022534
0.75000000, -0.09375000, -0.65625000, 0.00005197
0.80000000, 0.00000000, -0.80000000, -0.00001375
0.70000000, 0.10000000, -0.80000000, -0.00001166
0.60000000, 0.20000000, -0.80000000, -0.00005067
0.50000000, 0.30000000, -0.80000000, -0.00013941
0.40000000, 0.40000000, -0.80000000, -0.00022355
0.30000000, 0.50000000, -0.80000000, -0.00022396
0.20000000, 0.60000000, -0.80000000, -0.00013634
0.10000000, 0.70000000, -0.80000000, -0.00004596
0.00000000, 0.80000000, -0.80000000, -0.00004446
-0.10000000, 0.80000000, -0.70000000, -0.00120488
-0.20000000, 0.80000000, -0.60000000, -0.00256212
-0.30000000, 0.80000000, -0.50000000, -0.00622149
-0.40000000, 0.80000000, -0.40000000, -0.01045004
-0.50000000, 0.80000000, -0.30000000, -0.00992131
-0.60000000, 0.80000000, -0.20000000, -0.00447932
-0.70000000, 0.80000000, -0.10000000, -0.00019965
-0.80000000, 0.80000000, 0.00000000, -0.00008647
-0.80000000, 0.70000000, 0.10000000, -0.00022366
-0.80000000, 0.60000000, 0.20000000, -0.00031863
-0.80000000, 0.50000000, 0.30000000, -0.00036825
-0.80000000, 0.40000000, 0.40000000, -0.00031491
-0.80000000, 0.30000000, 0.50000000, -0.00018478
-0.80000000, 0.20000000, 0.60000000, -0.00007085
-0.80000000, 0.10000000, 0.70000000, -0.00001022
-0.80000000, 0.00000000, 0.80000000, 0.00001375
-0.70000000, -0.10000000, 0.80000000, 0.00001166
-0.60000000, -0.20000000, 0.80000000, 0.00005067
-0.50000000, -0.30000000, 0.80000000, 0.00013941
-0.40000000, -0.40000000, 0.80000000, 0.00022355
-0.30000000, -0.50000000, 0.80000000, 0.00022396
-0.20000000, -0.60000000, 0.80000000, 0.00013634
-0.10000000, -0.70000000, 0.80000000, 0.00004596
0.00000000, -0.80000000, 0.80000000, 0.00004446
0.10000000, -0.80000000, 0.70000000, 0.00120488
0.20000000, -0.80000000, 0.60000000, 0.00256212
0.30000000, -0.80000000, 0.50000000, 0.00622149
0.40000000, -0.80000000, 0.40000000, 0.01045004
0.50000000, -0.80000000, 0.30000000, 0.00992131
0.60000000, -0.80000000, 0.20000000, 0.00447932
0.70000000, -0.80000000, 0.10000000, 0.00019965
0.80000000, -0.80000000, 0.00000000, 0.00008647
0.80000000, -0.70000000, -0.10000000, 0.00022366
0.80000000, -0.60000000, -0.20000000, 0.00031863
0.80000000, -0.50000000, -0.30000000, 0.00036825
0.80000000, -0.40000000, -0.40000000, 0.00031491
0.80000000, -0.30000000, -0.50000000, 0.00018478
0.80000000, -0.20000000, -0.60000000, 0.00007085
0.80000000, -0.10000000, -0.70000000, 0.00001022
0.85000000, 0.00000000, -0.85000000, 0.00000762
0.74375000, 0.10625000, -0.85000000, -0.00000247
0.63750000, 0.21250000, -0.85000000, -0.00002374
0.53125000, 0.31875000, -0.85000000, -0.00006334
0.42500000, 0.42500000, -0.85000000, -0.00009942
0.31875000, 0.53125000, -0.85000000, -0.00009463
0.21250000, 0.63750000, -0.85000000, -0.00005299
0.10625000, 0.74375000, -0.85000000, -0.00001788
0.00000000, 0.85000000, -0.85000000, -0.00001264
-0.10625000, 0.85000000, -0.74375000, -0.00048304
-0.21250000, 0.85000000, -0.63750000, -0.00102843
-0.31875000, 0.85000000, -0.53125000, -0.00292731
-0.42500000, 0.85000000, -0.42500000, -0.00535800
-0.53125000, 0.85000000, -0.31875000, -0.00485252
-0.63750000, 0.85000000, -0.21250000, -0.00170485
-0.74375000, 0.85000000, -0.10625000, 0.00015803
-0.85000000, 0.85000000, 0.00000000, 0.00001268
-0.85000000, 0.74375000, 0.10625000, -0.00002434
-0.85000000, 0.63750000, 0.21250000, -0.00006122
-0.85000000, 0.53125000, 0.31875000, -0.00009336
-0.85000000, 0.42500000, 0.42500000, -0.00008671
-0.85000000, 0.31875000, 0.53125000, -0.00004630
-0.85000000, 0.21250000, 0.63750000, -0.00001120
-0.85000000, 0.10625000, 0.74375000, -0.00000262
-0.85000000, 0.00000000, 0.85000000, -0.00000762
-0.74375000, -0.10625000, 0.85000000, 0.00000247
-0.63750000, -0.21250000, 0.85000000, 0.00002374
-0.53125000, -0.31875000, 0.85000000, 0.00006334
-0.42500000, -0.42500000, 0.85000000, 0.00009942
-0.31875000, -0.53125000, 0.85000000, 0.00009463
-0.21250000, -0.63750000, 0.85000000, 0.00005299
-0.10625000, -0.74375000, 0.85000000, 0.00001788
0.00000000, -0.85000000, 0.85000000, 0.00001264
0.10625000, -0.85000000, 0.74375000, 0.00048304
0.21250000, -0.85000000, 0.63750000, 0.00102843
0.31875000, -0.85000000, 0.53125000, 0.00292731
0.42500000, -0.85000000, 0.42500000, 0.00535800
0.53125000, -0.85000000, 0.31875000, 0.00485252
0.63750000, -0.85000000, 0.21250000, 0.00170485
0.74375000, -0.85000000, 0.10625000, -0.00015803
0.85000000, -0.85000000, 0.00000000, -0.00001268
0.85000000, -0.74375000, -0.10625000, 0.00002434
0.85000000, -0.63750000, -0.21250000, 0.00006122
0.85000000, -0.53125000, -0.31875000, 0.00009336
0.85000000, -0.42500000, -0.42500000, 0.00008671
0.85000000, -0.31875000, -0.53125000, 0.00004630
0.85000000, -0.21250000, -0.63750000, 0.00001120
0.85000000, -0.10625000, -0.74375000, 0.00000262
0.90000000, 0.00000000, -0.90000000, 0.00000903
0.78750000, 0.11250000, -0.90000000, 0.00000134
0.67500000, 0.22500000, -0.90000000, -0.00000783
0.56250000, 0.33750000, -0.90000000, -0.00002027
0.45000000, 0.45000000, -0.90000000, -0.00003031
0.33750000, 0.56250000, -0.90000000, -0.00002620
0.22500000, 0.67500000, -0.90000000, -0.00001260
0.11250000, 0.78750000, -0.90000000, -0.00000427
0.00000000, 0.90000000, -0.90000000, -0.00000308
-0.11250000, 0.90000000, -0.78750000, -0.00014864
-0.22500000, 0.90000000, -0.67500000, -0.00030800
-0.33750000, 0.90000000, -0.56250000, -0.00103995
-0.45000000, 0.90000000, -0.45000000, -0.00209322
-0.56250000, 0.90000000, -0.33750000, -0.00178291
-0.67500000, 0.90000000, -0.22500000, -0.00044860
-0.78750000, 0.90000000, -0.11250000, 0.00010874
-0.90000000, 0.90000000, 0.00000000, 0.00001347
-0.90000000, 0.78750000, 0.11250000, 0.00000417
-0.90000000, 0.67500000, 0.22500000, -0.00000546
-0.90000000, 0.56250000, 0.33750000, -0.00001511
-0.90000000, 0.45000000, 0.45000000, -0.00001511
-0.90000000, 0.33750000, 0.56250000, -0.00000617
-0.90000000, 0.22500000, 0.67500000, 0.00000100
-0.90000000, 0.11250000, 0.78750000, -0.00000230
-0.90000000, 0.00000000, 0.90000000, -0.00000903
-0.78750000, -0.11250000, 0.90000000, -0.00000134
-0.67500000, -0.22500000, 0.90000000, 0.00000783
-0.56250000, -0.33750000, 0.90000000, 0.00002027
-0.45000000, -0.45000000, 0.90000000, 0.00003031
-0.33750000, -0.56250000, 0.90000000, 0.00002620
-0.22500000, -0.67500000, 0.90000000, 0.00001260
-0.11250000, -0.78750000, 0.90000000, 0.00000427
0.00000000, -0.90000000, 0.90000000, 0.00000308
0.11250000, -0.90000000, 0.78750000, 0.00014864
0.22500000, -0.90000000, 0.67500000, 0.00030800
0.33750000, -0.90000000, 0.56250000, 0.00103995
0.45000000, -0.90000000, 0.45000000, 0.00209322
0.56250000, -0.90000000, 0.33750000, 0.00178291
0.67500000, -0.90000000, 0.22500000, 0.00044860
0.78750000, -0.90000000, 0.11250000, -0.00010874
0.90000000, -0.90000000, 0.00000000, -0.00001347
0.90000000, -0.78750000, -0.11250000, -0.00000417
0.90000000, -0.67500000, -0.22500000, 0.00000546
0.90000000, -0.56250000, -0.33750000, 0.00001511
0.90000000, -0.45000000, -0.45000000, 0.00001511
0.90000000, -0.33750000, -0.56250000, 0.00000617
0.90000000, -0.22500000, -0.67500000, -0.00000100
0.90000000, -0.11250000, -0.78750000, 0.00000230
0.95000000, 0.00000000, -0.95000000, -0.00000903
0.83125000, 0.11875000, -0.95000000, -0.00000206
0.71250000, 0.23750000, -0.95000000, 0.00000300
0.59375000, 0.35625000, -0.95000000, 0.00000394
0.47500000, 0.47500000, -0.95000000, 0.00000206
0.35625000, 0.59375000, -0.95000000, 0.00000055
0.23750000, 0.71250000, -0.95000000, 0.00000034
0.11875000, 0.83125000, -0.95000000, 0.00000073
0.00000000, 0.95000000, -0.95000000, -0.00000061
-0.11875000, 0.95000000, -0.83125000, -0.00002592
-0.23750000, 0.95000000, -0.71250000, -0.00005002
-0.35625000, 0.95000000, -0.59375000, -0.00020148
-0.47500000, 0.95000000, -0.47500000, -0.00045051
-0.59375000, 0.95000000, -0.35625000, -0.00035170
-0.71250000, 0.95000000, -0.23750000, -0.00004916
-0.83125000, 0.95000000, -0.11875000, 0.00003673
-0.95000000, 0.95000000, 0.00000000, -0.00001202
-0.95000000, 0.83125000, 0.11875000, -0.00000766
-0.95000000, 0.71250000, 0.23750000, -0.00000651
-0.95000000, 0.59375000, 0.35625000, -0.00000906
-0.95000000, 0.47500000, 0.47500000, -0.00001048
-0.95000000, 0.35625000, 0.59375000, -0.00000777
-0.95000000, 0.23750000, 0.71250000, -0.00000442
-0.95000000, 0.11875000, 0.83125000, 0.00000207
-0.95000000, 0.00000000, 0.95000000, 0.00000903
-0.83125000, -0.11875000, 0.95000000, 0.00000206
-0.71250000, -0.23750000, 0.95000000, -0.00000300
-0.59375000, -0.35625000, 0.95000000, -0.00000394
-0.47500000, -0.47500000, 0.95000000, -0.00000206
-0.35625000, -0.59375000, 0.95000000, -0.00000055
-0.23750000, -0.71250000, 0.95000000, -0.00000034
-0.11875000, -0.83125000, 0.95000000, -0.00000073
0.00000000, -0.95000000, 0.95000000, 0.00000061
0.11875000, -0.95000000, 0.83125000, 0.00002592
0.23750000, -0.95000000, 0.71250000, 0.00005002
0.35625000, -0.95000000, 0.59375000, 0.00020148
0.47500000, -0.95000000, 0.47500000, 0.00045051
0.59375000, -0.95000000, 0.35625000, 0.00035170
0.71250000, -0.95000000, 0.23750000, 0.00004916
0.83125000, -0.95000000, 0.11875000, -0.00003673
0.95000000, -0.95000000, 0.00000000, 0.00001202
0.95000000, -0.83125000, -0.11875000, 0.00000766
0.95000000, -0.71250000, -0.23750000, 0.00000651
0.95000000, -0.59375000, -0.35625000, 0.00000906
0.95000000, -0.47500000, -0.47500000, 0.00001048
0.95000000, -0.35625000, -0.59375000, 0.00000777
0.95000000, -0.23750000, -0.71250000, 0.00000442
0.95000000, -0.11875000, -0.83125000, -0.00000207
1.00000000, 0.00000000, -1.00000000, 0.00000000
0.87500000, 0.12500000, -1.00000000, 0.00000000
0.75000000, 0.25000000, -1.00000000, 0.00000000
0.62500000, 0.37500000, -1.00000000, 0.00000000
0.50000000, 0.50000000, -1.00000000, 0.00000000
0.37500000, 0.62500000, -1.00000000, 0.00000000
0.25000000, 0.75000000, -1.00000000, 0.00000000
0.12500000, 0.87500000, -1.00000000, 0.00000000
0.00000000, 1.00000000, -1.00000000, 0.00000000
-0.12500000, 1.00000000, -0.87500000, 0.00000000
-0.25000000, 1.00000000, -0.75000000, 0.00000000
-0.37500000, 1.00000000, -0.62500000, 0.00000000
-0.50000000, 1.00000000, -0.50000000, 0.00000000
-0.62500000, 1.00000000, -0.37500000, 0.00000000
-0.75000000, 1.00000000, -0.25000000, 0.00000000
-0.87500000, 1.00000000, -0.12500000, 0.00000000
-1.00000000, 1.00000000, 0.00000000, 0.00000000
-1.00000000, 0.87500000, 0.12500000, 0.00000000
-1.00000000, 0.75000000, 0.25000000, 0.00000000
-1.00000000, 0.62500000, 0.37500000, 0.00000000
-1.00000000, 0.50000000, 0.50000000, 0.00000000
-1.00000000, 0.37500000, 0.62500000, 0.00000000
-1.00000000, 0.25000000, 0.75000000, 0.00000000
-1.00000000, 0.12500000, 0.87500000, 0.00000000
-1.00000000, 0.00000000, 1.00000000, 0.00000000
-0.87500000, -0.12500000, 1.00000000, 0.00000000
-0.75000000, -0.25000000, 1.00000000, 0.00000000
-0.62500000, -0.37500000, 1.00000000, 0.00000000
-0.50000000, -0.50000000, 1.00000000, 0.00000000
-0.37500000, -0.62500000, 1.00000000, 0.00000000
-0.25000000, -0.75000000, 1.00000000, 0.00000000
-0.12500000, -0.87500000, 1.00000000, 0.00000000
0.00000000, -1.00000000, 1.00000000, 0.00000000
0.12500000, -1.00000000, 0.87500000, 0.00000000
0.25000000, -1.00000000, 0.75000000, 0.00000000
0.37500000, -1.00000000, 0.62500000, 0.00000000
0.50000000, -1.00000000, 0.50000000, 0.00000000
0.62500000, -1.00000000, 0.37500000, 0.00000000
0.75000000, -1.00000000, 0.25000000, 0.00000000
0.87500000, -1.00000000, 0.12500000, 0.00000000
1.00000000, -1.00000000, 0.00000000, 0.00000000
1.00000000, -0.87500000, -0.12500000, 0.00000000
1.00000000, -0.75000000, -0.25000000, 0.00000000
1.00000000, -0.62500000, -0.37500000, 0.00000000
1.00000000, -0.50000000, -0.50000000, 0.00000000
1.00000000, -0.37500000, -0.62500000, 0.00000000
1.00000000, -0.25000000, -0.75000000, 0.00000000
1.00000000, -0.12500000, -0.87500000, 0.00000000
