0.01000000, 0.00000000, -0.01000000, 0.00627221
0.00000000, 0.01000000, -0.01000000, 0.00908277
-0.00125000, 0.01000000, -0.00875000, 0.16291088
-0.00250000, 0.01000000, -0.00750000, 0.27266359
-0.00375000, 0.01000000, -0.00625000, 0.33829808
-0.00500000, 0.01000000, -0.00500000, 0.35967004
-0.00625000, 0.01000000, -0.00375000, 0.33693561
-0.00750000, 0.01000000, -0.00250000, 0.26983699
-0.00875000, 0.01000000, -0.00125000, 0.15867718
-0.01000000, 0.01000000, 0.00000000, 0.00316419
-0.01000000, 0.00875000, 0.00125000, 0.00385757
-0.01000000, 0.00750000, 0.00250000, 0.00418973
-0.01000000, 0.00625000, 0.00375000, 0.00460184
-0.01000000, 0.00500000, 0.00500000, 0.00481097
-0.01000000, 0.00375000, 0.00625000, 0.00520858
-0.01000000, 0.00250000, 0.00750000, 0.00533656
-0.01000000, 0.00125000, 0.00875000, 0.00578523
-0.01000000, 0.00000000, 0.01000000, 0.00627221
0.00000000, -0.01000000, 0.01000000, 0.00908277
0.00125000, -0.01000000, 0.00875000, 0.16291088
0.00250000, -0.01000000, 0.00750000, 0.27266359
0.00375000, -0.01000000, 0.00625000, 0.33829808
0.00500000, -0.01000000, 0.00500000, 0.35967004
0.00625000, -0.01000000, 0.00375000, 0.33693561
0.00750000, -0.01000000, 0.00250000, 0.26983699
0.00875000, -0.01000000, 0.00125000, 0.15867718
0.01000000, -0.01000000, 0.00000000, 0.00316419
0.01000000, -0.00875000, -0.00125000, 0.00385757
0.01000000, -0.00750000, -0.00250000, 0.00418973
0.01000000, -0.00625000, -0.00375000, 0.00460184
0.01000000, -0.00500000, -0.00500000, 0.00481097
0.01000000, -0.00375000, -0.00625000, 0.00520858
0.01000000, -0.00250000, -0.00750000, 0.00533656
0.01000000, -0.00125000, -0.00875000, 0.00578523
0.02000000, 0.00000000, -0.02000000, 0.00760880
0.01750000, 0.00250000, -0.02000000, 0.00777146
0.01500000, 0.00500000, -0.02000000, 0.00835642
0.01250000, 0.00750000, -0.02000000, 0.00863835
0.01000000, 0.01000000, -0.02000000, 0.00943094
0.00750000, 0.01250000, -0.02000000, 0.00980383
0.00500000, 0.01500000, -0.02000000, 0.01029538
0.00250000, 0.01750000, -0.02000000, 0.01073271
0.00000000, 0.02000000, -0.02000000, 0.01102756
-0.00250000, 0.02000000, -0.01750000, 0.08783090
-0.00500000, 0.02000000, -0.01500000, 0.14248647
-0.00750000, 0.02000000, -0.01250000, 0.17495357
-0.01000000, 0.02000000, -0.01000000, 0.18508674
-0.01250000, 0.02000000, -0.00750000, 0.17303529
-0.01500000, 0.02000000, -0.00500000, 0.13869753
-0.01750000, 0.02000000, -0.00250000, 0.08208336
-0.02000000, 0.02000000, 0.00000000, 0.00320143
-0.02000000, 0.01750000, 0.00250000, 0.00406473
-0.02000000, 0.01500000, 0.00500000, 0.00459995
-0.02000000, 0.01250000, 0.00750000, 0.00519984
-0.02000000, 0.01000000, 0.01000000, 0.00565626
-0.02000000, 0.00750000, 0.01250000, 0.00621808
-0.02000000, 0.00500000, 0.01500000, 0.00666294
-0.02000000, 0.00250000, 0.01750000, 0.00707854
-0.02000000, 0.00000000, 0.02000000, 0.00760880
-0.01750000, -0.00250000, 0.02000000, 0.00777146
-0.01500000, -0.00500000, 0.02000000, 0.00835642
-0.01250000, -0.00750000, 0.02000000, 0.00863835
-0.01000000, -0.01000000, 0.02000000, 0.00943094
-0.00750000, -0.01250000, 0.02000000, 0.00980383
-0.00500000, -0.01500000, 0.02000000, 0.01029538
-0.00250000, -0.01750000, 0.02000000, 0.01073271
0.00000000, -0.02000000, 0.02000000, 0.01102756
0.00250000, -0.02000000, 0.01750000, 0.08783090
0.00500000, -0.02000000, 0.01500000, 0.14248647
0.00750000, -0.02000000, 0.01250000, 0.17495357
0.01000000, -0.02000000, 0.01000000, 0.18508674
0.01250000, -0.02000000, 0.00750000, 0.17303529
0.01500000, -0.02000000, 0.00500000, 0.13869753
0.01750000, -0.02000000, 0.00250000, 0.08208336
0.02000000, -0.02000000, 0.00000000, 0.00320143
0.02000000, -0.01750000, -0.00250000, 0.00406473
0.02000000, -0.01500000, -0.00500000, 0.00459995
0.02000000, -0.01250000, -0.00750000, 0.00519984
0.02000000, -0.01000000, -0.01000000, 0.00565626
0.02000000, -0.00750000, -0.01250000, 0.00621808
0.02000000, -0.00500000, -0.01500000, 0.00666294
0.02000000, -0.00250000, -0.01750000, 0.00707854
0.03000000, 0.00000000, -0.03000000, 0.00871047
0.02625000, 0.00375000, -0.03000000, 0.00893482
0.02250000, 0.00750000, -0.03000000, 0.00952961
0.01875000, 0.01125000, -0.03000000, 0.00997862
0.01500000, 0.01500000, -0.03000000, 0.01061380
0.01125000, 0.01875000, -0.03000000, 0.01129805
0.00750000, 0.02250000, -0.03000000, 0.01194602
0.00375000, 0.02625000, -0.03000000, 0.01251128
0.00000000, 0.03000000, -0.03000000, 0.01280506
-0.00375000, 0.03000000, -0.02625000, 0.06389236
-0.00750000, 0.03000000, -0.02250000, 0.10016801
-0.01125000, 0.03000000, -0.01875000, 0.12154746
-0.01500000, 0.03000000, -0.01500000, 0.12792060
-0.01875000, 0.03000000, -0.01125000, 0.11930908
-0.02250000, 0.03000000, -0.00750000, 0.09572963
-0.02625000, 0.03000000, -0.00375000, 0.05719963
-0.03000000, 0.03000000, 0.00000000, 0.00378600
-0.03000000, 0.02625000, 0.00375000, 0.00481661
-0.03000000, 0.02250000, 0.00750000, 0.00542443
-0.03000000, 0.01875000, 0.01125000, 0.00607274
-0.03000000, 0.01500000, 0.01500000, 0.00662851
-0.03000000, 0.01125000, 0.01875000, 0.00714399
-0.03000000, 0.00750000, 0.02250000, 0.00769426
-0.03000000, 0.00375000, 0.02625000, 0.00816874
-0.03000000, 0.00000000, 0.03000000, 0.00871047
-0.02625000, -0.00375000, 0.03000000, 0.00893482
-0.02250000, -0.00750000, 0.03000000, 0.00952961
-0.01875000, -0.01125000, 0.03000000, 0.00997862
-0.01500000, -0.01500000, 0.03000000, 0.01061380
-0.01125000, -0.01875000, 0.03000000, 0.01129805
-0.00750000, -0.02250000, 0.03000000, 0.01194602
-0.00375000, -0.02625000, 0.03000000, 0.01251128
0.00000000, -0.03000000, 0.03000000, 0.01280506
0.00375000, -0.03000000, 0.02625000, 0.06389236
0.00750000, -0.03000000, 0.02250000, 0.10016801
0.01125000, -0.03000000, 0.01875000, 0.12154746
0.01500000, -0.03000000, 0.01500000, 0.12792060
0.01875000, -0.03000000, 0.01125000, 0.11930908
0.02250000, -0.03000000, 0.00750000, 0.09572963
0.02625000, -0.03000000, 0.00375000, 0.05719963
0.03000000, -0.03000000, 0.00000000, 0.00378600
0.03000000, -0.02625000, -0.00375000, 0.00481661
0.03000000, -0.02250000, -0.00750000, 0.00542443
0.03000000, -0.01875000, -0.01125000, 0.00607274
0.03000000, -0.01500000, -0.01500000, 0.00662851
0.03000000, -0.01125000, -0.01875000, 0.00714399
0.03000000, -0.00750000, -0.02250000, 0.00769426
0.03000000, -0.00375000, -0.02625000, 0.00816874
0.04000000, 0.00000000, -0.04000000, 0.00966916
0.03500000, 0.00500000, -0.04000000, 0.00991105
0.03000000, 0.01000000, -0.04000000, 0.01043505
0.02500000, 0.01500000, -0.04000000, 0.01106225
0.02000000, 0.02000000, -0.04000000, 0.01179687
0.01500000, 0.02500000, -0.04000000, 0.01257050
0.01000000, 0.03000000, -0.04000000, 0.01335270
0.00500000, 0.03500000, -0.04000000, 0.01404078
0.00000000, 0.04000000, -0.04000000, 0.01441090
-0.00500000, 0.04000000, -0.03500000, 0.05266719
-0.01000000, 0.04000000, -0.03000000, 0.07981551
-0.01500000, 0.04000000, -0.02500000, 0.09564146
-0.02000000, 0.04000000, -0.02000000, 0.10010451
-0.02500000, 0.04000000, -0.01500000, 0.09319977
-0.03000000, 0.04000000, -0.01000000, 0.07493842
-0.03500000, 0.04000000, -0.00500000, 0.04536250
-0.04000000, 0.04000000, 0.00000000, 0.00461992
-0.04000000, 0.03500000, 0.00500000, 0.00573909
-0.04000000, 0.03000000, 0.01000000, 0.00643899
-0.04000000, 0.02500000, 0.01500000, 0.00703678
-0.04000000, 0.02000000, 0.02000000, 0.00757313
-0.04000000, 0.01500000, 0.02500000, 0.00808484
-0.04000000, 0.01000000, 0.03000000, 0.00859204
-0.04000000, 0.00500000, 0.03500000, 0.00912743
-0.04000000, 0.00000000, 0.04000000, 0.00966916
-0.03500000, -0.00500000, 0.04000000, 0.00991105
-0.03000000, -0.01000000, 0.04000000, 0.01043505
-0.02500000, -0.01500000, 0.04000000, 0.01106225
-0.02000000, -0.02000000, 0.04000000, 0.01179687
-0.01500000, -0.02500000, 0.04000000, 0.01257050
-0.01000000, -0.03000000, 0.04000000, 0.01335270
-0.00500000, -0.03500000, 0.04000000, 0.01404078
0.00000000, -0.04000000, 0.04000000, 0.01441090
0.00500000, -0.04000000, 0.03500000, 0.05266719
0.01000000, -0.04000000, 0.03000000, 0.07981551
0.01500000, -0.04000000, 0.02500000, 0.09564146
0.02000000, -0.04000000, 0.02000000, 0.10010451
0.02500000, -0.04000000, 0.01500000, 0.09319977
0.03000000, -0.04000000, 0.01000000, 0.07493842
0.03500000, -0.04000000, 0.00500000, 0.04536250
0.04000000, -0.04000000, 0.00000000, 0.00461992
0.04000000, -0.03500000, -0.00500000, 0.00573909
0.04000000, -0.03000000, -0.01000000, 0.00643899
0.04000000, -0.02500000, -0.01500000, 0.00703678
0.04000000, -0.02000000, -0.02000000, 0.00757313
0.04000000, -0.01500000, -0.02500000, 0.00808484
0.04000000, -0.01000000, -0.03000000, 0.00859204
0.04000000, -0.00500000, -0.03500000, 0.00912743
0.05000000, 0.00000000, -0.05000000, 0.01054832
0.04375000, 0.00625000, -0.05000000, 0.01077899
0.03750000, 0.01250000, -0.05000000, 0.01131801
0.03125000, 0.01875000, -0.05000000, 0.01201470
0.02500000, 0.02500000, -0.05000000, 0.01284281
0.01875000, 0.03125000, -0.05000000, 0.01375827
0.01250000, 0.03750000, -0.05000000, 0.01467140
0.00625000, 0.04375000, -0.05000000, 0.01548649
0.00000000, 0.05000000, -0.05000000, 0.01590332
-0.00625000, 0.05000000, -0.04375000, 0.04648606
-0.01250000, 0.05000000, -0.03750000, 0.06816511
-0.01875000, 0.05000000, -0.03125000, 0.08068659
-0.02500000, 0.05000000, -0.02500000, 0.08400355
-0.03125000, 0.05000000, -0.01875000, 0.07811048
-0.03750000, 0.05000000, -0.01250000, 0.06302724
-0.04375000, 0.05000000, -0.00625000, 0.03880320
-0.05000000, 0.05000000, 0.00000000, 0.00565191
-0.05000000, 0.04375000, 0.00625000, 0.00680362
-0.05000000, 0.03750000, 0.01250000, 0.00749139
-0.05000000, 0.03125000, 0.01875000, 0.00803484
-0.05000000, 0.02500000, 0.02500000, 0.00852721
-0.05000000, 0.01875000, 0.03125000, 0.00899329
-0.05000000, 0.01250000, 0.03750000, 0.00945801
-0.05000000, 0.00625000, 0.04375000, 0.01000687
-0.05000000, 0.00000000, 0.05000000, 0.01054832
-0.04375000, -0.00625000, 0.05000000, 0.01077899
-0.03750000, -0.01250000, 0.05000000, 0.01131801
-0.03125000, -0.01875000, 0.05000000, 0.01201470
-0.02500000, -0.02500000, 0.05000000, 0.01284281
-0.01875000, -0.03125000, 0.05000000, 0.01375827
-0.01250000, -0.03750000, 0.05000000, 0.01467140
-0.00625000, -0.04375000, 0.05000000, 0.01548649
0.00000000, -0.05000000, 0.05000000, 0.01590332
0.00625000, -0.05000000, 0.04375000, 0.04648606
0.01250000, -0.05000000, 0.03750000, 0.06816511
0.01875000, -0.05000000, 0.03125000, 0.08068659
0.02500000, -0.05000000, 0.02500000, 0.08400355
0.03125000, -0.05000000, 0.01875000, 0.07811048
0.03750000, -0.05000000, 0.01250000, 0.06302724
0.04375000, -0.05000000, 0.00625000, 0.03880320
0.05000000, -0.05000000, 0.00000000, 0.00565191
0.05000000, -0.04375000, -0.00625000, 0.00680362
0.05000000, -0.03750000, -0.01250000, 0.00749139
0.05000000, -0.03125000, -0.01875000, 0.00803484
0.05000000, -0.02500000, -0.02500000, 0.00852721
0.05000000, -0.01875000, -0.03125000, 0.00899329
0.05000000, -0.01250000, -0.03750000, 0.00945801
0.05000000, -0.00625000, -0.04375000, 0.01000687
0.06000000, 0.00000000, -0.06000000, 0.01140193
0.05250000, 0.00750000, -0.06000000, 0.01162439
0.04500000, 0.01500000, -0.06000000, 0.01218080
0.03750000, 0.02250000, -0.06000000, 0.01293939
0.03000000, 0.03000000, -0.06000000, 0.01385177
0.02250000, 0.03750000, -0.06000000, 0.01484628
0.01500000, 0.04500000, -0.06000000, 0.01586697
0.00750000, 0.05250000, -0.06000000, 0.01680414
0.00000000, 0.06000000, -0.06000000, 0.01733129
-0.00750000, 0.06000000, -0.05250000, 0.04279056
-0.01500000, 0.06000000, -0.04500000, 0.06084781
-0.02250000, 0.06000000, -0.03750000, 0.07118262
-0.03000000, 0.06000000, -0.03000000, 0.07374873
-0.03750000, 0.06000000, -0.02250000, 0.06854323
-0.04500000, 0.06000000, -0.01500000, 0.05558320
-0.05250000, 0.06000000, -0.00750000, 0.03493007
-0.06000000, 0.06000000, 0.00000000, 0.00685808
-0.06000000, 0.05250000, 0.00750000, 0.00797402
-0.06000000, 0.04500000, 0.01500000, 0.00858727
-0.06000000, 0.03750000, 0.02250000, 0.00906152
-0.06000000, 0.03000000, 0.03000000, 0.00948068
-0.06000000, 0.02250000, 0.03750000, 0.00988579
-0.06000000, 0.01500000, 0.04500000, 0.01032912
-0.06000000, 0.00750000, 0.05250000, 0.01084174
-0.06000000, 0.00000000, 0.06000000, 0.01140193
-0.05250000, -0.00750000, 0.06000000, 0.01162439
-0.04500000, -0.01500000, 0.06000000, 0.01218080
-0.03750000, -0.02250000, 0.06000000, 0.01293939
-0.03000000, -0.03000000, 0.06000000, 0.01385177
-0.02250000, -0.03750000, 0.06000000, 0.01484628
-0.01500000, -0.04500000, 0.06000000, 0.01586697
-0.00750000, -0.05250000, 0.06000000, 0.01680414
0.00000000, -0.06000000, 0.06000000, 0.01733129
0.00750000, -0.06000000, 0.05250000, 0.04279056
0.01500000, -0.06000000, 0.04500000, 0.06084781
0.02250000, -0.06000000, 0.03750000, 0.07118262
0.03000000, -0.06000000, 0.03000000, 0.07374873
0.03750000, -0.06000000, 0.02250000, 0.06854323
0.04500000, -0.06000000, 0.01500000, 0.05558320
0.05250000, -0.06000000, 0.00750000, 0.03493007
0.06000000, -0.06000000, 0.00000000, 0.00685808
0.06000000, -0.05250000, -0.00750000, 0.00797402
0.06000000, -0.04500000, -0.01500000, 0.00858727
0.06000000, -0.03750000, -0.02250000, 0.00906152
0.06000000, -0.03000000, -0.03000000, 0.00948068
0.06000000, -0.02250000, -0.03750000, 0.00988579
0.06000000, -0.01500000, -0.04500000, 0.01032912
0.06000000, -0.00750000, -0.05250000, 0.01084174
0.07000000, 0.00000000, -0.07000000, 0.01223770
0.06125000, 0.00875000, -0.07000000, 0.01245558
0.05250000, 0.01750000, -0.07000000, 0.01301133
0.04375000, 0.02625000, -0.07000000, 0.01383125
0.03500000, 0.03500000, -0.07000000, 0.01483764
0.02625000, 0.04375000, -0.07000000, 0.01594885
0.01750000, 0.05250000, -0.07000000, 0.01710184
0.00875000, 0.06125000, -0.07000000, 0.01815778
0.00000000, 0.07000000, -0.07000000, 0.01873418
-0.00875000, 0.07000000, -0.06125000, 0.04052321
-0.01750000, 0.07000000, -0.05250000, 0.05600868
-0.02625000, 0.07000000, -0.04375000, 0.06479178
-0.03500000, 0.07000000, -0.03500000, 0.06683584
-0.04375000, 0.07000000, -0.02625000, 0.06213529
-0.05250000, 0.07000000, -0.01750000, 0.05071080
-0.06125000, 0.07000000, -0.00875000, 0.03263246
-0.07000000, 0.07000000, 0.00000000, 0.00823004
-0.07000000, 0.06125000, 0.00875000, 0.00925460
-0.07000000, 0.05250000, 0.01750000, 0.00977143
-0.07000000, 0.04375000, 0.02625000, 0.01012983
-0.07000000, 0.03500000, 0.03500000, 0.01045309
-0.07000000, 0.02625000, 0.04375000, 0.01078397
-0.07000000, 0.01750000, 0.05250000, 0.01117171
-0.07000000, 0.00875000, 0.06125000, 0.01164005
-0.07000000, 0.00000000, 0.07000000, 0.01223770
-0.06125000, -0.00875000, 0.07000000, 0.01245558
-0.05250000, -0.01750000, 0.07000000, 0.01301133
-0.04375000, -0.02625000, 0.07000000, 0.01383125
-0.03500000, -0.03500000, 0.07000000, 0.01483764
-0.02625000, -0.04375000, 0.07000000, 0.01594885
-0.01750000, -0.05250000, 0.07000000, 0.01710184
-0.00875000, -0.06125000, 0.07000000, 0.01815778
0.00000000, -0.07000000, 0.07000000, 0.01873418
0.00875000, -0.07000000, 0.06125000, 0.04052321
0.01750000, -0.07000000, 0.05250000, 0.05600868
0.02625000, -0.07000000, 0.04375000, 0.06479178
0.03500000, -0.07000000, 0.03500000, 0.06683584
0.04375000, -0.07000000, 0.02625000, 0.06213529
0.05250000, -0.07000000, 0.01750000, 0.05071080
0.06125000, -0.07000000, 0.00875000, 0.03263246
0.07000000, -0.07000000, 0.00000000, 0.00823004
0.07000000, -0.06125000, -0.00875000, 0.00925460
0.07000000, -0.05250000, -0.01750000, 0.00977143
0.07000000, -0.04375000, -0.02625000, 0.01012983
0.07000000, -0.03500000, -0.03500000, 0.01045309
0.07000000, -0.02625000, -0.04375000, 0.01078397
0.07000000, -0.01750000, -0.05250000, 0.01117171
0.07000000, -0.00875000, -0.06125000, 0.01164005
0.08000000, 0.00000000, -0.08000000, 0.01309893
0.07000000, 0.01000000, -0.08000000, 0.01329317
0.06000000, 0.02000000, -0.08000000, 0.01385509
0.05000000, 0.03000000, -0.08000000, 0.01473442
0.04000000, 0.04000000, -0.08000000, 0.01583168
0.03000000, 0.05000000, -0.08000000, 0.01707135
0.02000000, 0.06000000, -0.08000000, 0.01835433
0.01000000, 0.07000000, -0.08000000, 0.01952431
0.00000000, 0.08000000, -0.08000000, 0.02012532
-0.01000000, 0.08000000, -0.07000000, 0.03916033
-0.02000000, 0.08000000, -0.06000000, 0.05272182
-0.03000000, 0.08000000, -0.05000000, 0.06035225
-0.04000000, 0.08000000, -0.04000000, 0.06202158
-0.05000000, 0.08000000, -0.03000000, 0.05771919
-0.06000000, 0.08000000, -0.02000000, 0.04747138
-0.07000000, 0.08000000, -0.01000000, 0.03135569
-0.08000000, 0.08000000, 0.00000000, 0.00974951
-0.08000000, 0.07000000, 0.01000000, 0.01064321
-0.08000000, 0.06000000, 0.02000000, 0.01102428
-0.08000000, 0.05000000, 0.03000000, 0.01123703
-0.08000000, 0.04000000, 0.04000000, 0.01144918
-0.08000000, 0.03000000, 0.05000000, 0.01169326
-0.08000000, 0.02000000, 0.06000000, 0.01201628
-0.08000000, 0.01000000, 0.07000000, 0.01245836
-0.08000000, 0.00000000, 0.08000000, 0.01309893
-0.07000000, -0.01000000, 0.08000000, 0.01329317
-0.06000000, -0.02000000, 0.08000000, 0.01385509
-0.05000000, -0.03000000, 0.08000000, 0.01473442
-0.04000000, -0.04000000, 0.08000000, 0.01583168
-0.03000000, -0.05000000, 0.08000000, 0.01707135
-0.02000000, -0.06000000, 0.08000000, 0.01835433
-0.01000000, -0.07000000, 0.08000000, 0.01952431
0.00000000, -0.08000000, 0.08000000, 0.02012532
0.01000000, -0.08000000, 0.07000000, 0.03916033
0.02000000, -0.08000000, 0.06000000, 0.05272182
0.03000000, -0.08000000, 0.05000000, 0.06035225
0.04000000, -0.08000000, 0.04000000, 0.06202158
0.05000000, -0.08000000, 0.03000000, 0.05771919
0.06000000, -0.08000000, 0.02000000, 0.04747138
0.07000000, -0.08000000, 0.01000000, 0.03135569
0.08000000, -0.08000000, 0.00000000, 0.00974951
0.08000000, -0.07000000, -0.01000000, 0.01064321
0.08000000, -0.06000000, -0.02000000, 0.01102428
0.08000000, -0.05000000, -0.03000000, 0.01123703
0.08000000, -0.04000000, -0.04000000, 0.01144918
0.08000000, -0.03000000, -0.05000000, 0.01169326
0.08000000, -0.02000000, -0.06000000, 0.01201628
0.08000000, -0.01000000, -0.07000000, 0.01245836
0.09000000, 0.00000000, -0.09000000, 0.01401415
0.07875000, 0.01125000, -0.09000000, 0.01416724
0.06750000, 0.02250000, -0.09000000, 0.01474673
0.05625000, 0.03375000, -0.09000000, 0.01568364
0.04500000, 0.04500000, -0.09000000, 0.01686441
0.03375000, 0.05625000, -0.09000000, 0.01821123
0.02250000, 0.06750000, -0.09000000, 0.01960538
0.01125000, 0.07875000, -0.09000000, 0.02088148
0.00000000, 0.09000000, -0.09000000, 0.02152018
-0.01125000, 0.09000000, -0.07875000, 0.03840498
-0.02250000, 0.09000000, -0.06750000, 0.05047324
-0.03375000, 0.09000000, -0.05625000, 0.05722001
-0.04500000, 0.09000000, -0.04500000, 0.05861595
-0.05625000, 0.09000000, -0.03375000, 0.05464718
-0.06750000, 0.09000000, -0.02250000, 0.04534253
-0.07875000, 0.09000000, -0.01125000, 0.03078731
-0.09000000, 0.09000000, 0.00000000, 0.01140192
-0.09000000, 0.07875000, 0.01125000, 0.01212578
-0.09000000, 0.06750000, 0.02250000, 0.01232886
-0.09000000, 0.05625000, 0.03375000, 0.01238184
-0.09000000, 0.04500000, 0.04500000, 0.01247055
-0.09000000, 0.03375000, 0.05625000, 0.01262197
-0.09000000, 0.02250000, 0.06750000, 0.01289277
-0.09000000, 0.01125000, 0.07875000, 0.01332822
-0.09000000, 0.00000000, 0.09000000, 0.01401415
-0.07875000, -0.01125000, 0.09000000, 0.01416724
-0.06750000, -0.02250000, 0.09000000, 0.01474673
-0.05625000, -0.03375000, 0.09000000, 0.01568364
-0.04500000, -0.04500000, 0.09000000, 0.01686441
-0.03375000, -0.05625000, 0.09000000, 0.01821123
-0.02250000, -0.06750000, 0.09000000, 0.01960538
-0.01125000, -0.07875000, 0.09000000, 0.02088148
0.00000000, -0.09000000, 0.09000000, 0.02152018
0.01125000, -0.09000000, 0.07875000, 0.03840498
0.02250000, -0.09000000, 0.06750000, 0.05047324
0.03375000, -0.09000000, 0.05625000, 0.05722001
0.04500000, -0.09000000, 0.04500000, 0.05861595
0.05625000, -0.09000000, 0.03375000, 0.05464718
0.06750000, -0.09000000, 0.02250000, 0.04534253
0.07875000, -0.09000000, 0.01125000, 0.03078731
0.09000000, -0.09000000, 0.00000000, 0.01140192
0.09000000, -0.07875000, -0.01125000, 0.01212578
0.09000000, -0.06750000, -0.02250000, 0.01232886
0.09000000, -0.05625000, -0.03375000, 0.01238184
0.09000000, -0.04500000, -0.04500000, 0.01247055
0.09000000, -0.03375000, -0.05625000, 0.01262197
0.09000000, -0.02250000, -0.06750000, 0.01289277
0.09000000, -0.01125000, -0.07875000, 0.01332822
0.10000000, 0.00000000, -0.10000000, 0.01498579
0.08750000, 0.01250000, -0.10000000, 0.01509413
0.07500000, 0.02500000, -0.10000000, 0.01569644
0.06250000, 0.03750000, -0.10000000, 0.01669066
0.05000000, 0.05000000, -0.10000000, 0.01795426
0.03750000, 0.06250000, -0.10000000, 0.01939342
0.02500000, 0.07500000, -0.10000000, 0.02088893
0.01250000, 0.08750000, -0.10000000, 0.02226234
0.00000000, 0.10000000, -0.10000000, 0.02293704
-0.01250000, 0.10000000, -0.08750000, 0.03808080
-0.02500000, 0.10000000, -0.07500000, 0.04895602
-0.03750000, 0.10000000, -0.06250000, 0.05500804
-0.05000000, 0.10000000, -0.05000000, 0.05620258
-0.06250000, 0.10000000, -0.03750000, 0.05252525
-0.07500000, 0.10000000, -0.02500000, 0.04400539
-0.08750000, 0.10000000, -0.01250000, 0.03073568
-0.10000000, 0.10000000, 0.00000000, 0.01317767
-0.10000000, 0.08750000, 0.01250000, 0.01369098
-0.10000000, 0.07500000, 0.02500000, 0.01368529
-0.10000000, 0.06250000, 0.03750000, 0.01356680
-0.10000000, 0.05000000, 0.05000000, 0.01352129
-0.10000000, 0.03750000, 0.06250000, 0.01357779
-0.10000000, 0.02500000, 0.07500000, 0.01380608
-0.10000000, 0.01250000, 0.08750000, 0.01424619
-0.10000000, 0.00000000, 0.10000000, 0.01498579
-0.08750000, -0.01250000, 0.10000000, 0.01509413
-0.07500000, -0.02500000, 0.10000000, 0.01569644
-0.06250000, -0.03750000, 0.10000000, 0.01669066
-0.05000000, -0.05000000, 0.10000000, 0.01795426
-0.03750000, -0.06250000, 0.10000000, 0.01939342
-0.02500000, -0.07500000, 0.10000000, 0.02088893
-0.01250000, -0.08750000, 0.10000000, 0.02226234
0.00000000, -0.10000000, 0.10000000, 0.02293704
0.01250000, -0.10000000, 0.08750000, 0.03808080
0.02500000, -0.10000000, 0.07500000, 0.04895602
0.03750000, -0.10000000, 0.06250000, 0.05500804
0.05000000, -0.10000000, 0.05000000, 0.05620258
0.06250000, -0.10000000, 0.03750000, 0.05252525
0.07500000, -0.10000000, 0.02500000, 0.04400539
0.08750000, -0.10000000, 0.01250000, 0.03073568
0.10000000, -0.10000000, 0.00000000, 0.01317767
0.10000000, -0.08750000, -0.01250000, 0.01369098
0.10000000, -0.07500000, -0.02500000, 0.01368529
0.10000000, -0.06250000, -0.03750000, 0.01356680
0.10000000, -0.05000000, -0.05000000, 0.01352129
0.10000000, -0.03750000, -0.06250000, 0.01357779
0.10000000, -0.02500000, -0.07500000, 0.01380608
0.10000000, -0.01250000, -0.08750000, 0.01424619
0.15000000, 0.00000000, -0.15000000, 0.02062299
0.13125000, 0.01875000, -0.15000000, 0.02060323
0.11250000, 0.03750000, -0.15000000, 0.02136553
0.09375000, 0.05625000, -0.15000000, 0.02270510
0.07500000, 0.07500000, -0.15000000, 0.02445512
0.05625000, 0.09375000, -0.15000000, 0.02644791
0.03750000, 0.11250000, -0.15000000, 0.02848068
0.01875000, 0.13125000, -0.15000000, 0.03022572
0.00000000, 0.15000000, -0.15000000, 0.03060691
-0.01875000, 0.15000000, -0.13125000, 0.04014677
-0.03750000, 0.15000000, -0.11250000, 0.04736487
-0.05625000, 0.15000000, -0.09375000, 0.05140436
-0.07500000, 0.15000000, -0.07500000, 0.05216416
-0.09375000, 0.15000000, -0.05625000, 0.04962312
-0.11250000, 0.15000000, -0.03750000, 0.04381880
-0.13125000, 0.15000000, -0.01875000, 0.03487133
-0.15000000, 0.15000000, 0.00000000, 0.02340491
-0.15000000, 0.13125000, 0.01875000, 0.02245937
-0.15000000, 0.11250000, 0.03750000, 0.02116211
-0.15000000, 0.09375000, 0.05625000, 0.02003189
-0.15000000, 0.07500000, 0.07500000, 0.01923547
-0.15000000, 0.05625000, 0.09375000, 0.01881444
-0.15000000, 0.03750000, 0.11250000, 0.01883979
-0.15000000, 0.01875000, 0.13125000, 0.01938912
-0.15000000, 0.00000000, 0.15000000, 0.02062299
-0.13125000, -0.01875000, 0.15000000, 0.02060323
-0.11250000, -0.03750000, 0.15000000, 0.02136553
-0.09375000, -0.05625000, 0.15000000, 0.02270510
-0.07500000, -0.07500000, 0.15000000, 0.02445512
-0.05625000, -0.09375000, 0.15000000, 0.02644791
-0.03750000, -0.11250000, 0.15000000, 0.02848068
-0.01875000, -0.13125000, 0.15000000, 0.03022572
0.00000000, -0.15000000, 0.15000000, 0.03060691
0.01875000, -0.15000000, 0.13125000, 0.04014677
0.03750000, -0.15000000, 0.11250000, 0.04736487
0.05625000, -0.15000000, 0.09375000, 0.05140436
0.07500000, -0.15000000, 0.07500000, 0.05216416
0.09375000, -0.15000000, 0.05625000, 0.04962312
0.11250000, -0.15000000, 0.03750000, 0.04381880
0.13125000, -0.15000000, 0.01875000, 0.03487133
0.15000000, -0.15000000, 0.00000000, 0.02340491
0.15000000, -0.13125000, -0.01875000, 0.02245937
0.15000000, -0.11250000, -0.03750000, 0.02116211
0.15000000, -0.09375000, -0.05625000, 0.02003189
0.15000000, -0.07500000, -0.07500000, 0.01923547
0.15000000, -0.05625000, -0.09375000, 0.01881444
0.15000000, -0.03750000, -0.11250000, 0.01883979
0.15000000, -0.01875000, -0.13125000, 0.01938912
0.20000000, 0.00000000, -0.20000000, 0.02693415
0.17500000, 0.02500000, -0.20000000, 0.02712675
0.15000000, 0.05000000, -0.20000000, 0.02828961
0.12500000, 0.07500000, -0.20000000, 0.03014090
0.10000000, 0.10000000, -0.20000000, 0.03247339
0.07500000, 0.12500000, -0.20000000, 0.03505391
0.05000000, 0.15000000, -0.20000000, 0.03758993
0.02500000, 0.17500000, -0.20000000, 0.03955625
0.00000000, 0.20000000, -0.20000000, 0.03912848
-0.02500000, 0.20000000, -0.17500000, 0.04514739
-0.05000000, 0.20000000, -0.15000000, 0.05035235
-0.07500000, 0.20000000, -0.12500000, 0.05339149
-0.10000000, 0.20000000, -0.10000000, 0.05407341
-0.12500000, 0.20000000, -0.07500000, 0.05235724
-0.15000000, 0.20000000, -0.05000000, 0.04828071
-0.17500000, 0.20000000, -0.02500000, 0.04198727
-0.20000000, 0.20000000, 0.00000000, 0.03420840
-0.20000000, 0.17500000, 0.02500000, 0.03163242
-0.20000000, 0.15000000, 0.05000000, 0.02897550
-0.20000000, 0.12500000, 0.07500000, 0.02683968
-0.20000000, 0.10000000, 0.10000000, 0.02533279
-0.20000000, 0.07500000, 0.12500000, 0.02450608
-0.20000000, 0.05000000, 0.15000000, 0.02443105
-0.20000000, 0.02500000, 0.17500000, 0.02518208
-0.20000000, 0.00000000, 0.20000000, 0.02693415
-0.17500000, -0.02500000, 0.20000000, 0.02712675
-0.15000000, -0.05000000, 0.20000000, 0.02828961
-0.12500000, -0.07500000, 0.20000000, 0.03014090
-0.10000000, -0.10000000, 0.20000000, 0.03247339
-0.07500000, -0.12500000, 0.20000000, 0.03505391
-0.05000000, -0.15000000, 0.20000000, 0.03758993
-0.02500000, -0.17500000, 0.20000000, 0.03955625
0.00000000, -0.20000000, 0.20000000, 0.03912848
0.02500000, -0.20000000, 0.17500000, 0.04514739
0.05000000, -0.20000000, 0.15000000, 0.05035235
0.07500000, -0.20000000, 0.12500000, 0.05339149
0.10000000, -0.20000000, 0.10000000, 0.05407341
0.12500000, -0.20000000, 0.07500000, 0.05235724
0.15000000, -0.20000000, 0.05000000, 0.04828071
0.17500000, -0.20000000, 0.02500000, 0.04198727
0.20000000, -0.20000000, 0.00000000, 0.03420840
0.20000000, -0.17500000, -0.02500000, 0.03163242
0.20000000, -0.15000000, -0.05000000, 0.02897550
0.20000000, -0.12500000, -0.07500000, 0.02683968
0.20000000, -0.10000000, -0.10000000, 0.02533279
0.20000000, -0.07500000, -0.12500000, 0.02450608
0.20000000, -0.05000000, -0.15000000, 0.02443105
0.20000000, -0.02500000, -0.17500000, 0.02518208
0.25000000, 0.00000000, -0.25000000, 0.03164018
0.21875000, 0.03125000, -0.25000000, 0.03273388
0.18750000, 0.06250000, -0.25000000, 0.03472460
0.15625000, 0.09375000, -0.25000000, 0.03737840
0.12500000, 0.12500000, -0.25000000, 0.04049844
0.09375000, 0.15625000, -0.25000000, 0.04380171
0.06250000, 0.18750000, -0.25000000, 0.04690213
0.03125000, 0.21875000, -0.25000000, 0.04901476
0.00000000, 0.25000000, -0.25000000, 0.04736860
-0.03125000, 0.25000000, -0.21875000, 0.05080176
-0.06250000, 0.25000000, -0.18750000, 0.05472982
-0.09375000, 0.25000000, -0.15625000, 0.05712823
-0.12500000, 0.25000000, -0.12500000, 0.05772399
-0.15625000, 0.25000000, -0.09375000, 0.05647711
-0.18750000, 0.25000000, -0.06250000, 0.05343602
-0.21875000, 0.25000000, -0.03125000, 0.04875247
-0.25000000, 0.25000000, 0.00000000, 0.04324742
-0.25000000, 0.21875000, 0.03125000, 0.03951313
-0.25000000, 0.18750000, 0.06250000, 0.03587963
-0.25000000, 0.15625000, 0.09375000, 0.03293771
-0.25000000, 0.12500000, 0.12500000, 0.03082674
-0.25000000, 0.09375000, 0.15625000, 0.02959334
-0.25000000, 0.06250000, 0.18750000, 0.02928448
-0.25000000, 0.03125000, 0.21875000, 0.02993452
-0.25000000, 0.00000000, 0.25000000, 0.03164018
-0.21875000, -0.03125000, 0.25000000, 0.03273388
-0.18750000, -0.06250000, 0.25000000, 0.03472460
-0.15625000, -0.09375000, 0.25000000, 0.03737840
-0.12500000, -0.12500000, 0.25000000, 0.04049844
-0.09375000, -0.15625000, 0.25000000, 0.04380171
-0.06250000, -0.18750000, 0.25000000, 0.04690213
-0.03125000, -0.21875000, 0.25000000, 0.04901476
0.00000000, -0.25000000, 0.25000000, 0.04736860
0.03125000, -0.25000000, 0.21875000, 0.05080176
0.06250000, -0.25000000, 0.18750000, 0.05472982
0.09375000, -0.25000000, 0.15625000, 0.05712823
0.12500000, -0.25000000, 0.12500000, 0.05772399
0.15625000, -0.25000000, 0.09375000, 0.05647711
0.18750000, -0.25000000, 0.06250000, 0.05343602
0.21875000, -0.25000000, 0.03125000, 0.04875247
0.25000000, -0.25000000, 0.00000000, 0.04324742
0.25000000, -0.21875000, -0.03125000, 0.03951313
0.25000000, -0.18750000, -0.06250000, 0.03587963
0.25000000, -0.15625000, -0.09375000, 0.03293771
0.25000000, -0.12500000, -0.12500000, 0.03082674
0.25000000, -0.09375000, -0.15625000, 0.02959334
0.25000000, -0.06250000, -0.18750000, 0.02928448
0.25000000, -0.03125000, -0.21875000, 0.02993452
0.30000000, 0.00000000, -0.30000000, 0.03253733
0.26250000, 0.03750000, -0.30000000, 0.03521289
0.22500000, 0.07500000, -0.30000000, 0.03848935
0.18750000, 0.11250000, -0.30000000, 0.04222459
0.15000000, 0.15000000, -0.30000000, 0.04626437
0.11250000, 0.18750000, -0.30000000, 0.05031949
0.07500000, 0.22500000, -0.30000000, 0.05394216
0.03750000, 0.26250000, -0.30000000, 0.05613261
0.00000000, 0.30000000, -0.30000000, 0.05323384
-0.03750000, 0.30000000, -0.26250000, 0.05528745
-0.07500000, 0.30000000, -0.22500000, 0.05866241
-0.11250000, 0.30000000, -0.18750000, 0.06069857
-0.15000000, 0.30000000, -0.15000000, 0.06111610
-0.18750000, 0.30000000, -0.11250000, 0.05991928
-0.22500000, 0.30000000, -0.07500000, 0.05717061
-0.26250000, 0.30000000, -0.03750000, 0.05303387
-0.30000000, 0.30000000, 0.00000000, 0.04848307
-0.30000000, 0.26250000, 0.03750000, 0.04452943
-0.30000000, 0.22500000, 0.07500000, 0.04044733
-0.30000000, 0.18750000, 0.11250000, 0.03700202
-0.30000000, 0.15000000, 0.15000000, 0.03439184
-0.30000000, 0.11250000, 0.18750000, 0.03266882
-0.30000000, 0.07500000, 0.22500000, 0.03183373
-0.30000000, 0.03750000, 0.26250000, 0.03181888
-0.30000000, 0.00000000, 0.30000000, 0.03253733
-0.26250000, -0.03750000, 0.30000000, 0.03521289
-0.22500000, -0.07500000, 0.30000000, 0.03848935
-0.18750000, -0.11250000, 0.30000000, 0.04222459
-0.15000000, -0.15000000, 0.30000000, 0.04626437
-0.11250000, -0.18750000, 0.30000000, 0.05031949
-0.07500000, -0.22500000, 0.30000000, 0.05394216
-0.03750000, -0.26250000, 0.30000000, 0.05613261
0.00000000, -0.30000000, 0.30000000, 0.05323384
0.03750000, -0.30000000, 0.26250000, 0.05528745
0.07500000, -0.30000000, 0.22500000, 0.05866241
0.11250000, -0.30000000, 0.18750000, 0.06069857
0.15000000, -0.30000000, 0.15000000, 0.06111610
0.18750000, -0.30000000, 0.11250000, 0.05991928
0.22500000, -0.30000000, 0.07500000, 0.05717061
0.26250000, -0.30000000, 0.03750000, 0.05303387
0.30000000, -0.30000000, 0.00000000, 0.04848307
0.30000000, -0.26250000, -0.03750000, 0.04452943
0.30000000, -0.22500000, -0.07500000, 0.04044733
0.30000000, -0.18750000, -0.11250000, 0.03700202
0.30000000, -0.15000000, -0.15000000, 0.03439184
0.30000000, -0.11250000, -0.18750000, 0.03266882
0.30000000, -0.07500000, -0.22500000, 0.03183373
0.30000000, -0.03750000, -0.26250000, 0.03181888
0.35000000, 0.00000000, -0.35000000, 0.02876418
0.30625000, 0.04375000, -0.35000000, 0.03324012
0.26250000, 0.08750000, -0.35000000, 0.03798558
0.21875000, 0.13125000, -0.35000000, 0.04288252
0.17500000, 0.17500000, -0.35000000, 0.04781957
0.13125000, 0.21875000, -0.35000000, 0.05251161
0.08750000, 0.26250000, -0.35000000, 0.05650029
0.04375000, 0.30625000, -0.35000000, 0.05864606
0.00000000, 0.35000000, -0.35000000, 0.05470313
-0.04375000, 0.35000000, -0.30625000, 0.05695405
-0.08750000, 0.35000000, -0.26250000, 0.06068312
-0.13125000, 0.35000000, -0.21875000, 0.06275620
-0.17500000, 0.35000000, -0.17500000, 0.06296487
-0.21875000, 0.35000000, -0.13125000, 0.06141615
-0.26250000, 0.35000000, -0.08750000, 0.05822112
-0.30625000, 0.35000000, -0.04375000, 0.05359628
-0.35000000, 0.35000000, 0.00000000, 0.04881389
-0.35000000, 0.30625000, 0.04375000, 0.04557963
-0.35000000, 0.26250000, 0.08750000, 0.04159714
-0.35000000, 0.21875000, 0.13125000, 0.03795498
-0.35000000, 0.17500000, 0.17500000, 0.03493975
-0.35000000, 0.13125000, 0.21875000, 0.03262022
-0.35000000, 0.08750000, 0.26250000, 0.03095081
-0.35000000, 0.04375000, 0.30625000, 0.02975003
-0.35000000, 0.00000000, 0.35000000, 0.02876418
-0.30625000, -0.04375000, 0.35000000, 0.03324012
-0.26250000, -0.08750000, 0.35000000, 0.03798558
-0.21875000, -0.13125000, 0.35000000, 0.04288252
-0.17500000, -0.17500000, 0.35000000, 0.04781957
-0.13125000, -0.21875000, 0.35000000, 0.05251161
-0.08750000, -0.26250000, 0.35000000, 0.05650029
-0.04375000, -0.30625000, 0.35000000, 0.05864606
0.00000000, -0.35000000, 0.35000000, 0.05470313
0.04375000, -0.35000000, 0.30625000, 0.05695405
0.08750000, -0.35000000, 0.26250000, 0.06068312
0.13125000, -0.35000000, 0.21875000, 0.06275620
0.17500000, -0.35000000, 0.17500000, 0.06296487
0.21875000, -0.35000000, 0.13125000, 0.06141615
0.26250000, -0.35000000, 0.08750000, 0.05822112
0.30625000, -0.35000000, 0.04375000, 0.05359628
0.35000000, -0.35000000, 0.00000000, 0.04881389
0.35000000, -0.30625000, -0.04375000, 0.04557963
0.35000000, -0.26250000, -0.08750000, 0.04159714
0.35000000, -0.21875000, -0.13125000, 0.03795498
0.35000000, -0.17500000, -0.17500000, 0.03493975
0.35000000, -0.13125000, -0.21875000, 0.03262022
0.35000000, -0.08750000, -0.26250000, 0.03095081
0.35000000, -0.04375000, -0.30625000, 0.02975003
0.40000000, 0.00000000, -0.40000000, 0.02156937
0.35000000, 0.05000000, -0.40000000, 0.02724716
0.30000000, 0.10000000, -0.40000000, 0.03308005
0.25000000, 0.15000000, -0.40000000, 0.03883272
0.20000000, 0.20000000, -0.40000000, 0.04437473
0.15000000, 0.25000000, -0.40000000, 0.04941338
0.10000000, 0.30000000, -0.40000000, 0.05348890
0.05000000, 0.35000000, -0.40000000, 0.05541297
0.00000000, 0.40000000, -0.40000000, 0.05076880
-0.05000000, 0.40000000, -0.35000000, 0.05472481
-0.10000000, 0.40000000, -0.30000000, 0.05974675
-0.15000000, 0.40000000, -0.25000000, 0.06237151
-0.20000000, 0.40000000, -0.20000000, 0.06246391
-0.25000000, 0.40000000, -0.15000000, 0.06027723
-0.30000000, 0.40000000, -0.10000000, 0.05604486
-0.35000000, 0.40000000, -0.05000000, 0.05012805
-0.40000000, 0.40000000, 0.00000000, 0.04427352
-0.40000000, 0.35000000, 0.05000000, 0.04236898
-0.40000000, 0.30000000, 0.10000000, 0.03893506
-0.40000000, 0.25000000, 0.15000000, 0.03537723
-0.40000000, 0.20000000, 0.20000000, 0.03209957
-0.40000000, 0.15000000, 0.25000000, 0.02919928
-0.40000000, 0.10000000, 0.30000000, 0.02662169
-0.40000000, 0.05000000, 0.35000000, 0.02416059
-0.40000000, 0.00000000, 0.40000000, 0.02156937
-0.35000000, -0.05000000, 0.40000000, 0.02724716
-0.30000000, -0.10000000, 0.40000000, 0.03308005
-0.25000000, -0.15000000, 0.40000000, 0.03883272
-0.20000000, -0.20000000, 0.40000000, 0.04437473
-0.15000000, -0.25000000, 0.40000000, 0.04941338
-0.10000000, -0.30000000, 0.40000000, 0.05348890
-0.05000000, -0.35000000, 0.40000000, 0.05541297
0.00000000, -0.40000000, 0.40000000, 0.05076880
0.05000000, -0.40000000, 0.35000000, 0.05472481
0.10000000, -0.40000000, 0.30000000, 0.05974675
0.15000000, -0.40000000, 0.25000000, 0.06237151
0.20000000, -0.40000000, 0.20000000, 0.06246391
0.25000000, -0.40000000, 0.15000000, 0.06027723
0.30000000, -0.40000000, 0.10000000, 0.05604486
0.35000000, -0.40000000, 0.05000000, 0.05012805
0.40000000, -0.40000000, 0.00000000, 0.04427352
0.40000000, -0.35000000, -0.05000000, 0.04236898
0.40000000, -0.30000000, -0.10000000, 0.03893506
0.40000000, -0.25000000, -0.15000000, 0.03537723
0.40000000, -0.20000000, -0.20000000, 0.03209957
0.40000000, -0.15000000, -0.25000000, 0.02919928
0.40000000, -0.10000000, -0.30000000, 0.02662169
0.40000000, -0.05000000, -0.35000000, 0.02416059
0.45000000, 0.00000000, -0.45000000, 0.01355323
0.39375000, 0.05625000, -0.45000000, 0.01925004
0.33750000, 0.11250000, -0.45000000, 0.02526437
0.28125000, 0.16875000, -0.45000000, 0.03115969
0.22500000, 0.22500000, -0.45000000, 0.03671285
0.16875000, 0.28125000, -0.45000000, 0.04160625
0.11250000, 0.33750000, -0.45000000, 0.04538138
0.05625000, 0.39375000, -0.45000000, 0.04691149
0.00000000, 0.45000000, -0.45000000, 0.04207517
-0.05625000, 0.45000000, -0.39375000, 0.04848444
-0.11250000, 0.45000000, -0.33750000, 0.05543569
-0.16875000, 0.45000000, -0.28125000, 0.05910315
-0.22500000, 0.45000000, -0.22500000, 0.05927761
-0.28125000, 0.45000000, -0.16875000, 0.05634906
-0.33750000, 0.45000000, -0.11250000, 0.05076614
-0.39375000, 0.45000000, -0.05625000, 0.04319296
-0.45000000, 0.45000000, 0.00000000, 0.03602094
-0.45000000, 0.39375000, 0.05625000, 0.03557305
-0.45000000, 0.33750000, 0.11250000, 0.03294798
-0.45000000, 0.28125000, 0.16875000, 0.02974444
-0.45000000, 0.22500000, 0.22500000, 0.02645875
-0.45000000, 0.16875000, 0.28125000, 0.02324222
-0.45000000, 0.11250000, 0.33750000, 0.02009401
-0.45000000, 0.05625000, 0.39375000, 0.01689021
-0.45000000, 0.00000000, 0.45000000, 0.01355323
-0.39375000, -0.05625000, 0.45000000, 0.01925004
-0.33750000, -0.11250000, 0.45000000, 0.02526437
-0.28125000, -0.16875000, 0.45000000, 0.03115969
-0.22500000, -0.22500000, 0.45000000, 0.03671285
-0.16875000, -0.28125000, 0.45000000, 0.04160625
-0.11250000, -0.33750000, 0.45000000, 0.04538138
-0.05625000, -0.39375000, 0.45000000, 0.04691149
0.00000000, -0.45000000, 0.45000000, 0.04207517
0.05625000, -0.45000000, 0.39375000, 0.04848444
0.11250000, -0.45000000, 0.33750000, 0.05543569
0.16875000, -0.45000000, 0.28125000, 0.05910315
0.22500000, -0.45000000, 0.22500000, 0.05927761
0.28125000, -0.45000000, 0.16875000, 0.05634906
0.33750000, -0.45000000, 0.11250000, 0.05076614
0.39375000, -0.45000000, 0.05625000, 0.04319296
0.45000000, -0.45000000, 0.00000000, 0.03602094
0.45000000, -0.39375000, -0.05625000, 0.03557305
0.45000000, -0.33750000, -0.11250000, 0.03294798
0.45000000, -0.28125000, -0.16875000, 0.02974444
0.45000000, -0.22500000, -0.22500000, 0.02645875
0.45000000, -0.16875000, -0.28125000, 0.02324222
0.45000000, -0.11250000, -0.33750000, 0.02009401
0.45000000, -0.05625000, -0.39375000, 0.01689021
0.50000000, 0.00000000, -0.50000000, 0.00700874
0.43750000, 0.06250000, -0.50000000, 0.01161468
0.37500000, 0.12500000, -0.50000000, 0.01679674
0.31250000, 0.18750000, -0.50000000, 0.02198327
0.25000000, 0.25000000, -0.50000000, 0.02685080
0.18750000, 0.31250000, -0.50000000, 0.03105678
0.12500000, 0.37500000, -0.50000000, 0.03416628
0.06250000, 0.43750000, -0.50000000, 0.03521232
0.00000000, 0.50000000, -0.50000000, 0.03076627
-0.06250000, 0.50000000, -0.43750000, 0.03919678
-0.12500000, 0.50000000, -0.37500000, 0.04808141
-0.18750000, 0.50000000, -0.31250000, 0.05305836
-0.25000000, 0.50000000, -0.25000000, 0.05353611
-0.31250000, 0.50000000, -0.18750000, 0.04995320
-0.37500000, 0.50000000, -0.12500000, 0.04306883
-0.43750000, 0.50000000, -0.06250000, 0.03405735
-0.50000000, 0.50000000, 0.00000000, 0.02603784
-0.50000000, 0.43750000, 0.06250000, 0.02672260
-0.50000000, 0.37500000, 0.12500000, 0.02496488
-0.50000000, 0.31250000, 0.18750000, 0.02234327
-0.50000000, 0.25000000, 0.25000000, 0.01938028
-0.50000000, 0.18750000, 0.31250000, 0.01629732
-0.50000000, 0.12500000, 0.37500000, 0.01318758
-0.50000000, 0.06250000, 0.43750000, 0.01005508
-0.50000000, 0.00000000, 0.50000000, 0.00700874
-0.43750000, -0.06250000, 0.50000000, 0.01161468
-0.37500000, -0.12500000, 0.50000000, 0.01679674
-0.31250000, -0.18750000, 0.50000000, 0.02198327
-0.25000000, -0.25000000, 0.50000000, 0.02685080
-0.18750000, -0.31250000, 0.50000000, 0.03105678
-0.12500000, -0.37500000, 0.50000000, 0.03416628
-0.06250000, -0.43750000, 0.50000000, 0.03521232
0.00000000, -0.50000000, 0.50000000, 0.03076627
0.06250000, -0.50000000, 0.43750000, 0.03919678
0.12500000, -0.50000000, 0.37500000, 0.04808141
0.18750000, -0.50000000, 0.31250000, 0.05305836
0.25000000, -0.50000000, 0.25000000, 0.05353611
0.31250000, -0.50000000, 0.18750000, 0.04995320
0.37500000, -0.50000000, 0.12500000, 0.04306883
0.43750000, -0.50000000, 0.06250000, 0.03405735
0.50000000, -0.50000000, 0.00000000, 0.02603784
0.50000000, -0.43750000, -0.06250000, 0.02672260
0.50000000, -0.37500000, -0.12500000, 0.02496488
0.50000000, -0.31250000, -0.18750000, 0.02234327
0.50000000, -0.25000000, -0.25000000, 0.01938028
0.50000000, -0.18750000, -0.31250000, 0.01629732
0.50000000, -0.12500000, -0.37500000, 0.01318758
0.50000000, -0.06250000, -0.43750000, 0.01005508
0.55000000, 0.00000000, -0.55000000, 0.00289521
0.48125000, 0.06875000, -0.55000000, 0.00589362
0.41250000, 0.13750000, -0.55000000, 0.00959821
0.34375000, 0.20625000, -0.55000000, 0.01346586
0.27500000, 0.27500000, -0.55000000, 0.01714181
0.20625000, 0.34375000, -0.55000000, 0.02029025
0.13750000, 0.41250000, -0.55000000, 0.02253451
0.06875000, 0.48125000, -0.55000000, 0.02312520
0.00000000, 0.55000000, -0.55000000, 0.01953930
-0.06875000, 0.55000000, -0.48125000, 0.02859135
-0.13750000, 0.55000000, -0.41250000, 0.03868221
-0.20625000, 0.55000000, -0.34375000, 0.04485670
-0.27500000, 0.55000000, -0.27500000, 0.04578184
-0.34375000, 0.55000000, -0.20625000, 0.04178737
-0.41250000, 0.55000000, -0.13750000, 0.03401696
-0.48125000, 0.55000000, -0.06875000, 0.02433601
-0.55000000, 0.55000000, 0.00000000, 0.01646835
-0.55000000, 0.48125000, 0.06875000, 0.01771550
-0.55000000, 0.41250000, 0.13750000, 0.01671877
-0.55000000, 0.34375000, 0.20625000, 0.01480335
-0.55000000, 0.27500000, 0.27500000, 0.01244986
-0.55000000, 0.20625000, 0.34375000, 0.00992906
-0.55000000, 0.13750000, 0.41250000, 0.00741322
-0.55000000, 0.06875000, 0.48125000, 0.00500464
-0.55000000, 0.00000000, 0.55000000, 0.00289521
-0.48125000, -0.06875000, 0.55000000, 0.00589362
-0.41250000, -0.13750000, 0.55000000, 0.00959821
-0.34375000, -0.20625000, 0.55000000, 0.01346586
-0.27500000, -0.27500000, 0.55000000, 0.01714181
-0.20625000, -0.34375000, 0.55000000, 0.02029025
-0.13750000, -0.41250000, 0.55000000, 0.02253451
-0.06875000, -0.48125000, 0.55000000, 0.02312520
0.00000000, -0.55000000, 0.55000000, 0.01953930
0.06875000, -0.55000000, 0.48125000, 0.02859135
0.13750000, -0.55000000, 0.41250000, 0.03868221
0.20625000, -0.55000000, 0.34375000, 0.04485670
0.27500000, -0.55000000, 0.27500000, 0.04578184
0.34375000, -0.55000000, 0.20625000, 0.04178737
0.41250000, -0.55000000, 0.13750000, 0.03401696
0.48125000, -0.55000000, 0.06875000, 0.02433601
0.55000000, -0.55000000, 0.00000000, 0.01646835
0.55000000, -0.48125000, -0.06875000, 0.01771550
0.55000000, -0.41250000, -0.13750000, 0.01671877
0.55000000, -0.34375000, -0.20625000, 0.01480335
0.55000000, -0.27500000, -0.27500000, 0.01244986
0.55000000, -0.20625000, -0.34375000, 0.00992906
0.55000000, -0.13750000, -0.41250000, 0.00741322
0.55000000, -0.06875000, -0.48125000, 0.00500464
0.60000000, 0.00000000, -0.60000000, 0.00091670
0.52500000, 0.07500000, -0.60000000, 0.00245464
0.45000000, 0.15000000, -0.60000000, 0.00461497
0.37500000, 0.22500000, -0.60000000, 0.00701722
0.30000000, 0.30000000, -0.60000000, 0.00936506
0.22500000, 0.37500000, -0.60000000, 0.01138018
0.15000000, 0.45000000, -0.60000000, 0.01277531
0.07500000, 0.52500000, -0.60000000, 0.01303226
0.00000000, 0.60000000, -0.60000000, 0.01052726
-0.07500000, 0.60000000, -0.52500000, 0.01854555
-0.15000000, 0.60000000, -0.45000000, 0.02861386
-0.22500000, 0.60000000, -0.37500000, 0.03547810
-0.30000000, 0.60000000, -0.30000000, 0.03685133
-0.37500000, 0.60000000, -0.22500000, 0.03278092
-0.45000000, 0.60000000, -0.15000000, 0.02481012
-0.52500000, 0.60000000, -0.07500000, 0.01553576
-0.60000000, 0.60000000, 0.00000000, 0.00890136
-0.60000000, 0.52500000, 0.07500000, 0.01016006
-0.60000000, 0.45000000, 0.15000000, 0.00971596
-0.60000000, 0.37500000, 0.22500000, 0.00849335
-0.60000000, 0.30000000, 0.30000000, 0.00688010
-0.60000000, 0.22500000, 0.37500000, 0.00514442
-0.60000000, 0.15000000, 0.45000000, 0.00348060
-0.60000000, 0.07500000, 0.52500000, 0.00201873
-0.60000000, 0.00000000, 0.60000000, 0.00091670
-0.52500000, -0.07500000, 0.60000000, 0.00245464
-0.45000000, -0.15000000, 0.60000000, 0.00461497
-0.37500000, -0.22500000, 0.60000000, 0.00701722
-0.30000000, -0.30000000, 0.60000000, 0.00936506
-0.22500000, -0.37500000, 0.60000000, 0.01138018
-0.15000000, -0.45000000, 0.60000000, 0.01277531
-0.07500000, -0.52500000, 0.60000000, 0.01303226
0.00000000, -0.60000000, 0.60000000, 0.01052726
0.07500000, -0.60000000, 0.52500000, 0.01854555
0.15000000, -0.60000000, 0.45000000, 0.02861386
0.22500000, -0.60000000, 0.37500000, 0.03547810
0.30000000, -0.60000000, 0.30000000, 0.03685133
0.37500000, -0.60000000, 0.22500000, 0.03278092
0.45000000, -0.60000000, 0.15000000, 0.02481012
0.52500000, -0.60000000, 0.07500000, 0.01553576
0.60000000, -0.60000000, 0.00000000, 0.00890136
0.60000000, -0.52500000, -0.07500000, 0.01016006
0.60000000, -0.45000000, -0.15000000, 0.00971596
0.60000000, -0.37500000, -0.22500000, 0.00849335
0.60000000, -0.30000000, -0.30000000, 0.00688010
0.60000000, -0.22500000, -0.37500000, 0.00514442
0.60000000, -0.15000000, -0.45000000, 0.00348060
0.60000000, -0.07500000, -0.52500000, 0.00201873
0.65000000, 0.00000000, -0.65000000, 0.00021764
0.56875000, 0.08125000, -0.65000000, 0.00081354
0.48750000, 0.16250000, -0.65000000, 0.00181052
0.40625000, 0.24375000, -0.65000000, 0.00301753
0.32500000, 0.32500000, -0.65000000, 0.00424673
0.24375000, 0.40625000, -0.65000000, 0.00531533
0.16250000, 0.48750000, -0.65000000, 0.00604084
0.08125000, 0.56875000, -0.65000000, 0.00611396
0.00000000, 0.65000000, -0.65000000, 0.00463873
-0.08125000, 0.65000000, -0.56875000, 0.01047279
-0.16250000, 0.65000000, -0.48750000, 0.01924145
-0.24375000, 0.65000000, -0.40625000, 0.02603122
-0.32500000, 0.65000000, -0.32500000, 0.02770431
-0.40625000, 0.65000000, -0.24375000, 0.02391252
-0.48750000, 0.65000000, -0.16250000, 0.01652040
-0.56875000, 0.65000000, -0.08125000, 0.00867034
-0.65000000, 0.65000000, 0.00000000, 0.00396364
-0.65000000, 0.56875000, 0.08125000, 0.00489455
-0.65000000, 0.48750000, 0.16250000, 0.00476900
-0.65000000, 0.40625000, 0.24375000, 0.00410808
-0.65000000, 0.32500000, 0.32500000, 0.00317858
-0.65000000, 0.24375000, 0.40625000, 0.00219458
-0.65000000, 0.16250000, 0.48750000, 0.00131356
-0.65000000, 0.08125000, 0.56875000, 0.00063037
-0.65000000, 0.00000000, 0.65000000, 0.00021764
-0.56875000, -0.08125000, 0.65000000, 0.00081354
-0.48750000, -0.16250000, 0.65000000, 0.00181052
-0.40625000, -0.24375000, 0.65000000, 0.00301753
-0.32500000, -0.32500000, 0.65000000, 0.00424673
-0.24375000, -0.40625000, 0.65000000, 0.00531533
-0.16250000, -0.48750000, 0.65000000, 0.00604084
-0.08125000, -0.56875000, 0.65000000, 0.00611396
0.00000000, -0.65000000, 0.65000000, 0.00463873
0.08125000, -0.65000000, 0.56875000, 0.01047279
0.16250000, -0.65000000, 0.48750000, 0.01924145
0.24375000, -0.65000000, 0.40625000, 0.02603122
0.32500000, -0.65000000, 0.32500000, 0.02770431
0.40625000, -0.65000000, 0.24375000, 0.02391252
0.48750000, -0.65000000, 0.16250000, 0.01652040
0.56875000, -0.65000000, 0.08125000, 0.00867034
0.65000000, -0.65000000, 0.00000000, 0.00396364
0.65000000, -0.56875000, -0.08125000, 0.00489455
0.65000000, -0.48750000, -0.16250000, 0.00476900
0.65000000, -0.40625000, -0.24375000, 0.00410808
0.65000000, -0.32500000, -0.32500000, 0.00317858
0.65000000, -0.24375000, -0.40625000, 0.00219458
0.65000000, -0.16250000, -0.48750000, 0.00131356
0.65000000, -0.08125000, -0.56875000, 0.00063037
0.70000000, 0.00000000, -0.70000000, 0.00003993
0.61250000, 0.08750000, -0.70000000, 0.00021144
0.52500000, 0.17500000, -0.70000000, 0.00056279
0.43750000, 0.26250000, -0.70000000, 0.00103089
0.35000000, 0.35000000, -0.70000000, 0.00152854
0.26250000, 0.43750000, -0.70000000, 0.00196978
0.17500000, 0.52500000, -0.70000000, 0.00226843
0.08750000, 0.61250000, -0.70000000, 0.00227524
0.00000000, 0.70000000, -0.70000000, 0.00158093
-0.08750000, 0.70000000, -0.61250000, 0.00498030
-0.17500000, 0.70000000, -0.52500000, 0.01157645
-0.26250000, 0.70000000, -0.43750000, 0.01751008
-0.35000000, 0.70000000, -0.35000000, 0.01923758
-0.43750000, 0.70000000, -0.26250000, 0.01602570
-0.52500000, 0.70000000, -0.17500000, 0.00988066
-0.61250000, 0.70000000, -0.08750000, 0.00408600
-0.70000000, 0.70000000, 0.00000000, 0.00137326
-0.70000000, 0.61250000, 0.08750000, 0.00189635
-0.70000000, 0.52500000, 0.17500000, 0.00189950
-0.70000000, 0.43750000, 0.26250000, 0.00161180
-0.70000000, 0.35000000, 0.35000000, 0.00117913
-0.70000000, 0.26250000, 0.43750000, 0.00073796
-0.70000000, 0.17500000, 0.52500000, 0.00038175
-0.70000000, 0.08750000, 0.61250000, 0.00014694
-0.70000000, 0.00000000, 0.70000000, 0.00003993
-0.61250000, -0.08750000, 0.70000000, 0.00021144
-0.52500000, -0.17500000, 0.70000000, 0.00056279
-0.43750000, -0.26250000, 0.70000000, 0.00103089
-0.35000000, -0.35000000, 0.70000000, 0.00152854
-0.26250000, -0.43750000, 0.70000000, 0.00196978
-0.17500000, -0.52500000, 0.70000000, 0.00226843
-0.08750000, -0.61250000, 0.70000000, 0.00227524
0.00000000, -0.70000000, 0.70000000, 0.00158093
0.08750000, -0.70000000, 0.61250000, 0.00498030
0.17500000, -0.70000000, 0.52500000, 0.01157645
0.26250000, -0.70000000, 0.43750000, 0.01751008
0.35000000, -0.70000000, 0.35000000, 0.01923758
0.43750000, -0.70000000, 0.26250000, 0.01602570
0.52500000, -0.70000000, 0.17500000, 0.00988066
0.61250000, -0.70000000, 0.08750000, 0.00408600
0.70000000, -0.70000000, 0.00000000, 0.00137326
0.70000000, -0.61250000, -0.08750000, 0.00189635
0.70000000, -0.52500000, -0.17500000, 0.00189950
0.70000000, -0.43750000, -0.26250000, 0.00161180
0.70000000, -0.35000000, -0.35000000, 0.00117913
0.70000000, -0.26250000, -0.43750000, 0.00073796
0.70000000, -0.17500000, -0.52500000, 0.00038175
0.70000000, -0.08750000, -0.61250000, 0.00014694
0.75000000, 0.00000000, -0.75000000, -0.00000305
0.65625000, 0.09375000, -0.75000000, 0.00004531
0.56250000, 0.18750000, -0.75000000, 0.00014146
0.46875000, 0.28125000, -0.75000000, 0.00027271
0.37500000, 0.37500000, -0.75000000, 0.00041131
0.28125000, 0.46875000, -0.75000000, 0.00053519
0.18750000, 0.56250000, -0.75000000, 0.00062290
0.09375000, 0.65625000, -0.75000000, 0.00062214
0.00000000, 0.75000000, -0.75000000, 0.00038611
-0.09375000, 0.75000000, -0.65625000, 0.00188568
-0.18750000, 0.75000000, -0.56250000, 0.00608638
-0.28125000, 0.75000000, -0.46875000, 0.01060563
-0.37500000, 0.75000000, -0.37500000, 0.01212917
-0.46875000, 0.75000000, -0.28125000, 0.00968786
-0.56250000, 0.75000000, -0.18750000, 0.00518087
-0.65625000, 0.75000000, -0.09375000, 0.00153146
-0.75000000, 0.75000000, 0.00000000, 0.00033983
-0.75000000, 0.65625000, 0.09375000, 0.00055598
-0.75000000, 0.56250000, 0.18750000, 0.00058028
-0.75000000, 0.46875000, 0.28125000, 0.00048771
-0.75000000, 0.37500000, 0.37500000, 0.00033390
-0.75000000, 0.28125000, 0.46875000, 0.00018718
-0.75000000, 0.18750000, 0.56250000, 0.00008656
-0.75000000, 0.09375000, 0.65625000, 0.00002823
-0.75000000, 0.00000000, 0.75000000, -0.00000305
-0.65625000, -0.09375000, 0.75000000, 0.00004531
-0.56250000, -0.18750000, 0.75000000, 0.00014146
-0.46875000, -0.28125000, 0.75000000, 0.00027271
-0.37500000, -0.37500000, 0.75000000, 0.00041131
-0.28125000, -0.46875000, 0.75000000, 0.00053519
-0.18750000, -0.56250000, 0.75000000, 0.00062290
-0.09375000, -0.65625000, 0.75000000, 0.00062214
0.00000000, -0.75000000, 0.75000000, 0.00038611
0.09375000, -0.75000000, 0.65625000, 0.00188568
0.18750000, -0.75000000, 0.56250000, 0.00608638
0.28125000, -0.75000000, 0.46875000, 0.01060563
0.37500000, -0.75000000, 0.37500000, 0.01212917
0.46875000, -0.75000000, 0.28125000, 0.00968786
0.56250000, -0.75000000, 0.18750000, 0.00518087
0.65625000, -0.75000000, 0.09375000, 0.00153146
0.75000000, -0.75000000, 0.00000000, 0.00033983
0.75000000, -0.65625000, -0.09375000, 0.00055598
0.75000000, -0.56250000, -0.18750000, 0.00058028
0.75000000, -0.46875000, -0.28125000, 0.00048771
0.75000000, -0.37500000, -0.37500000, 0.00033390
0.75000000, -0.28125000, -0.46875000, 0.00018718
0.75000000, -0.18750000, -0.56250000, 0.00008656
0.75000000, -0.09375000, -0.65625000, 0.00002823
0.80000000, 0.00000000, -0.80000000, -0.00000924
0.70000000, 0.10000000, -0.80000000, 0.00000654
0.60000000, 0.20000000, -0.80000000, 0.00002832
0.50000000, 0.30000000, -0.80000000, 0.00005267
0.40000000, 0.40000000, -0.80000000, 0.00007305
0.30000000, 0.50000000, -0.80000000, 0.00008992
0.20000000, 0.60000000, -0.80000000, 0.00010661
0.10000000, 0.70000000, -0.80000000, 0.00010991
0.00000000, 0.80000000, -0.80000000, 0.00005934
-0.10000000, 0.80000000, -0.70000000, 0.00051044
-0.20000000, 0.80000000, -0.60000000, 0.00269506
-0.30000000, 0.80000000, -0.50000000, 0.00561522
-0.40000000, 0.80000000, -0.40000000, 0.00674734
-0.50000000, 0.80000000, -0.30000000, 0.00512572
-0.60000000, 0.80000000, -0.20000000, 0.00229277
-0.70000000, 0.80000000, -0.10000000, 0.00040427
-0.80000000, 0.80000000, 0.00000000, 0.00005168
-0.80000000, 0.70000000, 0.10000000, 0.00011346
-0.80000000, 0.60000000, 0.20000000, 0.00012661
-0.80000000, 0.50000000, 0.30000000, 0.00010689
-0.80000000, 0.40000000, 0.40000000, 0.00006640
-0.80000000, 0.30000000, 0.50000000, 0.00003183
-0.80000000, 0.20000000, 0.60000000, 0.00001462
-0.80000000, 0.10000000, 0.70000000, 0.00000400
-0.80000000, 0.00000000, 0.80000000, -0.00000924
-0.70000000, -0.10000000, 0.80000000, 0.00000654
-0.60000000, -0.20000000, 0.80000000, 0.00002832
-0.50000000, -0.30000000, 0.80000000, 0.00005267
-0.40000000, -0.40000000, 0.80000000, 0.00007305
-0.30000000, -0.50000000, 0.80000000, 0.00008992
-0.20000000, -0.60000000, 0.80000000, 0.00010661
-0.10000000, -0.70000000, 0.80000000, 0.00010991
0.00000000, -0.80000000, 0.80000000, 0.00005934
0.10000000, -0.80000000, 0.70000000, 0.00051044
0.20000000, -0.80000000, 0.60000000, 0.00269506
0.30000000, -0.80000000, 0.50000000, 0.00561522
0.40000000, -0.80000000, 0.40000000, 0.00674734
0.50000000, -0.80000000, 0.30000000, 0.00512572
0.60000000, -0.80000000, 0.20000000, 0.00229277
0.70000000, -0.80000000, 0.10000000, 0.00040427
0.80000000, -0.80000000, 0.00000000, 0.00005168
0.80000000, -0.70000000, -0.10000000, 0.00011346
0.80000000, -0.60000000, -0.20000000, 0.00012661
0.80000000, -0.50000000, -0.30000000, 0.00010689
0.80000000, -0.40000000, -0.40000000, 0.00006640
0.80000000, -0.30000000, -0.50000000, 0.00003183
0.80000000, -0.20000000, -0.60000000, 0.00001462
0.80000000, -0.10000000, -0.70000000, 0.00000400
0.85000000, 0.00000000, -0.85000000, 0.00000579
0.74375000, 0.10625000, -0.85000000, -0.00000111
0.63750000, 0.21250000, -0.85000000, -0.00000431
0.53125000, 0.31875000, -0.85000000, -0.00000414
0.42500000, 0.42500000, -0.85000000, -0.00000307
0.31875000, 0.53125000, -0.85000000, -0.00000106
0.21250000, 0.63750000, -0.85000000, 0.00000418
0.10625000, 0.74375000, -0.85000000, 0.00000629
0.00000000, 0.85000000, -0.85000000, -0.00000616
-0.10625000, 0.85000000, -0.74375000, 0.00007218
-0.21250000, 0.85000000, -0.63750000, 0.00094239
-0.31875000, 0.85000000, -0.53125000, 0.00245996
-0.42500000, 0.85000000, -0.42500000, 0.00313804
-0.53125000, 0.85000000, -0.31875000, 0.00224544
-0.63750000, 0.85000000, -0.21250000, 0.00080156
-0.74375000, 0.85000000, -0.10625000, 0.00004988
-0.85000000, 0.85000000, 0.00000000, -0.00000292
-0.85000000, 0.74375000, 0.10625000, 0.00001065
-0.85000000, 0.63750000, 0.21250000, 0.00001649
-0.85000000, 0.53125000, 0.31875000, 0.00001272
-0.85000000, 0.42500000, 0.42500000, 0.00000273
-0.85000000, 0.31875000, 0.53125000, -0.00000491
-0.85000000, 0.21250000, 0.63750000, -0.00000622
-0.85000000, 0.10625000, 0.74375000, -0.00000218
-0.85000000, 0.00000000, 0.85000000, 0.00000579
-0.74375000, -0.10625000, 0.85000000, -0.00000111
-0.63750000, -0.21250000, 0.85000000, -0.00000431
-0.53125000, -0.31875000, 0.85000000, -0.00000414
-0.42500000, -0.42500000, 0.85000000, -0.00000307
-0.31875000, -0.53125000, 0.85000000, -0.00000106
-0.21250000, -0.63750000, 0.85000000, 0.00000418
-0.10625000, -0.74375000, 0.85000000, 0.00000629
0.00000000, -0.85000000, 0.85000000, -0.00000616
0.10625000, -0.85000000, 0.74375000, 0.00007218
0.21250000, -0.85000000, 0.63750000, 0.00094239
0.31875000, -0.85000000, 0.53125000, 0.00245996
0.42500000, -0.85000000, 0.42500000, 0.00313804
0.53125000, -0.85000000, 0.31875000, 0.00224544
0.63750000, -0.85000000, 0.21250000, 0.00080156
0.74375000, -0.85000000, 0.10625000, 0.00004988
0.85000000, -0.85000000, 0.00000000, -0.00000292
0.85000000, -0.74375000, -0.10625000, 0.00001065
0.85000000, -0.63750000, -0.21250000, 0.00001649
0.85000000, -0.53125000, -0.31875000, 0.00001272
0.85000000, -0.42500000, -0.42500000, 0.00000273
0.85000000, -0.31875000, -0.53125000, -0.00000491
0.85000000, -0.21250000, -0.63750000, -0.00000622
0.85000000, -0.10625000, -0.74375000, -0.00000218
0.90000000, 0.00000000, -0.90000000, 0.00000646
0.78750000, 0.11250000, -0.90000000, 0.00000055
0.67500000, 0.22500000, -0.90000000, -0.00000403
0.56250000, 0.33750000, -0.90000000, -0.00000615
0.45000000, 0.45000000, -0.90000000, -0.00000646
0.33750000, 0.56250000, -0.90000000, -0.00000526
0.22500000, 0.67500000, -0.90000000, -0.00000302
0.11250000, 0.78750000, -0.90000000, -0.00000271
0.00000000, 0.90000000, -0.90000000, -0.00000744
-0.11250000, 0.90000000, -0.78750000, -0.00000869
-0.22500000, 0.90000000, -0.67500000, 0.00022571
-0.33750000, 0.90000000, -0.56250000, 0.00078899
-0.45000000, 0.90000000, -0.45000000, 0.00108140
-0.56250000, 0.90000000, -0.33750000, 0.00072083
-0.67500000, 0.90000000, -0.22500000, 0.00019200
-0.78750000, 0.90000000, -0.11250000, -0.00001082
-0.90000000, 0.90000000, 0.00000000, -0.00000506
-0.90000000, 0.78750000, 0.11250000, -0.00000250
-0.90000000, 0.67500000, 0.22500000, -0.00000021
-0.90000000, 0.56250000, 0.33750000, -0.00000099
-0.90000000, 0.45000000, 0.45000000, -0.00000310
-0.90000000, 0.33750000, 0.56250000, -0.00000458
-0.90000000, 0.22500000, 0.67500000, -0.00000409
-0.90000000, 0.11250000, 0.78750000, -0.00000037
-0.90000000, 0.00000000, 0.90000000, 0.00000646
-0.78750000, -0.11250000, 0.90000000, 0.00000055
-0.67500000, -0.22500000, 0.90000000, -0.00000403
-0.56250000, -0.33750000, 0.90000000, -0.00000615
-0.45000000, -0.45000000, 0.90000000, -0.00000646
-0.33750000, -0.56250000, 0.90000000, -0.00000526
-0.22500000, -0.67500000, 0.90000000, -0.00000302
-0.11250000, -0.78750000, 0.90000000, -0.00000271
0.00000000, -0.90000000, 0.90000000, -0.00000744
0.11250000, -0.90000000, 0.78750000, -0.00000869
0.22500000, -0.90000000, 0.67500000, 0.00022571
0.33750000, -0.90000000, 0.56250000, 0.00078899
0.45000000, -0.90000000, 0.45000000, 0.00108140
0.56250000, -0.90000000, 0.33750000, 0.00072083
0.67500000, -0.90000000, 0.22500000, 0.00019200
0.78750000, -0.90000000, 0.11250000, -0.00001082
0.90000000, -0.90000000, 0.00000000, -0.00000506
0.90000000, -0.78750000, -0.11250000, -0.00000250
0.90000000, -0.67500000, -0.22500000, -0.00000021
0.90000000, -0.56250000, -0.33750000, -0.00000099
0.90000000, -0.45000000, -0.45000000, -0.00000310
0.90000000, -0.33750000, -0.56250000, -0.00000458
0.90000000, -0.22500000, -0.67500000, -0.00000409
0.90000000, -0.11250000, -0.78750000, -0.00000037
0.95000000, 0.00000000, -0.95000000, -0.00000715
0.83125000, 0.11875000, -0.95000000, -0.00000031
0.71250000, 0.23750000, -0.95000000, 0.00000499
0.59375000, 0.35625000, -0.95000000, 0.00000717
0.47500000, 0.47500000, -0.95000000, 0.00000636
0.35625000, 0.59375000, -0.95000000, 0.00000436
0.23750000, 0.71250000, -0.95000000, 0.00000287
0.11875000, 0.83125000, -0.95000000, 0.00000375
0.00000000, 0.95000000, -0.95000000, 0.00000824
-0.11875000, 0.95000000, -0.83125000, -0.00000641
-0.23750000, 0.95000000, -0.71250000, 0.00002298
-0.35625000, 0.95000000, -0.59375000, 0.00012603
-0.47500000, 0.95000000, -0.47500000, 0.00018876
-0.59375000, 0.95000000, -0.35625000, 0.00011580
-0.71250000, 0.95000000, -0.23750000, 0.00001991
-0.83125000, 0.95000000, -0.11875000, -0.00000600
-0.95000000, 0.95000000, 0.00000000, 0.00000509
-0.95000000, 0.83125000, 0.11875000, 0.00000364
-0.95000000, 0.71250000, 0.23750000, 0.00000237
-0.95000000, 0.59375000, 0.35625000, 0.00000327
-0.95000000, 0.47500000, 0.47500000, 0.00000415
-0.95000000, 0.35625000, 0.59375000, 0.00000480
-0.95000000, 0.23750000, 0.71250000, 0.00000442
-0.95000000, 0.11875000, 0.83125000, 0.00000040
-0.95000000, 0.00000000, 0.95000000, -0.00000715
-0.83125000, -0.11875000, 0.95000000, -0.00000031
-0.71250000, -0.23750000, 0.95000000, 0.00000499
-0.59375000, -0.35625000, 0.95000000, 0.00000717
-0.47500000, -0.47500000, 0.95000000, 0.00000636
-0.35625000, -0.59375000, 0.95000000, 0.00000436
-0.23750000, -0.71250000, 0.95000000, 0.00000287
-0.11875000, -0.83125000, 0.95000000, 0.00000375
0.00000000, -0.95000000, 0.95000000, 0.00000824
0.11875000, -0.95000000, 0.83125000, -0.00000641
0.23750000, -0.95000000, 0.71250000, 0.00002298
0.35625000, -0.95000000, 0.59375000, 0.00012603
0.47500000, -0.95000000, 0.47500000, 0.00018876
0.59375000, -0.95000000, 0.35625000, 0.00011580
0.71250000, -0.95000000, 0.23750000, 0.00001991
0.83125000, -0.95000000, 0.11875000, -0.00000600
0.95000000, -0.95000000, 0.00000000, 0.00000509
0.95000000, -0.83125000, -0.11875000, 0.00000364
0.95000000, -0.71250000, -0.23750000, 0.00000237
0.95000000, -0.59375000, -0.35625000, 0.00000327
0.95000000, -0.47500000, -0.47500000, 0.00000415
0.95000000, -0.35625000, -0.59375000, 0.00000480
0.95000000, -0.23750000, -0.71250000, 0.00000442
0.95000000, -0.11875000, -0.83125000, 0.00000040
1.00000000, 0.00000000, -1.00000000, 0.00000000
0.87500000, 0.12500000, -1.00000000, 0.00000000
0.75000000, 0.25000000, -1.00000000, 0.00000000
0.62500000, 0.37500000, -1.00000000, 0.00000000
0.50000000, 0.50000000, -1.00000000, 0.00000000
0.37500000, 0.62500000, -1.00000000, 0.00000000
0.25000000, 0.75000000, -1.00000000, 0.00000000
0.12500000, 0.87500000, -1.00000000, 0.00000000
0.00000000, 1.00000000, -1.00000000, 0.00000000
-0.12500000, 1.00000000, -0.87500000, 0.00000000
-0.25000000, 1.00000000, -0.75000000, 0.00000000
-0.37500000, 1.00000000, -0.62500000, 0.00000000
-0.50000000, 1.00000000, -0.50000000, 0.00000000
-0.62500000, 1.00000000, -0.37500000, 0.00000000
-0.75000000, 1.00000000, -0.25000000, 0.00000000
-0.87500000, 1.00000000, -0.12500000, 0.00000000
-1.00000000, 1.00000000, 0.00000000, 0.00000000
-1.00000000, 0.87500000, 0.12500000, 0.00000000
-1.00000000, 0.75000000, 0.25000000, 0.00000000
-1.00000000, 0.62500000, 0.37500000, 0.00000000
-1.00000000, 0.50000000, 0.50000000, 0.00000000
-1.00000000, 0.37500000, 0.62500000, 0.00000000
-1.00000000, 0.25000000, 0.75000000, 0.00000000
-1.00000000, 0.12500000, 0.87500000, 0.00000000
-1.00000000, 0.00000000, 1.00000000, 0.00000000
-0.87500000, -0.12500000, 1.00000000, 0.00000000
-0.75000000, -0.25000000, 1.00000000, 0.00000000
-0.62500000, -0.37500000, 1.00000000, 0.00000000
-0.50000000, -0.50000000, 1.00000000, 0.00000000
-0.37500000, -0.62500000, 1.00000000, 0.00000000
-0.25000000, -0.75000000, 1.00000000, 0.00000000
-0.12500000, -0.87500000, 1.00000000, 0.00000000
0.00000000, -1.00000000, 1.00000000, 0.00000000
0.12500000, -1.00000000, 0.87500000, 0.00000000
0.25000000, -1.00000000, 0.75000000, 0.00000000
0.37500000, -1.00000000, 0.62500000, 0.00000000
0.50000000, -1.00000000, 0.50000000, 0.00000000
0.62500000, -1.00000000, 0.37500000, 0.00000000
0.75000000, -1.00000000, 0.25000000, 0.00000000
0.87500000, -1.00000000, 0.12500000, 0.00000000
1.00000000, -1.00000000, 0.00000000, 0.00000000
1.00000000, -0.87500000, -0.12500000, 0.00000000
1.00000000, -0.75000000, -0.25000000, 0.00000000
1.00000000, -0.62500000, -0.37500000, 0.00000000
1.00000000, -0.50000000, -0.50000000, 0.00000000
1.00000000, -0.37500000, -0.62500000, 0.00000000
1.00000000, -0.25000000, -0.75000000, 0.00000000
1.00000000, -0.12500000, -0.87500000, 0.00000000
