0.01000000, 0.00000000, -0.01000000, 0.00730707
0.00000000, 0.01000000, -0.01000000, 0.01012625
-0.00125000, 0.01000000, -0.00875000, 0.14499959
-0.00250000, 0.01000000, -0.00750000, 0.24127857
-0.00375000, 0.01000000, -0.00625000, 0.29892567
-0.00500000, 0.01000000, -0.00500000, 0.31771779
-0.00625000, 0.01000000, -0.00375000, 0.29789710
-0.00750000, 0.01000000, -0.00250000, 0.23906326
-0.00875000, 0.01000000, -0.00125000, 0.14168069
-0.01000000, 0.01000000, 0.00000000, 0.00527672
-0.01000000, 0.00875000, 0.00125000, 0.00572965
-0.01000000, 0.00750000, 0.00250000, 0.00586749
-0.01000000, 0.00625000, 0.00375000, 0.00613353
-0.01000000, 0.00500000, 0.00500000, 0.00621109
-0.01000000, 0.00375000, 0.00625000, 0.00652049
-0.01000000, 0.00250000, 0.00750000, 0.00654909
-0.01000000, 0.00125000, 0.00875000, 0.00693099
-0.01000000, 0.00000000, 0.01000000, 0.00730707
0.00000000, -0.01000000, 0.01000000, 0.01012625
0.00125000, -0.01000000, 0.00875000, 0.14499959
0.00250000, -0.01000000, 0.00750000, 0.24127857
0.00375000, -0.01000000, 0.00625000, 0.29892567
0.00500000, -0.01000000, 0.00500000, 0.31771779
0.00625000, -0.01000000, 0.00375000, 0.29789710
0.00750000, -0.01000000, 0.00250000, 0.23906326
0.00875000, -0.01000000, 0.00125000, 0.14168069
0.01000000, -0.01000000, 0.00000000, 0.00527672
0.01000000, -0.00875000, -0.00125000, 0.00572965
0.01000000, -0.00750000, -0.00250000, 0.00586749
0.01000000, -0.00625000, -0.00375000, 0.00613353
0.01000000, -0.00500000, -0.00500000, 0.00621109
0.01000000, -0.00375000, -0.00625000, 0.00652049
0.01000000, -0.00250000, -0.00750000, 0.00654909
0.01000000, -0.00125000, -0.00875000, 0.00693099
0.02000000, 0.00000000, -0.02000000, 0.00777515
0.01750000, 0.00250000, -0.02000000, 0.00796455
0.01500000, 0.00500000, -0.02000000, 0.00856890
0.01250000, 0.00750000, -0.02000000, 0.00894735
0.01000000, 0.01000000, -0.02000000, 0.00979524
0.00750000, 0.01250000, -0.02000000, 0.01029153
0.00500000, 0.01500000, -0.02000000, 0.01089594
0.00250000, 0.01750000, -0.02000000, 0.01144424
0.00000000, 0.02000000, -0.02000000, 0.01181614
-0.00250000, 0.02000000, -0.01750000, 0.07868540
-0.00500000, 0.02000000, -0.01500000, 0.12632512
-0.00750000, 0.02000000, -0.01250000, 0.15469415
-0.01000000, 0.02000000, -0.01000000, 0.16356702
-0.01250000, 0.02000000, -0.00750000, 0.15315689
-0.01500000, 0.02000000, -0.00500000, 0.12330609
-0.01750000, 0.02000000, -0.00250000, 0.07401864
-0.02000000, 0.02000000, 0.00000000, 0.00521750
-0.02000000, 0.01750000, 0.00250000, 0.00565869
-0.02000000, 0.01500000, 0.00500000, 0.00589402
-0.02000000, 0.01250000, 0.00750000, 0.00623684
-0.02000000, 0.01000000, 0.01000000, 0.00645572
-0.02000000, 0.00750000, 0.01250000, 0.00679859
-0.02000000, 0.00500000, 0.01500000, 0.00707004
-0.02000000, 0.00250000, 0.01750000, 0.00735854
-0.02000000, 0.00000000, 0.02000000, 0.00777515
-0.01750000, -0.00250000, 0.02000000, 0.00796455
-0.01500000, -0.00500000, 0.02000000, 0.00856890
-0.01250000, -0.00750000, 0.02000000, 0.00894735
-0.01000000, -0.01000000, 0.02000000, 0.00979524
-0.00750000, -0.01250000, 0.02000000, 0.01029153
-0.00500000, -0.01500000, 0.02000000, 0.01089594
-0.00250000, -0.01750000, 0.02000000, 0.01144424
0.00000000, -0.02000000, 0.02000000, 0.01181614
0.00250000, -0.02000000, 0.01750000, 0.07868540
0.00500000, -0.02000000, 0.01500000, 0.12632512
0.00750000, -0.02000000, 0.01250000, 0.15469415
0.01000000, -0.02000000, 0.01000000, 0.16356702
0.01250000, -0.02000000, 0.00750000, 0.15315689
0.01500000, -0.02000000, 0.00500000, 0.12330609
0.01750000, -0.02000000, 0.00250000, 0.07401864
0.02000000, -0.02000000, 0.00000000, 0.00521750
0.02000000, -0.01750000, -0.00250000, 0.00565869
0.02000000, -0.01500000, -0.00500000, 0.00589402
0.02000000, -0.01250000, -0.00750000, 0.00623684
0.02000000, -0.01000000, -0.01000000, 0.00645572
0.02000000, -0.00750000, -0.01250000, 0.00679859
0.02000000, -0.00500000, -0.01500000, 0.00707004
0.02000000, -0.00250000, -0.01750000, 0.00735854
0.03000000, 0.00000000, -0.03000000, 0.00824393
0.02625000, 0.00375000, -0.03000000, 0.00852898
0.02250000, 0.00750000, -0.03000000, 0.00919902
0.01875000, 0.01125000, -0.03000000, 0.00979095
0.01500000, 0.01500000, -0.03000000, 0.01057351
0.01125000, 0.01875000, -0.03000000, 0.01142540
0.00750000, 0.02250000, -0.03000000, 0.01226573
0.00375000, 0.02625000, -0.03000000, 0.01304116
0.00000000, 0.03000000, -0.03000000, 0.01354889
-0.00375000, 0.03000000, -0.02625000, 0.05764532
-0.00750000, 0.03000000, -0.02250000, 0.08899352
-0.01125000, 0.03000000, -0.01875000, 0.10750894
-0.01500000, 0.03000000, -0.01500000, 0.11304505
-0.01875000, 0.03000000, -0.01125000, 0.10562299
-0.02250000, 0.03000000, -0.00750000, 0.08524655
-0.02625000, 0.03000000, -0.00375000, 0.05189980
-0.03000000, 0.03000000, 0.00000000, 0.00552537
-0.03000000, 0.02625000, 0.00375000, 0.00599786
-0.03000000, 0.02250000, 0.00750000, 0.00623972
-0.03000000, 0.01875000, 0.01125000, 0.00657281
-0.03000000, 0.01500000, 0.01500000, 0.00686696
-0.03000000, 0.01125000, 0.01875000, 0.00715922
-0.03000000, 0.00750000, 0.02250000, 0.00750109
-0.03000000, 0.00375000, 0.02625000, 0.00781632
-0.03000000, 0.00000000, 0.03000000, 0.00824393
-0.02625000, -0.00375000, 0.03000000, 0.00852898
-0.02250000, -0.00750000, 0.03000000, 0.00919902
-0.01875000, -0.01125000, 0.03000000, 0.00979095
-0.01500000, -0.01500000, 0.03000000, 0.01057351
-0.01125000, -0.01875000, 0.03000000, 0.01142540
-0.00750000, -0.02250000, 0.03000000, 0.01226573
-0.00375000, -0.02625000, 0.03000000, 0.01304116
0.00000000, -0.03000000, 0.03000000, 0.01354889
0.00375000, -0.03000000, 0.02625000, 0.05764532
0.00750000, -0.03000000, 0.02250000, 0.08899352
0.01125000, -0.03000000, 0.01875000, 0.10750894
0.01500000, -0.03000000, 0.01500000, 0.11304505
0.01875000, -0.03000000, 0.01125000, 0.10562299
0.02250000, -0.03000000, 0.00750000, 0.08524655
0.02625000, -0.03000000, 0.00375000, 0.05189980
0.03000000, -0.03000000, 0.00000000, 0.00552537
0.03000000, -0.02625000, -0.00375000, 0.00599786
0.03000000, -0.02250000, -0.00750000, 0.00623972
0.03000000, -0.01875000, -0.01125000, 0.00657281
0.03000000, -0.01500000, -0.01500000, 0.00686696
0.03000000, -0.01125000, -0.01875000, 0.00715922
0.03000000, -0.00750000, -0.02250000, 0.00750109
0.03000000, -0.00375000, -0.02625000, 0.00781632
0.04000000, 0.00000000, -0.04000000, 0.00866887
0.03500000, 0.00500000, -0.04000000, 0.00901364
0.03000000, 0.01000000, -0.04000000, 0.00968239
0.02500000, 0.01500000, -0.04000000, 0.01049299
0.02000000, 0.02000000, -0.04000000, 0.01143984
0.01500000, 0.02500000, -0.04000000, 0.01245981
0.01000000, 0.03000000, -0.04000000, 0.01351840
0.00500000, 0.03500000, -0.04000000, 0.01451682
0.00000000, 0.04000000, -0.04000000, 0.01522480
-0.00500000, 0.04000000, -0.03500000, 0.04790013
-0.01000000, 0.04000000, -0.03000000, 0.07112137
-0.01500000, 0.04000000, -0.02500000, 0.08465470
-0.02000000, 0.04000000, -0.02000000, 0.08844572
-0.02500000, 0.04000000, -0.01500000, 0.08247984
-0.03000000, 0.04000000, -0.01000000, 0.06675150
-0.03500000, 0.04000000, -0.00500000, 0.04126529
-0.04000000, 0.04000000, 0.00000000, 0.00599566
-0.04000000, 0.03500000, 0.00500000, 0.00646004
-0.04000000, 0.03000000, 0.01000000, 0.00673872
-0.04000000, 0.02500000, 0.01500000, 0.00700903
-0.04000000, 0.02000000, 0.02000000, 0.00727906
-0.04000000, 0.01500000, 0.02500000, 0.00756513
-0.04000000, 0.01000000, 0.03000000, 0.00787788
-0.04000000, 0.00500000, 0.03500000, 0.00823760
-0.04000000, 0.00000000, 0.04000000, 0.00866887
-0.03500000, -0.00500000, 0.04000000, 0.00901364
-0.03000000, -0.01000000, 0.04000000, 0.00968239
-0.02500000, -0.01500000, 0.04000000, 0.01049299
-0.02000000, -0.02000000, 0.04000000, 0.01143984
-0.01500000, -0.02500000, 0.04000000, 0.01245981
-0.01000000, -0.03000000, 0.04000000, 0.01351840
-0.00500000, -0.03500000, 0.04000000, 0.01451682
0.00000000, -0.04000000, 0.04000000, 0.01522480
0.00500000, -0.04000000, 0.03500000, 0.04790013
0.01000000, -0.04000000, 0.03000000, 0.07112137
0.01500000, -0.04000000, 0.02500000, 0.08465470
0.02000000, -0.04000000, 0.02000000, 0.08844572
0.02500000, -0.04000000, 0.01500000, 0.08247984
0.03000000, -0.04000000, 0.01000000, 0.06675150
0.03500000, -0.04000000, 0.00500000, 0.04126529
0.04000000, -0.04000000, 0.00000000, 0.00599566
0.04000000, -0.03500000, -0.00500000, 0.00646004
0.04000000, -0.03000000, -0.01000000, 0.00673872
0.04000000, -0.02500000, -0.01500000, 0.00700903
0.04000000, -0.02000000, -0.02000000, 0.00727906
0.04000000, -0.01500000, -0.02500000, 0.00756513
0.04000000, -0.01000000, -0.03000000, 0.00787788
0.04000000, -0.00500000, -0.03500000, 0.00823760
0.05000000, 0.00000000, -0.05000000, 0.00904091
0.04375000, 0.00625000, -0.05000000, 0.00943690
0.03750000, 0.01250000, -0.05000000, 0.01018178
0.03125000, 0.01875000, -0.05000000, 0.01112586
0.02500000, 0.02500000, -0.05000000, 0.01223785
0.01875000, 0.03125000, -0.05000000, 0.01347735
0.01250000, 0.03750000, -0.05000000, 0.01475910
0.00625000, 0.04375000, -0.05000000, 0.01599058
0.00000000, 0.05000000, -0.05000000, 0.01687633
-0.00625000, 0.05000000, -0.04375000, 0.04267867
-0.01250000, 0.05000000, -0.03750000, 0.06098008
-0.01875000, 0.05000000, -0.03125000, 0.07151241
-0.02500000, 0.05000000, -0.02500000, 0.07421645
-0.03125000, 0.05000000, -0.01875000, 0.06907286
-0.03750000, 0.05000000, -0.01250000, 0.05608403
-0.04375000, 0.05000000, -0.00625000, 0.03525466
-0.05000000, 0.05000000, 0.00000000, 0.00659246
-0.05000000, 0.04375000, 0.00625000, 0.00701889
-0.05000000, 0.03750000, 0.01250000, 0.00726156
-0.05000000, 0.03125000, 0.01875000, 0.00747918
-0.05000000, 0.02500000, 0.02500000, 0.00770991
-0.05000000, 0.01875000, 0.03125000, 0.00795999
-0.05000000, 0.01250000, 0.03750000, 0.00824109
-0.05000000, 0.00625000, 0.04375000, 0.00861307
-0.05000000, 0.00000000, 0.05000000, 0.00904091
-0.04375000, -0.00625000, 0.05000000, 0.00943690
-0.03750000, -0.01250000, 0.05000000, 0.01018178
-0.03125000, -0.01875000, 0.05000000, 0.01112586
-0.02500000, -0.02500000, 0.05000000, 0.01223785
-0.01875000, -0.03125000, 0.05000000, 0.01347735
-0.01250000, -0.03750000, 0.05000000, 0.01475910
-0.00625000, -0.04375000, 0.05000000, 0.01599058
0.00000000, -0.05000000, 0.05000000, 0.01687633
0.00625000, -0.05000000, 0.04375000, 0.04267867
0.01250000, -0.05000000, 0.03750000, 0.06098008
0.01875000, -0.05000000, 0.03125000, 0.07151241
0.02500000, -0.05000000, 0.02500000, 0.07421645
0.03125000, -0.05000000, 0.01875000, 0.06907286
0.03750000, -0.05000000, 0.01250000, 0.05608403
0.04375000, -0.05000000, 0.00625000, 0.03525466
0.05000000, -0.05000000, 0.00000000, 0.00659246
0.05000000, -0.04375000, -0.00625000, 0.00701889
0.05000000, -0.03750000, -0.01250000, 0.00726156
0.05000000, -0.03125000, -0.01875000, 0.00747918
0.05000000, -0.02500000, -0.02500000, 0.00770991
0.05000000, -0.01875000, -0.03125000, 0.00795999
0.05000000, -0.01250000, -0.03750000, 0.00824109
0.05000000, -0.00625000, -0.04375000, 0.00861307
0.06000000, 0.00000000, -0.06000000, 0.00940195
0.05250000, 0.00750000, -0.06000000, 0.00983952
0.04500000, 0.01500000, -0.06000000, 0.01066435
0.03750000, 0.02250000, -0.06000000, 0.01173829
0.03000000, 0.03000000, -0.06000000, 0.01301252
0.02250000, 0.03750000, -0.06000000, 0.01442200
0.01500000, 0.04500000, -0.06000000, 0.01591205
0.00750000, 0.05250000, -0.06000000, 0.01737759
0.00000000, 0.06000000, -0.06000000, 0.01850489
-0.00750000, 0.06000000, -0.05250000, 0.03968703
-0.01500000, 0.06000000, -0.04500000, 0.05470011
-0.02250000, 0.06000000, -0.03750000, 0.06321497
-0.03000000, 0.06000000, -0.03000000, 0.06517274
-0.03750000, 0.06000000, -0.02250000, 0.06055754
-0.04500000, 0.06000000, -0.01500000, 0.04936126
-0.05250000, 0.06000000, -0.00750000, 0.03159755
-0.06000000, 0.06000000, 0.00000000, 0.00730388
-0.06000000, 0.05250000, 0.00750000, 0.00764876
-0.06000000, 0.04500000, 0.01500000, 0.00781428
-0.06000000, 0.03750000, 0.02250000, 0.00796994
-0.06000000, 0.03000000, 0.03000000, 0.00814076
-0.06000000, 0.02250000, 0.03750000, 0.00834472
-0.06000000, 0.01500000, 0.04500000, 0.00860933
-0.06000000, 0.00750000, 0.05250000, 0.00895794
-0.06000000, 0.00000000, 0.06000000, 0.00940195
-0.05250000, -0.00750000, 0.06000000, 0.00983952
-0.04500000, -0.01500000, 0.06000000, 0.01066435
-0.03750000, -0.02250000, 0.06000000, 0.01173829
-0.03000000, -0.03000000, 0.06000000, 0.01301252
-0.02250000, -0.03750000, 0.06000000, 0.01442200
-0.01500000, -0.04500000, 0.06000000, 0.01591205
-0.00750000, -0.05250000, 0.06000000, 0.01737759
0.00000000, -0.06000000, 0.06000000, 0.01850489
0.00750000, -0.06000000, 0.05250000, 0.03968703
0.01500000, -0.06000000, 0.04500000, 0.05470011
0.02250000, -0.06000000, 0.03750000, 0.06321497
0.03000000, -0.06000000, 0.03000000, 0.06517274
0.03750000, -0.06000000, 0.02250000, 0.06055754
0.04500000, -0.06000000, 0.01500000, 0.04936126
0.05250000, -0.06000000, 0.00750000, 0.03159755
0.06000000, -0.06000000, 0.00000000, 0.00730388
0.06000000, -0.05250000, -0.00750000, 0.00764876
0.06000000, -0.04500000, -0.01500000, 0.00781428
0.06000000, -0.03750000, -0.02250000, 0.00796994
0.06000000, -0.03000000, -0.03000000, 0.00814076
0.06000000, -0.02250000, -0.03750000, 0.00834472
0.06000000, -0.01500000, -0.04500000, 0.00860933
0.06000000, -0.00750000, -0.05250000, 0.00895794
0.07000000, 0.00000000, -0.07000000, 0.00973949
0.06125000, 0.00875000, -0.07000000, 0.01022997
0.05250000, 0.01750000, -0.07000000, 0.01112336
0.04375000, 0.02625000, -0.07000000, 0.01232678
0.03500000, 0.03500000, -0.07000000, 0.01377233
0.02625000, 0.04375000, -0.07000000, 0.01538762
0.01750000, 0.05250000, -0.07000000, 0.01711341
0.00875000, 0.06125000, -0.07000000, 0.01882216
0.00000000, 0.07000000, -0.07000000, 0.02015812
-0.00875000, 0.07000000, -0.06125000, 0.03799475
-0.01750000, 0.07000000, -0.05250000, 0.05064414
-0.02625000, 0.07000000, -0.04375000, 0.05769924
-0.03500000, 0.07000000, -0.03500000, 0.05910680
-0.04375000, 0.07000000, -0.02625000, 0.05484632
-0.05250000, 0.07000000, -0.01750000, 0.04491248
-0.06125000, 0.07000000, -0.00875000, 0.02932109
-0.07000000, 0.07000000, 0.00000000, 0.00812912
-0.07000000, 0.06125000, 0.00875000, 0.00835720
-0.07000000, 0.05250000, 0.01750000, 0.00843397
-0.07000000, 0.04375000, 0.02625000, 0.00849424
-0.07000000, 0.03500000, 0.03500000, 0.00858818
-0.07000000, 0.02625000, 0.04375000, 0.00873422
-0.07000000, 0.01750000, 0.05250000, 0.00895684
-0.07000000, 0.00875000, 0.06125000, 0.00927263
-0.07000000, 0.00000000, 0.07000000, 0.00973949
-0.06125000, -0.00875000, 0.07000000, 0.01022997
-0.05250000, -0.01750000, 0.07000000, 0.01112336
-0.04375000, -0.02625000, 0.07000000, 0.01232678
-0.03500000, -0.03500000, 0.07000000, 0.01377233
-0.02625000, -0.04375000, 0.07000000, 0.01538762
-0.01750000, -0.05250000, 0.07000000, 0.01711341
-0.00875000, -0.06125000, 0.07000000, 0.01882216
0.00000000, -0.07000000, 0.07000000, 0.02015812
0.00875000, -0.07000000, 0.06125000, 0.03799475
0.01750000, -0.07000000, 0.05250000, 0.05064414
0.02625000, -0.07000000, 0.04375000, 0.05769924
0.03500000, -0.07000000, 0.03500000, 0.05910680
0.04375000, -0.07000000, 0.02625000, 0.05484632
0.05250000, -0.07000000, 0.01750000, 0.04491248
0.06125000, -0.07000000, 0.00875000, 0.02932109
0.07000000, -0.07000000, 0.00000000, 0.00812912
0.07000000, -0.06125000, -0.00875000, 0.00835720
0.07000000, -0.05250000, -0.01750000, 0.00843397
0.07000000, -0.04375000, -0.02625000, 0.00849424
0.07000000, -0.03500000, -0.03500000, 0.00858818
0.07000000, -0.02625000, -0.04375000, 0.00873422
0.07000000, -0.01750000, -0.05250000, 0.00895684
0.07000000, -0.00875000, -0.06125000, 0.00927263
0.08000000, 0.00000000, -0.08000000, 0.01007745
0.07000000, 0.01000000, -0.08000000, 0.01061169
0.06000000, 0.02000000, -0.08000000, 0.01158130
0.05000000, 0.03000000, -0.08000000, 0.01291545
0.04000000, 0.04000000, -0.08000000, 0.01453272
0.03000000, 0.05000000, -0.08000000, 0.01636869
0.02000000, 0.06000000, -0.08000000, 0.01833504
0.01000000, 0.07000000, -0.08000000, 0.02029278
0.00000000, 0.08000000, -0.08000000, 0.02183181
-0.01000000, 0.08000000, -0.07000000, 0.03714199
-0.02000000, 0.08000000, -0.06000000, 0.04799700
-0.03000000, 0.08000000, -0.05000000, 0.05394011
-0.04000000, 0.08000000, -0.04000000, 0.05492089
-0.05000000, 0.08000000, -0.03000000, 0.05091097
-0.06000000, 0.08000000, -0.02000000, 0.04191127
-0.07000000, 0.08000000, -0.01000000, 0.02793670
-0.08000000, 0.08000000, 0.00000000, 0.00906096
-0.08000000, 0.07000000, 0.01000000, 0.00914739
-0.08000000, 0.06000000, 0.02000000, 0.00910608
-0.08000000, 0.05000000, 0.03000000, 0.00904833
-0.08000000, 0.04000000, 0.04000000, 0.00905276
-0.08000000, 0.03000000, 0.05000000, 0.00912904
-0.08000000, 0.02000000, 0.06000000, 0.00929991
-0.08000000, 0.01000000, 0.07000000, 0.00959086
-0.08000000, 0.00000000, 0.08000000, 0.01007745
-0.07000000, -0.01000000, 0.08000000, 0.01061169
-0.06000000, -0.02000000, 0.08000000, 0.01158130
-0.05000000, -0.03000000, 0.08000000, 0.01291545
-0.04000000, -0.04000000, 0.08000000, 0.01453272
-0.03000000, -0.05000000, 0.08000000, 0.01636869
-0.02000000, -0.06000000, 0.08000000, 0.01833504
-0.01000000, -0.07000000, 0.08000000, 0.02029278
0.00000000, -0.08000000, 0.08000000, 0.02183181
0.01000000, -0.08000000, 0.07000000, 0.03714199
0.02000000, -0.08000000, 0.06000000, 0.04799700
0.03000000, -0.08000000, 0.05000000, 0.05394011
0.04000000, -0.08000000, 0.04000000, 0.05492089
0.05000000, -0.08000000, 0.03000000, 0.05091097
0.06000000, -0.08000000, 0.02000000, 0.04191127
0.07000000, -0.08000000, 0.01000000, 0.02793670
0.08000000, -0.08000000, 0.00000000, 0.00906096
0.08000000, -0.07000000, -0.01000000, 0.00914739
0.08000000, -0.06000000, -0.02000000, 0.00910608
0.08000000, -0.05000000, -0.03000000, 0.00904833
0.08000000, -0.04000000, -0.04000000, 0.00905276
0.08000000, -0.03000000, -0.05000000, 0.00912904
0.08000000, -0.02000000, -0.06000000, 0.00929991
0.08000000, -0.01000000, -0.07000000, 0.00959086
0.09000000, 0.00000000, -0.09000000, 0.01044349
0.07875000, 0.01125000, -0.09000000, 0.01100153
0.06750000, 0.02250000, -0.09000000, 0.01205485
0.05625000, 0.03375000, -0.09000000, 0.01352073
0.04500000, 0.04500000, -0.09000000, 0.01530716
0.03375000, 0.05625000, -0.09000000, 0.01734992
0.02250000, 0.06750000, -0.09000000, 0.01954652
0.01125000, 0.07875000, -0.09000000, 0.02175387
0.00000000, 0.09000000, -0.09000000, 0.02352097
-0.01125000, 0.09000000, -0.07875000, 0.03685642
-0.02250000, 0.09000000, -0.06750000, 0.04630081
-0.03375000, 0.09000000, -0.05625000, 0.05136753
-0.04500000, 0.09000000, -0.04500000, 0.05200606
-0.05625000, 0.09000000, -0.03375000, 0.04818410
-0.06750000, 0.09000000, -0.02250000, 0.03990198
-0.07875000, 0.09000000, -0.01125000, 0.02717578
-0.09000000, 0.09000000, 0.00000000, 0.01009714
-0.09000000, 0.07875000, 0.01125000, 0.01001416
-0.09000000, 0.06750000, 0.02250000, 0.00982037
-0.09000000, 0.05625000, 0.03375000, 0.00963141
-0.09000000, 0.04500000, 0.04500000, 0.00953419
-0.09000000, 0.03375000, 0.05625000, 0.00953343
-0.09000000, 0.02250000, 0.06750000, 0.00965757
-0.09000000, 0.01125000, 0.07875000, 0.00993485
-0.09000000, 0.00000000, 0.09000000, 0.01044349
-0.07875000, -0.01125000, 0.09000000, 0.01100153
-0.06750000, -0.02250000, 0.09000000, 0.01205485
-0.05625000, -0.03375000, 0.09000000, 0.01352073
-0.04500000, -0.04500000, 0.09000000, 0.01530716
-0.03375000, -0.05625000, 0.09000000, 0.01734992
-0.02250000, -0.06750000, 0.09000000, 0.01954652
-0.01125000, -0.07875000, 0.09000000, 0.02175387
0.00000000, -0.09000000, 0.09000000, 0.02352097
0.01125000, -0.09000000, 0.07875000, 0.03685642
0.02250000, -0.09000000, 0.06750000, 0.04630081
0.03375000, -0.09000000, 0.05625000, 0.05136753
0.04500000, -0.09000000, 0.04500000, 0.05200606
0.05625000, -0.09000000, 0.03375000, 0.04818410
0.06750000, -0.09000000, 0.02250000, 0.03990198
0.07875000, -0.09000000, 0.01125000, 0.02717578
0.09000000, -0.09000000, 0.00000000, 0.01009714
0.09000000, -0.07875000, -0.01125000, 0.01001416
0.09000000, -0.06750000, -0.02250000, 0.00982037
0.09000000, -0.05625000, -0.03375000, 0.00963141
0.09000000, -0.04500000, -0.04500000, 0.00953419
0.09000000, -0.03375000, -0.05625000, 0.00953343
0.09000000, -0.02250000, -0.06750000, 0.00965757
0.09000000, -0.01125000, -0.07875000, 0.00993485
0.10000000, 0.00000000, -0.10000000, 0.01084560
0.08750000, 0.01250000, -0.10000000, 0.01141657
0.07500000, 0.02500000, -0.10000000, 0.01255465
0.06250000, 0.03750000, -0.10000000, 0.01415218
0.05000000, 0.05000000, -0.10000000, 0.01610886
0.03750000, 0.06250000, -0.10000000, 0.01834852
0.02500000, 0.07500000, -0.10000000, 0.02077195
0.01250000, 0.08750000, -0.10000000, 0.02322949
0.00000000, 0.10000000, -0.10000000, 0.02524044
-0.01250000, 0.10000000, -0.08750000, 0.03697535
-0.02500000, 0.10000000, -0.07500000, 0.04528049
-0.03750000, 0.10000000, -0.06250000, 0.04963875
-0.05000000, 0.10000000, -0.05000000, 0.04999645
-0.06250000, 0.10000000, -0.03750000, 0.04632148
-0.07500000, 0.10000000, -0.02500000, 0.03860960
-0.08750000, 0.10000000, -0.01250000, 0.02687972
-0.10000000, 0.10000000, 0.00000000, 0.01124035
-0.10000000, 0.08750000, 0.01250000, 0.01095501
-0.10000000, 0.07500000, 0.02500000, 0.01058159
-0.10000000, 0.06250000, 0.03750000, 0.01024848
-0.10000000, 0.05000000, 0.05000000, 0.01003782
-0.10000000, 0.03750000, 0.06250000, 0.00995514
-0.10000000, 0.02500000, 0.07500000, 0.01003634
-0.10000000, 0.01250000, 0.08750000, 0.01030660
-0.10000000, 0.00000000, 0.10000000, 0.01084560
-0.08750000, -0.01250000, 0.10000000, 0.01141657
-0.07500000, -0.02500000, 0.10000000, 0.01255465
-0.06250000, -0.03750000, 0.10000000, 0.01415218
-0.05000000, -0.05000000, 0.10000000, 0.01610886
-0.03750000, -0.06250000, 0.10000000, 0.01834852
-0.02500000, -0.07500000, 0.10000000, 0.02077195
-0.01250000, -0.08750000, 0.10000000, 0.02322949
0.00000000, -0.10000000, 0.10000000, 0.02524044
0.01250000, -0.10000000, 0.08750000, 0.03697535
0.02500000, -0.10000000, 0.07500000, 0.04528049
0.03750000, -0.10000000, 0.06250000, 0.04963875
0.05000000, -0.10000000, 0.05000000, 0.04999645
0.06250000, -0.10000000, 0.03750000, 0.04632148
0.07500000, -0.10000000, 0.02500000, 0.03860960
0.08750000, -0.10000000, 0.01250000, 0.02687972
0.10000000, -0.10000000, 0.00000000, 0.01124035
0.10000000, -0.08750000, -0.01250000, 0.01095501
0.10000000, -0.07500000, -0.02500000, 0.01058159
0.10000000, -0.06250000, -0.03750000, 0.01024848
0.10000000, -0.05000000, -0.05000000, 0.01003782
0.10000000, -0.03750000, -0.06250000, 0.00995514
0.10000000, -0.02500000, -0.07500000, 0.01003634
0.10000000, -0.01250000, -0.08750000, 0.01030660
0.15000000, 0.00000000, -0.15000000, 0.01344243
0.13125000, 0.01875000, -0.15000000, 0.01411469
0.11250000, 0.03750000, -0.15000000, 0.01568300
0.09375000, 0.05625000, -0.15000000, 0.01796396
0.07500000, 0.07500000, -0.15000000, 0.02082611
0.05625000, 0.09375000, -0.15000000, 0.02414776
0.03750000, 0.11250000, -0.15000000, 0.02778632
0.01875000, 0.13125000, -0.15000000, 0.03151772
0.00000000, 0.15000000, -0.15000000, 0.03460577
-0.01875000, 0.15000000, -0.13125000, 0.04121918
-0.03750000, 0.15000000, -0.11250000, 0.04593813
-0.05625000, 0.15000000, -0.09375000, 0.04807854
-0.07500000, 0.15000000, -0.07500000, 0.04754576
-0.09375000, 0.15000000, -0.05625000, 0.04429983
-0.11250000, 0.15000000, -0.03750000, 0.03833823
-0.13125000, 0.15000000, -0.01875000, 0.02968283
-0.15000000, 0.15000000, 0.00000000, 0.01847984
-0.15000000, 0.13125000, 0.01875000, 0.01673718
-0.15000000, 0.11250000, 0.03750000, 0.01517193
-0.15000000, 0.09375000, 0.05625000, 0.01391207
-0.15000000, 0.07500000, 0.07500000, 0.01301022
-0.15000000, 0.05625000, 0.09375000, 0.01246642
-0.15000000, 0.03750000, 0.11250000, 0.01231113
-0.15000000, 0.01875000, 0.13125000, 0.01259290
-0.15000000, 0.00000000, 0.15000000, 0.01344243
-0.13125000, -0.01875000, 0.15000000, 0.01411469
-0.11250000, -0.03750000, 0.15000000, 0.01568300
-0.09375000, -0.05625000, 0.15000000, 0.01796396
-0.07500000, -0.07500000, 0.15000000, 0.02082611
-0.05625000, -0.09375000, 0.15000000, 0.02414776
-0.03750000, -0.11250000, 0.15000000, 0.02778632
-0.01875000, -0.13125000, 0.15000000, 0.03151772
0.00000000, -0.15000000, 0.15000000, 0.03460577
0.01875000, -0.15000000, 0.13125000, 0.04121918
0.03750000, -0.15000000, 0.11250000, 0.04593813
0.05625000, -0.15000000, 0.09375000, 0.04807854
0.07500000, -0.15000000, 0.07500000, 0.04754576
0.09375000, -0.15000000, 0.05625000, 0.04429983
0.11250000, -0.15000000, 0.03750000, 0.03833823
0.13125000, -0.15000000, 0.01875000, 0.02968283
0.15000000, -0.15000000, 0.00000000, 0.01847984
0.15000000, -0.13125000, -0.01875000, 0.01673718
0.15000000, -0.11250000, -0.03750000, 0.01517193
0.15000000, -0.09375000, -0.05625000, 0.01391207
0.15000000, -0.07500000, -0.07500000, 0.01301022
0.15000000, -0.05625000, -0.09375000, 0.01246642
0.15000000, -0.03750000, -0.11250000, 0.01231113
0.15000000, -0.01875000, -0.13125000, 0.01259290
0.20000000, 0.00000000, -0.20000000, 0.01713973
0.17500000, 0.02500000, -0.20000000, 0.01799208
0.15000000, 0.05000000, -0.20000000, 0.02007439
0.12500000, 0.07500000, -0.20000000, 0.02311389
0.10000000, 0.10000000, -0.20000000, 0.02693564
0.07500000, 0.12500000, -0.20000000, 0.03137250
0.05000000, 0.15000000, -0.20000000, 0.03622924
0.02500000, 0.17500000, -0.20000000, 0.04117952
0.00000000, 0.20000000, -0.20000000, 0.04507656
-0.02500000, 0.20000000, -0.17500000, 0.04871994
-0.05000000, 0.20000000, -0.15000000, 0.05144507
-0.07500000, 0.20000000, -0.12500000, 0.05235316
-0.10000000, 0.20000000, -0.10000000, 0.05131841
-0.12500000, 0.20000000, -0.07500000, 0.04829285
-0.15000000, 0.20000000, -0.05000000, 0.04326813
-0.17500000, 0.20000000, -0.02500000, 0.03627796
-0.20000000, 0.20000000, 0.00000000, 0.02749751
-0.20000000, 0.17500000, 0.02500000, 0.02377801
-0.20000000, 0.15000000, 0.05000000, 0.02069495
-0.20000000, 0.12500000, 0.07500000, 0.01833207
-0.20000000, 0.10000000, 0.10000000, 0.01665688
-0.20000000, 0.07500000, 0.12500000, 0.01565057
-0.20000000, 0.05000000, 0.15000000, 0.01533500
-0.20000000, 0.02500000, 0.17500000, 0.01577000
-0.20000000, 0.00000000, 0.20000000, 0.01713973
-0.17500000, -0.02500000, 0.20000000, 0.01799208
-0.15000000, -0.05000000, 0.20000000, 0.02007439
-0.12500000, -0.07500000, 0.20000000, 0.02311389
-0.10000000, -0.10000000, 0.20000000, 0.02693564
-0.07500000, -0.12500000, 0.20000000, 0.03137250
-0.05000000, -0.15000000, 0.20000000, 0.03622924
-0.02500000, -0.17500000, 0.20000000, 0.04117952
0.00000000, -0.20000000, 0.20000000, 0.04507656
0.02500000, -0.20000000, 0.17500000, 0.04871994
0.05000000, -0.20000000, 0.15000000, 0.05144507
0.07500000, -0.20000000, 0.12500000, 0.05235316
0.10000000, -0.20000000, 0.10000000, 0.05131841
0.12500000, -0.20000000, 0.07500000, 0.04829285
0.15000000, -0.20000000, 0.05000000, 0.04326813
0.17500000, -0.20000000, 0.02500000, 0.03627796
0.20000000, -0.20000000, 0.00000000, 0.02749751
0.20000000, -0.17500000, -0.02500000, 0.02377801
0.20000000, -0.15000000, -0.05000000, 0.02069495
0.20000000, -0.12500000, -0.07500000, 0.01833207
0.20000000, -0.10000000, -0.10000000, 0.01665688
0.20000000, -0.07500000, -0.12500000, 0.01565057
0.20000000, -0.05000000, -0.15000000, 0.01533500
0.20000000, -0.02500000, -0.17500000, 0.01577000
0.25000000, 0.00000000, -0.25000000, 0.02089497
0.21875000, 0.03125000, -0.25000000, 0.02234731
0.18750000, 0.06250000, -0.25000000, 0.02517833
0.15625000, 0.09375000, -0.25000000, 0.02912427
0.12500000, 0.12500000, -0.25000000, 0.03401086
0.09375000, 0.15625000, -0.25000000, 0.03963598
0.06250000, 0.18750000, -0.25000000, 0.04573076
0.03125000, 0.21875000, -0.25000000, 0.05177731
0.00000000, 0.25000000, -0.25000000, 0.05593373
-0.03125000, 0.25000000, -0.21875000, 0.05748672
-0.06250000, 0.25000000, -0.18750000, 0.05896268
-0.09375000, 0.25000000, -0.15625000, 0.05906872
-0.12500000, 0.25000000, -0.12500000, 0.05763600
-0.15625000, 0.25000000, -0.09375000, 0.05462463
-0.18750000, 0.25000000, -0.06250000, 0.05005059
-0.21875000, 0.25000000, -0.03125000, 0.04395847
-0.25000000, 0.25000000, 0.00000000, 0.03654753
-0.25000000, 0.21875000, 0.03125000, 0.03085553
-0.25000000, 0.18750000, 0.06250000, 0.02632530
-0.25000000, 0.15625000, 0.09375000, 0.02289407
-0.25000000, 0.12500000, 0.12500000, 0.02048860
-0.25000000, 0.09375000, 0.15625000, 0.01905478
-0.25000000, 0.06250000, 0.18750000, 0.01858971
-0.25000000, 0.03125000, 0.21875000, 0.01914215
-0.25000000, 0.00000000, 0.25000000, 0.02089497
-0.21875000, -0.03125000, 0.25000000, 0.02234731
-0.18750000, -0.06250000, 0.25000000, 0.02517833
-0.15625000, -0.09375000, 0.25000000, 0.02912427
-0.12500000, -0.12500000, 0.25000000, 0.03401086
-0.09375000, -0.15625000, 0.25000000, 0.03963598
-0.06250000, -0.18750000, 0.25000000, 0.04573076
-0.03125000, -0.21875000, 0.25000000, 0.05177731
0.00000000, -0.25000000, 0.25000000, 0.05593373
0.03125000, -0.25000000, 0.21875000, 0.05748672
0.06250000, -0.25000000, 0.18750000, 0.05896268
0.09375000, -0.25000000, 0.15625000, 0.05906872
0.12500000, -0.25000000, 0.12500000, 0.05763600
0.15625000, -0.25000000, 0.09375000, 0.05462463
0.18750000, -0.25000000, 0.06250000, 0.05005059
0.21875000, -0.25000000, 0.03125000, 0.04395847
0.25000000, -0.25000000, 0.00000000, 0.03654753
0.25000000, -0.21875000, -0.03125000, 0.03085553
0.25000000, -0.18750000, -0.06250000, 0.02632530
0.25000000, -0.15625000, -0.09375000, 0.02289407
0.25000000, -0.12500000, -0.12500000, 0.02048860
0.25000000, -0.09375000, -0.15625000, 0.01905478
0.25000000, -0.06250000, -0.18750000, 0.01858971
0.25000000, -0.03125000, -0.21875000, 0.01914215
0.30000000, 0.00000000, -0.30000000, 0.02316867
0.26250000, 0.03750000, -0.30000000, 0.02572799
0.22500000, 0.07500000, -0.30000000, 0.02961646
0.18750000, 0.11250000, -0.30000000, 0.03463694
0.15000000, 0.15000000, -0.30000000, 0.04064093
0.11250000, 0.18750000, -0.30000000, 0.04741388
0.07500000, 0.22500000, -0.30000000, 0.05460999
0.03750000, 0.26250000, -0.30000000, 0.06146977
0.00000000, 0.30000000, -0.30000000, 0.06522610
-0.03750000, 0.30000000, -0.26250000, 0.06572835
-0.07500000, 0.30000000, -0.22500000, 0.06669092
-0.11250000, 0.30000000, -0.18750000, 0.06633363
-0.15000000, 0.30000000, -0.15000000, 0.06449088
-0.18750000, 0.30000000, -0.11250000, 0.06117550
-0.22500000, 0.30000000, -0.07500000, 0.05644269
-0.26250000, 0.30000000, -0.03750000, 0.05037766
-0.30000000, 0.30000000, 0.00000000, 0.04331728
-0.30000000, 0.26250000, 0.03750000, 0.03635961
-0.30000000, 0.22500000, 0.07500000, 0.03079260
-0.30000000, 0.18750000, 0.11250000, 0.02655629
-0.30000000, 0.15000000, 0.15000000, 0.02356785
-0.30000000, 0.11250000, 0.18750000, 0.02175293
-0.30000000, 0.07500000, 0.22500000, 0.02106992
-0.30000000, 0.03750000, 0.26250000, 0.02151189
-0.30000000, 0.00000000, 0.30000000, 0.02316867
-0.26250000, -0.03750000, 0.30000000, 0.02572799
-0.22500000, -0.07500000, 0.30000000, 0.02961646
-0.18750000, -0.11250000, 0.30000000, 0.03463694
-0.15000000, -0.15000000, 0.30000000, 0.04064093
-0.11250000, -0.18750000, 0.30000000, 0.04741388
-0.07500000, -0.22500000, 0.30000000, 0.05460999
-0.03750000, -0.26250000, 0.30000000, 0.06146977
0.00000000, -0.30000000, 0.30000000, 0.06522610
0.03750000, -0.30000000, 0.26250000, 0.06572835
0.07500000, -0.30000000, 0.22500000, 0.06669092
0.11250000, -0.30000000, 0.18750000, 0.06633363
0.15000000, -0.30000000, 0.15000000, 0.06449088
0.18750000, -0.30000000, 0.11250000, 0.06117550
0.22500000, -0.30000000, 0.07500000, 0.05644269
0.26250000, -0.30000000, 0.03750000, 0.05037766
0.30000000, -0.30000000, 0.00000000, 0.04331728
0.30000000, -0.26250000, -0.03750000, 0.03635961
0.30000000, -0.22500000, -0.07500000, 0.03079260
0.30000000, -0.18750000, -0.11250000, 0.02655629
0.30000000, -0.15000000, -0.15000000, 0.02356785
0.30000000, -0.11250000, -0.18750000, 0.02175293
0.30000000, -0.07500000, -0.22500000, 0.02106992
0.30000000, -0.03750000, -0.26250000, 0.02151189
0.35000000, 0.00000000, -0.35000000, 0.02267150
0.30625000, 0.04375000, -0.35000000, 0.02668695
0.26250000, 0.08750000, -0.35000000, 0.03184050
0.21875000, 0.13125000, -0.35000000, 0.03799546
0.17500000, 0.17500000, -0.35000000, 0.04504674
0.13125000, 0.21875000, -0.35000000, 0.05276354
0.08750000, 0.26250000, -0.35000000, 0.06073846
0.04375000, 0.30625000, -0.35000000, 0.06793526
0.00000000, 0.35000000, -0.35000000, 0.07058506
-0.04375000, 0.35000000, -0.30625000, 0.07142096
-0.08750000, 0.35000000, -0.26250000, 0.07283828
-0.13125000, 0.35000000, -0.21875000, 0.07247469
-0.17500000, 0.35000000, -0.17500000, 0.07021829
-0.21875000, 0.35000000, -0.13125000, 0.06620406
-0.26250000, 0.35000000, -0.08750000, 0.06058609
-0.30625000, 0.35000000, -0.04375000, 0.05359060
-0.35000000, 0.35000000, 0.00000000, 0.04591415
-0.35000000, 0.30625000, 0.04375000, 0.03885471
-0.35000000, 0.26250000, 0.08750000, 0.03292908
-0.35000000, 0.21875000, 0.13125000, 0.02830290
-0.35000000, 0.17500000, 0.17500000, 0.02495084
-0.35000000, 0.13125000, 0.21875000, 0.02280177
-0.35000000, 0.08750000, 0.26250000, 0.02176907
-0.35000000, 0.04375000, 0.30625000, 0.02175036
-0.35000000, 0.00000000, 0.35000000, 0.02267150
-0.30625000, -0.04375000, 0.35000000, 0.02668695
-0.26250000, -0.08750000, 0.35000000, 0.03184050
-0.21875000, -0.13125000, 0.35000000, 0.03799546
-0.17500000, -0.17500000, 0.35000000, 0.04504674
-0.13125000, -0.21875000, 0.35000000, 0.05276354
-0.08750000, -0.26250000, 0.35000000, 0.06073846
-0.04375000, -0.30625000, 0.35000000, 0.06793526
0.00000000, -0.35000000, 0.35000000, 0.07058506
0.04375000, -0.35000000, 0.30625000, 0.07142096
0.08750000, -0.35000000, 0.26250000, 0.07283828
0.13125000, -0.35000000, 0.21875000, 0.07247469
0.17500000, -0.35000000, 0.17500000, 0.07021829
0.21875000, -0.35000000, 0.13125000, 0.06620406
0.26250000, -0.35000000, 0.08750000, 0.06058609
0.30625000, -0.35000000, 0.04375000, 0.05359060
0.35000000, -0.35000000, 0.00000000, 0.04591415
0.35000000, -0.30625000, -0.04375000, 0.03885471
0.35000000, -0.26250000, -0.08750000, 0.03292908
0.35000000, -0.21875000, -0.13125000, 0.02830290
0.35000000, -0.17500000, -0.17500000, 0.02495084
0.35000000, -0.13125000, -0.21875000, 0.02280177
0.35000000, -0.08750000, -0.26250000, 0.02176907
0.35000000, -0.04375000, -0.30625000, 0.02175036
0.40000000, 0.00000000, -0.40000000, 0.01919753
0.35000000, 0.05000000, -0.40000000, 0.02453599
0.30000000, 0.10000000, -0.40000000, 0.03083015
0.25000000, 0.15000000, -0.40000000, 0.03792097
0.20000000, 0.20000000, -0.40000000, 0.04572281
0.15000000, 0.25000000, -0.40000000, 0.05397679
0.10000000, 0.30000000, -0.40000000, 0.06219937
0.05000000, 0.35000000, -0.40000000, 0.06908236
0.00000000, 0.40000000, -0.40000000, 0.06997547
-0.05000000, 0.40000000, -0.35000000, 0.07273645
-0.10000000, 0.40000000, -0.30000000, 0.07573847
-0.15000000, 0.40000000, -0.25000000, 0.07597680
-0.20000000, 0.40000000, -0.20000000, 0.07339847
-0.25000000, 0.40000000, -0.15000000, 0.06833310
-0.30000000, 0.40000000, -0.10000000, 0.06116837
-0.35000000, 0.40000000, -0.05000000, 0.05244971
-0.40000000, 0.40000000, 0.00000000, 0.04352479
-0.40000000, 0.35000000, 0.05000000, 0.03758364
-0.40000000, 0.30000000, 0.10000000, 0.03205727
-0.40000000, 0.25000000, 0.15000000, 0.02751347
-0.40000000, 0.20000000, 0.20000000, 0.02406482
-0.40000000, 0.15000000, 0.25000000, 0.02166243
-0.40000000, 0.10000000, 0.30000000, 0.02018404
-0.40000000, 0.05000000, 0.35000000, 0.01943576
-0.40000000, 0.00000000, 0.40000000, 0.01919753
-0.35000000, -0.05000000, 0.40000000, 0.02453599
-0.30000000, -0.10000000, 0.40000000, 0.03083015
-0.25000000, -0.15000000, 0.40000000, 0.03792097
-0.20000000, -0.20000000, 0.40000000, 0.04572281
-0.15000000, -0.25000000, 0.40000000, 0.05397679
-0.10000000, -0.30000000, 0.40000000, 0.06219937
-0.05000000, -0.35000000, 0.40000000, 0.06908236
0.00000000, -0.40000000, 0.40000000, 0.06997547
0.05000000, -0.40000000, 0.35000000, 0.07273645
0.10000000, -0.40000000, 0.30000000, 0.07573847
0.15000000, -0.40000000, 0.25000000, 0.07597680
0.20000000, -0.40000000, 0.20000000, 0.07339847
0.25000000, -0.40000000, 0.15000000, 0.06833310
0.30000000, -0.40000000, 0.10000000, 0.06116837
0.35000000, -0.40000000, 0.05000000, 0.05244971
0.40000000, -0.40000000, 0.00000000, 0.04352479
0.40000000, -0.35000000, -0.05000000, 0.03758364
0.40000000, -0.30000000, -0.10000000, 0.03205727
0.40000000, -0.25000000, -0.15000000, 0.02751347
0.40000000, -0.20000000, -0.20000000, 0.02406482
0.40000000, -0.15000000, -0.25000000, 0.02166243
0.40000000, -0.10000000, -0.30000000, 0.02018404
0.40000000, -0.05000000, -0.35000000, 0.01943576
0.45000000, 0.00000000, -0.45000000, 0.01389255
0.39375000, 0.05625000, -0.45000000, 0.01979311
0.33750000, 0.11250000, -0.45000000, 0.02662094
0.28125000, 0.16875000, -0.45000000, 0.03408534
0.22500000, 0.22500000, -0.45000000, 0.04204926
0.16875000, 0.28125000, -0.45000000, 0.05020130
0.11250000, 0.33750000, -0.45000000, 0.05796477
0.05625000, 0.39375000, -0.45000000, 0.06383225
0.00000000, 0.45000000, -0.45000000, 0.06265517
-0.05625000, 0.45000000, -0.39375000, 0.06859306
-0.11250000, 0.45000000, -0.33750000, 0.07418419
-0.16875000, 0.45000000, -0.28125000, 0.07568864
-0.22500000, 0.45000000, -0.22500000, 0.07301366
-0.28125000, 0.45000000, -0.16875000, 0.06673605
-0.33750000, 0.45000000, -0.11250000, 0.05765964
-0.39375000, 0.45000000, -0.05625000, 0.04690074
-0.45000000, 0.45000000, 0.00000000, 0.03674370
-0.45000000, 0.39375000, 0.05625000, 0.03275040
-0.45000000, 0.33750000, 0.11250000, 0.02823292
-0.45000000, 0.28125000, 0.16875000, 0.02421073
-0.45000000, 0.22500000, 0.22500000, 0.02095638
-0.45000000, 0.16875000, 0.28125000, 0.01846797
-0.45000000, 0.11250000, 0.33750000, 0.01662141
-0.45000000, 0.05625000, 0.39375000, 0.01518280
-0.45000000, 0.00000000, 0.45000000, 0.01389255
-0.39375000, -0.05625000, 0.45000000, 0.01979311
-0.33750000, -0.11250000, 0.45000000, 0.02662094
-0.28125000, -0.16875000, 0.45000000, 0.03408534
-0.22500000, -0.22500000, 0.45000000, 0.04204926
-0.16875000, -0.28125000, 0.45000000, 0.05020130
-0.11250000, -0.33750000, 0.45000000, 0.05796477
-0.05625000, -0.39375000, 0.45000000, 0.06383225
0.00000000, -0.45000000, 0.45000000, 0.06265517
0.05625000, -0.45000000, 0.39375000, 0.06859306
0.11250000, -0.45000000, 0.33750000, 0.07418419
0.16875000, -0.45000000, 0.28125000, 0.07568864
0.22500000, -0.45000000, 0.22500000, 0.07301366
0.28125000, -0.45000000, 0.16875000, 0.06673605
0.33750000, -0.45000000, 0.11250000, 0.05765964
0.39375000, -0.45000000, 0.05625000, 0.04690074
0.45000000, -0.45000000, 0.00000000, 0.03674370
0.45000000, -0.39375000, -0.05625000, 0.03275040
0.45000000, -0.33750000, -0.11250000, 0.02823292
0.45000000, -0.28125000, -0.16875000, 0.02421073
0.45000000, -0.22500000, -0.22500000, 0.02095638
0.45000000, -0.16875000, -0.28125000, 0.01846797
0.45000000, -0.11250000, -0.33750000, 0.01662141
0.45000000, -0.05625000, -0.39375000, 0.01518280
0.50000000, 0.00000000, -0.50000000, 0.00847631
0.43750000, 0.06250000, -0.50000000, 0.01387973
0.37500000, 0.12500000, -0.50000000, 0.02031587
0.31250000, 0.18750000, -0.50000000, 0.02733264
0.25000000, 0.25000000, -0.50000000, 0.03468816
0.18750000, 0.31250000, -0.50000000, 0.04199922
0.12500000, 0.37500000, -0.50000000, 0.04860971
0.06250000, 0.43750000, -0.50000000, 0.05294693
0.00000000, 0.50000000, -0.50000000, 0.04995077
-0.06250000, 0.50000000, -0.43750000, 0.05921014
-0.12500000, 0.50000000, -0.37500000, 0.06780601
-0.18750000, 0.50000000, -0.31250000, 0.07108315
-0.25000000, 0.50000000, -0.25000000, 0.06863800
-0.31250000, 0.50000000, -0.18750000, 0.06128235
-0.37500000, 0.50000000, -0.12500000, 0.05042690
-0.43750000, 0.50000000, -0.06250000, 0.03802487
-0.50000000, 0.50000000, 0.00000000, 0.02739419
-0.50000000, 0.43750000, 0.06250000, 0.02550890
-0.50000000, 0.37500000, 0.12500000, 0.02230744
-0.50000000, 0.31250000, 0.18750000, 0.01911619
-0.50000000, 0.25000000, 0.25000000, 0.01632318
-0.50000000, 0.18750000, 0.31250000, 0.01399175
-0.50000000, 0.12500000, 0.37500000, 0.01203762
-0.50000000, 0.06250000, 0.43750000, 0.01025964
-0.50000000, 0.00000000, 0.50000000, 0.00847631
-0.43750000, -0.06250000, 0.50000000, 0.01387973
-0.37500000, -0.12500000, 0.50000000, 0.02031587
-0.31250000, -0.18750000, 0.50000000, 0.02733264
-0.25000000, -0.25000000, 0.50000000, 0.03468816
-0.18750000, -0.31250000, 0.50000000, 0.04199922
-0.12500000, -0.37500000, 0.50000000, 0.04860971
-0.06250000, -0.43750000, 0.50000000, 0.05294693
0.00000000, -0.50000000, 0.50000000, 0.04995077
0.06250000, -0.50000000, 0.43750000, 0.05921014
0.12500000, -0.50000000, 0.37500000, 0.06780601
0.18750000, -0.50000000, 0.31250000, 0.07108315
0.25000000, -0.50000000, 0.25000000, 0.06863800
0.31250000, -0.50000000, 0.18750000, 0.06128235
0.37500000, -0.50000000, 0.12500000, 0.05042690
0.43750000, -0.50000000, 0.06250000, 0.03802487
0.50000000, -0.50000000, 0.00000000, 0.02739419
0.50000000, -0.43750000, -0.06250000, 0.02550890
0.50000000, -0.37500000, -0.12500000, 0.02230744
0.50000000, -0.31250000, -0.18750000, 0.01911619
0.50000000, -0.25000000, -0.25000000, 0.01632318
0.50000000, -0.18750000, -0.31250000, 0.01399175
0.50000000, -0.12500000, -0.37500000, 0.01203762
0.50000000, -0.06250000, -0.43750000, 0.01025964
0.55000000, 0.00000000, -0.55000000, 0.00426022
0.48125000, 0.06875000, -0.55000000, 0.00834904
0.41250000, 0.13750000, -0.55000000, 0.01354911
0.34375000, 0.20625000, -0.55000000, 0.01933510
0.27500000, 0.27500000, -0.55000000, 0.02537845
0.20625000, 0.34375000, -0.55000000, 0.03124347
0.13750000, 0.41250000, -0.55000000, 0.03624892
0.06875000, 0.48125000, -0.55000000, 0.03892424
0.00000000, 0.55000000, -0.55000000, 0.03490103
-0.06875000, 0.55000000, -0.48125000, 0.04622348
-0.13750000, 0.55000000, -0.41250000, 0.05729727
-0.20625000, 0.55000000, -0.34375000, 0.06244706
-0.27500000, 0.55000000, -0.27500000, 0.06056001
-0.34375000, 0.55000000, -0.20625000, 0.05257020
-0.41250000, 0.55000000, -0.13750000, 0.04062700
-0.48125000, 0.55000000, -0.06875000, 0.02767086
-0.55000000, 0.55000000, 0.00000000, 0.01779179
-0.55000000, 0.48125000, 0.06875000, 0.01755324
-0.55000000, 0.41250000, 0.13750000, 0.01563779
-0.55000000, 0.34375000, 0.20625000, 0.01339187
-0.55000000, 0.27500000, 0.27500000, 0.01124040
-0.55000000, 0.20625000, 0.34375000, 0.00930496
-0.55000000, 0.13750000, 0.41250000, 0.00756371
-0.55000000, 0.06875000, 0.48125000, 0.00589982
-0.55000000, 0.00000000, 0.55000000, 0.00426022
-0.48125000, -0.06875000, 0.55000000, 0.00834904
-0.41250000, -0.13750000, 0.55000000, 0.01354911
-0.34375000, -0.20625000, 0.55000000, 0.01933510
-0.27500000, -0.27500000, 0.55000000, 0.02537845
-0.20625000, -0.34375000, 0.55000000, 0.03124347
-0.13750000, -0.41250000, 0.55000000, 0.03624892
-0.06875000, -0.48125000, 0.55000000, 0.03892424
0.00000000, -0.55000000, 0.55000000, 0.03490103
0.06875000, -0.55000000, 0.48125000, 0.04622348
0.13750000, -0.55000000, 0.41250000, 0.05729727
0.20625000, -0.55000000, 0.34375000, 0.06244706
0.27500000, -0.55000000, 0.27500000, 0.06056001
0.34375000, -0.55000000, 0.20625000, 0.05257020
0.41250000, -0.55000000, 0.13750000, 0.04062700
0.48125000, -0.55000000, 0.06875000, 0.02767086
0.55000000, -0.55000000, 0.00000000, 0.01779179
0.55000000, -0.48125000, -0.06875000, 0.01755324
0.55000000, -0.41250000, -0.13750000, 0.01563779
0.55000000, -0.34375000, -0.20625000, 0.01339187
0.55000000, -0.27500000, -0.27500000, 0.01124040
0.55000000, -0.20625000, -0.34375000, 0.00930496
0.55000000, -0.13750000, -0.41250000, 0.00756371
0.55000000, -0.06875000, -0.48125000, 0.00589982
0.60000000, 0.00000000, -0.60000000, 0.00169159
0.52500000, 0.07500000, -0.60000000, 0.00421967
0.45000000, 0.15000000, -0.60000000, 0.00776690
0.37500000, 0.22500000, -0.60000000, 0.01187621
0.30000000, 0.30000000, -0.60000000, 0.01621101
0.22500000, 0.37500000, -0.60000000, 0.02034666
0.15000000, 0.45000000, -0.60000000, 0.02365943
0.07500000, 0.52500000, -0.60000000, 0.02493891
0.00000000, 0.60000000, -0.60000000, 0.02092246
-0.07500000, 0.60000000, -0.52500000, 0.03216069
-0.15000000, 0.60000000, -0.45000000, 0.04429283
-0.22500000, 0.60000000, -0.37500000, 0.05087127
-0.30000000, 0.60000000, -0.30000000, 0.04975218
-0.37500000, 0.60000000, -0.22500000, 0.04179615
-0.45000000, 0.60000000, -0.15000000, 0.02987364
-0.52500000, 0.60000000, -0.07500000, 0.01780687
-0.60000000, 0.60000000, 0.00000000, 0.00984634
-0.60000000, 0.52500000, 0.07500000, 0.01048522
-0.60000000, 0.45000000, 0.15000000, 0.00957006
-0.60000000, 0.37500000, 0.22500000, 0.00819109
-0.60000000, 0.30000000, 0.30000000, 0.00673015
-0.60000000, 0.22500000, 0.37500000, 0.00533507
-0.60000000, 0.15000000, 0.45000000, 0.00403820
-0.60000000, 0.07500000, 0.52500000, 0.00280972
-0.60000000, 0.00000000, 0.60000000, 0.00169159
-0.52500000, -0.07500000, 0.60000000, 0.00421967
-0.45000000, -0.15000000, 0.60000000, 0.00776690
-0.37500000, -0.22500000, 0.60000000, 0.01187621
-0.30000000, -0.30000000, 0.60000000, 0.01621101
-0.22500000, -0.37500000, 0.60000000, 0.02034666
-0.15000000, -0.45000000, 0.60000000, 0.02365943
-0.07500000, -0.52500000, 0.60000000, 0.02493891
0.00000000, -0.60000000, 0.60000000, 0.02092246
0.07500000, -0.60000000, 0.52500000, 0.03216069
0.15000000, -0.60000000, 0.45000000, 0.04429283
0.22500000, -0.60000000, 0.37500000, 0.05087127
0.30000000, -0.60000000, 0.30000000, 0.04975218
0.37500000, -0.60000000, 0.22500000, 0.04179615
0.45000000, -0.60000000, 0.15000000, 0.02987364
0.52500000, -0.60000000, 0.07500000, 0.01780687
0.60000000, -0.60000000, 0.00000000, 0.00984634
0.60000000, -0.52500000, -0.07500000, 0.01048522
0.60000000, -0.45000000, -0.15000000, 0.00957006
0.60000000, -0.37500000, -0.22500000, 0.00819109
0.60000000, -0.30000000, -0.30000000, 0.00673015
0.60000000, -0.22500000, -0.37500000, 0.00533507
0.60000000, -0.15000000, -0.45000000, 0.00403820
0.60000000, -0.07500000, -0.52500000, 0.00280972
0.65000000, 0.00000000, -0.65000000, 0.00049615
0.56875000, 0.08125000, -0.65000000, 0.00174155
0.48750000, 0.16250000, -0.65000000, 0.00373458
0.40625000, 0.24375000, -0.65000000, 0.00618345
0.32500000, 0.32500000, -0.65000000, 0.00882595
0.24375000, 0.40625000, -0.65000000, 0.01132293
0.16250000, 0.48750000, -0.65000000, 0.01318815
0.08125000, 0.56875000, -0.65000000, 0.01356943
0.00000000, 0.65000000, -0.65000000, 0.01041440
-0.08125000, 0.65000000, -0.56875000, 0.01954044
-0.16250000, 0.65000000, -0.48750000, 0.03090404
-0.24375000, 0.65000000, -0.40625000, 0.03800231
-0.32500000, 0.65000000, -0.32500000, 0.03766265
-0.40625000, 0.65000000, -0.24375000, 0.03046988
-0.48750000, 0.65000000, -0.16250000, 0.01978596
-0.56875000, 0.65000000, -0.08125000, 0.00989939
-0.65000000, 0.65000000, 0.00000000, 0.00448027
-0.65000000, 0.56875000, 0.08125000, 0.00529167
-0.65000000, 0.48750000, 0.16250000, 0.00498749
-0.65000000, 0.40625000, 0.24375000, 0.00426853
-0.65000000, 0.32500000, 0.32500000, 0.00341632
-0.65000000, 0.24375000, 0.40625000, 0.00256641
-0.65000000, 0.16250000, 0.48750000, 0.00177603
-0.65000000, 0.08125000, 0.56875000, 0.00106434
-0.65000000, 0.00000000, 0.65000000, 0.00049615
-0.56875000, -0.08125000, 0.65000000, 0.00174155
-0.48750000, -0.16250000, 0.65000000, 0.00373458
-0.40625000, -0.24375000, 0.65000000, 0.00618345
-0.32500000, -0.32500000, 0.65000000, 0.00882595
-0.24375000, -0.40625000, 0.65000000, 0.01132293
-0.16250000, -0.48750000, 0.65000000, 0.01318815
-0.08125000, -0.56875000, 0.65000000, 0.01356943
0.00000000, -0.65000000, 0.65000000, 0.01041440
0.08125000, -0.65000000, 0.56875000, 0.01954044
0.16250000, -0.65000000, 0.48750000, 0.03090404
0.24375000, -0.65000000, 0.40625000, 0.03800231
0.32500000, -0.65000000, 0.32500000, 0.03766265
0.40625000, -0.65000000, 0.24375000, 0.03046988
0.48750000, -0.65000000, 0.16250000, 0.01978596
0.56875000, -0.65000000, 0.08125000, 0.00989939
0.65000000, -0.65000000, 0.00000000, 0.00448027
0.65000000, -0.56875000, -0.08125000, 0.00529167
0.65000000, -0.48750000, -0.16250000, 0.00498749
0.65000000, -0.40625000, -0.24375000, 0.00426853
0.65000000, -0.32500000, -0.32500000, 0.00341632
0.65000000, -0.24375000, -0.40625000, 0.00256641
0.65000000, -0.16250000, -0.48750000, 0.00177603
0.65000000, -0.08125000, -0.56875000, 0.00106434
0.70000000, 0.00000000, -0.70000000, 0.00010375
0.61250000, 0.08750000, -0.70000000, 0.00057379
0.52500000, 0.17500000, -0.70000000, 0.00145711
0.43750000, 0.26250000, -0.70000000, 0.00262986
0.35000000, 0.35000000, -0.70000000, 0.00394031
0.26250000, 0.43750000, -0.70000000, 0.00517611
0.17500000, 0.52500000, -0.70000000, 0.00602929
0.08750000, 0.61250000, -0.70000000, 0.00600880
0.00000000, 0.70000000, -0.70000000, 0.00407905
-0.08750000, 0.70000000, -0.61250000, 0.01005348
-0.17500000, 0.70000000, -0.52500000, 0.01909675
-0.26250000, 0.70000000, -0.43750000, 0.02562723
-0.35000000, 0.70000000, -0.35000000, 0.02588055
-0.43750000, 0.70000000, -0.26250000, 0.02005274
-0.52500000, 0.70000000, -0.17500000, 0.01157622
-0.61250000, 0.70000000, -0.08750000, 0.00457412
-0.70000000, 0.70000000, 0.00000000, 0.00158214
-0.70000000, 0.61250000, 0.08750000, 0.00216340
-0.70000000, 0.52500000, 0.17500000, 0.00212875
-0.70000000, 0.43750000, 0.26250000, 0.00182450
-0.70000000, 0.35000000, 0.35000000, 0.00141381
-0.70000000, 0.26250000, 0.43750000, 0.00099450
-0.70000000, 0.17500000, 0.52500000, 0.00061853
-0.70000000, 0.08750000, 0.61250000, 0.00030968
-0.70000000, 0.00000000, 0.70000000, 0.00010375
-0.61250000, -0.08750000, 0.70000000, 0.00057379
-0.52500000, -0.17500000, 0.70000000, 0.00145711
-0.43750000, -0.26250000, 0.70000000, 0.00262986
-0.35000000, -0.35000000, 0.70000000, 0.00394031
-0.26250000, -0.43750000, 0.70000000, 0.00517611
-0.17500000, -0.52500000, 0.70000000, 0.00602929
-0.08750000, -0.61250000, 0.70000000, 0.00600880
0.00000000, -0.70000000, 0.70000000, 0.00407905
0.08750000, -0.70000000, 0.61250000, 0.01005348
0.17500000, -0.70000000, 0.52500000, 0.01909675
0.26250000, -0.70000000, 0.43750000, 0.02562723
0.35000000, -0.70000000, 0.35000000, 0.02588055
0.43750000, -0.70000000, 0.26250000, 0.02005274
0.52500000, -0.70000000, 0.17500000, 0.01157622
0.61250000, -0.70000000, 0.08750000, 0.00457412
0.70000000, -0.70000000, 0.00000000, 0.00158214
0.70000000, -0.61250000, -0.08750000, 0.00216340
0.70000000, -0.52500000, -0.17500000, 0.00212875
0.70000000, -0.43750000, -0.26250000, 0.00182450
0.70000000, -0.35000000, -0.35000000, 0.00141381
0.70000000, -0.26250000, -0.43750000, 0.00099450
0.70000000, -0.17500000, -0.52500000, 0.00061853
0.70000000, -0.08750000, -0.61250000, 0.00030968
0.75000000, 0.00000000, -0.75000000, 0.00002420
0.65625000, 0.09375000, -0.75000000, 0.00015622
0.56250000, 0.18750000, -0.75000000, 0.00044390
0.46875000, 0.28125000, -0.75000000, 0.00086352
0.37500000, 0.37500000, -0.75000000, 0.00135474
0.28125000, 0.46875000, -0.75000000, 0.00182054
0.18750000, 0.56250000, -0.75000000, 0.00211392
0.09375000, 0.65625000, -0.75000000, 0.00201851
0.00000000, 0.75000000, -0.75000000, 0.00115096
-0.09375000, 0.75000000, -0.65625000, 0.00417342
-0.18750000, 0.75000000, -0.56250000, 0.01015880
-0.28125000, 0.75000000, -0.46875000, 0.01523091
-0.37500000, 0.75000000, -0.37500000, 0.01577374
-0.46875000, 0.75000000, -0.28125000, 0.01162998
-0.56250000, 0.75000000, -0.18750000, 0.00580803
-0.65625000, 0.75000000, -0.09375000, 0.00164080
-0.75000000, 0.75000000, 0.00000000, 0.00039627
-0.75000000, 0.65625000, 0.09375000, 0.00067199
-0.75000000, 0.56250000, 0.18750000, 0.00070025
-0.75000000, 0.46875000, 0.28125000, 0.00060331
-0.75000000, 0.37500000, 0.37500000, 0.00044905
-0.75000000, 0.28125000, 0.46875000, 0.00029265
-0.75000000, 0.18750000, 0.56250000, 0.00016540
-0.75000000, 0.09375000, 0.65625000, 0.00007522
-0.75000000, 0.00000000, 0.75000000, 0.00002420
-0.65625000, -0.09375000, 0.75000000, 0.00015622
-0.56250000, -0.18750000, 0.75000000, 0.00044390
-0.46875000, -0.28125000, 0.75000000, 0.00086352
-0.37500000, -0.37500000, 0.75000000, 0.00135474
-0.28125000, -0.46875000, 0.75000000, 0.00182054
-0.18750000, -0.56250000, 0.75000000, 0.00211392
-0.09375000, -0.65625000, 0.75000000, 0.00201851
0.00000000, -0.75000000, 0.75000000, 0.00115096
0.09375000, -0.75000000, 0.65625000, 0.00417342
0.18750000, -0.75000000, 0.56250000, 0.01015880
0.28125000, -0.75000000, 0.46875000, 0.01523091
0.37500000, -0.75000000, 0.37500000, 0.01577374
0.46875000, -0.75000000, 0.28125000, 0.01162998
0.56250000, -0.75000000, 0.18750000, 0.00580803
0.65625000, -0.75000000, 0.09375000, 0.00164080
0.75000000, -0.75000000, 0.00000000, 0.00039627
0.75000000, -0.65625000, -0.09375000, 0.00067199
0.75000000, -0.56250000, -0.18750000, 0.00070025
0.75000000, -0.46875000, -0.28125000, 0.00060331
0.75000000, -0.37500000, -0.37500000, 0.00044905
0.75000000, -0.28125000, -0.46875000, 0.00029265
0.75000000, -0.18750000, -0.56250000, 0.00016540
0.75000000, -0.09375000, -0.65625000, 0.00007522
0.80000000, 0.00000000, -0.80000000, 0.00000664
0.70000000, 0.10000000, -0.80000000, 0.00003497
0.60000000, 0.20000000, -0.80000000, 0.00009881
0.50000000, 0.30000000, -0.80000000, 0.00020064
0.40000000, 0.40000000, -0.80000000, 0.00032608
0.30000000, 0.50000000, -0.80000000, 0.00044665
0.20000000, 0.60000000, -0.80000000, 0.00051604
0.10000000, 0.70000000, -0.80000000, 0.00046734
0.00000000, 0.80000000, -0.80000000, 0.00020992
-0.10000000, 0.80000000, -0.70000000, 0.00129604
-0.20000000, 0.80000000, -0.60000000, 0.00444676
-0.30000000, 0.80000000, -0.50000000, 0.00766717
-0.40000000, 0.80000000, -0.40000000, 0.00820270
-0.50000000, 0.80000000, -0.30000000, 0.00571097
-0.60000000, 0.80000000, -0.20000000, 0.00238367
-0.70000000, 0.80000000, -0.10000000, 0.00039822
-0.80000000, 0.80000000, 0.00000000, 0.00006133
-0.80000000, 0.70000000, 0.10000000, 0.00014510
-0.80000000, 0.60000000, 0.20000000, 0.00016332
-0.80000000, 0.50000000, 0.30000000, 0.00014220
-0.80000000, 0.40000000, 0.40000000, 0.00009972
-0.80000000, 0.30000000, 0.50000000, 0.00005883
-0.80000000, 0.20000000, 0.60000000, 0.00003176
-0.80000000, 0.10000000, 0.70000000, 0.00001665
-0.80000000, 0.00000000, 0.80000000, 0.00000664
-0.70000000, -0.10000000, 0.80000000, 0.00003497
-0.60000000, -0.20000000, 0.80000000, 0.00009881
-0.50000000, -0.30000000, 0.80000000, 0.00020064
-0.40000000, -0.40000000, 0.80000000, 0.00032608
-0.30000000, -0.50000000, 0.80000000, 0.00044665
-0.20000000, -0.60000000, 0.80000000, 0.00051604
-0.10000000, -0.70000000, 0.80000000, 0.00046734
0.00000000, -0.80000000, 0.80000000, 0.00020992
0.10000000, -0.80000000, 0.70000000, 0.00129604
0.20000000, -0.80000000, 0.60000000, 0.00444676
0.30000000, -0.80000000, 0.50000000, 0.00766717
0.40000000, -0.80000000, 0.40000000, 0.00820270
0.50000000, -0.80000000, 0.30000000, 0.00571097
0.60000000, -0.80000000, 0.20000000, 0.00238367
0.70000000, -0.80000000, 0.10000000, 0.00039822
0.80000000, -0.80000000, 0.00000000, 0.00006133
0.80000000, -0.70000000, -0.10000000, 0.00014510
0.80000000, -0.60000000, -0.20000000, 0.00016332
0.80000000, -0.50000000, -0.30000000, 0.00014220
0.80000000, -0.40000000, -0.40000000, 0.00009972
0.80000000, -0.30000000, -0.50000000, 0.00005883
0.80000000, -0.20000000, -0.60000000, 0.00003176
0.80000000, -0.10000000, -0.70000000, 0.00001665
0.85000000, 0.00000000, -0.85000000, -0.00000496
0.74375000, 0.10625000, -0.85000000, -0.00000414
0.63750000, 0.21250000, -0.85000000, 0.00000747
0.53125000, 0.31875000, -0.85000000, 0.00002666
0.42500000, 0.42500000, -0.85000000, 0.00005046
0.31875000, 0.53125000, -0.85000000, 0.00007401
0.21250000, 0.63750000, -0.85000000, 0.00008908
0.10625000, 0.74375000, -0.85000000, 0.00007988
0.00000000, 0.85000000, -0.85000000, 0.00002853
-0.10625000, 0.85000000, -0.74375000, 0.00026872
-0.21250000, 0.85000000, -0.63750000, 0.00147986
-0.31875000, 0.85000000, -0.53125000, 0.00303821
-0.42500000, 0.85000000, -0.42500000, 0.00338587
-0.53125000, 0.85000000, -0.31875000, 0.00220568
-0.63750000, 0.85000000, -0.21250000, 0.00073716
-0.74375000, 0.85000000, -0.10625000, 0.00004230
-0.85000000, 0.85000000, 0.00000000, 0.00000005
-0.85000000, 0.74375000, 0.10625000, 0.00001901
-0.85000000, 0.63750000, 0.21250000, 0.00002571
-0.85000000, 0.53125000, 0.31875000, 0.00002201
-0.85000000, 0.42500000, 0.42500000, 0.00001259
-0.85000000, 0.31875000, 0.53125000, 0.00000344
-0.85000000, 0.21250000, 0.63750000, -0.00000266
-0.85000000, 0.10625000, 0.74375000, -0.00000577
-0.85000000, 0.00000000, 0.85000000, -0.00000496
-0.74375000, -0.10625000, 0.85000000, -0.00000414
-0.63750000, -0.21250000, 0.85000000, 0.00000747
-0.53125000, -0.31875000, 0.85000000, 0.00002666
-0.42500000, -0.42500000, 0.85000000, 0.00005046
-0.31875000, -0.53125000, 0.85000000, 0.00007401
-0.21250000, -0.63750000, 0.85000000, 0.00008908
-0.10625000, -0.74375000, 0.85000000, 0.00007988
0.00000000, -0.85000000, 0.85000000, 0.00002853
0.10625000, -0.85000000, 0.74375000, 0.00026872
0.21250000, -0.85000000, 0.63750000, 0.00147986
0.31875000, -0.85000000, 0.53125000, 0.00303821
0.42500000, -0.85000000, 0.42500000, 0.00338587
0.53125000, -0.85000000, 0.31875000, 0.00220568
0.63750000, -0.85000000, 0.21250000, 0.00073716
0.74375000, -0.85000000, 0.10625000, 0.00004230
0.85000000, -0.85000000, 0.00000000, 0.00000005
0.85000000, -0.74375000, -0.10625000, 0.00001901
0.85000000, -0.63750000, -0.21250000, 0.00002571
0.85000000, -0.53125000, -0.31875000, 0.00002201
0.85000000, -0.42500000, -0.42500000, 0.00001259
0.85000000, -0.31875000, -0.53125000, 0.00000344
0.85000000, -0.21250000, -0.63750000, -0.00000266
0.85000000, -0.10625000, -0.74375000, -0.00000577
0.90000000, 0.00000000, -0.90000000, -0.00000201
0.78750000, 0.11250000, -0.90000000, -0.00000491
0.67500000, 0.22500000, -0.90000000, -0.00000368
0.56250000, 0.33750000, -0.90000000, -0.00000060
0.45000000, 0.45000000, -0.90000000, 0.00000338
0.33750000, 0.56250000, -0.90000000, 0.00000773
0.22500000, 0.67500000, -0.90000000, 0.00001118
0.11250000, 0.78750000, -0.90000000, 0.00001026
0.00000000, 0.90000000, -0.90000000, -0.00000171
-0.11250000, 0.90000000, -0.78750000, 0.00002384
-0.22500000, 0.90000000, -0.67500000, 0.00031508
-0.33750000, 0.90000000, -0.56250000, 0.00080613
-0.45000000, 0.90000000, -0.45000000, 0.00094464
-0.56250000, 0.90000000, -0.33750000, 0.00056954
-0.67500000, 0.90000000, -0.22500000, 0.00014288
-0.78750000, 0.90000000, -0.11250000, -0.00000933
-0.90000000, 0.90000000, 0.00000000, -0.00000456
-0.90000000, 0.78750000, 0.11250000, -0.00000012
-0.90000000, 0.67500000, 0.22500000, 0.00000211
-0.90000000, 0.56250000, 0.33750000, 0.00000151
-0.90000000, 0.45000000, 0.45000000, -0.00000011
-0.90000000, 0.33750000, 0.56250000, -0.00000207
-0.90000000, 0.22500000, 0.67500000, -0.00000387
-0.90000000, 0.11250000, 0.78750000, -0.00000456
-0.90000000, 0.00000000, 0.90000000, -0.00000201
-0.78750000, -0.11250000, 0.90000000, -0.00000491
-0.67500000, -0.22500000, 0.90000000, -0.00000368
-0.56250000, -0.33750000, 0.90000000, -0.00000060
-0.45000000, -0.45000000, 0.90000000, 0.00000338
-0.33750000, -0.56250000, 0.90000000, 0.00000773
-0.22500000, -0.67500000, 0.90000000, 0.00001118
-0.11250000, -0.78750000, 0.90000000, 0.00001026
0.00000000, -0.90000000, 0.90000000, -0.00000171
0.11250000, -0.90000000, 0.78750000, 0.00002384
0.22500000, -0.90000000, 0.67500000, 0.00031508
0.33750000, -0.90000000, 0.56250000, 0.00080613
0.45000000, -0.90000000, 0.45000000, 0.00094464
0.56250000, -0.90000000, 0.33750000, 0.00056954
0.67500000, -0.90000000, 0.22500000, 0.00014288
0.78750000, -0.90000000, 0.11250000, -0.00000933
0.90000000, -0.90000000, 0.00000000, -0.00000456
0.90000000, -0.78750000, -0.11250000, -0.00000012
0.90000000, -0.67500000, -0.22500000, 0.00000211
0.90000000, -0.56250000, -0.33750000, 0.00000151
0.90000000, -0.45000000, -0.45000000, -0.00000011
0.90000000, -0.33750000, -0.56250000, -0.00000207
0.90000000, -0.22500000, -0.67500000, -0.00000387
0.90000000, -0.11250000, -0.78750000, -0.00000456
0.95000000, 0.00000000, -0.95000000, 0.00000273
0.83125000, 0.11875000, -0.95000000, 0.00000623
0.71250000, 0.23750000, -0.95000000, 0.00000503
0.59375000, 0.35625000, -0.95000000, 0.00000171
0.47500000, 0.47500000, -0.95000000, -0.00000267
0.35625000, 0.59375000, -0.95000000, -0.00000695
0.23750000, 0.71250000, -0.95000000, -0.00001015
0.11875000, 0.83125000, -0.95000000, -0.00001004
0.00000000, 0.95000000, -0.95000000, -0.00000256
-0.11875000, 0.95000000, -0.83125000, -0.00001038
-0.23750000, 0.95000000, -0.71250000, 0.00002252
-0.35625000, 0.95000000, -0.59375000, 0.00008537
-0.47500000, 0.95000000, -0.47500000, 0.00010657
-0.59375000, 0.95000000, -0.35625000, 0.00005862
-0.71250000, 0.95000000, -0.23750000, 0.00000775
-0.83125000, 0.95000000, -0.11875000, -0.00000613
-0.95000000, 0.95000000, 0.00000000, 0.00000434
-0.95000000, 0.83125000, 0.11875000, 0.00000099
-0.95000000, 0.71250000, 0.23750000, -0.00000052
-0.95000000, 0.59375000, 0.35625000, 0.00000003
-0.95000000, 0.47500000, 0.47500000, 0.00000091
-0.95000000, 0.35625000, 0.59375000, 0.00000239
-0.95000000, 0.23750000, 0.71250000, 0.00000444
-0.95000000, 0.11875000, 0.83125000, 0.00000540
-0.95000000, 0.00000000, 0.95000000, 0.00000273
-0.83125000, -0.11875000, 0.95000000, 0.00000623
-0.71250000, -0.23750000, 0.95000000, 0.00000503
-0.59375000, -0.35625000, 0.95000000, 0.00000171
-0.47500000, -0.47500000, 0.95000000, -0.00000267
-0.35625000, -0.59375000, 0.95000000, -0.00000695
-0.23750000, -0.71250000, 0.95000000, -0.00001015
-0.11875000, -0.83125000, 0.95000000, -0.00001004
0.00000000, -0.95000000, 0.95000000, -0.00000256
0.11875000, -0.95000000, 0.83125000, -0.00001038
0.23750000, -0.95000000, 0.71250000, 0.00002252
0.35625000, -0.95000000, 0.59375000, 0.00008537
0.47500000, -0.95000000, 0.47500000, 0.00010657
0.59375000, -0.95000000, 0.35625000, 0.00005862
0.71250000, -0.95000000, 0.23750000, 0.00000775
0.83125000, -0.95000000, 0.11875000, -0.00000613
0.95000000, -0.95000000, 0.00000000, 0.00000434
0.95000000, -0.83125000, -0.11875000, 0.00000099
0.95000000, -0.71250000, -0.23750000, -0.00000052
0.95000000, -0.59375000, -0.35625000, 0.00000003
0.95000000, -0.47500000, -0.47500000, 0.00000091
0.95000000, -0.35625000, -0.59375000, 0.00000239
0.95000000, -0.23750000, -0.71250000, 0.00000444
0.95000000, -0.11875000, -0.83125000, 0.00000540
1.00000000, 0.00000000, -1.00000000, 0.00000000
0.87500000, 0.12500000, -1.00000000, 0.00000000
0.75000000, 0.25000000, -1.00000000, 0.00000000
0.62500000, 0.37500000, -1.00000000, 0.00000000
0.50000000, 0.50000000, -1.00000000, 0.00000000
0.37500000, 0.62500000, -1.00000000, 0.00000000
0.25000000, 0.75000000, -1.00000000, 0.00000000
0.12500000, 0.87500000, -1.00000000, 0.00000000
0.00000000, 1.00000000, -1.00000000, 0.00000000
-0.12500000, 1.00000000, -0.87500000, 0.00000000
-0.25000000, 1.00000000, -0.75000000, 0.00000000
-0.37500000, 1.00000000, -0.62500000, 0.00000000
-0.50000000, 1.00000000, -0.50000000, 0.00000000
-0.62500000, 1.00000000, -0.37500000, 0.00000000
-0.75000000, 1.00000000, -0.25000000, 0.00000000
-0.87500000, 1.00000000, -0.12500000, 0.00000000
-1.00000000, 1.00000000, 0.00000000, 0.00000000
-1.00000000, 0.87500000, 0.12500000, 0.00000000
-1.00000000, 0.75000000, 0.25000000, 0.00000000
-1.00000000, 0.62500000, 0.37500000, 0.00000000
-1.00000000, 0.50000000, 0.50000000, 0.00000000
-1.00000000, 0.37500000, 0.62500000, 0.00000000
-1.00000000, 0.25000000, 0.75000000, 0.00000000
-1.00000000, 0.12500000, 0.87500000, 0.00000000
-1.00000000, 0.00000000, 1.00000000, 0.00000000
-0.87500000, -0.12500000, 1.00000000, 0.00000000
-0.75000000, -0.25000000, 1.00000000, 0.00000000
-0.62500000, -0.37500000, 1.00000000, 0.00000000
-0.50000000, -0.50000000, 1.00000000, 0.00000000
-0.37500000, -0.62500000, 1.00000000, 0.00000000
-0.25000000, -0.75000000, 1.00000000, 0.00000000
-0.12500000, -0.87500000, 1.00000000, 0.00000000
0.00000000, -1.00000000, 1.00000000, 0.00000000
0.12500000, -1.00000000, 0.87500000, 0.00000000
0.25000000, -1.00000000, 0.75000000, 0.00000000
0.37500000, -1.00000000, 0.62500000, 0.00000000
0.50000000, -1.00000000, 0.50000000, 0.00000000
0.62500000, -1.00000000, 0.37500000, 0.00000000
0.75000000, -1.00000000, 0.25000000, 0.00000000
0.87500000, -1.00000000, 0.12500000, 0.00000000
1.00000000, -1.00000000, 0.00000000, 0.00000000
1.00000000, -0.87500000, -0.12500000, 0.00000000
1.00000000, -0.75000000, -0.25000000, 0.00000000
1.00000000, -0.62500000, -0.37500000, 0.00000000
1.00000000, -0.50000000, -0.50000000, 0.00000000
1.00000000, -0.37500000, -0.62500000, 0.00000000
1.00000000, -0.25000000, -0.75000000, 0.00000000
1.00000000, -0.12500000, -0.87500000, 0.00000000
