0.01000000, 0.00000000, -0.01000000, -0.30980030
0.00000000, 0.01000000, -0.01000000, -1.04767585
-0.00125000, 0.01000000, -0.00875000, -1.14985192
-0.00250000, 0.01000000, -0.00750000, -0.82700068
-0.00375000, 0.01000000, -0.00625000, -0.38405049
-0.00500000, 0.01000000, -0.00500000, 0.12597445
-0.00625000, 0.01000000, -0.00375000, 0.61704952
-0.00750000, 0.01000000, -0.00250000, 1.00607765
-0.00875000, 0.01000000, -0.00125000, 1.23727775
-0.01000000, 0.01000000, 0.00000000, 1.00962830
-0.01000000, 0.00875000, 0.00125000, 0.72931457
-0.01000000, 0.00750000, 0.00250000, 0.61161464
-0.01000000, 0.00625000, 0.00375000, 0.53537196
-0.01000000, 0.00500000, 0.00500000, 0.46629170
-0.01000000, 0.00375000, 0.00625000, 0.41385627
-0.01000000, 0.00250000, 0.00750000, 0.35948655
-0.01000000, 0.00125000, 0.00875000, 0.32080871
-0.01000000, 0.00000000, 0.01000000, 0.28612757
0.00000000, -0.01000000, 0.01000000, 1.00962830
0.00125000, -0.01000000, 0.00875000, 1.23727775
0.00250000, -0.01000000, 0.00750000, 1.00607765
0.00375000, -0.01000000, 0.00625000, 0.61704952
0.00500000, -0.01000000, 0.00500000, 0.12597445
0.00625000, -0.01000000, 0.00375000, -0.38405049
0.00750000, -0.01000000, 0.00250000, -0.82700068
0.00875000, -0.01000000, 0.00125000, -1.14985192
0.01000000, -0.01000000, 0.00000000, -1.04767585
0.01000000, -0.00875000, -0.00125000, -0.76469326
0.01000000, -0.00750000, -0.00250000, -0.64405543
0.01000000, -0.00625000, -0.00375000, -0.56629157
0.01000000, -0.00500000, -0.00500000, -0.49452940
0.01000000, -0.00375000, -0.00625000, -0.44068888
0.01000000, -0.00250000, -0.00750000, -0.38434118
0.01000000, -0.00125000, -0.00875000, -0.34503248
0.02000000, 0.00000000, -0.02000000, -0.12380493
0.01750000, 0.00250000, -0.02000000, -0.13738078
0.01500000, 0.00500000, -0.02000000, -0.15490736
0.01250000, 0.00750000, -0.02000000, -0.17640378
0.01000000, 0.01000000, -0.02000000, -0.19948506
0.00750000, 0.01250000, -0.02000000, -0.22883540
0.00500000, 0.01500000, -0.02000000, -0.26225111
0.00250000, 0.01750000, -0.02000000, -0.31130254
0.00000000, 0.02000000, -0.02000000, -0.42700958
-0.00250000, 0.02000000, -0.01750000, -0.45858017
-0.00500000, 0.02000000, -0.01500000, -0.32904413
-0.00750000, 0.02000000, -0.01250000, -0.14101990
-0.01000000, 0.02000000, -0.01000000, 0.05996753
-0.01250000, 0.02000000, -0.00750000, 0.25126353
-0.01500000, 0.02000000, -0.00500000, 0.41143674
-0.01750000, 0.02000000, -0.00250000, 0.49431247
-0.02000000, 0.02000000, 0.00000000, 0.39852431
-0.02000000, 0.01750000, 0.00250000, 0.28474835
-0.02000000, 0.01500000, 0.00500000, 0.23761995
-0.02000000, 0.01250000, 0.00750000, 0.20588131
-0.02000000, 0.01000000, 0.01000000, 0.17840691
-0.02000000, 0.00750000, 0.01250000, 0.15666196
-0.02000000, 0.00500000, 0.01500000, 0.13657059
-0.02000000, 0.00250000, 0.01750000, 0.11993347
-0.02000000, 0.00000000, 0.02000000, 0.10674484
-0.01750000, -0.00250000, 0.02000000, 0.11993347
-0.01500000, -0.00500000, 0.02000000, 0.13657059
-0.01250000, -0.00750000, 0.02000000, 0.15666196
-0.01000000, -0.01000000, 0.02000000, 0.17840691
-0.00750000, -0.01250000, 0.02000000, 0.20588131
-0.00500000, -0.01500000, 0.02000000, 0.23761995
-0.00250000, -0.01750000, 0.02000000, 0.28474835
0.00000000, -0.02000000, 0.02000000, 0.39852431
0.00250000, -0.02000000, 0.01750000, 0.49431247
0.00500000, -0.02000000, 0.01500000, 0.41143674
0.00750000, -0.02000000, 0.01250000, 0.25126353
0.01000000, -0.02000000, 0.01000000, 0.05996753
0.01250000, -0.02000000, 0.00750000, -0.14101990
0.01500000, -0.02000000, 0.00500000, -0.32904413
0.01750000, -0.02000000, 0.00250000, -0.45858017
0.02000000, -0.02000000, 0.00000000, -0.42700958
0.02000000, -0.01750000, -0.00250000, -0.31130254
0.02000000, -0.01500000, -0.00500000, -0.26225111
0.02000000, -0.01250000, -0.00750000, -0.22883540
0.02000000, -0.01000000, -0.01000000, -0.19948506
0.02000000, -0.00750000, -0.01250000, -0.17640378
0.02000000, -0.00500000, -0.01500000, -0.15490736
0.02000000, -0.00250000, -0.01750000, -0.13738078
0.03000000, 0.00000000, -0.03000000, -0.07289533
0.02625000, 0.00375000, -0.03000000, -0.08097889
0.02250000, 0.00750000, -0.03000000, -0.09192634
0.01875000, 0.01125000, -0.03000000, -0.10545050
0.01500000, 0.01500000, -0.03000000, -0.12072995
0.01125000, 0.01875000, -0.03000000, -0.13858952
0.00750000, 0.02250000, -0.03000000, -0.16004957
0.00375000, 0.02625000, -0.03000000, -0.19118665
0.00000000, 0.03000000, -0.03000000, -0.26363853
-0.00375000, 0.03000000, -0.02625000, -0.28014326
-0.00750000, 0.03000000, -0.02250000, -0.19997656
-0.01125000, 0.03000000, -0.01875000, -0.08561301
-0.01500000, 0.03000000, -0.01500000, 0.03758275
-0.01875000, 0.03000000, -0.01125000, 0.15450071
-0.02250000, 0.03000000, -0.00750000, 0.25012189
-0.02625000, 0.03000000, -0.00375000, 0.29892445
-0.03000000, 0.03000000, 0.00000000, 0.23935208
-0.03000000, 0.02625000, 0.00375000, 0.16876085
-0.03000000, 0.02250000, 0.00750000, 0.13935366
-0.03000000, 0.01875000, 0.01125000, 0.11943983
-0.03000000, 0.01500000, 0.01500000, 0.10306845
-0.03000000, 0.01125000, 0.01875000, 0.08917048
-0.03000000, 0.00750000, 0.02250000, 0.07691393
-0.03000000, 0.00375000, 0.02625000, 0.06685018
-0.03000000, 0.00000000, 0.03000000, 0.05915136
-0.02625000, -0.00375000, 0.03000000, 0.06685018
-0.02250000, -0.00750000, 0.03000000, 0.07691393
-0.01875000, -0.01125000, 0.03000000, 0.08917048
-0.01500000, -0.01500000, 0.03000000, 0.10306845
-0.01125000, -0.01875000, 0.03000000, 0.11943983
-0.00750000, -0.02250000, 0.03000000, 0.13935366
-0.00375000, -0.02625000, 0.03000000, 0.16876085
0.00000000, -0.03000000, 0.03000000, 0.23935208
0.00375000, -0.03000000, 0.02625000, 0.29892445
0.00750000, -0.03000000, 0.02250000, 0.25012189
0.01125000, -0.03000000, 0.01875000, 0.15450071
0.01500000, -0.03000000, 0.01500000, 0.03758275
0.01875000, -0.03000000, 0.01125000, -0.08561301
0.02250000, -0.03000000, 0.00750000, -0.19997656
0.02625000, -0.03000000, 0.00375000, -0.28014326
0.03000000, -0.03000000, 0.00000000, -0.26363853
0.03000000, -0.02625000, -0.00375000, -0.19118665
0.03000000, -0.02250000, -0.00750000, -0.16004957
0.03000000, -0.01875000, -0.01125000, -0.13858952
0.03000000, -0.01500000, -0.01500000, -0.12072995
0.03000000, -0.01125000, -0.01875000, -0.10545050
0.03000000, -0.00750000, -0.02250000, -0.09192634
0.03000000, -0.00375000, -0.02625000, -0.08097889
0.04000000, 0.00000000, -0.04000000, -0.05008260
0.03500000, 0.00500000, -0.04000000, -0.05593170
0.03000000, 0.01000000, -0.04000000, -0.06415681
0.02500000, 0.01500000, -0.04000000, -0.07413340
0.02000000, 0.02000000, -0.04000000, -0.08556077
0.01500000, 0.02500000, -0.04000000, -0.09910274
0.01000000, 0.03000000, -0.04000000, -0.11551021
0.00500000, 0.03500000, -0.04000000, -0.13882740
0.00000000, 0.04000000, -0.04000000, -0.19260961
-0.00500000, 0.04000000, -0.03500000, -0.20393847
-0.01000000, 0.04000000, -0.03000000, -0.14499828
-0.01500000, 0.04000000, -0.02500000, -0.06274219
-0.02000000, 0.04000000, -0.02000000, 0.02642790
-0.02500000, 0.04000000, -0.01500000, 0.11088222
-0.03000000, 0.04000000, -0.01000000, 0.17900652
-0.03500000, 0.04000000, -0.00500000, 0.21445274
-0.04000000, 0.04000000, 0.00000000, 0.17085139
-0.04000000, 0.03500000, 0.00500000, 0.11893535
-0.04000000, 0.03000000, 0.01000000, 0.09724462
-0.04000000, 0.02500000, 0.01500000, 0.08234186
-0.04000000, 0.02000000, 0.02000000, 0.07021200
-0.04000000, 0.01500000, 0.02500000, 0.06006856
-0.04000000, 0.01000000, 0.03000000, 0.05123736
-0.04000000, 0.00500000, 0.03500000, 0.04392580
-0.04000000, 0.00000000, 0.04000000, 0.03848877
-0.03500000, -0.00500000, 0.04000000, 0.04392580
-0.03000000, -0.01000000, 0.04000000, 0.05123736
-0.02500000, -0.01500000, 0.04000000, 0.06006856
-0.02000000, -0.02000000, 0.04000000, 0.07021200
-0.01500000, -0.02500000, 0.04000000, 0.08234186
-0.01000000, -0.03000000, 0.04000000, 0.09724462
-0.00500000, -0.03500000, 0.04000000, 0.11893535
0.00000000, -0.04000000, 0.04000000, 0.17085139
0.00500000, -0.04000000, 0.03500000, 0.21445274
0.01000000, -0.04000000, 0.03000000, 0.17900652
0.01500000, -0.04000000, 0.02500000, 0.11088222
0.02000000, -0.04000000, 0.02000000, 0.02642790
0.02500000, -0.04000000, 0.01500000, -0.06274219
0.03000000, -0.04000000, 0.01000000, -0.14499828
0.03500000, -0.04000000, 0.00500000, -0.20393847
0.04000000, -0.04000000, 0.00000000, -0.19260961
0.04000000, -0.03500000, -0.00500000, -0.13882740
0.04000000, -0.03000000, -0.01000000, -0.11551021
0.04000000, -0.02500000, -0.01500000, -0.09910274
0.04000000, -0.02000000, -0.02000000, -0.08556077
0.04000000, -0.01500000, -0.02500000, -0.07413340
0.04000000, -0.01000000, -0.03000000, -0.06415681
0.04000000, -0.00500000, -0.03500000, -0.05593170
0.05000000, 0.00000000, -0.05000000, -0.03726605
0.04375000, 0.00625000, -0.05000000, -0.04181584
0.03750000, 0.01250000, -0.05000000, -0.04851610
0.03125000, 0.01875000, -0.05000000, -0.05669971
0.02500000, 0.02500000, -0.05000000, -0.06618290
0.01875000, 0.03125000, -0.05000000, -0.07731859
0.01250000, 0.03750000, -0.05000000, -0.09088030
0.00625000, 0.04375000, -0.05000000, -0.11003552
0.00000000, 0.05000000, -0.05000000, -0.15367644
-0.00625000, 0.05000000, -0.04375000, -0.16233423
-0.01250000, 0.05000000, -0.03750000, -0.11564887
-0.01875000, 0.05000000, -0.03125000, -0.05059528
-0.02500000, 0.05000000, -0.02500000, 0.01972719
-0.03125000, 0.05000000, -0.01875000, 0.08629857
-0.03750000, 0.05000000, -0.01250000, 0.14007981
-0.04375000, 0.05000000, -0.00625000, 0.16803442
-0.05000000, 0.05000000, 0.00000000, 0.13368212
-0.05000000, 0.04375000, 0.00625000, 0.09193770
-0.05000000, 0.03750000, 0.01250000, 0.07437580
-0.05000000, 0.03125000, 0.01875000, 0.06227685
-0.05000000, 0.02500000, 0.02500000, 0.05249138
-0.05000000, 0.01875000, 0.03125000, 0.04425116
-0.05000000, 0.01250000, 0.03750000, 0.03716732
-0.05000000, 0.00625000, 0.04375000, 0.03136170
-0.05000000, 0.00000000, 0.05000000, 0.02723237
-0.04375000, -0.00625000, 0.05000000, 0.03136170
-0.03750000, -0.01250000, 0.05000000, 0.03716732
-0.03125000, -0.01875000, 0.05000000, 0.04425116
-0.02500000, -0.02500000, 0.05000000, 0.05249138
-0.01875000, -0.03125000, 0.05000000, 0.06227685
-0.01250000, -0.03750000, 0.05000000, 0.07437580
-0.00625000, -0.04375000, 0.05000000, 0.09193770
0.00000000, -0.05000000, 0.05000000, 0.13368212
0.00625000, -0.05000000, 0.04375000, 0.16803442
0.01250000, -0.05000000, 0.03750000, 0.14007981
0.01875000, -0.05000000, 0.03125000, 0.08629857
0.02500000, -0.05000000, 0.02500000, 0.01972719
0.03125000, -0.05000000, 0.01875000, -0.05059528
0.03750000, -0.05000000, 0.01250000, -0.11564887
0.04375000, -0.05000000, 0.00625000, -0.16233423
0.05000000, -0.05000000, 0.00000000, -0.15367644
0.05000000, -0.04375000, -0.00625000, -0.11003552
0.05000000, -0.03750000, -0.01250000, -0.09088030
0.05000000, -0.03125000, -0.01875000, -0.07731859
0.05000000, -0.02500000, -0.02500000, -0.06618290
0.05000000, -0.01875000, -0.03125000, -0.05669971
0.05000000, -0.01250000, -0.03750000, -0.04851610
0.05000000, -0.00625000, -0.04375000, -0.04181584
0.06000000, 0.00000000, -0.06000000, -0.02931608
0.05250000, 0.00750000, -0.06000000, -0.03312510
0.04500000, 0.01500000, -0.06000000, -0.03879729
0.03750000, 0.02250000, -0.06000000, -0.04579142
0.03000000, 0.03000000, -0.06000000, -0.05391367
0.02250000, 0.03750000, -0.06000000, -0.06366511
0.01500000, 0.04500000, -0.06000000, -0.07550658
0.00750000, 0.05250000, -0.06000000, -0.09210774
0.00000000, 0.06000000, -0.06000000, -0.12953192
-0.00750000, 0.06000000, -0.05250000, -0.13711843
-0.01500000, 0.06000000, -0.04500000, -0.09810340
-0.02250000, 0.06000000, -0.03750000, -0.04378141
-0.03000000, 0.06000000, -0.03000000, 0.01526886
-0.03750000, 0.06000000, -0.02250000, 0.07119174
-0.04500000, 0.06000000, -0.01500000, 0.11617760
-0.05250000, 0.06000000, -0.00750000, 0.13969031
-0.06000000, 0.06000000, 0.00000000, 0.11086748
-0.06000000, 0.05250000, 0.00750000, 0.07534749
-0.06000000, 0.04500000, 0.01500000, 0.06032610
-0.06000000, 0.03750000, 0.02250000, 0.04993039
-0.06000000, 0.03000000, 0.03000000, 0.04151648
-0.06000000, 0.02250000, 0.03750000, 0.03458932
-0.06000000, 0.01500000, 0.04500000, 0.02865333
-0.06000000, 0.00750000, 0.05250000, 0.02384694
-0.06000000, 0.00000000, 0.06000000, 0.02046877
-0.05250000, -0.00750000, 0.06000000, 0.02384694
-0.04500000, -0.01500000, 0.06000000, 0.02865333
-0.03750000, -0.02250000, 0.06000000, 0.03458932
-0.03000000, -0.03000000, 0.06000000, 0.04151648
-0.02250000, -0.03750000, 0.06000000, 0.04993039
-0.01500000, -0.04500000, 0.06000000, 0.06032610
-0.00750000, -0.05250000, 0.06000000, 0.07534749
0.00000000, -0.06000000, 0.06000000, 0.11086748
0.00750000, -0.06000000, 0.05250000, 0.13969031
0.01500000, -0.06000000, 0.04500000, 0.11617760
0.02250000, -0.06000000, 0.03750000, 0.07119174
0.03000000, -0.06000000, 0.03000000, 0.01526886
0.03750000, -0.06000000, 0.02250000, -0.04378141
0.04500000, -0.06000000, 0.01500000, -0.09810340
0.05250000, -0.06000000, 0.00750000, -0.13711843
0.06000000, -0.06000000, 0.00000000, -0.12953192
0.06000000, -0.05250000, -0.00750000, -0.09210774
0.06000000, -0.04500000, -0.01500000, -0.07550658
0.06000000, -0.03750000, -0.02250000, -0.06366511
0.06000000, -0.03000000, -0.03000000, -0.05391367
0.06000000, -0.02250000, -0.03750000, -0.04579142
0.06000000, -0.01500000, -0.04500000, -0.03879729
0.06000000, -0.00750000, -0.05250000, -0.03312510
0.07000000, 0.00000000, -0.07000000, -0.02367666
0.06125000, 0.00875000, -0.07000000, -0.02696095
0.05250000, 0.01750000, -0.07000000, -0.03200294
0.04375000, 0.02625000, -0.07000000, -0.03824005
0.03500000, 0.03500000, -0.07000000, -0.04549937
0.02625000, 0.04375000, -0.07000000, -0.05420938
0.01750000, 0.05250000, -0.07000000, -0.06475098
0.00875000, 0.06125000, -0.07000000, -0.07947482
0.00000000, 0.07000000, -0.07000000, -0.11235790
-0.00875000, 0.07000000, -0.06125000, -0.11935920
-0.01750000, 0.07000000, -0.05250000, -0.08571597
-0.02625000, 0.07000000, -0.04375000, -0.03884954
-0.03500000, 0.07000000, -0.03500000, 0.01205979
-0.04375000, 0.07000000, -0.02625000, 0.06032232
-0.05250000, 0.07000000, -0.01750000, 0.09926908
-0.06125000, 0.07000000, -0.00875000, 0.11978485
-0.07000000, 0.07000000, 0.00000000, 0.09479658
-0.07000000, 0.06125000, 0.00875000, 0.06384034
-0.07000000, 0.05250000, 0.01750000, 0.05066869
-0.07000000, 0.04375000, 0.02625000, 0.04154008
-0.07000000, 0.03500000, 0.03500000, 0.03413855
-0.07000000, 0.02625000, 0.04375000, 0.02804558
-0.07000000, 0.01750000, 0.05250000, 0.02284091
-0.07000000, 0.00875000, 0.06125000, 0.01865051
-0.07000000, 0.00000000, 0.07000000, 0.01579858
-0.06125000, -0.00875000, 0.07000000, 0.01865051
-0.05250000, -0.01750000, 0.07000000, 0.02284091
-0.04375000, -0.02625000, 0.07000000, 0.02804558
-0.03500000, -0.03500000, 0.07000000, 0.03413855
-0.02625000, -0.04375000, 0.07000000, 0.04154008
-0.01750000, -0.05250000, 0.07000000, 0.05066869
-0.00875000, -0.06125000, 0.07000000, 0.06384034
0.00000000, -0.07000000, 0.07000000, 0.09479658
0.00875000, -0.07000000, 0.06125000, 0.11978485
0.01750000, -0.07000000, 0.05250000, 0.09926908
0.02625000, -0.07000000, 0.04375000, 0.06032232
0.03500000, -0.07000000, 0.03500000, 0.01205979
0.04375000, -0.07000000, 0.02625000, -0.03884954
0.05250000, -0.07000000, 0.01750000, -0.08571597
0.06125000, -0.07000000, 0.00875000, -0.11935920
0.07000000, -0.07000000, 0.00000000, -0.11235790
0.07000000, -0.06125000, -0.00875000, -0.07947482
0.07000000, -0.05250000, -0.01750000, -0.06475098
0.07000000, -0.04375000, -0.02625000, -0.05420938
0.07000000, -0.03500000, -0.03500000, -0.04549937
0.07000000, -0.02625000, -0.04375000, -0.03824005
0.07000000, -0.01750000, -0.05250000, -0.03200294
0.07000000, -0.00875000, -0.06125000, -0.02696095
0.08000000, 0.00000000, -0.08000000, -0.01953005
0.07000000, 0.01000000, -0.08000000, -0.02240779
0.06000000, 0.02000000, -0.08000000, -0.02700047
0.05000000, 0.03000000, -0.08000000, -0.03269472
0.04000000, 0.04000000, -0.08000000, -0.03936226
0.03000000, 0.05000000, -0.08000000, -0.04725528
0.02000000, 0.06000000, -0.08000000, -0.05681118
0.01000000, 0.07000000, -0.08000000, -0.07011565
0.00000000, 0.08000000, -0.08000000, -0.09960495
-0.01000000, 0.08000000, -0.07000000, -0.10616534
-0.02000000, 0.08000000, -0.06000000, -0.07657692
-0.03000000, 0.08000000, -0.05000000, -0.03520813
-0.04000000, 0.08000000, -0.04000000, 0.00964512
-0.05000000, 0.08000000, -0.03000000, 0.05222648
-0.06000000, 0.08000000, -0.02000000, 0.08676063
-0.07000000, 0.08000000, -0.01000000, 0.10503644
-0.08000000, 0.08000000, 0.00000000, 0.08298725
-0.08000000, 0.07000000, 0.01000000, 0.05543598
-0.08000000, 0.06000000, 0.02000000, 0.04365534
-0.08000000, 0.05000000, 0.03000000, 0.03548193
-0.08000000, 0.04000000, 0.04000000, 0.02886317
-0.08000000, 0.03000000, 0.05000000, 0.02334500
-0.08000000, 0.02000000, 0.06000000, 0.01866211
-0.08000000, 0.01000000, 0.07000000, 0.01490632
-0.08000000, 0.00000000, 0.08000000, 0.01245999
-0.07000000, -0.01000000, 0.08000000, 0.01490632
-0.06000000, -0.02000000, 0.08000000, 0.01866211
-0.05000000, -0.03000000, 0.08000000, 0.02334500
-0.04000000, -0.04000000, 0.08000000, 0.02886317
-0.03000000, -0.05000000, 0.08000000, 0.03548193
-0.02000000, -0.06000000, 0.08000000, 0.04365534
-0.01000000, -0.07000000, 0.08000000, 0.05543598
0.00000000, -0.08000000, 0.08000000, 0.08298725
0.01000000, -0.08000000, 0.07000000, 0.10503644
0.02000000, -0.08000000, 0.06000000, 0.08676063
0.03000000, -0.08000000, 0.05000000, 0.05222648
0.04000000, -0.08000000, 0.04000000, 0.00964512
0.05000000, -0.08000000, 0.03000000, -0.03520813
0.06000000, -0.08000000, 0.02000000, -0.07657692
0.07000000, -0.08000000, 0.01000000, -0.10616534
0.08000000, -0.08000000, 0.00000000, -0.09960495
0.08000000, -0.07000000, -0.01000000, -0.07011565
0.08000000, -0.06000000, -0.02000000, -0.05681118
0.08000000, -0.05000000, -0.03000000, -0.04725528
0.08000000, -0.04000000, -0.04000000, -0.03936226
0.08000000, -0.03000000, -0.05000000, -0.03269472
0.08000000, -0.02000000, -0.06000000, -0.02700047
0.08000000, -0.01000000, -0.07000000, -0.02240779
0.09000000, 0.00000000, -0.09000000, -0.01647049
0.07875000, 0.01125000, -0.09000000, -0.01905654
0.06750000, 0.02250000, -0.09000000, -0.02325378
0.05625000, 0.03375000, -0.09000000, -0.02848550
0.04500000, 0.04500000, -0.09000000, -0.03464756
0.03375000, 0.05625000, -0.09000000, -0.04193017
0.02250000, 0.06750000, -0.09000000, -0.05075663
0.01125000, 0.07875000, -0.09000000, -0.06298201
0.00000000, 0.09000000, -0.09000000, -0.08992837
-0.01125000, 0.09000000, -0.07875000, -0.09623206
-0.02250000, 0.09000000, -0.06750000, -0.06980367
-0.03375000, 0.09000000, -0.05625000, -0.03264576
-0.04500000, 0.09000000, -0.04500000, 0.00777358
-0.05625000, 0.09000000, -0.03375000, 0.04620520
-0.06750000, 0.09000000, -0.02250000, 0.07738648
-0.07875000, 0.09000000, -0.01125000, 0.09393028
-0.09000000, 0.09000000, 0.00000000, 0.07413422
-0.09000000, 0.07875000, 0.01125000, 0.04911102
-0.09000000, 0.06750000, 0.02250000, 0.03838735
-0.09000000, 0.05625000, 0.03375000, 0.03092397
-0.09000000, 0.04500000, 0.04500000, 0.02489238
-0.09000000, 0.03375000, 0.05625000, 0.01985984
-0.09000000, 0.02250000, 0.06750000, 0.01561509
-0.09000000, 0.01125000, 0.07875000, 0.01223267
-0.09000000, 0.00000000, 0.09000000, 0.01008105
-0.07875000, -0.01125000, 0.09000000, 0.01223267
-0.06750000, -0.02250000, 0.09000000, 0.01561509
-0.05625000, -0.03375000, 0.09000000, 0.01985984
-0.04500000, -0.04500000, 0.09000000, 0.02489238
-0.03375000, -0.05625000, 0.09000000, 0.03092397
-0.02250000, -0.06750000, 0.09000000, 0.03838735
-0.01125000, -0.07875000, 0.09000000, 0.04911102
0.00000000, -0.09000000, 0.09000000, 0.07413422
0.01125000, -0.09000000, 0.07875000, 0.09393028
0.02250000, -0.09000000, 0.06750000, 0.07738648
0.03375000, -0.09000000, 0.05625000, 0.04620520
0.04500000, -0.09000000, 0.04500000, 0.00777358
0.05625000, -0.09000000, 0.03375000, -0.03264576
0.06750000, -0.09000000, 0.02250000, -0.06980367
0.07875000, -0.09000000, 0.01125000, -0.09623206
0.09000000, -0.09000000, 0.00000000, -0.08992837
0.09000000, -0.07875000, -0.01125000, -0.06298201
0.09000000, -0.06750000, -0.02250000, -0.05075663
0.09000000, -0.05625000, -0.03375000, -0.04193017
0.09000000, -0.04500000, -0.04500000, -0.03464756
0.09000000, -0.03375000, -0.05625000, -0.02848550
0.09000000, -0.02250000, -0.06750000, -0.02325378
0.09000000, -0.01125000, -0.07875000, -0.01905654
0.10000000, 0.00000000, -0.10000000, -0.01412077
0.08750000, 0.01250000, -0.10000000, -0.01650225
0.07500000, 0.02500000, -0.10000000, -0.02034742
0.06250000, 0.03750000, -0.10000000, -0.02517559
0.05000000, 0.05000000, -0.10000000, -0.03087674
0.03750000, 0.06250000, -0.10000000, -0.03768198
0.02500000, 0.07500000, -0.10000000, -0.04592219
0.01250000, 0.08750000, -0.10000000, -0.05727372
0.00000000, 0.10000000, -0.10000000, -0.08218057
-0.01250000, 0.10000000, -0.08750000, -0.08839891
-0.02500000, 0.10000000, -0.07500000, -0.06451782
-0.03750000, 0.10000000, -0.06250000, -0.03071929
-0.05000000, 0.10000000, -0.05000000, 0.00628244
-0.06250000, 0.10000000, -0.03750000, 0.04151998
-0.07500000, 0.10000000, -0.02500000, 0.07004189
-0.08750000, 0.10000000, -0.01250000, 0.08520067
-0.10000000, 0.10000000, 0.00000000, 0.06712972
-0.10000000, 0.08750000, 0.01250000, 0.04411587
-0.10000000, 0.07500000, 0.02500000, 0.03424516
-0.10000000, 0.06250000, 0.03750000, 0.02735059
-0.10000000, 0.05000000, 0.05000000, 0.02177960
-0.10000000, 0.03750000, 0.06250000, 0.01718263
-0.10000000, 0.02500000, 0.07500000, 0.01331600
-0.10000000, 0.01250000, 0.08750000, 0.01026066
-0.10000000, 0.00000000, 0.10000000, 0.00831895
-0.08750000, -0.01250000, 0.10000000, 0.01026066
-0.07500000, -0.02500000, 0.10000000, 0.01331600
-0.06250000, -0.03750000, 0.10000000, 0.01718263
-0.05000000, -0.05000000, 0.10000000, 0.02177960
-0.03750000, -0.06250000, 0.10000000, 0.02735059
-0.02500000, -0.07500000, 0.10000000, 0.03424516
-0.01250000, -0.08750000, 0.10000000, 0.04411587
0.00000000, -0.10000000, 0.10000000, 0.06712972
0.01250000, -0.10000000, 0.08750000, 0.08520067
0.02500000, -0.10000000, 0.07500000, 0.07004189
0.03750000, -0.10000000, 0.06250000, 0.04151998
0.05000000, -0.10000000, 0.05000000, 0.00628244
0.06250000, -0.10000000, 0.03750000, -0.03071929
0.07500000, -0.10000000, 0.02500000, -0.06451782
0.08750000, -0.10000000, 0.01250000, -0.08839891
0.10000000, -0.10000000, 0.00000000, -0.08218057
0.10000000, -0.08750000, -0.01250000, -0.05727372
0.10000000, -0.07500000, -0.02500000, -0.04592219
0.10000000, -0.06250000, -0.03750000, -0.03768198
0.10000000, -0.05000000, -0.05000000, -0.03087674
0.10000000, -0.03750000, -0.06250000, -0.02517559
0.10000000, -0.02500000, -0.07500000, -0.02034742
0.10000000, -0.01250000, -0.08750000, -0.01650225
0.15000000, 0.00000000, -0.15000000, -0.00695140
0.13125000, 0.01875000, -0.15000000, -0.00863491
0.11250000, 0.03750000, -0.15000000, -0.01144310
0.09375000, 0.05625000, -0.15000000, -0.01501129
0.07500000, 0.07500000, -0.15000000, -0.01920391
0.05625000, 0.09375000, -0.15000000, -0.02413321
0.03750000, 0.11250000, -0.15000000, -0.03002600
0.01875000, 0.13125000, -0.15000000, -0.03809932
0.00000000, 0.15000000, -0.15000000, -0.05563090
-0.01875000, 0.15000000, -0.13125000, -0.06190217
-0.03750000, 0.15000000, -0.11250000, -0.04637169
-0.05625000, 0.15000000, -0.09375000, -0.02343212
-0.07500000, 0.15000000, -0.07500000, 0.00189605
-0.09375000, 0.15000000, -0.05625000, 0.02621210
-0.11250000, 0.15000000, -0.03750000, 0.04610678
-0.13125000, 0.15000000, -0.01875000, 0.05664005
-0.15000000, 0.15000000, 0.00000000, 0.04373806
-0.15000000, 0.13125000, 0.01875000, 0.02794844
-0.15000000, 0.11250000, 0.03750000, 0.02118403
-0.15000000, 0.09375000, 0.05625000, 0.01646664
-0.15000000, 0.07500000, 0.07500000, 0.01261969
-0.15000000, 0.05625000, 0.09375000, 0.00940157
-0.15000000, 0.03750000, 0.11250000, 0.00668778
-0.15000000, 0.01875000, 0.13125000, 0.00457374
-0.15000000, 0.00000000, 0.15000000, 0.00331698
-0.13125000, -0.01875000, 0.15000000, 0.00457374
-0.11250000, -0.03750000, 0.15000000, 0.00668778
-0.09375000, -0.05625000, 0.15000000, 0.00940157
-0.07500000, -0.07500000, 0.15000000, 0.01261969
-0.05625000, -0.09375000, 0.15000000, 0.01646664
-0.03750000, -0.11250000, 0.15000000, 0.02118403
-0.01875000, -0.13125000, 0.15000000, 0.02794844
0.00000000, -0.15000000, 0.15000000, 0.04373806
0.01875000, -0.15000000, 0.13125000, 0.05664005
0.03750000, -0.15000000, 0.11250000, 0.04610678
0.05625000, -0.15000000, 0.09375000, 0.02621210
0.07500000, -0.15000000, 0.07500000, 0.00189605
0.09375000, -0.15000000, 0.05625000, -0.02343212
0.11250000, -0.15000000, 0.03750000, -0.04637169
0.13125000, -0.15000000, 0.01875000, -0.06190217
0.15000000, -0.15000000, 0.00000000, -0.05563090
0.15000000, -0.13125000, -0.01875000, -0.03809932
0.15000000, -0.11250000, -0.03750000, -0.03002600
0.15000000, -0.09375000, -0.05625000, -0.02413321
0.15000000, -0.07500000, -0.07500000, -0.01920391
0.15000000, -0.05625000, -0.09375000, -0.01501129
0.15000000, -0.03750000, -0.11250000, -0.01144310
0.15000000, -0.01875000, -0.13125000, -0.00863491
0.20000000, 0.00000000, -0.20000000, -0.00372316
0.17500000, 0.02500000, -0.20000000, -0.00497647
0.15000000, 0.05000000, -0.20000000, -0.00700892
0.12500000, 0.07500000, -0.20000000, -0.00960859
0.10000000, 0.10000000, -0.20000000, -0.01265848
0.07500000, 0.12500000, -0.20000000, -0.01630013
0.05000000, 0.15000000, -0.20000000, -0.02061769
0.02500000, 0.17500000, -0.20000000, -0.02647268
0.00000000, 0.20000000, -0.20000000, -0.03940456
-0.02500000, 0.20000000, -0.17500000, -0.04577344
-0.05000000, 0.20000000, -0.15000000, -0.03514513
-0.07500000, 0.20000000, -0.12500000, -0.01865526
-0.10000000, 0.20000000, -0.10000000, 0.00001380
-0.12500000, 0.20000000, -0.07500000, 0.01804882
-0.15000000, 0.20000000, -0.05000000, 0.03267180
-0.17500000, 0.20000000, -0.02500000, 0.04028504
-0.20000000, 0.20000000, 0.00000000, 0.03014730
-0.20000000, 0.17500000, 0.02500000, 0.01873775
-0.20000000, 0.15000000, 0.05000000, 0.01398992
-0.20000000, 0.12500000, 0.07500000, 0.01066339
-0.20000000, 0.10000000, 0.10000000, 0.00793236
-0.20000000, 0.07500000, 0.12500000, 0.00569281
-0.20000000, 0.05000000, 0.15000000, 0.00380296
-0.20000000, 0.02500000, 0.17500000, 0.00234769
-0.20000000, 0.00000000, 0.20000000, 0.00147938
-0.17500000, -0.02500000, 0.20000000, 0.00234769
-0.15000000, -0.05000000, 0.20000000, 0.00380296
-0.12500000, -0.07500000, 0.20000000, 0.00569281
-0.10000000, -0.10000000, 0.20000000, 0.00793236
-0.07500000, -0.12500000, 0.20000000, 0.01066339
-0.05000000, -0.15000000, 0.20000000, 0.01398992
-0.02500000, -0.17500000, 0.20000000, 0.01873775
0.00000000, -0.20000000, 0.20000000, 0.03014730
0.02500000, -0.20000000, 0.17500000, 0.04028504
0.05000000, -0.20000000, 0.15000000, 0.03267180
0.07500000, -0.20000000, 0.12500000, 0.01804882
0.10000000, -0.20000000, 0.10000000, 0.00001380
0.12500000, -0.20000000, 0.07500000, -0.01865526
0.15000000, -0.20000000, 0.05000000, -0.03514513
0.17500000, -0.20000000, 0.02500000, -0.04577344
0.20000000, -0.20000000, 0.00000000, -0.03940456
0.20000000, -0.17500000, -0.02500000, -0.02647268
0.20000000, -0.15000000, -0.05000000, -0.02061769
0.20000000, -0.12500000, -0.07500000, -0.01630013
0.20000000, -0.10000000, -0.10000000, -0.01265848
0.20000000, -0.07500000, -0.12500000, -0.00960859
0.20000000, -0.05000000, -0.15000000, -0.00700892
0.20000000, -0.02500000, -0.17500000, -0.00497647
0.25000000, 0.00000000, -0.25000000, -0.00183082
0.21875000, 0.03125000, -0.25000000, -0.00272124
0.18750000, 0.06250000, -0.25000000, -0.00420248
0.15625000, 0.09375000, -0.25000000, -0.00609034
0.12500000, 0.12500000, -0.25000000, -0.00827022
0.09375000, 0.15625000, -0.25000000, -0.01080842
0.06250000, 0.18750000, -0.25000000, -0.01376061
0.03125000, 0.21875000, -0.25000000, -0.01779674
0.00000000, 0.25000000, -0.25000000, -0.02692189
-0.03125000, 0.25000000, -0.21875000, -0.03304648
-0.06250000, 0.25000000, -0.18750000, -0.02593474
-0.09375000, 0.25000000, -0.15625000, -0.01417513
-0.12500000, 0.25000000, -0.12500000, -0.00079759
-0.15625000, 0.25000000, -0.09375000, 0.01219429
-0.18750000, 0.25000000, -0.06250000, 0.02280606
-0.21875000, 0.25000000, -0.03125000, 0.02812047
-0.25000000, 0.25000000, 0.00000000, 0.02000529
-0.25000000, 0.21875000, 0.03125000, 0.01218722
-0.25000000, 0.18750000, 0.06250000, 0.00902944
-0.25000000, 0.15625000, 0.09375000, 0.00684421
-0.25000000, 0.12500000, 0.12500000, 0.00501248
-0.25000000, 0.09375000, 0.15625000, 0.00346547
-0.25000000, 0.06250000, 0.18750000, 0.00213766
-0.25000000, 0.03125000, 0.21875000, 0.00111218
-0.25000000, 0.00000000, 0.25000000, 0.00053243
-0.21875000, -0.03125000, 0.25000000, 0.00111218
-0.18750000, -0.06250000, 0.25000000, 0.00213766
-0.15625000, -0.09375000, 0.25000000, 0.00346547
-0.12500000, -0.12500000, 0.25000000, 0.00501248
-0.09375000, -0.15625000, 0.25000000, 0.00684421
-0.06250000, -0.18750000, 0.25000000, 0.00902944
-0.03125000, -0.21875000, 0.25000000, 0.01218722
0.00000000, -0.25000000, 0.25000000, 0.02000529
0.03125000, -0.25000000, 0.21875000, 0.02812047
0.06250000, -0.25000000, 0.18750000, 0.02280606
0.09375000, -0.25000000, 0.15625000, 0.01219429
0.12500000, -0.25000000, 0.12500000, -0.00079759
0.15625000, -0.25000000, 0.09375000, -0.01417513
0.18750000, -0.25000000, 0.06250000, -0.02593474
0.21875000, -0.25000000, 0.03125000, -0.03304648
0.25000000, -0.25000000, 0.00000000, -0.02692189
0.25000000, -0.21875000, -0.03125000, -0.01779674
0.25000000, -0.18750000, -0.06250000, -0.01376061
0.25000000, -0.15625000, -0.09375000, -0.01080842
0.25000000, -0.12500000, -0.12500000, -0.00827022
0.25000000, -0.09375000, -0.15625000, -0.00609034
0.25000000, -0.06250000, -0.18750000, -0.00420248
0.25000000, -0.03125000, -0.21875000, -0.00272124
0.30000000, 0.00000000, -0.30000000, -0.00089308
0.26250000, 0.03750000, -0.30000000, -0.00147812
0.22500000, 0.07500000, -0.30000000, -0.00248494
0.18750000, 0.11250000, -0.30000000, -0.00376330
0.15000000, 0.15000000, -0.30000000, -0.00523907
0.11250000, 0.18750000, -0.30000000, -0.00693364
0.07500000, 0.22500000, -0.30000000, -0.00888787
0.03750000, 0.26250000, -0.30000000, -0.01155112
0.00000000, 0.30000000, -0.30000000, -0.01785630
-0.03750000, 0.30000000, -0.26250000, -0.02337217
-0.07500000, 0.30000000, -0.22500000, -0.01874156
-0.11250000, 0.30000000, -0.18750000, -0.01055202
-0.15000000, 0.30000000, -0.15000000, -0.00103893
-0.18750000, 0.30000000, -0.11250000, 0.00823395
-0.22500000, 0.30000000, -0.07500000, 0.01572011
-0.26250000, 0.30000000, -0.03750000, 0.01931054
-0.30000000, 0.30000000, 0.00000000, 0.01293338
-0.30000000, 0.26250000, 0.03750000, 0.00769174
-0.30000000, 0.22500000, 0.07500000, 0.00568456
-0.30000000, 0.18750000, 0.11250000, 0.00429348
-0.30000000, 0.15000000, 0.15000000, 0.00311406
-0.30000000, 0.11250000, 0.18750000, 0.00209935
-0.30000000, 0.07500000, 0.22500000, 0.00122581
-0.30000000, 0.03750000, 0.26250000, 0.00054892
-0.30000000, 0.00000000, 0.30000000, 0.00019014
-0.26250000, -0.03750000, 0.30000000, 0.00054892
-0.22500000, -0.07500000, 0.30000000, 0.00122581
-0.18750000, -0.11250000, 0.30000000, 0.00209935
-0.15000000, -0.15000000, 0.30000000, 0.00311406
-0.11250000, -0.18750000, 0.30000000, 0.00429348
-0.07500000, -0.22500000, 0.30000000, 0.00568456
-0.03750000, -0.26250000, 0.30000000, 0.00769174
0.00000000, -0.30000000, 0.30000000, 0.01293338
0.03750000, -0.30000000, 0.26250000, 0.01931054
0.07500000, -0.30000000, 0.22500000, 0.01572011
0.11250000, -0.30000000, 0.18750000, 0.00823395
0.15000000, -0.30000000, 0.15000000, -0.00103893
0.18750000, -0.30000000, 0.11250000, -0.01055202
0.22500000, -0.30000000, 0.07500000, -0.01874156
0.26250000, -0.30000000, 0.03750000, -0.02337217
0.30000000, -0.30000000, 0.00000000, -0.01785630
0.30000000, -0.26250000, -0.03750000, -0.01155112
0.30000000, -0.22500000, -0.07500000, -0.00888787
0.30000000, -0.18750000, -0.11250000, -0.00693364
0.30000000, -0.15000000, -0.15000000, -0.00523907
0.30000000, -0.11250000, -0.18750000, -0.00376330
0.30000000, -0.07500000, -0.22500000, -0.00248494
0.30000000, -0.03750000, -0.26250000, -0.00147812
0.35000000, 0.00000000, -0.35000000, -0.00045624
0.30625000, 0.04375000, -0.35000000, -0.00083682
0.26250000, 0.08750000, -0.35000000, -0.00145701
0.21875000, 0.13125000, -0.35000000, -0.00225176
0.17500000, 0.17500000, -0.35000000, -0.00316361
0.13125000, 0.21875000, -0.35000000, -0.00424994
0.08750000, 0.26250000, -0.35000000, -0.00548499
0.04375000, 0.30625000, -0.35000000, -0.00714764
0.00000000, 0.35000000, -0.35000000, -0.01130403
-0.04375000, 0.35000000, -0.30625000, -0.01601243
-0.08750000, 0.35000000, -0.26250000, -0.01314650
-0.13125000, 0.35000000, -0.21875000, -0.00762140
-0.17500000, 0.35000000, -0.17500000, -0.00098974
-0.21875000, 0.35000000, -0.13125000, 0.00548775
-0.26250000, 0.35000000, -0.08750000, 0.01058898
-0.30625000, 0.35000000, -0.04375000, 0.01288490
-0.35000000, 0.35000000, 0.00000000, 0.00800055
-0.35000000, 0.30625000, 0.04375000, 0.00464999
-0.35000000, 0.26250000, 0.08750000, 0.00344556
-0.35000000, 0.21875000, 0.13125000, 0.00259818
-0.35000000, 0.17500000, 0.17500000, 0.00186586
-0.35000000, 0.13125000, 0.21875000, 0.00126173
-0.35000000, 0.08750000, 0.26250000, 0.00073477
-0.35000000, 0.04375000, 0.30625000, 0.00033084
-0.35000000, 0.00000000, 0.35000000, 0.00010223
-0.30625000, -0.04375000, 0.35000000, 0.00033084
-0.26250000, -0.08750000, 0.35000000, 0.00073477
-0.21875000, -0.13125000, 0.35000000, 0.00126173
-0.17500000, -0.17500000, 0.35000000, 0.00186586
-0.13125000, -0.21875000, 0.35000000, 0.00259818
-0.08750000, -0.26250000, 0.35000000, 0.00344556
-0.04375000, -0.30625000, 0.35000000, 0.00464999
0.00000000, -0.35000000, 0.35000000, 0.00800055
0.04375000, -0.35000000, 0.30625000, 0.01288490
0.08750000, -0.35000000, 0.26250000, 0.01058898
0.13125000, -0.35000000, 0.21875000, 0.00548775
0.17500000, -0.35000000, 0.17500000, -0.00098974
0.21875000, -0.35000000, 0.13125000, -0.00762140
0.26250000, -0.35000000, 0.08750000, -0.01314650
0.30625000, -0.35000000, 0.04375000, -0.01601243
0.35000000, -0.35000000, 0.00000000, -0.01130403
0.35000000, -0.30625000, -0.04375000, -0.00714764
0.35000000, -0.26250000, -0.08750000, -0.00548499
0.35000000, -0.21875000, -0.13125000, -0.00424994
0.35000000, -0.17500000, -0.17500000, -0.00316361
0.35000000, -0.13125000, -0.21875000, -0.00225176
0.35000000, -0.08750000, -0.26250000, -0.00145701
0.35000000, -0.04375000, -0.30625000, -0.00083682
0.40000000, 0.00000000, -0.40000000, -0.00016375
0.35000000, 0.05000000, -0.40000000, -0.00039162
0.30000000, 0.10000000, -0.40000000, -0.00077141
0.25000000, 0.15000000, -0.40000000, -0.00125900
0.20000000, 0.20000000, -0.40000000, -0.00180073
0.15000000, 0.25000000, -0.40000000, -0.00242650
0.10000000, 0.30000000, -0.40000000, -0.00311058
0.05000000, 0.35000000, -0.40000000, -0.00404349
0.00000000, 0.40000000, -0.40000000, -0.00650169
-0.05000000, 0.40000000, -0.35000000, -0.01023258
-0.10000000, 0.40000000, -0.30000000, -0.00862437
-0.15000000, 0.40000000, -0.25000000, -0.00508616
-0.20000000, 0.40000000, -0.20000000, -0.00081856
-0.25000000, 0.40000000, -0.15000000, 0.00336020
-0.30000000, 0.40000000, -0.10000000, 0.00665558
-0.35000000, 0.40000000, -0.05000000, 0.00798684
-0.40000000, 0.40000000, 0.00000000, 0.00444229
-0.40000000, 0.35000000, 0.05000000, 0.00255619
-0.40000000, 0.30000000, 0.10000000, 0.00191467
-0.40000000, 0.25000000, 0.15000000, 0.00146891
-0.40000000, 0.20000000, 0.20000000, 0.00106271
-0.40000000, 0.15000000, 0.25000000, 0.00071109
-0.40000000, 0.10000000, 0.30000000, 0.00039054
-0.40000000, 0.05000000, 0.35000000, 0.00014280
-0.40000000, 0.00000000, 0.40000000, 0.00000584
-0.35000000, -0.05000000, 0.40000000, 0.00014280
-0.30000000, -0.10000000, 0.40000000, 0.00039054
-0.25000000, -0.15000000, 0.40000000, 0.00071109
-0.20000000, -0.20000000, 0.40000000, 0.00106271
-0.15000000, -0.25000000, 0.40000000, 0.00146891
-0.10000000, -0.30000000, 0.40000000, 0.00191467
-0.05000000, -0.35000000, 0.40000000, 0.00255619
0.00000000, -0.40000000, 0.40000000, 0.00444229
0.05000000, -0.40000000, 0.35000000, 0.00798684
0.10000000, -0.40000000, 0.30000000, 0.00665558
0.15000000, -0.40000000, 0.25000000, 0.00336020
0.20000000, -0.40000000, 0.20000000, -0.00081856
0.25000000, -0.40000000, 0.15000000, -0.00508616
0.30000000, -0.40000000, 0.10000000, -0.00862437
0.35000000, -0.40000000, 0.05000000, -0.01023258
0.40000000, -0.40000000, 0.00000000, -0.00650169
0.40000000, -0.35000000, -0.05000000, -0.00404349
0.40000000, -0.30000000, -0.10000000, -0.00311058
0.40000000, -0.25000000, -0.15000000, -0.00242650
0.40000000, -0.20000000, -0.20000000, -0.00180073
0.40000000, -0.15000000, -0.25000000, -0.00125900
0.40000000, -0.10000000, -0.30000000, -0.00077141
0.40000000, -0.05000000, -0.35000000, -0.00039162
0.45000000, 0.00000000, -0.45000000, -0.00002552
0.39375000, 0.05625000, -0.45000000, -0.00014057
0.33750000, 0.11250000, -0.45000000, -0.00036710
0.28125000, 0.16875000, -0.45000000, -0.00065400
0.22500000, 0.22500000, -0.45000000, -0.00096554
0.16875000, 0.28125000, -0.45000000, -0.00128844
0.11250000, 0.33750000, -0.45000000, -0.00162621
0.05625000, 0.39375000, -0.45000000, -0.00209617
0.00000000, 0.45000000, -0.45000000, -0.00343558
-0.05625000, 0.45000000, -0.39375000, -0.00615455
-0.11250000, 0.45000000, -0.33750000, -0.00533083
-0.16875000, 0.45000000, -0.28125000, -0.00319544
-0.22500000, 0.45000000, -0.22500000, -0.00060857
-0.28125000, 0.45000000, -0.16875000, 0.00193036
-0.33750000, 0.45000000, -0.11250000, 0.00393372
-0.39375000, 0.45000000, -0.05625000, 0.00464794
-0.45000000, 0.45000000, 0.00000000, 0.00225194
-0.45000000, 0.39375000, 0.05625000, 0.00128433
-0.45000000, 0.33750000, 0.11250000, 0.00098155
-0.45000000, 0.28125000, 0.16875000, 0.00077631
-0.45000000, 0.22500000, 0.22500000, 0.00057624
-0.45000000, 0.16875000, 0.28125000, 0.00037409
-0.45000000, 0.11250000, 0.33750000, 0.00018371
-0.45000000, 0.05625000, 0.39375000, 0.00003194
-0.45000000, 0.00000000, 0.45000000, -0.00003577
-0.39375000, -0.05625000, 0.45000000, 0.00003194
-0.33750000, -0.11250000, 0.45000000, 0.00018371
-0.28125000, -0.16875000, 0.45000000, 0.00037409
-0.22500000, -0.22500000, 0.45000000, 0.00057624
-0.16875000, -0.28125000, 0.45000000, 0.00077631
-0.11250000, -0.33750000, 0.45000000, 0.00098155
-0.05625000, -0.39375000, 0.45000000, 0.00128433
0.00000000, -0.45000000, 0.45000000, 0.00225194
0.05625000, -0.45000000, 0.39375000, 0.00464794
0.11250000, -0.45000000, 0.33750000, 0.00393372
0.16875000, -0.45000000, 0.28125000, 0.00193036
0.22500000, -0.45000000, 0.22500000, -0.00060857
0.28125000, -0.45000000, 0.16875000, -0.00319544
0.33750000, -0.45000000, 0.11250000, -0.00533083
0.39375000, -0.45000000, 0.05625000, -0.00615455
0.45000000, -0.45000000, 0.00000000, -0.00343558
0.45000000, -0.39375000, -0.05625000, -0.00209617
0.45000000, -0.33750000, -0.11250000, -0.00162621
0.45000000, -0.28125000, -0.16875000, -0.00128844
0.45000000, -0.22500000, -0.22500000, -0.00096554
0.45000000, -0.16875000, -0.28125000, -0.00065400
0.45000000, -0.11250000, -0.33750000, -0.00036710
0.45000000, -0.05625000, -0.39375000, -0.00014057
0.50000000, 0.00000000, -0.50000000, -0.00002628
0.43750000, 0.06250000, -0.50000000, -0.00007939
0.37500000, 0.12500000, -0.50000000, -0.00019068
0.31250000, 0.18750000, -0.50000000, -0.00033132
0.25000000, 0.25000000, -0.50000000, -0.00048796
0.18750000, 0.31250000, -0.50000000, -0.00065370
0.12500000, 0.37500000, -0.50000000, -0.00082814
0.06250000, 0.43750000, -0.50000000, -0.00105622
0.00000000, 0.50000000, -0.50000000, -0.00179074
-0.06250000, 0.50000000, -0.43750000, -0.00362616
-0.12500000, 0.50000000, -0.37500000, -0.00322047
-0.18750000, 0.50000000, -0.31250000, -0.00199429
-0.25000000, 0.50000000, -0.25000000, -0.00040885
-0.31250000, 0.50000000, -0.18750000, 0.00114602
-0.37500000, 0.50000000, -0.12500000, 0.00230223
-0.43750000, 0.50000000, -0.06250000, 0.00267965
-0.50000000, 0.50000000, 0.00000000, 0.00116537
-0.50000000, 0.43750000, 0.06250000, 0.00064313
-0.50000000, 0.37500000, 0.12500000, 0.00050249
-0.50000000, 0.31250000, 0.18750000, 0.00039929
-0.50000000, 0.25000000, 0.25000000, 0.00029900
-0.50000000, 0.18750000, 0.31250000, 0.00019972
-0.50000000, 0.12500000, 0.37500000, 0.00010766
-0.50000000, 0.06250000, 0.43750000, 0.00003352
-0.50000000, 0.00000000, 0.50000000, 0.00000273
-0.43750000, -0.06250000, 0.50000000, 0.00003352
-0.37500000, -0.12500000, 0.50000000, 0.00010766
-0.31250000, -0.18750000, 0.50000000, 0.00019972
-0.25000000, -0.25000000, 0.50000000, 0.00029900
-0.18750000, -0.31250000, 0.50000000, 0.00039929
-0.12500000, -0.37500000, 0.50000000, 0.00050249
-0.06250000, -0.43750000, 0.50000000, 0.00064313
0.00000000, -0.50000000, 0.50000000, 0.00116537
0.06250000, -0.50000000, 0.43750000, 0.00267965
0.12500000, -0.50000000, 0.37500000, 0.00230223
0.18750000, -0.50000000, 0.31250000, 0.00114602
0.25000000, -0.50000000, 0.25000000, -0.00040885
0.31250000, -0.50000000, 0.18750000, -0.00199429
0.37500000, -0.50000000, 0.12500000, -0.00322047
0.43750000, -0.50000000, 0.06250000, -0.00362616
0.50000000, -0.50000000, 0.00000000, -0.00179074
0.50000000, -0.43750000, -0.06250000, -0.00105622
0.50000000, -0.37500000, -0.12500000, -0.00082814
0.50000000, -0.31250000, -0.18750000, -0.00065370
0.50000000, -0.25000000, -0.25000000, -0.00048796
0.50000000, -0.18750000, -0.31250000, -0.00033132
0.50000000, -0.12500000, -0.37500000, -0.00019068
0.50000000, -0.06250000, -0.43750000, -0.00007939
0.55000000, 0.00000000, -0.55000000, -0.00004203
0.48125000, 0.06875000, -0.55000000, -0.00007164
0.41250000, 0.13750000, -0.55000000, -0.00011203
0.34375000, 0.20625000, -0.55000000, -0.00016571
0.27500000, 0.27500000, -0.55000000, -0.00022818
0.20625000, 0.34375000, -0.55000000, -0.00031570
0.13750000, 0.41250000, -0.55000000, -0.00040980
0.06875000, 0.48125000, -0.55000000, -0.00051696
0.00000000, 0.55000000, -0.55000000, -0.00090205
-0.06875000, 0.55000000, -0.48125000, -0.00204929
-0.13750000, 0.55000000, -0.41250000, -0.00187039
-0.20625000, 0.55000000, -0.34375000, -0.00120153
-0.27500000, 0.55000000, -0.27500000, -0.00025089
-0.34375000, 0.55000000, -0.20625000, 0.00067899
-0.41250000, 0.55000000, -0.13750000, 0.00131291
-0.48125000, 0.55000000, -0.06875000, 0.00149741
-0.55000000, 0.55000000, 0.00000000, 0.00060250
-0.55000000, 0.48125000, 0.06875000, 0.00032205
-0.55000000, 0.41250000, 0.13750000, 0.00025635
-0.55000000, 0.34375000, 0.20625000, 0.00019885
-0.55000000, 0.27500000, 0.27500000, 0.00014504
-0.55000000, 0.20625000, 0.34375000, 0.00010906
-0.55000000, 0.13750000, 0.41250000, 0.00007633
-0.55000000, 0.06875000, 0.48125000, 0.00005139
-0.55000000, 0.00000000, 0.55000000, 0.00003209
-0.48125000, -0.06875000, 0.55000000, 0.00005139
-0.41250000, -0.13750000, 0.55000000, 0.00007633
-0.34375000, -0.20625000, 0.55000000, 0.00010906
-0.27500000, -0.27500000, 0.55000000, 0.00014504
-0.20625000, -0.34375000, 0.55000000, 0.00019885
-0.13750000, -0.41250000, 0.55000000, 0.00025635
-0.06875000, -0.48125000, 0.55000000, 0.00032205
0.00000000, -0.55000000, 0.55000000, 0.00060250
0.06875000, -0.55000000, 0.48125000, 0.00149741
0.13750000, -0.55000000, 0.41250000, 0.00131291
0.20625000, -0.55000000, 0.34375000, 0.00067899
0.27500000, -0.55000000, 0.27500000, -0.00025089
0.34375000, -0.55000000, 0.20625000, -0.00120153
0.41250000, -0.55000000, 0.13750000, -0.00187039
0.48125000, -0.55000000, 0.06875000, -0.00204929
0.55000000, -0.55000000, 0.00000000, -0.00090205
0.55000000, -0.48125000, -0.06875000, -0.00051696
0.55000000, -0.41250000, -0.13750000, -0.00040980
0.55000000, -0.34375000, -0.20625000, -0.00031570
0.55000000, -0.27500000, -0.27500000, -0.00022818
0.55000000, -0.20625000, -0.34375000, -0.00016571
0.55000000, -0.13750000, -0.41250000, -0.00011203
0.55000000, -0.06875000, -0.48125000, -0.00007164
0.60000000, 0.00000000, -0.60000000, -0.00000826
0.52500000, 0.07500000, -0.60000000, -0.00002636
0.45000000, 0.15000000, -0.60000000, -0.00004439
0.37500000, 0.22500000, -0.60000000, -0.00006938
0.30000000, 0.30000000, -0.60000000, -0.00009391
0.22500000, 0.37500000, -0.60000000, -0.00012920
0.15000000, 0.45000000, -0.60000000, -0.00016080
0.07500000, 0.52500000, -0.60000000, -0.00019642
0.00000000, 0.60000000, -0.60000000, -0.00033309
-0.07500000, 0.60000000, -0.52500000, -0.00097915
-0.15000000, 0.60000000, -0.45000000, -0.00094041
-0.22500000, 0.60000000, -0.37500000, -0.00060823
-0.30000000, 0.60000000, -0.30000000, -0.00014339
-0.37500000, 0.60000000, -0.22500000, 0.00031231
-0.45000000, 0.60000000, -0.15000000, 0.00063095
-0.52500000, 0.60000000, -0.07500000, 0.00068763
-0.60000000, 0.60000000, 0.00000000, 0.00020846
-0.60000000, 0.52500000, 0.07500000, 0.00011874
-0.60000000, 0.45000000, 0.15000000, 0.00009959
-0.60000000, 0.37500000, 0.22500000, 0.00008227
-0.60000000, 0.30000000, 0.30000000, 0.00006135
-0.60000000, 0.22500000, 0.37500000, 0.00004773
-0.60000000, 0.15000000, 0.45000000, 0.00003199
-0.60000000, 0.07500000, 0.52500000, 0.00001996
-0.60000000, 0.00000000, 0.60000000, 0.00000619
-0.52500000, -0.07500000, 0.60000000, 0.00001996
-0.45000000, -0.15000000, 0.60000000, 0.00003199
-0.37500000, -0.22500000, 0.60000000, 0.00004773
-0.30000000, -0.30000000, 0.60000000, 0.00006135
-0.22500000, -0.37500000, 0.60000000, 0.00008227
-0.15000000, -0.45000000, 0.60000000, 0.00009959
-0.07500000, -0.52500000, 0.60000000, 0.00011874
0.00000000, -0.60000000, 0.60000000, 0.00020846
0.07500000, -0.60000000, 0.52500000, 0.00068763
0.15000000, -0.60000000, 0.45000000, 0.00063095
0.22500000, -0.60000000, 0.37500000, 0.00031231
0.30000000, -0.60000000, 0.30000000, -0.00014339
0.37500000, -0.60000000, 0.22500000, -0.00060823
0.45000000, -0.60000000, 0.15000000, -0.00094041
0.52500000, -0.60000000, 0.07500000, -0.00097915
0.60000000, -0.60000000, 0.00000000, -0.00033309
0.60000000, -0.52500000, -0.07500000, -0.00019642
0.60000000, -0.45000000, -0.15000000, -0.00016080
0.60000000, -0.37500000, -0.22500000, -0.00012920
0.60000000, -0.30000000, -0.30000000, -0.00009391
0.60000000, -0.22500000, -0.37500000, -0.00006938
0.60000000, -0.15000000, -0.45000000, -0.00004439
0.60000000, -0.07500000, -0.52500000, -0.00002636
0.65000000, 0.00000000, -0.65000000, 0.00002860
0.56875000, 0.08125000, -0.65000000, 0.00002296
0.48750000, 0.16250000, -0.65000000, 0.00000562
0.40625000, 0.24375000, -0.65000000, -0.00001574
0.32500000, 0.32500000, -0.65000000, -0.00003261
0.24375000, 0.40625000, -0.65000000, -0.00003498
0.16250000, 0.48750000, -0.65000000, -0.00002717
0.08125000, 0.56875000, -0.65000000, -0.00002555
0.00000000, 0.65000000, -0.65000000, -0.00002774
-0.08125000, 0.65000000, -0.56875000, -0.00033895
-0.16250000, 0.65000000, -0.48750000, -0.00036415
-0.24375000, 0.65000000, -0.40625000, -0.00022464
-0.32500000, 0.65000000, -0.32500000, -0.00007622
-0.40625000, 0.65000000, -0.24375000, 0.00007211
-0.48750000, 0.65000000, -0.16250000, 0.00020949
-0.56875000, 0.65000000, -0.08125000, 0.00020289
-0.65000000, 0.65000000, 0.00000000, -0.00001449
-0.65000000, 0.56875000, 0.08125000, 0.00000458
-0.65000000, 0.48750000, 0.16250000, 0.00001067
-0.65000000, 0.40625000, 0.24375000, 0.00002034
-0.65000000, 0.32500000, 0.32500000, 0.00002130
-0.65000000, 0.24375000, 0.40625000, 0.00000896
-0.65000000, 0.16250000, 0.48750000, -0.00000720
-0.65000000, 0.08125000, 0.56875000, -0.00002155
-0.65000000, 0.00000000, 0.65000000, -0.00002631
-0.56875000, -0.08125000, 0.65000000, -0.00002155
-0.48750000, -0.16250000, 0.65000000, -0.00000720
-0.40625000, -0.24375000, 0.65000000, 0.00000896
-0.32500000, -0.32500000, 0.65000000, 0.00002130
-0.24375000, -0.40625000, 0.65000000, 0.00002034
-0.16250000, -0.48750000, 0.65000000, 0.00001067
-0.08125000, -0.56875000, 0.65000000, 0.00000458
0.00000000, -0.65000000, 0.65000000, -0.00001449
0.08125000, -0.65000000, 0.56875000, 0.00020289
0.16250000, -0.65000000, 0.48750000, 0.00020949
0.24375000, -0.65000000, 0.40625000, 0.00007211
0.32500000, -0.65000000, 0.32500000, -0.00007622
0.40625000, -0.65000000, 0.24375000, -0.00022464
0.48750000, -0.65000000, 0.16250000, -0.00036415
0.56875000, -0.65000000, 0.08125000, -0.00033895
0.65000000, -0.65000000, 0.00000000, -0.00002774
0.65000000, -0.56875000, -0.08125000, -0.00002555
0.65000000, -0.48750000, -0.16250000, -0.00002717
0.65000000, -0.40625000, -0.24375000, -0.00003498
0.65000000, -0.32500000, -0.32500000, -0.00003261
0.65000000, -0.24375000, -0.40625000, -0.00001574
0.65000000, -0.16250000, -0.48750000, 0.00000562
0.65000000, -0.08125000, -0.56875000, 0.00002296
0.70000000, 0.00000000, -0.70000000, 0.00001632
0.61250000, 0.08750000, -0.70000000, 0.00001959
0.52500000, 0.17500000, -0.70000000, 0.00000977
0.43750000, 0.26250000, -0.70000000, -0.00000140
0.35000000, 0.35000000, -0.70000000, -0.00001162
0.26250000, 0.43750000, -0.70000000, -0.00000829
0.17500000, 0.52500000, -0.70000000, -0.00000074
0.08750000, 0.61250000, -0.70000000, 0.00000340
0.00000000, 0.70000000, -0.70000000, 0.00000473
-0.08750000, 0.70000000, -0.61250000, -0.00011912
-0.17500000, 0.70000000, -0.52500000, -0.00013496
-0.26250000, 0.70000000, -0.43750000, -0.00008555
-0.35000000, 0.70000000, -0.35000000, -0.00003502
-0.43750000, 0.70000000, -0.26250000, 0.00001632
-0.52500000, 0.70000000, -0.17500000, 0.00006639
-0.61250000, 0.70000000, -0.08750000, 0.00006215
-0.70000000, 0.70000000, 0.00000000, -0.00001738
-0.70000000, 0.61250000, 0.08750000, -0.00000769
-0.70000000, 0.52500000, 0.17500000, -0.00000280
-0.70000000, 0.43750000, 0.26250000, 0.00000442
-0.70000000, 0.35000000, 0.35000000, 0.00000797
-0.70000000, 0.26250000, 0.43750000, -0.00000026
-0.70000000, 0.17500000, 0.52500000, -0.00000926
-0.70000000, 0.08750000, 0.61250000, -0.00001772
-0.70000000, 0.00000000, 0.70000000, -0.00001495
-0.61250000, -0.08750000, 0.70000000, -0.00001772
-0.52500000, -0.17500000, 0.70000000, -0.00000926
-0.43750000, -0.26250000, 0.70000000, -0.00000026
-0.35000000, -0.35000000, 0.70000000, 0.00000797
-0.26250000, -0.43750000, 0.70000000, 0.00000442
-0.17500000, -0.52500000, 0.70000000, -0.00000280
-0.08750000, -0.61250000, 0.70000000, -0.00000769
0.00000000, -0.70000000, 0.70000000, -0.00001738
0.08750000, -0.70000000, 0.61250000, 0.00006215
0.17500000, -0.70000000, 0.52500000, 0.00006639
0.26250000, -0.70000000, 0.43750000, 0.00001632
0.35000000, -0.70000000, 0.35000000, -0.00003502
0.43750000, -0.70000000, 0.26250000, -0.00008555
0.52500000, -0.70000000, 0.17500000, -0.00013496
0.61250000, -0.70000000, 0.08750000, -0.00011912
0.70000000, -0.70000000, 0.00000000, 0.00000473
0.70000000, -0.61250000, -0.08750000, 0.00000340
0.70000000, -0.52500000, -0.17500000, -0.00000074
0.70000000, -0.43750000, -0.26250000, -0.00000829
0.70000000, -0.35000000, -0.35000000, -0.00001162
0.70000000, -0.26250000, -0.43750000, -0.00000140
0.70000000, -0.17500000, -0.52500000, 0.00000977
0.70000000, -0.08750000, -0.61250000, 0.00001959
0.75000000, 0.00000000, -0.75000000, -0.00001920
0.65625000, 0.09375000, -0.75000000, -0.00001641
0.56250000, 0.18750000, -0.75000000, -0.00001235
0.46875000, 0.28125000, -0.75000000, -0.00000772
0.37500000, 0.37500000, -0.75000000, -0.00000644
0.28125000, 0.46875000, -0.75000000, -0.00001253
0.18750000, 0.56250000, -0.75000000, -0.00002355
0.09375000, 0.65625000, -0.75000000, -0.00003139
0.00000000, 0.75000000, -0.75000000, -0.00007203
-0.09375000, 0.75000000, -0.65625000, -0.00011908
-0.18750000, 0.75000000, -0.56250000, -0.00010348
-0.28125000, 0.75000000, -0.46875000, -0.00008270
-0.37500000, 0.75000000, -0.37500000, -0.00001174
-0.46875000, 0.75000000, -0.28125000, 0.00005662
-0.56250000, 0.75000000, -0.18750000, 0.00007678
-0.65625000, 0.75000000, -0.09375000, 0.00009577
-0.75000000, 0.75000000, 0.00000000, 0.00006603
-0.75000000, 0.65625000, 0.09375000, 0.00002579
-0.75000000, 0.56250000, 0.18750000, 0.00001879
-0.75000000, 0.46875000, 0.28125000, 0.00000999
-0.75000000, 0.37500000, 0.37500000, 0.00000534
-0.75000000, 0.28125000, 0.46875000, 0.00000710
-0.75000000, 0.18750000, 0.56250000, 0.00001109
-0.75000000, 0.09375000, 0.65625000, 0.00001491
-0.75000000, 0.00000000, 0.75000000, 0.00001753
-0.65625000, -0.09375000, 0.75000000, 0.00001491
-0.56250000, -0.18750000, 0.75000000, 0.00001109
-0.46875000, -0.28125000, 0.75000000, 0.00000710
-0.37500000, -0.37500000, 0.75000000, 0.00000534
-0.28125000, -0.46875000, 0.75000000, 0.00000999
-0.18750000, -0.56250000, 0.75000000, 0.00001879
-0.09375000, -0.65625000, 0.75000000, 0.00002579
0.00000000, -0.75000000, 0.75000000, 0.00006603
0.09375000, -0.75000000, 0.65625000, 0.00009577
0.18750000, -0.75000000, 0.56250000, 0.00007678
0.28125000, -0.75000000, 0.46875000, 0.00005662
0.37500000, -0.75000000, 0.37500000, -0.00001174
0.46875000, -0.75000000, 0.28125000, -0.00008270
0.56250000, -0.75000000, 0.18750000, -0.00010348
0.65625000, -0.75000000, 0.09375000, -0.00011908
0.75000000, -0.75000000, 0.00000000, -0.00007203
0.75000000, -0.65625000, -0.09375000, -0.00003139
0.75000000, -0.56250000, -0.18750000, -0.00002355
0.75000000, -0.46875000, -0.28125000, -0.00001253
0.75000000, -0.37500000, -0.37500000, -0.00000644
0.75000000, -0.28125000, -0.46875000, -0.00000772
0.75000000, -0.18750000, -0.56250000, -0.00001235
0.75000000, -0.09375000, -0.65625000, -0.00001641
0.80000000, 0.00000000, -0.80000000, -0.00001825
0.70000000, 0.10000000, -0.80000000, -0.00002076
0.60000000, 0.20000000, -0.80000000, -0.00001434
0.50000000, 0.30000000, -0.80000000, -0.00000736
0.40000000, 0.40000000, -0.80000000, -0.00000230
0.30000000, 0.50000000, -0.80000000, -0.00000920
0.20000000, 0.60000000, -0.80000000, -0.00002009
0.10000000, 0.70000000, -0.80000000, -0.00002708
0.00000000, 0.80000000, -0.80000000, -0.00005230
-0.10000000, 0.80000000, -0.70000000, -0.00007613
-0.20000000, 0.80000000, -0.60000000, -0.00006362
-0.30000000, 0.80000000, -0.50000000, -0.00005270
-0.40000000, 0.80000000, -0.40000000, -0.00000285
-0.50000000, 0.80000000, -0.30000000, 0.00004467
-0.60000000, 0.80000000, -0.20000000, 0.00005487
-0.70000000, 0.80000000, -0.10000000, 0.00006773
-0.80000000, 0.80000000, 0.00000000, 0.00004955
-0.80000000, 0.70000000, 0.10000000, 0.00002272
-0.80000000, 0.60000000, 0.20000000, 0.00001646
-0.80000000, 0.50000000, 0.30000000, 0.00000759
-0.80000000, 0.40000000, 0.40000000, 0.00000217
-0.80000000, 0.30000000, 0.50000000, 0.00000700
-0.80000000, 0.20000000, 0.60000000, 0.00001298
-0.80000000, 0.10000000, 0.70000000, 0.00001878
-0.80000000, 0.00000000, 0.80000000, 0.00001670
-0.70000000, -0.10000000, 0.80000000, 0.00001878
-0.60000000, -0.20000000, 0.80000000, 0.00001298
-0.50000000, -0.30000000, 0.80000000, 0.00000700
-0.40000000, -0.40000000, 0.80000000, 0.00000217
-0.30000000, -0.50000000, 0.80000000, 0.00000759
-0.20000000, -0.60000000, 0.80000000, 0.00001646
-0.10000000, -0.70000000, 0.80000000, 0.00002272
0.00000000, -0.80000000, 0.80000000, 0.00004955
0.10000000, -0.80000000, 0.70000000, 0.00006773
0.20000000, -0.80000000, 0.60000000, 0.00005487
0.30000000, -0.80000000, 0.50000000, 0.00004467
0.40000000, -0.80000000, 0.40000000, -0.00000285
0.50000000, -0.80000000, 0.30000000, -0.00005270
0.60000000, -0.80000000, 0.20000000, -0.00006362
0.70000000, -0.80000000, 0.10000000, -0.00007613
0.80000000, -0.80000000, 0.00000000, -0.00005230
0.80000000, -0.70000000, -0.10000000, -0.00002708
0.80000000, -0.60000000, -0.20000000, -0.00002009
0.80000000, -0.50000000, -0.30000000, -0.00000920
0.80000000, -0.40000000, -0.40000000, -0.00000230
0.80000000, -0.30000000, -0.50000000, -0.00000736
0.80000000, -0.20000000, -0.60000000, -0.00001434
0.80000000, -0.10000000, -0.70000000, -0.00002076
0.85000000, 0.00000000, -0.85000000, 0.00001397
0.74375000, 0.10625000, -0.85000000, 0.00001080
0.63750000, 0.21250000, -0.85000000, 0.00000743
0.53125000, 0.31875000, -0.85000000, 0.00000362
0.42500000, 0.42500000, -0.85000000, 0.00000200
0.31875000, 0.53125000, -0.85000000, 0.00000551
0.21250000, 0.63750000, -0.85000000, 0.00001264
0.10625000, 0.74375000, -0.85000000, 0.00001829
0.00000000, 0.85000000, -0.85000000, 0.00004636
-0.10625000, 0.85000000, -0.74375000, 0.00003790
-0.21250000, 0.85000000, -0.63750000, 0.00002286
-0.31875000, 0.85000000, -0.53125000, 0.00002285
-0.42500000, 0.85000000, -0.42500000, -0.00000216
-0.53125000, 0.85000000, -0.31875000, -0.00002556
-0.63750000, 0.85000000, -0.21250000, -0.00002461
-0.74375000, 0.85000000, -0.10625000, -0.00003797
-0.85000000, 0.85000000, 0.00000000, -0.00004491
-0.85000000, 0.74375000, 0.10625000, -0.00001589
-0.85000000, 0.63750000, 0.21250000, -0.00001062
-0.85000000, 0.53125000, 0.31875000, -0.00000471
-0.85000000, 0.42500000, 0.42500000, -0.00000185
-0.85000000, 0.31875000, 0.53125000, -0.00000348
-0.85000000, 0.21250000, 0.63750000, -0.00000666
-0.85000000, 0.10625000, 0.74375000, -0.00000979
-0.85000000, 0.00000000, 0.85000000, -0.00001277
-0.74375000, -0.10625000, 0.85000000, -0.00000979
-0.63750000, -0.21250000, 0.85000000, -0.00000666
-0.53125000, -0.31875000, 0.85000000, -0.00000348
-0.42500000, -0.42500000, 0.85000000, -0.00000185
-0.31875000, -0.53125000, 0.85000000, -0.00000471
-0.21250000, -0.63750000, 0.85000000, -0.00001062
-0.10625000, -0.74375000, 0.85000000, -0.00001589
0.00000000, -0.85000000, 0.85000000, -0.00004491
0.10625000, -0.85000000, 0.74375000, -0.00003797
0.21250000, -0.85000000, 0.63750000, -0.00002461
0.31875000, -0.85000000, 0.53125000, -0.00002556
0.42500000, -0.85000000, 0.42500000, -0.00000216
0.53125000, -0.85000000, 0.31875000, 0.00002285
0.63750000, -0.85000000, 0.21250000, 0.00002286
0.74375000, -0.85000000, 0.10625000, 0.00003790
0.85000000, -0.85000000, 0.00000000, 0.00004636
0.85000000, -0.74375000, -0.10625000, 0.00001829
0.85000000, -0.63750000, -0.21250000, 0.00001264
0.85000000, -0.53125000, -0.31875000, 0.00000551
0.85000000, -0.42500000, -0.42500000, 0.00000200
0.85000000, -0.31875000, -0.53125000, 0.00000362
0.85000000, -0.21250000, -0.63750000, 0.00000743
0.85000000, -0.10625000, -0.74375000, 0.00001080
0.90000000, 0.00000000, -0.90000000, 0.00001133
0.78750000, 0.11250000, -0.90000000, 0.00001262
0.67500000, 0.22500000, -0.90000000, 0.00000858
0.56250000, 0.33750000, -0.90000000, 0.00000418
0.45000000, 0.45000000, -0.90000000, 0.00000097
0.33750000, 0.56250000, -0.90000000, 0.00000507
0.22500000, 0.67500000, -0.90000000, 0.00001173
0.11250000, 0.78750000, -0.90000000, 0.00001610
0.00000000, 0.90000000, -0.90000000, 0.00003096
-0.11250000, 0.90000000, -0.78750000, 0.00003611
-0.22500000, 0.90000000, -0.67500000, 0.00002639
-0.33750000, 0.90000000, -0.56250000, 0.00002330
-0.45000000, 0.90000000, -0.45000000, -0.00000105
-0.56250000, 0.90000000, -0.33750000, -0.00002399
-0.67500000, 0.90000000, -0.22500000, -0.00002636
-0.78750000, 0.90000000, -0.11250000, -0.00003505
-0.90000000, 0.90000000, 0.00000000, -0.00002982
-0.90000000, 0.78750000, 0.11250000, -0.00001369
-0.90000000, 0.67500000, 0.22500000, -0.00000973
-0.90000000, 0.56250000, 0.33750000, -0.00000425
-0.90000000, 0.45000000, 0.45000000, -0.00000098
-0.90000000, 0.33750000, 0.56250000, -0.00000400
-0.90000000, 0.22500000, 0.67500000, -0.00000775
-0.90000000, 0.11250000, 0.78750000, -0.00001141
-0.90000000, 0.00000000, 0.90000000, -0.00001036
-0.78750000, -0.11250000, 0.90000000, -0.00001141
-0.67500000, -0.22500000, 0.90000000, -0.00000775
-0.56250000, -0.33750000, 0.90000000, -0.00000400
-0.45000000, -0.45000000, 0.90000000, -0.00000098
-0.33750000, -0.56250000, 0.90000000, -0.00000425
-0.22500000, -0.67500000, 0.90000000, -0.00000973
-0.11250000, -0.78750000, 0.90000000, -0.00001369
0.00000000, -0.90000000, 0.90000000, -0.00002982
0.11250000, -0.90000000, 0.78750000, -0.00003505
0.22500000, -0.90000000, 0.67500000, -0.00002636
0.33750000, -0.90000000, 0.56250000, -0.00002399
0.45000000, -0.90000000, 0.45000000, -0.00000105
0.56250000, -0.90000000, 0.33750000, 0.00002330
0.67500000, -0.90000000, 0.22500000, 0.00002639
0.78750000, -0.90000000, 0.11250000, 0.00003611
0.90000000, -0.90000000, 0.00000000, 0.00003096
0.90000000, -0.78750000, -0.11250000, 0.00001610
0.90000000, -0.67500000, -0.22500000, 0.00001173
0.90000000, -0.56250000, -0.33750000, 0.00000507
0.90000000, -0.45000000, -0.45000000, 0.00000097
0.90000000, -0.33750000, -0.56250000, 0.00000418
0.90000000, -0.22500000, -0.67500000, 0.00000858
0.90000000, -0.11250000, -0.78750000, 0.00001262
0.95000000, 0.00000000, -0.95000000, -0.00001392
0.83125000, 0.11875000, -0.95000000, -0.00001235
0.71250000, 0.23750000, -0.95000000, -0.00000844
0.59375000, 0.35625000, -0.95000000, -0.00000422
0.47500000, 0.47500000, -0.95000000, -0.00000168
0.35625000, 0.59375000, -0.95000000, -0.00000576
0.23750000, 0.71250000, -0.95000000, -0.00001300
0.11875000, 0.83125000, -0.95000000, -0.00001854
0.00000000, 0.95000000, -0.95000000, -0.00004408
-0.11875000, 0.95000000, -0.83125000, -0.00004161
-0.23750000, 0.95000000, -0.71250000, -0.00002907
-0.35625000, 0.95000000, -0.59375000, -0.00002659
-0.47500000, 0.95000000, -0.47500000, 0.00000109
-0.59375000, 0.95000000, -0.35625000, 0.00002715
-0.71250000, 0.95000000, -0.23750000, 0.00002884
-0.83125000, 0.95000000, -0.11875000, 0.00004023
-0.95000000, 0.95000000, 0.00000000, 0.00004255
-0.95000000, 0.83125000, 0.11875000, 0.00001595
-0.95000000, 0.71250000, 0.23750000, 0.00001084
-0.95000000, 0.59375000, 0.35625000, 0.00000486
-0.95000000, 0.47500000, 0.47500000, 0.00000160
-0.95000000, 0.35625000, 0.59375000, 0.00000404
-0.95000000, 0.23750000, 0.71250000, 0.00000761
-0.95000000, 0.11875000, 0.83125000, 0.00001118
-0.95000000, 0.00000000, 0.95000000, 0.00001274
-0.83125000, -0.11875000, 0.95000000, 0.00001118
-0.71250000, -0.23750000, 0.95000000, 0.00000761
-0.59375000, -0.35625000, 0.95000000, 0.00000404
-0.47500000, -0.47500000, 0.95000000, 0.00000160
-0.35625000, -0.59375000, 0.95000000, 0.00000486
-0.23750000, -0.71250000, 0.95000000, 0.00001084
-0.11875000, -0.83125000, 0.95000000, 0.00001595
0.00000000, -0.95000000, 0.95000000, 0.00004255
0.11875000, -0.95000000, 0.83125000, 0.00004023
0.23750000, -0.95000000, 0.71250000, 0.00002884
0.35625000, -0.95000000, 0.59375000, 0.00002715
0.47500000, -0.95000000, 0.47500000, 0.00000109
0.59375000, -0.95000000, 0.35625000, -0.00002659
0.71250000, -0.95000000, 0.23750000, -0.00002907
0.83125000, -0.95000000, 0.11875000, -0.00004161
0.95000000, -0.95000000, 0.00000000, -0.00004408
0.95000000, -0.83125000, -0.11875000, -0.00001854
0.95000000, -0.71250000, -0.23750000, -0.00001300
0.95000000, -0.59375000, -0.35625000, -0.00000576
0.95000000, -0.47500000, -0.47500000, -0.00000168
0.95000000, -0.35625000, -0.59375000, -0.00000422
0.95000000, -0.23750000, -0.71250000, -0.00000844
0.95000000, -0.11875000, -0.83125000, -0.00001235
1.00000000, 0.00000000, -1.00000000, 0.00000000
0.87500000, 0.12500000, -1.00000000, 0.00000000
0.75000000, 0.25000000, -1.00000000, 0.00000000
0.62500000, 0.37500000, -1.00000000, 0.00000000
0.50000000, 0.50000000, -1.00000000, 0.00000000
0.37500000, 0.62500000, -1.00000000, 0.00000000
0.25000000, 0.75000000, -1.00000000, 0.00000000
0.12500000, 0.87500000, -1.00000000, 0.00000000
0.00000000, 1.00000000, -1.00000000, 0.00000000
-0.12500000, 1.00000000, -0.87500000, 0.00000000
-0.25000000, 1.00000000, -0.75000000, 0.00000000
-0.37500000, 1.00000000, -0.62500000, 0.00000000
-0.50000000, 1.00000000, -0.50000000, 0.00000000
-0.62500000, 1.00000000, -0.37500000, 0.00000000
-0.75000000, 1.00000000, -0.25000000, 0.00000000
-0.87500000, 1.00000000, -0.12500000, 0.00000000
-1.00000000, 1.00000000, 0.00000000, 0.00000000
-1.00000000, 0.87500000, 0.12500000, 0.00000000
-1.00000000, 0.75000000, 0.25000000, 0.00000000
-1.00000000, 0.62500000, 0.37500000, 0.00000000
-1.00000000, 0.50000000, 0.50000000, 0.00000000
-1.00000000, 0.37500000, 0.62500000, 0.00000000
-1.00000000, 0.25000000, 0.75000000, 0.00000000
-1.00000000, 0.12500000, 0.87500000, 0.00000000
-1.00000000, 0.00000000, 1.00000000, 0.00000000
-0.87500000, -0.12500000, 1.00000000, 0.00000000
-0.75000000, -0.25000000, 1.00000000, 0.00000000
-0.62500000, -0.37500000, 1.00000000, 0.00000000
-0.50000000, -0.50000000, 1.00000000, 0.00000000
-0.37500000, -0.62500000, 1.00000000, 0.00000000
-0.25000000, -0.75000000, 1.00000000, 0.00000000
-0.12500000, -0.87500000, 1.00000000, 0.00000000
0.00000000, -1.00000000, 1.00000000, 0.00000000
0.12500000, -1.00000000, 0.87500000, 0.00000000
0.25000000, -1.00000000, 0.75000000, 0.00000000
0.37500000, -1.00000000, 0.62500000, 0.00000000
0.50000000, -1.00000000, 0.50000000, 0.00000000
0.62500000, -1.00000000, 0.37500000, 0.00000000
0.75000000, -1.00000000, 0.25000000, 0.00000000
0.87500000, -1.00000000, 0.12500000, 0.00000000
1.00000000, -1.00000000, 0.00000000, 0.00000000
1.00000000, -0.87500000, -0.12500000, 0.00000000
1.00000000, -0.75000000, -0.25000000, 0.00000000
1.00000000, -0.62500000, -0.37500000, 0.00000000
1.00000000, -0.50000000, -0.50000000, 0.00000000
1.00000000, -0.37500000, -0.62500000, 0.00000000
1.00000000, -0.25000000, -0.75000000, 0.00000000
1.00000000, -0.12500000, -0.87500000, 0.00000000
