0.01000000, 0.00000000, -0.01000000, 0.04277554
0.00000000, 0.01000000, -0.01000000, 0.17440122
-0.00125000, 0.01000000, -0.00875000, 0.27036729
-0.00250000, 0.01000000, -0.00750000, 0.26154375
-0.00375000, 0.01000000, -0.00625000, 0.20727369
-0.00500000, 0.01000000, -0.00500000, 0.12056132
-0.00625000, 0.01000000, -0.00375000, 0.01617157
-0.00750000, 0.01000000, -0.00250000, -0.08870425
-0.00875000, 0.01000000, -0.00125000, -0.18333721
-0.01000000, 0.01000000, 0.00000000, -0.20513830
-0.01000000, 0.00875000, 0.00125000, -0.15346903
-0.01000000, 0.00750000, 0.00250000, -0.12931614
-0.01000000, 0.00625000, 0.00375000, -0.11329408
-0.01000000, 0.00500000, 0.00500000, -0.09843809
-0.01000000, 0.00375000, 0.00625000, -0.08715679
-0.01000000, 0.00250000, 0.00750000, -0.07566079
-0.01000000, 0.00125000, 0.00875000, -0.06740955
-0.01000000, 0.00000000, 0.01000000, -0.05883940
0.00000000, -0.01000000, 0.01000000, -0.20513830
0.00125000, -0.01000000, 0.00875000, -0.18333721
0.00250000, -0.01000000, 0.00750000, -0.08870425
0.00375000, -0.01000000, 0.00625000, 0.01617157
0.00500000, -0.01000000, 0.00500000, 0.12056132
0.00625000, -0.01000000, 0.00375000, 0.20727369
0.00750000, -0.01000000, 0.00250000, 0.26154375
0.00875000, -0.01000000, 0.00125000, 0.27036729
0.01000000, -0.01000000, 0.00000000, 0.17440122
0.01000000, -0.00875000, -0.00125000, 0.12596984
0.01000000, -0.00750000, -0.00250000, 0.10468225
0.01000000, -0.00625000, -0.00375000, 0.09014720
0.01000000, -0.00500000, -0.00500000, 0.07772509
0.01000000, -0.00375000, -0.00625000, 0.06779682
0.01000000, -0.00250000, -0.00750000, 0.05805769
0.01000000, -0.00125000, -0.00875000, 0.05053856
0.02000000, 0.00000000, -0.02000000, 0.01180501
0.01750000, 0.00250000, -0.02000000, 0.01467844
0.01500000, 0.00500000, -0.02000000, 0.01747346
0.01250000, 0.00750000, -0.02000000, 0.02062486
0.01000000, 0.01000000, -0.02000000, 0.02421188
0.00750000, 0.01250000, -0.02000000, 0.02853970
0.00500000, 0.01500000, -0.02000000, 0.03379757
0.00250000, 0.01750000, -0.02000000, 0.04139433
0.00000000, 0.02000000, -0.02000000, 0.05875292
-0.00250000, 0.02000000, -0.01750000, 0.10282671
-0.00500000, 0.02000000, -0.01500000, 0.10589634
-0.00750000, 0.02000000, -0.01250000, 0.08799967
-0.01000000, 0.02000000, -0.01000000, 0.05743526
-0.01250000, 0.02000000, -0.00750000, 0.01799519
-0.01500000, 0.02000000, -0.00500000, -0.02557753
-0.01750000, 0.02000000, -0.00250000, -0.06549782
-0.02000000, 0.02000000, 0.00000000, -0.08078929
-0.02000000, 0.01750000, 0.00250000, -0.06148509
-0.02000000, 0.01500000, 0.00500000, -0.05220879
-0.02000000, 0.01250000, 0.00750000, -0.04551329
-0.02000000, 0.01000000, 0.01000000, -0.03964319
-0.02000000, 0.00750000, 0.01250000, -0.03496703
-0.02000000, 0.00500000, 0.01500000, -0.03065274
-0.02000000, 0.00250000, 0.01750000, -0.02709604
-0.02000000, 0.00000000, 0.02000000, -0.02368103
-0.01750000, -0.00250000, 0.02000000, -0.02709604
-0.01500000, -0.00500000, 0.02000000, -0.03065274
-0.01250000, -0.00750000, 0.02000000, -0.03496703
-0.01000000, -0.01000000, 0.02000000, -0.03964319
-0.00750000, -0.01250000, 0.02000000, -0.04551329
-0.00500000, -0.01500000, 0.02000000, -0.05220879
-0.00250000, -0.01750000, 0.02000000, -0.06148509
0.00000000, -0.02000000, 0.02000000, -0.08078929
0.00250000, -0.02000000, 0.01750000, -0.06549782
0.00500000, -0.02000000, 0.01500000, -0.02557753
0.00750000, -0.02000000, 0.01250000, 0.01799519
0.01000000, -0.02000000, 0.01000000, 0.05743526
0.01250000, -0.02000000, 0.00750000, 0.08799967
0.01500000, -0.02000000, 0.00500000, 0.10589634
0.01750000, -0.02000000, 0.00250000, 0.10282671
0.02000000, -0.02000000, 0.00000000, 0.05875292
0.02000000, -0.01750000, -0.00250000, 0.04139433
0.02000000, -0.01500000, -0.00500000, 0.03379757
0.02000000, -0.01250000, -0.00750000, 0.02853970
0.02000000, -0.01000000, -0.01000000, 0.02421188
0.02000000, -0.00750000, -0.01250000, 0.02062486
0.02000000, -0.00500000, -0.01500000, 0.01747346
0.02000000, -0.00250000, -0.01750000, 0.01467844
0.03000000, 0.00000000, -0.03000000, 0.00442369
0.02625000, 0.00375000, -0.03000000, 0.00596395
0.02250000, 0.00750000, -0.03000000, 0.00737006
0.01875000, 0.01125000, -0.03000000, 0.00893753
0.01500000, 0.01500000, -0.03000000, 0.01077957
0.01125000, 0.01875000, -0.03000000, 0.01293457
0.00750000, 0.02250000, -0.03000000, 0.01566271
0.00375000, 0.02625000, -0.03000000, 0.01964198
0.00000000, 0.03000000, -0.03000000, 0.02882990
-0.00375000, 0.03000000, -0.02625000, 0.05691253
-0.00750000, 0.03000000, -0.02250000, 0.06116048
-0.01125000, 0.03000000, -0.01875000, 0.05288186
-0.01500000, 0.03000000, -0.01500000, 0.03627832
-0.01875000, 0.03000000, -0.01125000, 0.01392840
-0.02250000, 0.03000000, -0.00750000, -0.01151620
-0.02625000, 0.03000000, -0.00375000, -0.03597435
-0.03000000, 0.03000000, 0.00000000, -0.04745539
-0.03000000, 0.02625000, 0.00375000, -0.03655651
-0.03000000, 0.02250000, 0.00750000, -0.03111496
-0.03000000, 0.01875000, 0.01125000, -0.02709860
-0.03000000, 0.01500000, 0.01500000, -0.02373429
-0.03000000, 0.01125000, 0.01875000, -0.02078604
-0.03000000, 0.00750000, 0.02250000, -0.01821167
-0.03000000, 0.00375000, 0.02625000, -0.01610031
-0.03000000, 0.00000000, 0.03000000, -0.01408924
-0.02625000, -0.00375000, 0.03000000, -0.01610031
-0.02250000, -0.00750000, 0.03000000, -0.01821167
-0.01875000, -0.01125000, 0.03000000, -0.02078604
-0.01500000, -0.01500000, 0.03000000, -0.02373429
-0.01125000, -0.01875000, 0.03000000, -0.02709860
-0.00750000, -0.02250000, 0.03000000, -0.03111496
-0.00375000, -0.02625000, 0.03000000, -0.03655651
0.00000000, -0.03000000, 0.03000000, -0.04745539
0.00375000, -0.03000000, 0.02625000, -0.03597435
0.00750000, -0.03000000, 0.02250000, -0.01151620
0.01125000, -0.03000000, 0.01875000, 0.01392840
0.01500000, -0.03000000, 0.01500000, 0.03627832
0.01875000, -0.03000000, 0.01125000, 0.05288186
0.02250000, -0.03000000, 0.00750000, 0.06116048
0.02625000, -0.03000000, 0.00375000, 0.05691253
0.03000000, -0.03000000, 0.00000000, 0.02882990
0.03000000, -0.02625000, -0.00375000, 0.01964198
0.03000000, -0.02250000, -0.00750000, 0.01566271
0.03000000, -0.01875000, -0.01125000, 0.01293457
0.03000000, -0.01500000, -0.01500000, 0.01077957
0.03000000, -0.01125000, -0.01875000, 0.00893753
0.03000000, -0.00750000, -0.02250000, 0.00737006
0.03000000, -0.00375000, -0.02625000, 0.00596395
0.04000000, 0.00000000, -0.04000000, 0.00160433
0.03500000, 0.00500000, -0.04000000, 0.00256157
0.03000000, 0.01000000, -0.04000000, 0.00335572
0.02500000, 0.01500000, -0.04000000, 0.00424694
0.02000000, 0.02000000, -0.04000000, 0.00529726
0.01500000, 0.02500000, -0.04000000, 0.00654046
0.01000000, 0.03000000, -0.04000000, 0.00815079
0.00500000, 0.03500000, -0.04000000, 0.01053151
0.00000000, 0.04000000, -0.04000000, 0.01617485
-0.00500000, 0.04000000, -0.03500000, 0.03662510
-0.01000000, 0.04000000, -0.03000000, 0.04075440
-0.01500000, 0.04000000, -0.02500000, 0.03629889
-0.02000000, 0.04000000, -0.02000000, 0.02574426
-0.02500000, 0.04000000, -0.01500000, 0.01088459
-0.03000000, 0.04000000, -0.01000000, -0.00646936
-0.03500000, 0.04000000, -0.00500000, -0.02378486
-0.04000000, 0.04000000, 0.00000000, -0.03288051
-0.04000000, 0.03500000, 0.00500000, -0.02559433
-0.04000000, 0.03000000, 0.01000000, -0.02184478
-0.04000000, 0.02500000, 0.01500000, -0.01898805
-0.04000000, 0.02000000, 0.02000000, -0.01659534
-0.04000000, 0.01500000, 0.02500000, -0.01451598
-0.04000000, 0.01000000, 0.03000000, -0.01272574
-0.04000000, 0.00500000, 0.03500000, -0.01121684
-0.04000000, 0.00000000, 0.04000000, -0.00980950
-0.03500000, -0.00500000, 0.04000000, -0.01121684
-0.03000000, -0.01000000, 0.04000000, -0.01272574
-0.02500000, -0.01500000, 0.04000000, -0.01451598
-0.02000000, -0.02000000, 0.04000000, -0.01659534
-0.01500000, -0.02500000, 0.04000000, -0.01898805
-0.01000000, -0.03000000, 0.04000000, -0.02184478
-0.00500000, -0.03500000, 0.04000000, -0.02559433
0.00000000, -0.04000000, 0.04000000, -0.03288051
0.00500000, -0.04000000, 0.03500000, -0.02378486
0.01000000, -0.04000000, 0.03000000, -0.00646936
0.01500000, -0.04000000, 0.02500000, 0.01088459
0.02000000, -0.04000000, 0.02000000, 0.02574426
0.02500000, -0.04000000, 0.01500000, 0.03629889
0.03000000, -0.04000000, 0.01000000, 0.04075440
0.03500000, -0.04000000, 0.00500000, 0.03662510
0.04000000, -0.04000000, 0.00000000, 0.01617485
0.04000000, -0.03500000, -0.00500000, 0.01053151
0.04000000, -0.03000000, -0.01000000, 0.00815079
0.04000000, -0.02500000, -0.01500000, 0.00654046
0.04000000, -0.02000000, -0.02000000, 0.00529726
0.04000000, -0.01500000, -0.02500000, 0.00424694
0.04000000, -0.01000000, -0.03000000, 0.00335572
0.04000000, -0.00500000, -0.03500000, 0.00256157
0.05000000, 0.00000000, -0.05000000, 0.00027834
0.04375000, 0.00625000, -0.05000000, 0.00090569
0.03750000, 0.01250000, -0.05000000, 0.00138116
0.03125000, 0.01875000, -0.05000000, 0.00190948
0.02500000, 0.02500000, -0.05000000, 0.00254125
0.01875000, 0.03125000, -0.05000000, 0.00328196
0.01250000, 0.03750000, -0.05000000, 0.00427063
0.00625000, 0.04375000, -0.05000000, 0.00577840
0.00000000, 0.05000000, -0.05000000, 0.00950518
-0.00625000, 0.05000000, -0.04375000, 0.02542454
-0.01250000, 0.05000000, -0.03750000, 0.02931135
-0.01875000, 0.05000000, -0.03125000, 0.02670793
-0.02500000, 0.05000000, -0.02500000, 0.01940232
-0.03125000, 0.05000000, -0.01875000, 0.00867597
-0.03750000, 0.05000000, -0.01250000, -0.00420012
-0.04375000, 0.05000000, -0.00625000, -0.01738014
-0.05000000, 0.05000000, 0.00000000, -0.02492443
-0.05000000, 0.04375000, 0.00625000, -0.01956165
-0.05000000, 0.03750000, 0.01250000, -0.01671439
-0.05000000, 0.03125000, 0.01875000, -0.01450988
-0.05000000, 0.02500000, 0.02500000, -0.01266628
-0.05000000, 0.01875000, 0.03125000, -0.01103369
-0.05000000, 0.01250000, 0.03750000, -0.00964012
-0.05000000, 0.00625000, 0.04375000, -0.00847006
-0.05000000, 0.00000000, 0.05000000, -0.00741397
-0.04375000, -0.00625000, 0.05000000, -0.00847006
-0.03750000, -0.01250000, 0.05000000, -0.00964012
-0.03125000, -0.01875000, 0.05000000, -0.01103369
-0.02500000, -0.02500000, 0.05000000, -0.01266628
-0.01875000, -0.03125000, 0.05000000, -0.01450988
-0.01250000, -0.03750000, 0.05000000, -0.01671439
-0.00625000, -0.04375000, 0.05000000, -0.01956165
0.00000000, -0.05000000, 0.05000000, -0.02492443
0.00625000, -0.05000000, 0.04375000, -0.01738014
0.01250000, -0.05000000, 0.03750000, -0.00420012
0.01875000, -0.05000000, 0.03125000, 0.00867597
0.02500000, -0.05000000, 0.02500000, 0.01940232
0.03125000, -0.05000000, 0.01875000, 0.02670793
0.03750000, -0.05000000, 0.01250000, 0.02931135
0.04375000, -0.05000000, 0.00625000, 0.02542454
0.05000000, -0.05000000, 0.00000000, 0.00950518
0.05000000, -0.04375000, -0.00625000, 0.00577840
0.05000000, -0.03750000, -0.01250000, 0.00427063
0.05000000, -0.03125000, -0.01875000, 0.00328196
0.05000000, -0.02500000, -0.02500000, 0.00254125
0.05000000, -0.01875000, -0.03125000, 0.00190948
0.05000000, -0.01250000, -0.03750000, 0.00138116
0.05000000, -0.00625000, -0.04375000, 0.00090569
0.06000000, 0.00000000, -0.06000000, -0.00038983
0.05250000, 0.00750000, -0.06000000, 0.00004340
0.04500000, 0.01500000, -0.06000000, 0.00031889
0.03750000, 0.02250000, -0.06000000, 0.00061651
0.03000000, 0.03000000, -0.06000000, 0.00097614
0.02250000, 0.03750000, -0.06000000, 0.00140944
0.01500000, 0.04500000, -0.06000000, 0.00201783
0.00750000, 0.05250000, -0.06000000, 0.00299107
0.00000000, 0.06000000, -0.06000000, 0.00557412
-0.00750000, 0.06000000, -0.05250000, 0.01855895
-0.01500000, 0.06000000, -0.04500000, 0.02214035
-0.02250000, 0.06000000, -0.03750000, 0.02057419
-0.03000000, 0.06000000, -0.03000000, 0.01516963
-0.03750000, 0.06000000, -0.02250000, 0.00691692
-0.04500000, 0.06000000, -0.01500000, -0.00315155
-0.05250000, 0.06000000, -0.00750000, -0.01368365
-0.06000000, 0.06000000, 0.00000000, -0.02005618
-0.06000000, 0.05250000, 0.00750000, -0.01584578
-0.06000000, 0.04500000, 0.01500000, -0.01353994
-0.06000000, 0.03750000, 0.02250000, -0.01172306
-0.06000000, 0.03000000, 0.03000000, -0.01018961
-0.06000000, 0.02250000, 0.03750000, -0.00885936
-0.06000000, 0.01500000, 0.04500000, -0.00772449
-0.06000000, 0.00750000, 0.05250000, -0.00677735
-0.06000000, 0.00000000, 0.06000000, -0.00592731
-0.05250000, -0.00750000, 0.06000000, -0.00677735
-0.04500000, -0.01500000, 0.06000000, -0.00772449
-0.03750000, -0.02250000, 0.06000000, -0.00885936
-0.03000000, -0.03000000, 0.06000000, -0.01018961
-0.02250000, -0.03750000, 0.06000000, -0.01172306
-0.01500000, -0.04500000, 0.06000000, -0.01353994
-0.00750000, -0.05250000, 0.06000000, -0.01584578
0.00000000, -0.06000000, 0.06000000, -0.02005618
0.00750000, -0.06000000, 0.05250000, -0.01368365
0.01500000, -0.06000000, 0.04500000, -0.00315155
0.02250000, -0.06000000, 0.03750000, 0.00691692
0.03000000, -0.06000000, 0.03000000, 0.01516963
0.03750000, -0.06000000, 0.02250000, 0.02057419
0.04500000, -0.06000000, 0.01500000, 0.02214035
0.05250000, -0.06000000, 0.00750000, 0.01855895
0.06000000, -0.06000000, 0.00000000, 0.00557412
0.06000000, -0.05250000, -0.00750000, 0.00299107
0.06000000, -0.04500000, -0.01500000, 0.00201783
0.06000000, -0.03750000, -0.02250000, 0.00140944
0.06000000, -0.03000000, -0.03000000, 0.00097614
0.06000000, -0.02250000, -0.03750000, 0.00061651
0.06000000, -0.01500000, -0.04500000, 0.00031889
0.06000000, -0.00750000, -0.05250000, 0.00004340
0.07000000, 0.00000000, -0.07000000, -0.00077002
0.06125000, 0.00875000, -0.07000000, -0.00046821
0.05250000, 0.01750000, -0.07000000, -0.00031881
0.04375000, 0.02625000, -0.07000000, -0.00016765
0.03500000, 0.03500000, -0.07000000, 0.00001760
0.02625000, 0.04375000, -0.07000000, 0.00024165
0.01750000, 0.05250000, -0.07000000, 0.00058759
0.00875000, 0.06125000, -0.07000000, 0.00119589
0.00000000, 0.07000000, -0.07000000, 0.00296949
-0.00875000, 0.07000000, -0.06125000, 0.01385731
-0.01750000, 0.07000000, -0.05250000, 0.01714965
-0.02625000, 0.07000000, -0.04375000, 0.01622656
-0.03500000, 0.07000000, -0.03500000, 0.01211828
-0.04375000, 0.07000000, -0.02625000, 0.00559825
-0.05250000, 0.07000000, -0.01750000, -0.00253812
-0.06125000, 0.07000000, -0.00875000, -0.01119946
-0.07000000, 0.07000000, 0.00000000, -0.01668917
-0.07000000, 0.06125000, 0.00875000, -0.01326939
-0.07000000, 0.05250000, 0.01750000, -0.01134288
-0.07000000, 0.04375000, 0.02625000, -0.00980966
-0.07000000, 0.03500000, 0.03500000, -0.00850374
-0.07000000, 0.02625000, 0.04375000, -0.00736644
-0.07000000, 0.01750000, 0.05250000, -0.00639291
-0.07000000, 0.00875000, 0.06125000, -0.00558088
-0.07000000, 0.00000000, 0.07000000, -0.00487560
-0.06125000, -0.00875000, 0.07000000, -0.00558088
-0.05250000, -0.01750000, 0.07000000, -0.00639291
-0.04375000, -0.02625000, 0.07000000, -0.00736644
-0.03500000, -0.03500000, 0.07000000, -0.00850374
-0.02625000, -0.04375000, 0.07000000, -0.00980966
-0.01750000, -0.05250000, 0.07000000, -0.01134288
-0.00875000, -0.06125000, 0.07000000, -0.01326939
0.00000000, -0.07000000, 0.07000000, -0.01668917
0.00875000, -0.07000000, 0.06125000, -0.01119946
0.01750000, -0.07000000, 0.05250000, -0.00253812
0.02625000, -0.07000000, 0.04375000, 0.00559825
0.03500000, -0.07000000, 0.03500000, 0.01211828
0.04375000, -0.07000000, 0.02625000, 0.01622656
0.05250000, -0.07000000, 0.01750000, 0.01714965
0.06125000, -0.07000000, 0.00875000, 0.01385731
0.07000000, -0.07000000, 0.00000000, 0.00296949
0.07000000, -0.06125000, -0.00875000, 0.00119589
0.07000000, -0.05250000, -0.01750000, 0.00058759
0.07000000, -0.04375000, -0.02625000, 0.00024165
0.07000000, -0.03500000, -0.03500000, 0.00001760
0.07000000, -0.02625000, -0.04375000, -0.00016765
0.07000000, -0.01750000, -0.05250000, -0.00031881
0.07000000, -0.00875000, -0.06125000, -0.00046821
0.08000000, 0.00000000, -0.08000000, -0.00098242
0.07000000, 0.01000000, -0.08000000, -0.00077792
0.06000000, 0.02000000, -0.08000000, -0.00071323
0.05000000, 0.03000000, -0.08000000, -0.00066233
0.04000000, 0.04000000, -0.08000000, -0.00059609
0.03000000, 0.05000000, -0.08000000, -0.00052110
0.02000000, 0.06000000, -0.08000000, -0.00036158
0.01000000, 0.07000000, -0.08000000, -0.00001199
0.00000000, 0.08000000, -0.08000000, 0.00118669
-0.01000000, 0.08000000, -0.07000000, 0.01048030
-0.02000000, 0.08000000, -0.06000000, 0.01351529
-0.03000000, 0.08000000, -0.05000000, 0.01301262
-0.04000000, 0.08000000, -0.04000000, 0.00981913
-0.05000000, 0.08000000, -0.03000000, 0.00455172
-0.06000000, 0.08000000, -0.02000000, -0.00218249
-0.07000000, 0.08000000, -0.01000000, -0.00945953
-0.08000000, 0.08000000, 0.00000000, -0.01426633
-0.08000000, 0.07000000, 0.01000000, -0.01140306
-0.08000000, 0.06000000, 0.02000000, -0.00974892
-0.08000000, 0.05000000, 0.03000000, -0.00842044
-0.08000000, 0.04000000, 0.04000000, -0.00728669
-0.08000000, 0.03000000, 0.05000000, -0.00627812
-0.08000000, 0.02000000, 0.06000000, -0.00541648
-0.08000000, 0.01000000, 0.07000000, -0.00469759
-0.08000000, 0.00000000, 0.08000000, -0.00410090
-0.07000000, -0.01000000, 0.08000000, -0.00469759
-0.06000000, -0.02000000, 0.08000000, -0.00541648
-0.05000000, -0.03000000, 0.08000000, -0.00627812
-0.04000000, -0.04000000, 0.08000000, -0.00728669
-0.03000000, -0.05000000, 0.08000000, -0.00842044
-0.02000000, -0.06000000, 0.08000000, -0.00974892
-0.01000000, -0.07000000, 0.08000000, -0.01140306
0.00000000, -0.08000000, 0.08000000, -0.01426633
0.01000000, -0.08000000, 0.07000000, -0.00945953
0.02000000, -0.08000000, 0.06000000, -0.00218249
0.03000000, -0.08000000, 0.05000000, 0.00455172
0.04000000, -0.08000000, 0.04000000, 0.00981913
0.05000000, -0.08000000, 0.03000000, 0.01301262
0.06000000, -0.08000000, 0.02000000, 0.01351529
0.07000000, -0.08000000, 0.01000000, 0.01048030
0.08000000, -0.08000000, 0.00000000, 0.00118669
0.08000000, -0.07000000, -0.01000000, -0.00001199
0.08000000, -0.06000000, -0.02000000, -0.00036158
0.08000000, -0.05000000, -0.03000000, -0.00052110
0.08000000, -0.04000000, -0.04000000, -0.00059609
0.08000000, -0.03000000, -0.05000000, -0.00066233
0.08000000, -0.02000000, -0.06000000, -0.00071323
0.08000000, -0.01000000, -0.07000000, -0.00077792
0.09000000, 0.00000000, -0.09000000, -0.00108269
0.07875000, 0.01125000, -0.09000000, -0.00094938
0.06750000, 0.02250000, -0.09000000, -0.00094859
0.05625000, 0.03375000, -0.09000000, -0.00097431
0.04500000, 0.04500000, -0.09000000, -0.00099909
0.03375000, 0.05625000, -0.09000000, -0.00103148
0.02250000, 0.06750000, -0.09000000, -0.00100465
0.01125000, 0.07875000, -0.09000000, -0.00084139
0.00000000, 0.09000000, -0.09000000, -0.00003872
-0.01125000, 0.09000000, -0.07875000, 0.00801239
-0.02250000, 0.09000000, -0.06750000, 0.01081154
-0.03375000, 0.09000000, -0.05625000, 0.01058834
-0.04500000, 0.09000000, -0.04500000, 0.00803353
-0.05625000, 0.09000000, -0.03375000, 0.00366055
-0.06750000, 0.09000000, -0.02250000, -0.00202273
-0.07875000, 0.09000000, -0.01125000, -0.00825086
-0.09000000, 0.09000000, 0.00000000, -0.01249320
-0.09000000, 0.07875000, 0.01125000, -0.01002474
-0.09000000, 0.06750000, 0.02250000, -0.00856467
-0.09000000, 0.05625000, 0.03375000, -0.00737639
-0.09000000, 0.04500000, 0.04500000, -0.00636294
-0.09000000, 0.03375000, 0.05625000, -0.00545597
-0.09000000, 0.02250000, 0.06750000, -0.00468575
-0.09000000, 0.01125000, 0.07875000, -0.00404455
-0.09000000, 0.00000000, 0.09000000, -0.00352469
-0.07875000, -0.01125000, 0.09000000, -0.00404455
-0.06750000, -0.02250000, 0.09000000, -0.00468575
-0.05625000, -0.03375000, 0.09000000, -0.00545597
-0.04500000, -0.04500000, 0.09000000, -0.00636294
-0.03375000, -0.05625000, 0.09000000, -0.00737639
-0.02250000, -0.06750000, 0.09000000, -0.00856467
-0.01125000, -0.07875000, 0.09000000, -0.01002474
0.00000000, -0.09000000, 0.09000000, -0.01249320
0.01125000, -0.09000000, 0.07875000, -0.00825086
0.02250000, -0.09000000, 0.06750000, -0.00202273
0.03375000, -0.09000000, 0.05625000, 0.00366055
0.04500000, -0.09000000, 0.04500000, 0.00803353
0.05625000, -0.09000000, 0.03375000, 0.01058834
0.06750000, -0.09000000, 0.02250000, 0.01081154
0.07875000, -0.09000000, 0.01125000, 0.00801239
0.09000000, -0.09000000, 0.00000000, -0.00003872
0.09000000, -0.07875000, -0.01125000, -0.00084139
0.09000000, -0.06750000, -0.02250000, -0.00100465
0.09000000, -0.05625000, -0.03375000, -0.00103148
0.09000000, -0.04500000, -0.04500000, -0.00099909
0.09000000, -0.03375000, -0.05625000, -0.00097431
0.09000000, -0.02250000, -0.06750000, -0.00094859
0.09000000, -0.01125000, -0.07875000, -0.00094938
0.10000000, 0.00000000, -0.10000000, -0.00111686
0.08750000, 0.01250000, -0.10000000, -0.00103504
0.07500000, 0.02500000, -0.10000000, -0.00108426
0.06250000, 0.03750000, -0.10000000, -0.00117021
0.05000000, 0.05000000, -0.10000000, -0.00126697
0.03750000, 0.06250000, -0.10000000, -0.00137840
0.02500000, 0.07500000, -0.10000000, -0.00144927
0.01250000, 0.08750000, -0.10000000, -0.00142500
0.00000000, 0.10000000, -0.10000000, -0.00090997
-0.01250000, 0.10000000, -0.08750000, 0.00615058
-0.02500000, 0.10000000, -0.07500000, 0.00873293
-0.03750000, 0.10000000, -0.06250000, 0.00869876
-0.05000000, 0.10000000, -0.05000000, 0.00660720
-0.06250000, 0.10000000, -0.03750000, 0.00289818
-0.07500000, 0.10000000, -0.02500000, -0.00197053
-0.08750000, 0.10000000, -0.01250000, -0.00737587
-0.10000000, 0.10000000, 0.00000000, -0.01113411
-0.10000000, 0.08750000, 0.01250000, -0.00896188
-0.10000000, 0.07500000, 0.02500000, -0.00764671
-0.10000000, 0.06250000, 0.03750000, -0.00656125
-0.10000000, 0.05000000, 0.05000000, -0.00563359
-0.10000000, 0.03750000, 0.06250000, -0.00481308
-0.10000000, 0.02500000, 0.07500000, -0.00411917
-0.10000000, 0.01250000, 0.08750000, -0.00354400
-0.10000000, 0.00000000, 0.10000000, -0.00307779
-0.08750000, -0.01250000, 0.10000000, -0.00354400
-0.07500000, -0.02500000, 0.10000000, -0.00411917
-0.06250000, -0.03750000, 0.10000000, -0.00481308
-0.05000000, -0.05000000, 0.10000000, -0.00563359
-0.03750000, -0.06250000, 0.10000000, -0.00656125
-0.02500000, -0.07500000, 0.10000000, -0.00764671
-0.01250000, -0.08750000, 0.10000000, -0.00896188
0.00000000, -0.10000000, 0.10000000, -0.01113411
0.01250000, -0.10000000, 0.08750000, -0.00737587
0.02500000, -0.10000000, 0.07500000, -0.00197053
0.03750000, -0.10000000, 0.06250000, 0.00289818
0.05000000, -0.10000000, 0.05000000, 0.00660720
0.06250000, -0.10000000, 0.03750000, 0.00869876
0.07500000, -0.10000000, 0.02500000, 0.00873293
0.08750000, -0.10000000, 0.01250000, 0.00615058
0.10000000, -0.10000000, 0.00000000, -0.00090997
0.10000000, -0.08750000, -0.01250000, -0.00142500
0.10000000, -0.07500000, -0.02500000, -0.00144927
0.10000000, -0.06250000, -0.03750000, -0.00137840
0.10000000, -0.05000000, -0.05000000, -0.00126697
0.10000000, -0.03750000, -0.06250000, -0.00117021
0.10000000, -0.02500000, -0.07500000, -0.00108426
0.10000000, -0.01250000, -0.08750000, -0.00103504
0.15000000, 0.00000000, -0.15000000, -0.00098160
0.13125000, 0.01875000, -0.15000000, -0.00103327
0.11250000, 0.03750000, -0.15000000, -0.00119148
0.09375000, 0.05625000, -0.15000000, -0.00141064
0.07500000, 0.07500000, -0.15000000, -0.00166703
0.05625000, 0.09375000, -0.15000000, -0.00197121
0.03750000, 0.11250000, -0.15000000, -0.00229198
0.01875000, 0.13125000, -0.15000000, -0.00262883
0.00000000, 0.15000000, -0.15000000, -0.00295105
-0.01875000, 0.15000000, -0.13125000, 0.00103819
-0.03750000, 0.15000000, -0.11250000, 0.00280861
-0.05625000, 0.15000000, -0.09375000, 0.00315890
-0.07500000, 0.15000000, -0.07500000, 0.00235832
-0.09375000, 0.15000000, -0.05625000, 0.00060291
-0.11250000, 0.15000000, -0.03750000, -0.00191217
-0.13125000, 0.15000000, -0.01875000, -0.00483905
-0.15000000, 0.15000000, 0.00000000, -0.00701530
-0.15000000, 0.13125000, 0.01875000, -0.00570138
-0.15000000, 0.11250000, 0.03750000, -0.00483052
-0.15000000, 0.09375000, 0.05625000, -0.00409384
-0.15000000, 0.07500000, 0.07500000, -0.00345272
-0.15000000, 0.05625000, 0.09375000, -0.00287664
-0.15000000, 0.03750000, 0.11250000, -0.00238521
-0.15000000, 0.01875000, 0.13125000, -0.00198039
-0.15000000, 0.00000000, 0.15000000, -0.00167522
-0.13125000, -0.01875000, 0.15000000, -0.00198039
-0.11250000, -0.03750000, 0.15000000, -0.00238521
-0.09375000, -0.05625000, 0.15000000, -0.00287664
-0.07500000, -0.07500000, 0.15000000, -0.00345272
-0.05625000, -0.09375000, 0.15000000, -0.00409384
-0.03750000, -0.11250000, 0.15000000, -0.00483052
-0.01875000, -0.13125000, 0.15000000, -0.00570138
0.00000000, -0.15000000, 0.15000000, -0.00701530
0.01875000, -0.15000000, 0.13125000, -0.00483905
0.03750000, -0.15000000, 0.11250000, -0.00191217
0.05625000, -0.15000000, 0.09375000, 0.00060291
0.07500000, -0.15000000, 0.07500000, 0.00235832
0.09375000, -0.15000000, 0.05625000, 0.00315890
0.11250000, -0.15000000, 0.03750000, 0.00280861
0.13125000, -0.15000000, 0.01875000, 0.00103819
0.15000000, -0.15000000, 0.00000000, -0.00295105
0.15000000, -0.13125000, -0.01875000, -0.00262883
0.15000000, -0.11250000, -0.03750000, -0.00229198
0.15000000, -0.09375000, -0.05625000, -0.00197121
0.15000000, -0.07500000, -0.07500000, -0.00166703
0.15000000, -0.05625000, -0.09375000, -0.00141064
0.15000000, -0.03750000, -0.11250000, -0.00119148
0.15000000, -0.01875000, -0.13125000, -0.00103327
0.20000000, 0.00000000, -0.20000000, -0.00068050
0.17500000, 0.02500000, -0.20000000, -0.00077062
0.15000000, 0.05000000, -0.20000000, -0.00095312
0.12500000, 0.07500000, -0.20000000, -0.00119802
0.10000000, 0.10000000, -0.20000000, -0.00148603
0.07500000, 0.12500000, -0.20000000, -0.00182177
0.05000000, 0.15000000, -0.20000000, -0.00219109
0.02500000, 0.17500000, -0.20000000, -0.00262188
0.00000000, 0.20000000, -0.20000000, -0.00320222
-0.02500000, 0.20000000, -0.17500000, -0.00084152
-0.05000000, 0.20000000, -0.15000000, 0.00037482
-0.07500000, 0.20000000, -0.12500000, 0.00076919
-0.10000000, 0.20000000, -0.10000000, 0.00043152
-0.12500000, 0.20000000, -0.07500000, -0.00053014
-0.15000000, 0.20000000, -0.05000000, -0.00197121
-0.17500000, 0.20000000, -0.02500000, -0.00371076
-0.20000000, 0.20000000, 0.00000000, -0.00496581
-0.20000000, 0.17500000, 0.02500000, -0.00399732
-0.20000000, 0.15000000, 0.05000000, -0.00334233
-0.20000000, 0.12500000, 0.07500000, -0.00277437
-0.20000000, 0.10000000, 0.10000000, -0.00228205
-0.20000000, 0.07500000, 0.12500000, -0.00185319
-0.20000000, 0.05000000, 0.15000000, -0.00149295
-0.20000000, 0.02500000, 0.17500000, -0.00119719
-0.20000000, 0.00000000, 0.20000000, -0.00096988
-0.17500000, -0.02500000, 0.20000000, -0.00119719
-0.15000000, -0.05000000, 0.20000000, -0.00149295
-0.12500000, -0.07500000, 0.20000000, -0.00185319
-0.10000000, -0.10000000, 0.20000000, -0.00228205
-0.07500000, -0.12500000, 0.20000000, -0.00277437
-0.05000000, -0.15000000, 0.20000000, -0.00334233
-0.02500000, -0.17500000, 0.20000000, -0.00399732
0.00000000, -0.20000000, 0.20000000, -0.00496581
0.02500000, -0.20000000, 0.17500000, -0.00371076
0.05000000, -0.20000000, 0.15000000, -0.00197121
0.07500000, -0.20000000, 0.12500000, -0.00053014
0.10000000, -0.20000000, 0.10000000, 0.00043152
0.12500000, -0.20000000, 0.07500000, 0.00076919
0.15000000, -0.20000000, 0.05000000, 0.00037482
0.17500000, -0.20000000, 0.02500000, -0.00084152
0.20000000, -0.20000000, 0.00000000, -0.00320222
0.20000000, -0.17500000, -0.02500000, -0.00262188
0.20000000, -0.15000000, -0.05000000, -0.00219109
0.20000000, -0.12500000, -0.07500000, -0.00182177
0.20000000, -0.10000000, -0.10000000, -0.00148603
0.20000000, -0.07500000, -0.12500000, -0.00119802
0.20000000, -0.05000000, -0.15000000, -0.00095312
0.20000000, -0.02500000, -0.17500000, -0.00077062
0.25000000, 0.00000000, -0.25000000, -0.00044210
0.21875000, 0.03125000, -0.25000000, -0.00053299
0.18750000, 0.06250000, -0.25000000, -0.00069421
0.15625000, 0.09375000, -0.25000000, -0.00091064
0.12500000, 0.12500000, -0.25000000, -0.00116759
0.09375000, 0.15625000, -0.25000000, -0.00147522
0.06250000, 0.18750000, -0.25000000, -0.00182459
0.03125000, 0.21875000, -0.25000000, -0.00225245
0.00000000, 0.25000000, -0.25000000, -0.00294785
-0.03125000, 0.25000000, -0.21875000, -0.00162234
-0.06250000, 0.25000000, -0.18750000, -0.00078502
-0.09375000, 0.25000000, -0.15625000, -0.00042100
-0.12500000, 0.25000000, -0.12500000, -0.00050294
-0.15625000, 0.25000000, -0.09375000, -0.00099031
-0.18750000, 0.25000000, -0.06250000, -0.00182442
-0.21875000, 0.25000000, -0.03125000, -0.00285328
-0.25000000, 0.25000000, 0.00000000, -0.00351451
-0.25000000, 0.21875000, 0.03125000, -0.00277097
-0.25000000, 0.18750000, 0.06250000, -0.00227757
-0.25000000, 0.15625000, 0.09375000, -0.00186115
-0.25000000, 0.12500000, 0.12500000, -0.00149772
-0.25000000, 0.09375000, 0.15625000, -0.00117605
-0.25000000, 0.06250000, 0.18750000, -0.00090243
-0.25000000, 0.03125000, 0.21875000, -0.00067948
-0.25000000, 0.00000000, 0.25000000, -0.00051534
-0.21875000, -0.03125000, 0.25000000, -0.00067948
-0.18750000, -0.06250000, 0.25000000, -0.00090243
-0.15625000, -0.09375000, 0.25000000, -0.00117605
-0.12500000, -0.12500000, 0.25000000, -0.00149772
-0.09375000, -0.15625000, 0.25000000, -0.00186115
-0.06250000, -0.18750000, 0.25000000, -0.00227757
-0.03125000, -0.21875000, 0.25000000, -0.00277097
0.00000000, -0.25000000, 0.25000000, -0.00351451
0.03125000, -0.25000000, 0.21875000, -0.00285328
0.06250000, -0.25000000, 0.18750000, -0.00182442
0.09375000, -0.25000000, 0.15625000, -0.00099031
0.12500000, -0.25000000, 0.12500000, -0.00050294
0.15625000, -0.25000000, 0.09375000, -0.00042100
0.18750000, -0.25000000, 0.06250000, -0.00078502
0.21875000, -0.25000000, 0.03125000, -0.00162234
0.25000000, -0.25000000, 0.00000000, -0.00294785
0.25000000, -0.21875000, -0.03125000, -0.00225245
0.25000000, -0.18750000, -0.06250000, -0.00182459
0.25000000, -0.15625000, -0.09375000, -0.00147522
0.25000000, -0.12500000, -0.12500000, -0.00116759
0.25000000, -0.09375000, -0.15625000, -0.00091064
0.25000000, -0.06250000, -0.18750000, -0.00069421
0.25000000, -0.03125000, -0.21875000, -0.00053299
0.30000000, 0.00000000, -0.30000000, -0.00025998
0.26250000, 0.03750000, -0.30000000, -0.00033647
0.22500000, 0.07500000, -0.30000000, -0.00046420
0.18750000, 0.11250000, -0.30000000, -0.00063635
0.15000000, 0.15000000, -0.30000000, -0.00084254
0.11250000, 0.18750000, -0.30000000, -0.00109343
0.07500000, 0.22500000, -0.30000000, -0.00138234
0.03750000, 0.26250000, -0.30000000, -0.00175003
0.00000000, 0.30000000, -0.30000000, -0.00240845
-0.03750000, 0.30000000, -0.26250000, -0.00177510
-0.07500000, 0.30000000, -0.22500000, -0.00122191
-0.11250000, 0.30000000, -0.18750000, -0.00091396
-0.15000000, 0.30000000, -0.15000000, -0.00089228
-0.18750000, 0.30000000, -0.11250000, -0.00114251
-0.22500000, 0.30000000, -0.07500000, -0.00162383
-0.26250000, 0.30000000, -0.03750000, -0.00223005
-0.30000000, 0.30000000, 0.00000000, -0.00249380
-0.30000000, 0.26250000, 0.03750000, -0.00188659
-0.30000000, 0.22500000, 0.07500000, -0.00151546
-0.30000000, 0.18750000, 0.11250000, -0.00120834
-0.30000000, 0.15000000, 0.15000000, -0.00094583
-0.30000000, 0.11250000, 0.18750000, -0.00071380
-0.30000000, 0.07500000, 0.22500000, -0.00052127
-0.30000000, 0.03750000, 0.26250000, -0.00036596
-0.30000000, 0.00000000, 0.30000000, -0.00025678
-0.26250000, -0.03750000, 0.30000000, -0.00036596
-0.22500000, -0.07500000, 0.30000000, -0.00052127
-0.18750000, -0.11250000, 0.30000000, -0.00071380
-0.15000000, -0.15000000, 0.30000000, -0.00094583
-0.11250000, -0.18750000, 0.30000000, -0.00120834
-0.07500000, -0.22500000, 0.30000000, -0.00151546
-0.03750000, -0.26250000, 0.30000000, -0.00188659
0.00000000, -0.30000000, 0.30000000, -0.00249380
0.03750000, -0.30000000, 0.26250000, -0.00223005
0.07500000, -0.30000000, 0.22500000, -0.00162383
0.11250000, -0.30000000, 0.18750000, -0.00114251
0.15000000, -0.30000000, 0.15000000, -0.00089228
0.18750000, -0.30000000, 0.11250000, -0.00091396
0.22500000, -0.30000000, 0.07500000, -0.00122191
0.26250000, -0.30000000, 0.03750000, -0.00177510
0.30000000, -0.30000000, 0.00000000, -0.00240845
0.30000000, -0.26250000, -0.03750000, -0.00175003
0.30000000, -0.22500000, -0.07500000, -0.00138234
0.30000000, -0.18750000, -0.11250000, -0.00109343
0.30000000, -0.15000000, -0.15000000, -0.00084254
0.30000000, -0.11250000, -0.18750000, -0.00063635
0.30000000, -0.07500000, -0.22500000, -0.00046420
0.30000000, -0.03750000, -0.26250000, -0.00033647
0.35000000, 0.00000000, -0.35000000, -0.00013673
0.30625000, 0.04375000, -0.35000000, -0.00019139
0.26250000, 0.08750000, -0.35000000, -0.00028550
0.21875000, 0.13125000, -0.35000000, -0.00041291
0.17500000, 0.17500000, -0.35000000, -0.00056715
0.13125000, 0.21875000, -0.35000000, -0.00075369
0.08750000, 0.26250000, -0.35000000, -0.00097004
0.04375000, 0.30625000, -0.35000000, -0.00125498
0.00000000, 0.35000000, -0.35000000, -0.00180589
-0.04375000, 0.35000000, -0.30625000, -0.00161809
-0.08750000, 0.35000000, -0.26250000, -0.00127224
-0.13125000, 0.35000000, -0.21875000, -0.00103135
-0.17500000, 0.35000000, -0.17500000, -0.00097801
-0.21875000, 0.35000000, -0.13125000, -0.00111182
-0.26250000, 0.35000000, -0.08750000, -0.00138716
-0.30625000, 0.35000000, -0.04375000, -0.00173162
-0.35000000, 0.35000000, 0.00000000, -0.00172638
-0.35000000, 0.30625000, 0.04375000, -0.00123760
-0.35000000, 0.26250000, 0.08750000, -0.00096611
-0.35000000, 0.21875000, 0.13125000, -0.00074570
-0.35000000, 0.17500000, 0.17500000, -0.00056031
-0.35000000, 0.13125000, 0.21875000, -0.00040790
-0.35000000, 0.08750000, 0.26250000, -0.00028562
-0.35000000, 0.04375000, 0.30625000, -0.00019050
-0.35000000, 0.00000000, 0.35000000, -0.00012071
-0.30625000, -0.04375000, 0.35000000, -0.00019050
-0.26250000, -0.08750000, 0.35000000, -0.00028562
-0.21875000, -0.13125000, 0.35000000, -0.00040790
-0.17500000, -0.17500000, 0.35000000, -0.00056031
-0.13125000, -0.21875000, 0.35000000, -0.00074570
-0.08750000, -0.26250000, 0.35000000, -0.00096611
-0.04375000, -0.30625000, 0.35000000, -0.00123760
0.00000000, -0.35000000, 0.35000000, -0.00172638
0.04375000, -0.35000000, 0.30625000, -0.00173162
0.08750000, -0.35000000, 0.26250000, -0.00138716
0.13125000, -0.35000000, 0.21875000, -0.00111182
0.17500000, -0.35000000, 0.17500000, -0.00097801
0.21875000, -0.35000000, 0.13125000, -0.00103135
0.26250000, -0.35000000, 0.08750000, -0.00127224
0.30625000, -0.35000000, 0.04375000, -0.00161809
0.35000000, -0.35000000, 0.00000000, -0.00180589
0.35000000, -0.30625000, -0.04375000, -0.00125498
0.35000000, -0.26250000, -0.08750000, -0.00097004
0.35000000, -0.21875000, -0.13125000, -0.00075369
0.35000000, -0.17500000, -0.17500000, -0.00056715
0.35000000, -0.13125000, -0.21875000, -0.00041291
0.35000000, -0.08750000, -0.26250000, -0.00028550
0.35000000, -0.04375000, -0.30625000, -0.00019139
0.40000000, 0.00000000, -0.40000000, -0.00007255
0.35000000, 0.05000000, -0.40000000, -0.00010839
0.30000000, 0.10000000, -0.40000000, -0.00016977
0.25000000, 0.15000000, -0.40000000, -0.00025474
0.20000000, 0.20000000, -0.40000000, -0.00035897
0.15000000, 0.25000000, -0.40000000, -0.00048839
0.10000000, 0.30000000, -0.40000000, -0.00064055
0.05000000, 0.35000000, -0.40000000, -0.00084498
0.00000000, 0.40000000, -0.40000000, -0.00128650
-0.05000000, 0.40000000, -0.35000000, -0.00137248
-0.10000000, 0.40000000, -0.30000000, -0.00116744
-0.15000000, 0.40000000, -0.25000000, -0.00098654
-0.20000000, 0.40000000, -0.20000000, -0.00090604
-0.25000000, 0.40000000, -0.15000000, -0.00094563
-0.30000000, 0.40000000, -0.10000000, -0.00109029
-0.35000000, 0.40000000, -0.05000000, -0.00125751
-0.40000000, 0.40000000, 0.00000000, -0.00110080
-0.40000000, 0.35000000, 0.05000000, -0.00074193
-0.40000000, 0.30000000, 0.10000000, -0.00056021
-0.40000000, 0.25000000, 0.15000000, -0.00042225
-0.40000000, 0.20000000, 0.20000000, -0.00030562
-0.40000000, 0.15000000, 0.25000000, -0.00021115
-0.40000000, 0.10000000, 0.30000000, -0.00013459
-0.40000000, 0.05000000, 0.35000000, -0.00007831
-0.40000000, 0.00000000, 0.40000000, -0.00004010
-0.35000000, -0.05000000, 0.40000000, -0.00007831
-0.30000000, -0.10000000, 0.40000000, -0.00013459
-0.25000000, -0.15000000, 0.40000000, -0.00021115
-0.20000000, -0.20000000, 0.40000000, -0.00030562
-0.15000000, -0.25000000, 0.40000000, -0.00042225
-0.10000000, -0.30000000, 0.40000000, -0.00056021
-0.05000000, -0.35000000, 0.40000000, -0.00074193
0.00000000, -0.40000000, 0.40000000, -0.00110080
0.05000000, -0.40000000, 0.35000000, -0.00125751
0.10000000, -0.40000000, 0.30000000, -0.00109029
0.15000000, -0.40000000, 0.25000000, -0.00094563
0.20000000, -0.40000000, 0.20000000, -0.00090604
0.25000000, -0.40000000, 0.15000000, -0.00098654
0.30000000, -0.40000000, 0.10000000, -0.00116744
0.35000000, -0.40000000, 0.05000000, -0.00137248
0.40000000, -0.40000000, 0.00000000, -0.00128650
0.40000000, -0.35000000, -0.05000000, -0.00084498
0.40000000, -0.30000000, -0.10000000, -0.00064055
0.40000000, -0.25000000, -0.15000000, -0.00048839
0.40000000, -0.20000000, -0.20000000, -0.00035897
0.40000000, -0.15000000, -0.25000000, -0.00025474
0.40000000, -0.10000000, -0.30000000, -0.00016977
0.40000000, -0.05000000, -0.35000000, -0.00010839
0.45000000, 0.00000000, -0.45000000, -0.00003709
0.39375000, 0.05625000, -0.45000000, -0.00005977
0.33750000, 0.11250000, -0.45000000, -0.00009613
0.28125000, 0.16875000, -0.45000000, -0.00014814
0.22500000, 0.22500000, -0.45000000, -0.00021256
0.16875000, 0.28125000, -0.45000000, -0.00029609
0.11250000, 0.33750000, -0.45000000, -0.00039486
0.05625000, 0.39375000, -0.45000000, -0.00052842
0.00000000, 0.45000000, -0.45000000, -0.00084692
-0.05625000, 0.45000000, -0.39375000, -0.00107225
-0.11250000, 0.45000000, -0.33750000, -0.00096727
-0.16875000, 0.45000000, -0.28125000, -0.00083733
-0.22500000, 0.45000000, -0.22500000, -0.00075321
-0.28125000, 0.45000000, -0.16875000, -0.00074352
-0.33750000, 0.45000000, -0.11250000, -0.00081046
-0.39375000, 0.45000000, -0.05625000, -0.00087465
-0.45000000, 0.45000000, 0.00000000, -0.00065716
-0.45000000, 0.39375000, 0.05625000, -0.00040885
-0.45000000, 0.33750000, 0.11250000, -0.00029688
-0.45000000, 0.28125000, 0.16875000, -0.00021834
-0.45000000, 0.22500000, 0.22500000, -0.00015276
-0.45000000, 0.16875000, 0.28125000, -0.00009695
-0.45000000, 0.11250000, 0.33750000, -0.00005187
-0.45000000, 0.05625000, 0.39375000, -0.00002045
-0.45000000, 0.00000000, 0.45000000, -0.00000499
-0.39375000, -0.05625000, 0.45000000, -0.00002045
-0.33750000, -0.11250000, 0.45000000, -0.00005187
-0.28125000, -0.16875000, 0.45000000, -0.00009695
-0.22500000, -0.22500000, 0.45000000, -0.00015276
-0.16875000, -0.28125000, 0.45000000, -0.00021834
-0.11250000, -0.33750000, 0.45000000, -0.00029688
-0.05625000, -0.39375000, 0.45000000, -0.00040885
0.00000000, -0.45000000, 0.45000000, -0.00065716
0.05625000, -0.45000000, 0.39375000, -0.00087465
0.11250000, -0.45000000, 0.33750000, -0.00081046
0.16875000, -0.45000000, 0.28125000, -0.00074352
0.22500000, -0.45000000, 0.22500000, -0.00075321
0.28125000, -0.45000000, 0.16875000, -0.00083733
0.33750000, -0.45000000, 0.11250000, -0.00096727
0.39375000, -0.45000000, 0.05625000, -0.00107225
0.45000000, -0.45000000, 0.00000000, -0.00084692
0.45000000, -0.39375000, -0.05625000, -0.00052842
0.45000000, -0.33750000, -0.11250000, -0.00039486
0.45000000, -0.28125000, -0.16875000, -0.00029609
0.45000000, -0.22500000, -0.22500000, -0.00021256
0.45000000, -0.16875000, -0.28125000, -0.00014814
0.45000000, -0.11250000, -0.33750000, -0.00009613
0.45000000, -0.05625000, -0.39375000, -0.00005977
0.50000000, 0.00000000, -0.50000000, -0.00001232
0.43750000, 0.06250000, -0.50000000, -0.00002527
0.37500000, 0.12500000, -0.50000000, -0.00004667
0.31250000, 0.18750000, -0.50000000, -0.00007770
0.25000000, 0.25000000, -0.50000000, -0.00011618
0.18750000, 0.31250000, -0.50000000, -0.00016534
0.12500000, 0.37500000, -0.50000000, -0.00022222
0.06250000, 0.43750000, -0.50000000, -0.00029930
0.00000000, 0.50000000, -0.50000000, -0.00049150
-0.06250000, 0.50000000, -0.43750000, -0.00075124
-0.12500000, 0.50000000, -0.37500000, -0.00071659
-0.18750000, 0.50000000, -0.31250000, -0.00063119
-0.25000000, 0.50000000, -0.25000000, -0.00057216
-0.31250000, 0.50000000, -0.18750000, -0.00056285
-0.37500000, 0.50000000, -0.12500000, -0.00059209
-0.43750000, 0.50000000, -0.06250000, -0.00061050
-0.50000000, 0.50000000, 0.00000000, -0.00038889
-0.50000000, 0.43750000, 0.06250000, -0.00022094
-0.50000000, 0.37500000, 0.12500000, -0.00015435
-0.50000000, 0.31250000, 0.18750000, -0.00010710
-0.50000000, 0.25000000, 0.25000000, -0.00007009
-0.50000000, 0.18750000, 0.31250000, -0.00004095
-0.50000000, 0.12500000, 0.37500000, -0.00002029
-0.50000000, 0.06250000, 0.43750000, -0.00000718
-0.50000000, 0.00000000, 0.50000000, -0.00000254
-0.43750000, -0.06250000, 0.50000000, -0.00000718
-0.37500000, -0.12500000, 0.50000000, -0.00002029
-0.31250000, -0.18750000, 0.50000000, -0.00004095
-0.25000000, -0.25000000, 0.50000000, -0.00007009
-0.18750000, -0.31250000, 0.50000000, -0.00010710
-0.12500000, -0.37500000, 0.50000000, -0.00015435
-0.06250000, -0.43750000, 0.50000000, -0.00022094
0.00000000, -0.50000000, 0.50000000, -0.00038889
0.06250000, -0.50000000, 0.43750000, -0.00061050
0.12500000, -0.50000000, 0.37500000, -0.00059209
0.18750000, -0.50000000, 0.31250000, -0.00056285
0.25000000, -0.50000000, 0.25000000, -0.00057216
0.31250000, -0.50000000, 0.18750000, -0.00063119
0.37500000, -0.50000000, 0.12500000, -0.00071659
0.43750000, -0.50000000, 0.06250000, -0.00075124
0.50000000, -0.50000000, 0.00000000, -0.00049150
0.50000000, -0.43750000, -0.06250000, -0.00029930
0.50000000, -0.37500000, -0.12500000, -0.00022222
0.50000000, -0.31250000, -0.18750000, -0.00016534
0.50000000, -0.25000000, -0.25000000, -0.00011618
0.50000000, -0.18750000, -0.31250000, -0.00007770
0.50000000, -0.12500000, -0.37500000, -0.00004667
0.50000000, -0.06250000, -0.43750000, -0.00002527
0.55000000, 0.00000000, -0.55000000, 0.00000014
0.48125000, 0.06875000, -0.55000000, -0.00000558
0.41250000, 0.13750000, -0.55000000, -0.00001789
0.34375000, 0.20625000, -0.55000000, -0.00003579
0.27500000, 0.27500000, -0.55000000, -0.00005807
0.20625000, 0.34375000, -0.55000000, -0.00008438
0.13750000, 0.41250000, -0.55000000, -0.00011352
0.06875000, 0.48125000, -0.55000000, -0.00015290
0.00000000, 0.55000000, -0.55000000, -0.00025348
-0.06875000, 0.55000000, -0.48125000, -0.00048306
-0.13750000, 0.55000000, -0.41250000, -0.00048713
-0.20625000, 0.55000000, -0.34375000, -0.00043759
-0.27500000, 0.55000000, -0.27500000, -0.00040327
-0.34375000, 0.55000000, -0.20625000, -0.00040207
-0.41250000, 0.55000000, -0.13750000, -0.00041423
-0.48125000, 0.55000000, -0.06875000, -0.00041133
-0.55000000, 0.55000000, 0.00000000, -0.00022000
-0.55000000, 0.48125000, 0.06875000, -0.00011630
-0.55000000, 0.41250000, 0.13750000, -0.00007885
-0.55000000, 0.34375000, 0.20625000, -0.00005028
-0.55000000, 0.27500000, 0.27500000, -0.00002894
-0.55000000, 0.20625000, 0.34375000, -0.00001661
-0.55000000, 0.13750000, 0.41250000, -0.00001026
-0.55000000, 0.06875000, 0.48125000, -0.00000766
-0.55000000, 0.00000000, 0.55000000, -0.00000562
-0.48125000, -0.06875000, 0.55000000, -0.00000766
-0.41250000, -0.13750000, 0.55000000, -0.00001026
-0.34375000, -0.20625000, 0.55000000, -0.00001661
-0.27500000, -0.27500000, 0.55000000, -0.00002894
-0.20625000, -0.34375000, 0.55000000, -0.00005028
-0.13750000, -0.41250000, 0.55000000, -0.00007885
-0.06875000, -0.48125000, 0.55000000, -0.00011630
0.00000000, -0.55000000, 0.55000000, -0.00022000
0.06875000, -0.55000000, 0.48125000, -0.00041133
0.13750000, -0.55000000, 0.41250000, -0.00041423
0.20625000, -0.55000000, 0.34375000, -0.00040207
0.27500000, -0.55000000, 0.27500000, -0.00040327
0.34375000, -0.55000000, 0.20625000, -0.00043759
0.41250000, -0.55000000, 0.13750000, -0.00048713
0.48125000, -0.55000000, 0.06875000, -0.00048306
0.55000000, -0.55000000, 0.00000000, -0.00025348
0.55000000, -0.48125000, -0.06875000, -0.00015290
0.55000000, -0.41250000, -0.13750000, -0.00011352
0.55000000, -0.34375000, -0.20625000, -0.00008438
0.55000000, -0.27500000, -0.27500000, -0.00005807
0.55000000, -0.20625000, -0.34375000, -0.00003579
0.55000000, -0.13750000, -0.41250000, -0.00001789
0.55000000, -0.06875000, -0.48125000, -0.00000558
0.60000000, 0.00000000, -0.60000000, 0.00000018
0.52500000, 0.07500000, -0.60000000, -0.00000146
0.45000000, 0.15000000, -0.60000000, -0.00000688
0.37500000, 0.22500000, -0.60000000, -0.00001551
0.30000000, 0.30000000, -0.60000000, -0.00002668
0.22500000, 0.37500000, -0.60000000, -0.00003994
0.15000000, 0.45000000, -0.60000000, -0.00005452
0.07500000, 0.52500000, -0.60000000, -0.00007354
0.00000000, 0.60000000, -0.60000000, -0.00012926
-0.07500000, 0.60000000, -0.52500000, -0.00030326
-0.15000000, 0.60000000, -0.45000000, -0.00031925
-0.22500000, 0.60000000, -0.37500000, -0.00029383
-0.30000000, 0.60000000, -0.30000000, -0.00026702
-0.37500000, 0.60000000, -0.22500000, -0.00025729
-0.45000000, 0.60000000, -0.15000000, -0.00025887
-0.52500000, 0.60000000, -0.07500000, -0.00024115
-0.60000000, 0.60000000, 0.00000000, -0.00009910
-0.60000000, 0.52500000, 0.07500000, -0.00004868
-0.60000000, 0.45000000, 0.15000000, -0.00003143
-0.60000000, 0.37500000, 0.22500000, -0.00001949
-0.60000000, 0.30000000, 0.30000000, -0.00000991
-0.60000000, 0.22500000, 0.37500000, -0.00000521
-0.60000000, 0.15000000, 0.45000000, -0.00000244
-0.60000000, 0.07500000, 0.52500000, -0.00000200
-0.60000000, 0.00000000, 0.60000000, -0.00000068
-0.52500000, -0.07500000, 0.60000000, -0.00000200
-0.45000000, -0.15000000, 0.60000000, -0.00000244
-0.37500000, -0.22500000, 0.60000000, -0.00000521
-0.30000000, -0.30000000, 0.60000000, -0.00000991
-0.22500000, -0.37500000, 0.60000000, -0.00001949
-0.15000000, -0.45000000, 0.60000000, -0.00003143
-0.07500000, -0.52500000, 0.60000000, -0.00004868
0.00000000, -0.60000000, 0.60000000, -0.00009910
0.07500000, -0.60000000, 0.52500000, -0.00024115
0.15000000, -0.60000000, 0.45000000, -0.00025887
0.22500000, -0.60000000, 0.37500000, -0.00025729
0.30000000, -0.60000000, 0.30000000, -0.00026702
0.37500000, -0.60000000, 0.22500000, -0.00029383
0.45000000, -0.60000000, 0.15000000, -0.00031925
0.52500000, -0.60000000, 0.07500000, -0.00030326
0.60000000, -0.60000000, 0.00000000, -0.00012926
0.60000000, -0.52500000, -0.07500000, -0.00007354
0.60000000, -0.45000000, -0.15000000, -0.00005452
0.60000000, -0.37500000, -0.22500000, -0.00003994
0.60000000, -0.30000000, -0.30000000, -0.00002668
0.60000000, -0.22500000, -0.37500000, -0.00001551
0.60000000, -0.15000000, -0.45000000, -0.00000688
0.60000000, -0.07500000, -0.52500000, -0.00000146
0.65000000, 0.00000000, -0.65000000, -0.00000307
0.56875000, 0.08125000, -0.65000000, -0.00000353
0.48750000, 0.16250000, -0.65000000, -0.00000448
0.40625000, 0.24375000, -0.65000000, -0.00000720
0.32500000, 0.32500000, -0.65000000, -0.00001126
0.24375000, 0.40625000, -0.65000000, -0.00001778
0.16250000, 0.48750000, -0.65000000, -0.00002545
0.08125000, 0.56875000, -0.65000000, -0.00003459
0.00000000, 0.65000000, -0.65000000, -0.00006915
-0.08125000, 0.65000000, -0.56875000, -0.00018614
-0.16250000, 0.65000000, -0.48750000, -0.00020171
-0.24375000, 0.65000000, -0.40625000, -0.00018989
-0.32500000, 0.65000000, -0.32500000, -0.00016513
-0.40625000, 0.65000000, -0.24375000, -0.00014543
-0.48750000, 0.65000000, -0.16250000, -0.00014056
-0.56875000, 0.65000000, -0.08125000, -0.00011759
-0.65000000, 0.65000000, 0.00000000, -0.00002742
-0.65000000, 0.56875000, 0.08125000, -0.00000998
-0.65000000, 0.48750000, 0.16250000, -0.00000477
-0.65000000, 0.40625000, 0.24375000, -0.00000407
-0.65000000, 0.32500000, 0.32500000, -0.00000248
-0.65000000, 0.24375000, 0.40625000, 0.00000019
-0.65000000, 0.16250000, 0.48750000, 0.00000356
-0.65000000, 0.08125000, 0.56875000, 0.00000526
-0.65000000, 0.00000000, 0.65000000, 0.00000512
-0.56875000, -0.08125000, 0.65000000, 0.00000526
-0.48750000, -0.16250000, 0.65000000, 0.00000356
-0.40625000, -0.24375000, 0.65000000, 0.00000019
-0.32500000, -0.32500000, 0.65000000, -0.00000248
-0.24375000, -0.40625000, 0.65000000, -0.00000407
-0.16250000, -0.48750000, 0.65000000, -0.00000477
-0.08125000, -0.56875000, 0.65000000, -0.00000998
0.00000000, -0.65000000, 0.65000000, -0.00002742
0.08125000, -0.65000000, 0.56875000, -0.00011759
0.16250000, -0.65000000, 0.48750000, -0.00014056
0.24375000, -0.65000000, 0.40625000, -0.00014543
0.32500000, -0.65000000, 0.32500000, -0.00016513
0.40625000, -0.65000000, 0.24375000, -0.00018989
0.48750000, -0.65000000, 0.16250000, -0.00020171
0.56875000, -0.65000000, 0.08125000, -0.00018614
0.65000000, -0.65000000, 0.00000000, -0.00006915
0.65000000, -0.56875000, -0.08125000, -0.00003459
0.65000000, -0.48750000, -0.16250000, -0.00002545
0.65000000, -0.40625000, -0.24375000, -0.00001778
0.65000000, -0.32500000, -0.32500000, -0.00001126
0.65000000, -0.24375000, -0.40625000, -0.00000720
0.65000000, -0.16250000, -0.48750000, -0.00000448
0.65000000, -0.08125000, -0.56875000, -0.00000353
0.70000000, 0.00000000, -0.70000000, -0.00000173
0.61250000, 0.08750000, -0.70000000, -0.00000225
0.52500000, 0.17500000, -0.70000000, -0.00000212
0.43750000, 0.26250000, -0.70000000, -0.00000275
0.35000000, 0.35000000, -0.70000000, -0.00000396
0.26250000, 0.43750000, -0.70000000, -0.00000676
0.17500000, 0.52500000, -0.70000000, -0.00001001
0.08750000, 0.61250000, -0.70000000, -0.00001346
0.00000000, 0.70000000, -0.70000000, -0.00002780
-0.08750000, 0.70000000, -0.61250000, -0.00009618
-0.17500000, 0.70000000, -0.52500000, -0.00011049
-0.26250000, 0.70000000, -0.43750000, -0.00010600
-0.35000000, 0.70000000, -0.35000000, -0.00009206
-0.43750000, 0.70000000, -0.26250000, -0.00007950
-0.52500000, 0.70000000, -0.17500000, -0.00007428
-0.61250000, 0.70000000, -0.08750000, -0.00005935
-0.70000000, 0.70000000, 0.00000000, -0.00000951
-0.70000000, 0.61250000, 0.08750000, -0.00000149
-0.70000000, 0.52500000, 0.17500000, 0.00000004
-0.70000000, 0.43750000, 0.26250000, -0.00000059
-0.70000000, 0.35000000, 0.35000000, -0.00000084
-0.70000000, 0.26250000, 0.43750000, 0.00000086
-0.70000000, 0.17500000, 0.52500000, 0.00000278
-0.70000000, 0.08750000, 0.61250000, 0.00000402
-0.70000000, 0.00000000, 0.70000000, 0.00000288
-0.61250000, -0.08750000, 0.70000000, 0.00000402
-0.52500000, -0.17500000, 0.70000000, 0.00000278
-0.43750000, -0.26250000, 0.70000000, 0.00000086
-0.35000000, -0.35000000, 0.70000000, -0.00000084
-0.26250000, -0.43750000, 0.70000000, -0.00000059
-0.17500000, -0.52500000, 0.70000000, 0.00000004
-0.08750000, -0.61250000, 0.70000000, -0.00000149
0.00000000, -0.70000000, 0.70000000, -0.00000951
0.08750000, -0.70000000, 0.61250000, -0.00005935
0.17500000, -0.70000000, 0.52500000, -0.00007428
0.26250000, -0.70000000, 0.43750000, -0.00007950
0.35000000, -0.70000000, 0.35000000, -0.00009206
0.43750000, -0.70000000, 0.26250000, -0.00010600
0.52500000, -0.70000000, 0.17500000, -0.00011049
0.61250000, -0.70000000, 0.08750000, -0.00009618
0.70000000, -0.70000000, 0.00000000, -0.00002780
0.70000000, -0.61250000, -0.08750000, -0.00001346
0.70000000, -0.52500000, -0.17500000, -0.00001001
0.70000000, -0.43750000, -0.26250000, -0.00000676
0.70000000, -0.35000000, -0.35000000, -0.00000396
0.70000000, -0.26250000, -0.43750000, -0.00000275
0.70000000, -0.17500000, -0.52500000, -0.00000212
0.70000000, -0.08750000, -0.61250000, -0.00000225
0.75000000, 0.00000000, -0.75000000, 0.00000215
0.65625000, 0.09375000, -0.75000000, 0.00000183
0.56250000, 0.18750000, -0.75000000, 0.00000115
0.46875000, 0.28125000, -0.75000000, 0.00000031
0.37500000, 0.37500000, -0.75000000, -0.00000075
0.28125000, 0.46875000, -0.75000000, -0.00000141
0.18750000, 0.56250000, -0.75000000, -0.00000157
0.09375000, 0.65625000, -0.75000000, -0.00000164
0.00000000, 0.75000000, -0.75000000, 0.00000099
-0.09375000, 0.75000000, -0.65625000, -0.00003140
-0.18750000, 0.75000000, -0.56250000, -0.00004416
-0.28125000, 0.75000000, -0.46875000, -0.00004380
-0.37500000, 0.75000000, -0.37500000, -0.00004408
-0.46875000, 0.75000000, -0.28125000, -0.00004690
-0.56250000, 0.75000000, -0.18750000, -0.00004513
-0.65625000, 0.75000000, -0.09375000, -0.00004207
-0.75000000, 0.75000000, 0.00000000, -0.00001639
-0.75000000, 0.65625000, 0.09375000, -0.00000760
-0.75000000, 0.56250000, 0.18750000, -0.00000548
-0.75000000, 0.46875000, 0.28125000, -0.00000251
-0.75000000, 0.37500000, 0.37500000, -0.00000093
-0.75000000, 0.28125000, 0.46875000, -0.00000073
-0.75000000, 0.18750000, 0.56250000, -0.00000181
-0.75000000, 0.09375000, 0.65625000, -0.00000263
-0.75000000, 0.00000000, 0.75000000, -0.00000319
-0.65625000, -0.09375000, 0.75000000, -0.00000263
-0.56250000, -0.18750000, 0.75000000, -0.00000181
-0.46875000, -0.28125000, 0.75000000, -0.00000073
-0.37500000, -0.37500000, 0.75000000, -0.00000093
-0.28125000, -0.46875000, 0.75000000, -0.00000251
-0.18750000, -0.56250000, 0.75000000, -0.00000548
-0.09375000, -0.65625000, 0.75000000, -0.00000760
0.00000000, -0.75000000, 0.75000000, -0.00001639
0.09375000, -0.75000000, 0.65625000, -0.00004207
0.18750000, -0.75000000, 0.56250000, -0.00004513
0.28125000, -0.75000000, 0.46875000, -0.00004690
0.37500000, -0.75000000, 0.37500000, -0.00004408
0.46875000, -0.75000000, 0.28125000, -0.00004380
0.56250000, -0.75000000, 0.18750000, -0.00004416
0.65625000, -0.75000000, 0.09375000, -0.00003140
0.75000000, -0.75000000, 0.00000000, 0.00000099
0.75000000, -0.65625000, -0.09375000, -0.00000164
0.75000000, -0.56250000, -0.18750000, -0.00000157
0.75000000, -0.46875000, -0.28125000, -0.00000141
0.75000000, -0.37500000, -0.37500000, -0.00000075
0.75000000, -0.28125000, -0.46875000, 0.00000031
0.75000000, -0.18750000, -0.56250000, 0.00000115
0.75000000, -0.09375000, -0.65625000, 0.00000183
0.80000000, 0.00000000, -0.80000000, 0.00000206
0.70000000, 0.10000000, -0.80000000, 0.00000232
0.60000000, 0.20000000, -0.80000000, 0.00000160
0.50000000, 0.30000000, -0.80000000, 0.00000087
0.40000000, 0.40000000, -0.80000000, 0.00000001
0.30000000, 0.50000000, -0.80000000, 0.00000003
0.20000000, 0.60000000, -0.80000000, 0.00000052
0.10000000, 0.70000000, -0.80000000, 0.00000097
0.00000000, 0.80000000, -0.80000000, 0.00000467
-0.10000000, 0.80000000, -0.70000000, -0.00000686
-0.20000000, 0.80000000, -0.60000000, -0.00001389
-0.30000000, 0.80000000, -0.50000000, -0.00001512
-0.40000000, 0.80000000, -0.40000000, -0.00001838
-0.50000000, 0.80000000, -0.30000000, -0.00002332
-0.60000000, 0.80000000, -0.20000000, -0.00002332
-0.70000000, 0.80000000, -0.10000000, -0.00002319
-0.80000000, 0.80000000, 0.00000000, -0.00001051
-0.80000000, 0.70000000, 0.10000000, -0.00000625
-0.80000000, 0.60000000, 0.20000000, -0.00000479
-0.80000000, 0.50000000, 0.30000000, -0.00000210
-0.80000000, 0.40000000, 0.40000000, -0.00000043
-0.80000000, 0.30000000, 0.50000000, -0.00000097
-0.80000000, 0.20000000, 0.60000000, -0.00000243
-0.80000000, 0.10000000, 0.70000000, -0.00000361
-0.80000000, 0.00000000, 0.80000000, -0.00000308
-0.70000000, -0.10000000, 0.80000000, -0.00000361
-0.60000000, -0.20000000, 0.80000000, -0.00000243
-0.50000000, -0.30000000, 0.80000000, -0.00000097
-0.40000000, -0.40000000, 0.80000000, -0.00000043
-0.30000000, -0.50000000, 0.80000000, -0.00000210
-0.20000000, -0.60000000, 0.80000000, -0.00000479
-0.10000000, -0.70000000, 0.80000000, -0.00000625
0.00000000, -0.80000000, 0.80000000, -0.00001051
0.10000000, -0.80000000, 0.70000000, -0.00002319
0.20000000, -0.80000000, 0.60000000, -0.00002332
0.30000000, -0.80000000, 0.50000000, -0.00002332
0.40000000, -0.80000000, 0.40000000, -0.00001838
0.50000000, -0.80000000, 0.30000000, -0.00001512
0.60000000, -0.80000000, 0.20000000, -0.00001389
0.70000000, -0.80000000, 0.10000000, -0.00000686
0.80000000, -0.80000000, 0.00000000, 0.00000467
0.80000000, -0.70000000, -0.10000000, 0.00000097
0.80000000, -0.60000000, -0.20000000, 0.00000052
0.80000000, -0.50000000, -0.30000000, 0.00000003
0.80000000, -0.40000000, -0.40000000, 0.00000001
0.80000000, -0.30000000, -0.50000000, 0.00000087
0.80000000, -0.20000000, -0.60000000, 0.00000160
0.80000000, -0.10000000, -0.70000000, 0.00000232
0.85000000, 0.00000000, -0.85000000, -0.00000153
0.74375000, 0.10625000, -0.85000000, -0.00000115
0.63750000, 0.21250000, -0.85000000, -0.00000076
0.53125000, 0.31875000, -0.85000000, -0.00000050
0.42500000, 0.42500000, -0.85000000, -0.00000030
0.31875000, 0.53125000, -0.85000000, -0.00000054
0.21250000, 0.63750000, -0.85000000, -0.00000109
0.10625000, 0.74375000, -0.85000000, -0.00000178
0.00000000, 0.85000000, -0.85000000, -0.00000699
-0.10625000, 0.85000000, -0.74375000, -0.00001094
-0.21250000, 0.85000000, -0.63750000, -0.00001078
-0.31875000, 0.85000000, -0.53125000, -0.00001149
-0.42500000, 0.85000000, -0.42500000, -0.00000785
-0.53125000, 0.85000000, -0.31875000, -0.00000261
-0.63750000, 0.85000000, -0.21250000, -0.00000142
-0.74375000, 0.85000000, -0.10625000, 0.00000299
-0.85000000, 0.85000000, 0.00000000, 0.00000734
-0.85000000, 0.74375000, 0.10625000, 0.00000361
-0.85000000, 0.63750000, 0.21250000, 0.00000273
-0.85000000, 0.53125000, 0.31875000, 0.00000115
-0.85000000, 0.42500000, 0.42500000, 0.00000043
-0.85000000, 0.31875000, 0.53125000, 0.00000053
-0.85000000, 0.21250000, 0.63750000, 0.00000133
-0.85000000, 0.10625000, 0.74375000, 0.00000186
-0.85000000, 0.00000000, 0.85000000, 0.00000234
-0.74375000, -0.10625000, 0.85000000, 0.00000186
-0.63750000, -0.21250000, 0.85000000, 0.00000133
-0.53125000, -0.31875000, 0.85000000, 0.00000053
-0.42500000, -0.42500000, 0.85000000, 0.00000043
-0.31875000, -0.53125000, 0.85000000, 0.00000115
-0.21250000, -0.63750000, 0.85000000, 0.00000273
-0.10625000, -0.74375000, 0.85000000, 0.00000361
0.00000000, -0.85000000, 0.85000000, 0.00000734
0.10625000, -0.85000000, 0.74375000, 0.00000299
0.21250000, -0.85000000, 0.63750000, -0.00000142
0.31875000, -0.85000000, 0.53125000, -0.00000261
0.42500000, -0.85000000, 0.42500000, -0.00000785
0.53125000, -0.85000000, 0.31875000, -0.00001149
0.63750000, -0.85000000, 0.21250000, -0.00001078
0.74375000, -0.85000000, 0.10625000, -0.00001094
0.85000000, -0.85000000, 0.00000000, -0.00000699
0.85000000, -0.74375000, -0.10625000, -0.00000178
0.85000000, -0.63750000, -0.21250000, -0.00000109
0.85000000, -0.53125000, -0.31875000, -0.00000054
0.85000000, -0.42500000, -0.42500000, -0.00000030
0.85000000, -0.31875000, -0.53125000, -0.00000050
0.85000000, -0.21250000, -0.63750000, -0.00000076
0.85000000, -0.10625000, -0.74375000, -0.00000115
0.90000000, 0.00000000, -0.90000000, -0.00000127
0.78750000, 0.11250000, -0.90000000, -0.00000139
0.67500000, 0.22500000, -0.90000000, -0.00000095
0.56250000, 0.33750000, -0.90000000, -0.00000057
0.45000000, 0.45000000, -0.90000000, -0.00000019
0.33750000, 0.56250000, -0.90000000, -0.00000039
0.22500000, 0.67500000, -0.90000000, -0.00000086
0.11250000, 0.78750000, -0.90000000, -0.00000130
0.00000000, 0.90000000, -0.90000000, -0.00000440
-0.11250000, 0.90000000, -0.78750000, -0.00000649
-0.22500000, 0.90000000, -0.67500000, -0.00000556
-0.33750000, 0.90000000, -0.56250000, -0.00000550
-0.45000000, 0.90000000, -0.45000000, -0.00000243
-0.56250000, 0.90000000, -0.33750000, 0.00000193
-0.67500000, 0.90000000, -0.22500000, 0.00000298
-0.78750000, 0.90000000, -0.11250000, 0.00000555
-0.90000000, 0.90000000, 0.00000000, 0.00000527
-0.90000000, 0.78750000, 0.11250000, 0.00000344
-0.90000000, 0.67500000, 0.22500000, 0.00000269
-0.90000000, 0.56250000, 0.33750000, 0.00000115
-0.90000000, 0.45000000, 0.45000000, 0.00000023
-0.90000000, 0.33750000, 0.56250000, 0.00000061
-0.90000000, 0.22500000, 0.67500000, 0.00000153
-0.90000000, 0.11250000, 0.78750000, 0.00000223
-0.90000000, 0.00000000, 0.90000000, 0.00000192
-0.78750000, -0.11250000, 0.90000000, 0.00000223
-0.67500000, -0.22500000, 0.90000000, 0.00000153
-0.56250000, -0.33750000, 0.90000000, 0.00000061
-0.45000000, -0.45000000, 0.90000000, 0.00000023
-0.33750000, -0.56250000, 0.90000000, 0.00000115
-0.22500000, -0.67500000, 0.90000000, 0.00000269
-0.11250000, -0.78750000, 0.90000000, 0.00000344
0.00000000, -0.90000000, 0.90000000, 0.00000527
0.11250000, -0.90000000, 0.78750000, 0.00000555
0.22500000, -0.90000000, 0.67500000, 0.00000298
0.33750000, -0.90000000, 0.56250000, 0.00000193
0.45000000, -0.90000000, 0.45000000, -0.00000243
0.56250000, -0.90000000, 0.33750000, -0.00000550
0.67500000, -0.90000000, 0.22500000, -0.00000556
0.78750000, -0.90000000, 0.11250000, -0.00000649
0.90000000, -0.90000000, 0.00000000, -0.00000440
0.90000000, -0.78750000, -0.11250000, -0.00000130
0.90000000, -0.67500000, -0.22500000, -0.00000086
0.90000000, -0.56250000, -0.33750000, -0.00000039
0.90000000, -0.45000000, -0.45000000, -0.00000019
0.90000000, -0.33750000, -0.56250000, -0.00000057
0.90000000, -0.22500000, -0.67500000, -0.00000095
0.90000000, -0.11250000, -0.78750000, -0.00000139
0.95000000, 0.00000000, -0.95000000, 0.00000155
0.83125000, 0.11875000, -0.95000000, 0.00000135
0.71250000, 0.23750000, -0.95000000, 0.00000091
0.59375000, 0.35625000, -0.95000000, 0.00000056
0.47500000, 0.47500000, -0.95000000, 0.00000023
0.35625000, 0.59375000, -0.95000000, 0.00000041
0.23750000, 0.71250000, -0.95000000, 0.00000091
0.11875000, 0.83125000, -0.95000000, 0.00000151
0.00000000, 0.95000000, -0.95000000, 0.00000609
-0.11875000, 0.95000000, -0.83125000, 0.00000600
-0.23750000, 0.95000000, -0.71250000, 0.00000421
-0.35625000, 0.95000000, -0.59375000, 0.00000409
-0.47500000, 0.95000000, -0.47500000, 0.00000081
-0.59375000, 0.95000000, -0.35625000, -0.00000377
-0.71250000, 0.95000000, -0.23750000, -0.00000453
-0.83125000, 0.95000000, -0.11875000, -0.00000727
-0.95000000, 0.95000000, 0.00000000, -0.00000743
-0.95000000, 0.83125000, 0.11875000, -0.00000386
-0.95000000, 0.71250000, 0.23750000, -0.00000291
-0.95000000, 0.59375000, 0.35625000, -0.00000126
-0.95000000, 0.47500000, 0.47500000, -0.00000036
-0.95000000, 0.35625000, 0.59375000, -0.00000061
-0.95000000, 0.23750000, 0.71250000, -0.00000149
-0.95000000, 0.11875000, 0.83125000, -0.00000215
-0.95000000, 0.00000000, 0.95000000, -0.00000234
-0.83125000, -0.11875000, 0.95000000, -0.00000215
-0.71250000, -0.23750000, 0.95000000, -0.00000149
-0.59375000, -0.35625000, 0.95000000, -0.00000061
-0.47500000, -0.47500000, 0.95000000, -0.00000036
-0.35625000, -0.59375000, 0.95000000, -0.00000126
-0.23750000, -0.71250000, 0.95000000, -0.00000291
-0.11875000, -0.83125000, 0.95000000, -0.00000386
0.00000000, -0.95000000, 0.95000000, -0.00000743
0.11875000, -0.95000000, 0.83125000, -0.00000727
0.23750000, -0.95000000, 0.71250000, -0.00000453
0.35625000, -0.95000000, 0.59375000, -0.00000377
0.47500000, -0.95000000, 0.47500000, 0.00000081
0.59375000, -0.95000000, 0.35625000, 0.00000409
0.71250000, -0.95000000, 0.23750000, 0.00000421
0.83125000, -0.95000000, 0.11875000, 0.00000600
0.95000000, -0.95000000, 0.00000000, 0.00000609
0.95000000, -0.83125000, -0.11875000, 0.00000151
0.95000000, -0.71250000, -0.23750000, 0.00000091
0.95000000, -0.59375000, -0.35625000, 0.00000041
0.95000000, -0.47500000, -0.47500000, 0.00000023
0.95000000, -0.35625000, -0.59375000, 0.00000056
0.95000000, -0.23750000, -0.71250000, 0.00000091
0.95000000, -0.11875000, -0.83125000, 0.00000135
1.00000000, 0.00000000, -1.00000000, 0.00000000
0.87500000, 0.12500000, -1.00000000, 0.00000000
0.75000000, 0.25000000, -1.00000000, 0.00000000
0.62500000, 0.37500000, -1.00000000, 0.00000000
0.50000000, 0.50000000, -1.00000000, 0.00000000
0.37500000, 0.62500000, -1.00000000, 0.00000000
0.25000000, 0.75000000, -1.00000000, 0.00000000
0.12500000, 0.87500000, -1.00000000, 0.00000000
0.00000000, 1.00000000, -1.00000000, 0.00000000
-0.12500000, 1.00000000, -0.87500000, 0.00000000
-0.25000000, 1.00000000, -0.75000000, 0.00000000
-0.37500000, 1.00000000, -0.62500000, 0.00000000
-0.50000000, 1.00000000, -0.50000000, 0.00000000
-0.62500000, 1.00000000, -0.37500000, 0.00000000
-0.75000000, 1.00000000, -0.25000000, 0.00000000
-0.87500000, 1.00000000, -0.12500000, 0.00000000
-1.00000000, 1.00000000, 0.00000000, 0.00000000
-1.00000000, 0.87500000, 0.12500000, 0.00000000
-1.00000000, 0.75000000, 0.25000000, 0.00000000
-1.00000000, 0.62500000, 0.37500000, 0.00000000
-1.00000000, 0.50000000, 0.50000000, 0.00000000
-1.00000000, 0.37500000, 0.62500000, 0.00000000
-1.00000000, 0.25000000, 0.75000000, 0.00000000
-1.00000000, 0.12500000, 0.87500000, 0.00000000
-1.00000000, 0.00000000, 1.00000000, 0.00000000
-0.87500000, -0.12500000, 1.00000000, 0.00000000
-0.75000000, -0.25000000, 1.00000000, 0.00000000
-0.62500000, -0.37500000, 1.00000000, 0.00000000
-0.50000000, -0.50000000, 1.00000000, 0.00000000
-0.37500000, -0.62500000, 1.00000000, 0.00000000
-0.25000000, -0.75000000, 1.00000000, 0.00000000
-0.12500000, -0.87500000, 1.00000000, 0.00000000
0.00000000, -1.00000000, 1.00000000, 0.00000000
0.12500000, -1.00000000, 0.87500000, 0.00000000
0.25000000, -1.00000000, 0.75000000, 0.00000000
0.37500000, -1.00000000, 0.62500000, 0.00000000
0.50000000, -1.00000000, 0.50000000, 0.00000000
0.62500000, -1.00000000, 0.37500000, 0.00000000
0.75000000, -1.00000000, 0.25000000, 0.00000000
0.87500000, -1.00000000, 0.12500000, 0.00000000
1.00000000, -1.00000000, 0.00000000, 0.00000000
1.00000000, -0.87500000, -0.12500000, 0.00000000
1.00000000, -0.75000000, -0.25000000, 0.00000000
1.00000000, -0.62500000, -0.37500000, 0.00000000
1.00000000, -0.50000000, -0.50000000, 0.00000000
1.00000000, -0.37500000, -0.62500000, 0.00000000
1.00000000, -0.25000000, -0.75000000, 0.00000000
1.00000000, -0.12500000, -0.87500000, 0.00000000
