0.01000000, 0.00000000, -0.01000000, 0.07868525
0.00000000, 0.01000000, -0.01000000, 0.16566451
-0.00125000, 0.01000000, -0.00875000, 0.24057375
-0.00250000, 0.01000000, -0.00750000, 0.22693425
-0.00375000, 0.01000000, -0.00625000, 0.17906010
-0.00500000, 0.01000000, -0.00500000, 0.10507334
-0.00625000, 0.01000000, -0.00375000, 0.02000460
-0.00750000, 0.01000000, -0.00250000, -0.06294617
-0.00875000, 0.01000000, -0.00125000, -0.13364334
-0.01000000, 0.01000000, 0.00000000, -0.13901135
-0.01000000, 0.00875000, 0.00125000, -0.10265988
-0.01000000, 0.00750000, 0.00250000, -0.08911197
-0.01000000, 0.00625000, 0.00375000, -0.08219162
-0.01000000, 0.00500000, 0.00500000, -0.07541919
-0.01000000, 0.00375000, 0.00625000, -0.07096385
-0.01000000, 0.00250000, 0.00750000, -0.06509189
-0.01000000, 0.00125000, 0.00875000, -0.06088480
-0.01000000, 0.00000000, 0.01000000, -0.05461302
0.00000000, -0.01000000, 0.01000000, -0.13901135
0.00125000, -0.01000000, 0.00875000, -0.13364334
0.00250000, -0.01000000, 0.00750000, -0.06294617
0.00375000, -0.01000000, 0.00625000, 0.02000460
0.00500000, -0.01000000, 0.00500000, 0.10507334
0.00625000, -0.01000000, 0.00375000, 0.17906010
0.00750000, -0.01000000, 0.00250000, 0.22693425
0.00875000, -0.01000000, 0.00125000, 0.24057375
0.01000000, -0.01000000, 0.00000000, 0.16566451
0.01000000, -0.00875000, -0.00125000, 0.13041238
0.01000000, -0.00750000, -0.00250000, 0.11712232
0.01000000, -0.00625000, -0.00375000, 0.10956704
0.01000000, -0.00500000, -0.00500000, 0.10231996
0.01000000, -0.00375000, -0.00625000, 0.09727501
0.01000000, -0.00250000, -0.00750000, 0.09035482
0.01000000, -0.00125000, -0.00875000, 0.08545919
0.02000000, 0.00000000, -0.02000000, 0.04775905
0.01750000, 0.00250000, -0.02000000, 0.05013786
0.01500000, 0.00500000, -0.02000000, 0.05141103
0.01250000, 0.00750000, -0.02000000, 0.05203511
0.01000000, 0.01000000, -0.02000000, 0.05209307
0.00750000, 0.01250000, -0.02000000, 0.05240067
0.00500000, 0.01500000, -0.02000000, 0.05221668
0.00250000, 0.01750000, -0.02000000, 0.05372937
0.00000000, 0.02000000, -0.02000000, 0.06236818
-0.00250000, 0.02000000, -0.01750000, 0.09641134
-0.00500000, 0.02000000, -0.01500000, 0.09750856
-0.00750000, 0.02000000, -0.01250000, 0.08255500
-0.01000000, 0.02000000, -0.01000000, 0.05841732
-0.01250000, 0.02000000, -0.00750000, 0.02874991
-0.01500000, 0.02000000, -0.00500000, -0.00368542
-0.01750000, 0.02000000, -0.00250000, -0.03132663
-0.02000000, 0.02000000, 0.00000000, -0.03711634
-0.02000000, 0.01750000, 0.00250000, -0.02729590
-0.02000000, 0.01500000, 0.00500000, -0.02582818
-0.02000000, 0.01250000, 0.00750000, -0.02625131
-0.02000000, 0.01000000, 0.01000000, -0.02667072
-0.02000000, 0.00750000, 0.01250000, -0.02745172
-0.02000000, 0.00500000, 0.01500000, -0.02750629
-0.02000000, 0.00250000, 0.01750000, -0.02706910
-0.02000000, 0.00000000, 0.02000000, -0.02525847
-0.01750000, -0.00250000, 0.02000000, -0.02706910
-0.01500000, -0.00500000, 0.02000000, -0.02750629
-0.01250000, -0.00750000, 0.02000000, -0.02745172
-0.01000000, -0.01000000, 0.02000000, -0.02667072
-0.00750000, -0.01250000, 0.02000000, -0.02625131
-0.00500000, -0.01500000, 0.02000000, -0.02582818
-0.00250000, -0.01750000, 0.02000000, -0.02729590
0.00000000, -0.02000000, 0.02000000, -0.03711634
0.00250000, -0.02000000, 0.01750000, -0.03132663
0.00500000, -0.02000000, 0.01500000, -0.00368542
0.00750000, -0.02000000, 0.01250000, 0.02874991
0.01000000, -0.02000000, 0.01000000, 0.05841732
0.01250000, -0.02000000, 0.00750000, 0.08255500
0.01500000, -0.02000000, 0.00500000, 0.09750856
0.01750000, -0.02000000, 0.00250000, 0.09641134
0.02000000, -0.02000000, 0.00000000, 0.06236818
0.02000000, -0.01750000, -0.00250000, 0.05372937
0.02000000, -0.01500000, -0.00500000, 0.05221668
0.02000000, -0.01250000, -0.00750000, 0.05240067
0.02000000, -0.01000000, -0.01000000, 0.05209307
0.02000000, -0.00750000, -0.01250000, 0.05203511
0.02000000, -0.00500000, -0.01500000, 0.05141103
0.02000000, -0.00250000, -0.01750000, 0.05013786
0.03000000, 0.00000000, -0.03000000, 0.03911649
0.02625000, 0.00375000, -0.03000000, 0.04032007
0.02250000, 0.00750000, -0.03000000, 0.04047970
0.01875000, 0.01125000, -0.03000000, 0.03993165
0.01500000, 0.01500000, -0.03000000, 0.03888258
0.01125000, 0.01875000, -0.03000000, 0.03730210
0.00750000, 0.02250000, -0.03000000, 0.03539077
0.00375000, 0.02625000, -0.03000000, 0.03409889
0.00000000, 0.03000000, -0.03000000, 0.03605116
-0.00375000, 0.03000000, -0.02625000, 0.05749309
-0.00750000, 0.03000000, -0.02250000, 0.06070320
-0.01125000, 0.03000000, -0.01875000, 0.05471352
-0.01500000, 0.03000000, -0.01500000, 0.04293020
-0.01875000, 0.03000000, -0.01125000, 0.02729785
-0.02250000, 0.03000000, -0.00750000, 0.00971490
-0.02625000, 0.03000000, -0.00375000, -0.00606831
-0.03000000, 0.03000000, 0.00000000, -0.01075468
-0.03000000, 0.02625000, 0.00375000, -0.00773279
-0.03000000, 0.02250000, 0.00750000, -0.00928262
-0.03000000, 0.01875000, 0.01125000, -0.01175606
-0.03000000, 0.01500000, 0.01500000, -0.01419611
-0.03000000, 0.01125000, 0.01875000, -0.01622740
-0.03000000, 0.00750000, 0.02250000, -0.01765430
-0.03000000, 0.00375000, 0.02625000, -0.01841024
-0.03000000, 0.00000000, 0.03000000, -0.01782576
-0.02625000, -0.00375000, 0.03000000, -0.01841024
-0.02250000, -0.00750000, 0.03000000, -0.01765430
-0.01875000, -0.01125000, 0.03000000, -0.01622740
-0.01500000, -0.01500000, 0.03000000, -0.01419611
-0.01125000, -0.01875000, 0.03000000, -0.01175606
-0.00750000, -0.02250000, 0.03000000, -0.00928262
-0.00375000, -0.02625000, 0.03000000, -0.00773279
0.00000000, -0.03000000, 0.03000000, -0.01075468
0.00375000, -0.03000000, 0.02625000, -0.00606831
0.00750000, -0.03000000, 0.02250000, 0.00971490
0.01125000, -0.03000000, 0.01875000, 0.02729785
0.01500000, -0.03000000, 0.01500000, 0.04293020
0.01875000, -0.03000000, 0.01125000, 0.05471352
0.02250000, -0.03000000, 0.00750000, 0.06070320
0.02625000, -0.03000000, 0.00375000, 0.05749309
0.03000000, -0.03000000, 0.00000000, 0.03605116
0.03000000, -0.02625000, -0.00375000, 0.03409889
0.03000000, -0.02250000, -0.00750000, 0.03539077
0.03000000, -0.01875000, -0.01125000, 0.03730210
0.03000000, -0.01500000, -0.01500000, 0.03888258
0.03000000, -0.01125000, -0.01875000, 0.03993165
0.03000000, -0.00750000, -0.02250000, 0.04047970
0.03000000, -0.00375000, -0.02625000, 0.04032007
0.04000000, 0.00000000, -0.04000000, 0.03517183
0.03500000, 0.00500000, -0.04000000, 0.03589677
0.03000000, 0.01000000, -0.04000000, 0.03562931
0.02500000, 0.01500000, -0.04000000, 0.03468313
0.02000000, 0.02000000, -0.04000000, 0.03315495
0.01500000, 0.02500000, -0.04000000, 0.03107856
0.01000000, 0.03000000, -0.04000000, 0.02866172
0.00500000, 0.03500000, -0.04000000, 0.02620051
0.00000000, 0.04000000, -0.04000000, 0.02547283
-0.00500000, 0.04000000, -0.03500000, 0.04085232
-0.01000000, 0.04000000, -0.03000000, 0.04436187
-0.01500000, 0.04000000, -0.02500000, 0.04188634
-0.02000000, 0.04000000, -0.02000000, 0.03524311
-0.02500000, 0.04000000, -0.01500000, 0.02573284
-0.03000000, 0.04000000, -0.01000000, 0.01467760
-0.03500000, 0.04000000, -0.00500000, 0.00402758
-0.04000000, 0.04000000, 0.00000000, 0.00018178
-0.04000000, 0.03500000, 0.00500000, 0.00032721
-0.04000000, 0.03000000, 0.01000000, -0.00255279
-0.04000000, 0.02500000, 0.01500000, -0.00585247
-0.04000000, 0.02000000, 0.02000000, -0.00900083
-0.04000000, 0.01500000, 0.02500000, -0.01168703
-0.04000000, 0.01000000, 0.03000000, -0.01373322
-0.04000000, 0.00500000, 0.03500000, -0.01496304
-0.04000000, 0.00000000, 0.04000000, -0.01490977
-0.03500000, -0.00500000, 0.04000000, -0.01496304
-0.03000000, -0.01000000, 0.04000000, -0.01373322
-0.02500000, -0.01500000, 0.04000000, -0.01168703
-0.02000000, -0.02000000, 0.04000000, -0.00900083
-0.01500000, -0.02500000, 0.04000000, -0.00585247
-0.01000000, -0.03000000, 0.04000000, -0.00255279
-0.00500000, -0.03500000, 0.04000000, 0.00032721
0.00000000, -0.04000000, 0.04000000, 0.00018178
0.00500000, -0.04000000, 0.03500000, 0.00402758
0.01000000, -0.04000000, 0.03000000, 0.01467760
0.01500000, -0.04000000, 0.02500000, 0.02573284
0.02000000, -0.04000000, 0.02000000, 0.03524311
0.02500000, -0.04000000, 0.01500000, 0.04188634
0.03000000, -0.04000000, 0.01000000, 0.04436187
0.03500000, -0.04000000, 0.00500000, 0.04085232
0.04000000, -0.04000000, 0.00000000, 0.02547283
0.04000000, -0.03500000, -0.00500000, 0.02620051
0.04000000, -0.03000000, -0.01000000, 0.02866172
0.04000000, -0.02500000, -0.01500000, 0.03107856
0.04000000, -0.02000000, -0.02000000, 0.03315495
0.04000000, -0.01500000, -0.02500000, 0.03468313
0.04000000, -0.01000000, -0.03000000, 0.03562931
0.04000000, -0.00500000, -0.03500000, 0.03589677
0.05000000, 0.00000000, -0.05000000, 0.03290686
0.04375000, 0.00625000, -0.05000000, 0.03336040
0.03750000, 0.01250000, -0.05000000, 0.03292491
0.03125000, 0.01875000, -0.05000000, 0.03183847
0.02500000, 0.02500000, -0.05000000, 0.03020212
0.01875000, 0.03125000, -0.05000000, 0.02796892
0.01250000, 0.03750000, -0.05000000, 0.02532369
0.00625000, 0.04375000, -0.05000000, 0.02243446
0.00000000, 0.05000000, -0.05000000, 0.02040153
-0.00625000, 0.05000000, -0.04375000, 0.03211338
-0.01250000, 0.05000000, -0.03750000, 0.03557701
-0.01875000, 0.05000000, -0.03125000, 0.03470566
-0.02500000, 0.05000000, -0.02500000, 0.03073215
-0.03125000, 0.05000000, -0.01875000, 0.02447572
-0.03750000, 0.05000000, -0.01250000, 0.01679932
-0.04375000, 0.05000000, -0.00625000, 0.00905976
-0.05000000, 0.05000000, 0.00000000, 0.00571452
-0.05000000, 0.04375000, 0.00625000, 0.00435707
-0.05000000, 0.03750000, 0.01250000, 0.00081236
-0.05000000, 0.03125000, 0.01875000, -0.00294645
-0.05000000, 0.02500000, 0.02500000, -0.00647864
-0.05000000, 0.01875000, 0.03125000, -0.00947357
-0.05000000, 0.01250000, 0.03750000, -0.01181326
-0.05000000, 0.00625000, 0.04375000, -0.01331254
-0.05000000, 0.00000000, 0.05000000, -0.01357403
-0.04375000, -0.00625000, 0.05000000, -0.01331254
-0.03750000, -0.01250000, 0.05000000, -0.01181326
-0.03125000, -0.01875000, 0.05000000, -0.00947357
-0.02500000, -0.02500000, 0.05000000, -0.00647864
-0.01875000, -0.03125000, 0.05000000, -0.00294645
-0.01250000, -0.03750000, 0.05000000, 0.00081236
-0.00625000, -0.04375000, 0.05000000, 0.00435707
0.00000000, -0.05000000, 0.05000000, 0.00571452
0.00625000, -0.05000000, 0.04375000, 0.00905976
0.01250000, -0.05000000, 0.03750000, 0.01679932
0.01875000, -0.05000000, 0.03125000, 0.02447572
0.02500000, -0.05000000, 0.02500000, 0.03073215
0.03125000, -0.05000000, 0.01875000, 0.03470566
0.03750000, -0.05000000, 0.01250000, 0.03557701
0.04375000, -0.05000000, 0.00625000, 0.03211338
0.05000000, -0.05000000, 0.00000000, 0.02040153
0.05000000, -0.04375000, -0.00625000, 0.02243446
0.05000000, -0.03750000, -0.01250000, 0.02532369
0.05000000, -0.03125000, -0.01875000, 0.02796892
0.05000000, -0.02500000, -0.02500000, 0.03020212
0.05000000, -0.01875000, -0.03125000, 0.03183847
0.05000000, -0.01250000, -0.03750000, 0.03292491
0.05000000, -0.00625000, -0.04375000, 0.03336040
0.06000000, 0.00000000, -0.06000000, 0.03148305
0.05250000, 0.00750000, -0.06000000, 0.03180782
0.04500000, 0.01500000, -0.06000000, 0.03130340
0.03750000, 0.02250000, -0.06000000, 0.03017798
0.03000000, 0.03000000, -0.06000000, 0.02848955
0.02250000, 0.03750000, -0.06000000, 0.02625856
0.01500000, 0.04500000, -0.06000000, 0.02356966
0.00750000, 0.05250000, -0.06000000, 0.02053733
0.00000000, 0.06000000, -0.06000000, 0.01787969
-0.00750000, 0.06000000, -0.05250000, 0.02718209
-0.01500000, 0.06000000, -0.04500000, 0.03040668
-0.02250000, 0.06000000, -0.03750000, 0.03034866
-0.03000000, 0.06000000, -0.03000000, 0.02778967
-0.03750000, 0.06000000, -0.02250000, 0.02336129
-0.04500000, 0.06000000, -0.01500000, 0.01768780
-0.05250000, 0.06000000, -0.00750000, 0.01168085
-0.06000000, 0.06000000, 0.00000000, 0.00873396
-0.06000000, 0.05250000, 0.00750000, 0.00649784
-0.06000000, 0.04500000, 0.01500000, 0.00257829
-0.06000000, 0.03750000, 0.02250000, -0.00143099
-0.06000000, 0.03000000, 0.03000000, -0.00514757
-0.06000000, 0.02250000, 0.03750000, -0.00834560
-0.06000000, 0.01500000, 0.04500000, -0.01086575
-0.06000000, 0.00750000, 0.05250000, -0.01253501
-0.06000000, 0.00000000, 0.06000000, -0.01298398
-0.05250000, -0.00750000, 0.06000000, -0.01253501
-0.04500000, -0.01500000, 0.06000000, -0.01086575
-0.03750000, -0.02250000, 0.06000000, -0.00834560
-0.03000000, -0.03000000, 0.06000000, -0.00514757
-0.02250000, -0.03750000, 0.06000000, -0.00143099
-0.01500000, -0.04500000, 0.06000000, 0.00257829
-0.00750000, -0.05250000, 0.06000000, 0.00649784
0.00000000, -0.06000000, 0.06000000, 0.00873396
0.00750000, -0.06000000, 0.05250000, 0.01168085
0.01500000, -0.06000000, 0.04500000, 0.01768780
0.02250000, -0.06000000, 0.03750000, 0.02336129
0.03000000, -0.06000000, 0.03000000, 0.02778967
0.03750000, -0.06000000, 0.02250000, 0.03034866
0.04500000, -0.06000000, 0.01500000, 0.03040668
0.05250000, -0.06000000, 0.00750000, 0.02718209
0.06000000, -0.06000000, 0.00000000, 0.01787969
0.06000000, -0.05250000, -0.00750000, 0.02053733
0.06000000, -0.04500000, -0.01500000, 0.02356966
0.06000000, -0.03750000, -0.02250000, 0.02625856
0.06000000, -0.03000000, -0.03000000, 0.02848955
0.06000000, -0.02250000, -0.03750000, 0.03017798
0.06000000, -0.01500000, -0.04500000, 0.03130340
0.06000000, -0.00750000, -0.05250000, 0.03180782
0.07000000, 0.00000000, -0.07000000, 0.03043959
0.06125000, 0.00875000, -0.07000000, 0.03068345
0.05250000, 0.01750000, -0.07000000, 0.03018254
0.04375000, 0.02625000, -0.07000000, 0.02910465
0.03500000, 0.03500000, -0.07000000, 0.02748489
0.02625000, 0.04375000, -0.07000000, 0.02532473
0.01750000, 0.05250000, -0.07000000, 0.02268831
0.00875000, 0.06125000, -0.07000000, 0.01960235
0.00000000, 0.07000000, -0.07000000, 0.01657196
-0.00875000, 0.07000000, -0.06125000, 0.02409665
-0.01750000, 0.07000000, -0.05250000, 0.02702259
-0.02625000, 0.07000000, -0.04375000, 0.02739681
-0.03500000, 0.07000000, -0.03500000, 0.02575181
-0.04375000, 0.07000000, -0.02625000, 0.02251673
-0.05250000, 0.07000000, -0.01750000, 0.01813200
-0.06125000, 0.07000000, -0.00875000, 0.01322397
-0.07000000, 0.07000000, 0.00000000, 0.01053764
-0.07000000, 0.06125000, 0.00875000, 0.00771070
-0.07000000, 0.05250000, 0.01750000, 0.00353476
-0.07000000, 0.04375000, 0.02625000, -0.00063711
-0.07000000, 0.03500000, 0.03500000, -0.00447639
-0.07000000, 0.02625000, 0.04375000, -0.00777745
-0.07000000, 0.01750000, 0.05250000, -0.01038868
-0.07000000, 0.00875000, 0.06125000, -0.01214309
-0.07000000, 0.00000000, 0.07000000, -0.01272655
-0.06125000, -0.00875000, 0.07000000, -0.01214309
-0.05250000, -0.01750000, 0.07000000, -0.01038868
-0.04375000, -0.02625000, 0.07000000, -0.00777745
-0.03500000, -0.03500000, 0.07000000, -0.00447639
-0.02625000, -0.04375000, 0.07000000, -0.00063711
-0.01750000, -0.05250000, 0.07000000, 0.00353476
-0.00875000, -0.06125000, 0.07000000, 0.00771070
0.00000000, -0.07000000, 0.07000000, 0.01053764
0.00875000, -0.07000000, 0.06125000, 0.01322397
0.01750000, -0.07000000, 0.05250000, 0.01813200
0.02625000, -0.07000000, 0.04375000, 0.02251673
0.03500000, -0.07000000, 0.03500000, 0.02575181
0.04375000, -0.07000000, 0.02625000, 0.02739681
0.05250000, -0.07000000, 0.01750000, 0.02702259
0.06125000, -0.07000000, 0.00875000, 0.02409665
0.07000000, -0.07000000, 0.00000000, 0.01657196
0.07000000, -0.06125000, -0.00875000, 0.01960235
0.07000000, -0.05250000, -0.01750000, 0.02268831
0.07000000, -0.04375000, -0.02625000, 0.02532473
0.07000000, -0.03500000, -0.03500000, 0.02748489
0.07000000, -0.02625000, -0.04375000, 0.02910465
0.07000000, -0.01750000, -0.05250000, 0.03018254
0.07000000, -0.00875000, -0.06125000, 0.03068345
0.08000000, 0.00000000, -0.08000000, 0.02967185
0.07000000, 0.01000000, -0.08000000, 0.02985680
0.06000000, 0.02000000, -0.08000000, 0.02939446
0.05000000, 0.03000000, -0.08000000, 0.02839972
0.04000000, 0.04000000, -0.08000000, 0.02690300
0.03000000, 0.05000000, -0.08000000, 0.02485287
0.02000000, 0.06000000, -0.08000000, 0.02232448
0.01000000, 0.07000000, -0.08000000, 0.01927391
0.00000000, 0.08000000, -0.08000000, 0.01603211
-0.01000000, 0.08000000, -0.07000000, 0.02214787
-0.02000000, 0.08000000, -0.06000000, 0.02476022
-0.03000000, 0.08000000, -0.05000000, 0.02533967
-0.04000000, 0.08000000, -0.04000000, 0.02426975
-0.05000000, 0.08000000, -0.03000000, 0.02181503
-0.06000000, 0.08000000, -0.02000000, 0.01828332
-0.07000000, 0.08000000, -0.01000000, 0.01412647
-0.08000000, 0.08000000, 0.00000000, 0.01156653
-0.08000000, 0.07000000, 0.01000000, 0.00832977
-0.08000000, 0.06000000, 0.02000000, 0.00398804
-0.08000000, 0.05000000, 0.03000000, -0.00027998
-0.08000000, 0.04000000, 0.04000000, -0.00419581
-0.08000000, 0.03000000, 0.05000000, -0.00754020
-0.08000000, 0.02000000, 0.06000000, -0.01019680
-0.08000000, 0.01000000, 0.07000000, -0.01199988
-0.08000000, 0.00000000, 0.08000000, -0.01268363
-0.07000000, -0.01000000, 0.08000000, -0.01199988
-0.06000000, -0.02000000, 0.08000000, -0.01019680
-0.05000000, -0.03000000, 0.08000000, -0.00754020
-0.04000000, -0.04000000, 0.08000000, -0.00419581
-0.03000000, -0.05000000, 0.08000000, -0.00027998
-0.02000000, -0.06000000, 0.08000000, 0.00398804
-0.01000000, -0.07000000, 0.08000000, 0.00832977
0.00000000, -0.08000000, 0.08000000, 0.01156653
0.01000000, -0.08000000, 0.07000000, 0.01412647
0.02000000, -0.08000000, 0.06000000, 0.01828332
0.03000000, -0.08000000, 0.05000000, 0.02181503
0.04000000, -0.08000000, 0.04000000, 0.02426975
0.05000000, -0.08000000, 0.03000000, 0.02533967
0.06000000, -0.08000000, 0.02000000, 0.02476022
0.07000000, -0.08000000, 0.01000000, 0.02214787
0.08000000, -0.08000000, 0.00000000, 0.01603211
0.08000000, -0.07000000, -0.01000000, 0.01927391
0.08000000, -0.06000000, -0.02000000, 0.02232448
0.08000000, -0.05000000, -0.03000000, 0.02485287
0.08000000, -0.04000000, -0.04000000, 0.02690300
0.08000000, -0.03000000, -0.05000000, 0.02839972
0.08000000, -0.02000000, -0.06000000, 0.02939446
0.08000000, -0.01000000, -0.07000000, 0.02985680
0.09000000, 0.00000000, -0.09000000, 0.02912483
0.07875000, 0.01125000, -0.09000000, 0.02927833
0.06750000, 0.02250000, -0.09000000, 0.02886680
0.05625000, 0.03375000, -0.09000000, 0.02796329
0.04500000, 0.04500000, -0.09000000, 0.02658796
0.03375000, 0.05625000, -0.09000000, 0.02467651
0.02250000, 0.06750000, -0.09000000, 0.02229096
0.01125000, 0.07875000, -0.09000000, 0.01935034
0.00000000, 0.09000000, -0.09000000, 0.01602265
-0.01125000, 0.09000000, -0.07875000, 0.02099208
-0.02250000, 0.09000000, -0.06750000, 0.02327809
-0.03375000, 0.09000000, -0.05625000, 0.02391277
-0.04500000, 0.09000000, -0.04500000, 0.02314781
-0.05625000, 0.09000000, -0.03375000, 0.02116789
-0.06750000, 0.09000000, -0.02250000, 0.01819989
-0.07875000, 0.09000000, -0.01125000, 0.01456681
-0.09000000, 0.09000000, 0.00000000, 0.01205053
-0.09000000, 0.07875000, 0.01125000, 0.00852747
-0.09000000, 0.06750000, 0.02250000, 0.00409226
-0.09000000, 0.05625000, 0.03375000, -0.00021672
-0.09000000, 0.04500000, 0.04500000, -0.00415927
-0.09000000, 0.03375000, 0.05625000, -0.00752264
-0.09000000, 0.02250000, 0.06750000, -0.01020466
-0.09000000, 0.01125000, 0.07875000, -0.01204364
-0.09000000, 0.00000000, 0.09000000, -0.01279407
-0.07875000, -0.01125000, 0.09000000, -0.01204364
-0.06750000, -0.02250000, 0.09000000, -0.01020466
-0.05625000, -0.03375000, 0.09000000, -0.00752264
-0.04500000, -0.04500000, 0.09000000, -0.00415927
-0.03375000, -0.05625000, 0.09000000, -0.00021672
-0.02250000, -0.06750000, 0.09000000, 0.00409226
-0.01125000, -0.07875000, 0.09000000, 0.00852747
0.00000000, -0.09000000, 0.09000000, 0.01205053
0.01125000, -0.09000000, 0.07875000, 0.01456681
0.02250000, -0.09000000, 0.06750000, 0.01819989
0.03375000, -0.09000000, 0.05625000, 0.02116789
0.04500000, -0.09000000, 0.04500000, 0.02314781
0.05625000, -0.09000000, 0.03375000, 0.02391277
0.06750000, -0.09000000, 0.02250000, 0.02327809
0.07875000, -0.09000000, 0.01125000, 0.02099208
0.09000000, -0.09000000, 0.00000000, 0.01602265
0.09000000, -0.07875000, -0.01125000, 0.01935034
0.09000000, -0.06750000, -0.02250000, 0.02229096
0.09000000, -0.05625000, -0.03375000, 0.02467651
0.09000000, -0.04500000, -0.04500000, 0.02658796
0.09000000, -0.03375000, -0.05625000, 0.02796329
0.09000000, -0.02250000, -0.06750000, 0.02886680
0.09000000, -0.01125000, -0.07875000, 0.02927833
0.10000000, 0.00000000, -0.10000000, 0.02872347
0.08750000, 0.01250000, -0.10000000, 0.02886965
0.07500000, 0.02500000, -0.10000000, 0.02851864
0.06250000, 0.03750000, -0.10000000, 0.02771469
0.05000000, 0.05000000, -0.10000000, 0.02645947
0.03750000, 0.06250000, -0.10000000, 0.02470483
0.02500000, 0.07500000, -0.10000000, 0.02248031
0.01250000, 0.08750000, -0.10000000, 0.01968560
0.00000000, 0.10000000, -0.10000000, 0.01634138
-0.01250000, 0.10000000, -0.08750000, 0.02035423
-0.02500000, 0.10000000, -0.07500000, 0.02230631
-0.03750000, 0.10000000, -0.06250000, 0.02290059
-0.05000000, 0.10000000, -0.05000000, 0.02227337
-0.06250000, 0.10000000, -0.03750000, 0.02057444
-0.07500000, 0.10000000, -0.02500000, 0.01797532
-0.08750000, 0.10000000, -0.01250000, 0.01469930
-0.10000000, 0.10000000, 0.00000000, 0.01217954
-0.10000000, 0.08750000, 0.01250000, 0.00844506
-0.10000000, 0.07500000, 0.02500000, 0.00396114
-0.10000000, 0.06250000, 0.03750000, -0.00035475
-0.10000000, 0.05000000, 0.05000000, -0.00428819
-0.10000000, 0.03750000, 0.06250000, -0.00765391
-0.10000000, 0.02500000, 0.07500000, -0.01034335
-0.10000000, 0.01250000, 0.08750000, -0.01220407
-0.10000000, 0.00000000, 0.10000000, -0.01299528
-0.08750000, -0.01250000, 0.10000000, -0.01220407
-0.07500000, -0.02500000, 0.10000000, -0.01034335
-0.06250000, -0.03750000, 0.10000000, -0.00765391
-0.05000000, -0.05000000, 0.10000000, -0.00428819
-0.03750000, -0.06250000, 0.10000000, -0.00035475
-0.02500000, -0.07500000, 0.10000000, 0.00396114
-0.01250000, -0.08750000, 0.10000000, 0.00844506
0.00000000, -0.10000000, 0.10000000, 0.01217954
0.01250000, -0.10000000, 0.08750000, 0.01469930
0.02500000, -0.10000000, 0.07500000, 0.01797532
0.03750000, -0.10000000, 0.06250000, 0.02057444
0.05000000, -0.10000000, 0.05000000, 0.02227337
0.06250000, -0.10000000, 0.03750000, 0.02290059
0.07500000, -0.10000000, 0.02500000, 0.02230631
0.08750000, -0.10000000, 0.01250000, 0.02035423
0.10000000, -0.10000000, 0.00000000, 0.01634138
0.10000000, -0.08750000, -0.01250000, 0.01968560
0.10000000, -0.07500000, -0.02500000, 0.02248031
0.10000000, -0.06250000, -0.03750000, 0.02470483
0.10000000, -0.05000000, -0.05000000, 0.02645947
0.10000000, -0.03750000, -0.06250000, 0.02771469
0.10000000, -0.02500000, -0.07500000, 0.02851864
0.10000000, -0.01250000, -0.08750000, 0.02886965
0.15000000, 0.00000000, -0.15000000, 0.02766614
0.13125000, 0.01875000, -0.15000000, 0.02788693
0.11250000, 0.03750000, -0.15000000, 0.02797388
0.09375000, 0.05625000, -0.15000000, 0.02781161
0.07500000, 0.07500000, -0.15000000, 0.02733652
0.05625000, 0.09375000, -0.15000000, 0.02642522
0.03750000, 0.11250000, -0.15000000, 0.02503553
0.01875000, 0.13125000, -0.15000000, 0.02297627
0.00000000, 0.15000000, -0.15000000, 0.01970543
-0.01875000, 0.15000000, -0.13125000, 0.02033120
-0.03750000, 0.15000000, -0.11250000, 0.02069490
-0.05625000, 0.15000000, -0.09375000, 0.02053546
-0.07500000, 0.15000000, -0.07500000, 0.01978119
-0.09375000, 0.15000000, -0.05625000, 0.01835581
-0.11250000, 0.15000000, -0.03750000, 0.01621985
-0.13125000, 0.15000000, -0.01875000, 0.01340010
-0.15000000, 0.15000000, 0.00000000, 0.01040221
-0.15000000, 0.13125000, 0.01875000, 0.00607167
-0.15000000, 0.11250000, 0.03750000, 0.00160016
-0.15000000, 0.09375000, 0.05625000, -0.00255132
-0.15000000, 0.07500000, 0.07500000, -0.00624629
-0.15000000, 0.05625000, 0.09375000, -0.00936083
-0.15000000, 0.03750000, 0.11250000, -0.01183495
-0.15000000, 0.01875000, 0.13125000, -0.01357231
-0.15000000, 0.00000000, 0.15000000, -0.01442802
-0.13125000, -0.01875000, 0.15000000, -0.01357231
-0.11250000, -0.03750000, 0.15000000, -0.01183495
-0.09375000, -0.05625000, 0.15000000, -0.00936083
-0.07500000, -0.07500000, 0.15000000, -0.00624629
-0.05625000, -0.09375000, 0.15000000, -0.00255132
-0.03750000, -0.11250000, 0.15000000, 0.00160016
-0.01875000, -0.13125000, 0.15000000, 0.00607167
0.00000000, -0.15000000, 0.15000000, 0.01040221
0.01875000, -0.15000000, 0.13125000, 0.01340010
0.03750000, -0.15000000, 0.11250000, 0.01621985
0.05625000, -0.15000000, 0.09375000, 0.01835581
0.07500000, -0.15000000, 0.07500000, 0.01978119
0.09375000, -0.15000000, 0.05625000, 0.02053546
0.11250000, -0.15000000, 0.03750000, 0.02069490
0.13125000, -0.15000000, 0.01875000, 0.02033120
0.15000000, -0.15000000, 0.00000000, 0.01970543
0.15000000, -0.13125000, -0.01875000, 0.02297627
0.15000000, -0.11250000, -0.03750000, 0.02503553
0.15000000, -0.09375000, -0.05625000, 0.02642522
0.15000000, -0.07500000, -0.07500000, 0.02733652
0.15000000, -0.05625000, -0.09375000, 0.02781161
0.15000000, -0.03750000, -0.11250000, 0.02797388
0.15000000, -0.01875000, -0.13125000, 0.02788693
0.20000000, 0.00000000, -0.20000000, 0.02708466
0.17500000, 0.02500000, -0.20000000, 0.02759826
0.15000000, 0.05000000, -0.20000000, 0.02819737
0.12500000, 0.07500000, -0.20000000, 0.02868579
0.10000000, 0.10000000, -0.20000000, 0.02893636
0.07500000, 0.12500000, -0.20000000, 0.02881627
0.05000000, 0.15000000, -0.20000000, 0.02817411
0.02500000, 0.17500000, -0.20000000, 0.02673228
0.00000000, 0.20000000, -0.20000000, 0.02351772
-0.02500000, 0.20000000, -0.17500000, 0.02202271
-0.05000000, 0.20000000, -0.15000000, 0.02106899
-0.07500000, 0.20000000, -0.12500000, 0.01992717
-0.10000000, 0.20000000, -0.10000000, 0.01837656
-0.12500000, 0.20000000, -0.07500000, 0.01633471
-0.15000000, 0.20000000, -0.05000000, 0.01373701
-0.17500000, 0.20000000, -0.02500000, 0.01050156
-0.20000000, 0.20000000, 0.00000000, 0.00670496
-0.20000000, 0.17500000, 0.02500000, 0.00217327
-0.20000000, 0.15000000, 0.05000000, -0.00203802
-0.20000000, 0.12500000, 0.07500000, -0.00577947
-0.20000000, 0.10000000, 0.10000000, -0.00900149
-0.20000000, 0.07500000, 0.12500000, -0.01166362
-0.20000000, 0.05000000, 0.15000000, -0.01373452
-0.20000000, 0.02500000, 0.17500000, -0.01516609
-0.20000000, 0.00000000, 0.20000000, -0.01586458
-0.17500000, -0.02500000, 0.20000000, -0.01516609
-0.15000000, -0.05000000, 0.20000000, -0.01373452
-0.12500000, -0.07500000, 0.20000000, -0.01166362
-0.10000000, -0.10000000, 0.20000000, -0.00900149
-0.07500000, -0.12500000, 0.20000000, -0.00577947
-0.05000000, -0.15000000, 0.20000000, -0.00203802
-0.02500000, -0.17500000, 0.20000000, 0.00217327
0.00000000, -0.20000000, 0.20000000, 0.00670496
0.02500000, -0.20000000, 0.17500000, 0.01050156
0.05000000, -0.20000000, 0.15000000, 0.01373701
0.07500000, -0.20000000, 0.12500000, 0.01633471
0.10000000, -0.20000000, 0.10000000, 0.01837656
0.12500000, -0.20000000, 0.07500000, 0.01992717
0.15000000, -0.20000000, 0.05000000, 0.02106899
0.17500000, -0.20000000, 0.02500000, 0.02202271
0.20000000, -0.20000000, 0.00000000, 0.02351772
0.20000000, -0.17500000, -0.02500000, 0.02673228
0.20000000, -0.15000000, -0.05000000, 0.02817411
0.20000000, -0.12500000, -0.07500000, 0.02881627
0.20000000, -0.10000000, -0.10000000, 0.02893636
0.20000000, -0.07500000, -0.12500000, 0.02868579
0.20000000, -0.05000000, -0.15000000, 0.02819737
0.20000000, -0.02500000, -0.17500000, 0.02759826
0.25000000, 0.00000000, -0.25000000, 0.02539778
0.21875000, 0.03125000, -0.25000000, 0.02646703
0.18750000, 0.06250000, -0.25000000, 0.02768206
0.15625000, 0.09375000, -0.25000000, 0.02882966
0.12500000, 0.12500000, -0.25000000, 0.02976674
0.09375000, 0.15625000, -0.25000000, 0.03029135
0.06250000, 0.18750000, -0.25000000, 0.03020491
0.03125000, 0.21875000, -0.25000000, 0.02909647
0.00000000, 0.25000000, -0.25000000, 0.02563191
-0.03125000, 0.25000000, -0.21875000, 0.02296701
-0.06250000, 0.25000000, -0.18750000, 0.02120162
-0.09375000, 0.25000000, -0.15625000, 0.01929698
-0.12500000, 0.25000000, -0.12500000, 0.01703708
-0.15625000, 0.25000000, -0.09375000, 0.01432024
-0.18750000, 0.25000000, -0.06250000, 0.01109239
-0.21875000, 0.25000000, -0.03125000, 0.00730749
-0.25000000, 0.25000000, 0.00000000, 0.00287985
-0.25000000, 0.21875000, 0.03125000, -0.00171859
-0.25000000, 0.18750000, 0.06250000, -0.00559440
-0.25000000, 0.15625000, 0.09375000, -0.00884297
-0.25000000, 0.12500000, 0.12500000, -0.01149922
-0.25000000, 0.09375000, 0.15625000, -0.01356900
-0.25000000, 0.06250000, 0.18750000, -0.01507224
-0.25000000, 0.03125000, 0.21875000, -0.01599811
-0.25000000, 0.00000000, 0.25000000, -0.01629120
-0.21875000, -0.03125000, 0.25000000, -0.01599811
-0.18750000, -0.06250000, 0.25000000, -0.01507224
-0.15625000, -0.09375000, 0.25000000, -0.01356900
-0.12500000, -0.12500000, 0.25000000, -0.01149922
-0.09375000, -0.15625000, 0.25000000, -0.00884297
-0.06250000, -0.18750000, 0.25000000, -0.00559440
-0.03125000, -0.21875000, 0.25000000, -0.00171859
0.00000000, -0.25000000, 0.25000000, 0.00287985
0.03125000, -0.25000000, 0.21875000, 0.00730749
0.06250000, -0.25000000, 0.18750000, 0.01109239
0.09375000, -0.25000000, 0.15625000, 0.01432024
0.12500000, -0.25000000, 0.12500000, 0.01703708
0.15625000, -0.25000000, 0.09375000, 0.01929698
0.18750000, -0.25000000, 0.06250000, 0.02120162
0.21875000, -0.25000000, 0.03125000, 0.02296701
0.25000000, -0.25000000, 0.00000000, 0.02563191
0.25000000, -0.21875000, -0.03125000, 0.02909647
0.25000000, -0.18750000, -0.06250000, 0.03020491
0.25000000, -0.15625000, -0.09375000, 0.03029135
0.25000000, -0.12500000, -0.12500000, 0.02976674
0.25000000, -0.09375000, -0.15625000, 0.02882966
0.25000000, -0.06250000, -0.18750000, 0.02768206
0.25000000, -0.03125000, -0.21875000, 0.02646703
0.30000000, 0.00000000, -0.30000000, 0.02193527
0.26250000, 0.03750000, -0.30000000, 0.02374830
0.22500000, 0.07500000, -0.30000000, 0.02560907
0.18750000, 0.11250000, -0.30000000, 0.02734893
0.15000000, 0.15000000, -0.30000000, 0.02883318
0.11250000, 0.18750000, -0.30000000, 0.02984398
0.07500000, 0.22500000, -0.30000000, 0.03013469
0.03750000, 0.26250000, -0.30000000, 0.02919475
0.00000000, 0.30000000, -0.30000000, 0.02538398
-0.03750000, 0.30000000, -0.26250000, 0.02249714
-0.07500000, 0.30000000, -0.22500000, 0.02051687
-0.11250000, 0.30000000, -0.18750000, 0.01822518
-0.15000000, 0.30000000, -0.15000000, 0.01543172
-0.18750000, 0.30000000, -0.11250000, 0.01214234
-0.22500000, 0.30000000, -0.07500000, 0.00841813
-0.26250000, 0.30000000, -0.03750000, 0.00429884
-0.30000000, 0.30000000, 0.00000000, -0.00031504
-0.30000000, 0.26250000, 0.03750000, -0.00481491
-0.30000000, 0.22500000, 0.07500000, -0.00826238
-0.30000000, 0.18750000, 0.11250000, -0.01094179
-0.30000000, 0.15000000, 0.15000000, -0.01296242
-0.30000000, 0.11250000, 0.18750000, -0.01436979
-0.30000000, 0.07500000, 0.22500000, -0.01521478
-0.30000000, 0.03750000, 0.26250000, -0.01549444
-0.30000000, 0.00000000, 0.30000000, -0.01514623
-0.26250000, -0.03750000, 0.30000000, -0.01549444
-0.22500000, -0.07500000, 0.30000000, -0.01521478
-0.18750000, -0.11250000, 0.30000000, -0.01436979
-0.15000000, -0.15000000, 0.30000000, -0.01296242
-0.11250000, -0.18750000, 0.30000000, -0.01094179
-0.07500000, -0.22500000, 0.30000000, -0.00826238
-0.03750000, -0.26250000, 0.30000000, -0.00481491
0.00000000, -0.30000000, 0.30000000, -0.00031504
0.03750000, -0.30000000, 0.26250000, 0.00429884
0.07500000, -0.30000000, 0.22500000, 0.00841813
0.11250000, -0.30000000, 0.18750000, 0.01214234
0.15000000, -0.30000000, 0.15000000, 0.01543172
0.18750000, -0.30000000, 0.11250000, 0.01822518
0.22500000, -0.30000000, 0.07500000, 0.02051687
0.26250000, -0.30000000, 0.03750000, 0.02249714
0.30000000, -0.30000000, 0.00000000, 0.02538398
0.30000000, -0.26250000, -0.03750000, 0.02919475
0.30000000, -0.22500000, -0.07500000, 0.03013469
0.30000000, -0.18750000, -0.11250000, 0.02984398
0.30000000, -0.15000000, -0.15000000, 0.02883318
0.30000000, -0.11250000, -0.18750000, 0.02734893
0.30000000, -0.07500000, -0.22500000, 0.02560907
0.30000000, -0.03750000, -0.26250000, 0.02374830
0.35000000, 0.00000000, -0.35000000, 0.01687925
0.30625000, 0.04375000, -0.35000000, 0.01936670
0.26250000, 0.08750000, -0.35000000, 0.02176246
0.21875000, 0.13125000, -0.35000000, 0.02394740
0.17500000, 0.17500000, -0.35000000, 0.02579763
0.13125000, 0.21875000, -0.35000000, 0.02711766
0.08750000, 0.26250000, -0.35000000, 0.02762659
0.04375000, 0.30625000, -0.35000000, 0.02676103
0.00000000, 0.35000000, -0.35000000, 0.02269246
-0.04375000, 0.35000000, -0.30625000, 0.02040908
-0.08750000, 0.35000000, -0.26250000, 0.01878343
-0.13125000, 0.35000000, -0.21875000, 0.01651878
-0.17500000, 0.35000000, -0.17500000, 0.01350072
-0.21875000, 0.35000000, -0.13125000, 0.00990357
-0.26250000, 0.35000000, -0.08750000, 0.00596482
-0.30625000, 0.35000000, -0.04375000, 0.00188835
-0.35000000, 0.35000000, 0.00000000, -0.00234456
-0.35000000, 0.30625000, 0.04375000, -0.00655425
-0.35000000, 0.26250000, 0.08750000, -0.00949155
-0.35000000, 0.21875000, 0.13125000, -0.01156825
-0.35000000, 0.17500000, 0.17500000, -0.01293622
-0.35000000, 0.13125000, 0.21875000, -0.01367886
-0.35000000, 0.08750000, 0.26250000, -0.01384749
-0.35000000, 0.04375000, 0.30625000, -0.01344303
-0.35000000, 0.00000000, 0.35000000, -0.01238753
-0.30625000, -0.04375000, 0.35000000, -0.01344303
-0.26250000, -0.08750000, 0.35000000, -0.01384749
-0.21875000, -0.13125000, 0.35000000, -0.01367886
-0.17500000, -0.17500000, 0.35000000, -0.01293622
-0.13125000, -0.21875000, 0.35000000, -0.01156825
-0.08750000, -0.26250000, 0.35000000, -0.00949155
-0.04375000, -0.30625000, 0.35000000, -0.00655425
0.00000000, -0.35000000, 0.35000000, -0.00234456
0.04375000, -0.35000000, 0.30625000, 0.00188835
0.08750000, -0.35000000, 0.26250000, 0.00596482
0.13125000, -0.35000000, 0.21875000, 0.00990357
0.17500000, -0.35000000, 0.17500000, 0.01350072
0.21875000, -0.35000000, 0.13125000, 0.01651878
0.26250000, -0.35000000, 0.08750000, 0.01878343
0.30625000, -0.35000000, 0.04375000, 0.02040908
0.35000000, -0.35000000, 0.00000000, 0.02269246
0.35000000, -0.30625000, -0.04375000, 0.02676103
0.35000000, -0.26250000, -0.08750000, 0.02762659
0.35000000, -0.21875000, -0.13125000, 0.02711766
0.35000000, -0.17500000, -0.17500000, 0.02579763
0.35000000, -0.13125000, -0.21875000, 0.02394740
0.35000000, -0.08750000, -0.26250000, 0.02176246
0.35000000, -0.04375000, -0.30625000, 0.01936670
0.40000000, 0.00000000, -0.40000000, 0.01128150
0.35000000, 0.05000000, -0.40000000, 0.01403625
0.30000000, 0.10000000, -0.40000000, 0.01666875
0.25000000, 0.15000000, -0.40000000, 0.01904463
0.20000000, 0.20000000, -0.40000000, 0.02104751
0.15000000, 0.25000000, -0.40000000, 0.02247385
0.10000000, 0.30000000, -0.40000000, 0.02305711
0.05000000, 0.35000000, -0.40000000, 0.02222846
0.00000000, 0.40000000, -0.40000000, 0.01815939
-0.05000000, 0.40000000, -0.35000000, 0.01695356
-0.10000000, 0.40000000, -0.30000000, 0.01607437
-0.15000000, 0.40000000, -0.25000000, 0.01419537
-0.20000000, 0.40000000, -0.20000000, 0.01132286
-0.25000000, 0.40000000, -0.15000000, 0.00776797
-0.30000000, 0.40000000, -0.10000000, 0.00395415
-0.35000000, 0.40000000, -0.05000000, 0.00030742
-0.40000000, 0.40000000, 0.00000000, -0.00307613
-0.40000000, 0.35000000, 0.05000000, -0.00678420
-0.40000000, 0.30000000, 0.10000000, -0.00916022
-0.40000000, 0.25000000, 0.15000000, -0.01066102
-0.40000000, 0.20000000, 0.20000000, -0.01144691
-0.40000000, 0.15000000, 0.25000000, -0.01160680
-0.40000000, 0.10000000, 0.30000000, -0.01120243
-0.40000000, 0.05000000, 0.35000000, -0.01025119
-0.40000000, 0.00000000, 0.40000000, -0.00872091
-0.35000000, -0.05000000, 0.40000000, -0.01025119
-0.30000000, -0.10000000, 0.40000000, -0.01120243
-0.25000000, -0.15000000, 0.40000000, -0.01160680
-0.20000000, -0.20000000, 0.40000000, -0.01144691
-0.15000000, -0.25000000, 0.40000000, -0.01066102
-0.10000000, -0.30000000, 0.40000000, -0.00916022
-0.05000000, -0.35000000, 0.40000000, -0.00678420
0.00000000, -0.40000000, 0.40000000, -0.00307613
0.05000000, -0.40000000, 0.35000000, 0.00030742
0.10000000, -0.40000000, 0.30000000, 0.00395415
0.15000000, -0.40000000, 0.25000000, 0.00776797
0.20000000, -0.40000000, 0.20000000, 0.01132286
0.25000000, -0.40000000, 0.15000000, 0.01419537
0.30000000, -0.40000000, 0.10000000, 0.01607437
0.35000000, -0.40000000, 0.05000000, 0.01695356
0.40000000, -0.40000000, 0.00000000, 0.01815939
0.40000000, -0.35000000, -0.05000000, 0.02222846
0.40000000, -0.30000000, -0.10000000, 0.02305711
0.40000000, -0.25000000, -0.15000000, 0.02247385
0.40000000, -0.20000000, -0.20000000, 0.02104751
0.40000000, -0.15000000, -0.25000000, 0.01904463
0.40000000, -0.10000000, -0.30000000, 0.01666875
0.40000000, -0.05000000, -0.35000000, 0.01403625
0.45000000, 0.00000000, -0.45000000, 0.00643064
0.39375000, 0.05625000, -0.45000000, 0.00892134
0.33750000, 0.11250000, -0.45000000, 0.01137596
0.28125000, 0.16875000, -0.45000000, 0.01360678
0.22500000, 0.22500000, -0.45000000, 0.01549242
0.16875000, 0.28125000, -0.45000000, 0.01682573
0.11250000, 0.33750000, -0.45000000, 0.01737103
0.05625000, 0.39375000, -0.45000000, 0.01661584
0.00000000, 0.45000000, -0.45000000, 0.01293770
-0.05625000, 0.45000000, -0.39375000, 0.01284149
-0.11250000, 0.45000000, -0.33750000, 0.01280786
-0.16875000, 0.45000000, -0.28125000, 0.01152187
-0.22500000, 0.45000000, -0.22500000, 0.00904209
-0.28125000, 0.45000000, -0.16875000, 0.00580341
-0.33750000, 0.45000000, -0.11250000, 0.00241414
-0.39375000, 0.45000000, -0.05625000, -0.00052703
-0.45000000, 0.45000000, 0.00000000, -0.00284577
-0.45000000, 0.39375000, 0.05625000, -0.00585088
-0.45000000, 0.33750000, 0.11250000, -0.00764155
-0.45000000, 0.28125000, 0.16875000, -0.00863231
-0.45000000, 0.22500000, 0.22500000, -0.00896833
-0.45000000, 0.16875000, 0.28125000, -0.00872956
-0.45000000, 0.11250000, 0.33750000, -0.00799235
-0.45000000, 0.05625000, 0.39375000, -0.00680000
-0.45000000, 0.00000000, 0.45000000, -0.00520613
-0.39375000, -0.05625000, 0.45000000, -0.00680000
-0.33750000, -0.11250000, 0.45000000, -0.00799235
-0.28125000, -0.16875000, 0.45000000, -0.00872956
-0.22500000, -0.22500000, 0.45000000, -0.00896833
-0.16875000, -0.28125000, 0.45000000, -0.00863231
-0.11250000, -0.33750000, 0.45000000, -0.00764155
-0.05625000, -0.39375000, 0.45000000, -0.00585088
0.00000000, -0.45000000, 0.45000000, -0.00284577
0.05625000, -0.45000000, 0.39375000, -0.00052703
0.11250000, -0.45000000, 0.33750000, 0.00241414
0.16875000, -0.45000000, 0.28125000, 0.00580341
0.22500000, -0.45000000, 0.22500000, 0.00904209
0.28125000, -0.45000000, 0.16875000, 0.01152187
0.33750000, -0.45000000, 0.11250000, 0.01280786
0.39375000, -0.45000000, 0.05625000, 0.01284149
0.45000000, -0.45000000, 0.00000000, 0.01293770
0.45000000, -0.39375000, -0.05625000, 0.01661584
0.45000000, -0.33750000, -0.11250000, 0.01737103
0.45000000, -0.28125000, -0.16875000, 0.01682573
0.45000000, -0.22500000, -0.22500000, 0.01549242
0.45000000, -0.16875000, -0.28125000, 0.01360678
0.45000000, -0.11250000, -0.33750000, 0.01137596
0.45000000, -0.05625000, -0.39375000, 0.00892134
0.50000000, 0.00000000, -0.50000000, 0.00306497
0.43750000, 0.06250000, -0.50000000, 0.00491679
0.37500000, 0.12500000, -0.50000000, 0.00684778
0.31250000, 0.18750000, -0.50000000, 0.00864339
0.25000000, 0.25000000, -0.50000000, 0.01017333
0.18750000, 0.31250000, -0.50000000, 0.01126053
0.12500000, 0.37500000, -0.50000000, 0.01169688
0.06250000, 0.43750000, -0.50000000, 0.01107711
0.00000000, 0.50000000, -0.50000000, 0.00813474
-0.06250000, 0.50000000, -0.43750000, 0.00882090
-0.12500000, 0.50000000, -0.37500000, 0.00946198
-0.18750000, 0.50000000, -0.31250000, 0.00879757
-0.25000000, 0.50000000, -0.25000000, 0.00682779
-0.31250000, 0.50000000, -0.18750000, 0.00408235
-0.37500000, 0.50000000, -0.12500000, 0.00131480
-0.43750000, 0.50000000, -0.06250000, -0.00081208
-0.50000000, 0.50000000, 0.00000000, -0.00212971
-0.50000000, 0.43750000, 0.06250000, -0.00432557
-0.50000000, 0.37500000, 0.12500000, -0.00555734
-0.50000000, 0.31250000, 0.18750000, -0.00613984
-0.50000000, 0.25000000, 0.25000000, -0.00618859
-0.50000000, 0.18750000, 0.31250000, -0.00577899
-0.50000000, 0.12500000, 0.37500000, -0.00498922
-0.50000000, 0.06250000, 0.43750000, -0.00388662
-0.50000000, 0.00000000, 0.50000000, -0.00258926
-0.43750000, -0.06250000, 0.50000000, -0.00388662
-0.37500000, -0.12500000, 0.50000000, -0.00498922
-0.31250000, -0.18750000, 0.50000000, -0.00577899
-0.25000000, -0.25000000, 0.50000000, -0.00618859
-0.18750000, -0.31250000, 0.50000000, -0.00613984
-0.12500000, -0.37500000, 0.50000000, -0.00555734
-0.06250000, -0.43750000, 0.50000000, -0.00432557
0.00000000, -0.50000000, 0.50000000, -0.00212971
0.06250000, -0.50000000, 0.43750000, -0.00081208
0.12500000, -0.50000000, 0.37500000, 0.00131480
0.18750000, -0.50000000, 0.31250000, 0.00408235
0.25000000, -0.50000000, 0.25000000, 0.00682779
0.31250000, -0.50000000, 0.18750000, 0.00879757
0.37500000, -0.50000000, 0.12500000, 0.00946198
0.43750000, -0.50000000, 0.06250000, 0.00882090
0.50000000, -0.50000000, 0.00000000, 0.00813474
0.50000000, -0.43750000, -0.06250000, 0.01107711
0.50000000, -0.37500000, -0.12500000, 0.01169688
0.50000000, -0.31250000, -0.18750000, 0.01126053
0.50000000, -0.25000000, -0.25000000, 0.01017333
0.50000000, -0.18750000, -0.31250000, 0.00864339
0.50000000, -0.12500000, -0.37500000, 0.00684778
0.50000000, -0.06250000, -0.43750000, 0.00491679
0.55000000, 0.00000000, -0.55000000, 0.00118332
0.48125000, 0.06875000, -0.55000000, 0.00230761
0.41250000, 0.13750000, -0.55000000, 0.00357899
0.34375000, 0.20625000, -0.55000000, 0.00480899
0.27500000, 0.27500000, -0.55000000, 0.00587477
0.20625000, 0.34375000, -0.55000000, 0.00664232
0.13750000, 0.41250000, -0.55000000, 0.00694146
0.06875000, 0.48125000, -0.55000000, 0.00649009
0.00000000, 0.55000000, -0.55000000, 0.00442728
-0.06875000, 0.55000000, -0.48125000, 0.00541779
-0.13750000, 0.55000000, -0.41250000, 0.00641427
-0.20625000, 0.55000000, -0.34375000, 0.00625835
-0.27500000, 0.55000000, -0.27500000, 0.00483774
-0.34375000, 0.55000000, -0.20625000, 0.00269016
-0.41250000, 0.55000000, -0.13750000, 0.00061992
-0.48125000, 0.55000000, -0.06875000, -0.00074362
-0.55000000, 0.55000000, 0.00000000, -0.00131754
-0.55000000, 0.48125000, 0.06875000, -0.00274186
-0.55000000, 0.41250000, 0.13750000, -0.00350295
-0.55000000, 0.34375000, 0.20625000, -0.00380310
-0.55000000, 0.27500000, 0.27500000, -0.00372135
-0.55000000, 0.20625000, 0.34375000, -0.00332622
-0.55000000, 0.13750000, 0.41250000, -0.00268689
-0.55000000, 0.06875000, 0.48125000, -0.00188144
-0.55000000, 0.00000000, 0.55000000, -0.00104089
-0.48125000, -0.06875000, 0.55000000, -0.00188144
-0.41250000, -0.13750000, 0.55000000, -0.00268689
-0.34375000, -0.20625000, 0.55000000, -0.00332622
-0.27500000, -0.27500000, 0.55000000, -0.00372135
-0.20625000, -0.34375000, 0.55000000, -0.00380310
-0.13750000, -0.41250000, 0.55000000, -0.00350295
-0.06875000, -0.48125000, 0.55000000, -0.00274186
0.00000000, -0.55000000, 0.55000000, -0.00131754
0.06875000, -0.55000000, 0.48125000, -0.00074362
0.13750000, -0.55000000, 0.41250000, 0.00061992
0.20625000, -0.55000000, 0.34375000, 0.00269016
0.27500000, -0.55000000, 0.27500000, 0.00483774
0.34375000, -0.55000000, 0.20625000, 0.00625835
0.41250000, -0.55000000, 0.13750000, 0.00641427
0.48125000, -0.55000000, 0.06875000, 0.00541779
0.55000000, -0.55000000, 0.00000000, 0.00442728
0.55000000, -0.48125000, -0.06875000, 0.00649009
0.55000000, -0.41250000, -0.13750000, 0.00694146
0.55000000, -0.34375000, -0.20625000, 0.00664232
0.55000000, -0.27500000, -0.27500000, 0.00587477
0.55000000, -0.20625000, -0.34375000, 0.00480899
0.55000000, -0.13750000, -0.41250000, 0.00357899
0.55000000, -0.06875000, -0.48125000, 0.00230761
0.60000000, 0.00000000, -0.60000000, 0.00034939
0.52500000, 0.07500000, -0.60000000, 0.00089201
0.45000000, 0.15000000, -0.60000000, 0.00158137
0.37500000, 0.22500000, -0.60000000, 0.00228922
0.30000000, 0.30000000, -0.60000000, 0.00292330
0.22500000, 0.37500000, -0.60000000, 0.00338389
0.15000000, 0.45000000, -0.60000000, 0.00355581
0.07500000, 0.52500000, -0.60000000, 0.00326526
0.00000000, 0.60000000, -0.60000000, 0.00201204
-0.07500000, 0.60000000, -0.52500000, 0.00290238
-0.15000000, 0.60000000, -0.45000000, 0.00392593
-0.22500000, 0.60000000, -0.37500000, 0.00409045
-0.30000000, 0.60000000, -0.30000000, 0.00318538
-0.37500000, 0.60000000, -0.22500000, 0.00165752
-0.45000000, 0.60000000, -0.15000000, 0.00024974
-0.52500000, 0.60000000, -0.07500000, -0.00051118
-0.60000000, 0.60000000, 0.00000000, -0.00065654
-0.60000000, 0.52500000, 0.07500000, -0.00146217
-0.60000000, 0.45000000, 0.15000000, -0.00187857
-0.60000000, 0.37500000, 0.22500000, -0.00201465
-0.60000000, 0.30000000, 0.30000000, -0.00191519
-0.60000000, 0.22500000, 0.37500000, -0.00163069
-0.60000000, 0.15000000, 0.45000000, -0.00121795
-0.60000000, 0.07500000, 0.52500000, -0.00074693
-0.60000000, 0.00000000, 0.60000000, -0.00032059
-0.52500000, -0.07500000, 0.60000000, -0.00074693
-0.45000000, -0.15000000, 0.60000000, -0.00121795
-0.37500000, -0.22500000, 0.60000000, -0.00163069
-0.30000000, -0.30000000, 0.60000000, -0.00191519
-0.22500000, -0.37500000, 0.60000000, -0.00201465
-0.15000000, -0.45000000, 0.60000000, -0.00187857
-0.07500000, -0.52500000, 0.60000000, -0.00146217
0.00000000, -0.60000000, 0.60000000, -0.00065654
0.07500000, -0.60000000, 0.52500000, -0.00051118
0.15000000, -0.60000000, 0.45000000, 0.00024974
0.22500000, -0.60000000, 0.37500000, 0.00165752
0.30000000, -0.60000000, 0.30000000, 0.00318538
0.37500000, -0.60000000, 0.22500000, 0.00409045
0.45000000, -0.60000000, 0.15000000, 0.00392593
0.52500000, -0.60000000, 0.07500000, 0.00290238
0.60000000, -0.60000000, 0.00000000, 0.00201204
0.60000000, -0.52500000, -0.07500000, 0.00326526
0.60000000, -0.45000000, -0.15000000, 0.00355581
0.60000000, -0.37500000, -0.22500000, 0.00338389
0.60000000, -0.30000000, -0.30000000, 0.00292330
0.60000000, -0.22500000, -0.37500000, 0.00228922
0.60000000, -0.15000000, -0.45000000, 0.00158137
0.60000000, -0.07500000, -0.52500000, 0.00089201
0.65000000, 0.00000000, -0.65000000, 0.00007129
0.56875000, 0.08125000, -0.65000000, 0.00026956
0.48750000, 0.16250000, -0.65000000, 0.00056843
0.40625000, 0.24375000, -0.65000000, 0.00090173
0.32500000, 0.32500000, -0.65000000, 0.00121737
0.24375000, 0.40625000, -0.65000000, 0.00144558
0.16250000, 0.48750000, -0.65000000, 0.00152557
0.08125000, 0.56875000, -0.65000000, 0.00136455
0.00000000, 0.65000000, -0.65000000, 0.00072350
-0.08125000, 0.65000000, -0.56875000, 0.00131354
-0.16250000, 0.65000000, -0.48750000, 0.00213145
-0.24375000, 0.65000000, -0.40625000, 0.00242265
-0.32500000, 0.65000000, -0.32500000, 0.00192300
-0.40625000, 0.65000000, -0.24375000, 0.00094273
-0.48750000, 0.65000000, -0.16250000, 0.00008309
-0.56875000, 0.65000000, -0.08125000, -0.00027737
-0.65000000, 0.65000000, 0.00000000, -0.00025094
-0.65000000, 0.56875000, 0.08125000, -0.00063547
-0.65000000, 0.48750000, 0.16250000, -0.00083226
-0.65000000, 0.40625000, 0.24375000, -0.00088728
-0.65000000, 0.32500000, 0.32500000, -0.00082099
-0.65000000, 0.24375000, 0.40625000, -0.00066105
-0.65000000, 0.16250000, 0.48750000, -0.00044901
-0.65000000, 0.08125000, 0.56875000, -0.00023191
-0.65000000, 0.00000000, 0.65000000, -0.00006992
-0.56875000, -0.08125000, 0.65000000, -0.00023191
-0.48750000, -0.16250000, 0.65000000, -0.00044901
-0.40625000, -0.24375000, 0.65000000, -0.00066105
-0.32500000, -0.32500000, 0.65000000, -0.00082099
-0.24375000, -0.40625000, 0.65000000, -0.00088728
-0.16250000, -0.48750000, 0.65000000, -0.00083226
-0.08125000, -0.56875000, 0.65000000, -0.00063547
0.00000000, -0.65000000, 0.65000000, -0.00025094
0.08125000, -0.65000000, 0.56875000, -0.00027737
0.16250000, -0.65000000, 0.48750000, 0.00008309
0.24375000, -0.65000000, 0.40625000, 0.00094273
0.32500000, -0.65000000, 0.32500000, 0.00192300
0.40625000, -0.65000000, 0.24375000, 0.00242265
0.48750000, -0.65000000, 0.16250000, 0.00213145
0.56875000, -0.65000000, 0.08125000, 0.00131354
0.65000000, -0.65000000, 0.00000000, 0.00072350
0.65000000, -0.56875000, -0.08125000, 0.00136455
0.65000000, -0.48750000, -0.16250000, 0.00152557
0.65000000, -0.40625000, -0.24375000, 0.00144558
0.65000000, -0.32500000, -0.32500000, 0.00121737
0.65000000, -0.24375000, -0.40625000, 0.00090173
0.65000000, -0.16250000, -0.48750000, 0.00056843
0.65000000, -0.08125000, -0.56875000, 0.00026956
0.70000000, 0.00000000, -0.70000000, 0.00000997
0.61250000, 0.08750000, -0.70000000, 0.00006341
0.52500000, 0.17500000, -0.70000000, 0.00016245
0.43750000, 0.26250000, -0.70000000, 0.00028411
0.35000000, 0.35000000, -0.70000000, 0.00040747
0.26250000, 0.43750000, -0.70000000, 0.00049735
0.17500000, 0.52500000, -0.70000000, 0.00052666
0.08750000, 0.61250000, -0.70000000, 0.00045625
0.00000000, 0.70000000, -0.70000000, 0.00019929
-0.08750000, 0.70000000, -0.61250000, 0.00049116
-0.17500000, 0.70000000, -0.52500000, 0.00101262
-0.26250000, 0.70000000, -0.43750000, 0.00128538
-0.35000000, 0.70000000, -0.35000000, 0.00104323
-0.43750000, 0.70000000, -0.26250000, 0.00047561
-0.52500000, 0.70000000, -0.17500000, 0.00001231
-0.61250000, 0.70000000, -0.08750000, -0.00012848
-0.70000000, 0.70000000, 0.00000000, -0.00007607
-0.70000000, 0.61250000, 0.08750000, -0.00022024
-0.70000000, 0.52500000, 0.17500000, -0.00029571
-0.70000000, 0.43750000, 0.26250000, -0.00031395
-0.70000000, 0.35000000, 0.35000000, -0.00028297
-0.70000000, 0.26250000, 0.43750000, -0.00021491
-0.70000000, 0.17500000, 0.52500000, -0.00013240
-0.70000000, 0.08750000, 0.61250000, -0.00005665
-0.70000000, 0.00000000, 0.70000000, -0.00001153
-0.61250000, -0.08750000, 0.70000000, -0.00005665
-0.52500000, -0.17500000, 0.70000000, -0.00013240
-0.43750000, -0.26250000, 0.70000000, -0.00021491
-0.35000000, -0.35000000, 0.70000000, -0.00028297
-0.26250000, -0.43750000, 0.70000000, -0.00031395
-0.17500000, -0.52500000, 0.70000000, -0.00029571
-0.08750000, -0.61250000, 0.70000000, -0.00022024
0.00000000, -0.70000000, 0.70000000, -0.00007607
0.08750000, -0.70000000, 0.61250000, -0.00012848
0.17500000, -0.70000000, 0.52500000, 0.00001231
0.26250000, -0.70000000, 0.43750000, 0.00047561
0.35000000, -0.70000000, 0.35000000, 0.00104323
0.43750000, -0.70000000, 0.26250000, 0.00128538
0.52500000, -0.70000000, 0.17500000, 0.00101262
0.61250000, -0.70000000, 0.08750000, 0.00049116
0.70000000, -0.70000000, 0.00000000, 0.00019929
0.70000000, -0.61250000, -0.08750000, 0.00045625
0.70000000, -0.52500000, -0.17500000, 0.00052666
0.70000000, -0.43750000, -0.26250000, 0.00049735
0.70000000, -0.35000000, -0.35000000, 0.00040747
0.70000000, -0.26250000, -0.43750000, 0.00028411
0.70000000, -0.17500000, -0.52500000, 0.00016245
0.70000000, -0.08750000, -0.61250000, 0.00006341
0.75000000, 0.00000000, -0.75000000, 0.00000337
0.65625000, 0.09375000, -0.75000000, 0.00001771
0.56250000, 0.18750000, -0.75000000, 0.00004148
0.46875000, 0.28125000, -0.75000000, 0.00007221
0.37500000, 0.37500000, -0.75000000, 0.00010380
0.28125000, 0.46875000, -0.75000000, 0.00013109
0.18750000, 0.56250000, -0.75000000, 0.00014007
0.09375000, 0.65625000, -0.75000000, 0.00012068
0.00000000, 0.75000000, -0.75000000, 0.00005223
-0.09375000, 0.75000000, -0.65625000, 0.00015580
-0.18750000, 0.75000000, -0.56250000, 0.00041615
-0.28125000, 0.75000000, -0.46875000, 0.00060023
-0.37500000, 0.75000000, -0.37500000, 0.00049314
-0.46875000, 0.75000000, -0.28125000, 0.00019903
-0.56250000, 0.75000000, -0.18750000, -0.00001578
-0.65625000, 0.75000000, -0.09375000, -0.00005964
-0.75000000, 0.75000000, 0.00000000, -0.00002879
-0.75000000, 0.65625000, 0.09375000, -0.00006505
-0.75000000, 0.56250000, 0.18750000, -0.00008503
-0.75000000, 0.46875000, 0.28125000, -0.00008740
-0.75000000, 0.37500000, 0.37500000, -0.00007554
-0.75000000, 0.28125000, 0.46875000, -0.00005602
-0.75000000, 0.18750000, 0.56250000, -0.00003466
-0.75000000, 0.09375000, 0.65625000, -0.00001587
-0.75000000, 0.00000000, 0.75000000, -0.00000324
-0.65625000, -0.09375000, 0.75000000, -0.00001587
-0.56250000, -0.18750000, 0.75000000, -0.00003466
-0.46875000, -0.28125000, 0.75000000, -0.00005602
-0.37500000, -0.37500000, 0.75000000, -0.00007554
-0.28125000, -0.46875000, 0.75000000, -0.00008740
-0.18750000, -0.56250000, 0.75000000, -0.00008503
-0.09375000, -0.65625000, 0.75000000, -0.00006505
0.00000000, -0.75000000, 0.75000000, -0.00002879
0.09375000, -0.75000000, 0.65625000, -0.00005964
0.18750000, -0.75000000, 0.56250000, -0.00001578
0.28125000, -0.75000000, 0.46875000, 0.00019903
0.37500000, -0.75000000, 0.37500000, 0.00049314
0.46875000, -0.75000000, 0.28125000, 0.00060023
0.56250000, -0.75000000, 0.18750000, 0.00041615
0.65625000, -0.75000000, 0.09375000, 0.00015580
0.75000000, -0.75000000, 0.00000000, 0.00005223
0.75000000, -0.65625000, -0.09375000, 0.00012068
0.75000000, -0.56250000, -0.18750000, 0.00014007
0.75000000, -0.46875000, -0.28125000, 0.00013109
0.75000000, -0.37500000, -0.37500000, 0.00010380
0.75000000, -0.28125000, -0.46875000, 0.00007221
0.75000000, -0.18750000, -0.56250000, 0.00004148
0.75000000, -0.09375000, -0.65625000, 0.00001771
0.80000000, 0.00000000, -0.80000000, 0.00000142
0.70000000, 0.10000000, -0.80000000, 0.00000609
0.60000000, 0.20000000, -0.80000000, 0.00000962
0.50000000, 0.30000000, -0.80000000, 0.00001396
0.40000000, 0.40000000, -0.80000000, 0.00001734
0.30000000, 0.50000000, -0.80000000, 0.00002369
0.20000000, 0.60000000, -0.80000000, 0.00002622
0.10000000, 0.70000000, -0.80000000, 0.00002412
0.00000000, 0.80000000, -0.80000000, 0.00001344
-0.10000000, 0.80000000, -0.70000000, 0.00003950
-0.20000000, 0.80000000, -0.60000000, 0.00013851
-0.30000000, 0.80000000, -0.50000000, 0.00023116
-0.40000000, 0.80000000, -0.40000000, 0.00019341
-0.50000000, 0.80000000, -0.30000000, 0.00006752
-0.60000000, 0.80000000, -0.20000000, -0.00001429
-0.70000000, 0.80000000, -0.10000000, -0.00002356
-0.80000000, 0.80000000, 0.00000000, -0.00001098
-0.80000000, 0.70000000, 0.10000000, -0.00001661
-0.80000000, 0.60000000, 0.20000000, -0.00001932
-0.80000000, 0.50000000, 0.30000000, -0.00001805
-0.80000000, 0.40000000, 0.40000000, -0.00001395
-0.80000000, 0.30000000, 0.50000000, -0.00001079
-0.80000000, 0.20000000, 0.60000000, -0.00000776
-0.80000000, 0.10000000, 0.70000000, -0.00000488
-0.80000000, 0.00000000, 0.80000000, -0.00000055
-0.70000000, -0.10000000, 0.80000000, -0.00000488
-0.60000000, -0.20000000, 0.80000000, -0.00000776
-0.50000000, -0.30000000, 0.80000000, -0.00001079
-0.40000000, -0.40000000, 0.80000000, -0.00001395
-0.30000000, -0.50000000, 0.80000000, -0.00001805
-0.20000000, -0.60000000, 0.80000000, -0.00001932
-0.10000000, -0.70000000, 0.80000000, -0.00001661
0.00000000, -0.80000000, 0.80000000, -0.00001098
0.10000000, -0.80000000, 0.70000000, -0.00002356
0.20000000, -0.80000000, 0.60000000, -0.00001429
0.30000000, -0.80000000, 0.50000000, 0.00006752
0.40000000, -0.80000000, 0.40000000, 0.00019341
0.50000000, -0.80000000, 0.30000000, 0.00023116
0.60000000, -0.80000000, 0.20000000, 0.00013851
0.70000000, -0.80000000, 0.10000000, 0.00003950
0.80000000, -0.80000000, 0.00000000, 0.00001344
0.80000000, -0.70000000, -0.10000000, 0.00002412
0.80000000, -0.60000000, -0.20000000, 0.00002622
0.80000000, -0.50000000, -0.30000000, 0.00002369
0.80000000, -0.40000000, -0.40000000, 0.00001734
0.80000000, -0.30000000, -0.50000000, 0.00001396
0.80000000, -0.20000000, -0.60000000, 0.00000962
0.80000000, -0.10000000, -0.70000000, 0.00000609
0.85000000, 0.00000000, -0.85000000, -0.00000113
0.74375000, 0.10625000, -0.85000000, -0.00000341
0.63750000, 0.21250000, -0.85000000, -0.00000408
0.53125000, 0.31875000, -0.85000000, -0.00000322
0.42500000, 0.42500000, -0.85000000, -0.00000077
0.31875000, 0.53125000, -0.85000000, -0.00000028
0.21250000, 0.63750000, -0.85000000, -0.00000046
0.10625000, 0.74375000, -0.85000000, -0.00000288
0.00000000, 0.85000000, -0.85000000, -0.00001053
-0.10625000, 0.85000000, -0.74375000, -0.00000497
-0.21250000, 0.85000000, -0.63750000, 0.00002473
-0.31875000, 0.85000000, -0.53125000, 0.00005848
-0.42500000, 0.85000000, -0.42500000, 0.00005777
-0.53125000, 0.85000000, -0.31875000, 0.00002425
-0.63750000, 0.85000000, -0.21250000, 0.00000129
-0.74375000, 0.85000000, -0.10625000, 0.00000232
-0.85000000, 0.85000000, 0.00000000, 0.00000729
-0.85000000, 0.74375000, 0.10625000, 0.00000352
-0.85000000, 0.63750000, 0.21250000, 0.00000201
-0.85000000, 0.53125000, 0.31875000, 0.00000089
-0.85000000, 0.42500000, 0.42500000, 0.00000072
-0.85000000, 0.31875000, 0.53125000, 0.00000190
-0.85000000, 0.21250000, 0.63750000, 0.00000316
-0.85000000, 0.10625000, 0.74375000, 0.00000294
-0.85000000, 0.00000000, 0.85000000, 0.00000085
-0.74375000, -0.10625000, 0.85000000, 0.00000294
-0.63750000, -0.21250000, 0.85000000, 0.00000316
-0.53125000, -0.31875000, 0.85000000, 0.00000190
-0.42500000, -0.42500000, 0.85000000, 0.00000072
-0.31875000, -0.53125000, 0.85000000, 0.00000089
-0.21250000, -0.63750000, 0.85000000, 0.00000201
-0.10625000, -0.74375000, 0.85000000, 0.00000352
0.00000000, -0.85000000, 0.85000000, 0.00000729
0.10625000, -0.85000000, 0.74375000, 0.00000232
0.21250000, -0.85000000, 0.63750000, 0.00000129
0.31875000, -0.85000000, 0.53125000, 0.00002425
0.42500000, -0.85000000, 0.42500000, 0.00005777
0.53125000, -0.85000000, 0.31875000, 0.00005848
0.63750000, -0.85000000, 0.21250000, 0.00002473
0.74375000, -0.85000000, 0.10625000, -0.00000497
0.85000000, -0.85000000, 0.00000000, -0.00001053
0.85000000, -0.74375000, -0.10625000, -0.00000288
0.85000000, -0.63750000, -0.21250000, -0.00000046
0.85000000, -0.53125000, -0.31875000, -0.00000028
0.85000000, -0.42500000, -0.42500000, -0.00000077
0.85000000, -0.31875000, -0.53125000, -0.00000322
0.85000000, -0.21250000, -0.63750000, -0.00000408
0.85000000, -0.10625000, -0.74375000, -0.00000341
0.90000000, 0.00000000, -0.90000000, -0.00000083
0.78750000, 0.11250000, -0.90000000, -0.00000268
0.67500000, 0.22500000, -0.90000000, -0.00000288
0.56250000, 0.33750000, -0.90000000, -0.00000238
0.45000000, 0.45000000, -0.90000000, -0.00000049
0.33750000, 0.56250000, -0.90000000, -0.00000100
0.22500000, 0.67500000, -0.90000000, -0.00000153
0.11250000, 0.78750000, -0.90000000, -0.00000315
0.00000000, 0.90000000, -0.90000000, -0.00000593
-0.11250000, 0.90000000, -0.78750000, -0.00000720
-0.22500000, 0.90000000, -0.67500000, -0.00000124
-0.33750000, 0.90000000, -0.56250000, 0.00000646
-0.45000000, 0.90000000, -0.45000000, 0.00001069
-0.56250000, 0.90000000, -0.33750000, 0.00000715
-0.67500000, 0.90000000, -0.22500000, 0.00000360
-0.78750000, 0.90000000, -0.11250000, 0.00000473
-0.90000000, 0.90000000, 0.00000000, 0.00000484
-0.90000000, 0.78750000, 0.11250000, 0.00000385
-0.90000000, 0.67500000, 0.22500000, 0.00000292
-0.90000000, 0.56250000, 0.33750000, 0.00000172
-0.90000000, 0.45000000, 0.45000000, 0.00000072
-0.90000000, 0.33750000, 0.56250000, 0.00000131
-0.90000000, 0.22500000, 0.67500000, 0.00000195
-0.90000000, 0.11250000, 0.78750000, 0.00000193
-0.90000000, 0.00000000, 0.90000000, 0.00000020
-0.78750000, -0.11250000, 0.90000000, 0.00000193
-0.67500000, -0.22500000, 0.90000000, 0.00000195
-0.56250000, -0.33750000, 0.90000000, 0.00000131
-0.45000000, -0.45000000, 0.90000000, 0.00000072
-0.33750000, -0.56250000, 0.90000000, 0.00000172
-0.22500000, -0.67500000, 0.90000000, 0.00000292
-0.11250000, -0.78750000, 0.90000000, 0.00000385
0.00000000, -0.90000000, 0.90000000, 0.00000484
0.11250000, -0.90000000, 0.78750000, 0.00000473
0.22500000, -0.90000000, 0.67500000, 0.00000360
0.33750000, -0.90000000, 0.56250000, 0.00000715
0.45000000, -0.90000000, 0.45000000, 0.00001069
0.56250000, -0.90000000, 0.33750000, 0.00000646
0.67500000, -0.90000000, 0.22500000, -0.00000124
0.78750000, -0.90000000, 0.11250000, -0.00000720
0.90000000, -0.90000000, 0.00000000, -0.00000593
0.90000000, -0.78750000, -0.11250000, -0.00000315
0.90000000, -0.67500000, -0.22500000, -0.00000153
0.90000000, -0.56250000, -0.33750000, -0.00000100
0.90000000, -0.45000000, -0.45000000, -0.00000049
0.90000000, -0.33750000, -0.56250000, -0.00000238
0.90000000, -0.22500000, -0.67500000, -0.00000288
0.90000000, -0.11250000, -0.78750000, -0.00000268
0.95000000, 0.00000000, -0.95000000, 0.00000088
0.83125000, 0.11875000, -0.95000000, 0.00000299
0.71250000, 0.23750000, -0.95000000, 0.00000374
0.59375000, 0.35625000, -0.95000000, 0.00000340
0.47500000, 0.47500000, -0.95000000, 0.00000162
0.35625000, 0.59375000, -0.95000000, 0.00000207
0.23750000, 0.71250000, -0.95000000, 0.00000263
0.11875000, 0.83125000, -0.95000000, 0.00000449
0.00000000, 0.95000000, -0.95000000, 0.00000947
-0.11875000, 0.95000000, -0.83125000, 0.00000764
-0.23750000, 0.95000000, -0.71250000, 0.00000550
-0.35625000, 0.95000000, -0.59375000, 0.00000547
-0.47500000, 0.95000000, -0.47500000, 0.00000033
-0.59375000, 0.95000000, -0.35625000, -0.00000422
-0.71250000, 0.95000000, -0.23750000, -0.00000452
-0.83125000, 0.95000000, -0.11875000, -0.00000574
-0.95000000, 0.95000000, 0.00000000, -0.00000720
-0.95000000, 0.83125000, 0.11875000, -0.00000472
-0.95000000, 0.71250000, 0.23750000, -0.00000367
-0.95000000, 0.59375000, 0.35625000, -0.00000248
-0.95000000, 0.47500000, 0.47500000, -0.00000165
-0.95000000, 0.35625000, 0.59375000, -0.00000225
-0.95000000, 0.23750000, 0.71250000, -0.00000286
-0.95000000, 0.11875000, 0.83125000, -0.00000241
-0.95000000, 0.00000000, 0.95000000, -0.00000033
-0.83125000, -0.11875000, 0.95000000, -0.00000241
-0.71250000, -0.23750000, 0.95000000, -0.00000286
-0.59375000, -0.35625000, 0.95000000, -0.00000225
-0.47500000, -0.47500000, 0.95000000, -0.00000165
-0.35625000, -0.59375000, 0.95000000, -0.00000248
-0.23750000, -0.71250000, 0.95000000, -0.00000367
-0.11875000, -0.83125000, 0.95000000, -0.00000472
0.00000000, -0.95000000, 0.95000000, -0.00000720
0.11875000, -0.95000000, 0.83125000, -0.00000574
0.23750000, -0.95000000, 0.71250000, -0.00000452
0.35625000, -0.95000000, 0.59375000, -0.00000422
0.47500000, -0.95000000, 0.47500000, 0.00000033
0.59375000, -0.95000000, 0.35625000, 0.00000547
0.71250000, -0.95000000, 0.23750000, 0.00000550
0.83125000, -0.95000000, 0.11875000, 0.00000764
0.95000000, -0.95000000, 0.00000000, 0.00000947
0.95000000, -0.83125000, -0.11875000, 0.00000449
0.95000000, -0.71250000, -0.23750000, 0.00000263
0.95000000, -0.59375000, -0.35625000, 0.00000207
0.95000000, -0.47500000, -0.47500000, 0.00000162
0.95000000, -0.35625000, -0.59375000, 0.00000340
0.95000000, -0.23750000, -0.71250000, 0.00000374
0.95000000, -0.11875000, -0.83125000, 0.00000299
1.00000000, 0.00000000, -1.00000000, 0.00000000
0.87500000, 0.12500000, -1.00000000, 0.00000000
0.75000000, 0.25000000, -1.00000000, 0.00000000
0.62500000, 0.37500000, -1.00000000, 0.00000000
0.50000000, 0.50000000, -1.00000000, 0.00000000
0.37500000, 0.62500000, -1.00000000, 0.00000000
0.25000000, 0.75000000, -1.00000000, 0.00000000
0.12500000, 0.87500000, -1.00000000, 0.00000000
0.00000000, 1.00000000, -1.00000000, 0.00000000
-0.12500000, 1.00000000, -0.87500000, 0.00000000
-0.25000000, 1.00000000, -0.75000000, 0.00000000
-0.37500000, 1.00000000, -0.62500000, 0.00000000
-0.50000000, 1.00000000, -0.50000000, 0.00000000
-0.62500000, 1.00000000, -0.37500000, 0.00000000
-0.75000000, 1.00000000, -0.25000000, 0.00000000
-0.87500000, 1.00000000, -0.12500000, 0.00000000
-1.00000000, 1.00000000, 0.00000000, 0.00000000
-1.00000000, 0.87500000, 0.12500000, 0.00000000
-1.00000000, 0.75000000, 0.25000000, 0.00000000
-1.00000000, 0.62500000, 0.37500000, 0.00000000
-1.00000000, 0.50000000, 0.50000000, 0.00000000
-1.00000000, 0.37500000, 0.62500000, 0.00000000
-1.00000000, 0.25000000, 0.75000000, 0.00000000
-1.00000000, 0.12500000, 0.87500000, 0.00000000
-1.00000000, 0.00000000, 1.00000000, 0.00000000
-0.87500000, -0.12500000, 1.00000000, 0.00000000
-0.75000000, -0.25000000, 1.00000000, 0.00000000
-0.62500000, -0.37500000, 1.00000000, 0.00000000
-0.50000000, -0.50000000, 1.00000000, 0.00000000
-0.37500000, -0.62500000, 1.00000000, 0.00000000
-0.25000000, -0.75000000, 1.00000000, 0.00000000
-0.12500000, -0.87500000, 1.00000000, 0.00000000
0.00000000, -1.00000000, 1.00000000, 0.00000000
0.12500000, -1.00000000, 0.87500000, 0.00000000
0.25000000, -1.00000000, 0.75000000, 0.00000000
0.37500000, -1.00000000, 0.62500000, 0.00000000
0.50000000, -1.00000000, 0.50000000, 0.00000000
0.62500000, -1.00000000, 0.37500000, 0.00000000
0.75000000, -1.00000000, 0.25000000, 0.00000000
0.87500000, -1.00000000, 0.12500000, 0.00000000
1.00000000, -1.00000000, 0.00000000, 0.00000000
1.00000000, -0.87500000, -0.12500000, 0.00000000
1.00000000, -0.75000000, -0.25000000, 0.00000000
1.00000000, -0.62500000, -0.37500000, 0.00000000
1.00000000, -0.50000000, -0.50000000, 0.00000000
1.00000000, -0.37500000, -0.62500000, 0.00000000
1.00000000, -0.25000000, -0.75000000, 0.00000000
1.00000000, -0.12500000, -0.87500000, 0.00000000
