0.01000000, 0.00000000, -0.01000000, 0.00511507
0.00000000, 0.01000000, -0.01000000, -0.05678700
-0.00125000, 0.01000000, -0.00875000, -0.02329571
-0.00250000, 0.01000000, -0.00750000, 0.03268844
-0.00375000, 0.01000000, -0.00625000, 0.08761670
-0.00500000, 0.01000000, -0.00500000, 0.13544536
-0.00625000, 0.01000000, -0.00375000, 0.17098933
-0.00750000, 0.01000000, -0.00250000, 0.18496244
-0.00875000, 0.01000000, -0.00125000, 0.17582119
-0.01000000, 0.01000000, 0.00000000, 0.11718266
-0.01000000, 0.00875000, 0.00125000, 0.09304844
-0.01000000, 0.00750000, 0.00250000, 0.08254107
-0.01000000, 0.00625000, 0.00375000, 0.07537259
-0.01000000, 0.00500000, 0.00500000, 0.06865036
-0.01000000, 0.00375000, 0.00625000, 0.06363516
-0.01000000, 0.00250000, 0.00750000, 0.05789999
-0.01000000, 0.00125000, 0.00875000, 0.05417388
-0.01000000, 0.00000000, 0.01000000, 0.05115207
0.00000000, -0.01000000, 0.01000000, 0.11718266
0.00125000, -0.01000000, 0.00875000, 0.17582119
0.00250000, -0.01000000, 0.00750000, 0.18496244
0.00375000, -0.01000000, 0.00625000, 0.17098933
0.00500000, -0.01000000, 0.00500000, 0.13544536
0.00625000, -0.01000000, 0.00375000, 0.08761670
0.00750000, -0.01000000, 0.00250000, 0.03268844
0.00875000, -0.01000000, 0.00125000, -0.02329571
0.01000000, -0.01000000, 0.00000000, -0.05678700
0.01000000, -0.00875000, -0.00125000, -0.02968232
0.01000000, -0.00750000, -0.00250000, -0.01888272
0.01000000, -0.00625000, -0.00375000, -0.01268857
0.01000000, -0.00500000, -0.00500000, -0.00730623
0.01000000, -0.00375000, -0.00625000, -0.00337005
0.01000000, -0.00250000, -0.00750000, 0.00009498
0.01000000, -0.00125000, -0.00875000, 0.00276712
0.02000000, 0.00000000, -0.02000000, 0.01808330
0.01750000, 0.00250000, -0.02000000, 0.01729543
0.01500000, 0.00500000, -0.02000000, 0.01638788
0.01250000, 0.00750000, -0.02000000, 0.01487446
0.01000000, 0.01000000, -0.02000000, 0.01320954
0.00750000, 0.01250000, -0.02000000, 0.01073186
0.00500000, 0.01500000, -0.02000000, 0.00697454
0.00250000, 0.01750000, -0.02000000, 0.00095291
0.00000000, 0.02000000, -0.02000000, -0.01501949
-0.00250000, 0.02000000, -0.01750000, -0.00026668
-0.00500000, 0.02000000, -0.01500000, 0.02677351
-0.00750000, 0.02000000, -0.01250000, 0.05533280
-0.01000000, 0.02000000, -0.01000000, 0.07941220
-0.01250000, 0.02000000, -0.00750000, 0.09779868
-0.01500000, 0.02000000, -0.00500000, 0.10718966
-0.01750000, 0.02000000, -0.00250000, 0.10314825
-0.02000000, 0.02000000, 0.00000000, 0.07498492
-0.02000000, 0.01750000, 0.00250000, 0.06089215
-0.02000000, 0.01500000, 0.00500000, 0.05402482
-0.02000000, 0.01250000, 0.00750000, 0.04909372
-0.02000000, 0.01000000, 0.01000000, 0.04442928
-0.02000000, 0.00750000, 0.01250000, 0.04063201
-0.02000000, 0.00500000, 0.01500000, 0.03727422
-0.02000000, 0.00250000, 0.01750000, 0.03452630
-0.02000000, 0.00000000, 0.02000000, 0.03280422
-0.01750000, -0.00250000, 0.02000000, 0.03452630
-0.01500000, -0.00500000, 0.02000000, 0.03727422
-0.01250000, -0.00750000, 0.02000000, 0.04063201
-0.01000000, -0.01000000, 0.02000000, 0.04442928
-0.00750000, -0.01250000, 0.02000000, 0.04909372
-0.00500000, -0.01500000, 0.02000000, 0.05402482
-0.00250000, -0.01750000, 0.02000000, 0.06089215
0.00000000, -0.02000000, 0.02000000, 0.07498492
0.00250000, -0.02000000, 0.01750000, 0.10314825
0.00500000, -0.02000000, 0.01500000, 0.10718966
0.00750000, -0.02000000, 0.01250000, 0.09779868
0.01000000, -0.02000000, 0.01000000, 0.07941220
0.01250000, -0.02000000, 0.00750000, 0.05533280
0.01500000, -0.02000000, 0.00500000, 0.02677351
0.01750000, -0.02000000, 0.00250000, -0.00026668
0.02000000, -0.02000000, 0.00000000, -0.01501949
0.02000000, -0.01750000, -0.00250000, 0.00095291
0.02000000, -0.01500000, -0.00500000, 0.00697454
0.02000000, -0.01250000, -0.00750000, 0.01073186
0.02000000, -0.01000000, -0.01000000, 0.01320954
0.02000000, -0.00750000, -0.01250000, 0.01487446
0.02000000, -0.00500000, -0.01500000, 0.01638788
0.02000000, -0.00250000, -0.01750000, 0.01729543
0.03000000, 0.00000000, -0.03000000, 0.02116550
0.02625000, 0.00375000, -0.03000000, 0.02083502
0.02250000, 0.00750000, -0.03000000, 0.02047322
0.01875000, 0.01125000, -0.03000000, 0.01966940
0.01500000, 0.01500000, -0.03000000, 0.01864547
0.01125000, 0.01875000, -0.03000000, 0.01696974
0.00750000, 0.02250000, -0.03000000, 0.01423446
0.00375000, 0.02625000, -0.03000000, 0.00949732
0.00000000, 0.03000000, -0.03000000, -0.00352046
-0.00375000, 0.03000000, -0.02625000, 0.00443433
-0.00750000, 0.03000000, -0.02250000, 0.02293522
-0.01125000, 0.03000000, -0.01875000, 0.04340788
-0.01500000, 0.03000000, -0.01500000, 0.06184753
-0.01875000, 0.03000000, -0.01125000, 0.07626833
-0.02250000, 0.03000000, -0.00750000, 0.08457310
-0.02625000, 0.03000000, -0.00375000, 0.08350033
-0.03000000, 0.03000000, 0.00000000, 0.06479011
-0.03000000, 0.02625000, 0.00375000, 0.05286698
-0.03000000, 0.02250000, 0.00750000, 0.04650556
-0.03000000, 0.01875000, 0.01125000, 0.04164782
-0.03000000, 0.01500000, 0.01500000, 0.03735678
-0.03000000, 0.01125000, 0.01875000, 0.03359967
-0.03000000, 0.00750000, 0.02250000, 0.03039080
-0.03000000, 0.00375000, 0.02625000, 0.02783797
-0.03000000, 0.00000000, 0.03000000, 0.02635291
-0.02625000, -0.00375000, 0.03000000, 0.02783797
-0.02250000, -0.00750000, 0.03000000, 0.03039080
-0.01875000, -0.01125000, 0.03000000, 0.03359967
-0.01500000, -0.01500000, 0.03000000, 0.03735678
-0.01125000, -0.01875000, 0.03000000, 0.04164782
-0.00750000, -0.02250000, 0.03000000, 0.04650556
-0.00375000, -0.02625000, 0.03000000, 0.05286698
0.00000000, -0.03000000, 0.03000000, 0.06479011
0.00375000, -0.03000000, 0.02625000, 0.08350033
0.00750000, -0.03000000, 0.02250000, 0.08457310
0.01125000, -0.03000000, 0.01875000, 0.07626833
0.01500000, -0.03000000, 0.01500000, 0.06184753
0.01875000, -0.03000000, 0.01125000, 0.04340788
0.02250000, -0.03000000, 0.00750000, 0.02293522
0.02625000, -0.03000000, 0.00375000, 0.00443433
0.03000000, -0.03000000, 0.00000000, -0.00352046
0.03000000, -0.02625000, -0.00375000, 0.00949732
0.03000000, -0.02250000, -0.00750000, 0.01423446
0.03000000, -0.01875000, -0.01125000, 0.01696974
0.03000000, -0.01500000, -0.01500000, 0.01864547
0.03000000, -0.01125000, -0.01875000, 0.01966940
0.03000000, -0.00750000, -0.02250000, 0.02047322
0.03000000, -0.00375000, -0.02625000, 0.02083502
0.04000000, 0.00000000, -0.04000000, 0.02216383
0.03500000, 0.00500000, -0.04000000, 0.02207425
0.03000000, 0.01000000, -0.04000000, 0.02195231
0.02500000, 0.01500000, -0.04000000, 0.02163186
0.02000000, 0.02000000, -0.04000000, 0.02103133
0.01500000, 0.02500000, -0.04000000, 0.01984456
0.01000000, 0.03000000, -0.04000000, 0.01776190
0.00500000, 0.03500000, -0.04000000, 0.01366999
0.00000000, 0.04000000, -0.04000000, 0.00214128
-0.00500000, 0.04000000, -0.03500000, 0.00660470
-0.01000000, 0.04000000, -0.03000000, 0.02128152
-0.01500000, 0.04000000, -0.02500000, 0.03792646
-0.02000000, 0.04000000, -0.02000000, 0.05364272
-0.02500000, 0.04000000, -0.01500000, 0.06646566
-0.03000000, 0.04000000, -0.01000000, 0.07447692
-0.03500000, 0.04000000, -0.00500000, 0.07504901
-0.04000000, 0.04000000, 0.00000000, 0.06085528
-0.04000000, 0.03500000, 0.00500000, 0.04967783
-0.04000000, 0.03000000, 0.01000000, 0.04338186
-0.04000000, 0.02500000, 0.01500000, 0.03829858
-0.04000000, 0.02000000, 0.02000000, 0.03386557
-0.04000000, 0.01500000, 0.02500000, 0.03001480
-0.04000000, 0.01000000, 0.03000000, 0.02673526
-0.04000000, 0.00500000, 0.03500000, 0.02417457
-0.04000000, 0.00000000, 0.04000000, 0.02272021
-0.03500000, -0.00500000, 0.04000000, 0.02417457
-0.03000000, -0.01000000, 0.04000000, 0.02673526
-0.02500000, -0.01500000, 0.04000000, 0.03001480
-0.02000000, -0.02000000, 0.04000000, 0.03386557
-0.01500000, -0.02500000, 0.04000000, 0.03829858
-0.01000000, -0.03000000, 0.04000000, 0.04338186
-0.00500000, -0.03500000, 0.04000000, 0.04967783
0.00000000, -0.04000000, 0.04000000, 0.06085528
0.00500000, -0.04000000, 0.03500000, 0.07504901
0.01000000, -0.04000000, 0.03000000, 0.07447692
0.01500000, -0.04000000, 0.02500000, 0.06646566
0.02000000, -0.04000000, 0.02000000, 0.05364272
0.02500000, -0.04000000, 0.01500000, 0.03792646
0.03000000, -0.04000000, 0.01000000, 0.02128152
0.03500000, -0.04000000, 0.00500000, 0.00660470
0.04000000, -0.04000000, 0.00000000, 0.00214128
0.04000000, -0.03500000, -0.00500000, 0.01366999
0.04000000, -0.03000000, -0.01000000, 0.01776190
0.04000000, -0.02500000, -0.01500000, 0.01984456
0.04000000, -0.02000000, -0.02000000, 0.02103133
0.04000000, -0.01500000, -0.02500000, 0.02163186
0.04000000, -0.01000000, -0.03000000, 0.02195231
0.04000000, -0.00500000, -0.03500000, 0.02207425
0.05000000, 0.00000000, -0.05000000, 0.02240053
0.04375000, 0.00625000, -0.05000000, 0.02247775
0.03750000, 0.01250000, -0.05000000, 0.02258682
0.03125000, 0.01875000, -0.05000000, 0.02256882
0.02500000, 0.02500000, -0.05000000, 0.02232764
0.01875000, 0.03125000, -0.05000000, 0.02155597
0.01250000, 0.03750000, -0.05000000, 0.01992430
0.00625000, 0.04375000, -0.05000000, 0.01638724
0.00000000, 0.05000000, -0.05000000, 0.00584364
-0.00625000, 0.05000000, -0.04375000, 0.00824855
-0.01250000, 0.05000000, -0.03750000, 0.02056973
-0.01875000, 0.05000000, -0.03125000, 0.03512727
-0.02500000, 0.05000000, -0.02500000, 0.04924079
-0.03125000, 0.05000000, -0.01875000, 0.06110359
-0.03750000, 0.05000000, -0.01250000, 0.06900879
-0.04375000, 0.05000000, -0.00625000, 0.07053109
-0.05000000, 0.05000000, 0.00000000, 0.05901791
-0.05000000, 0.04375000, 0.00625000, 0.04816175
-0.05000000, 0.03750000, 0.01250000, 0.04172023
-0.05000000, 0.03125000, 0.01875000, 0.03641718
-0.05000000, 0.02500000, 0.02500000, 0.03176874
-0.05000000, 0.01875000, 0.03125000, 0.02771677
-0.05000000, 0.01250000, 0.03750000, 0.02430336
-0.05000000, 0.00625000, 0.04375000, 0.02166610
-0.05000000, 0.00000000, 0.05000000, 0.02020944
-0.04375000, -0.00625000, 0.05000000, 0.02166610
-0.03750000, -0.01250000, 0.05000000, 0.02430336
-0.03125000, -0.01875000, 0.05000000, 0.02771677
-0.02500000, -0.02500000, 0.05000000, 0.03176874
-0.01875000, -0.03125000, 0.05000000, 0.03641718
-0.01250000, -0.03750000, 0.05000000, 0.04172023
-0.00625000, -0.04375000, 0.05000000, 0.04816175
0.00000000, -0.05000000, 0.05000000, 0.05901791
0.00625000, -0.05000000, 0.04375000, 0.07053109
0.01250000, -0.05000000, 0.03750000, 0.06900879
0.01875000, -0.05000000, 0.03125000, 0.06110359
0.02500000, -0.05000000, 0.02500000, 0.04924079
0.03125000, -0.05000000, 0.01875000, 0.03512727
0.03750000, -0.05000000, 0.01250000, 0.02056973
0.04375000, -0.05000000, 0.00625000, 0.00824855
0.05000000, -0.05000000, 0.00000000, 0.00584364
0.05000000, -0.04375000, -0.00625000, 0.01638724
0.05000000, -0.03750000, -0.01250000, 0.01992430
0.05000000, -0.03125000, -0.01875000, 0.02155597
0.05000000, -0.02500000, -0.02500000, 0.02232764
0.05000000, -0.01875000, -0.03125000, 0.02256882
0.05000000, -0.01250000, -0.03750000, 0.02258682
0.05000000, -0.00625000, -0.04375000, 0.02247775
0.06000000, 0.00000000, -0.06000000, 0.02228919
0.05250000, 0.00750000, -0.06000000, 0.02251553
0.04500000, 0.01500000, -0.06000000, 0.02283437
0.03750000, 0.02250000, -0.06000000, 0.02307626
0.03000000, 0.03000000, -0.06000000, 0.02312372
0.02250000, 0.03750000, -0.06000000, 0.02268784
0.01500000, 0.04500000, -0.06000000, 0.02144088
0.00750000, 0.05250000, -0.06000000, 0.01838860
0.00000000, 0.06000000, -0.06000000, 0.00865835
-0.00750000, 0.06000000, -0.05250000, 0.00963736
-0.01500000, 0.06000000, -0.04500000, 0.02042836
-0.02250000, 0.06000000, -0.03750000, 0.03360480
-0.03000000, 0.06000000, -0.03000000, 0.04668006
-0.03750000, 0.06000000, -0.02250000, 0.05797207
-0.04500000, 0.06000000, -0.01500000, 0.06578497
-0.05250000, 0.06000000, -0.00750000, 0.06790949
-0.06000000, 0.06000000, 0.00000000, 0.05811065
-0.06000000, 0.05250000, 0.00750000, 0.04735632
-0.06000000, 0.04500000, 0.01500000, 0.04072582
-0.06000000, 0.03750000, 0.02250000, 0.03519102
-0.06000000, 0.03000000, 0.03000000, 0.03031677
-0.06000000, 0.02250000, 0.03750000, 0.02610038
-0.06000000, 0.01500000, 0.04500000, 0.02254583
-0.06000000, 0.00750000, 0.05250000, 0.01982361
-0.06000000, 0.00000000, 0.06000000, 0.01832581
-0.05250000, -0.00750000, 0.06000000, 0.01982361
-0.04500000, -0.01500000, 0.06000000, 0.02254583
-0.03750000, -0.02250000, 0.06000000, 0.02610038
-0.03000000, -0.03000000, 0.06000000, 0.03031677
-0.02250000, -0.03750000, 0.06000000, 0.03519102
-0.01500000, -0.04500000, 0.06000000, 0.04072582
-0.00750000, -0.05250000, 0.06000000, 0.04735632
0.00000000, -0.06000000, 0.06000000, 0.05811065
0.00750000, -0.06000000, 0.05250000, 0.06790949
0.01500000, -0.06000000, 0.04500000, 0.06578497
0.02250000, -0.06000000, 0.03750000, 0.05797207
0.03000000, -0.06000000, 0.03000000, 0.04668006
0.03750000, -0.06000000, 0.02250000, 0.03360480
0.04500000, -0.06000000, 0.01500000, 0.02042836
0.05250000, -0.06000000, 0.00750000, 0.00963736
0.06000000, -0.06000000, 0.00000000, 0.00865835
0.06000000, -0.05250000, -0.00750000, 0.01838860
0.06000000, -0.04500000, -0.01500000, 0.02144088
0.06000000, -0.03750000, -0.02250000, 0.02268784
0.06000000, -0.03000000, -0.03000000, 0.02312372
0.06000000, -0.02250000, -0.03750000, 0.02307626
0.06000000, -0.01500000, -0.04500000, 0.02283437
0.06000000, -0.00750000, -0.05250000, 0.02251553
0.07000000, 0.00000000, -0.07000000, 0.02198778
0.06125000, 0.00875000, -0.07000000, 0.02234348
0.05250000, 0.01750000, -0.07000000, 0.02283745
0.04375000, 0.02625000, -0.07000000, 0.02332599
0.03500000, 0.03500000, -0.07000000, 0.02366642
0.02625000, 0.04375000, -0.07000000, 0.02357030
0.01750000, 0.05250000, -0.07000000, 0.02271299
0.00875000, 0.06125000, -0.07000000, 0.02009291
0.00000000, 0.07000000, -0.07000000, 0.01107236
-0.00875000, 0.07000000, -0.06125000, 0.01102481
-0.01750000, 0.07000000, -0.05250000, 0.02075474
-0.02625000, 0.07000000, -0.04375000, 0.03291548
-0.03500000, 0.07000000, -0.03500000, 0.04518875
-0.04375000, 0.07000000, -0.02625000, 0.05596332
-0.05250000, 0.07000000, -0.01750000, 0.06365788
-0.06125000, 0.07000000, -0.00875000, 0.06616152
-0.07000000, 0.07000000, 0.00000000, 0.05757401
-0.07000000, 0.06125000, 0.00875000, 0.04689633
-0.07000000, 0.05250000, 0.01750000, 0.04009874
-0.07000000, 0.04375000, 0.02625000, 0.03433885
-0.07000000, 0.03500000, 0.03500000, 0.02924583
-0.07000000, 0.02625000, 0.04375000, 0.02483079
-0.07000000, 0.01750000, 0.05250000, 0.02112407
-0.07000000, 0.00875000, 0.06125000, 0.01830375
-0.07000000, 0.00000000, 0.07000000, 0.01676306
-0.06125000, -0.00875000, 0.07000000, 0.01830375
-0.05250000, -0.01750000, 0.07000000, 0.02112407
-0.04375000, -0.02625000, 0.07000000, 0.02483079
-0.03500000, -0.03500000, 0.07000000, 0.02924583
-0.02625000, -0.04375000, 0.07000000, 0.03433885
-0.01750000, -0.05250000, 0.07000000, 0.04009874
-0.00875000, -0.06125000, 0.07000000, 0.04689633
0.00000000, -0.07000000, 0.07000000, 0.05757401
0.00875000, -0.07000000, 0.06125000, 0.06616152
0.01750000, -0.07000000, 0.05250000, 0.06365788
0.02625000, -0.07000000, 0.04375000, 0.05596332
0.03500000, -0.07000000, 0.03500000, 0.04518875
0.04375000, -0.07000000, 0.02625000, 0.03291548
0.05250000, -0.07000000, 0.01750000, 0.02075474
0.06125000, -0.07000000, 0.00875000, 0.01102481
0.07000000, -0.07000000, 0.00000000, 0.01107236
0.07000000, -0.06125000, -0.00875000, 0.02009291
0.07000000, -0.05250000, -0.01750000, 0.02271299
0.07000000, -0.04375000, -0.02625000, 0.02357030
0.07000000, -0.03500000, -0.03500000, 0.02366642
0.07000000, -0.02625000, -0.04375000, 0.02332599
0.07000000, -0.01750000, -0.05250000, 0.02283745
0.07000000, -0.00875000, -0.06125000, 0.02234348
0.08000000, 0.00000000, -0.08000000, 0.02159280
0.07000000, 0.01000000, -0.08000000, 0.02205542
0.06000000, 0.02000000, -0.08000000, 0.02271528
0.05000000, 0.03000000, -0.08000000, 0.02343521
0.04000000, 0.04000000, -0.08000000, 0.02405922
0.03000000, 0.05000000, -0.08000000, 0.02429457
0.02000000, 0.06000000, -0.08000000, 0.02381309
0.01000000, 0.07000000, -0.08000000, 0.02161301
0.00000000, 0.08000000, -0.08000000, 0.01321812
-0.01000000, 0.08000000, -0.07000000, 0.01243984
-0.02000000, 0.08000000, -0.06000000, 0.02133849
-0.03000000, 0.08000000, -0.05000000, 0.03270843
-0.04000000, 0.08000000, -0.04000000, 0.04433808
-0.05000000, 0.08000000, -0.03000000, 0.05466283
-0.06000000, 0.08000000, -0.02000000, 0.06222077
-0.07000000, 0.08000000, -0.01000000, 0.06495883
-0.08000000, 0.08000000, 0.00000000, 0.05726531
-0.08000000, 0.07000000, 0.01000000, 0.04663701
-0.08000000, 0.06000000, 0.02000000, 0.03967217
-0.08000000, 0.05000000, 0.03000000, 0.03370013
-0.08000000, 0.04000000, 0.04000000, 0.02840225
-0.08000000, 0.03000000, 0.05000000, 0.02378972
-0.08000000, 0.02000000, 0.06000000, 0.01993679
-0.08000000, 0.01000000, 0.07000000, 0.01701786
-0.08000000, 0.00000000, 0.08000000, 0.01544093
-0.07000000, -0.01000000, 0.08000000, 0.01701786
-0.06000000, -0.02000000, 0.08000000, 0.01993679
-0.05000000, -0.03000000, 0.08000000, 0.02378972
-0.04000000, -0.04000000, 0.08000000, 0.02840225
-0.03000000, -0.05000000, 0.08000000, 0.03370013
-0.02000000, -0.06000000, 0.08000000, 0.03967217
-0.01000000, -0.07000000, 0.08000000, 0.04663701
0.00000000, -0.08000000, 0.08000000, 0.05726531
0.01000000, -0.08000000, 0.07000000, 0.06495883
0.02000000, -0.08000000, 0.06000000, 0.06222077
0.03000000, -0.08000000, 0.05000000, 0.05466283
0.04000000, -0.08000000, 0.04000000, 0.04433808
0.05000000, -0.08000000, 0.03000000, 0.03270843
0.06000000, -0.08000000, 0.02000000, 0.02133849
0.07000000, -0.08000000, 0.01000000, 0.01243984
0.08000000, -0.08000000, 0.00000000, 0.01321812
0.08000000, -0.07000000, -0.01000000, 0.02161301
0.08000000, -0.06000000, -0.02000000, 0.02381309
0.08000000, -0.05000000, -0.03000000, 0.02429457
0.08000000, -0.04000000, -0.04000000, 0.02405922
0.08000000, -0.03000000, -0.05000000, 0.02343521
0.08000000, -0.02000000, -0.06000000, 0.02271528
0.08000000, -0.01000000, -0.07000000, 0.02205542
0.09000000, 0.00000000, -0.09000000, 0.02115555
0.07875000, 0.01125000, -0.09000000, 0.02171020
0.06750000, 0.02250000, -0.09000000, 0.02253647
0.05625000, 0.03375000, -0.09000000, 0.02347431
0.04500000, 0.04500000, -0.09000000, 0.02435963
0.03375000, 0.05625000, -0.09000000, 0.02490235
0.02250000, 0.06750000, -0.09000000, 0.02477226
0.01125000, 0.07875000, -0.09000000, 0.02298890
0.00000000, 0.09000000, -0.09000000, 0.01516345
-0.01125000, 0.09000000, -0.07875000, 0.01384659
-0.02250000, 0.09000000, -0.06750000, 0.02205212
-0.03375000, 0.09000000, -0.05625000, 0.03278008
-0.04500000, 0.09000000, -0.04500000, 0.04388712
-0.05625000, 0.09000000, -0.03375000, 0.05385452
-0.06750000, 0.09000000, -0.02250000, 0.06126317
-0.07875000, 0.09000000, -0.01125000, 0.06413964
-0.09000000, 0.09000000, 0.00000000, 0.05710662
-0.09000000, 0.07875000, 0.01125000, 0.04649083
-0.09000000, 0.06750000, 0.02250000, 0.03935463
-0.09000000, 0.05625000, 0.03375000, 0.03318545
-0.09000000, 0.04500000, 0.04500000, 0.02769924
-0.09000000, 0.03375000, 0.05625000, 0.02292139
-0.09000000, 0.02250000, 0.06750000, 0.01893801
-0.09000000, 0.01125000, 0.07875000, 0.01593047
-0.09000000, 0.00000000, 0.09000000, 0.01431690
-0.07875000, -0.01125000, 0.09000000, 0.01593047
-0.06750000, -0.02250000, 0.09000000, 0.01893801
-0.05625000, -0.03375000, 0.09000000, 0.02292139
-0.04500000, -0.04500000, 0.09000000, 0.02769924
-0.03375000, -0.05625000, 0.09000000, 0.03318545
-0.02250000, -0.06750000, 0.09000000, 0.03935463
-0.01125000, -0.07875000, 0.09000000, 0.04649083
0.00000000, -0.09000000, 0.09000000, 0.05710662
0.01125000, -0.09000000, 0.07875000, 0.06413964
0.02250000, -0.09000000, 0.06750000, 0.06126317
0.03375000, -0.09000000, 0.05625000, 0.05385452
0.04500000, -0.09000000, 0.04500000, 0.04388712
0.05625000, -0.09000000, 0.03375000, 0.03278008
0.06750000, -0.09000000, 0.02250000, 0.02205212
0.07875000, -0.09000000, 0.01125000, 0.01384659
0.09000000, -0.09000000, 0.00000000, 0.01516345
0.09000000, -0.07875000, -0.01125000, 0.02298890
0.09000000, -0.06750000, -0.02250000, 0.02477226
0.09000000, -0.05625000, -0.03375000, 0.02490235
0.09000000, -0.04500000, -0.04500000, 0.02435963
0.09000000, -0.03375000, -0.05625000, 0.02347431
0.09000000, -0.02250000, -0.06750000, 0.02253647
0.09000000, -0.01125000, -0.07875000, 0.02171020
0.10000000, 0.00000000, -0.10000000, 0.02069840
0.08750000, 0.01250000, -0.10000000, 0.02133744
0.07500000, 0.02500000, -0.10000000, 0.02232669
0.06250000, 0.03750000, -0.10000000, 0.02347319
0.05000000, 0.05000000, -0.10000000, 0.02460583
0.03750000, 0.06250000, -0.10000000, 0.02543860
0.02500000, 0.07500000, -0.10000000, 0.02564386
0.01250000, 0.08750000, -0.10000000, 0.02426695
0.00000000, 0.10000000, -0.10000000, 0.01697620
-0.01250000, 0.10000000, -0.08750000, 0.01523491
-0.02500000, 0.10000000, -0.07500000, 0.02285739
-0.03750000, 0.10000000, -0.06250000, 0.03304459
-0.05000000, 0.10000000, -0.05000000, 0.04370447
-0.06250000, 0.10000000, -0.03750000, 0.05336575
-0.07500000, 0.10000000, -0.02500000, 0.06061009
-0.08750000, 0.10000000, -0.01250000, 0.06355327
-0.10000000, 0.10000000, 0.00000000, 0.05701168
-0.10000000, 0.08750000, 0.01250000, 0.04639553
-0.10000000, 0.07500000, 0.02500000, 0.03909777
-0.10000000, 0.06250000, 0.03750000, 0.03274929
-0.10000000, 0.05000000, 0.05000000, 0.02709245
-0.10000000, 0.03750000, 0.06250000, 0.02217542
-0.10000000, 0.02500000, 0.07500000, 0.01807524
-0.10000000, 0.01250000, 0.08750000, 0.01498888
-0.10000000, 0.00000000, 0.10000000, 0.01333680
-0.08750000, -0.01250000, 0.10000000, 0.01498888
-0.07500000, -0.02500000, 0.10000000, 0.01807524
-0.06250000, -0.03750000, 0.10000000, 0.02217542
-0.05000000, -0.05000000, 0.10000000, 0.02709245
-0.03750000, -0.06250000, 0.10000000, 0.03274929
-0.02500000, -0.07500000, 0.10000000, 0.03909777
-0.01250000, -0.08750000, 0.10000000, 0.04639553
0.00000000, -0.10000000, 0.10000000, 0.05701168
0.01250000, -0.10000000, 0.08750000, 0.06355327
0.02500000, -0.10000000, 0.07500000, 0.06061009
0.03750000, -0.10000000, 0.06250000, 0.05336575
0.05000000, -0.10000000, 0.05000000, 0.04370447
0.06250000, -0.10000000, 0.03750000, 0.03304459
0.07500000, -0.10000000, 0.02500000, 0.02285739
0.08750000, -0.10000000, 0.01250000, 0.01523491
0.10000000, -0.10000000, 0.00000000, 0.01697620
0.10000000, -0.08750000, -0.01250000, 0.02426695
0.10000000, -0.07500000, -0.02500000, 0.02564386
0.10000000, -0.06250000, -0.03750000, 0.02543860
0.10000000, -0.05000000, -0.05000000, 0.02460583
0.10000000, -0.03750000, -0.06250000, 0.02347319
0.10000000, -0.02500000, -0.07500000, 0.02232669
0.10000000, -0.01250000, -0.08750000, 0.02133744
0.15000000, 0.00000000, -0.15000000, 0.01847416
0.13125000, 0.01875000, -0.15000000, 0.01945836
0.11250000, 0.03750000, -0.15000000, 0.02114054
0.09375000, 0.05625000, -0.15000000, 0.02323251
0.07500000, 0.07500000, -0.15000000, 0.02553228
0.05625000, 0.09375000, -0.15000000, 0.02773048
0.03750000, 0.11250000, -0.15000000, 0.02949121
0.01875000, 0.13125000, -0.15000000, 0.02991343
0.00000000, 0.15000000, -0.15000000, 0.02491625
-0.01875000, 0.15000000, -0.13125000, 0.02188869
-0.03750000, 0.15000000, -0.11250000, 0.02760100
-0.05625000, 0.15000000, -0.09375000, 0.03583300
-0.07500000, 0.15000000, -0.07500000, 0.04467675
-0.09375000, 0.15000000, -0.05625000, 0.05281346
-0.11250000, 0.15000000, -0.03750000, 0.05901594
-0.13125000, 0.15000000, -0.01875000, 0.06161934
-0.15000000, 0.15000000, 0.00000000, 0.05622327
-0.15000000, 0.13125000, 0.01875000, 0.04578799
-0.15000000, 0.11250000, 0.03750000, 0.03798852
-0.15000000, 0.09375000, 0.05625000, 0.03103642
-0.15000000, 0.07500000, 0.07500000, 0.02478989
-0.15000000, 0.05625000, 0.09375000, 0.01933314
-0.15000000, 0.03750000, 0.11250000, 0.01479808
-0.15000000, 0.01875000, 0.13125000, 0.01141188
-0.15000000, 0.00000000, 0.15000000, 0.00963127
-0.13125000, -0.01875000, 0.15000000, 0.01141188
-0.11250000, -0.03750000, 0.15000000, 0.01479808
-0.09375000, -0.05625000, 0.15000000, 0.01933314
-0.07500000, -0.07500000, 0.15000000, 0.02478989
-0.05625000, -0.09375000, 0.15000000, 0.03103642
-0.03750000, -0.11250000, 0.15000000, 0.03798852
-0.01875000, -0.13125000, 0.15000000, 0.04578799
0.00000000, -0.15000000, 0.15000000, 0.05622327
0.01875000, -0.15000000, 0.13125000, 0.06161934
0.03750000, -0.15000000, 0.11250000, 0.05901594
0.05625000, -0.15000000, 0.09375000, 0.05281346
0.07500000, -0.15000000, 0.07500000, 0.04467675
0.09375000, -0.15000000, 0.05625000, 0.03583300
0.11250000, -0.15000000, 0.03750000, 0.02760100
0.13125000, -0.15000000, 0.01875000, 0.02188869
0.15000000, -0.15000000, 0.00000000, 0.02491625
0.15000000, -0.13125000, -0.01875000, 0.02991343
0.15000000, -0.11250000, -0.03750000, 0.02949121
0.15000000, -0.09375000, -0.05625000, 0.02773048
0.15000000, -0.07500000, -0.07500000, 0.02553228
0.15000000, -0.05625000, -0.09375000, 0.02323251
0.15000000, -0.03750000, -0.11250000, 0.02114054
0.15000000, -0.01875000, -0.13125000, 0.01945836
0.20000000, 0.00000000, -0.20000000, 0.01663458
0.17500000, 0.02500000, -0.20000000, 0.01788961
0.15000000, 0.05000000, -0.20000000, 0.02013122
0.12500000, 0.07500000, -0.20000000, 0.02297810
0.10000000, 0.10000000, -0.20000000, 0.02619218
0.07500000, 0.12500000, -0.20000000, 0.02946890
0.05000000, 0.15000000, -0.20000000, 0.03245258
0.02500000, 0.17500000, -0.20000000, 0.03428568
0.00000000, 0.20000000, -0.20000000, 0.03098489
-0.02500000, 0.20000000, -0.17500000, 0.02744413
-0.05000000, 0.20000000, -0.15000000, 0.03200271
-0.07500000, 0.20000000, -0.12500000, 0.03887353
-0.10000000, 0.20000000, -0.10000000, 0.04628252
-0.12500000, 0.20000000, -0.07500000, 0.05302471
-0.15000000, 0.20000000, -0.05000000, 0.05794220
-0.17500000, 0.20000000, -0.02500000, 0.05959387
-0.20000000, 0.20000000, 0.00000000, 0.05417933
-0.20000000, 0.17500000, 0.02500000, 0.04418931
-0.20000000, 0.15000000, 0.05000000, 0.03631579
-0.20000000, 0.12500000, 0.07500000, 0.02920480
-0.20000000, 0.10000000, 0.10000000, 0.02278052
-0.20000000, 0.07500000, 0.12500000, 0.01717289
-0.20000000, 0.05000000, 0.15000000, 0.01250314
-0.20000000, 0.02500000, 0.17500000, 0.00902317
-0.20000000, 0.00000000, 0.20000000, 0.00720315
-0.17500000, -0.02500000, 0.20000000, 0.00902317
-0.15000000, -0.05000000, 0.20000000, 0.01250314
-0.12500000, -0.07500000, 0.20000000, 0.01717289
-0.10000000, -0.10000000, 0.20000000, 0.02278052
-0.07500000, -0.12500000, 0.20000000, 0.02920480
-0.05000000, -0.15000000, 0.20000000, 0.03631579
-0.02500000, -0.17500000, 0.20000000, 0.04418931
0.00000000, -0.20000000, 0.20000000, 0.05417933
0.02500000, -0.20000000, 0.17500000, 0.05959387
0.05000000, -0.20000000, 0.15000000, 0.05794220
0.07500000, -0.20000000, 0.12500000, 0.05302471
0.10000000, -0.20000000, 0.10000000, 0.04628252
0.12500000, -0.20000000, 0.07500000, 0.03887353
0.15000000, -0.20000000, 0.05000000, 0.03200271
0.17500000, -0.20000000, 0.02500000, 0.02744413
0.20000000, -0.20000000, 0.00000000, 0.03098489
0.20000000, -0.17500000, -0.02500000, 0.03428568
0.20000000, -0.15000000, -0.05000000, 0.03245258
0.20000000, -0.12500000, -0.07500000, 0.02946890
0.20000000, -0.10000000, -0.10000000, 0.02619218
0.20000000, -0.07500000, -0.12500000, 0.02297810
0.20000000, -0.05000000, -0.15000000, 0.02013122
0.20000000, -0.02500000, -0.17500000, 0.01788961
0.25000000, 0.00000000, -0.25000000, 0.01480471
0.21875000, 0.03125000, -0.25000000, 0.01635413
0.18750000, 0.06250000, -0.25000000, 0.01903042
0.15625000, 0.09375000, -0.25000000, 0.02243244
0.12500000, 0.12500000, -0.25000000, 0.02632272
0.09375000, 0.15625000, -0.25000000, 0.03037692
0.06250000, 0.18750000, -0.25000000, 0.03423589
0.03125000, 0.21875000, -0.25000000, 0.03701679
0.00000000, 0.25000000, -0.25000000, 0.03484870
-0.03125000, 0.25000000, -0.21875000, 0.03134587
-0.06250000, 0.25000000, -0.18750000, 0.03529292
-0.09375000, 0.25000000, -0.15625000, 0.04115421
-0.12500000, 0.25000000, -0.12500000, 0.04724419
-0.15625000, 0.25000000, -0.09375000, 0.05247146
-0.18750000, 0.25000000, -0.06250000, 0.05586917
-0.21875000, 0.25000000, -0.03125000, 0.05616933
-0.25000000, 0.25000000, 0.00000000, 0.05019359
-0.25000000, 0.21875000, 0.03125000, 0.04112136
-0.25000000, 0.18750000, 0.06250000, 0.03362976
-0.25000000, 0.15625000, 0.09375000, 0.02677303
-0.25000000, 0.12500000, 0.12500000, 0.02054578
-0.25000000, 0.09375000, 0.15625000, 0.01508272
-0.25000000, 0.06250000, 0.18750000, 0.01053347
-0.25000000, 0.03125000, 0.21875000, 0.00713567
-0.25000000, 0.00000000, 0.25000000, 0.00534608
-0.21875000, -0.03125000, 0.25000000, 0.00713567
-0.18750000, -0.06250000, 0.25000000, 0.01053347
-0.15625000, -0.09375000, 0.25000000, 0.01508272
-0.12500000, -0.12500000, 0.25000000, 0.02054578
-0.09375000, -0.15625000, 0.25000000, 0.02677303
-0.06250000, -0.18750000, 0.25000000, 0.03362976
-0.03125000, -0.21875000, 0.25000000, 0.04112136
0.00000000, -0.25000000, 0.25000000, 0.05019359
0.03125000, -0.25000000, 0.21875000, 0.05616933
0.06250000, -0.25000000, 0.18750000, 0.05586917
0.09375000, -0.25000000, 0.15625000, 0.05247146
0.12500000, -0.25000000, 0.12500000, 0.04724419
0.15625000, -0.25000000, 0.09375000, 0.04115421
0.18750000, -0.25000000, 0.06250000, 0.03529292
0.21875000, -0.25000000, 0.03125000, 0.03134587
0.25000000, -0.25000000, 0.00000000, 0.03484870
0.25000000, -0.21875000, -0.03125000, 0.03701679
0.25000000, -0.18750000, -0.06250000, 0.03423589
0.25000000, -0.15625000, -0.09375000, 0.03037692
0.25000000, -0.12500000, -0.12500000, 0.02632272
0.25000000, -0.09375000, -0.15625000, 0.02243244
0.25000000, -0.06250000, -0.18750000, 0.01903042
0.25000000, -0.03125000, -0.21875000, 0.01635413
0.30000000, 0.00000000, -0.30000000, 0.01255163
0.26250000, 0.03750000, -0.30000000, 0.01442399
0.22500000, 0.07500000, -0.30000000, 0.01741549
0.18750000, 0.11250000, -0.30000000, 0.02115073
0.15000000, 0.15000000, -0.30000000, 0.02540379
0.11250000, 0.18750000, -0.30000000, 0.02986648
0.07500000, 0.22500000, -0.30000000, 0.03417718
0.03750000, 0.26250000, -0.30000000, 0.03744838
0.00000000, 0.30000000, -0.30000000, 0.03586910
-0.03750000, 0.30000000, -0.26250000, 0.03306147
-0.07500000, 0.30000000, -0.22500000, 0.03691007
-0.11250000, 0.30000000, -0.18750000, 0.04209221
-0.15000000, 0.30000000, -0.15000000, 0.04702391
-0.18750000, 0.30000000, -0.11250000, 0.05074689
-0.22500000, 0.30000000, -0.07500000, 0.05245759
-0.26250000, 0.30000000, -0.03750000, 0.05115958
-0.30000000, 0.30000000, 0.00000000, 0.04435328
-0.30000000, 0.26250000, 0.03750000, 0.03656765
-0.30000000, 0.22500000, 0.07500000, 0.02982881
-0.30000000, 0.18750000, 0.11250000, 0.02357884
-0.30000000, 0.15000000, 0.15000000, 0.01787073
-0.30000000, 0.11250000, 0.18750000, 0.01285115
-0.30000000, 0.07500000, 0.22500000, 0.00866092
-0.30000000, 0.03750000, 0.26250000, 0.00551475
-0.30000000, 0.00000000, 0.30000000, 0.00382590
-0.26250000, -0.03750000, 0.30000000, 0.00551475
-0.22500000, -0.07500000, 0.30000000, 0.00866092
-0.18750000, -0.11250000, 0.30000000, 0.01285115
-0.15000000, -0.15000000, 0.30000000, 0.01787073
-0.11250000, -0.18750000, 0.30000000, 0.02357884
-0.07500000, -0.22500000, 0.30000000, 0.02982881
-0.03750000, -0.26250000, 0.30000000, 0.03656765
0.00000000, -0.30000000, 0.30000000, 0.04435328
0.03750000, -0.30000000, 0.26250000, 0.05115958
0.07500000, -0.30000000, 0.22500000, 0.05245759
0.11250000, -0.30000000, 0.18750000, 0.05074689
0.15000000, -0.30000000, 0.15000000, 0.04702391
0.18750000, -0.30000000, 0.11250000, 0.04209221
0.22500000, -0.30000000, 0.07500000, 0.03691007
0.26250000, -0.30000000, 0.03750000, 0.03306147
0.30000000, -0.30000000, 0.00000000, 0.03586910
0.30000000, -0.26250000, -0.03750000, 0.03744838
0.30000000, -0.22500000, -0.07500000, 0.03417718
0.30000000, -0.18750000, -0.11250000, 0.02986648
0.30000000, -0.15000000, -0.15000000, 0.02540379
0.30000000, -0.11250000, -0.18750000, 0.02115073
0.30000000, -0.07500000, -0.22500000, 0.01741549
0.30000000, -0.03750000, -0.26250000, 0.01442399
0.35000000, 0.00000000, -0.35000000, 0.00973104
0.30625000, 0.04375000, -0.35000000, 0.01186940
0.26250000, 0.08750000, -0.35000000, 0.01501021
0.21875000, 0.13125000, -0.35000000, 0.01882485
0.17500000, 0.17500000, -0.35000000, 0.02311468
0.13125000, 0.21875000, -0.35000000, 0.02760091
0.08750000, 0.26250000, -0.35000000, 0.03194278
0.04375000, 0.30625000, -0.35000000, 0.03526572
0.00000000, 0.35000000, -0.35000000, 0.03385836
-0.04375000, 0.35000000, -0.30625000, 0.03235995
-0.08750000, 0.35000000, -0.26250000, 0.03661240
-0.13125000, 0.35000000, -0.21875000, 0.04146561
-0.17500000, 0.35000000, -0.17500000, 0.04542176
-0.21875000, 0.35000000, -0.13125000, 0.04767657
-0.26250000, 0.35000000, -0.08750000, 0.04761955
-0.30625000, 0.35000000, -0.04375000, 0.04463036
-0.35000000, 0.35000000, 0.00000000, 0.03699787
-0.35000000, 0.30625000, 0.04375000, 0.03078061
-0.35000000, 0.26250000, 0.08750000, 0.02507970
-0.35000000, 0.21875000, 0.13125000, 0.01970938
-0.35000000, 0.17500000, 0.17500000, 0.01477680
-0.35000000, 0.13125000, 0.21875000, 0.01043609
-0.35000000, 0.08750000, 0.26250000, 0.00679842
-0.35000000, 0.04375000, 0.30625000, 0.00405151
-0.35000000, 0.00000000, 0.35000000, 0.00254072
-0.30625000, -0.04375000, 0.35000000, 0.00405151
-0.26250000, -0.08750000, 0.35000000, 0.00679842
-0.21875000, -0.13125000, 0.35000000, 0.01043609
-0.17500000, -0.17500000, 0.35000000, 0.01477680
-0.13125000, -0.21875000, 0.35000000, 0.01970938
-0.08750000, -0.26250000, 0.35000000, 0.02507970
-0.04375000, -0.30625000, 0.35000000, 0.03078061
0.00000000, -0.35000000, 0.35000000, 0.03699787
0.04375000, -0.35000000, 0.30625000, 0.04463036
0.08750000, -0.35000000, 0.26250000, 0.04761955
0.13125000, -0.35000000, 0.21875000, 0.04767657
0.17500000, -0.35000000, 0.17500000, 0.04542176
0.21875000, -0.35000000, 0.13125000, 0.04146561
0.26250000, -0.35000000, 0.08750000, 0.03661240
0.30625000, -0.35000000, 0.04375000, 0.03235995
0.35000000, -0.35000000, 0.00000000, 0.03385836
0.35000000, -0.30625000, -0.04375000, 0.03526572
0.35000000, -0.26250000, -0.08750000, 0.03194278
0.35000000, -0.21875000, -0.13125000, 0.02760091
0.35000000, -0.17500000, -0.17500000, 0.02311468
0.35000000, -0.13125000, -0.21875000, 0.01882485
0.35000000, -0.08750000, -0.26250000, 0.01501021
0.35000000, -0.04375000, -0.30625000, 0.01186940
0.40000000, 0.00000000, -0.40000000, 0.00666312
0.35000000, 0.05000000, -0.40000000, 0.00885793
0.30000000, 0.10000000, -0.40000000, 0.01189496
0.25000000, 0.15000000, -0.40000000, 0.01549652
0.20000000, 0.20000000, -0.40000000, 0.01950342
0.15000000, 0.25000000, -0.40000000, 0.02365716
0.10000000, 0.30000000, -0.40000000, 0.02765534
0.05000000, 0.35000000, -0.40000000, 0.03065543
0.00000000, 0.40000000, -0.40000000, 0.02918054
-0.05000000, 0.40000000, -0.35000000, 0.02938301
-0.10000000, 0.40000000, -0.30000000, 0.03442596
-0.15000000, 0.40000000, -0.25000000, 0.03926988
-0.20000000, 0.40000000, -0.20000000, 0.04244350
-0.25000000, 0.40000000, -0.15000000, 0.04329094
-0.30000000, 0.40000000, -0.10000000, 0.04151569
-0.35000000, 0.40000000, -0.05000000, 0.03695488
-0.40000000, 0.40000000, 0.00000000, 0.02879813
-0.40000000, 0.35000000, 0.05000000, 0.02427136
-0.40000000, 0.30000000, 0.10000000, 0.01977769
-0.40000000, 0.25000000, 0.15000000, 0.01545758
-0.40000000, 0.20000000, 0.20000000, 0.01146645
-0.40000000, 0.15000000, 0.25000000, 0.00793993
-0.40000000, 0.10000000, 0.30000000, 0.00498346
-0.40000000, 0.05000000, 0.35000000, 0.00274393
-0.40000000, 0.00000000, 0.40000000, 0.00149654
-0.35000000, -0.05000000, 0.40000000, 0.00274393
-0.30000000, -0.10000000, 0.40000000, 0.00498346
-0.25000000, -0.15000000, 0.40000000, 0.00793993
-0.20000000, -0.20000000, 0.40000000, 0.01146645
-0.15000000, -0.25000000, 0.40000000, 0.01545758
-0.10000000, -0.30000000, 0.40000000, 0.01977769
-0.05000000, -0.35000000, 0.40000000, 0.02427136
0.00000000, -0.40000000, 0.40000000, 0.02879813
0.05000000, -0.40000000, 0.35000000, 0.03695488
0.10000000, -0.40000000, 0.30000000, 0.04151569
0.15000000, -0.40000000, 0.25000000, 0.04329094
0.20000000, -0.40000000, 0.20000000, 0.04244350
0.25000000, -0.40000000, 0.15000000, 0.03926988
0.30000000, -0.40000000, 0.10000000, 0.03442596
0.35000000, -0.40000000, 0.05000000, 0.02938301
0.40000000, -0.40000000, 0.00000000, 0.02918054
0.40000000, -0.35000000, -0.05000000, 0.03065543
0.40000000, -0.30000000, -0.10000000, 0.02765534
0.40000000, -0.25000000, -0.15000000, 0.02365716
0.40000000, -0.20000000, -0.20000000, 0.01950342
0.40000000, -0.15000000, -0.25000000, 0.01549652
0.40000000, -0.10000000, -0.30000000, 0.01189496
0.40000000, -0.05000000, -0.35000000, 0.00885793
0.45000000, 0.00000000, -0.45000000, 0.00391798
0.39375000, 0.05625000, -0.45000000, 0.00587040
0.33750000, 0.11250000, -0.45000000, 0.00851211
0.28125000, 0.16875000, -0.45000000, 0.01160588
0.22500000, 0.22500000, -0.45000000, 0.01502499
0.16875000, 0.28125000, -0.45000000, 0.01854003
0.11250000, 0.33750000, -0.45000000, 0.02188963
0.05625000, 0.39375000, -0.45000000, 0.02431471
0.00000000, 0.45000000, -0.45000000, 0.02272296
-0.05625000, 0.45000000, -0.39375000, 0.02461325
-0.11250000, 0.45000000, -0.33750000, 0.03057240
-0.16875000, 0.45000000, -0.28125000, 0.03562993
-0.22500000, 0.45000000, -0.22500000, 0.03824131
-0.28125000, 0.45000000, -0.16875000, 0.03787000
-0.33750000, 0.45000000, -0.11250000, 0.03459842
-0.39375000, 0.45000000, -0.05625000, 0.02883564
-0.45000000, 0.45000000, 0.00000000, 0.02069020
-0.45000000, 0.39375000, 0.05625000, 0.01773074
-0.45000000, 0.33750000, 0.11250000, 0.01445803
-0.45000000, 0.28125000, 0.16875000, 0.01123415
-0.45000000, 0.22500000, 0.22500000, 0.00823853
-0.45000000, 0.16875000, 0.28125000, 0.00558312
-0.45000000, 0.11250000, 0.33750000, 0.00336449
-0.45000000, 0.05625000, 0.39375000, 0.00168801
-0.45000000, 0.00000000, 0.45000000, 0.00075918
-0.39375000, -0.05625000, 0.45000000, 0.00168801
-0.33750000, -0.11250000, 0.45000000, 0.00336449
-0.28125000, -0.16875000, 0.45000000, 0.00558312
-0.22500000, -0.22500000, 0.45000000, 0.00823853
-0.16875000, -0.28125000, 0.45000000, 0.01123415
-0.11250000, -0.33750000, 0.45000000, 0.01445803
-0.05625000, -0.39375000, 0.45000000, 0.01773074
0.00000000, -0.45000000, 0.45000000, 0.02069020
0.05625000, -0.45000000, 0.39375000, 0.02883564
0.11250000, -0.45000000, 0.33750000, 0.03459842
0.16875000, -0.45000000, 0.28125000, 0.03787000
0.22500000, -0.45000000, 0.22500000, 0.03824131
0.28125000, -0.45000000, 0.16875000, 0.03562993
0.33750000, -0.45000000, 0.11250000, 0.03057240
0.39375000, -0.45000000, 0.05625000, 0.02461325
0.45000000, -0.45000000, 0.00000000, 0.02272296
0.45000000, -0.39375000, -0.05625000, 0.02431471
0.45000000, -0.33750000, -0.11250000, 0.02188963
0.45000000, -0.28125000, -0.16875000, 0.01854003
0.45000000, -0.22500000, -0.22500000, 0.01502499
0.45000000, -0.16875000, -0.28125000, 0.01160588
0.45000000, -0.11250000, -0.33750000, 0.00851211
0.45000000, -0.05625000, -0.39375000, 0.00587040
0.50000000, 0.00000000, -0.50000000, 0.00191969
0.43750000, 0.06250000, -0.50000000, 0.00339093
0.37500000, 0.12500000, -0.50000000, 0.00541260
0.31250000, 0.18750000, -0.50000000, 0.00778491
0.25000000, 0.25000000, -0.50000000, 0.01040418
0.18750000, 0.31250000, -0.50000000, 0.01308585
0.12500000, 0.37500000, -0.50000000, 0.01561151
0.06250000, 0.43750000, -0.50000000, 0.01735834
0.00000000, 0.50000000, -0.50000000, 0.01575840
-0.06250000, 0.50000000, -0.43750000, 0.01885045
-0.12500000, 0.50000000, -0.37500000, 0.02551634
-0.18750000, 0.50000000, -0.31250000, 0.03085512
-0.25000000, 0.50000000, -0.25000000, 0.03310543
-0.31250000, 0.50000000, -0.18750000, 0.03179729
-0.37500000, 0.50000000, -0.12500000, 0.02741507
-0.43750000, 0.50000000, -0.06250000, 0.02102480
-0.50000000, 0.50000000, 0.00000000, 0.01354140
-0.50000000, 0.43750000, 0.06250000, 0.01184394
-0.50000000, 0.37500000, 0.12500000, 0.00966593
-0.50000000, 0.31250000, 0.18750000, 0.00746036
-0.50000000, 0.25000000, 0.25000000, 0.00540005
-0.50000000, 0.18750000, 0.31250000, 0.00358028
-0.50000000, 0.12500000, 0.37500000, 0.00206908
-0.50000000, 0.06250000, 0.43750000, 0.00093874
-0.50000000, 0.00000000, 0.50000000, 0.00032560
-0.43750000, -0.06250000, 0.50000000, 0.00093874
-0.37500000, -0.12500000, 0.50000000, 0.00206908
-0.31250000, -0.18750000, 0.50000000, 0.00358028
-0.25000000, -0.25000000, 0.50000000, 0.00540005
-0.18750000, -0.31250000, 0.50000000, 0.00746036
-0.12500000, -0.37500000, 0.50000000, 0.00966593
-0.06250000, -0.43750000, 0.50000000, 0.01184394
0.00000000, -0.50000000, 0.50000000, 0.01354140
0.06250000, -0.50000000, 0.43750000, 0.02102480
0.12500000, -0.50000000, 0.37500000, 0.02741507
0.18750000, -0.50000000, 0.31250000, 0.03179729
0.25000000, -0.50000000, 0.25000000, 0.03310543
0.31250000, -0.50000000, 0.18750000, 0.03085512
0.37500000, -0.50000000, 0.12500000, 0.02551634
0.43750000, -0.50000000, 0.06250000, 0.01885045
0.50000000, -0.50000000, 0.00000000, 0.01575840
0.50000000, -0.43750000, -0.06250000, 0.01735834
0.50000000, -0.37500000, -0.12500000, 0.01561151
0.50000000, -0.31250000, -0.18750000, 0.01308585
0.50000000, -0.25000000, -0.25000000, 0.01040418
0.50000000, -0.18750000, -0.31250000, 0.00778491
0.50000000, -0.12500000, -0.37500000, 0.00541260
0.50000000, -0.06250000, -0.43750000, 0.00339093
0.55000000, 0.00000000, -0.55000000, 0.00075011
0.48125000, 0.06875000, -0.55000000, 0.00166800
0.41250000, 0.13750000, -0.55000000, 0.00299662
0.34375000, 0.20625000, -0.55000000, 0.00458571
0.27500000, 0.27500000, -0.55000000, 0.00635687
0.20625000, 0.34375000, -0.55000000, 0.00817342
0.13750000, 0.41250000, -0.55000000, 0.00986630
0.06875000, 0.48125000, -0.55000000, 0.01097045
0.00000000, 0.55000000, -0.55000000, 0.00954257
-0.06875000, 0.55000000, -0.48125000, 0.01303544
-0.13750000, 0.55000000, -0.41250000, 0.01990259
-0.20625000, 0.55000000, -0.34375000, 0.02540491
-0.27500000, 0.55000000, -0.27500000, 0.02742482
-0.34375000, 0.55000000, -0.20625000, 0.02548486
-0.41250000, 0.55000000, -0.13750000, 0.02049352
-0.48125000, 0.55000000, -0.06875000, 0.01414744
-0.55000000, 0.55000000, 0.00000000, 0.00791976
-0.55000000, 0.48125000, 0.06875000, 0.00711268
-0.55000000, 0.41250000, 0.13750000, 0.00581209
-0.55000000, 0.34375000, 0.20625000, 0.00445036
-0.55000000, 0.27500000, 0.27500000, 0.00317254
-0.55000000, 0.20625000, 0.34375000, 0.00205527
-0.55000000, 0.13750000, 0.41250000, 0.00113794
-0.55000000, 0.06875000, 0.48125000, 0.00046472
-0.55000000, 0.00000000, 0.55000000, 0.00011244
-0.48125000, -0.06875000, 0.55000000, 0.00046472
-0.41250000, -0.13750000, 0.55000000, 0.00113794
-0.34375000, -0.20625000, 0.55000000, 0.00205527
-0.27500000, -0.27500000, 0.55000000, 0.00317254
-0.20625000, -0.34375000, 0.55000000, 0.00445036
-0.13750000, -0.41250000, 0.55000000, 0.00581209
-0.06875000, -0.48125000, 0.55000000, 0.00711268
0.00000000, -0.55000000, 0.55000000, 0.00791976
0.06875000, -0.55000000, 0.48125000, 0.01414744
0.13750000, -0.55000000, 0.41250000, 0.02049352
0.20625000, -0.55000000, 0.34375000, 0.02548486
0.27500000, -0.55000000, 0.27500000, 0.02742482
0.34375000, -0.55000000, 0.20625000, 0.02540491
0.41250000, -0.55000000, 0.13750000, 0.01990259
0.48125000, -0.55000000, 0.06875000, 0.01303544
0.55000000, -0.55000000, 0.00000000, 0.00954257
0.55000000, -0.48125000, -0.06875000, 0.01097045
0.55000000, -0.41250000, -0.13750000, 0.00986630
0.55000000, -0.34375000, -0.20625000, 0.00817342
0.55000000, -0.27500000, -0.27500000, 0.00635687
0.55000000, -0.20625000, -0.34375000, 0.00458571
0.55000000, -0.13750000, -0.41250000, 0.00299662
0.55000000, -0.06875000, -0.48125000, 0.00166800
0.60000000, 0.00000000, -0.60000000, 0.00021768
0.52500000, 0.07500000, -0.60000000, 0.00067486
0.45000000, 0.15000000, -0.60000000, 0.00139956
0.37500000, 0.22500000, -0.60000000, 0.00230267
0.30000000, 0.30000000, -0.60000000, 0.00333765
0.22500000, 0.37500000, -0.60000000, 0.00440914
0.15000000, 0.45000000, -0.60000000, 0.00540088
0.07500000, 0.52500000, -0.60000000, 0.00599669
0.00000000, 0.60000000, -0.60000000, 0.00489070
-0.07500000, 0.60000000, -0.52500000, 0.00798382
-0.15000000, 0.60000000, -0.45000000, 0.01439765
-0.22500000, 0.60000000, -0.37500000, 0.01978245
-0.30000000, 0.60000000, -0.30000000, 0.02162336
-0.37500000, 0.60000000, -0.22500000, 0.01936075
-0.45000000, 0.60000000, -0.15000000, 0.01430752
-0.52500000, 0.60000000, -0.07500000, 0.00863773
-0.60000000, 0.60000000, 0.00000000, 0.00402376
-0.60000000, 0.52500000, 0.07500000, 0.00375196
-0.60000000, 0.45000000, 0.15000000, 0.00307428
-0.60000000, 0.37500000, 0.22500000, 0.00233147
-0.60000000, 0.30000000, 0.30000000, 0.00163181
-0.60000000, 0.22500000, 0.37500000, 0.00102634
-0.60000000, 0.15000000, 0.45000000, 0.00054113
-0.60000000, 0.07500000, 0.52500000, 0.00019494
-0.60000000, 0.00000000, 0.60000000, 0.00002374
-0.52500000, -0.07500000, 0.60000000, 0.00019494
-0.45000000, -0.15000000, 0.60000000, 0.00054113
-0.37500000, -0.22500000, 0.60000000, 0.00102634
-0.30000000, -0.30000000, 0.60000000, 0.00163181
-0.22500000, -0.37500000, 0.60000000, 0.00233147
-0.15000000, -0.45000000, 0.60000000, 0.00307428
-0.07500000, -0.52500000, 0.60000000, 0.00375196
0.00000000, -0.60000000, 0.60000000, 0.00402376
0.07500000, -0.60000000, 0.52500000, 0.00863773
0.15000000, -0.60000000, 0.45000000, 0.01430752
0.22500000, -0.60000000, 0.37500000, 0.01936075
0.30000000, -0.60000000, 0.30000000, 0.02162336
0.37500000, -0.60000000, 0.22500000, 0.01978245
0.45000000, -0.60000000, 0.15000000, 0.01439765
0.52500000, -0.60000000, 0.07500000, 0.00798382
0.60000000, -0.60000000, 0.00000000, 0.00489070
0.60000000, -0.52500000, -0.07500000, 0.00599669
0.60000000, -0.45000000, -0.15000000, 0.00540088
0.60000000, -0.37500000, -0.22500000, 0.00440914
0.60000000, -0.30000000, -0.30000000, 0.00333765
0.60000000, -0.22500000, -0.37500000, 0.00230267
0.60000000, -0.15000000, -0.45000000, 0.00139956
0.60000000, -0.07500000, -0.52500000, 0.00067486
0.65000000, 0.00000000, -0.65000000, 0.00004264
0.56875000, 0.08125000, -0.65000000, 0.00021293
0.48750000, 0.16250000, -0.65000000, 0.00052249
0.40625000, 0.24375000, -0.65000000, 0.00093751
0.32500000, 0.32500000, -0.65000000, 0.00144131
0.24375000, 0.40625000, -0.65000000, 0.00197466
0.16250000, 0.48750000, -0.65000000, 0.00246796
0.08125000, 0.56875000, -0.65000000, 0.00273054
0.00000000, 0.65000000, -0.65000000, 0.00200024
-0.08125000, 0.65000000, -0.56875000, 0.00418575
-0.16250000, 0.65000000, -0.48750000, 0.00954743
-0.24375000, 0.65000000, -0.40625000, 0.01444777
-0.32500000, 0.65000000, -0.32500000, 0.01610199
-0.40625000, 0.65000000, -0.24375000, 0.01382635
-0.48750000, 0.65000000, -0.16250000, 0.00921963
-0.56875000, 0.65000000, -0.08125000, 0.00468501
-0.65000000, 0.65000000, 0.00000000, 0.00170753
-0.65000000, 0.56875000, 0.08125000, 0.00168309
-0.65000000, 0.48750000, 0.16250000, 0.00138635
-0.65000000, 0.40625000, 0.24375000, 0.00103823
-0.65000000, 0.32500000, 0.32500000, 0.00070940
-0.65000000, 0.24375000, 0.40625000, 0.00042707
-0.65000000, 0.16250000, 0.48750000, 0.00021136
-0.65000000, 0.08125000, 0.56875000, 0.00006322
-0.65000000, 0.00000000, 0.65000000, -0.00000394
-0.56875000, -0.08125000, 0.65000000, 0.00006322
-0.48750000, -0.16250000, 0.65000000, 0.00021136
-0.40625000, -0.24375000, 0.65000000, 0.00042707
-0.32500000, -0.32500000, 0.65000000, 0.00070940
-0.24375000, -0.40625000, 0.65000000, 0.00103823
-0.16250000, -0.48750000, 0.65000000, 0.00138635
-0.08125000, -0.56875000, 0.65000000, 0.00168309
0.00000000, -0.65000000, 0.65000000, 0.00170753
0.08125000, -0.65000000, 0.56875000, 0.00468501
0.16250000, -0.65000000, 0.48750000, 0.00921963
0.24375000, -0.65000000, 0.40625000, 0.01382635
0.32500000, -0.65000000, 0.32500000, 0.01610199
0.40625000, -0.65000000, 0.24375000, 0.01444777
0.48750000, -0.65000000, 0.16250000, 0.00954743
0.56875000, -0.65000000, 0.08125000, 0.00418575
0.65000000, -0.65000000, 0.00000000, 0.00200024
0.65000000, -0.56875000, -0.08125000, 0.00273054
0.65000000, -0.48750000, -0.16250000, 0.00246796
0.65000000, -0.40625000, -0.24375000, 0.00197466
0.65000000, -0.32500000, -0.32500000, 0.00144131
0.65000000, -0.24375000, -0.40625000, 0.00093751
0.65000000, -0.16250000, -0.48750000, 0.00052249
0.65000000, -0.08125000, -0.56875000, 0.00021293
0.70000000, 0.00000000, -0.70000000, 0.00000629
0.61250000, 0.08750000, -0.70000000, 0.00004869
0.52500000, 0.17500000, -0.70000000, 0.00014037
0.43750000, 0.26250000, -0.70000000, 0.00028030
0.35000000, 0.35000000, -0.70000000, 0.00046953
0.26250000, 0.43750000, -0.70000000, 0.00068109
0.17500000, 0.52500000, -0.70000000, 0.00087847
0.08750000, 0.61250000, -0.70000000, 0.00096679
0.00000000, 0.70000000, -0.70000000, 0.00056510
-0.08750000, 0.70000000, -0.61250000, 0.00175035
-0.17500000, 0.70000000, -0.52500000, 0.00570020
-0.26250000, 0.70000000, -0.43750000, 0.00977258
-0.35000000, 0.70000000, -0.35000000, 0.01119612
-0.43750000, 0.70000000, -0.26250000, 0.00918076
-0.52500000, 0.70000000, -0.17500000, 0.00540448
-0.61250000, 0.70000000, -0.08750000, 0.00219934
-0.70000000, 0.70000000, 0.00000000, 0.00057753
-0.70000000, 0.61250000, 0.08750000, 0.00061420
-0.70000000, 0.52500000, 0.17500000, 0.00050919
-0.70000000, 0.43750000, 0.26250000, 0.00037362
-0.70000000, 0.35000000, 0.35000000, 0.00024553
-0.70000000, 0.26250000, 0.43750000, 0.00013948
-0.70000000, 0.17500000, 0.52500000, 0.00006474
-0.70000000, 0.08750000, 0.61250000, 0.00001607
-0.70000000, 0.00000000, 0.70000000, -0.00000384
-0.61250000, -0.08750000, 0.70000000, 0.00001607
-0.52500000, -0.17500000, 0.70000000, 0.00006474
-0.43750000, -0.26250000, 0.70000000, 0.00013948
-0.35000000, -0.35000000, 0.70000000, 0.00024553
-0.26250000, -0.43750000, 0.70000000, 0.00037362
-0.17500000, -0.52500000, 0.70000000, 0.00050919
-0.08750000, -0.61250000, 0.70000000, 0.00061420
0.00000000, -0.70000000, 0.70000000, 0.00057753
0.08750000, -0.70000000, 0.61250000, 0.00219934
0.17500000, -0.70000000, 0.52500000, 0.00540448
0.26250000, -0.70000000, 0.43750000, 0.00918076
0.35000000, -0.70000000, 0.35000000, 0.01119612
0.43750000, -0.70000000, 0.26250000, 0.00977258
0.52500000, -0.70000000, 0.17500000, 0.00570020
0.61250000, -0.70000000, 0.08750000, 0.00175035
0.70000000, -0.70000000, 0.00000000, 0.00056510
0.70000000, -0.61250000, -0.08750000, 0.00096679
0.70000000, -0.52500000, -0.17500000, 0.00087847
0.70000000, -0.43750000, -0.26250000, 0.00068109
0.70000000, -0.35000000, -0.35000000, 0.00046953
0.70000000, -0.26250000, -0.43750000, 0.00028030
0.70000000, -0.17500000, -0.52500000, 0.00014037
0.70000000, -0.08750000, -0.61250000, 0.00004869
0.75000000, 0.00000000, -0.75000000, 0.00000078
0.65625000, 0.09375000, -0.75000000, 0.00000711
0.56250000, 0.18750000, -0.75000000, 0.00001920
0.46875000, 0.28125000, -0.75000000, 0.00004484
0.37500000, 0.37500000, -0.75000000, 0.00008995
0.28125000, 0.46875000, -0.75000000, 0.00014996
0.18750000, 0.56250000, -0.75000000, 0.00020781
0.09375000, 0.65625000, -0.75000000, 0.00022880
0.00000000, 0.75000000, -0.75000000, 0.00005049
-0.09375000, 0.75000000, -0.65625000, 0.00047751
-0.18750000, 0.75000000, -0.56250000, 0.00298346
-0.28125000, 0.75000000, -0.46875000, 0.00601022
-0.37500000, 0.75000000, -0.37500000, 0.00714372
-0.46875000, 0.75000000, -0.28125000, 0.00556891
-0.56250000, 0.75000000, -0.18750000, 0.00281938
-0.65625000, 0.75000000, -0.09375000, 0.00086009
-0.75000000, 0.75000000, 0.00000000, 0.00015095
-0.75000000, 0.65625000, 0.09375000, 0.00017260
-0.75000000, 0.56250000, 0.18750000, 0.00014263
-0.75000000, 0.46875000, 0.28125000, 0.00009980
-0.75000000, 0.37500000, 0.37500000, 0.00005975
-0.75000000, 0.28125000, 0.46875000, 0.00003325
-0.75000000, 0.18750000, 0.56250000, 0.00001703
-0.75000000, 0.09375000, 0.65625000, 0.00000748
-0.75000000, 0.00000000, 0.75000000, 0.00000289
-0.65625000, -0.09375000, 0.75000000, 0.00000748
-0.56250000, -0.18750000, 0.75000000, 0.00001703
-0.46875000, -0.28125000, 0.75000000, 0.00003325
-0.37500000, -0.37500000, 0.75000000, 0.00005975
-0.28125000, -0.46875000, 0.75000000, 0.00009980
-0.18750000, -0.56250000, 0.75000000, 0.00014263
-0.09375000, -0.65625000, 0.75000000, 0.00017260
0.00000000, -0.75000000, 0.75000000, 0.00015095
0.09375000, -0.75000000, 0.65625000, 0.00086009
0.18750000, -0.75000000, 0.56250000, 0.00281938
0.28125000, -0.75000000, 0.46875000, 0.00556891
0.37500000, -0.75000000, 0.37500000, 0.00714372
0.46875000, -0.75000000, 0.28125000, 0.00601022
0.56250000, -0.75000000, 0.18750000, 0.00298346
0.65625000, -0.75000000, 0.09375000, 0.00047751
0.75000000, -0.75000000, 0.00000000, 0.00005049
0.75000000, -0.65625000, -0.09375000, 0.00022880
0.75000000, -0.56250000, -0.18750000, 0.00020781
0.75000000, -0.46875000, -0.28125000, 0.00014996
0.75000000, -0.37500000, -0.37500000, 0.00008995
0.75000000, -0.28125000, -0.46875000, 0.00004484
0.75000000, -0.18750000, -0.56250000, 0.00001920
0.75000000, -0.09375000, -0.65625000, 0.00000711
0.80000000, 0.00000000, -0.80000000, -0.00000100
0.70000000, 0.10000000, -0.80000000, -0.00000127
0.60000000, 0.20000000, -0.80000000, -0.00000528
0.50000000, 0.30000000, -0.80000000, -0.00000848
0.40000000, 0.40000000, -0.80000000, -0.00000574
0.30000000, 0.50000000, -0.80000000, 0.00000506
0.20000000, 0.60000000, -0.80000000, 0.00001730
0.10000000, 0.70000000, -0.80000000, 0.00002124
0.00000000, 0.80000000, -0.80000000, -0.00004090
-0.10000000, 0.80000000, -0.70000000, -0.00000296
-0.20000000, 0.80000000, -0.60000000, 0.00131648
-0.30000000, 0.80000000, -0.50000000, 0.00326624
-0.40000000, 0.80000000, -0.40000000, 0.00406345
-0.50000000, 0.80000000, -0.30000000, 0.00298822
-0.60000000, 0.80000000, -0.20000000, 0.00125628
-0.70000000, 0.80000000, -0.10000000, 0.00025548
-0.80000000, 0.80000000, 0.00000000, 0.00002778
-0.80000000, 0.70000000, 0.10000000, 0.00003484
-0.80000000, 0.60000000, 0.20000000, 0.00002787
-0.80000000, 0.50000000, 0.30000000, 0.00001656
-0.80000000, 0.40000000, 0.40000000, 0.00000649
-0.80000000, 0.30000000, 0.50000000, 0.00000427
-0.80000000, 0.20000000, 0.60000000, 0.00000426
-0.80000000, 0.10000000, 0.70000000, 0.00000444
-0.80000000, 0.00000000, 0.80000000, 0.00000298
-0.70000000, -0.10000000, 0.80000000, 0.00000444
-0.60000000, -0.20000000, 0.80000000, 0.00000426
-0.50000000, -0.30000000, 0.80000000, 0.00000427
-0.40000000, -0.40000000, 0.80000000, 0.00000649
-0.30000000, -0.50000000, 0.80000000, 0.00001656
-0.20000000, -0.60000000, 0.80000000, 0.00002787
-0.10000000, -0.70000000, 0.80000000, 0.00003484
0.00000000, -0.80000000, 0.80000000, 0.00002778
0.10000000, -0.80000000, 0.70000000, 0.00025548
0.20000000, -0.80000000, 0.60000000, 0.00125628
0.30000000, -0.80000000, 0.50000000, 0.00298822
0.40000000, -0.80000000, 0.40000000, 0.00406345
0.50000000, -0.80000000, 0.30000000, 0.00326624
0.60000000, -0.80000000, 0.20000000, 0.00131648
0.70000000, -0.80000000, 0.10000000, -0.00000296
0.80000000, -0.80000000, 0.00000000, -0.00004090
0.80000000, -0.70000000, -0.10000000, 0.00002124
0.80000000, -0.60000000, -0.20000000, 0.00001730
0.80000000, -0.50000000, -0.30000000, 0.00000506
0.80000000, -0.40000000, -0.40000000, -0.00000574
0.80000000, -0.30000000, -0.50000000, -0.00000848
0.80000000, -0.20000000, -0.60000000, -0.00000528
0.80000000, -0.10000000, -0.70000000, -0.00000127
0.85000000, 0.00000000, -0.85000000, 0.00000037
0.74375000, 0.10625000, -0.85000000, -0.00000291
0.63750000, 0.21250000, -0.85000000, -0.00000736
0.53125000, 0.31875000, -0.85000000, -0.00001164
0.42500000, 0.42500000, -0.85000000, -0.00001166
0.31875000, 0.53125000, -0.85000000, -0.00000863
0.21250000, 0.63750000, -0.85000000, -0.00000392
0.10625000, 0.74375000, -0.85000000, -0.00000333
0.00000000, 0.85000000, -0.85000000, -0.00002102
-0.10625000, 0.85000000, -0.74375000, -0.00008085
-0.21250000, 0.85000000, -0.63750000, 0.00045972
-0.31875000, 0.85000000, -0.53125000, 0.00148750
-0.42500000, 0.85000000, -0.42500000, 0.00195022
-0.53125000, 0.85000000, -0.31875000, 0.00133456
-0.63750000, 0.85000000, -0.21250000, 0.00044034
-0.74375000, 0.85000000, -0.10625000, 0.00003801
-0.85000000, 0.85000000, 0.00000000, -0.00000591
-0.85000000, 0.74375000, 0.10625000, 0.00000262
-0.85000000, 0.63750000, 0.21250000, 0.00000287
-0.85000000, 0.53125000, 0.31875000, 0.00000035
-0.85000000, 0.42500000, 0.42500000, -0.00000162
-0.85000000, 0.31875000, 0.53125000, -0.00000276
-0.85000000, 0.21250000, 0.63750000, -0.00000192
-0.85000000, 0.10625000, 0.74375000, -0.00000186
-0.85000000, 0.00000000, 0.85000000, -0.00000230
-0.74375000, -0.10625000, 0.85000000, -0.00000186
-0.63750000, -0.21250000, 0.85000000, -0.00000192
-0.53125000, -0.31875000, 0.85000000, -0.00000276
-0.42500000, -0.42500000, 0.85000000, -0.00000162
-0.31875000, -0.53125000, 0.85000000, 0.00000035
-0.21250000, -0.63750000, 0.85000000, 0.00000287
-0.10625000, -0.74375000, 0.85000000, 0.00000262
0.00000000, -0.85000000, 0.85000000, -0.00000591
0.10625000, -0.85000000, 0.74375000, 0.00003801
0.21250000, -0.85000000, 0.63750000, 0.00044034
0.31875000, -0.85000000, 0.53125000, 0.00133456
0.42500000, -0.85000000, 0.42500000, 0.00195022
0.53125000, -0.85000000, 0.31875000, 0.00148750
0.63750000, -0.85000000, 0.21250000, 0.00045972
0.74375000, -0.85000000, 0.10625000, -0.00008085
0.85000000, -0.85000000, 0.00000000, -0.00002102
0.85000000, -0.74375000, -0.10625000, -0.00000333
0.85000000, -0.63750000, -0.21250000, -0.00000392
0.85000000, -0.53125000, -0.31875000, -0.00000863
0.85000000, -0.42500000, -0.42500000, -0.00001166
0.85000000, -0.31875000, -0.53125000, -0.00001164
0.85000000, -0.21250000, -0.63750000, -0.00000736
0.85000000, -0.10625000, -0.74375000, -0.00000291
0.90000000, 0.00000000, -0.90000000, 0.00000097
0.78750000, 0.11250000, -0.90000000, -0.00000060
0.67500000, 0.22500000, -0.90000000, -0.00000274
0.56250000, 0.33750000, -0.90000000, -0.00000479
0.45000000, 0.45000000, -0.90000000, -0.00000472
0.33750000, 0.56250000, -0.90000000, -0.00000377
0.22500000, 0.67500000, -0.90000000, -0.00000212
0.11250000, 0.78750000, -0.90000000, -0.00000251
0.00000000, 0.90000000, -0.90000000, -0.00000697
-0.11250000, 0.90000000, -0.78750000, -0.00004288
-0.22500000, 0.90000000, -0.67500000, 0.00010828
-0.33750000, 0.90000000, -0.56250000, 0.00049839
-0.45000000, 0.90000000, -0.45000000, 0.00069530
-0.56250000, 0.90000000, -0.33750000, 0.00043920
-0.67500000, 0.90000000, -0.22500000, 0.00010590
-0.78750000, 0.90000000, -0.11250000, -0.00000491
-0.90000000, 0.90000000, 0.00000000, -0.00000542
-0.90000000, 0.78750000, 0.11250000, -0.00000149
-0.90000000, 0.67500000, 0.22500000, -0.00000052
-0.90000000, 0.56250000, 0.33750000, -0.00000082
-0.90000000, 0.45000000, 0.45000000, -0.00000096
-0.90000000, 0.33750000, 0.56250000, -0.00000203
-0.90000000, 0.22500000, 0.67500000, -0.00000189
-0.90000000, 0.11250000, 0.78750000, -0.00000214
-0.90000000, 0.00000000, 0.90000000, -0.00000184
-0.78750000, -0.11250000, 0.90000000, -0.00000214
-0.67500000, -0.22500000, 0.90000000, -0.00000189
-0.56250000, -0.33750000, 0.90000000, -0.00000203
-0.45000000, -0.45000000, 0.90000000, -0.00000096
-0.33750000, -0.56250000, 0.90000000, -0.00000082
-0.22500000, -0.67500000, 0.90000000, -0.00000052
-0.11250000, -0.78750000, 0.90000000, -0.00000149
0.00000000, -0.90000000, 0.90000000, -0.00000542
0.11250000, -0.90000000, 0.78750000, -0.00000491
0.22500000, -0.90000000, 0.67500000, 0.00010590
0.33750000, -0.90000000, 0.56250000, 0.00043920
0.45000000, -0.90000000, 0.45000000, 0.00069530
0.56250000, -0.90000000, 0.33750000, 0.00049839
0.67500000, -0.90000000, 0.22500000, 0.00010828
0.78750000, -0.90000000, 0.11250000, -0.00004288
0.90000000, -0.90000000, 0.00000000, -0.00000697
0.90000000, -0.78750000, -0.11250000, -0.00000251
0.90000000, -0.67500000, -0.22500000, -0.00000212
0.90000000, -0.56250000, -0.33750000, -0.00000377
0.90000000, -0.45000000, -0.45000000, -0.00000472
0.90000000, -0.33750000, -0.56250000, -0.00000479
0.90000000, -0.22500000, -0.67500000, -0.00000274
0.90000000, -0.11250000, -0.78750000, -0.00000060
0.95000000, 0.00000000, -0.95000000, -0.00000083
0.83125000, 0.11875000, -0.95000000, 0.00000093
0.71250000, 0.23750000, -0.95000000, 0.00000178
0.59375000, 0.35625000, -0.95000000, 0.00000163
0.47500000, 0.47500000, -0.95000000, -0.00000006
0.35625000, 0.59375000, -0.95000000, -0.00000130
0.23750000, 0.71250000, -0.95000000, -0.00000269
0.11875000, 0.83125000, -0.95000000, -0.00000237
0.00000000, 0.95000000, -0.95000000, -0.00000263
-0.11875000, 0.95000000, -0.83125000, -0.00001181
-0.23750000, 0.95000000, -0.71250000, 0.00000733
-0.35625000, 0.95000000, -0.59375000, 0.00007867
-0.47500000, 0.95000000, -0.47500000, 0.00012217
-0.59375000, 0.95000000, -0.35625000, 0.00007559
-0.71250000, 0.95000000, -0.23750000, 0.00001610
-0.83125000, 0.95000000, -0.11875000, 0.00000374
-0.95000000, 0.95000000, 0.00000000, 0.00000610
-0.95000000, 0.83125000, 0.11875000, 0.00000142
-0.95000000, 0.71250000, 0.23750000, 0.00000034
-0.95000000, 0.59375000, 0.35625000, 0.00000007
-0.95000000, 0.47500000, 0.47500000, -0.00000013
-0.95000000, 0.35625000, 0.59375000, 0.00000134
-0.95000000, 0.23750000, 0.71250000, 0.00000182
-0.95000000, 0.11875000, 0.83125000, 0.00000225
-0.95000000, 0.00000000, 0.95000000, 0.00000230
-0.83125000, -0.11875000, 0.95000000, 0.00000225
-0.71250000, -0.23750000, 0.95000000, 0.00000182
-0.59375000, -0.35625000, 0.95000000, 0.00000134
-0.47500000, -0.47500000, 0.95000000, -0.00000013
-0.35625000, -0.59375000, 0.95000000, 0.00000007
-0.23750000, -0.71250000, 0.95000000, 0.00000034
-0.11875000, -0.83125000, 0.95000000, 0.00000142
0.00000000, -0.95000000, 0.95000000, 0.00000610
0.11875000, -0.95000000, 0.83125000, 0.00000374
0.23750000, -0.95000000, 0.71250000, 0.00001610
0.35625000, -0.95000000, 0.59375000, 0.00007559
0.47500000, -0.95000000, 0.47500000, 0.00012217
0.59375000, -0.95000000, 0.35625000, 0.00007867
0.71250000, -0.95000000, 0.23750000, 0.00000733
0.83125000, -0.95000000, 0.11875000, -0.00001181
0.95000000, -0.95000000, 0.00000000, -0.00000263
0.95000000, -0.83125000, -0.11875000, -0.00000237
0.95000000, -0.71250000, -0.23750000, -0.00000269
0.95000000, -0.59375000, -0.35625000, -0.00000130
0.95000000, -0.47500000, -0.47500000, -0.00000006
0.95000000, -0.35625000, -0.59375000, 0.00000163
0.95000000, -0.23750000, -0.71250000, 0.00000178
0.95000000, -0.11875000, -0.83125000, 0.00000093
1.00000000, 0.00000000, -1.00000000, 0.00000000
0.87500000, 0.12500000, -1.00000000, 0.00000000
0.75000000, 0.25000000, -1.00000000, 0.00000000
0.62500000, 0.37500000, -1.00000000, 0.00000000
0.50000000, 0.50000000, -1.00000000, 0.00000000
0.37500000, 0.62500000, -1.00000000, 0.00000000
0.25000000, 0.75000000, -1.00000000, 0.00000000
0.12500000, 0.87500000, -1.00000000, 0.00000000
0.00000000, 1.00000000, -1.00000000, 0.00000000
-0.12500000, 1.00000000, -0.87500000, 0.00000000
-0.25000000, 1.00000000, -0.75000000, 0.00000000
-0.37500000, 1.00000000, -0.62500000, 0.00000000
-0.50000000, 1.00000000, -0.50000000, 0.00000000
-0.62500000, 1.00000000, -0.37500000, 0.00000000
-0.75000000, 1.00000000, -0.25000000, 0.00000000
-0.87500000, 1.00000000, -0.12500000, 0.00000000
-1.00000000, 1.00000000, 0.00000000, 0.00000000
-1.00000000, 0.87500000, 0.12500000, 0.00000000
-1.00000000, 0.75000000, 0.25000000, 0.00000000
-1.00000000, 0.62500000, 0.37500000, 0.00000000
-1.00000000, 0.50000000, 0.50000000, 0.00000000
-1.00000000, 0.37500000, 0.62500000, 0.00000000
-1.00000000, 0.25000000, 0.75000000, 0.00000000
-1.00000000, 0.12500000, 0.87500000, 0.00000000
-1.00000000, 0.00000000, 1.00000000, 0.00000000
-0.87500000, -0.12500000, 1.00000000, 0.00000000
-0.75000000, -0.25000000, 1.00000000, 0.00000000
-0.62500000, -0.37500000, 1.00000000, 0.00000000
-0.50000000, -0.50000000, 1.00000000, 0.00000000
-0.37500000, -0.62500000, 1.00000000, 0.00000000
-0.25000000, -0.75000000, 1.00000000, 0.00000000
-0.12500000, -0.87500000, 1.00000000, 0.00000000
0.00000000, -1.00000000, 1.00000000, 0.00000000
0.12500000, -1.00000000, 0.87500000, 0.00000000
0.25000000, -1.00000000, 0.75000000, 0.00000000
0.37500000, -1.00000000, 0.62500000, 0.00000000
0.50000000, -1.00000000, 0.50000000, 0.00000000
0.62500000, -1.00000000, 0.37500000, 0.00000000
0.75000000, -1.00000000, 0.25000000, 0.00000000
0.87500000, -1.00000000, 0.12500000, 0.00000000
1.00000000, -1.00000000, 0.00000000, 0.00000000
1.00000000, -0.87500000, -0.12500000, 0.00000000
1.00000000, -0.75000000, -0.25000000, 0.00000000
1.00000000, -0.62500000, -0.37500000, 0.00000000
1.00000000, -0.50000000, -0.50000000, 0.00000000
1.00000000, -0.37500000, -0.62500000, 0.00000000
1.00000000, -0.25000000, -0.75000000, 0.00000000
1.00000000, -0.12500000, -0.87500000, 0.00000000
