0.01000000, 0.00000000, -0.01000000, -0.28402594
0.00000000, 0.01000000, -0.01000000, -0.98395365
-0.00125000, 0.01000000, -0.00875000, -0.93993229
-0.00250000, 0.01000000, -0.00750000, -0.54000455
-0.00375000, 0.01000000, -0.00625000, -0.06712307
-0.00500000, 0.01000000, -0.00500000, 0.43157217
-0.00625000, 0.01000000, -0.00375000, 0.87563342
-0.00750000, 0.01000000, -0.00250000, 1.18656313
-0.00875000, 0.01000000, -0.00125000, 1.31484818
-0.01000000, 0.01000000, 0.00000000, 0.97795773
-0.01000000, 0.00875000, 0.00125000, 0.71456873
-0.01000000, 0.00750000, 0.00250000, 0.60110641
-0.01000000, 0.00625000, 0.00375000, 0.52470261
-0.01000000, 0.00500000, 0.00500000, 0.45604149
-0.01000000, 0.00375000, 0.00625000, 0.40279710
-0.01000000, 0.00250000, 0.00750000, 0.34827551
-0.01000000, 0.00125000, 0.00875000, 0.30933586
-0.01000000, 0.00000000, 0.01000000, 0.27603552
0.00000000, -0.01000000, 0.01000000, 0.97795773
0.00125000, -0.01000000, 0.00875000, 1.31484818
0.00250000, -0.01000000, 0.00750000, 1.18656313
0.00375000, -0.01000000, 0.00625000, 0.87563342
0.00500000, -0.01000000, 0.00500000, 0.43157217
0.00625000, -0.01000000, 0.00375000, -0.06712307
0.00750000, -0.01000000, 0.00250000, -0.54000455
0.00875000, -0.01000000, 0.00125000, -0.93993229
0.01000000, -0.01000000, 0.00000000, -0.98395365
0.01000000, -0.00875000, -0.00125000, -0.72249740
0.01000000, -0.00750000, -0.00250000, -0.60889584
0.01000000, -0.00625000, -0.00375000, -0.53521621
0.01000000, -0.00500000, -0.00500000, -0.46559948
0.01000000, -0.00375000, -0.00625000, -0.41308227
0.01000000, -0.00250000, -0.00750000, -0.35777730
0.01000000, -0.00125000, -0.00875000, -0.31897593
0.02000000, 0.00000000, -0.02000000, -0.10199808
0.01750000, 0.00250000, -0.02000000, -0.11618142
0.01500000, 0.00500000, -0.02000000, -0.13420919
0.01250000, 0.00750000, -0.02000000, -0.15625331
0.01000000, 0.01000000, -0.02000000, -0.17969319
0.00750000, 0.01250000, -0.02000000, -0.20905693
0.00500000, 0.01500000, -0.02000000, -0.24213971
0.00250000, 0.01750000, -0.02000000, -0.28919318
0.00000000, 0.02000000, -0.02000000, -0.39655858
-0.00250000, 0.02000000, -0.01750000, -0.35777283
-0.00500000, 0.02000000, -0.01500000, -0.18921168
-0.00750000, 0.02000000, -0.01250000, 0.01565267
-0.01000000, 0.02000000, -0.01000000, 0.21434398
-0.01250000, 0.02000000, -0.00750000, 0.38645110
-0.01500000, 0.02000000, -0.00500000, 0.51206315
-0.01750000, 0.02000000, -0.00250000, 0.54825610
-0.02000000, 0.02000000, 0.00000000, 0.40132731
-0.02000000, 0.01750000, 0.00250000, 0.29360691
-0.02000000, 0.01500000, 0.00500000, 0.24601863
-0.02000000, 0.01250000, 0.00750000, 0.21247487
-0.02000000, 0.01000000, 0.01000000, 0.18288660
-0.02000000, 0.00750000, 0.01250000, 0.15869609
-0.02000000, 0.00500000, 0.01500000, 0.13704991
-0.02000000, 0.00250000, 0.01750000, 0.11919478
-0.02000000, 0.00000000, 0.02000000, 0.10623310
-0.01750000, -0.00250000, 0.02000000, 0.11919478
-0.01500000, -0.00500000, 0.02000000, 0.13704991
-0.01250000, -0.00750000, 0.02000000, 0.15869609
-0.01000000, -0.01000000, 0.02000000, 0.18288660
-0.00750000, -0.01250000, 0.02000000, 0.21247487
-0.00500000, -0.01500000, 0.02000000, 0.24601863
-0.00250000, -0.01750000, 0.02000000, 0.29360691
0.00000000, -0.02000000, 0.02000000, 0.40132731
0.00250000, -0.02000000, 0.01750000, 0.54825610
0.00500000, -0.02000000, 0.01500000, 0.51206315
0.00750000, -0.02000000, 0.01250000, 0.38645110
0.01000000, -0.02000000, 0.01000000, 0.21434398
0.01250000, -0.02000000, 0.00750000, 0.01565267
0.01500000, -0.02000000, 0.00500000, -0.18921168
0.01750000, -0.02000000, 0.00250000, -0.35777283
0.02000000, -0.02000000, 0.00000000, -0.39655858
0.02000000, -0.01750000, -0.00250000, -0.28919318
0.02000000, -0.01500000, -0.00500000, -0.24213971
0.02000000, -0.01250000, -0.00750000, -0.20905693
0.02000000, -0.01000000, -0.01000000, -0.17969319
0.02000000, -0.00750000, -0.01250000, -0.15625331
0.02000000, -0.00500000, -0.01500000, -0.13420919
0.02000000, -0.00250000, -0.01750000, -0.11618142
0.03000000, 0.00000000, -0.03000000, -0.04974996
0.02625000, 0.00375000, -0.03000000, -0.05853411
0.02250000, 0.00750000, -0.03000000, -0.07000496
0.01875000, 0.01125000, -0.03000000, -0.08410335
0.01500000, 0.01500000, -0.03000000, -0.09994778
0.01125000, 0.01875000, -0.03000000, -0.11828452
0.00750000, 0.02250000, -0.03000000, -0.14000914
0.00375000, 0.02625000, -0.03000000, -0.17034851
0.00000000, 0.03000000, -0.03000000, -0.23789060
-0.00375000, 0.03000000, -0.02625000, -0.20929953
-0.00750000, 0.03000000, -0.02250000, -0.10405945
-0.01125000, 0.03000000, -0.01875000, 0.02126801
-0.01500000, 0.03000000, -0.01500000, 0.14331812
-0.01875000, 0.03000000, -0.01125000, 0.24828193
-0.02250000, 0.03000000, -0.00750000, 0.32236487
-0.02625000, 0.03000000, -0.00375000, 0.34221259
-0.03000000, 0.03000000, 0.00000000, 0.25146848
-0.03000000, 0.02625000, 0.00375000, 0.18463807
-0.03000000, 0.02250000, 0.00750000, 0.15388794
-0.03000000, 0.01875000, 0.01125000, 0.13151762
-0.03000000, 0.01500000, 0.01500000, 0.11239420
-0.03000000, 0.01125000, 0.01875000, 0.09586249
-0.03000000, 0.00750000, 0.02250000, 0.08154599
-0.03000000, 0.00375000, 0.02625000, 0.06990599
-0.03000000, 0.00000000, 0.03000000, 0.06207859
-0.02625000, -0.00375000, 0.03000000, 0.06990599
-0.02250000, -0.00750000, 0.03000000, 0.08154599
-0.01875000, -0.01125000, 0.03000000, 0.09586249
-0.01500000, -0.01500000, 0.03000000, 0.11239420
-0.01125000, -0.01875000, 0.03000000, 0.13151762
-0.00750000, -0.02250000, 0.03000000, 0.15388794
-0.00375000, -0.02625000, 0.03000000, 0.18463807
0.00000000, -0.03000000, 0.03000000, 0.25146848
0.00375000, -0.03000000, 0.02625000, 0.34221259
0.00750000, -0.03000000, 0.02250000, 0.32236487
0.01125000, -0.03000000, 0.01875000, 0.24828193
0.01500000, -0.03000000, 0.01500000, 0.14331812
0.01875000, -0.03000000, 0.01125000, 0.02126801
0.02250000, -0.03000000, 0.00750000, -0.10405945
0.02625000, -0.03000000, 0.00375000, -0.20929953
0.03000000, -0.03000000, 0.00000000, -0.23789060
0.03000000, -0.02625000, -0.00375000, -0.17034851
0.03000000, -0.02250000, -0.00750000, -0.14000914
0.03000000, -0.01875000, -0.01125000, -0.11828452
0.03000000, -0.01500000, -0.01500000, -0.09994778
0.03000000, -0.01125000, -0.01875000, -0.08410335
0.03000000, -0.00750000, -0.02250000, -0.07000496
0.03000000, -0.00375000, -0.02625000, -0.05853411
0.04000000, 0.00000000, -0.04000000, -0.02512836
0.03500000, 0.00500000, -0.04000000, -0.03160704
0.03000000, 0.01000000, -0.04000000, -0.04020121
0.02500000, 0.01500000, -0.04000000, -0.05055637
0.02000000, 0.02000000, -0.04000000, -0.06240009
0.01500000, 0.02500000, -0.04000000, -0.07633863
0.01000000, 0.03000000, -0.04000000, -0.09296797
0.00500000, 0.03500000, -0.04000000, -0.11590391
0.00000000, 0.04000000, -0.04000000, -0.16612960
-0.00500000, 0.04000000, -0.03500000, -0.14516881
-0.01000000, 0.04000000, -0.03000000, -0.06874451
-0.01500000, 0.04000000, -0.02500000, 0.02079462
-0.02000000, 0.04000000, -0.02000000, 0.10854962
-0.02500000, 0.04000000, -0.01500000, 0.18396017
-0.03000000, 0.04000000, -0.01000000, 0.23650794
-0.03500000, 0.04000000, -0.00500000, 0.25140947
-0.04000000, 0.04000000, 0.00000000, 0.18696329
-0.04000000, 0.03500000, 0.00500000, 0.13817222
-0.04000000, 0.03000000, 0.01000000, 0.11492424
-0.04000000, 0.02500000, 0.01500000, 0.09733678
-0.04000000, 0.02000000, 0.02000000, 0.08227728
-0.04000000, 0.01500000, 0.02500000, 0.06930199
-0.04000000, 0.01000000, 0.03000000, 0.05809142
-0.04000000, 0.00500000, 0.03500000, 0.04909994
-0.04000000, 0.00000000, 0.04000000, 0.04334517
-0.03500000, -0.00500000, 0.04000000, 0.04909994
-0.03000000, -0.01000000, 0.04000000, 0.05809142
-0.02500000, -0.01500000, 0.04000000, 0.06930199
-0.02000000, -0.02000000, 0.04000000, 0.08227728
-0.01500000, -0.02500000, 0.04000000, 0.09733678
-0.01000000, -0.03000000, 0.04000000, 0.11492424
-0.00500000, -0.03500000, 0.04000000, 0.13817222
0.00000000, -0.04000000, 0.04000000, 0.18696329
0.00500000, -0.04000000, 0.03500000, 0.25140947
0.01000000, -0.04000000, 0.03000000, 0.23650794
0.01500000, -0.04000000, 0.02500000, 0.18396017
0.02000000, -0.04000000, 0.02000000, 0.10854962
0.02500000, -0.04000000, 0.01500000, 0.02079462
0.03000000, -0.04000000, 0.01000000, -0.06874451
0.03500000, -0.04000000, 0.00500000, -0.14516881
0.04000000, -0.04000000, 0.00000000, -0.16612960
0.04000000, -0.03500000, -0.00500000, -0.11590391
0.04000000, -0.03000000, -0.01000000, -0.09296797
0.04000000, -0.02500000, -0.01500000, -0.07633863
0.04000000, -0.02000000, -0.02000000, -0.06240009
0.04000000, -0.01500000, -0.02500000, -0.05055637
0.04000000, -0.01000000, -0.03000000, -0.04020121
0.04000000, -0.00500000, -0.03500000, -0.03160704
0.05000000, 0.00000000, -0.05000000, -0.01065466
0.04375000, 0.00625000, -0.05000000, -0.01570320
0.03750000, 0.01250000, -0.05000000, -0.02254049
0.03125000, 0.01875000, -0.05000000, -0.03083974
0.02500000, 0.02500000, -0.05000000, -0.04045407
0.01875000, 0.03125000, -0.05000000, -0.05174019
0.01250000, 0.03750000, -0.05000000, -0.06537406
0.00625000, 0.04375000, -0.05000000, -0.08418883
0.00000000, 0.05000000, -0.05000000, -0.12497465
-0.00625000, 0.05000000, -0.04375000, -0.10923227
-0.01250000, 0.05000000, -0.03750000, -0.04997516
-0.01875000, 0.05000000, -0.03125000, 0.01971335
-0.02500000, 0.05000000, -0.02500000, 0.08805355
-0.03125000, 0.05000000, -0.01875000, 0.14695598
-0.03750000, 0.05000000, -0.01250000, 0.18836218
-0.04375000, 0.05000000, -0.00625000, 0.20070718
-0.05000000, 0.05000000, 0.00000000, 0.15189990
-0.05000000, 0.04375000, 0.00625000, 0.11322618
-0.05000000, 0.03750000, 0.01250000, 0.09405886
-0.05000000, 0.03125000, 0.01875000, 0.07920051
-0.05000000, 0.02500000, 0.02500000, 0.06634738
-0.05000000, 0.01875000, 0.03125000, 0.05513701
-0.05000000, 0.01250000, 0.03750000, 0.04552491
-0.05000000, 0.00625000, 0.04375000, 0.03789131
-0.05000000, 0.00000000, 0.05000000, 0.03329038
-0.04375000, -0.00625000, 0.05000000, 0.03789131
-0.03750000, -0.01250000, 0.05000000, 0.04552491
-0.03125000, -0.01875000, 0.05000000, 0.05513701
-0.02500000, -0.02500000, 0.05000000, 0.06634738
-0.01875000, -0.03125000, 0.05000000, 0.07920051
-0.01250000, -0.03750000, 0.05000000, 0.09405886
-0.00625000, -0.04375000, 0.05000000, 0.11322618
0.00000000, -0.05000000, 0.05000000, 0.15189990
0.00625000, -0.05000000, 0.04375000, 0.20070718
0.01250000, -0.05000000, 0.03750000, 0.18836218
0.01875000, -0.05000000, 0.03125000, 0.14695598
0.02500000, -0.05000000, 0.02500000, 0.08805355
0.03125000, -0.05000000, 0.01875000, 0.01971335
0.03750000, -0.05000000, 0.01250000, -0.04997516
0.04375000, -0.05000000, 0.00625000, -0.10923227
0.05000000, -0.05000000, 0.00000000, -0.12497465
0.05000000, -0.04375000, -0.00625000, -0.08418883
0.05000000, -0.03750000, -0.01250000, -0.06537406
0.05000000, -0.03125000, -0.01875000, -0.05174019
0.05000000, -0.02500000, -0.02500000, -0.04045407
0.05000000, -0.01875000, -0.03125000, -0.03083974
0.05000000, -0.01250000, -0.03750000, -0.02254049
0.05000000, -0.00625000, -0.04375000, -0.01570320
0.06000000, 0.00000000, -0.06000000, -0.00132409
0.05250000, 0.00750000, -0.06000000, -0.00545300
0.04500000, 0.01500000, -0.06000000, -0.01100648
0.03750000, 0.02250000, -0.06000000, -0.01781098
0.03000000, 0.03000000, -0.06000000, -0.02576713
0.02250000, 0.03750000, -0.06000000, -0.03538802
0.01500000, 0.04500000, -0.06000000, -0.04709997
0.00750000, 0.05250000, -0.06000000, -0.06331799
0.00000000, 0.06000000, -0.06000000, -0.09825670
-0.00750000, 0.06000000, -0.05250000, -0.08679644
-0.01500000, 0.06000000, -0.04500000, -0.03870221
-0.02250000, 0.06000000, -0.03750000, 0.01821950
-0.03000000, 0.06000000, -0.03000000, 0.07460803
-0.03750000, 0.06000000, -0.02250000, 0.12351026
-0.04500000, 0.06000000, -0.01500000, 0.15804656
-0.05250000, 0.06000000, -0.00750000, 0.16909930
-0.06000000, 0.06000000, 0.00000000, 0.13026237
-0.06000000, 0.05250000, 0.00750000, 0.09792624
-0.06000000, 0.04500000, 0.01500000, 0.08134748
-0.06000000, 0.03750000, 0.02250000, 0.06818356
-0.06000000, 0.03000000, 0.03000000, 0.05665331
-0.06000000, 0.02250000, 0.03750000, 0.04665643
-0.06000000, 0.01500000, 0.04500000, 0.03805485
-0.06000000, 0.00750000, 0.05250000, 0.03128139
-0.06000000, 0.00000000, 0.06000000, 0.02727636
-0.05250000, -0.00750000, 0.06000000, 0.03128139
-0.04500000, -0.01500000, 0.06000000, 0.03805485
-0.03750000, -0.02250000, 0.06000000, 0.04665643
-0.03000000, -0.03000000, 0.06000000, 0.05665331
-0.02250000, -0.03750000, 0.06000000, 0.06818356
-0.01500000, -0.04500000, 0.06000000, 0.08134748
-0.00750000, -0.05250000, 0.06000000, 0.09792624
0.00000000, -0.06000000, 0.06000000, 0.13026237
0.00750000, -0.06000000, 0.05250000, 0.16909930
0.01500000, -0.06000000, 0.04500000, 0.15804656
0.02250000, -0.06000000, 0.03750000, 0.12351026
0.03000000, -0.06000000, 0.03000000, 0.07460803
0.03750000, -0.06000000, 0.02250000, 0.01821950
0.04500000, -0.06000000, 0.01500000, -0.03870221
0.05250000, -0.06000000, 0.00750000, -0.08679644
0.06000000, -0.06000000, 0.00000000, -0.09825670
0.06000000, -0.05250000, -0.00750000, -0.06331799
0.06000000, -0.04500000, -0.01500000, -0.04709997
0.06000000, -0.03750000, -0.02250000, -0.03538802
0.06000000, -0.03000000, -0.03000000, -0.02576713
0.06000000, -0.02250000, -0.03750000, -0.01781098
0.06000000, -0.01500000, -0.04500000, -0.01100648
0.06000000, -0.00750000, -0.05250000, -0.00545300
0.07000000, 0.00000000, -0.07000000, 0.00539574
0.06125000, 0.00875000, -0.07000000, 0.00198777
0.05250000, 0.01750000, -0.07000000, -0.00266734
0.04375000, 0.02625000, -0.07000000, -0.00839839
0.03500000, 0.03500000, -0.07000000, -0.01516059
0.02625000, 0.04375000, -0.07000000, -0.02343381
0.01750000, 0.05250000, -0.07000000, -0.03361149
0.00875000, 0.06125000, -0.07000000, -0.04789986
0.00000000, 0.07000000, -0.07000000, -0.07857519
-0.00875000, 0.07000000, -0.06125000, -0.07045070
-0.01750000, 0.07000000, -0.05250000, -0.03036597
-0.02625000, 0.07000000, -0.04375000, 0.01749046
-0.03500000, 0.07000000, -0.03500000, 0.06509449
-0.04375000, 0.07000000, -0.02625000, 0.10664112
-0.05250000, 0.07000000, -0.01750000, 0.13639578
-0.06125000, 0.07000000, -0.00875000, 0.14659369
-0.07000000, 0.07000000, 0.00000000, 0.11484736
-0.07000000, 0.06125000, 0.00875000, 0.08734772
-0.07000000, 0.05250000, 0.01750000, 0.07270587
-0.07000000, 0.04375000, 0.02625000, 0.06078750
-0.07000000, 0.03500000, 0.03500000, 0.05019200
-0.07000000, 0.02625000, 0.04375000, 0.04091404
-0.07000000, 0.01750000, 0.05250000, 0.03291268
-0.07000000, 0.00875000, 0.06125000, 0.02663587
-0.07000000, 0.00000000, 0.07000000, 0.02298735
-0.06125000, -0.00875000, 0.07000000, 0.02663587
-0.05250000, -0.01750000, 0.07000000, 0.03291268
-0.04375000, -0.02625000, 0.07000000, 0.04091404
-0.03500000, -0.03500000, 0.07000000, 0.05019200
-0.02625000, -0.04375000, 0.07000000, 0.06078750
-0.01750000, -0.05250000, 0.07000000, 0.07270587
-0.00875000, -0.06125000, 0.07000000, 0.08734772
0.00000000, -0.07000000, 0.07000000, 0.11484736
0.00875000, -0.07000000, 0.06125000, 0.14659369
0.01750000, -0.07000000, 0.05250000, 0.13639578
0.02625000, -0.07000000, 0.04375000, 0.10664112
0.03500000, -0.07000000, 0.03500000, 0.06509449
0.04375000, -0.07000000, 0.02625000, 0.01749046
0.05250000, -0.07000000, 0.01750000, -0.03036597
0.06125000, -0.07000000, 0.00875000, -0.07045070
0.07000000, -0.07000000, 0.00000000, -0.07857519
0.07000000, -0.06125000, -0.00875000, -0.04789986
0.07000000, -0.05250000, -0.01750000, -0.03361149
0.07000000, -0.04375000, -0.02625000, -0.02343381
0.07000000, -0.03500000, -0.03500000, -0.01516059
0.07000000, -0.02625000, -0.04375000, -0.00839839
0.07000000, -0.01750000, -0.05250000, -0.00266734
0.07000000, -0.00875000, -0.06125000, 0.00198777
0.08000000, 0.00000000, -0.08000000, 0.01031510
0.07000000, 0.01000000, -0.08000000, 0.00752320
0.06000000, 0.02000000, -0.08000000, 0.00359927
0.05000000, 0.03000000, -0.08000000, -0.00126956
0.04000000, 0.04000000, -0.08000000, -0.00710624
0.03000000, 0.05000000, -0.08000000, -0.01426133
0.02000000, 0.06000000, -0.08000000, -0.02322340
0.01000000, 0.07000000, -0.08000000, -0.03602327
0.00000000, 0.08000000, -0.08000000, -0.06356917
-0.01000000, 0.08000000, -0.07000000, -0.05798585
-0.02000000, 0.08000000, -0.06000000, -0.02401235
-0.03000000, 0.08000000, -0.05000000, 0.01704196
-0.04000000, 0.08000000, -0.04000000, 0.05800803
-0.05000000, 0.08000000, -0.03000000, 0.09399873
-0.06000000, 0.08000000, -0.02000000, 0.12018878
-0.07000000, 0.08000000, -0.01000000, 0.12970634
-0.08000000, 0.08000000, 0.00000000, 0.10335612
-0.08000000, 0.07000000, 0.01000000, 0.07959092
-0.08000000, 0.06000000, 0.02000000, 0.06642995
-0.08000000, 0.05000000, 0.03000000, 0.05544941
-0.08000000, 0.04000000, 0.04000000, 0.04554947
-0.08000000, 0.03000000, 0.05000000, 0.03673235
-0.08000000, 0.02000000, 0.06000000, 0.02912232
-0.08000000, 0.01000000, 0.07000000, 0.02314772
-0.08000000, 0.00000000, 0.08000000, 0.01973962
-0.07000000, -0.01000000, 0.08000000, 0.02314772
-0.06000000, -0.02000000, 0.08000000, 0.02912232
-0.05000000, -0.03000000, 0.08000000, 0.03673235
-0.04000000, -0.04000000, 0.08000000, 0.04554947
-0.03000000, -0.05000000, 0.08000000, 0.05544941
-0.02000000, -0.06000000, 0.08000000, 0.06642995
-0.01000000, -0.07000000, 0.08000000, 0.07959092
0.00000000, -0.08000000, 0.08000000, 0.10335612
0.01000000, -0.08000000, 0.07000000, 0.12970634
0.02000000, -0.08000000, 0.06000000, 0.12018878
0.03000000, -0.08000000, 0.05000000, 0.09399873
0.04000000, -0.08000000, 0.04000000, 0.05800803
0.05000000, -0.08000000, 0.03000000, 0.01704196
0.06000000, -0.08000000, 0.02000000, -0.02401235
0.07000000, -0.08000000, 0.01000000, -0.05798585
0.08000000, -0.08000000, 0.00000000, -0.06356917
0.08000000, -0.07000000, -0.01000000, -0.03602327
0.08000000, -0.06000000, -0.02000000, -0.02322340
0.08000000, -0.05000000, -0.03000000, -0.01426133
0.08000000, -0.04000000, -0.04000000, -0.00710624
0.08000000, -0.03000000, -0.05000000, -0.00126956
0.08000000, -0.02000000, -0.06000000, 0.00359927
0.08000000, -0.01000000, -0.07000000, 0.00752320
0.09000000, 0.00000000, -0.09000000, 0.01384838
0.07875000, 0.01125000, -0.09000000, 0.01157362
0.06750000, 0.02250000, -0.09000000, 0.00833535
0.05625000, 0.03375000, -0.09000000, 0.00424714
0.04500000, 0.04500000, -0.09000000, -0.00076919
0.03375000, 0.05625000, -0.09000000, -0.00703439
0.02250000, 0.06750000, -0.09000000, -0.01505888
0.01125000, 0.07875000, -0.09000000, -0.02670425
0.00000000, 0.09000000, -0.09000000, -0.05196787
-0.01125000, 0.09000000, -0.07875000, -0.04844280
-0.02250000, 0.09000000, -0.06750000, -0.01926296
-0.03375000, 0.09000000, -0.05625000, 0.01650628
-0.04500000, 0.09000000, -0.04500000, 0.05251170
-0.05625000, 0.09000000, -0.03375000, 0.08437476
-0.06750000, 0.09000000, -0.02250000, 0.10779362
-0.07875000, 0.09000000, -0.01125000, 0.11676232
-0.09000000, 0.09000000, 0.00000000, 0.09457055
-0.09000000, 0.07875000, 0.01125000, 0.07365140
-0.09000000, 0.06750000, 0.02250000, 0.06163316
-0.09000000, 0.05625000, 0.03375000, 0.05136053
-0.09000000, 0.04500000, 0.04500000, 0.04197984
-0.09000000, 0.03375000, 0.05625000, 0.03354402
-0.09000000, 0.02250000, 0.06750000, 0.02623730
-0.09000000, 0.01125000, 0.07875000, 0.02048537
-0.09000000, 0.00000000, 0.09000000, 0.01721687
-0.07875000, -0.01125000, 0.09000000, 0.02048537
-0.06750000, -0.02250000, 0.09000000, 0.02623730
-0.05625000, -0.03375000, 0.09000000, 0.03354402
-0.04500000, -0.04500000, 0.09000000, 0.04197984
-0.03375000, -0.05625000, 0.09000000, 0.05136053
-0.02250000, -0.06750000, 0.09000000, 0.06163316
-0.01125000, -0.07875000, 0.09000000, 0.07365140
0.00000000, -0.09000000, 0.09000000, 0.09457055
0.01125000, -0.09000000, 0.07875000, 0.11676232
0.02250000, -0.09000000, 0.06750000, 0.10779362
0.03375000, -0.09000000, 0.05625000, 0.08437476
0.04500000, -0.09000000, 0.04500000, 0.05251170
0.05625000, -0.09000000, 0.03375000, 0.01650628
0.06750000, -0.09000000, 0.02250000, -0.01926296
0.07875000, -0.09000000, 0.01125000, -0.04844280
0.09000000, -0.09000000, 0.00000000, -0.05196787
0.09000000, -0.07875000, -0.01125000, -0.02670425
0.09000000, -0.06750000, -0.02250000, -0.01505888
0.09000000, -0.05625000, -0.03375000, -0.00703439
0.09000000, -0.04500000, -0.04500000, -0.00076919
0.09000000, -0.03375000, -0.05625000, 0.00424714
0.09000000, -0.02250000, -0.06750000, 0.00833535
0.09000000, -0.01125000, -0.07875000, 0.01157362
0.10000000, 0.00000000, -0.10000000, 0.01638867
0.08750000, 0.01250000, -0.10000000, 0.01455803
0.07500000, 0.02500000, -0.10000000, 0.01196344
0.06250000, 0.03750000, -0.10000000, 0.00859082
0.05000000, 0.05000000, -0.10000000, 0.00433246
0.03750000, 0.06250000, -0.10000000, -0.00119666
0.02500000, 0.07500000, -0.10000000, -0.00844898
0.01250000, 0.08750000, -0.10000000, -0.01915659
0.00000000, 0.10000000, -0.10000000, -0.04264406
-0.01250000, 0.10000000, -0.08750000, -0.04087000
-0.02500000, 0.10000000, -0.07500000, -0.01555238
-0.03750000, 0.10000000, -0.06250000, 0.01596929
-0.05000000, 0.10000000, -0.05000000, 0.04808968
-0.06250000, 0.10000000, -0.03750000, 0.07672606
-0.07500000, 0.10000000, -0.02500000, 0.09789667
-0.08750000, 0.10000000, -0.01250000, 0.10639205
-0.10000000, 0.10000000, 0.00000000, 0.08743849
-0.10000000, 0.08750000, 0.01250000, 0.06882916
-0.10000000, 0.07500000, 0.02500000, 0.05774633
-0.10000000, 0.06250000, 0.03750000, 0.04804430
-0.10000000, 0.05000000, 0.05000000, 0.03906877
-0.10000000, 0.03750000, 0.06250000, 0.03096626
-0.10000000, 0.02500000, 0.07500000, 0.02390043
-0.10000000, 0.01250000, 0.08750000, 0.01831793
-0.10000000, 0.00000000, 0.10000000, 0.01510676
-0.08750000, -0.01250000, 0.10000000, 0.01831793
-0.07500000, -0.02500000, 0.10000000, 0.02390043
-0.06250000, -0.03750000, 0.10000000, 0.03096626
-0.05000000, -0.05000000, 0.10000000, 0.03906877
-0.03750000, -0.06250000, 0.10000000, 0.04804430
-0.02500000, -0.07500000, 0.10000000, 0.05774633
-0.01250000, -0.08750000, 0.10000000, 0.06882916
0.00000000, -0.10000000, 0.10000000, 0.08743849
0.01250000, -0.10000000, 0.08750000, 0.10639205
0.02500000, -0.10000000, 0.07500000, 0.09789667
0.03750000, -0.10000000, 0.06250000, 0.07672606
0.05000000, -0.10000000, 0.05000000, 0.04808968
0.06250000, -0.10000000, 0.03750000, 0.01596929
0.07500000, -0.10000000, 0.02500000, -0.01555238
0.08750000, -0.10000000, 0.01250000, -0.04087000
0.10000000, -0.10000000, 0.00000000, -0.04264406
0.10000000, -0.08750000, -0.01250000, -0.01915659
0.10000000, -0.07500000, -0.02500000, -0.00844898
0.10000000, -0.06250000, -0.03750000, -0.00119666
0.10000000, -0.05000000, -0.05000000, 0.00433246
0.10000000, -0.03750000, -0.06250000, 0.00859082
0.10000000, -0.02500000, -0.07500000, 0.01196344
0.10000000, -0.01250000, -0.08750000, 0.01455803
0.15000000, 0.00000000, -0.15000000, 0.02085397
0.13125000, 0.01875000, -0.15000000, 0.02099409
0.11250000, 0.03750000, -0.15000000, 0.02081738
0.09375000, 0.05625000, -0.15000000, 0.02009574
0.07500000, 0.07500000, -0.15000000, 0.01863626
0.05625000, 0.09375000, -0.15000000, 0.01604200
0.03750000, 0.11250000, -0.15000000, 0.01180065
0.01875000, 0.13125000, -0.15000000, 0.00441331
0.00000000, 0.15000000, -0.15000000, -0.01318493
-0.01875000, 0.15000000, -0.13125000, -0.01668084
-0.03750000, 0.15000000, -0.11250000, -0.00335465
-0.05625000, 0.15000000, -0.09375000, 0.01482316
-0.07500000, 0.15000000, -0.07500000, 0.03392237
-0.09375000, 0.15000000, -0.05625000, 0.05145217
-0.11250000, 0.15000000, -0.03750000, 0.06502590
-0.13125000, 0.15000000, -0.01875000, 0.07127617
-0.15000000, 0.15000000, 0.00000000, 0.06168172
-0.15000000, 0.13125000, 0.01875000, 0.05150507
-0.15000000, 0.11250000, 0.03750000, 0.04381635
-0.15000000, 0.09375000, 0.05625000, 0.03618483
-0.15000000, 0.07500000, 0.07500000, 0.02858166
-0.15000000, 0.05625000, 0.09375000, 0.02133264
-0.15000000, 0.03750000, 0.11250000, 0.01478975
-0.15000000, 0.01875000, 0.13125000, 0.00944360
-0.15000000, 0.00000000, 0.15000000, 0.00616417
-0.13125000, -0.01875000, 0.15000000, 0.00944360
-0.11250000, -0.03750000, 0.15000000, 0.01478975
-0.09375000, -0.05625000, 0.15000000, 0.02133264
-0.07500000, -0.07500000, 0.15000000, 0.02858166
-0.05625000, -0.09375000, 0.15000000, 0.03618483
-0.03750000, -0.11250000, 0.15000000, 0.04381635
-0.01875000, -0.13125000, 0.15000000, 0.05150507
0.00000000, -0.15000000, 0.15000000, 0.06168172
0.01875000, -0.15000000, 0.13125000, 0.07127617
0.03750000, -0.15000000, 0.11250000, 0.06502590
0.05625000, -0.15000000, 0.09375000, 0.05145217
0.07500000, -0.15000000, 0.07500000, 0.03392237
0.09375000, -0.15000000, 0.05625000, 0.01482316
0.11250000, -0.15000000, 0.03750000, -0.00335465
0.13125000, -0.15000000, 0.01875000, -0.01668084
0.15000000, -0.15000000, 0.00000000, -0.01318493
0.15000000, -0.13125000, -0.01875000, 0.00441331
0.15000000, -0.11250000, -0.03750000, 0.01180065
0.15000000, -0.09375000, -0.05625000, 0.01604200
0.15000000, -0.07500000, -0.07500000, 0.01863626
0.15000000, -0.05625000, -0.09375000, 0.02009574
0.15000000, -0.03750000, -0.11250000, 0.02081738
0.15000000, -0.01875000, -0.13125000, 0.02099409
0.20000000, 0.00000000, -0.20000000, 0.01729346
0.17500000, 0.02500000, -0.20000000, 0.01892793
0.15000000, 0.05000000, -0.20000000, 0.02058979
0.12500000, 0.07500000, -0.20000000, 0.02183351
0.10000000, 0.10000000, -0.20000000, 0.02236186
0.07500000, 0.12500000, -0.20000000, 0.02169068
0.05000000, 0.15000000, -0.20000000, 0.01933179
0.02500000, 0.17500000, -0.20000000, 0.01397050
0.00000000, 0.20000000, -0.20000000, -0.00045457
-0.02500000, 0.20000000, -0.17500000, -0.00586892
-0.05000000, 0.20000000, -0.15000000, 0.00158695
-0.07500000, 0.20000000, -0.12500000, 0.01281704
-0.10000000, 0.20000000, -0.10000000, 0.02516611
-0.12500000, 0.20000000, -0.07500000, 0.03671191
-0.15000000, 0.20000000, -0.05000000, 0.04566245
-0.17500000, 0.20000000, -0.02500000, 0.04999857
-0.20000000, 0.20000000, 0.00000000, 0.04446518
-0.20000000, 0.17500000, 0.02500000, 0.03890542
-0.20000000, 0.15000000, 0.05000000, 0.03325077
-0.20000000, 0.12500000, 0.07500000, 0.02688403
-0.20000000, 0.10000000, 0.10000000, 0.02016832
-0.20000000, 0.07500000, 0.12500000, 0.01358584
-0.20000000, 0.05000000, 0.15000000, 0.00748698
-0.20000000, 0.02500000, 0.17500000, 0.00239744
-0.20000000, 0.00000000, 0.20000000, -0.00084080
-0.17500000, -0.02500000, 0.20000000, 0.00239744
-0.15000000, -0.05000000, 0.20000000, 0.00748698
-0.12500000, -0.07500000, 0.20000000, 0.01358584
-0.10000000, -0.10000000, 0.20000000, 0.02016832
-0.07500000, -0.12500000, 0.20000000, 0.02688403
-0.05000000, -0.15000000, 0.20000000, 0.03325077
-0.02500000, -0.17500000, 0.20000000, 0.03890542
0.00000000, -0.20000000, 0.20000000, 0.04446518
0.02500000, -0.20000000, 0.17500000, 0.04999857
0.05000000, -0.20000000, 0.15000000, 0.04566245
0.07500000, -0.20000000, 0.12500000, 0.03671191
0.10000000, -0.20000000, 0.10000000, 0.02516611
0.12500000, -0.20000000, 0.07500000, 0.01281704
0.15000000, -0.20000000, 0.05000000, 0.00158695
0.17500000, -0.20000000, 0.02500000, -0.00586892
0.20000000, -0.20000000, 0.00000000, -0.00045457
0.20000000, -0.17500000, -0.02500000, 0.01397050
0.20000000, -0.15000000, -0.05000000, 0.01933179
0.20000000, -0.12500000, -0.07500000, 0.02169068
0.20000000, -0.10000000, -0.10000000, 0.02236186
0.20000000, -0.07500000, -0.12500000, 0.02183351
0.20000000, -0.05000000, -0.15000000, 0.02058979
0.20000000, -0.02500000, -0.17500000, 0.01892793
0.25000000, 0.00000000, -0.25000000, 0.01134880
0.21875000, 0.03125000, -0.25000000, 0.01381016
0.18750000, 0.06250000, -0.25000000, 0.01650847
0.15625000, 0.09375000, -0.25000000, 0.01892151
0.12500000, 0.12500000, -0.25000000, 0.02072007
0.09375000, 0.15625000, -0.25000000, 0.02142659
0.06250000, 0.18750000, -0.25000000, 0.02052408
0.03125000, 0.21875000, -0.25000000, 0.01674352
0.00000000, 0.25000000, -0.25000000, 0.00510116
-0.03125000, 0.25000000, -0.21875000, -0.00053183
-0.06250000, 0.25000000, -0.18750000, 0.00362791
-0.09375000, 0.25000000, -0.15625000, 0.01064853
-0.12500000, 0.25000000, -0.12500000, 0.01841721
-0.15625000, 0.25000000, -0.09375000, 0.02573320
-0.18750000, 0.25000000, -0.06250000, 0.03149380
-0.21875000, 0.25000000, -0.03125000, 0.03420191
-0.25000000, 0.25000000, 0.00000000, 0.03074671
-0.25000000, 0.21875000, 0.03125000, 0.02826488
-0.25000000, 0.18750000, 0.06250000, 0.02406090
-0.25000000, 0.15625000, 0.09375000, 0.01876313
-0.25000000, 0.12500000, 0.12500000, 0.01292287
-0.25000000, 0.09375000, 0.15625000, 0.00704458
-0.25000000, 0.06250000, 0.18750000, 0.00158016
-0.25000000, 0.03125000, 0.21875000, -0.00293865
-0.25000000, 0.00000000, 0.25000000, -0.00564185
-0.21875000, -0.03125000, 0.25000000, -0.00293865
-0.18750000, -0.06250000, 0.25000000, 0.00158016
-0.15625000, -0.09375000, 0.25000000, 0.00704458
-0.12500000, -0.12500000, 0.25000000, 0.01292287
-0.09375000, -0.15625000, 0.25000000, 0.01876313
-0.06250000, -0.18750000, 0.25000000, 0.02406090
-0.03125000, -0.21875000, 0.25000000, 0.02826488
0.00000000, -0.25000000, 0.25000000, 0.03074671
0.03125000, -0.25000000, 0.21875000, 0.03420191
0.06250000, -0.25000000, 0.18750000, 0.03149380
0.09375000, -0.25000000, 0.15625000, 0.02573320
0.12500000, -0.25000000, 0.12500000, 0.01841721
0.15625000, -0.25000000, 0.09375000, 0.01064853
0.18750000, -0.25000000, 0.06250000, 0.00362791
0.21875000, -0.25000000, 0.03125000, -0.00053183
0.25000000, -0.25000000, 0.00000000, 0.00510116
0.25000000, -0.21875000, -0.03125000, 0.01674352
0.25000000, -0.18750000, -0.06250000, 0.02052408
0.25000000, -0.15625000, -0.09375000, 0.02142659
0.25000000, -0.12500000, -0.12500000, 0.02072007
0.25000000, -0.09375000, -0.15625000, 0.01892151
0.25000000, -0.06250000, -0.18750000, 0.01650847
0.25000000, -0.03125000, -0.21875000, 0.01381016
0.30000000, 0.00000000, -0.30000000, 0.00574442
0.26250000, 0.03750000, -0.30000000, 0.00827094
0.22500000, 0.07500000, -0.30000000, 0.01127822
0.18750000, 0.11250000, -0.30000000, 0.01418989
0.15000000, 0.15000000, -0.30000000, 0.01661400
0.11250000, 0.18750000, -0.30000000, 0.01809649
0.07500000, 0.22500000, -0.30000000, 0.01810507
0.03750000, 0.26250000, -0.30000000, 0.01554157
0.00000000, 0.30000000, -0.30000000, 0.00624175
-0.03750000, 0.30000000, -0.26250000, 0.00127194
-0.07500000, 0.30000000, -0.22500000, 0.00361539
-0.11250000, 0.30000000, -0.18750000, 0.00800417
-0.15000000, 0.30000000, -0.15000000, 0.01299161
-0.18750000, 0.30000000, -0.11250000, 0.01770218
-0.22500000, 0.30000000, -0.07500000, 0.02134063
-0.26250000, 0.30000000, -0.03750000, 0.02298592
-0.30000000, 0.30000000, 0.00000000, 0.02078076
-0.30000000, 0.26250000, 0.03750000, 0.01985198
-0.30000000, 0.22500000, 0.07500000, 0.01664885
-0.30000000, 0.18750000, 0.11250000, 0.01227058
-0.30000000, 0.15000000, 0.15000000, 0.00736419
-0.30000000, 0.11250000, 0.18750000, 0.00243209
-0.30000000, 0.07500000, 0.22500000, -0.00205295
-0.30000000, 0.03750000, 0.26250000, -0.00558226
-0.30000000, 0.00000000, 0.30000000, -0.00731996
-0.26250000, -0.03750000, 0.30000000, -0.00558226
-0.22500000, -0.07500000, 0.30000000, -0.00205295
-0.18750000, -0.11250000, 0.30000000, 0.00243209
-0.15000000, -0.15000000, 0.30000000, 0.00736419
-0.11250000, -0.18750000, 0.30000000, 0.01227058
-0.07500000, -0.22500000, 0.30000000, 0.01664885
-0.03750000, -0.26250000, 0.30000000, 0.01985198
0.00000000, -0.30000000, 0.30000000, 0.02078076
0.03750000, -0.30000000, 0.26250000, 0.02298592
0.07500000, -0.30000000, 0.22500000, 0.02134063
0.11250000, -0.30000000, 0.18750000, 0.01770218
0.15000000, -0.30000000, 0.15000000, 0.01299161
0.18750000, -0.30000000, 0.11250000, 0.00800417
0.22500000, -0.30000000, 0.07500000, 0.00361539
0.26250000, -0.30000000, 0.03750000, 0.00127194
0.30000000, -0.30000000, 0.00000000, 0.00624175
0.30000000, -0.26250000, -0.03750000, 0.01554157
0.30000000, -0.22500000, -0.07500000, 0.01810507
0.30000000, -0.18750000, -0.11250000, 0.01809649
0.30000000, -0.15000000, -0.15000000, 0.01661400
0.30000000, -0.11250000, -0.18750000, 0.01418989
0.30000000, -0.07500000, -0.22500000, 0.01127822
0.30000000, -0.03750000, -0.26250000, 0.00827094
0.35000000, 0.00000000, -0.35000000, 0.00198954
0.30625000, 0.04375000, -0.35000000, 0.00398232
0.26250000, 0.08750000, -0.35000000, 0.00669196
0.21875000, 0.13125000, -0.35000000, 0.00950476
0.17500000, 0.17500000, -0.35000000, 0.01202066
0.13125000, 0.21875000, -0.35000000, 0.01376053
0.08750000, 0.26250000, -0.35000000, 0.01426829
0.04375000, 0.30625000, -0.35000000, 0.01263177
0.00000000, 0.35000000, -0.35000000, 0.00550779
-0.04375000, 0.35000000, -0.30625000, 0.00147045
-0.08750000, 0.35000000, -0.26250000, 0.00274330
-0.13125000, 0.35000000, -0.21875000, 0.00545300
-0.17500000, 0.35000000, -0.17500000, 0.00870407
-0.21875000, 0.35000000, -0.13125000, 0.01180849
-0.26250000, 0.35000000, -0.08750000, 0.01413350
-0.30625000, 0.35000000, -0.04375000, 0.01515178
-0.35000000, 0.35000000, 0.00000000, 0.01373053
-0.35000000, 0.30625000, 0.04375000, 0.01354365
-0.35000000, 0.26250000, 0.08750000, 0.01110480
-0.35000000, 0.21875000, 0.13125000, 0.00760523
-0.35000000, 0.17500000, 0.17500000, 0.00369812
-0.35000000, 0.13125000, 0.21875000, -0.00011168
-0.35000000, 0.08750000, 0.26250000, -0.00342314
-0.35000000, 0.04375000, 0.30625000, -0.00577727
-0.35000000, 0.00000000, 0.35000000, -0.00650818
-0.30625000, -0.04375000, 0.35000000, -0.00577727
-0.26250000, -0.08750000, 0.35000000, -0.00342314
-0.21875000, -0.13125000, 0.35000000, -0.00011168
-0.17500000, -0.17500000, 0.35000000, 0.00369812
-0.13125000, -0.21875000, 0.35000000, 0.00760523
-0.08750000, -0.26250000, 0.35000000, 0.01110480
-0.04375000, -0.30625000, 0.35000000, 0.01354365
0.00000000, -0.35000000, 0.35000000, 0.01373053
0.04375000, -0.35000000, 0.30625000, 0.01515178
0.08750000, -0.35000000, 0.26250000, 0.01413350
0.13125000, -0.35000000, 0.21875000, 0.01180849
0.17500000, -0.35000000, 0.17500000, 0.00870407
0.21875000, -0.35000000, 0.13125000, 0.00545300
0.26250000, -0.35000000, 0.08750000, 0.00274330
0.30625000, -0.35000000, 0.04375000, 0.00147045
0.35000000, -0.35000000, 0.00000000, 0.00550779
0.35000000, -0.30625000, -0.04375000, 0.01263177
0.35000000, -0.26250000, -0.08750000, 0.01426829
0.35000000, -0.21875000, -0.13125000, 0.01376053
0.35000000, -0.17500000, -0.17500000, 0.01202066
0.35000000, -0.13125000, -0.21875000, 0.00950476
0.35000000, -0.08750000, -0.26250000, 0.00669196
0.35000000, -0.04375000, -0.30625000, 0.00398232
0.40000000, 0.00000000, -0.40000000, 0.00026348
0.35000000, 0.05000000, -0.40000000, 0.00153485
0.30000000, 0.10000000, -0.40000000, 0.00355905
0.25000000, 0.15000000, -0.40000000, 0.00583273
0.20000000, 0.20000000, -0.40000000, 0.00801813
0.15000000, 0.25000000, -0.40000000, 0.00969157
0.10000000, 0.30000000, -0.40000000, 0.01044561
0.05000000, 0.35000000, -0.40000000, 0.00951067
0.00000000, 0.40000000, -0.40000000, 0.00445554
-0.05000000, 0.40000000, -0.35000000, 0.00141593
-0.10000000, 0.40000000, -0.30000000, 0.00197674
-0.15000000, 0.40000000, -0.25000000, 0.00354148
-0.20000000, 0.40000000, -0.20000000, 0.00545984
-0.25000000, 0.40000000, -0.15000000, 0.00736888
-0.30000000, 0.40000000, -0.10000000, 0.00889295
-0.35000000, 0.40000000, -0.05000000, 0.00953357
-0.40000000, 0.40000000, 0.00000000, 0.00865799
-0.40000000, 0.35000000, 0.05000000, 0.00894879
-0.40000000, 0.30000000, 0.10000000, 0.00718156
-0.40000000, 0.25000000, 0.15000000, 0.00455992
-0.40000000, 0.20000000, 0.20000000, 0.00166540
-0.40000000, 0.15000000, 0.25000000, -0.00106720
-0.40000000, 0.10000000, 0.30000000, -0.00327502
-0.40000000, 0.05000000, 0.35000000, -0.00460520
-0.40000000, 0.00000000, 0.40000000, -0.00460511
-0.35000000, -0.05000000, 0.40000000, -0.00460520
-0.30000000, -0.10000000, 0.40000000, -0.00327502
-0.25000000, -0.15000000, 0.40000000, -0.00106720
-0.20000000, -0.20000000, 0.40000000, 0.00166540
-0.15000000, -0.25000000, 0.40000000, 0.00455992
-0.10000000, -0.30000000, 0.40000000, 0.00718156
-0.05000000, -0.35000000, 0.40000000, 0.00894879
0.00000000, -0.40000000, 0.40000000, 0.00865799
0.05000000, -0.40000000, 0.35000000, 0.00953357
0.10000000, -0.40000000, 0.30000000, 0.00889295
0.15000000, -0.40000000, 0.25000000, 0.00736888
0.20000000, -0.40000000, 0.20000000, 0.00545984
0.25000000, -0.40000000, 0.15000000, 0.00354148
0.30000000, -0.40000000, 0.10000000, 0.00197674
0.35000000, -0.40000000, 0.05000000, 0.00141593
0.40000000, -0.40000000, 0.00000000, 0.00445554
0.40000000, -0.35000000, -0.05000000, 0.00951067
0.40000000, -0.30000000, -0.10000000, 0.01044561
0.40000000, -0.25000000, -0.15000000, 0.00969157
0.40000000, -0.20000000, -0.20000000, 0.00801813
0.40000000, -0.15000000, -0.25000000, 0.00583273
0.40000000, -0.10000000, -0.30000000, 0.00355905
0.40000000, -0.05000000, -0.35000000, 0.00153485
0.45000000, 0.00000000, -0.45000000, -0.00023277
0.39375000, 0.05625000, -0.45000000, 0.00043604
0.33750000, 0.11250000, -0.45000000, 0.00172761
0.28125000, 0.16875000, -0.45000000, 0.00332644
0.22500000, 0.22500000, -0.45000000, 0.00497669
0.16875000, 0.28125000, -0.45000000, 0.00636233
0.11250000, 0.33750000, -0.45000000, 0.00711770
0.05625000, 0.39375000, -0.45000000, 0.00664074
0.00000000, 0.45000000, -0.45000000, 0.00324940
-0.05625000, 0.45000000, -0.39375000, 0.00115673
-0.11250000, 0.45000000, -0.33750000, 0.00130909
-0.16875000, 0.45000000, -0.28125000, 0.00210388
-0.22500000, 0.45000000, -0.22500000, 0.00316392
-0.28125000, 0.45000000, -0.16875000, 0.00434317
-0.33750000, 0.45000000, -0.11250000, 0.00539641
-0.39375000, 0.45000000, -0.05625000, 0.00585068
-0.45000000, 0.45000000, 0.00000000, 0.00532038
-0.45000000, 0.39375000, 0.05625000, 0.00577791
-0.45000000, 0.33750000, 0.11250000, 0.00456879
-0.45000000, 0.28125000, 0.16875000, 0.00273088
-0.45000000, 0.22500000, 0.22500000, 0.00074425
-0.45000000, 0.16875000, 0.28125000, -0.00105782
-0.45000000, 0.11250000, 0.33750000, -0.00237260
-0.45000000, 0.05625000, 0.39375000, -0.00298166
-0.45000000, 0.00000000, 0.45000000, -0.00264315
-0.39375000, -0.05625000, 0.45000000, -0.00298166
-0.33750000, -0.11250000, 0.45000000, -0.00237260
-0.28125000, -0.16875000, 0.45000000, -0.00105782
-0.22500000, -0.22500000, 0.45000000, 0.00074425
-0.16875000, -0.28125000, 0.45000000, 0.00273088
-0.11250000, -0.33750000, 0.45000000, 0.00456879
-0.05625000, -0.39375000, 0.45000000, 0.00577791
0.00000000, -0.45000000, 0.45000000, 0.00532038
0.05625000, -0.45000000, 0.39375000, 0.00585068
0.11250000, -0.45000000, 0.33750000, 0.00539641
0.16875000, -0.45000000, 0.28125000, 0.00434317
0.22500000, -0.45000000, 0.22500000, 0.00316392
0.28125000, -0.45000000, 0.16875000, 0.00210388
0.33750000, -0.45000000, 0.11250000, 0.00130909
0.39375000, -0.45000000, 0.05625000, 0.00115673
0.45000000, -0.45000000, 0.00000000, 0.00324940
0.45000000, -0.39375000, -0.05625000, 0.00664074
0.45000000, -0.33750000, -0.11250000, 0.00711770
0.45000000, -0.28125000, -0.16875000, 0.00636233
0.45000000, -0.22500000, -0.22500000, 0.00497669
0.45000000, -0.16875000, -0.28125000, 0.00332644
0.45000000, -0.11250000, -0.33750000, 0.00172761
0.45000000, -0.05625000, -0.39375000, 0.00043604
0.50000000, 0.00000000, -0.50000000, -0.00025799
0.43750000, 0.06250000, -0.50000000, 0.00002766
0.37500000, 0.12500000, -0.50000000, 0.00075840
0.31250000, 0.18750000, -0.50000000, 0.00176787
0.25000000, 0.25000000, -0.50000000, 0.00287998
0.18750000, 0.31250000, -0.50000000, 0.00386728
0.12500000, 0.37500000, -0.50000000, 0.00445016
0.06250000, 0.43750000, -0.50000000, 0.00421840
0.00000000, 0.50000000, -0.50000000, 0.00201107
-0.06250000, 0.50000000, -0.43750000, 0.00070509
-0.12500000, 0.50000000, -0.37500000, 0.00068791
-0.18750000, 0.50000000, -0.31250000, 0.00101242
-0.25000000, 0.50000000, -0.25000000, 0.00166109
-0.31250000, 0.50000000, -0.18750000, 0.00252445
-0.37500000, 0.50000000, -0.12500000, 0.00330968
-0.43750000, 0.50000000, -0.06250000, 0.00367133
-0.50000000, 0.50000000, 0.00000000, 0.00329126
-0.50000000, 0.43750000, 0.06250000, 0.00366093
-0.50000000, 0.37500000, 0.12500000, 0.00287783
-0.50000000, 0.31250000, 0.18750000, 0.00166760
-0.50000000, 0.25000000, 0.25000000, 0.00040410
-0.50000000, 0.18750000, 0.31250000, -0.00066249
-0.50000000, 0.12500000, 0.37500000, -0.00134558
-0.50000000, 0.06250000, 0.43750000, -0.00154104
-0.50000000, 0.00000000, 0.50000000, -0.00118287
-0.43750000, -0.06250000, 0.50000000, -0.00154104
-0.37500000, -0.12500000, 0.50000000, -0.00134558
-0.31250000, -0.18750000, 0.50000000, -0.00066249
-0.25000000, -0.25000000, 0.50000000, 0.00040410
-0.18750000, -0.31250000, 0.50000000, 0.00166760
-0.12500000, -0.37500000, 0.50000000, 0.00287783
-0.06250000, -0.43750000, 0.50000000, 0.00366093
0.00000000, -0.50000000, 0.50000000, 0.00329126
0.06250000, -0.50000000, 0.43750000, 0.00367133
0.12500000, -0.50000000, 0.37500000, 0.00330968
0.18750000, -0.50000000, 0.31250000, 0.00252445
0.25000000, -0.50000000, 0.25000000, 0.00166109
0.31250000, -0.50000000, 0.18750000, 0.00101242
0.37500000, -0.50000000, 0.12500000, 0.00068791
0.43750000, -0.50000000, 0.06250000, 0.00070509
0.50000000, -0.50000000, 0.00000000, 0.00201107
0.50000000, -0.43750000, -0.06250000, 0.00421840
0.50000000, -0.37500000, -0.12500000, 0.00445016
0.50000000, -0.31250000, -0.18750000, 0.00386728
0.50000000, -0.25000000, -0.25000000, 0.00287998
0.50000000, -0.18750000, -0.31250000, 0.00176787
0.50000000, -0.12500000, -0.37500000, 0.00075840
0.50000000, -0.06250000, -0.43750000, 0.00002766
0.55000000, 0.00000000, -0.55000000, -0.00015818
0.48125000, 0.06875000, -0.55000000, -0.00006345
0.41250000, 0.13750000, -0.55000000, 0.00030859
0.34375000, 0.20625000, -0.55000000, 0.00087925
0.27500000, 0.27500000, -0.55000000, 0.00155095
0.20625000, 0.34375000, -0.55000000, 0.00216476
0.13750000, 0.41250000, -0.55000000, 0.00254510
0.06875000, 0.48125000, -0.55000000, 0.00243552
0.00000000, 0.55000000, -0.55000000, 0.00109130
-0.06875000, 0.55000000, -0.48125000, 0.00036528
-0.13750000, 0.55000000, -0.41250000, 0.00028863
-0.20625000, 0.55000000, -0.34375000, 0.00035189
-0.27500000, 0.55000000, -0.27500000, 0.00075533
-0.34375000, 0.55000000, -0.20625000, 0.00142666
-0.41250000, 0.55000000, -0.13750000, 0.00203256
-0.48125000, 0.55000000, -0.06875000, 0.00228282
-0.55000000, 0.55000000, 0.00000000, 0.00194348
-0.55000000, 0.48125000, 0.06875000, 0.00220620
-0.55000000, 0.41250000, 0.13750000, 0.00174400
-0.55000000, 0.34375000, 0.20625000, 0.00101246
-0.55000000, 0.27500000, 0.27500000, 0.00027668
-0.55000000, 0.20625000, 0.34375000, -0.00028522
-0.55000000, 0.13750000, 0.41250000, -0.00059392
-0.55000000, 0.06875000, 0.48125000, -0.00061825
-0.55000000, 0.00000000, 0.55000000, -0.00039023
-0.48125000, -0.06875000, 0.55000000, -0.00061825
-0.41250000, -0.13750000, 0.55000000, -0.00059392
-0.34375000, -0.20625000, 0.55000000, -0.00028522
-0.27500000, -0.27500000, 0.55000000, 0.00027668
-0.20625000, -0.34375000, 0.55000000, 0.00101246
-0.13750000, -0.41250000, 0.55000000, 0.00174400
-0.06875000, -0.48125000, 0.55000000, 0.00220620
0.00000000, -0.55000000, 0.55000000, 0.00194348
0.06875000, -0.55000000, 0.48125000, 0.00228282
0.13750000, -0.55000000, 0.41250000, 0.00203256
0.20625000, -0.55000000, 0.34375000, 0.00142666
0.27500000, -0.55000000, 0.27500000, 0.00075533
0.34375000, -0.55000000, 0.20625000, 0.00035189
0.41250000, -0.55000000, 0.13750000, 0.00028863
0.48125000, -0.55000000, 0.06875000, 0.00036528
0.55000000, -0.55000000, 0.00000000, 0.00109130
0.55000000, -0.48125000, -0.06875000, 0.00243552
0.55000000, -0.41250000, -0.13750000, 0.00254510
0.55000000, -0.34375000, -0.20625000, 0.00216476
0.55000000, -0.27500000, -0.27500000, 0.00155095
0.55000000, -0.20625000, -0.34375000, 0.00087925
0.55000000, -0.13750000, -0.41250000, 0.00030859
0.55000000, -0.06875000, -0.48125000, -0.00006345
0.60000000, 0.00000000, -0.60000000, -0.00004506
0.52500000, 0.07500000, -0.60000000, -0.00001908
0.45000000, 0.15000000, -0.60000000, 0.00014295
0.37500000, 0.22500000, -0.60000000, 0.00041683
0.30000000, 0.30000000, -0.60000000, 0.00077095
0.22500000, 0.37500000, -0.60000000, 0.00111606
0.15000000, 0.45000000, -0.60000000, 0.00135083
0.07500000, 0.52500000, -0.60000000, 0.00131016
0.00000000, 0.60000000, -0.60000000, 0.00061096
-0.07500000, 0.60000000, -0.52500000, 0.00027232
-0.15000000, 0.60000000, -0.45000000, 0.00017175
-0.22500000, 0.60000000, -0.37500000, 0.00010222
-0.30000000, 0.60000000, -0.30000000, 0.00026189
-0.37500000, 0.60000000, -0.22500000, 0.00069886
-0.45000000, 0.60000000, -0.15000000, 0.00114349
-0.52500000, 0.60000000, -0.07500000, 0.00124810
-0.60000000, 0.60000000, 0.00000000, 0.00094600
-0.60000000, 0.52500000, 0.07500000, 0.00118435
-0.60000000, 0.45000000, 0.15000000, 0.00095653
-0.60000000, 0.37500000, 0.22500000, 0.00057169
-0.60000000, 0.30000000, 0.30000000, 0.00019154
-0.60000000, 0.22500000, 0.37500000, -0.00008079
-0.60000000, 0.15000000, 0.45000000, -0.00021200
-0.60000000, 0.07500000, 0.52500000, -0.00020677
-0.60000000, 0.00000000, 0.60000000, -0.00011066
-0.52500000, -0.07500000, 0.60000000, -0.00020677
-0.45000000, -0.15000000, 0.60000000, -0.00021200
-0.37500000, -0.22500000, 0.60000000, -0.00008079
-0.30000000, -0.30000000, 0.60000000, 0.00019154
-0.22500000, -0.37500000, 0.60000000, 0.00057169
-0.15000000, -0.45000000, 0.60000000, 0.00095653
-0.07500000, -0.52500000, 0.60000000, 0.00118435
0.00000000, -0.60000000, 0.60000000, 0.00094600
0.07500000, -0.60000000, 0.52500000, 0.00124810
0.15000000, -0.60000000, 0.45000000, 0.00114349
0.22500000, -0.60000000, 0.37500000, 0.00069886
0.30000000, -0.60000000, 0.30000000, 0.00026189
0.37500000, -0.60000000, 0.22500000, 0.00010222
0.45000000, -0.60000000, 0.15000000, 0.00017175
0.52500000, -0.60000000, 0.07500000, 0.00027232
0.60000000, -0.60000000, 0.00000000, 0.00061096
0.60000000, -0.52500000, -0.07500000, 0.00131016
0.60000000, -0.45000000, -0.15000000, 0.00135083
0.60000000, -0.37500000, -0.22500000, 0.00111606
0.60000000, -0.30000000, -0.30000000, 0.00077095
0.60000000, -0.22500000, -0.37500000, 0.00041683
0.60000000, -0.15000000, -0.45000000, 0.00014295
0.60000000, -0.07500000, -0.52500000, -0.00001908
0.65000000, 0.00000000, -0.65000000, 0.00002032
0.56875000, 0.08125000, -0.65000000, 0.00003281
0.48750000, 0.16250000, -0.65000000, 0.00008609
0.40625000, 0.24375000, -0.65000000, 0.00018877
0.32500000, 0.32500000, -0.65000000, 0.00034360
0.24375000, 0.40625000, -0.65000000, 0.00052156
0.16250000, 0.48750000, -0.65000000, 0.00066044
0.08125000, 0.56875000, -0.65000000, 0.00065486
0.00000000, 0.65000000, -0.65000000, 0.00036125
-0.08125000, 0.65000000, -0.56875000, 0.00025069
-0.16250000, 0.65000000, -0.48750000, 0.00016536
-0.24375000, 0.65000000, -0.40625000, 0.00004850
-0.32500000, 0.65000000, -0.32500000, 0.00003421
-0.40625000, 0.65000000, -0.24375000, 0.00026547
-0.48750000, 0.65000000, -0.16250000, 0.00055702
-0.56875000, 0.65000000, -0.08125000, 0.00055098
-0.65000000, 0.65000000, 0.00000000, 0.00032432
-0.65000000, 0.56875000, 0.08125000, 0.00053213
-0.65000000, 0.48750000, 0.16250000, 0.00044729
-0.65000000, 0.40625000, 0.24375000, 0.00028032
-0.65000000, 0.32500000, 0.32500000, 0.00011306
-0.65000000, 0.24375000, 0.40625000, -0.00001374
-0.65000000, 0.16250000, 0.48750000, -0.00007353
-0.65000000, 0.08125000, 0.56875000, -0.00008106
-0.65000000, 0.00000000, 0.65000000, -0.00005483
-0.56875000, -0.08125000, 0.65000000, -0.00008106
-0.48750000, -0.16250000, 0.65000000, -0.00007353
-0.40625000, -0.24375000, 0.65000000, -0.00001374
-0.32500000, -0.32500000, 0.65000000, 0.00011306
-0.24375000, -0.40625000, 0.65000000, 0.00028032
-0.16250000, -0.48750000, 0.65000000, 0.00044729
-0.08125000, -0.56875000, 0.65000000, 0.00053213
0.00000000, -0.65000000, 0.65000000, 0.00032432
0.08125000, -0.65000000, 0.56875000, 0.00055098
0.16250000, -0.65000000, 0.48750000, 0.00055702
0.24375000, -0.65000000, 0.40625000, 0.00026547
0.32500000, -0.65000000, 0.32500000, 0.00003421
0.40625000, -0.65000000, 0.24375000, 0.00004850
0.48750000, -0.65000000, 0.16250000, 0.00016536
0.56875000, -0.65000000, 0.08125000, 0.00025069
0.65000000, -0.65000000, 0.00000000, 0.00036125
0.65000000, -0.56875000, -0.08125000, 0.00065486
0.65000000, -0.48750000, -0.16250000, 0.00066044
0.65000000, -0.40625000, -0.24375000, 0.00052156
0.65000000, -0.32500000, -0.32500000, 0.00034360
0.65000000, -0.24375000, -0.40625000, 0.00018877
0.65000000, -0.16250000, -0.48750000, 0.00008609
0.65000000, -0.08125000, -0.56875000, 0.00003281
0.70000000, 0.00000000, -0.70000000, 0.00001467
0.61250000, 0.08750000, -0.70000000, 0.00002519
0.52500000, 0.17500000, -0.70000000, 0.00003957
0.43750000, 0.26250000, -0.70000000, 0.00007191
0.35000000, 0.35000000, -0.70000000, 0.00012637
0.26250000, 0.43750000, -0.70000000, 0.00020109
0.17500000, 0.52500000, -0.70000000, 0.00026190
0.08750000, 0.61250000, -0.70000000, 0.00026049
0.00000000, 0.70000000, -0.70000000, 0.00013438
-0.08750000, 0.70000000, -0.61250000, 0.00012616
-0.17500000, 0.70000000, -0.52500000, 0.00009771
-0.26250000, 0.70000000, -0.43750000, -0.00000518
-0.35000000, 0.70000000, -0.35000000, -0.00003878
-0.43750000, 0.70000000, -0.26250000, 0.00011217
-0.52500000, 0.70000000, -0.17500000, 0.00028047
-0.61250000, 0.70000000, -0.08750000, 0.00024550
-0.70000000, 0.70000000, 0.00000000, 0.00010719
-0.70000000, 0.61250000, 0.08750000, 0.00020602
-0.70000000, 0.52500000, 0.17500000, 0.00017906
-0.70000000, 0.43750000, 0.26250000, 0.00011634
-0.70000000, 0.35000000, 0.35000000, 0.00005404
-0.70000000, 0.26250000, 0.43750000, 0.00000375
-0.70000000, 0.17500000, 0.52500000, -0.00002023
-0.70000000, 0.08750000, 0.61250000, -0.00002807
-0.70000000, 0.00000000, 0.70000000, -0.00002031
-0.61250000, -0.08750000, 0.70000000, -0.00002807
-0.52500000, -0.17500000, 0.70000000, -0.00002023
-0.43750000, -0.26250000, 0.70000000, 0.00000375
-0.35000000, -0.35000000, 0.70000000, 0.00005404
-0.26250000, -0.43750000, 0.70000000, 0.00011634
-0.17500000, -0.52500000, 0.70000000, 0.00017906
-0.08750000, -0.61250000, 0.70000000, 0.00020602
0.00000000, -0.70000000, 0.70000000, 0.00010719
0.08750000, -0.70000000, 0.61250000, 0.00024550
0.17500000, -0.70000000, 0.52500000, 0.00028047
0.26250000, -0.70000000, 0.43750000, 0.00011217
0.35000000, -0.70000000, 0.35000000, -0.00003878
0.43750000, -0.70000000, 0.26250000, -0.00000518
0.52500000, -0.70000000, 0.17500000, 0.00009771
0.61250000, -0.70000000, 0.08750000, 0.00012616
0.70000000, -0.70000000, 0.00000000, 0.00013438
0.70000000, -0.61250000, -0.08750000, 0.00026049
0.70000000, -0.52500000, -0.17500000, 0.00026190
0.70000000, -0.43750000, -0.26250000, 0.00020109
0.70000000, -0.35000000, -0.35000000, 0.00012637
0.70000000, -0.26250000, -0.43750000, 0.00007191
0.70000000, -0.17500000, -0.52500000, 0.00003957
0.70000000, -0.08750000, -0.61250000, 0.00002519
0.75000000, 0.00000000, -0.75000000, -0.00001852
0.65625000, 0.09375000, -0.75000000, -0.00001422
0.56250000, 0.18750000, -0.75000000, -0.00000381
0.46875000, 0.28125000, -0.75000000, 0.00001323
0.37500000, 0.37500000, -0.75000000, 0.00003144
0.28125000, 0.46875000, -0.75000000, 0.00004667
0.18750000, 0.56250000, -0.75000000, 0.00005128
0.09375000, 0.65625000, -0.75000000, 0.00004160
0.00000000, 0.75000000, -0.75000000, -0.00004185
-0.09375000, 0.75000000, -0.65625000, -0.00003173
-0.18750000, 0.75000000, -0.56250000, -0.00000836
-0.28125000, 0.75000000, -0.46875000, -0.00006843
-0.37500000, 0.75000000, -0.37500000, -0.00004055
-0.46875000, 0.75000000, -0.28125000, 0.00010336
-0.56250000, 0.75000000, -0.18750000, 0.00019059
-0.65625000, 0.75000000, -0.09375000, 0.00017470
-0.75000000, 0.75000000, 0.00000000, 0.00010159
-0.75000000, 0.65625000, 0.09375000, 0.00008689
-0.75000000, 0.56250000, 0.18750000, 0.00007093
-0.75000000, 0.46875000, 0.28125000, 0.00004347
-0.75000000, 0.37500000, 0.37500000, 0.00002131
-0.75000000, 0.28125000, 0.46875000, 0.00001361
-0.75000000, 0.18750000, 0.56250000, 0.00001272
-0.75000000, 0.09375000, 0.65625000, 0.00001662
-0.75000000, 0.00000000, 0.75000000, 0.00002164
-0.65625000, -0.09375000, 0.75000000, 0.00001662
-0.56250000, -0.18750000, 0.75000000, 0.00001272
-0.46875000, -0.28125000, 0.75000000, 0.00001361
-0.37500000, -0.37500000, 0.75000000, 0.00002131
-0.28125000, -0.46875000, 0.75000000, 0.00004347
-0.18750000, -0.56250000, 0.75000000, 0.00007093
-0.09375000, -0.65625000, 0.75000000, 0.00008689
0.00000000, -0.75000000, 0.75000000, 0.00010159
0.09375000, -0.75000000, 0.65625000, 0.00017470
0.18750000, -0.75000000, 0.56250000, 0.00019059
0.28125000, -0.75000000, 0.46875000, 0.00010336
0.37500000, -0.75000000, 0.37500000, -0.00004055
0.46875000, -0.75000000, 0.28125000, -0.00006843
0.56250000, -0.75000000, 0.18750000, -0.00000836
0.65625000, -0.75000000, 0.09375000, -0.00003173
0.75000000, -0.75000000, 0.00000000, -0.00004185
0.75000000, -0.65625000, -0.09375000, 0.00004160
0.75000000, -0.56250000, -0.18750000, 0.00005128
0.75000000, -0.46875000, -0.28125000, 0.00004667
0.75000000, -0.37500000, -0.37500000, 0.00003144
0.75000000, -0.28125000, -0.46875000, 0.00001323
0.75000000, -0.18750000, -0.56250000, -0.00000381
0.75000000, -0.09375000, -0.65625000, -0.00001422
0.80000000, 0.00000000, -0.80000000, -0.00001736
0.70000000, 0.10000000, -0.80000000, -0.00001965
0.60000000, 0.20000000, -0.80000000, -0.00001213
0.50000000, 0.30000000, -0.80000000, -0.00000255
0.40000000, 0.40000000, -0.80000000, 0.00000459
0.30000000, 0.50000000, -0.80000000, 0.00000181
0.20000000, 0.60000000, -0.80000000, -0.00000618
0.10000000, 0.70000000, -0.80000000, -0.00001308
0.00000000, 0.80000000, -0.80000000, -0.00004792
-0.10000000, 0.80000000, -0.70000000, -0.00005127
-0.20000000, 0.80000000, -0.60000000, -0.00002935
-0.30000000, 0.80000000, -0.50000000, -0.00005437
-0.40000000, 0.80000000, -0.40000000, -0.00002532
-0.50000000, 0.80000000, -0.30000000, 0.00006476
-0.60000000, 0.80000000, -0.20000000, 0.00010399
-0.70000000, 0.80000000, -0.10000000, 0.00009323
-0.80000000, 0.80000000, 0.00000000, 0.00005663
-0.80000000, 0.70000000, 0.10000000, 0.00003279
-0.80000000, 0.60000000, 0.20000000, 0.00002467
-0.80000000, 0.50000000, 0.30000000, 0.00001355
-0.80000000, 0.40000000, 0.40000000, 0.00000633
-0.80000000, 0.30000000, 0.50000000, 0.00001077
-0.80000000, 0.20000000, 0.60000000, 0.00001515
-0.80000000, 0.10000000, 0.70000000, 0.00002061
-0.80000000, 0.00000000, 0.80000000, 0.00001984
-0.70000000, -0.10000000, 0.80000000, 0.00002061
-0.60000000, -0.20000000, 0.80000000, 0.00001515
-0.50000000, -0.30000000, 0.80000000, 0.00001077
-0.40000000, -0.40000000, 0.80000000, 0.00000633
-0.30000000, -0.50000000, 0.80000000, 0.00001355
-0.20000000, -0.60000000, 0.80000000, 0.00002467
-0.10000000, -0.70000000, 0.80000000, 0.00003279
0.00000000, -0.80000000, 0.80000000, 0.00005663
0.10000000, -0.80000000, 0.70000000, 0.00009323
0.20000000, -0.80000000, 0.60000000, 0.00010399
0.30000000, -0.80000000, 0.50000000, 0.00006476
0.40000000, -0.80000000, 0.40000000, -0.00002532
0.50000000, -0.80000000, 0.30000000, -0.00005437
0.60000000, -0.80000000, 0.20000000, -0.00002935
0.70000000, -0.80000000, 0.10000000, -0.00005127
0.80000000, -0.80000000, 0.00000000, -0.00004792
0.80000000, -0.70000000, -0.10000000, -0.00001308
0.80000000, -0.60000000, -0.20000000, -0.00000618
0.80000000, -0.50000000, -0.30000000, 0.00000181
0.80000000, -0.40000000, -0.40000000, 0.00000459
0.80000000, -0.30000000, -0.50000000, -0.00000255
0.80000000, -0.20000000, -0.60000000, -0.00001213
0.80000000, -0.10000000, -0.70000000, -0.00001965
0.85000000, 0.00000000, -0.85000000, 0.00001330
0.74375000, 0.10625000, -0.85000000, 0.00001091
0.63750000, 0.21250000, -0.85000000, 0.00000813
0.53125000, 0.31875000, -0.85000000, 0.00000449
0.42500000, 0.42500000, -0.85000000, 0.00000429
0.31875000, 0.53125000, -0.85000000, 0.00000887
0.21250000, 0.63750000, -0.85000000, 0.00001738
0.10625000, 0.74375000, -0.85000000, 0.00002255
0.00000000, 0.85000000, -0.85000000, 0.00004835
-0.10625000, 0.85000000, -0.74375000, 0.00004134
-0.21250000, 0.85000000, -0.63750000, 0.00003033
-0.31875000, 0.85000000, -0.53125000, 0.00001856
-0.42500000, 0.85000000, -0.42500000, -0.00001397
-0.53125000, 0.85000000, -0.31875000, -0.00001949
-0.63750000, 0.85000000, -0.21250000, -0.00000849
-0.74375000, 0.85000000, -0.10625000, -0.00003315
-0.85000000, 0.85000000, 0.00000000, -0.00004574
-0.85000000, 0.74375000, 0.10625000, -0.00001109
-0.85000000, 0.63750000, 0.21250000, -0.00000550
-0.85000000, 0.53125000, 0.31875000, -0.00000163
-0.85000000, 0.42500000, 0.42500000, -0.00000039
-0.85000000, 0.31875000, 0.53125000, -0.00000383
-0.85000000, 0.21250000, 0.63750000, -0.00000727
-0.85000000, 0.10625000, 0.74375000, -0.00001152
-0.85000000, 0.00000000, 0.85000000, -0.00001608
-0.74375000, -0.10625000, 0.85000000, -0.00001152
-0.63750000, -0.21250000, 0.85000000, -0.00000727
-0.53125000, -0.31875000, 0.85000000, -0.00000383
-0.42500000, -0.42500000, 0.85000000, -0.00000039
-0.31875000, -0.53125000, 0.85000000, -0.00000163
-0.21250000, -0.63750000, 0.85000000, -0.00000550
-0.10625000, -0.74375000, 0.85000000, -0.00001109
0.00000000, -0.85000000, 0.85000000, -0.00004574
0.10625000, -0.85000000, 0.74375000, -0.00003315
0.21250000, -0.85000000, 0.63750000, -0.00000849
0.31875000, -0.85000000, 0.53125000, -0.00001949
0.42500000, -0.85000000, 0.42500000, -0.00001397
0.53125000, -0.85000000, 0.31875000, 0.00001856
0.63750000, -0.85000000, 0.21250000, 0.00003033
0.74375000, -0.85000000, 0.10625000, 0.00004134
0.85000000, -0.85000000, 0.00000000, 0.00004835
0.85000000, -0.74375000, -0.10625000, 0.00002255
0.85000000, -0.63750000, -0.21250000, 0.00001738
0.85000000, -0.53125000, -0.31875000, 0.00000887
0.85000000, -0.42500000, -0.42500000, 0.00000429
0.85000000, -0.31875000, -0.53125000, 0.00000449
0.85000000, -0.21250000, -0.63750000, 0.00000813
0.85000000, -0.10625000, -0.74375000, 0.00001091
0.90000000, 0.00000000, -0.90000000, 0.00001078
0.78750000, 0.11250000, -0.90000000, 0.00001224
0.67500000, 0.22500000, -0.90000000, 0.00000841
0.56250000, 0.33750000, -0.90000000, 0.00000391
0.45000000, 0.45000000, -0.90000000, 0.00000175
0.33750000, 0.56250000, -0.90000000, 0.00000630
0.22500000, 0.67500000, -0.90000000, 0.00001358
0.11250000, 0.78750000, -0.90000000, 0.00001740
0.00000000, 0.90000000, -0.90000000, 0.00003125
-0.11250000, 0.90000000, -0.78750000, 0.00003519
-0.22500000, 0.90000000, -0.67500000, 0.00002645
-0.33750000, 0.90000000, -0.56250000, 0.00002101
-0.45000000, 0.90000000, -0.45000000, -0.00000464
-0.56250000, 0.90000000, -0.33750000, -0.00002239
-0.67500000, 0.90000000, -0.22500000, -0.00002248
-0.78750000, 0.90000000, -0.11250000, -0.00003444
-0.90000000, 0.90000000, 0.00000000, -0.00003051
-0.90000000, 0.78750000, 0.11250000, -0.00001104
-0.90000000, 0.67500000, 0.22500000, -0.00000677
-0.90000000, 0.56250000, 0.33750000, -0.00000273
-0.90000000, 0.45000000, 0.45000000, -0.00000084
-0.90000000, 0.33750000, 0.56250000, -0.00000509
-0.90000000, 0.22500000, 0.67500000, -0.00000861
-0.90000000, 0.11250000, 0.78750000, -0.00001244
-0.90000000, 0.00000000, 0.90000000, -0.00001220
-0.78750000, -0.11250000, 0.90000000, -0.00001244
-0.67500000, -0.22500000, 0.90000000, -0.00000861
-0.56250000, -0.33750000, 0.90000000, -0.00000509
-0.45000000, -0.45000000, 0.90000000, -0.00000084
-0.33750000, -0.56250000, 0.90000000, -0.00000273
-0.22500000, -0.67500000, 0.90000000, -0.00000677
-0.11250000, -0.78750000, 0.90000000, -0.00001104
0.00000000, -0.90000000, 0.90000000, -0.00003051
0.11250000, -0.90000000, 0.78750000, -0.00003444
0.22500000, -0.90000000, 0.67500000, -0.00002248
0.33750000, -0.90000000, 0.56250000, -0.00002239
0.45000000, -0.90000000, 0.45000000, -0.00000464
0.56250000, -0.90000000, 0.33750000, 0.00002101
0.67500000, -0.90000000, 0.22500000, 0.00002645
0.78750000, -0.90000000, 0.11250000, 0.00003519
0.90000000, -0.90000000, 0.00000000, 0.00003125
0.90000000, -0.78750000, -0.11250000, 0.00001740
0.90000000, -0.67500000, -0.22500000, 0.00001358
0.90000000, -0.56250000, -0.33750000, 0.00000630
0.90000000, -0.45000000, -0.45000000, 0.00000175
0.90000000, -0.33750000, -0.56250000, 0.00000391
0.90000000, -0.22500000, -0.67500000, 0.00000841
0.90000000, -0.11250000, -0.78750000, 0.00001224
0.95000000, 0.00000000, -0.95000000, -0.00001319
0.83125000, 0.11875000, -0.95000000, -0.00001210
0.71250000, 0.23750000, -0.95000000, -0.00000856
0.59375000, 0.35625000, -0.95000000, -0.00000425
0.47500000, 0.47500000, -0.95000000, -0.00000278
0.35625000, 0.59375000, -0.95000000, -0.00000735
0.23750000, 0.71250000, -0.95000000, -0.00001534
0.11875000, 0.83125000, -0.95000000, -0.00002046
0.00000000, 0.95000000, -0.95000000, -0.00004535
-0.11875000, 0.95000000, -0.83125000, -0.00004092
-0.23750000, 0.95000000, -0.71250000, -0.00002767
-0.35625000, 0.95000000, -0.59375000, -0.00002567
-0.47500000, 0.95000000, -0.47500000, 0.00000153
-0.59375000, 0.95000000, -0.35625000, 0.00002815
-0.71250000, 0.95000000, -0.23750000, 0.00002922
-0.83125000, 0.95000000, -0.11875000, 0.00004091
-0.95000000, 0.95000000, 0.00000000, 0.00004390
-0.95000000, 0.83125000, 0.11875000, 0.00001310
-0.95000000, 0.71250000, 0.23750000, 0.00000763
-0.95000000, 0.59375000, 0.35625000, 0.00000315
-0.95000000, 0.47500000, 0.47500000, 0.00000123
-0.95000000, 0.35625000, 0.59375000, 0.00000511
-0.95000000, 0.23750000, 0.71250000, 0.00000865
-0.95000000, 0.11875000, 0.83125000, 0.00001286
-0.95000000, 0.00000000, 0.95000000, 0.00001564
-0.83125000, -0.11875000, 0.95000000, 0.00001286
-0.71250000, -0.23750000, 0.95000000, 0.00000865
-0.59375000, -0.35625000, 0.95000000, 0.00000511
-0.47500000, -0.47500000, 0.95000000, 0.00000123
-0.35625000, -0.59375000, 0.95000000, 0.00000315
-0.23750000, -0.71250000, 0.95000000, 0.00000763
-0.11875000, -0.83125000, 0.95000000, 0.00001310
0.00000000, -0.95000000, 0.95000000, 0.00004390
0.11875000, -0.95000000, 0.83125000, 0.00004091
0.23750000, -0.95000000, 0.71250000, 0.00002922
0.35625000, -0.95000000, 0.59375000, 0.00002815
0.47500000, -0.95000000, 0.47500000, 0.00000153
0.59375000, -0.95000000, 0.35625000, -0.00002567
0.71250000, -0.95000000, 0.23750000, -0.00002767
0.83125000, -0.95000000, 0.11875000, -0.00004092
0.95000000, -0.95000000, 0.00000000, -0.00004535
0.95000000, -0.83125000, -0.11875000, -0.00002046
0.95000000, -0.71250000, -0.23750000, -0.00001534
0.95000000, -0.59375000, -0.35625000, -0.00000735
0.95000000, -0.47500000, -0.47500000, -0.00000278
0.95000000, -0.35625000, -0.59375000, -0.00000425
0.95000000, -0.23750000, -0.71250000, -0.00000856
0.95000000, -0.11875000, -0.83125000, -0.00001210
1.00000000, 0.00000000, -1.00000000, 0.00000000
0.87500000, 0.12500000, -1.00000000, 0.00000000
0.75000000, 0.25000000, -1.00000000, 0.00000000
0.62500000, 0.37500000, -1.00000000, 0.00000000
0.50000000, 0.50000000, -1.00000000, 0.00000000
0.37500000, 0.62500000, -1.00000000, 0.00000000
0.25000000, 0.75000000, -1.00000000, 0.00000000
0.12500000, 0.87500000, -1.00000000, 0.00000000
0.00000000, 1.00000000, -1.00000000, 0.00000000
-0.12500000, 1.00000000, -0.87500000, 0.00000000
-0.25000000, 1.00000000, -0.75000000, 0.00000000
-0.37500000, 1.00000000, -0.62500000, 0.00000000
-0.50000000, 1.00000000, -0.50000000, 0.00000000
-0.62500000, 1.00000000, -0.37500000, 0.00000000
-0.75000000, 1.00000000, -0.25000000, 0.00000000
-0.87500000, 1.00000000, -0.12500000, 0.00000000
-1.00000000, 1.00000000, 0.00000000, 0.00000000
-1.00000000, 0.87500000, 0.12500000, 0.00000000
-1.00000000, 0.75000000, 0.25000000, 0.00000000
-1.00000000, 0.62500000, 0.37500000, 0.00000000
-1.00000000, 0.50000000, 0.50000000, 0.00000000
-1.00000000, 0.37500000, 0.62500000, 0.00000000
-1.00000000, 0.25000000, 0.75000000, 0.00000000
-1.00000000, 0.12500000, 0.87500000, 0.00000000
-1.00000000, 0.00000000, 1.00000000, 0.00000000
-0.87500000, -0.12500000, 1.00000000, 0.00000000
-0.75000000, -0.25000000, 1.00000000, 0.00000000
-0.62500000, -0.37500000, 1.00000000, 0.00000000
-0.50000000, -0.50000000, 1.00000000, 0.00000000
-0.37500000, -0.62500000, 1.00000000, 0.00000000
-0.25000000, -0.75000000, 1.00000000, 0.00000000
-0.12500000, -0.87500000, 1.00000000, 0.00000000
0.00000000, -1.00000000, 1.00000000, 0.00000000
0.12500000, -1.00000000, 0.87500000, 0.00000000
0.25000000, -1.00000000, 0.75000000, 0.00000000
0.37500000, -1.00000000, 0.62500000, 0.00000000
0.50000000, -1.00000000, 0.50000000, 0.00000000
0.62500000, -1.00000000, 0.37500000, 0.00000000
0.75000000, -1.00000000, 0.25000000, 0.00000000
0.87500000, -1.00000000, 0.12500000, 0.00000000
1.00000000, -1.00000000, 0.00000000, 0.00000000
1.00000000, -0.87500000, -0.12500000, 0.00000000
1.00000000, -0.75000000, -0.25000000, 0.00000000
1.00000000, -0.62500000, -0.37500000, 0.00000000
1.00000000, -0.50000000, -0.50000000, 0.00000000
1.00000000, -0.37500000, -0.62500000, 0.00000000
1.00000000, -0.25000000, -0.75000000, 0.00000000
1.00000000, -0.12500000, -0.87500000, 0.00000000
