0.01000000, 0.00000000, -0.01000000, -0.04658492
0.00000000, 0.01000000, -0.01000000, -0.12536091
-0.00125000, 0.01000000, -0.00875000, -0.12643036
-0.00250000, 0.01000000, -0.00750000, -0.09068126
-0.00375000, 0.01000000, -0.00625000, -0.03643264
-0.00500000, 0.01000000, -0.00500000, 0.02182172
-0.00625000, 0.01000000, -0.00375000, 0.08283394
-0.00750000, 0.01000000, -0.00250000, 0.12996328
-0.00875000, 0.01000000, -0.00125000, 0.16332148
-0.01000000, 0.01000000, 0.00000000, 0.14573967
-0.01000000, 0.00875000, 0.00125000, 0.09886294
-0.01000000, 0.00750000, 0.00250000, 0.08106773
-0.01000000, 0.00625000, 0.00375000, 0.07048087
-0.01000000, 0.00500000, 0.00500000, 0.06189915
-0.01000000, 0.00375000, 0.00625000, 0.05644410
-0.01000000, 0.00250000, 0.00750000, 0.05032984
-0.01000000, 0.00125000, 0.00875000, 0.04721728
-0.01000000, 0.00000000, 0.01000000, 0.04658492
0.00000000, -0.01000000, 0.01000000, 0.12536091
0.00125000, -0.01000000, 0.00875000, 0.12643036
0.00250000, -0.01000000, 0.00750000, 0.09068126
0.00375000, -0.01000000, 0.00625000, 0.03643264
0.00500000, -0.01000000, 0.00500000, -0.02182172
0.00625000, -0.01000000, 0.00375000, -0.08283394
0.00750000, -0.01000000, 0.00250000, -0.12996328
0.00875000, -0.01000000, 0.00125000, -0.16332148
0.01000000, -0.01000000, 0.00000000, -0.14573967
0.01000000, -0.00875000, -0.00125000, -0.09886294
0.01000000, -0.00750000, -0.00250000, -0.08106773
0.01000000, -0.00625000, -0.00375000, -0.07048087
0.01000000, -0.00500000, -0.00500000, -0.06189915
0.01000000, -0.00375000, -0.00625000, -0.05644410
0.01000000, -0.00250000, -0.00750000, -0.05032984
0.01000000, -0.00125000, -0.00875000, -0.04721728
0.02000000, 0.00000000, -0.02000000, -0.01747002
0.01750000, 0.00250000, -0.02000000, -0.01803802
0.01500000, 0.00500000, -0.02000000, -0.02005075
0.01250000, 0.00750000, -0.02000000, -0.02279098
0.01000000, 0.01000000, -0.02000000, -0.02520656
0.00750000, 0.01250000, -0.02000000, -0.02837792
0.00500000, 0.01500000, -0.02000000, -0.03187172
0.00250000, 0.01750000, -0.02000000, -0.03722734
0.00000000, 0.02000000, -0.02000000, -0.05395923
-0.00250000, 0.02000000, -0.01750000, -0.05233483
-0.00500000, 0.02000000, -0.01500000, -0.03428071
-0.00750000, 0.02000000, -0.01250000, -0.00782086
-0.01000000, 0.02000000, -0.01000000, 0.01990354
-0.01250000, 0.02000000, -0.00750000, 0.04820655
-0.01500000, 0.02000000, -0.00500000, 0.07195342
-0.01750000, 0.02000000, -0.00250000, 0.08637707
-0.02000000, 0.02000000, 0.00000000, 0.07776533
-0.02000000, 0.01750000, 0.00250000, 0.05280784
-0.02000000, 0.01500000, 0.00500000, 0.04247548
-0.02000000, 0.01250000, 0.00750000, 0.03571968
-0.02000000, 0.01000000, 0.01000000, 0.02999284
-0.02000000, 0.00750000, 0.01250000, 0.02561180
-0.02000000, 0.00500000, 0.01500000, 0.02180270
-0.02000000, 0.00250000, 0.01750000, 0.01875045
-0.02000000, 0.00000000, 0.02000000, 0.01747002
-0.01750000, -0.00250000, 0.02000000, 0.01803802
-0.01500000, -0.00500000, 0.02000000, 0.02005075
-0.01250000, -0.00750000, 0.02000000, 0.02279098
-0.01000000, -0.01000000, 0.02000000, 0.02520656
-0.00750000, -0.01250000, 0.02000000, 0.02837792
-0.00500000, -0.01500000, 0.02000000, 0.03187172
-0.00250000, -0.01750000, 0.02000000, 0.03722734
0.00000000, -0.02000000, 0.02000000, 0.05395923
0.00250000, -0.02000000, 0.01750000, 0.05233483
0.00500000, -0.02000000, 0.01500000, 0.03428071
0.00750000, -0.02000000, 0.01250000, 0.00782086
0.01000000, -0.02000000, 0.01000000, -0.01990354
0.01250000, -0.02000000, 0.00750000, -0.04820655
0.01500000, -0.02000000, 0.00500000, -0.07195342
0.01750000, -0.02000000, 0.00250000, -0.08637707
0.02000000, -0.02000000, 0.00000000, -0.07776533
0.02000000, -0.01750000, -0.00250000, -0.05280784
0.02000000, -0.01500000, -0.00500000, -0.04247548
0.02000000, -0.01250000, -0.00750000, -0.03571968
0.02000000, -0.01000000, -0.01000000, -0.02999284
0.02000000, -0.00750000, -0.01250000, -0.02561180
0.02000000, -0.00500000, -0.01500000, -0.02180270
0.02000000, -0.00250000, -0.01750000, -0.01875045
0.03000000, 0.00000000, -0.03000000, -0.00515260
0.02625000, 0.00375000, -0.03000000, -0.00539605
0.02250000, 0.00750000, -0.03000000, -0.00659640
0.01875000, 0.01125000, -0.03000000, -0.00829604
0.01500000, 0.01500000, -0.03000000, -0.00997461
0.01125000, 0.01875000, -0.03000000, -0.01198516
0.00750000, 0.02250000, -0.03000000, -0.01438946
0.00375000, 0.02625000, -0.03000000, -0.01821631
0.00000000, 0.03000000, -0.03000000, -0.03003298
-0.00375000, 0.03000000, -0.02625000, -0.02869820
-0.00750000, 0.03000000, -0.02250000, -0.01622683
-0.01125000, 0.03000000, -0.01875000, 0.00179514
-0.01500000, 0.03000000, -0.01500000, 0.02130677
-0.01875000, 0.03000000, -0.01125000, 0.04024007
-0.02250000, 0.03000000, -0.00750000, 0.05615744
-0.02625000, 0.03000000, -0.00375000, 0.06542741
-0.03000000, 0.03000000, 0.00000000, 0.05823587
-0.03000000, 0.02625000, 0.00375000, 0.03870235
-0.03000000, 0.02250000, 0.00750000, 0.02985622
-0.03000000, 0.01875000, 0.01125000, 0.02353779
-0.03000000, 0.01500000, 0.01500000, 0.01838377
-0.03000000, 0.01125000, 0.01875000, 0.01411380
-0.03000000, 0.00750000, 0.02250000, 0.01031270
-0.03000000, 0.00375000, 0.02625000, 0.00708455
-0.03000000, 0.00000000, 0.03000000, 0.00515260
-0.02625000, -0.00375000, 0.03000000, 0.00539605
-0.02250000, -0.00750000, 0.03000000, 0.00659640
-0.01875000, -0.01125000, 0.03000000, 0.00829604
-0.01500000, -0.01500000, 0.03000000, 0.00997461
-0.01125000, -0.01875000, 0.03000000, 0.01198516
-0.00750000, -0.02250000, 0.03000000, 0.01438946
-0.00375000, -0.02625000, 0.03000000, 0.01821631
0.00000000, -0.03000000, 0.03000000, 0.03003298
0.00375000, -0.03000000, 0.02625000, 0.02869820
0.00750000, -0.03000000, 0.02250000, 0.01622683
0.01125000, -0.03000000, 0.01875000, -0.00179514
0.01500000, -0.03000000, 0.01500000, -0.02130677
0.01875000, -0.03000000, 0.01125000, -0.04024007
0.02250000, -0.03000000, 0.00750000, -0.05615744
0.02625000, -0.03000000, 0.00375000, -0.06542741
0.03000000, -0.03000000, 0.00000000, -0.05823587
0.03000000, -0.02625000, -0.00375000, -0.03870235
0.03000000, -0.02250000, -0.00750000, -0.02985622
0.03000000, -0.01875000, -0.01125000, -0.02353779
0.03000000, -0.01500000, -0.01500000, -0.01838377
0.03000000, -0.01125000, -0.01875000, -0.01411380
0.03000000, -0.00750000, -0.02250000, -0.01031270
0.03000000, -0.00375000, -0.02625000, -0.00708455
0.04000000, 0.00000000, -0.04000000, 0.00307050
0.03500000, 0.00500000, -0.04000000, 0.00302704
0.03000000, 0.01000000, -0.04000000, 0.00222257
0.02500000, 0.01500000, -0.04000000, 0.00117158
0.02000000, 0.02000000, -0.04000000, 0.00002816
0.01500000, 0.02500000, -0.04000000, -0.00146408
0.01000000, 0.03000000, -0.04000000, -0.00335264
0.00500000, 0.03500000, -0.04000000, -0.00654613
0.00000000, 0.04000000, -0.04000000, -0.01637795
-0.00500000, 0.04000000, -0.03500000, -0.01597730
-0.01000000, 0.04000000, -0.03000000, -0.00616217
-0.01500000, 0.04000000, -0.02500000, 0.00774451
-0.02000000, 0.04000000, -0.02000000, 0.02304097
-0.02500000, 0.04000000, -0.01500000, 0.03784536
-0.03000000, 0.04000000, -0.01000000, 0.05005646
-0.03500000, 0.04000000, -0.00500000, 0.05670018
-0.04000000, 0.04000000, 0.00000000, 0.04937189
-0.04000000, 0.03500000, 0.00500000, 0.03169270
-0.04000000, 0.03000000, 0.01000000, 0.02302998
-0.04000000, 0.02500000, 0.01500000, 0.01670563
-0.04000000, 0.02000000, 0.02000000, 0.01147615
-0.04000000, 0.01500000, 0.02500000, 0.00704067
-0.04000000, 0.01000000, 0.03000000, 0.00304826
-0.04000000, 0.00500000, 0.03500000, -0.00050643
-0.04000000, 0.00000000, 0.04000000, -0.00307050
-0.03500000, -0.00500000, 0.04000000, -0.00302704
-0.03000000, -0.01000000, 0.04000000, -0.00222257
-0.02500000, -0.01500000, 0.04000000, -0.00117158
-0.02000000, -0.02000000, 0.04000000, -0.00002816
-0.01500000, -0.02500000, 0.04000000, 0.00146408
-0.01000000, -0.03000000, 0.04000000, 0.00335264
-0.00500000, -0.03500000, 0.04000000, 0.00654613
0.00000000, -0.04000000, 0.04000000, 0.01637795
0.00500000, -0.04000000, 0.03500000, 0.01597730
0.01000000, -0.04000000, 0.03000000, 0.00616217
0.01500000, -0.04000000, 0.02500000, -0.00774451
0.02000000, -0.04000000, 0.02000000, -0.02304097
0.02500000, -0.04000000, 0.01500000, -0.03784536
0.03000000, -0.04000000, 0.01000000, -0.05005646
0.03500000, -0.04000000, 0.00500000, -0.05670018
0.04000000, -0.04000000, 0.00000000, -0.04937189
0.04000000, -0.03500000, -0.00500000, -0.03169270
0.04000000, -0.03000000, -0.01000000, -0.02302998
0.04000000, -0.02500000, -0.01500000, -0.01670563
0.04000000, -0.02000000, -0.02000000, -0.01147615
0.04000000, -0.01500000, -0.02500000, -0.00704067
0.04000000, -0.01000000, -0.03000000, -0.00304826
0.04000000, -0.00500000, -0.03500000, 0.00050643
0.05000000, 0.00000000, -0.05000000, 0.00973555
0.04375000, 0.00625000, -0.05000000, 0.00983175
0.03750000, 0.01250000, -0.05000000, 0.00938456
0.03125000, 0.01875000, -0.05000000, 0.00875887
0.02500000, 0.02500000, -0.05000000, 0.00803047
0.01875000, 0.03125000, -0.05000000, 0.00697000
0.01250000, 0.03750000, -0.05000000, 0.00544731
0.00625000, 0.04375000, -0.05000000, 0.00262899
0.00000000, 0.05000000, -0.05000000, -0.00628455
-0.00625000, 0.05000000, -0.04375000, -0.00701790
-0.01250000, 0.05000000, -0.03750000, 0.00086996
-0.01875000, 0.05000000, -0.03125000, 0.01239952
-0.02500000, 0.05000000, -0.02500000, 0.02516289
-0.03125000, 0.05000000, -0.01875000, 0.03739933
-0.03750000, 0.05000000, -0.01250000, 0.04733323
-0.04375000, 0.05000000, -0.00625000, 0.05221745
-0.05000000, 0.05000000, 0.00000000, 0.04432749
-0.05000000, 0.04375000, 0.00625000, 0.02723939
-0.05000000, 0.03750000, 0.01250000, 0.01842236
-0.05000000, 0.03125000, 0.01875000, 0.01188628
-0.05000000, 0.02500000, 0.02500000, 0.00639685
-0.05000000, 0.01875000, 0.03125000, 0.00166383
-0.05000000, 0.01250000, 0.03750000, -0.00263661
-0.05000000, 0.00625000, 0.04375000, -0.00658808
-0.05000000, 0.00000000, 0.05000000, -0.00973555
-0.04375000, -0.00625000, 0.05000000, -0.00983175
-0.03750000, -0.01250000, 0.05000000, -0.00938456
-0.03125000, -0.01875000, 0.05000000, -0.00875887
-0.02500000, -0.02500000, 0.05000000, -0.00803047
-0.01875000, -0.03125000, 0.05000000, -0.00697000
-0.01250000, -0.03750000, 0.05000000, -0.00544731
-0.00625000, -0.04375000, 0.05000000, -0.00262899
0.00000000, -0.05000000, 0.05000000, 0.00628455
0.00625000, -0.05000000, 0.04375000, 0.00701790
0.01250000, -0.05000000, 0.03750000, -0.00086996
0.01875000, -0.05000000, 0.03125000, -0.01239952
0.02500000, -0.05000000, 0.02500000, -0.02516289
0.03125000, -0.05000000, 0.01875000, -0.03739933
0.03750000, -0.05000000, 0.01250000, -0.04733323
0.04375000, -0.05000000, 0.00625000, -0.05221745
0.05000000, -0.05000000, 0.00000000, -0.04432749
0.05000000, -0.04375000, -0.00625000, -0.02723939
0.05000000, -0.03750000, -0.01250000, -0.01842236
0.05000000, -0.03125000, -0.01875000, -0.01188628
0.05000000, -0.02500000, -0.02500000, -0.00639685
0.05000000, -0.01875000, -0.03125000, -0.00166383
0.05000000, -0.01250000, -0.03750000, 0.00263661
0.05000000, -0.00625000, -0.04375000, 0.00658808
0.06000000, 0.00000000, -0.06000000, 0.01564591
0.05250000, 0.00750000, -0.06000000, 0.01590840
0.04500000, 0.01500000, -0.06000000, 0.01578402
0.03750000, 0.02250000, -0.06000000, 0.01553602
0.03000000, 0.03000000, -0.06000000, 0.01518325
0.02250000, 0.03750000, -0.06000000, 0.01446744
0.01500000, 0.04500000, -0.06000000, 0.01325264
0.00750000, 0.05250000, -0.06000000, 0.01071580
0.00000000, 0.06000000, -0.06000000, 0.00232058
-0.00750000, 0.06000000, -0.05250000, 0.00027784
-0.01500000, 0.06000000, -0.04500000, 0.00662732
-0.02250000, 0.06000000, -0.03750000, 0.01642367
-0.03000000, 0.06000000, -0.03000000, 0.02739095
-0.03750000, 0.06000000, -0.02250000, 0.03795402
-0.04500000, 0.06000000, -0.01500000, 0.04627449
-0.05250000, 0.06000000, -0.00750000, 0.04982379
-0.06000000, 0.06000000, 0.00000000, 0.04105203
-0.06000000, 0.05250000, 0.00750000, 0.02397045
-0.06000000, 0.04500000, 0.01500000, 0.01484513
-0.06000000, 0.03750000, 0.02250000, 0.00797261
-0.06000000, 0.03000000, 0.03000000, 0.00217119
-0.06000000, 0.02250000, 0.03750000, -0.00286712
-0.06000000, 0.01500000, 0.04500000, -0.00753307
-0.06000000, 0.00750000, 0.05250000, -0.01187542
-0.06000000, 0.00000000, 0.06000000, -0.01564591
-0.05250000, -0.00750000, 0.06000000, -0.01590840
-0.04500000, -0.01500000, 0.06000000, -0.01578402
-0.03750000, -0.02250000, 0.06000000, -0.01553602
-0.03000000, -0.03000000, 0.06000000, -0.01518325
-0.02250000, -0.03750000, 0.06000000, -0.01446744
-0.01500000, -0.04500000, 0.06000000, -0.01325264
-0.00750000, -0.05250000, 0.06000000, -0.01071580
0.00000000, -0.06000000, 0.06000000, -0.00232058
0.00750000, -0.06000000, 0.05250000, -0.00027784
0.01500000, -0.06000000, 0.04500000, -0.00662732
0.02250000, -0.06000000, 0.03750000, -0.01642367
0.03000000, -0.06000000, 0.03000000, -0.02739095
0.03750000, -0.06000000, 0.02250000, -0.03795402
0.04500000, -0.06000000, 0.01500000, -0.04627449
0.05250000, -0.06000000, 0.00750000, -0.04982379
0.06000000, -0.06000000, 0.00000000, -0.04105203
0.06000000, -0.05250000, -0.00750000, -0.02397045
0.06000000, -0.04500000, -0.01500000, -0.01484513
0.06000000, -0.03750000, -0.02250000, -0.00797261
0.06000000, -0.03000000, -0.03000000, -0.00217119
0.06000000, -0.02250000, -0.03750000, 0.00286712
0.06000000, -0.01500000, -0.04500000, 0.00753307
0.06000000, -0.00750000, -0.05250000, 0.01187542
0.07000000, 0.00000000, -0.07000000, 0.02122903
0.06125000, 0.00875000, -0.07000000, 0.02163476
0.05250000, 0.01750000, -0.07000000, 0.02178578
0.04375000, 0.02625000, -0.07000000, 0.02189705
0.03500000, 0.03500000, -0.07000000, 0.02192211
0.02625000, 0.04375000, -0.07000000, 0.02157868
0.01750000, 0.05250000, -0.07000000, 0.02069246
0.00875000, 0.06125000, -0.07000000, 0.01840284
0.00000000, 0.07000000, -0.07000000, 0.01024854
-0.00875000, 0.07000000, -0.06125000, 0.00680107
-0.01750000, 0.07000000, -0.05250000, 0.01186389
-0.02625000, 0.07000000, -0.04375000, 0.02025252
-0.03500000, 0.07000000, -0.03500000, 0.02979987
-0.04375000, 0.07000000, -0.02625000, 0.03894189
-0.05250000, 0.07000000, -0.01750000, 0.04593026
-0.06125000, 0.07000000, -0.00875000, 0.04829247
-0.07000000, 0.07000000, 0.00000000, 0.03857365
-0.07000000, 0.06125000, 0.00875000, 0.02128033
-0.07000000, 0.05250000, 0.01750000, 0.01176487
-0.07000000, 0.04375000, 0.02625000, 0.00454678
-0.07000000, 0.03500000, 0.03500000, -0.00159812
-0.07000000, 0.02625000, 0.04375000, -0.00700378
-0.07000000, 0.01750000, 0.05250000, -0.01205052
-0.07000000, 0.00875000, 0.06125000, -0.01682777
-0.07000000, 0.00000000, 0.07000000, -0.02122903
-0.06125000, -0.00875000, 0.07000000, -0.02163476
-0.05250000, -0.01750000, 0.07000000, -0.02178578
-0.04375000, -0.02625000, 0.07000000, -0.02189705
-0.03500000, -0.03500000, 0.07000000, -0.02192211
-0.02625000, -0.04375000, 0.07000000, -0.02157868
-0.01750000, -0.05250000, 0.07000000, -0.02069246
-0.00875000, -0.06125000, 0.07000000, -0.01840284
0.00000000, -0.07000000, 0.07000000, -0.01024854
0.00875000, -0.07000000, 0.06125000, -0.00680107
0.01750000, -0.07000000, 0.05250000, -0.01186389
0.02625000, -0.07000000, 0.04375000, -0.02025252
0.03500000, -0.07000000, 0.03500000, -0.02979987
0.04375000, -0.07000000, 0.02625000, -0.03894189
0.05250000, -0.07000000, 0.01750000, -0.04593026
0.06125000, -0.07000000, 0.00875000, -0.04829247
0.07000000, -0.07000000, 0.00000000, -0.03857365
0.07000000, -0.06125000, -0.00875000, -0.02128033
0.07000000, -0.05250000, -0.01750000, -0.01176487
0.07000000, -0.04375000, -0.02625000, -0.00454678
0.07000000, -0.03500000, -0.03500000, 0.00159812
0.07000000, -0.02625000, -0.04375000, 0.00700378
0.07000000, -0.01750000, -0.05250000, 0.01205052
0.07000000, -0.00875000, -0.06125000, 0.01682777
0.08000000, 0.00000000, -0.08000000, 0.02666618
0.07000000, 0.01000000, -0.08000000, 0.02719637
0.06000000, 0.02000000, -0.08000000, 0.02762095
0.05000000, 0.03000000, -0.08000000, 0.02808655
0.04000000, 0.04000000, -0.08000000, 0.02849088
0.03000000, 0.05000000, -0.08000000, 0.02853751
0.02000000, 0.06000000, -0.08000000, 0.02798676
0.01000000, 0.07000000, -0.08000000, 0.02593351
0.00000000, 0.08000000, -0.08000000, 0.01787429
-0.01000000, 0.08000000, -0.07000000, 0.01298703
-0.02000000, 0.08000000, -0.06000000, 0.01683065
-0.03000000, 0.08000000, -0.05000000, 0.02397776
-0.04000000, 0.08000000, -0.04000000, 0.03230403
-0.05000000, 0.08000000, -0.03000000, 0.04019215
-0.06000000, 0.08000000, -0.02000000, 0.04600795
-0.07000000, 0.08000000, -0.01000000, 0.04726477
-0.08000000, 0.08000000, 0.00000000, 0.03654601
-0.08000000, 0.07000000, 0.01000000, 0.01889156
-0.08000000, 0.06000000, 0.02000000, 0.00895060
-0.08000000, 0.05000000, 0.03000000, 0.00137532
-0.08000000, 0.04000000, 0.04000000, -0.00513398
-0.08000000, 0.03000000, 0.05000000, -0.01092765
-0.08000000, 0.02000000, 0.06000000, -0.01637324
-0.08000000, 0.01000000, 0.07000000, -0.02162595
-0.08000000, 0.00000000, 0.08000000, -0.02666618
-0.07000000, -0.01000000, 0.08000000, -0.02719637
-0.06000000, -0.02000000, 0.08000000, -0.02762095
-0.05000000, -0.03000000, 0.08000000, -0.02808655
-0.04000000, -0.04000000, 0.08000000, -0.02849088
-0.03000000, -0.05000000, 0.08000000, -0.02853751
-0.02000000, -0.06000000, 0.08000000, -0.02798676
-0.01000000, -0.07000000, 0.08000000, -0.02593351
0.00000000, -0.08000000, 0.08000000, -0.01787429
0.01000000, -0.08000000, 0.07000000, -0.01298703
0.02000000, -0.08000000, 0.06000000, -0.01683065
0.03000000, -0.08000000, 0.05000000, -0.02397776
0.04000000, -0.08000000, 0.04000000, -0.03230403
0.05000000, -0.08000000, 0.03000000, -0.04019215
0.06000000, -0.08000000, 0.02000000, -0.04600795
0.07000000, -0.08000000, 0.01000000, -0.04726477
0.08000000, -0.08000000, 0.00000000, -0.03654601
0.08000000, -0.07000000, -0.01000000, -0.01889156
0.08000000, -0.06000000, -0.02000000, -0.00895060
0.08000000, -0.05000000, -0.03000000, -0.00137532
0.08000000, -0.04000000, -0.04000000, 0.00513398
0.08000000, -0.03000000, -0.05000000, 0.01092765
0.08000000, -0.02000000, -0.06000000, 0.01637324
0.08000000, -0.01000000, -0.07000000, 0.02162595
0.09000000, 0.00000000, -0.09000000, 0.03202791
0.07875000, 0.01125000, -0.09000000, 0.03269306
0.06750000, 0.02250000, -0.09000000, 0.03341056
0.05625000, 0.03375000, -0.09000000, 0.03423474
0.04500000, 0.04500000, -0.09000000, 0.03502069
0.03375000, 0.05625000, -0.09000000, 0.03544992
0.02250000, 0.06750000, -0.09000000, 0.03522756
0.01125000, 0.07875000, -0.09000000, 0.03340322
0.00000000, 0.09000000, -0.09000000, 0.02537061
-0.01125000, 0.09000000, -0.07875000, 0.01902316
-0.02250000, 0.09000000, -0.06750000, 0.02164478
-0.03375000, 0.09000000, -0.05625000, 0.02762967
-0.04500000, 0.09000000, -0.04500000, 0.03483489
-0.05625000, 0.09000000, -0.03375000, 0.04163111
-0.06750000, 0.09000000, -0.02250000, 0.04637767
-0.07875000, 0.09000000, -0.01125000, 0.04658943
-0.09000000, 0.09000000, 0.00000000, 0.03478985
-0.09000000, 0.07875000, 0.01125000, 0.01666313
-0.09000000, 0.06750000, 0.02250000, 0.00627858
-0.09000000, 0.05625000, 0.03375000, -0.00167608
-0.09000000, 0.04500000, 0.04500000, -0.00855911
-0.09000000, 0.03375000, 0.05625000, -0.01472991
-0.09000000, 0.02250000, 0.06750000, -0.02059304
-0.09000000, 0.01125000, 0.07875000, -0.02633718
-0.09000000, 0.00000000, 0.09000000, -0.03202791
-0.07875000, -0.01125000, 0.09000000, -0.03269306
-0.06750000, -0.02250000, 0.09000000, -0.03341056
-0.05625000, -0.03375000, 0.09000000, -0.03423474
-0.04500000, -0.04500000, 0.09000000, -0.03502069
-0.03375000, -0.05625000, 0.09000000, -0.03544992
-0.02250000, -0.06750000, 0.09000000, -0.03522756
-0.01125000, -0.07875000, 0.09000000, -0.03340322
0.00000000, -0.09000000, 0.09000000, -0.02537061
0.01125000, -0.09000000, 0.07875000, -0.01902316
0.02250000, -0.09000000, 0.06750000, -0.02164478
0.03375000, -0.09000000, 0.05625000, -0.02762967
0.04500000, -0.09000000, 0.04500000, -0.03483489
0.05625000, -0.09000000, 0.03375000, -0.04163111
0.06750000, -0.09000000, 0.02250000, -0.04637767
0.07875000, -0.09000000, 0.01125000, -0.04658943
0.09000000, -0.09000000, 0.00000000, -0.03478985
0.09000000, -0.07875000, -0.01125000, -0.01666313
0.09000000, -0.06750000, -0.02250000, -0.00627858
0.09000000, -0.05625000, -0.03375000, 0.00167608
0.09000000, -0.04500000, -0.04500000, 0.00855911
0.09000000, -0.03375000, -0.05625000, 0.01472991
0.09000000, -0.02250000, -0.06750000, 0.02059304
0.09000000, -0.01125000, -0.07875000, 0.02633718
0.10000000, 0.00000000, -0.10000000, 0.03734928
0.08750000, 0.01250000, -0.10000000, 0.03817131
0.07500000, 0.02500000, -0.10000000, 0.03919603
0.06250000, 0.03750000, -0.10000000, 0.04038547
0.05000000, 0.05000000, -0.10000000, 0.04156097
0.03750000, 0.06250000, -0.10000000, 0.04236844
0.02500000, 0.07500000, -0.10000000, 0.04247231
0.01250000, 0.08750000, -0.10000000, 0.04086573
0.00000000, 0.10000000, -0.10000000, 0.03280101
-0.01250000, 0.10000000, -0.08750000, 0.02497874
-0.02500000, 0.10000000, -0.07500000, 0.02638444
-0.03750000, 0.10000000, -0.06250000, 0.03124887
-0.05000000, 0.10000000, -0.05000000, 0.03738297
-0.06250000, 0.10000000, -0.03750000, 0.04317491
-0.07500000, 0.10000000, -0.02500000, 0.04690331
-0.08750000, 0.10000000, -0.01250000, 0.04609755
-0.10000000, 0.10000000, 0.00000000, 0.03316185
-0.10000000, 0.08750000, 0.01250000, 0.01450737
-0.10000000, 0.07500000, 0.02500000, 0.00367112
-0.10000000, 0.06250000, 0.03750000, -0.00467647
-0.10000000, 0.05000000, 0.05000000, -0.01193352
-0.10000000, 0.03750000, 0.06250000, -0.01847398
-0.10000000, 0.02500000, 0.07500000, -0.02476468
-0.10000000, 0.01250000, 0.08750000, -0.03100417
-0.10000000, 0.00000000, 0.10000000, -0.03734928
-0.08750000, -0.01250000, 0.10000000, -0.03817131
-0.07500000, -0.02500000, 0.10000000, -0.03919603
-0.06250000, -0.03750000, 0.10000000, -0.04038547
-0.05000000, -0.05000000, 0.10000000, -0.04156097
-0.03750000, -0.06250000, 0.10000000, -0.04236844
-0.02500000, -0.07500000, 0.10000000, -0.04247231
-0.01250000, -0.08750000, 0.10000000, -0.04086573
0.00000000, -0.10000000, 0.10000000, -0.03280101
0.01250000, -0.10000000, 0.08750000, -0.02497874
0.02500000, -0.10000000, 0.07500000, -0.02638444
0.03750000, -0.10000000, 0.06250000, -0.03124887
0.05000000, -0.10000000, 0.05000000, -0.03738297
0.06250000, -0.10000000, 0.03750000, -0.04317491
0.07500000, -0.10000000, 0.02500000, -0.04690331
0.08750000, -0.10000000, 0.01250000, -0.04609755
0.10000000, -0.10000000, 0.00000000, -0.03316185
0.10000000, -0.08750000, -0.01250000, -0.01450737
0.10000000, -0.07500000, -0.02500000, -0.00367112
0.10000000, -0.06250000, -0.03750000, 0.00467647
0.10000000, -0.05000000, -0.05000000, 0.01193352
0.10000000, -0.03750000, -0.06250000, 0.01847398
0.10000000, -0.02500000, -0.07500000, 0.02476468
0.10000000, -0.01250000, -0.08750000, 0.03100417
0.15000000, 0.00000000, -0.15000000, 0.06291557
0.13125000, 0.01875000, -0.15000000, 0.06492414
0.11250000, 0.03750000, -0.15000000, 0.06766220
0.09375000, 0.05625000, -0.15000000, 0.07081458
0.07500000, 0.07500000, -0.15000000, 0.07405583
0.05625000, 0.09375000, -0.15000000, 0.07683850
0.03750000, 0.11250000, -0.15000000, 0.07854509
0.01875000, 0.13125000, -0.15000000, 0.07772781
0.00000000, 0.15000000, -0.15000000, 0.06850854
-0.01875000, 0.15000000, -0.13125000, 0.05369462
-0.03750000, 0.15000000, -0.11250000, 0.04949373
-0.05625000, 0.15000000, -0.09375000, 0.04906023
-0.07500000, 0.15000000, -0.07500000, 0.05005319
-0.09375000, 0.15000000, -0.05625000, 0.05073802
-0.11250000, 0.15000000, -0.03750000, 0.04938283
-0.13125000, 0.15000000, -0.01875000, 0.04341591
-0.15000000, 0.15000000, 0.00000000, 0.02490497
-0.15000000, 0.13125000, 0.01875000, 0.00356667
-0.15000000, 0.11250000, 0.03750000, -0.00935341
-0.15000000, 0.09375000, 0.05625000, -0.01957985
-0.15000000, 0.07500000, 0.07500000, -0.02858672
-0.15000000, 0.05625000, 0.09375000, -0.03694720
-0.15000000, 0.03750000, 0.11250000, -0.04521261
-0.15000000, 0.01875000, 0.13125000, -0.05373447
-0.15000000, 0.00000000, 0.15000000, -0.06291557
-0.13125000, -0.01875000, 0.15000000, -0.06492414
-0.11250000, -0.03750000, 0.15000000, -0.06766220
-0.09375000, -0.05625000, 0.15000000, -0.07081458
-0.07500000, -0.07500000, 0.15000000, -0.07405583
-0.05625000, -0.09375000, 0.15000000, -0.07683850
-0.03750000, -0.11250000, 0.15000000, -0.07854509
-0.01875000, -0.13125000, 0.15000000, -0.07772781
0.00000000, -0.15000000, 0.15000000, -0.06850854
0.01875000, -0.15000000, 0.13125000, -0.05369462
0.03750000, -0.15000000, 0.11250000, -0.04949373
0.05625000, -0.15000000, 0.09375000, -0.04906023
0.07500000, -0.15000000, 0.07500000, -0.05005319
0.09375000, -0.15000000, 0.05625000, -0.05073802
0.11250000, -0.15000000, 0.03750000, -0.04938283
0.13125000, -0.15000000, 0.01875000, -0.04341591
0.15000000, -0.15000000, 0.00000000, -0.02490497
0.15000000, -0.13125000, -0.01875000, -0.00356667
0.15000000, -0.11250000, -0.03750000, 0.00935341
0.15000000, -0.09375000, -0.05625000, 0.01957985
0.15000000, -0.07500000, -0.07500000, 0.02858672
0.15000000, -0.05625000, -0.09375000, 0.03694720
0.15000000, -0.03750000, -0.11250000, 0.04521261
0.15000000, -0.01875000, -0.13125000, 0.05373447
0.20000000, 0.00000000, -0.20000000, 0.08188148
0.17500000, 0.02500000, -0.20000000, 0.08637241
0.15000000, 0.05000000, -0.20000000, 0.09155384
0.12500000, 0.07500000, -0.20000000, 0.09703104
0.10000000, 0.10000000, -0.20000000, 0.10240851
0.07500000, 0.12500000, -0.20000000, 0.10698283
0.05000000, 0.15000000, -0.20000000, 0.10985345
0.02500000, 0.17500000, -0.20000000, 0.10907728
0.00000000, 0.20000000, -0.20000000, 0.09743617
-0.02500000, 0.20000000, -0.17500000, 0.07816275
-0.05000000, 0.20000000, -0.15000000, 0.06969306
-0.07500000, 0.20000000, -0.12500000, 0.06463846
-0.10000000, 0.20000000, -0.10000000, 0.06073212
-0.12500000, 0.20000000, -0.07500000, 0.05641823
-0.15000000, 0.20000000, -0.05000000, 0.05000230
-0.17500000, 0.20000000, -0.02500000, 0.03909969
-0.20000000, 0.20000000, 0.00000000, 0.01592878
-0.20000000, 0.17500000, 0.02500000, -0.00742178
-0.20000000, 0.15000000, 0.05000000, -0.02197539
-0.20000000, 0.12500000, 0.07500000, -0.03366920
-0.20000000, 0.10000000, 0.10000000, -0.04393669
-0.20000000, 0.07500000, 0.12500000, -0.05341942
-0.20000000, 0.05000000, 0.15000000, -0.06269976
-0.20000000, 0.02500000, 0.17500000, -0.07207865
-0.20000000, 0.00000000, 0.20000000, -0.08188148
-0.17500000, -0.02500000, 0.20000000, -0.08637241
-0.15000000, -0.05000000, 0.20000000, -0.09155384
-0.12500000, -0.07500000, 0.20000000, -0.09703104
-0.10000000, -0.10000000, 0.20000000, -0.10240851
-0.07500000, -0.12500000, 0.20000000, -0.10698283
-0.05000000, -0.15000000, 0.20000000, -0.10985345
-0.02500000, -0.17500000, 0.20000000, -0.10907728
0.00000000, -0.20000000, 0.20000000, -0.09743617
0.02500000, -0.20000000, 0.17500000, -0.07816275
0.05000000, -0.20000000, 0.15000000, -0.06969306
0.07500000, -0.20000000, 0.12500000, -0.06463846
0.10000000, -0.20000000, 0.10000000, -0.06073212
0.12500000, -0.20000000, 0.07500000, -0.05641823
0.15000000, -0.20000000, 0.05000000, -0.05000230
0.17500000, -0.20000000, 0.02500000, -0.03909969
0.20000000, -0.20000000, 0.00000000, -0.01592878
0.20000000, -0.17500000, -0.02500000, 0.00742178
0.20000000, -0.15000000, -0.05000000, 0.02197539
0.20000000, -0.12500000, -0.07500000, 0.03366920
0.20000000, -0.10000000, -0.10000000, 0.04393669
0.20000000, -0.07500000, -0.12500000, 0.05341942
0.20000000, -0.05000000, -0.15000000, 0.06269976
0.20000000, -0.02500000, -0.17500000, 0.07207865
0.25000000, 0.00000000, -0.25000000, 0.08791547
0.21875000, 0.03125000, -0.25000000, 0.09608035
0.18750000, 0.06250000, -0.25000000, 0.10436984
0.15625000, 0.09375000, -0.25000000, 0.11245892
0.12500000, 0.12500000, -0.25000000, 0.11994208
0.09375000, 0.15625000, -0.25000000, 0.12599422
0.06250000, 0.18750000, -0.25000000, 0.12947695
0.03125000, 0.21875000, -0.25000000, 0.12797727
0.00000000, 0.25000000, -0.25000000, 0.11316204
-0.03125000, 0.25000000, -0.21875000, 0.09380720
-0.06250000, 0.25000000, -0.18750000, 0.08373845
-0.09375000, 0.25000000, -0.15625000, 0.07562388
-0.12500000, 0.25000000, -0.12500000, 0.06767304
-0.15625000, 0.25000000, -0.09375000, 0.05876215
-0.18750000, 0.25000000, -0.06250000, 0.04774399
-0.21875000, 0.25000000, -0.03125000, 0.03278403
-0.25000000, 0.25000000, 0.00000000, 0.00714369
-0.25000000, 0.21875000, 0.03125000, -0.01666190
-0.25000000, 0.18750000, 0.06250000, -0.03207827
-0.25000000, 0.15625000, 0.09375000, -0.04439582
-0.25000000, 0.12500000, 0.12500000, -0.05494332
-0.25000000, 0.09375000, 0.15625000, -0.06428261
-0.25000000, 0.06250000, 0.18750000, -0.07284851
-0.25000000, 0.03125000, 0.21875000, -0.08074402
-0.25000000, 0.00000000, 0.25000000, -0.08791547
-0.21875000, -0.03125000, 0.25000000, -0.09608035
-0.18750000, -0.06250000, 0.25000000, -0.10436984
-0.15625000, -0.09375000, 0.25000000, -0.11245892
-0.12500000, -0.12500000, 0.25000000, -0.11994208
-0.09375000, -0.15625000, 0.25000000, -0.12599422
-0.06250000, -0.18750000, 0.25000000, -0.12947695
-0.03125000, -0.21875000, 0.25000000, -0.12797727
0.00000000, -0.25000000, 0.25000000, -0.11316204
0.03125000, -0.25000000, 0.21875000, -0.09380720
0.06250000, -0.25000000, 0.18750000, -0.08373845
0.09375000, -0.25000000, 0.15625000, -0.07562388
0.12500000, -0.25000000, 0.12500000, -0.06767304
0.15625000, -0.25000000, 0.09375000, -0.05876215
0.18750000, -0.25000000, 0.06250000, -0.04774399
0.21875000, -0.25000000, 0.03125000, -0.03278403
0.25000000, -0.25000000, 0.00000000, -0.00714369
0.25000000, -0.21875000, -0.03125000, 0.01666190
0.25000000, -0.18750000, -0.06250000, 0.03207827
0.25000000, -0.15625000, -0.09375000, 0.04439582
0.25000000, -0.12500000, -0.12500000, 0.05494332
0.25000000, -0.09375000, -0.15625000, 0.06428261
0.25000000, -0.06250000, -0.18750000, 0.07284851
0.25000000, -0.03125000, -0.21875000, 0.08074402
0.30000000, 0.00000000, -0.30000000, 0.07942207
0.26250000, 0.03750000, -0.30000000, 0.09133778
0.22500000, 0.07500000, -0.30000000, 0.10276105
0.18750000, 0.11250000, -0.30000000, 0.11331151
0.15000000, 0.15000000, -0.30000000, 0.12254523
0.11250000, 0.18750000, -0.30000000, 0.12957624
0.07500000, 0.22500000, -0.30000000, 0.13311315
0.03750000, 0.26250000, -0.30000000, 0.13049293
0.00000000, 0.30000000, -0.30000000, 0.11289212
-0.03750000, 0.30000000, -0.26250000, 0.09794233
-0.07500000, 0.30000000, -0.22500000, 0.08931770
-0.11250000, 0.30000000, -0.18750000, 0.08027165
-0.15000000, 0.30000000, -0.15000000, 0.06974472
-0.18750000, 0.30000000, -0.11250000, 0.05739509
-0.22500000, 0.30000000, -0.07500000, 0.04292781
-0.26250000, 0.30000000, -0.03750000, 0.02552897
-0.30000000, 0.30000000, 0.00000000, 0.00014882
-0.30000000, 0.26250000, 0.03750000, -0.02249442
-0.30000000, 0.22500000, 0.07500000, -0.03760430
-0.30000000, 0.18750000, 0.11250000, -0.04948201
-0.30000000, 0.15000000, 0.15000000, -0.05912121
-0.30000000, 0.11250000, 0.18750000, -0.06688902
-0.30000000, 0.07500000, 0.22500000, -0.07299857
-0.30000000, 0.03750000, 0.26250000, -0.07730331
-0.30000000, 0.00000000, 0.30000000, -0.07942207
-0.26250000, -0.03750000, 0.30000000, -0.09133778
-0.22500000, -0.07500000, 0.30000000, -0.10276105
-0.18750000, -0.11250000, 0.30000000, -0.11331151
-0.15000000, -0.15000000, 0.30000000, -0.12254523
-0.11250000, -0.18750000, 0.30000000, -0.12957624
-0.07500000, -0.22500000, 0.30000000, -0.13311315
-0.03750000, -0.26250000, 0.30000000, -0.13049293
0.00000000, -0.30000000, 0.30000000, -0.11289212
0.03750000, -0.30000000, 0.26250000, -0.09794233
0.07500000, -0.30000000, 0.22500000, -0.08931770
0.11250000, -0.30000000, 0.18750000, -0.08027165
0.15000000, -0.30000000, 0.15000000, -0.06974472
0.18750000, -0.30000000, 0.11250000, -0.05739509
0.22500000, -0.30000000, 0.07500000, -0.04292781
0.26250000, -0.30000000, 0.03750000, -0.02552897
0.30000000, -0.30000000, 0.00000000, -0.00014882
0.30000000, -0.26250000, -0.03750000, 0.02249442
0.30000000, -0.22500000, -0.07500000, 0.03760430
0.30000000, -0.18750000, -0.11250000, 0.04948201
0.30000000, -0.15000000, -0.15000000, 0.05912121
0.30000000, -0.11250000, -0.18750000, 0.06688902
0.30000000, -0.07500000, -0.22500000, 0.07299857
0.30000000, -0.03750000, -0.26250000, 0.07730331
0.35000000, 0.00000000, -0.35000000, 0.06077982
0.30625000, 0.04375000, -0.35000000, 0.07486584
0.26250000, 0.08750000, -0.35000000, 0.08829732
0.21875000, 0.13125000, -0.35000000, 0.10039231
0.17500000, 0.17500000, -0.35000000, 0.11058138
0.13125000, 0.21875000, -0.35000000, 0.11792149
0.08750000, 0.26250000, -0.35000000, 0.12108146
0.04375000, 0.30625000, -0.35000000, 0.11742454
0.00000000, 0.35000000, -0.35000000, 0.09851844
-0.04375000, 0.35000000, -0.30625000, 0.09084818
-0.08750000, 0.35000000, -0.26250000, 0.08609023
-0.13125000, 0.35000000, -0.21875000, 0.07821244
-0.17500000, 0.35000000, -0.17500000, 0.06683883
-0.21875000, 0.35000000, -0.13125000, 0.05259233
-0.26250000, 0.35000000, -0.08750000, 0.03626887
-0.30625000, 0.35000000, -0.04375000, 0.01838198
-0.35000000, 0.35000000, 0.00000000, -0.00415611
-0.35000000, 0.30625000, 0.04375000, -0.02410739
-0.35000000, 0.26250000, 0.08750000, -0.03774760
-0.35000000, 0.21875000, 0.13125000, -0.04816614
-0.35000000, 0.17500000, 0.17500000, -0.05591113
-0.35000000, 0.13125000, 0.21875000, -0.06112105
-0.35000000, 0.08750000, 0.26250000, -0.06384531
-0.35000000, 0.04375000, 0.30625000, -0.06384083
-0.35000000, 0.00000000, 0.35000000, -0.06077982
-0.30625000, -0.04375000, 0.35000000, -0.07486584
-0.26250000, -0.08750000, 0.35000000, -0.08829732
-0.21875000, -0.13125000, 0.35000000, -0.10039231
-0.17500000, -0.17500000, 0.35000000, -0.11058138
-0.13125000, -0.21875000, 0.35000000, -0.11792149
-0.08750000, -0.26250000, 0.35000000, -0.12108146
-0.04375000, -0.30625000, 0.35000000, -0.11742454
0.00000000, -0.35000000, 0.35000000, -0.09851844
0.04375000, -0.35000000, 0.30625000, -0.09084818
0.08750000, -0.35000000, 0.26250000, -0.08609023
0.13125000, -0.35000000, 0.21875000, -0.07821244
0.17500000, -0.35000000, 0.17500000, -0.06683883
0.21875000, -0.35000000, 0.13125000, -0.05259233
0.26250000, -0.35000000, 0.08750000, -0.03626887
0.30625000, -0.35000000, 0.04375000, -0.01838198
0.35000000, -0.35000000, 0.00000000, 0.00415611
0.35000000, -0.30625000, -0.04375000, 0.02410739
0.35000000, -0.26250000, -0.08750000, 0.03774760
0.35000000, -0.21875000, -0.13125000, 0.04816614
0.35000000, -0.17500000, -0.17500000, 0.05591113
0.35000000, -0.13125000, -0.21875000, 0.06112105
0.35000000, -0.08750000, -0.26250000, 0.06384531
0.35000000, -0.04375000, -0.30625000, 0.06384083
0.40000000, 0.00000000, -0.40000000, 0.03941781
0.35000000, 0.05000000, -0.40000000, 0.05303897
0.30000000, 0.10000000, -0.40000000, 0.06642880
0.25000000, 0.15000000, -0.40000000, 0.07850473
0.20000000, 0.20000000, -0.40000000, 0.08849628
0.15000000, 0.25000000, -0.40000000, 0.09539765
0.10000000, 0.30000000, -0.40000000, 0.09792133
0.05000000, 0.35000000, -0.40000000, 0.09371495
0.00000000, 0.40000000, -0.40000000, 0.07558657
-0.05000000, 0.40000000, -0.35000000, 0.07546251
-0.10000000, 0.40000000, -0.30000000, 0.07560085
-0.15000000, 0.40000000, -0.25000000, 0.07037814
-0.20000000, 0.40000000, -0.20000000, 0.05974455
-0.25000000, 0.40000000, -0.15000000, 0.04515967
-0.30000000, 0.40000000, -0.10000000, 0.02867547
-0.35000000, 0.40000000, -0.05000000, 0.01212133
-0.40000000, 0.40000000, 0.00000000, -0.00576613
-0.40000000, 0.35000000, 0.05000000, -0.02191200
-0.40000000, 0.30000000, 0.10000000, -0.03320855
-0.40000000, 0.25000000, 0.15000000, -0.04147257
-0.40000000, 0.20000000, 0.20000000, -0.04685842
-0.40000000, 0.15000000, 0.25000000, -0.04934723
-0.40000000, 0.10000000, 0.30000000, -0.04894913
-0.40000000, 0.05000000, 0.35000000, -0.04560671
-0.40000000, 0.00000000, 0.40000000, -0.03941781
-0.35000000, -0.05000000, 0.40000000, -0.05303897
-0.30000000, -0.10000000, 0.40000000, -0.06642880
-0.25000000, -0.15000000, 0.40000000, -0.07850473
-0.20000000, -0.20000000, 0.40000000, -0.08849628
-0.15000000, -0.25000000, 0.40000000, -0.09539765
-0.10000000, -0.30000000, 0.40000000, -0.09792133
-0.05000000, -0.35000000, 0.40000000, -0.09371495
0.00000000, -0.40000000, 0.40000000, -0.07558657
0.05000000, -0.40000000, 0.35000000, -0.07546251
0.10000000, -0.40000000, 0.30000000, -0.07560085
0.15000000, -0.40000000, 0.25000000, -0.07037814
0.20000000, -0.40000000, 0.20000000, -0.05974455
0.25000000, -0.40000000, 0.15000000, -0.04515967
0.30000000, -0.40000000, 0.10000000, -0.02867547
0.35000000, -0.40000000, 0.05000000, -0.01212133
0.40000000, -0.40000000, 0.00000000, 0.00576613
0.40000000, -0.35000000, -0.05000000, 0.02191200
0.40000000, -0.30000000, -0.10000000, 0.03320855
0.40000000, -0.25000000, -0.15000000, 0.04147257
0.40000000, -0.20000000, -0.20000000, 0.04685842
0.40000000, -0.15000000, -0.25000000, 0.04934723
0.40000000, -0.10000000, -0.30000000, 0.04894913
0.40000000, -0.05000000, -0.35000000, 0.04560671
0.45000000, 0.00000000, -0.45000000, 0.02149496
0.39375000, 0.05625000, -0.45000000, 0.03237656
0.33750000, 0.11250000, -0.45000000, 0.04369811
0.28125000, 0.16875000, -0.45000000, 0.05413815
0.22500000, 0.22500000, -0.45000000, 0.06276179
0.16875000, 0.28125000, -0.45000000, 0.06854920
0.11250000, 0.33750000, -0.45000000, 0.07033412
0.05625000, 0.39375000, -0.45000000, 0.06624581
0.00000000, 0.45000000, -0.45000000, 0.05087713
-0.05625000, 0.45000000, -0.39375000, 0.05620298
-0.11250000, 0.45000000, -0.33750000, 0.06062731
-0.16875000, 0.45000000, -0.28125000, 0.05858222
-0.22500000, 0.45000000, -0.22500000, 0.04980740
-0.28125000, 0.45000000, -0.16875000, 0.03628872
-0.33750000, 0.45000000, -0.11250000, 0.02115903
-0.39375000, 0.45000000, -0.05625000, 0.00728762
-0.45000000, 0.45000000, 0.00000000, -0.00534436
-0.45000000, 0.39375000, 0.05625000, -0.01728025
-0.45000000, 0.33750000, 0.11250000, -0.02580373
-0.45000000, 0.28125000, 0.16875000, -0.03170720
-0.45000000, 0.22500000, 0.22500000, -0.03486791
-0.45000000, 0.16875000, 0.28125000, -0.03521942
-0.45000000, 0.11250000, 0.33750000, -0.03287172
-0.45000000, 0.05625000, 0.39375000, -0.02809597
-0.45000000, 0.00000000, 0.45000000, -0.02149496
-0.39375000, -0.05625000, 0.45000000, -0.03237656
-0.33750000, -0.11250000, 0.45000000, -0.04369811
-0.28125000, -0.16875000, 0.45000000, -0.05413815
-0.22500000, -0.22500000, 0.45000000, -0.06276179
-0.16875000, -0.28125000, 0.45000000, -0.06854920
-0.11250000, -0.33750000, 0.45000000, -0.07033412
-0.05625000, -0.39375000, 0.45000000, -0.06624581
0.00000000, -0.45000000, 0.45000000, -0.05087713
0.05625000, -0.45000000, 0.39375000, -0.05620298
0.11250000, -0.45000000, 0.33750000, -0.06062731
0.16875000, -0.45000000, 0.28125000, -0.05858222
0.22500000, -0.45000000, 0.22500000, -0.04980740
0.28125000, -0.45000000, 0.16875000, -0.03628872
0.33750000, -0.45000000, 0.11250000, -0.02115903
0.39375000, -0.45000000, 0.05625000, -0.00728762
0.45000000, -0.45000000, 0.00000000, 0.00534436
0.45000000, -0.39375000, -0.05625000, 0.01728025
0.45000000, -0.33750000, -0.11250000, 0.02580373
0.45000000, -0.28125000, -0.16875000, 0.03170720
0.45000000, -0.22500000, -0.22500000, 0.03486791
0.45000000, -0.16875000, -0.28125000, 0.03521942
0.45000000, -0.11250000, -0.33750000, 0.03287172
0.45000000, -0.05625000, -0.39375000, 0.02809597
0.50000000, 0.00000000, -0.50000000, 0.00967326
0.43750000, 0.06250000, -0.50000000, 0.01687134
0.37500000, 0.12500000, -0.50000000, 0.02497533
0.31250000, 0.18750000, -0.50000000, 0.03274033
0.25000000, 0.25000000, -0.50000000, 0.03922549
0.18750000, 0.31250000, -0.50000000, 0.04349699
0.12500000, 0.37500000, -0.50000000, 0.04458989
0.06250000, 0.43750000, -0.50000000, 0.04119413
0.00000000, 0.50000000, -0.50000000, 0.02978434
-0.06250000, 0.50000000, -0.43750000, 0.03738603
-0.12500000, 0.50000000, -0.37500000, 0.04432802
-0.18750000, 0.50000000, -0.31250000, 0.04505087
-0.25000000, 0.50000000, -0.25000000, 0.03864119
-0.31250000, 0.50000000, -0.18750000, 0.02720812
-0.37500000, 0.50000000, -0.12500000, 0.01451457
-0.43750000, 0.50000000, -0.06250000, 0.00398973
-0.50000000, 0.50000000, 0.00000000, -0.00389056
-0.50000000, 0.43750000, 0.06250000, -0.01188618
-0.50000000, 0.37500000, 0.12500000, -0.01769218
-0.50000000, 0.31250000, 0.18750000, -0.02147036
-0.50000000, 0.25000000, 0.25000000, -0.02295748
-0.50000000, 0.18750000, 0.31250000, -0.02212096
-0.50000000, 0.12500000, 0.37500000, -0.01922420
-0.50000000, 0.06250000, 0.43750000, -0.01478537
-0.50000000, 0.00000000, 0.50000000, -0.00967326
-0.43750000, -0.06250000, 0.50000000, -0.01687134
-0.37500000, -0.12500000, 0.50000000, -0.02497533
-0.31250000, -0.18750000, 0.50000000, -0.03274033
-0.25000000, -0.25000000, 0.50000000, -0.03922549
-0.18750000, -0.31250000, 0.50000000, -0.04349699
-0.12500000, -0.37500000, 0.50000000, -0.04458989
-0.06250000, -0.43750000, 0.50000000, -0.04119413
0.00000000, -0.50000000, 0.50000000, -0.02978434
0.06250000, -0.50000000, 0.43750000, -0.03738603
0.12500000, -0.50000000, 0.37500000, -0.04432802
0.18750000, -0.50000000, 0.31250000, -0.04505087
0.25000000, -0.50000000, 0.25000000, -0.03864119
0.31250000, -0.50000000, 0.18750000, -0.02720812
0.37500000, -0.50000000, 0.12500000, -0.01451457
0.43750000, -0.50000000, 0.06250000, -0.00398973
0.50000000, -0.50000000, 0.00000000, 0.00389056
0.50000000, -0.43750000, -0.06250000, 0.01188618
0.50000000, -0.37500000, -0.12500000, 0.01769218
0.50000000, -0.31250000, -0.18750000, 0.02147036
0.50000000, -0.25000000, -0.25000000, 0.02295748
0.50000000, -0.18750000, -0.31250000, 0.02212096
0.50000000, -0.12500000, -0.37500000, 0.01922420
0.50000000, -0.06250000, -0.43750000, 0.01478537
0.55000000, 0.00000000, -0.55000000, 0.00349073
0.48125000, 0.06875000, -0.55000000, 0.00739046
0.41250000, 0.13750000, -0.55000000, 0.01224837
0.34375000, 0.20625000, -0.55000000, 0.01715728
0.27500000, 0.27500000, -0.55000000, 0.02135155
0.20625000, 0.34375000, -0.55000000, 0.02408474
0.13750000, 0.41250000, -0.55000000, 0.02464640
0.06875000, 0.48125000, -0.55000000, 0.02223636
0.00000000, 0.55000000, -0.55000000, 0.01490984
-0.06875000, 0.55000000, -0.48125000, 0.02200413
-0.13750000, 0.55000000, -0.41250000, 0.02940155
-0.20625000, 0.55000000, -0.34375000, 0.03188823
-0.27500000, 0.55000000, -0.27500000, 0.02778534
-0.34375000, 0.55000000, -0.20625000, 0.01892195
-0.41250000, 0.55000000, -0.13750000, 0.00917762
-0.48125000, 0.55000000, -0.06875000, 0.00196822
-0.55000000, 0.55000000, 0.00000000, -0.00231106
-0.55000000, 0.48125000, 0.06875000, -0.00708710
-0.55000000, 0.41250000, 0.13750000, -0.01061631
-0.55000000, 0.34375000, 0.20625000, -0.01276152
-0.55000000, 0.27500000, 0.27500000, -0.01324820
-0.55000000, 0.20625000, 0.34375000, -0.01210395
-0.55000000, 0.13750000, 0.41250000, -0.00967938
-0.55000000, 0.06875000, 0.48125000, -0.00654485
-0.55000000, 0.00000000, 0.55000000, -0.00349073
-0.48125000, -0.06875000, 0.55000000, -0.00739046
-0.41250000, -0.13750000, 0.55000000, -0.01224837
-0.34375000, -0.20625000, 0.55000000, -0.01715728
-0.27500000, -0.27500000, 0.55000000, -0.02135155
-0.20625000, -0.34375000, 0.55000000, -0.02408474
-0.13750000, -0.41250000, 0.55000000, -0.02464640
-0.06875000, -0.48125000, 0.55000000, -0.02223636
0.00000000, -0.55000000, 0.55000000, -0.01490984
0.06875000, -0.55000000, 0.48125000, -0.02200413
0.13750000, -0.55000000, 0.41250000, -0.02940155
0.20625000, -0.55000000, 0.34375000, -0.03188823
0.27500000, -0.55000000, 0.27500000, -0.02778534
0.34375000, -0.55000000, 0.20625000, -0.01892195
0.41250000, -0.55000000, 0.13750000, -0.00917762
0.48125000, -0.55000000, 0.06875000, -0.00196822
0.55000000, -0.55000000, 0.00000000, 0.00231106
0.55000000, -0.48125000, -0.06875000, 0.00708710
0.55000000, -0.41250000, -0.13750000, 0.01061631
0.55000000, -0.34375000, -0.20625000, 0.01276152
0.55000000, -0.27500000, -0.27500000, 0.01324820
0.55000000, -0.20625000, -0.34375000, 0.01210395
0.55000000, -0.13750000, -0.41250000, 0.00967938
0.55000000, -0.06875000, -0.48125000, 0.00654485
0.60000000, 0.00000000, -0.60000000, 0.00099173
0.52500000, 0.07500000, -0.60000000, 0.00267322
0.45000000, 0.15000000, -0.60000000, 0.00505361
0.37500000, 0.22500000, -0.60000000, 0.00763488
0.30000000, 0.30000000, -0.60000000, 0.00992199
0.22500000, 0.37500000, -0.60000000, 0.01140865
0.15000000, 0.45000000, -0.60000000, 0.01164050
0.07500000, 0.52500000, -0.60000000, 0.01019622
0.00000000, 0.60000000, -0.60000000, 0.00620482
-0.07500000, 0.60000000, -0.52500000, 0.01127598
-0.15000000, 0.60000000, -0.45000000, 0.01753259
-0.22500000, 0.60000000, -0.37500000, 0.02063403
-0.30000000, 0.60000000, -0.30000000, 0.01839442
-0.37500000, 0.60000000, -0.22500000, 0.01209358
-0.45000000, 0.60000000, -0.15000000, 0.00527382
-0.52500000, 0.60000000, -0.07500000, 0.00084541
-0.60000000, 0.60000000, 0.00000000, -0.00112431
-0.60000000, 0.52500000, 0.07500000, -0.00360194
-0.60000000, 0.45000000, 0.15000000, -0.00548523
-0.60000000, 0.37500000, 0.22500000, -0.00654789
-0.60000000, 0.30000000, 0.30000000, -0.00658745
-0.60000000, 0.22500000, 0.37500000, -0.00567182
-0.60000000, 0.15000000, 0.45000000, -0.00412214
-0.60000000, 0.07500000, 0.52500000, -0.00239522
-0.60000000, 0.00000000, 0.60000000, -0.00099173
-0.52500000, -0.07500000, 0.60000000, -0.00267322
-0.45000000, -0.15000000, 0.60000000, -0.00505361
-0.37500000, -0.22500000, 0.60000000, -0.00763488
-0.30000000, -0.30000000, 0.60000000, -0.00992199
-0.22500000, -0.37500000, 0.60000000, -0.01140865
-0.15000000, -0.45000000, 0.60000000, -0.01164050
-0.07500000, -0.52500000, 0.60000000, -0.01019622
0.00000000, -0.60000000, 0.60000000, -0.00620482
0.07500000, -0.60000000, 0.52500000, -0.01127598
0.15000000, -0.60000000, 0.45000000, -0.01753259
0.22500000, -0.60000000, 0.37500000, -0.02063403
0.30000000, -0.60000000, 0.30000000, -0.01839442
0.37500000, -0.60000000, 0.22500000, -0.01209358
0.45000000, -0.60000000, 0.15000000, -0.00527382
0.52500000, -0.60000000, 0.07500000, -0.00084541
0.60000000, -0.60000000, 0.00000000, 0.00112431
0.60000000, -0.52500000, -0.07500000, 0.00360194
0.60000000, -0.45000000, -0.15000000, 0.00548523
0.60000000, -0.37500000, -0.22500000, 0.00654789
0.60000000, -0.30000000, -0.30000000, 0.00658745
0.60000000, -0.22500000, -0.37500000, 0.00567182
0.60000000, -0.15000000, -0.45000000, 0.00412214
0.60000000, -0.07500000, -0.52500000, 0.00239522
0.65000000, 0.00000000, -0.65000000, 0.00023807
0.56875000, 0.08125000, -0.65000000, 0.00078899
0.48750000, 0.16250000, -0.65000000, 0.00170653
0.40625000, 0.24375000, -0.65000000, 0.00279916
0.32500000, 0.32500000, -0.65000000, 0.00381960
0.24375000, 0.40625000, -0.65000000, 0.00448771
0.16250000, 0.48750000, -0.65000000, 0.00455890
0.08125000, 0.56875000, -0.65000000, 0.00384721
0.00000000, 0.65000000, -0.65000000, 0.00205932
-0.08125000, 0.65000000, -0.56875000, 0.00490986
-0.16250000, 0.65000000, -0.48750000, 0.00926623
-0.24375000, 0.65000000, -0.40625000, 0.01206662
-0.32500000, 0.65000000, -0.32500000, 0.01108766
-0.40625000, 0.65000000, -0.24375000, 0.00701403
-0.48750000, 0.65000000, -0.16250000, 0.00270558
-0.56875000, 0.65000000, -0.08125000, 0.00029844
-0.65000000, 0.65000000, 0.00000000, -0.00044007
-0.65000000, 0.56875000, 0.08125000, -0.00151759
-0.65000000, 0.48750000, 0.16250000, -0.00237788
-0.65000000, 0.40625000, 0.24375000, -0.00282618
-0.65000000, 0.32500000, 0.32500000, -0.00274976
-0.65000000, 0.24375000, 0.40625000, -0.00221881
-0.65000000, 0.16250000, 0.48750000, -0.00144935
-0.65000000, 0.08125000, 0.56875000, -0.00071764
-0.65000000, 0.00000000, 0.65000000, -0.00023807
-0.56875000, -0.08125000, 0.65000000, -0.00078899
-0.48750000, -0.16250000, 0.65000000, -0.00170653
-0.40625000, -0.24375000, 0.65000000, -0.00279916
-0.32500000, -0.32500000, 0.65000000, -0.00381960
-0.24375000, -0.40625000, 0.65000000, -0.00448771
-0.16250000, -0.48750000, 0.65000000, -0.00455890
-0.08125000, -0.56875000, 0.65000000, -0.00384721
0.00000000, -0.65000000, 0.65000000, -0.00205932
0.08125000, -0.65000000, 0.56875000, -0.00490986
0.16250000, -0.65000000, 0.48750000, -0.00926623
0.24375000, -0.65000000, 0.40625000, -0.01206662
0.32500000, -0.65000000, 0.32500000, -0.01108766
0.40625000, -0.65000000, 0.24375000, -0.00701403
0.48750000, -0.65000000, 0.16250000, -0.00270558
0.56875000, -0.65000000, 0.08125000, -0.00029844
0.65000000, -0.65000000, 0.00000000, 0.00044007
0.65000000, -0.56875000, -0.08125000, 0.00151759
0.65000000, -0.48750000, -0.16250000, 0.00237788
0.65000000, -0.40625000, -0.24375000, 0.00282618
0.65000000, -0.32500000, -0.32500000, 0.00274976
0.65000000, -0.24375000, -0.40625000, 0.00221881
0.65000000, -0.16250000, -0.48750000, 0.00144935
0.65000000, -0.08125000, -0.56875000, 0.00071764
0.70000000, 0.00000000, -0.70000000, 0.00004698
0.61250000, 0.08750000, -0.70000000, 0.00018250
0.52500000, 0.17500000, -0.70000000, 0.00045354
0.43750000, 0.26250000, -0.70000000, 0.00081410
0.35000000, 0.35000000, -0.70000000, 0.00117229
0.26250000, 0.43750000, -0.70000000, 0.00141026
0.17500000, 0.52500000, -0.70000000, 0.00142328
0.08750000, 0.61250000, -0.70000000, 0.00114818
0.00000000, 0.70000000, -0.70000000, 0.00052169
-0.08750000, 0.70000000, -0.61250000, 0.00175609
-0.17500000, 0.70000000, -0.52500000, 0.00424609
-0.26250000, 0.70000000, -0.43750000, 0.00625995
-0.35000000, 0.70000000, -0.35000000, 0.00597609
-0.43750000, 0.70000000, -0.26250000, 0.00362945
-0.52500000, 0.70000000, -0.17500000, 0.00121820
-0.61250000, 0.70000000, -0.08750000, 0.00008811
-0.70000000, 0.70000000, 0.00000000, -0.00013052
-0.70000000, 0.61250000, 0.08750000, -0.00051141
-0.70000000, 0.52500000, 0.17500000, -0.00083410
-0.70000000, 0.43750000, 0.26250000, -0.00099108
-0.70000000, 0.35000000, 0.35000000, -0.00093144
-0.70000000, 0.26250000, 0.43750000, -0.00070019
-0.70000000, 0.17500000, 0.52500000, -0.00040649
-0.70000000, 0.08750000, 0.61250000, -0.00016969
-0.70000000, 0.00000000, 0.70000000, -0.00004698
-0.61250000, -0.08750000, 0.70000000, -0.00018250
-0.52500000, -0.17500000, 0.70000000, -0.00045354
-0.43750000, -0.26250000, 0.70000000, -0.00081410
-0.35000000, -0.35000000, 0.70000000, -0.00117229
-0.26250000, -0.43750000, 0.70000000, -0.00141026
-0.17500000, -0.52500000, 0.70000000, -0.00142328
-0.08750000, -0.61250000, 0.70000000, -0.00114818
0.00000000, -0.70000000, 0.70000000, -0.00052169
0.08750000, -0.70000000, 0.61250000, -0.00175609
0.17500000, -0.70000000, 0.52500000, -0.00424609
0.26250000, -0.70000000, 0.43750000, -0.00625995
0.35000000, -0.70000000, 0.35000000, -0.00597609
0.43750000, -0.70000000, 0.26250000, -0.00362945
0.52500000, -0.70000000, 0.17500000, -0.00121820
0.61250000, -0.70000000, 0.08750000, -0.00008811
0.70000000, -0.70000000, 0.00000000, 0.00013052
0.70000000, -0.61250000, -0.08750000, 0.00051141
0.70000000, -0.52500000, -0.17500000, 0.00083410
0.70000000, -0.43750000, -0.26250000, 0.00099108
0.70000000, -0.35000000, -0.35000000, 0.00093144
0.70000000, -0.26250000, -0.43750000, 0.00070019
0.70000000, -0.17500000, -0.52500000, 0.00040649
0.70000000, -0.08750000, -0.61250000, 0.00016969
0.75000000, 0.00000000, -0.75000000, -0.00001709
0.65625000, 0.09375000, -0.75000000, 0.00001641
0.56250000, 0.18750000, -0.75000000, 0.00008621
0.46875000, 0.28125000, -0.75000000, 0.00018184
0.37500000, 0.37500000, -0.75000000, 0.00027767
0.28125000, 0.46875000, -0.75000000, 0.00034090
0.18750000, 0.56250000, -0.75000000, 0.00033987
0.09375000, 0.65625000, -0.75000000, 0.00026234
0.00000000, 0.75000000, -0.75000000, 0.00010223
-0.09375000, 0.75000000, -0.65625000, 0.00049310
-0.18750000, 0.75000000, -0.56250000, 0.00163072
-0.28125000, 0.75000000, -0.46875000, 0.00279762
-0.37500000, 0.75000000, -0.37500000, 0.00279881
-0.46875000, 0.75000000, -0.28125000, 0.00163335
-0.56250000, 0.75000000, -0.18750000, 0.00047392
-0.65625000, 0.75000000, -0.09375000, 0.00003371
-0.75000000, 0.75000000, 0.00000000, -0.00002280
-0.75000000, 0.65625000, 0.09375000, -0.00013427
-0.75000000, 0.56250000, 0.18750000, -0.00022670
-0.75000000, 0.46875000, 0.28125000, -0.00027195
-0.75000000, 0.37500000, 0.37500000, -0.00024761
-0.75000000, 0.28125000, 0.46875000, -0.00017051
-0.75000000, 0.18750000, 0.56250000, -0.00008335
-0.75000000, 0.09375000, 0.65625000, -0.00001589
-0.75000000, 0.00000000, 0.75000000, 0.00001709
-0.65625000, -0.09375000, 0.75000000, -0.00001641
-0.56250000, -0.18750000, 0.75000000, -0.00008621
-0.46875000, -0.28125000, 0.75000000, -0.00018184
-0.37500000, -0.37500000, 0.75000000, -0.00027767
-0.28125000, -0.46875000, 0.75000000, -0.00034090
-0.18750000, -0.56250000, 0.75000000, -0.00033987
-0.09375000, -0.65625000, 0.75000000, -0.00026234
0.00000000, -0.75000000, 0.75000000, -0.00010223
0.09375000, -0.75000000, 0.65625000, -0.00049310
0.18750000, -0.75000000, 0.56250000, -0.00163072
0.28125000, -0.75000000, 0.46875000, -0.00279762
0.37500000, -0.75000000, 0.37500000, -0.00279881
0.46875000, -0.75000000, 0.28125000, -0.00163335
0.56250000, -0.75000000, 0.18750000, -0.00047392
0.65625000, -0.75000000, 0.09375000, -0.00003371
0.75000000, -0.75000000, 0.00000000, 0.00002280
0.75000000, -0.65625000, -0.09375000, 0.00013427
0.75000000, -0.56250000, -0.18750000, 0.00022670
0.75000000, -0.46875000, -0.28125000, 0.00027195
0.75000000, -0.37500000, -0.37500000, 0.00024761
0.75000000, -0.28125000, -0.46875000, 0.00017051
0.75000000, -0.18750000, -0.56250000, 0.00008335
0.75000000, -0.09375000, -0.65625000, 0.00001589
0.80000000, 0.00000000, -0.80000000, -0.00001846
0.70000000, 0.10000000, -0.80000000, -0.00000981
0.60000000, 0.20000000, -0.80000000, 0.00000766
0.50000000, 0.30000000, -0.80000000, 0.00002843
0.40000000, 0.40000000, -0.80000000, 0.00004685
0.30000000, 0.50000000, -0.80000000, 0.00005766
0.20000000, 0.60000000, -0.80000000, 0.00005567
0.10000000, 0.70000000, -0.80000000, 0.00004092
0.00000000, 0.80000000, -0.80000000, 0.00001265
-0.10000000, 0.80000000, -0.70000000, 0.00009764
-0.20000000, 0.80000000, -0.60000000, 0.00049734
-0.30000000, 0.80000000, -0.50000000, 0.00102880
-0.40000000, 0.80000000, -0.40000000, 0.00108934
-0.50000000, 0.80000000, -0.30000000, 0.00060864
-0.60000000, 0.80000000, -0.20000000, 0.00015073
-0.70000000, 0.80000000, -0.10000000, 0.00001536
-0.80000000, 0.80000000, 0.00000000, 0.00000039
-0.80000000, 0.70000000, 0.10000000, -0.00002604
-0.80000000, 0.60000000, 0.20000000, -0.00004396
-0.80000000, 0.50000000, 0.30000000, -0.00005430
-0.80000000, 0.40000000, 0.40000000, -0.00004822
-0.80000000, 0.30000000, 0.50000000, -0.00002872
-0.80000000, 0.20000000, 0.60000000, -0.00000873
-0.80000000, 0.10000000, 0.70000000, 0.00000963
-0.80000000, 0.00000000, 0.80000000, 0.00001846
-0.70000000, -0.10000000, 0.80000000, 0.00000981
-0.60000000, -0.20000000, 0.80000000, -0.00000766
-0.50000000, -0.30000000, 0.80000000, -0.00002843
-0.40000000, -0.40000000, 0.80000000, -0.00004685
-0.30000000, -0.50000000, 0.80000000, -0.00005766
-0.20000000, -0.60000000, 0.80000000, -0.00005567
-0.10000000, -0.70000000, 0.80000000, -0.00004092
0.00000000, -0.80000000, 0.80000000, -0.00001265
0.10000000, -0.80000000, 0.70000000, -0.00009764
0.20000000, -0.80000000, 0.60000000, -0.00049734
0.30000000, -0.80000000, 0.50000000, -0.00102880
0.40000000, -0.80000000, 0.40000000, -0.00108934
0.50000000, -0.80000000, 0.30000000, -0.00060864
0.60000000, -0.80000000, 0.20000000, -0.00015073
0.70000000, -0.80000000, 0.10000000, -0.00001536
0.80000000, -0.80000000, 0.00000000, -0.00000039
0.80000000, -0.70000000, -0.10000000, 0.00002604
0.80000000, -0.60000000, -0.20000000, 0.00004396
0.80000000, -0.50000000, -0.30000000, 0.00005430
0.80000000, -0.40000000, -0.40000000, 0.00004822
0.80000000, -0.30000000, -0.50000000, 0.00002872
0.80000000, -0.20000000, -0.60000000, 0.00000873
0.80000000, -0.10000000, -0.70000000, -0.00000963
0.85000000, 0.00000000, -0.85000000, 0.00001366
0.74375000, 0.10625000, -0.85000000, 0.00000901
0.63750000, 0.21250000, -0.85000000, 0.00000287
0.53125000, 0.31875000, -0.85000000, -0.00000147
0.42500000, 0.42500000, -0.85000000, -0.00000266
0.31875000, 0.53125000, -0.85000000, -0.00000292
0.21250000, 0.63750000, -0.85000000, -0.00000310
0.10625000, 0.74375000, -0.85000000, -0.00000487
0.00000000, 0.85000000, -0.85000000, -0.00000762
-0.10625000, 0.85000000, -0.74375000, 0.00000353
-0.21250000, 0.85000000, -0.63750000, 0.00010969
-0.31875000, 0.85000000, -0.53125000, 0.00028872
-0.42500000, 0.85000000, -0.42500000, 0.00032732
-0.53125000, 0.85000000, -0.31875000, 0.00016726
-0.63750000, 0.85000000, -0.21250000, 0.00002811
-0.74375000, 0.85000000, -0.10625000, -0.00000481
-0.85000000, 0.85000000, 0.00000000, -0.00000231
-0.85000000, 0.74375000, 0.10625000, 0.00000084
-0.85000000, 0.63750000, 0.21250000, -0.00000157
-0.85000000, 0.53125000, 0.31875000, -0.00000188
-0.85000000, 0.42500000, 0.42500000, -0.00000108
-0.85000000, 0.31875000, 0.53125000, -0.00000112
-0.85000000, 0.21250000, 0.63750000, -0.00000251
-0.85000000, 0.10625000, 0.74375000, -0.00000825
-0.85000000, 0.00000000, 0.85000000, -0.00001366
-0.74375000, -0.10625000, 0.85000000, -0.00000901
-0.63750000, -0.21250000, 0.85000000, -0.00000287
-0.53125000, -0.31875000, 0.85000000, 0.00000147
-0.42500000, -0.42500000, 0.85000000, 0.00000266
-0.31875000, -0.53125000, 0.85000000, 0.00000292
-0.21250000, -0.63750000, 0.85000000, 0.00000310
-0.10625000, -0.74375000, 0.85000000, 0.00000487
0.00000000, -0.85000000, 0.85000000, 0.00000762
0.10625000, -0.85000000, 0.74375000, -0.00000353
0.21250000, -0.85000000, 0.63750000, -0.00010969
0.31875000, -0.85000000, 0.53125000, -0.00028872
0.42500000, -0.85000000, 0.42500000, -0.00032732
0.53125000, -0.85000000, 0.31875000, -0.00016726
0.63750000, -0.85000000, 0.21250000, -0.00002811
0.74375000, -0.85000000, 0.10625000, 0.00000481
0.85000000, -0.85000000, 0.00000000, 0.00000231
0.85000000, -0.74375000, -0.10625000, -0.00000084
0.85000000, -0.63750000, -0.21250000, 0.00000157
0.85000000, -0.53125000, -0.31875000, 0.00000188
0.85000000, -0.42500000, -0.42500000, 0.00000108
0.85000000, -0.31875000, -0.53125000, 0.00000112
0.85000000, -0.21250000, -0.63750000, 0.00000251
0.85000000, -0.10625000, -0.74375000, 0.00000825
0.90000000, 0.00000000, -0.90000000, 0.00001059
0.78750000, 0.11250000, -0.90000000, 0.00000815
0.67500000, 0.22500000, -0.90000000, 0.00000300
0.56250000, 0.33750000, -0.90000000, -0.00000130
0.45000000, 0.45000000, -0.90000000, -0.00000318
0.33750000, 0.56250000, -0.90000000, -0.00000346
0.22500000, 0.67500000, -0.90000000, -0.00000278
0.11250000, 0.78750000, -0.90000000, -0.00000248
0.00000000, 0.90000000, -0.90000000, -0.00000132
-0.11250000, 0.90000000, -0.78750000, -0.00000301
-0.22500000, 0.90000000, -0.67500000, 0.00001424
-0.33750000, 0.90000000, -0.56250000, 0.00005111
-0.45000000, 0.90000000, -0.45000000, 0.00006285
-0.56250000, 0.90000000, -0.33750000, 0.00002679
-0.67500000, 0.90000000, -0.22500000, -0.00000033
-0.78750000, 0.90000000, -0.11250000, -0.00000612
-0.90000000, 0.90000000, 0.00000000, -0.00000228
-0.90000000, 0.78750000, 0.11250000, 0.00000223
-0.90000000, 0.67500000, 0.22500000, 0.00000172
-0.90000000, 0.56250000, 0.33750000, 0.00000250
-0.90000000, 0.45000000, 0.45000000, 0.00000237
-0.90000000, 0.33750000, 0.56250000, 0.00000000
-0.90000000, 0.22500000, 0.67500000, -0.00000276
-0.90000000, 0.11250000, 0.78750000, -0.00000809
-0.90000000, 0.00000000, 0.90000000, -0.00001059
-0.78750000, -0.11250000, 0.90000000, -0.00000815
-0.67500000, -0.22500000, 0.90000000, -0.00000300
-0.56250000, -0.33750000, 0.90000000, 0.00000130
-0.45000000, -0.45000000, 0.90000000, 0.00000318
-0.33750000, -0.56250000, 0.90000000, 0.00000346
-0.22500000, -0.67500000, 0.90000000, 0.00000278
-0.11250000, -0.78750000, 0.90000000, 0.00000248
0.00000000, -0.90000000, 0.90000000, 0.00000132
0.11250000, -0.90000000, 0.78750000, 0.00000301
0.22500000, -0.90000000, 0.67500000, -0.00001424
0.33750000, -0.90000000, 0.56250000, -0.00005111
0.45000000, -0.90000000, 0.45000000, -0.00006285
0.56250000, -0.90000000, 0.33750000, -0.00002679
0.67500000, -0.90000000, 0.22500000, 0.00000033
0.78750000, -0.90000000, 0.11250000, 0.00000612
0.90000000, -0.90000000, 0.00000000, 0.00000228
0.90000000, -0.78750000, -0.11250000, -0.00000223
0.90000000, -0.67500000, -0.22500000, -0.00000172
0.90000000, -0.56250000, -0.33750000, -0.00000250
0.90000000, -0.45000000, -0.45000000, -0.00000237
0.90000000, -0.33750000, -0.56250000, -0.00000000
0.90000000, -0.22500000, -0.67500000, 0.00000276
0.90000000, -0.11250000, -0.78750000, 0.00000809
0.95000000, 0.00000000, -0.95000000, -0.00001251
0.83125000, 0.11875000, -0.95000000, -0.00000954
0.71250000, 0.23750000, -0.95000000, -0.00000357
0.59375000, 0.35625000, -0.95000000, 0.00000166
0.47500000, 0.47500000, -0.95000000, 0.00000424
0.35625000, 0.59375000, -0.95000000, 0.00000518
0.23750000, 0.71250000, -0.95000000, 0.00000487
0.11875000, 0.83125000, -0.95000000, 0.00000466
0.00000000, 0.95000000, -0.95000000, 0.00000410
-0.11875000, 0.95000000, -0.83125000, 0.00000502
-0.23750000, 0.95000000, -0.71250000, 0.00000048
-0.35625000, 0.95000000, -0.59375000, 0.00000072
-0.47500000, 0.95000000, -0.47500000, 0.00000143
-0.59375000, 0.95000000, -0.35625000, 0.00000428
-0.71250000, 0.95000000, -0.23750000, 0.00000453
-0.83125000, 0.95000000, -0.11875000, 0.00000617
-0.95000000, 0.95000000, 0.00000000, 0.00000258
-0.95000000, 0.83125000, 0.11875000, -0.00000278
-0.95000000, 0.71250000, 0.23750000, -0.00000257
-0.95000000, 0.59375000, 0.35625000, -0.00000341
-0.95000000, 0.47500000, 0.47500000, -0.00000318
-0.95000000, 0.35625000, 0.59375000, -0.00000059
-0.95000000, 0.23750000, 0.71250000, 0.00000281
-0.95000000, 0.11875000, 0.83125000, 0.00000902
-0.95000000, 0.00000000, 0.95000000, 0.00001251
-0.83125000, -0.11875000, 0.95000000, 0.00000954
-0.71250000, -0.23750000, 0.95000000, 0.00000357
-0.59375000, -0.35625000, 0.95000000, -0.00000166
-0.47500000, -0.47500000, 0.95000000, -0.00000424
-0.35625000, -0.59375000, 0.95000000, -0.00000518
-0.23750000, -0.71250000, 0.95000000, -0.00000487
-0.11875000, -0.83125000, 0.95000000, -0.00000466
0.00000000, -0.95000000, 0.95000000, -0.00000410
0.11875000, -0.95000000, 0.83125000, -0.00000502
0.23750000, -0.95000000, 0.71250000, -0.00000048
0.35625000, -0.95000000, 0.59375000, -0.00000072
0.47500000, -0.95000000, 0.47500000, -0.00000143
0.59375000, -0.95000000, 0.35625000, -0.00000428
0.71250000, -0.95000000, 0.23750000, -0.00000453
0.83125000, -0.95000000, 0.11875000, -0.00000617
0.95000000, -0.95000000, 0.00000000, -0.00000258
0.95000000, -0.83125000, -0.11875000, 0.00000278
0.95000000, -0.71250000, -0.23750000, 0.00000257
0.95000000, -0.59375000, -0.35625000, 0.00000341
0.95000000, -0.47500000, -0.47500000, 0.00000318
0.95000000, -0.35625000, -0.59375000, 0.00000059
0.95000000, -0.23750000, -0.71250000, -0.00000281
0.95000000, -0.11875000, -0.83125000, -0.00000902
1.00000000, 0.00000000, -1.00000000, 0.00000000
0.87500000, 0.12500000, -1.00000000, 0.00000000
0.75000000, 0.25000000, -1.00000000, 0.00000000
0.62500000, 0.37500000, -1.00000000, 0.00000000
0.50000000, 0.50000000, -1.00000000, 0.00000000
0.37500000, 0.62500000, -1.00000000, 0.00000000
0.25000000, 0.75000000, -1.00000000, 0.00000000
0.12500000, 0.87500000, -1.00000000, 0.00000000
0.00000000, 1.00000000, -1.00000000, 0.00000000
-0.12500000, 1.00000000, -0.87500000, 0.00000000
-0.25000000, 1.00000000, -0.75000000, 0.00000000
-0.37500000, 1.00000000, -0.62500000, 0.00000000
-0.50000000, 1.00000000, -0.50000000, 0.00000000
-0.62500000, 1.00000000, -0.37500000, 0.00000000
-0.75000000, 1.00000000, -0.25000000, 0.00000000
-0.87500000, 1.00000000, -0.12500000, 0.00000000
-1.00000000, 1.00000000, 0.00000000, 0.00000000
-1.00000000, 0.87500000, 0.12500000, 0.00000000
-1.00000000, 0.75000000, 0.25000000, 0.00000000
-1.00000000, 0.62500000, 0.37500000, 0.00000000
-1.00000000, 0.50000000, 0.50000000, 0.00000000
-1.00000000, 0.37500000, 0.62500000, 0.00000000
-1.00000000, 0.25000000, 0.75000000, 0.00000000
-1.00000000, 0.12500000, 0.87500000, 0.00000000
-1.00000000, 0.00000000, 1.00000000, 0.00000000
-0.87500000, -0.12500000, 1.00000000, 0.00000000
-0.75000000, -0.25000000, 1.00000000, 0.00000000
-0.62500000, -0.37500000, 1.00000000, 0.00000000
-0.50000000, -0.50000000, 1.00000000, 0.00000000
-0.37500000, -0.62500000, 1.00000000, 0.00000000
-0.25000000, -0.75000000, 1.00000000, 0.00000000
-0.12500000, -0.87500000, 1.00000000, 0.00000000
0.00000000, -1.00000000, 1.00000000, 0.00000000
0.12500000, -1.00000000, 0.87500000, 0.00000000
0.25000000, -1.00000000, 0.75000000, 0.00000000
0.37500000, -1.00000000, 0.62500000, 0.00000000
0.50000000, -1.00000000, 0.50000000, 0.00000000
0.62500000, -1.00000000, 0.37500000, 0.00000000
0.75000000, -1.00000000, 0.25000000, 0.00000000
0.87500000, -1.00000000, 0.12500000, 0.00000000
1.00000000, -1.00000000, 0.00000000, 0.00000000
1.00000000, -0.87500000, -0.12500000, 0.00000000
1.00000000, -0.75000000, -0.25000000, 0.00000000
1.00000000, -0.62500000, -0.37500000, 0.00000000
1.00000000, -0.50000000, -0.50000000, 0.00000000
1.00000000, -0.37500000, -0.62500000, 0.00000000
1.00000000, -0.25000000, -0.75000000, 0.00000000
1.00000000, -0.12500000, -0.87500000, 0.00000000
